1070840 2113.8
1070850 2114.9
1070860 2114.9
1070870 2117.4
1070880 2119.7
1070890 2119.7
1070900 2121.9
1070910 2124.1
1070920 2126.7
1070930 2126.7
1070940 2129.1
1070950 2132.5
1070960 2132.5
1070970 2135.6
1070980 2136.9
1070990 2136.9
1071000 2138.9
1071010 2142.4
1071020 2142.4
1071030 2145.6
1071040 2148.8
1071050 2148.8
1071060 2151.3
1071070 2148.2
1071080 2148.2
1071090 2149.6
1071100 2153.2
1071110 2153.2
1071120 2158.6
1071130 2162.7
1071140 2164.8
1071150 2164.8
1071160 2165.7
1071170 2166.8
1071180 2166.8
1071190 2169.9
1071200 2173.1
1071210 2173.1
1071220 2176.8
1071230 2180.5
1071240 2180.5
1071250 2183.0
1071260 2185.6
1071270 2185.6
1071280 2187.2
1071290 2192.0
1071300 2192.0
1071310 2198.6
1071320 2207.3
1071330 2207.3
1071340 2215.9
1071350 2217.8
1071360 2214.7
1071370 2214.7
1071380 2214.7
1071390 2215.6
1071400 2215.6
1071410 2212.7
1071420 2212.0
1071430 2212.0
1071440 2213.4
1071450 2211.3
1071460 2211.3
1071470 2210.0
1071480 2207.9
1071490 2207.9
1071500 2203.7
1071510 2202.4
1071520 2202.4
1071530 2199.4
1071540 2197.2
1071550 2197.2
1071560 2198.1
1071570 2201.4
1071580 2207.3
1071590 2207.3
1071600 2214.2
1071610 2218.2
1071620 2218.2
1071630 2222.9
1071640 2231.3
1071650 2231.3
1071660 2240.2
1071670 2254.1
1071680 2254.1
1071690 2254.9
1071700 2255.0
1071710 2255.0
1071720 2253.3
1071730 2256.1
1071740 2256.1
1071750 2265.0
1071760 2267.8
1071770 2267.8
1071780 2266.7
1071790 2265.2
1071800 2262.7
1071810 2262.7
1071820 2261.4
1071830 2260.8
1071840 2260.8
1071850 2258.6
1071860 2257.0
1071870 2257.0
1071880 2255.9
1071890 2254.9
1071900 2254.9
1071910 2255.0
1071920 2257.2
1071930 2257.2
1071940 2260.8
1071950 2264.0
1071960 2264.0
1071970 2267.3
1071980 2268.9
1071990 2268.9
1072000 2265.4
1072010 2266.7
1072020 2266.7
1072030 2267.5
1072040 2268.5
1072050 2268.9
1072060 2268.9
1072070 2270.0
1072080 2270.4
1072090 2270.4
1072100 2270.0
1072110 2270.7
1072120 2270.7
1072130 2273.5
1072140 2274.9
1072150 2274.9
1072160 2275.5
1072170 2277.4
1072180 2277.4
1072190 2280.5
1072200 2282.3
1072210 2282.3
1072220 2284.6
1072230 2287.3
1072240 2287.3
1072250 2289.6
1072260 2292.9
1072270 2296.3
1072280 2296.3
1072290 2299.0
1072300 2294.9
1072310 2294.9
1072320 2297.3
1072330 2300.8
1072340 2300.8
1072350 2304.2
1072360 2307.7
1072370 2307.7
1072380 2311.0
1072390 2314.2
1072400 2314.2
1072410 2317.0
1072420 2319.8
1072430 2319.8
1072440 2324.0
1072450 2328.6
1072460 2328.6
1072470 2331.9
1072480 2336.9
1072490 2342.0
1072500 2342.0
1072510 2347.6
1072520 2352.8
1072530 2352.8
1072540 2358.3
1072550 2365.8
1072560 2365.8
1072570 2381.7
1072580 2388.8
1072590 2388.8
1072600 2391.8
1072610 2384.0
1072620 2384.0
1072630 2384.7
1072640 2384.2
1072650 2384.2
1072660 2386.8
1072670 2393.1
1072680 2393.1
1072690 2395.4
1072700 2403.6
1072710 2412.6
1072720 2412.6
1072730 2420.3
1072740 2426.3
1072750 2426.3
1072760 2425.8
1072770 2425.5
1072780 2425.5
1072790 2429.8
1072800 2435.8
1072810 2435.8
1072820 2445.0
1072830 2440.4
1072840 2440.4
1072850 2438.7
1072860 2442.7
1072870 2442.7
1072880 2448.9
1072890 2443.8
1072900 2443.8
1072910 2425.6
1072920 2403.9
1072930 2392.7
1072940 2392.7
1072950 2382.2
1072960 2371.5
1072970 2371.5
1072980 2362.0
1072990 2354.2
1073000 2354.2
1073010 2347.0
1073020 2340.0
1073030 2340.0
1073040 2333.5
1073050 2327.9
1073060 2327.9
1073070 2324.2
1073080 2317.4
1073090 2317.4
1073100 2308.8
1073110 2300.2
1073120 2300.2
1073130 2293.7
1073140 2288.1
1073150 2282.3
1073160 2282.3
1073170 2275.5
1073180 2266.1
1073190 2266.1
1079240 2454.7
1079250 2454.7
1079260 2468.6
1079270 2476.6
1079280 2476.6
1079290 2484.3
1079300 2489.7
1079310 2489.7
1079320 2494.2
1079330 2499.6
1079340 2499.6
1079350 2506.5
1079360 2515.9
1079370 2515.9
1079380 2523.7
1079390 2529.0
1079400 2538.7
1079410 2538.7
1079420 2550.3
1079430 2555.1
1079440 2539.8
1079450 2550.1
1079460 2564.4
1079470 2564.4
1079480 2574.1
1079490 2576.6
1079500 2576.6
1079510 2574.6
1079520 2572.5
1079530 2572.5
1079540 2569.7
1079550 2571.7
1079560 2571.7
1079570 2571.3
1079580 2573.0
1079590 2573.0
1079600 2574.7
1079610 2577.0
1079620 2581.3
1079630 2581.3
1079640 2585.5
1079650 2584.2
1079660 2584.2
1079670 2587.3
1079680 2591.9
1079690 2591.9
1079700 2598.1
1079710 2606.2
1079720 2606.2
1079730 2612.1
1079740 2617.4
1079750 2610.4
1079760 2618.0
1079770 2627.7
1079780 2627.7
1079790 2634.7
1079800 2641.8
1079810 2641.8
1079820 2648.8
1079830 2654.0
1079840 2659.0
1079850 2659.0
1079860 2664.4
1079870 2671.1
1079880 2671.1
1079890 2677.6
1079900 2680.9
1079910 2680.9
1079920 2681.4
1079930 2679.3
1079940 2679.3
1079950 2681.4
1079960 2680.9
1079970 2680.9
1079980 2676.8
1079990 2675.5
