1069850 2147.9
1069860 2147.9
1069870 2149.7
1069880 2153.1
1069890 2153.1
1069900 2156.0
1069910 2158.0
1069920 2158.0
1069930 2160.7
1069940 2163.4
1069950 2163.4
1069960 2165.7
1069970 2167.5
1069980 2169.4
1069990 2169.4
1070000 2173.0
1070010 2177.2
1070020 2177.2
1070030 2182.3
1070040 2186.8
1070050 2186.8
1070060 2190.0
1070070 2194.5
1070080 2194.5
1070090 2200.7
1070100 2208.1
1070110 2208.1
1070120 2220.2
1070130 2239.8
1070140 2239.8
1070150 2252.5
1070160 2250.7
1070170 2250.7
1070180 2247.8
1070190 2253.6
1070200 2277.4
1070210 2277.4
1070220 2304.6
1070230 2327.7
1070240 2327.7
1070250 2338.7
1070260 2354.7
1070270 2354.7
1070280 2364.1
1070290 2365.2
1070300 2365.2
1070310 2358.8
1070320 2350.9
1070330 2350.9
1070340 2346.3
1070350 2354.1
1070360 2354.1
1070370 2362.6
1070380 2372.5
1070390 2372.5
1070400 2372.0
1070410 2371.7
1070420 2371.7
1070430 2375.8
1070440 2378.1
1070450 2383.6
1070460 2383.6
1070470 2392.2
1070480 2398.7
1070490 2398.7
1070500 2401.5
1070510 2406.1
1070520 2406.1
1070530 2412.3
1070540 2416.0
1070550 2416.0
1070560 2412.3
1070570 2403.9
1070580 2403.9
1070590 2392.6
1070600 2383.1
1070610 2383.1
1070620 2375.9
1070630 2369.4
1070640 2369.4
1070650 2363.5
1070660 2358.2
1070670 2354.4
1070680 2354.4
1070690 2352.0
1070700 2350.0
1070710 2353.7
1070720 2350.6
1070730 2347.4
1070740 2347.4
1070750 2345.6
1070760 2343.5
1070770 2343.5
1070780 2341.5
1070790 2339.9
1070800 2339.9
1070810 2336.5
1070820 2332.6
1070830 2332.6
1070840 2328.6
1070850 2327.7
1070860 2327.7
1070870 2327.8
1070880 2326.9
1070890 2324.4
1070900 2324.4
1070910 2322.1
1070920 2320.3
1070930 2320.3
1070940 2317.8
1070950 2317.9
1070960 2317.9
1070970 2319.0
1070980 2321.4
1070990 2321.4
1071000 2322.9
1071010 2334.7
1071020 2334.7
1071030 2337.8
1071040 2340.4
1071050 2340.4
1071060 2340.9
1071070 2339.2
1071080 2339.2
1071090 2339.7
1071100 2340.9
1071110 2341.3
1071120 2341.3
1071130 2341.9
1071140 2341.4
1071150 2341.4
1071160 2340.4
1071170 2339.8
1071180 2339.8
1071190 2339.9
1071200 2339.3
1071210 2339.3
1071220 2337.3
1071230 2334.8
1071240 2334.8
1071250 2331.6
1071260 2328.2
1071270 2328.2
1071280 2323.9
1071290 2321.0
1071300 2321.0
1071310 2321.8
1071320 2323.4
1071330 2321.6
1071340 2321.6
1071350 2321.4
1071360 2320.5
1071370 2320.5
1071380 2318.5
1071390 2316.3
1071400 2316.3
1071410 2314.0
1071420 2312.5
1071430 2312.5
1071440 2310.3
1071450 2307.5
1071460 2307.5
1071470 2302.1
1071480 2296.5
1071490 2296.5
1071500 2292.1
1071510 2288.8
1071520 2288.8
1071530 2282.8
1071540 2276.7
1071550 2270.9
1071560 2270.9
1071570 2265.7
1071580 2261.4
1071590 2261.4
1071600 2256.4
1071610 2251.0
1071620 2251.0
1071630 2253.8
1071640 2246.7
1071650 2246.7
1071660 2242.3
1071670 2239.0
1071680 2239.0
1071690 2236.6
1071700 2233.6
1071710 2233.6
1071720 2231.3
1071730 2229.9
1071740 2229.9
1071750 2229.2
1071760 2228.2
1071770 2227.6
1071780 2227.6
1071790 2227.2
1071800 2226.5
1071810 2226.5
1071820 2225.4
1071830 2222.7
1071840 2222.7
1071850 2219.6
1071860 2216.8
1071870 2216.8
1071880 2214.0
1071890 2210.2
1071900 2210.2
1071910 2204.3
1071920 2197.9
1071930 2197.9
1071940 2200.3
1071950 2197.3
1071960 2197.3
1071970 2193.9
1071980 2189.8
1071990 2189.8
1072000 2186.5
1072010 2184.2
1072020 2181.9
1072030 2181.9
1072040 2180.1
1072050 2180.6
1072060 2180.6
1072070 2181.4
1072080 2181.6
1072090 2181.6
1072100 2182.5
1072110 2183.7
1072120 2183.7
1072130 2186.5
1072140 2189.4
1072150 2189.4
1072160 2192.5
1072170 2196.0
1072180 2196.0
1072190 2197.9
1072200 2200.7
1072210 2200.7
1072220 2204.6
1072230 2206.2
1072240 2220.0
1072250 2220.0
1072260 2221.7
1072270 2223.6
1072280 2223.6
1072290 2222.5
1072300 2223.4
1072310 2223.4
1072320 2225.5
1072330 2227.3
1072340 2227.3
1072350 2233.5
1072360 2239.3
1072370 2239.3
1072380 2238.6
1072390 2237.0
1072400 2237.0
1072410 2234.2
1072420 2232.7
1072430 2232.7
1072440 2232.4
1072450 2234.0
1072460 2235.6
1072470 2235.6
1072480 2236.6
1072490 2237.8
1072500 2237.8
1072510 2241.4
1072520 2244.4
1072530 2244.4
1072540 2246.3
1072550 2252.2
1072560 2252.2
1072570 2253.2
1072580 2253.7
1072590 2253.7
1072600 2255.3
1072610 2258.8
1072620 2258.8
1072630 2261.4
1072640 2263.3
1072650 2263.3
1072660 2265.0
1072670 2267.3
1072680 2270.3
1072690 2270.3
1072700 2273.2
1072710 2276.6
1072720 2276.6
1072730 2280.0
1072740 2283.8
1072750 2283.8
1072760 2287.5
1072770 2291.5
1072780 2291.5
1072790 2296.2
1072800 2301.3
1072810 2301.3
1072820 2307.9
1072830 2315.1
1072840 2315.1
1072850 2321.9
1072860 2337.4
1072870 2337.4
1072880 2344.8
1072890 2349.7
1072900 2352.9
1072910 2352.9
1072920 2354.4
1072930 2355.7
1072940 2355.7
1072950 2357.3
1072960 2359.8
1072970 2359.8
1072980 2362.5
1072990 2365.0
1073000 2365.0
1073010 2368.0
1073020 2371.4
1073030 2371.4
1073040 2375.0
1073050 2378.8
1073060 2378.8
1073070 2382.6
1073080 2386.3
1073090 2386.3
1073100 2390.4
1073110 2396.5
1073120 2402.1
1073130 2402.1
1073140 2407.8
1073150 2413.1
1073160 2413.1
1073170 2422.3
1073180 2425.9
1073190 2425.9
1073200 2430.0
1073210 2435.0
1073220 2435.0
1073230 2440.6
1073240 2447.0
1073250 2447.0
1073260 2460.1
1073270 2468.4
1073280 2468.4
1073290 2462.7
1073300 2449.3
1073310 2449.3
1073320 2440.7
1073330 2434.6
1073340 2428.5
1073350 2428.5
1073360 2422.6
1073370 2416.3
1073380 2416.3
1073390 2408.5
1073400 2400.0
1073410 2400.0
1073420 2392.3
1073430 2386.2
1073440 2386.2
1073450 2380.5
1073460 2374.0
1073470 2375.5
1073480 2367.9
1073490 2360.5
1073500 2360.5
1073510 2352.0
1073520 2344.5
1073530 2344.5
1073540 2337.5
1073550 2330.6
1073560 2330.6
1073570 2323.7
1073580 2315.7
1073590 2308.8
1073600 2308.8
1073610 2302.9
1073620 2297.5
1073630 2297.5
1073640 2292.1
1073650 2285.2
1073660 2285.2
1073670 2277.7
1073680 2271.8
1073690 2271.8
1073700 2264.4
1078010 2508.3
1078020 2508.3
1078030 2513.9
1078040 2509.0
1078050 2498.7
1078060 2498.7
1078070 2493.7
1078080 2490.9
1078090 2490.9
1078100 2489.8
1078110 2489.7
1078120 2489.7
1078130 2488.0
1078140 2494.8
1078150 2494.8
1078160 2510.2
1078170 2518.6
1078180 2518.6
1078190 2528.0
1078200 2537.8
1078210 2537.8
1078220 2548.4
1078230 2562.2
1078240 2562.2
1078250 2569.8
1078260 2573.7
1078270 2575.9
1078280 2575.9
1078290 2582.9
1078300 2591.7
1078310 2591.7
1078320 2601.7
1078330 2614.5
1078340 2614.5
1078350 2629.7
1078360 2641.1
1078370 2641.1
1078380 2648.8
1078390 2653.8
1078400 2653.8
1078410 2658.2
1078420 2670.8
1078430 2670.8
1078440 2662.3
1078450 2669.7
1078460 2669.7
1078470 2665.9
1078480 2659.9
1078490 2653.8
1078500 2653.8
1078510 2647.3
1078520 2649.4
1078530 2649.4
1078540 2651.7
1078550 2653.1
1078560 2653.1
1078570 2654.4
1078580 2648.3
1078590 2648.3
1078600 2648.0
1078610 2652.8
1078620 2652.8
1078630 2657.7
1078640 2662.8
1078650 2662.8
1078660 2667.4
1078670 2664.9
1078680 2664.9
1078690 2669.7
1078700 2682.8
1078710 2682.8
1078720 2685.8
1078730 2689.4
1078740 2693.9
1078750 2679.0
1078760 2681.7
1078770 2683.9
1078780 2683.9
1078790 2688.7
1078800 2696.4
1078810 2696.4
1078820 2704.8
1078830 2708.4
1078840 2708.4
1078850 2715.6
1078860 2715.5
1078870 2715.5
1078880 2718.1
1078890 2725.1
1078900 2725.1
1078910 2734.2
1078920 2745.3
1078930 2745.3
1078940 2754.1
1078950 2759.1
1078960 2762.7
1078970 2762.7
1078980 2768.5
1078990 2773.3
1079000 2773.3
1079010 2774.2
1079020 2771.7
1079030 2771.7
1079040 2766.4
1079050 2760.9
1079060 2760.9
1079070 2755.5
1079080 2752.4
1079090 2752.4
1079100 2748.2
1079110 2744.3
1079120 2744.3
1079130 2739.9
1079140 2735.3
1079150 2735.3
1079160 2730.2
1079170 2725.2
1079180 2721.1
1079190 2721.1
1079200 2717.1
1079210 2712.9
1079220 2712.9
1079230 2708.7
1079240 2705.3
1079250 2705.3
1079260 2701.5
1079270 2698.4
1079280 2698.4
1079290 2696.4
1079300 2694.4
1079310 2694.4
1079320 2692.4
1079330 2691.5
1079340 2691.5
1079350 2689.2
1079360 2687.6
1079370 2687.6
1079380 2687.5
1079390 2683.0
1079400 2681.9
1079410 2681.9
1079420 2682.3
1079430 2683.2
1079440 2683.2
1079450 2684.5
1079460 2685.6
1079470 2685.6
1079480 2686.6
1079490 2687.5
1079500 2687.5
1079510 2688.1
1079520 2688.6
1079530 2688.6
1079540 2688.8
1079550 2688.6
1079560 2688.6
1079570 2688.1
1079580 2687.4
1079590 2687.4
1079600 2686.3
1079610 2684.6
1079620 2682.6
1079630 2682.6
1079640 2679.9
1079650 2676.4
1079660 2676.4
1079670 2672.1
1079680 2668.4
1079690 2670.4
1079700 2668.2
1079710 2666.6
1079720 2666.6
1079730 2665.3
1079740 2664.1
1079750 2664.1
1079760 2663.1
1079770 2662.3
1079780 2662.3
1079790 2661.4
1079800 2660.6
1079810 2660.6
1079820 2660.1
1079830 2659.6
1079840 2659.4
1079850 2659.4
1079860 2659.2
1079870 2659.0
1079880 2659.0
1079890 2659.0
1079900 2659.0
1079910 2659.0
1079920 2659.1
1079930 2659.2
1079940 2659.2
1079950 2659.4
1079960 2659.7
1079970 2659.7
1079980 2660.1
1079990 2660.8
