1070390 2126.8
1070400 2130.8
1070410 2127.6
1070420 2130.3
1070430 2133.6
1070440 2133.6
1070450 2137.0
1070460 2139.5
1070470 2139.5
1070480 2143.2
1070490 2147.2
1070500 2147.2
1070510 2152.7
1070520 2158.9
1070530 2158.9
1070540 2161.3
1070550 2160.0
1070560 2160.0
1070570 2159.4
1070580 2159.7
1070590 2159.7
1070600 2159.8
1070610 2160.5
1070620 2160.5
1070630 2160.7
1070640 2161.1
1070650 2162.7
1070660 2162.7
1070670 2163.7
1070680 2164.2
1070690 2164.2
1070700 2164.9
1070710 2165.7
1070720 2159.5
1070730 2159.9
1070740 2161.2
1070750 2161.2
1070760 2161.8
1070770 2163.3
1070780 2163.3
1070790 2162.9
1070800 2163.8
1070810 2163.8
1070820 2164.7
1070830 2164.3
1070840 2164.3
1070850 2165.4
1070860 2167.8
1070870 2171.3
1070880 2171.3
1070890 2175.2
1070900 2178.5
1070910 2178.5
1070920 2181.6
1070930 2183.6
1070940 2183.6
1070950 2186.9
1070960 2194.2
1070970 2194.2
1070980 2198.4
1070990 2199.6
1071000 2199.6
1071010 2202.4
1071020 2200.8
1071030 2200.8
1071040 2210.8
1071050 2211.0
1071060 2211.0
1071070 2211.1
1071080 2211.8
1071090 2217.8
1071100 2217.8
1071110 2221.0
1071120 2224.1
1071130 2224.1
1071140 2236.9
1071150 2239.9
1071160 2239.9
1071170 2236.2
1071180 2238.3
1071190 2238.3
1071200 2246.9
1071210 2250.8
1071220 2250.8
1071230 2251.5
1071240 2249.4
1071250 2249.4
1071260 2244.7
1071270 2244.8
1071280 2244.8
1071290 2248.1
1071300 2250.1
1071310 2251.1
1071320 2251.1
1071330 2246.6
1071340 2245.6
1071350 2245.6
1071360 2243.3
1071370 2239.9
1071380 2239.9
1071390 2237.4
1071400 2234.4
1071410 2234.4
1071420 2231.5
1071430 2228.2
1071440 2228.2
1071450 2225.0
1071460 2223.2
1071470 2223.2
1071480 2222.2
1071490 2221.3
1071500 2221.3
1071510 2222.1
1071520 2224.7
1071530 2238.9
1071540 2238.9
1071550 2266.2
1071560 2281.5
1071570 2281.5
1071580 2296.9
1071590 2309.2
1071600 2309.2
1071610 2311.1
1071620 2309.4
1071630 2309.4
1071640 2304.1
1071650 2301.3
1071660 2301.3
1071670 2297.8
1071680 2293.9
1071690 2293.9
1071700 2291.6
1071710 2289.6
1071720 2289.6
1071730 2287.2
1071740 2287.1
1071750 2287.4
1071760 2287.4
1071770 2288.0
1071780 2287.0
1071790 2287.0
1071800 2285.6
1071810 2284.6
1071820 2284.6
1071830 2283.2
1071840 2281.5
1071850 2281.5
1071860 2282.9
1071870 2286.4
1071880 2286.4
1071890 2291.4
1071900 2295.5
1071910 2295.5
1071920 2299.8
1071930 2304.0
1071940 2297.9
1071950 2303.0
1071960 2311.0
1071970 2319.0
1071980 2319.0
1071990 2324.0
1072000 2326.8
1072010 2326.8
1072020 2327.8
1072030 2328.4
1072040 2328.4
1072050 2329.5
1072060 2330.8
1072070 2330.8
1072080 2331.6
1072090 2331.8
1072100 2331.8
1072110 2331.8
1072120 2332.1
1072130 2332.1
1072140 2332.6
1072150 2335.4
1072160 2335.4
1072170 2339.2
1072180 2341.2
1072190 2341.7
1072200 2341.7
1072210 2341.2
1072220 2344.3
1072230 2344.3
1072240 2348.4
1072250 2343.1
1072260 2343.1
1072270 2345.3
1072280 2348.7
1072290 2348.7
1072300 2356.0
1072310 2364.7
1072320 2364.7
1072330 2368.5
1072340 2372.9
1072350 2372.9
1072360 2373.1
1072370 2379.0
1072380 2379.0
1072390 2389.8
1072400 2397.3
1072410 2399.9
1072420 2399.9
1072430 2406.3
1072440 2414.6
1072450 2414.6
1072460 2424.8
1072470 2436.9
1072480 2436.9
1072490 2448.2
1072500 2453.0
1072510 2453.0
1072520 2454.6
1072530 2456.6
1072540 2456.6
1072550 2472.8
1072560 2480.0
1072570 2480.0
1072580 2480.7
1072590 2484.7
1072600 2484.7
1072610 2483.5
1072620 2480.5
1072630 2480.5
1072640 2487.3
1072650 2492.7
1072660 2494.4
1072670 2494.4
1072680 2495.3
1072690 2498.2
1072700 2498.2
1072710 2501.7
1072720 2505.0
1072730 2505.0
1072740 2507.7
1072750 2510.8
1072760 2510.8
1072770 2513.9
1072780 2514.6
1072790 2514.6
1072800 2511.7
1072810 2506.6
1072820 2506.6
1072830 2501.4
1072840 2495.6
1072850 2495.6
1072860 2488.2
1072870 2482.8
1072880 2473.7
1072890 2473.7
1072900 2461.9
1072910 2451.9
1072920 2451.9
1072930 2440.9
1072940 2419.5
1072950 2419.5
1072960 2390.8
1072970 2379.9
1072980 2379.9
1072990 2368.6
1073000 2360.1
1073010 2360.1
1073020 2352.1
1073030 2344.8
1073040 2344.8
1073050 2337.6
1073060 2330.5
1073070 2330.5
1073080 2323.6
1073090 2317.1
1073100 2310.3
1073110 2310.3
1073120 2303.8
1073130 2297.2
1073140 2297.2
1073150 2289.4
1073160 2282.2
1073170 2282.2
1073180 2274.8
1073190 2268.4
1073200 2268.4
1073210 2262.1
1073220 2255.8
1073230 2255.8
1073240 2249.6
1073250 2243.5
1073260 2243.5
1073270 2237.6
1073280 2231.9
1073290 2231.9
1073300 2226.4
1073310 2221.2
1073320 2216.2
1073330 2216.2
1073340 2211.3
1073350 2206.4
1073360 2206.4
1073370 2201.6
1073380 2197.4
1073390 2197.4
1073400 2192.5
1078970 2460.0
1078980 2460.0
1078990 2470.1
1079000 2482.4
1079010 2482.4
1079020 2490.6
1079030 2493.3
1079040 2493.3
1079050 2497.2
1079060 2499.9
1079070 2499.9
1079080 2493.3
1079090 2491.3
1079100 2491.3
1079110 2490.8
1079120 2495.3
1079130 2492.2
1079140 2492.2
1079150 2494.0
1079160 2500.1
1079170 2500.1
1079180 2503.2
1079190 2506.2
1079200 2506.2
1079210 2510.6
1079220 2517.0
1079230 2517.0
1079240 2525.1
1079250 2535.3
1079260 2535.3
1079270 2545.1
1079280 2555.9
1079290 2555.9
1079300 2565.4
1079310 2570.2
1079320 2570.2
1079330 2576.9
1079340 2586.0
1079350 2596.3
1079360 2596.3
1079370 2606.2
1079380 2617.0
1079390 2607.5
1079400 2619.1
1079410 2616.9
1079420 2616.9
1079430 2615.5
1079440 2619.8
1079450 2619.8
1079460 2627.0
1079470 2638.8
1079480 2638.8
1079490 2649.6
1079500 2659.3
1079510 2659.3
1079520 2668.0
1079530 2676.7
1079540 2676.7
1079550 2684.9
1079560 2687.9
1079570 2685.9
1079580 2685.9
1079590 2685.0
1079600 2687.5
1079610 2687.5
1079620 2698.5
1079630 2698.3
1079640 2698.3
1079650 2691.2
1079660 2689.7
1079670 2689.7
1079680 2688.7
1079690 2689.5
1079700 2670.9
1079710 2674.3
1079720 2679.7
1079730 2679.7
1079740 2682.4
1079750 2688.3
1079760 2688.3
1079770 2694.9
1079780 2701.7
1079790 2710.9
1079800 2710.9
1079810 2715.3
1079820 2719.5
1079830 2719.5
1079840 2724.0
1079850 2727.5
1079860 2727.5
1079870 2729.6
1079880 2730.7
1079890 2730.7
1079900 2731.0
1079910 2731.6
1079920 2731.6
1079930 2732.4
1079940 2733.4
1079950 2733.4
1079960 2735.3
1079970 2737.4
1079980 2737.4
1079990 2738.9
