1069810 2150.4
1069820 2152.3
1069830 2152.3
1069840 2154.6
1069850 2156.9
1069860 2156.9
1069870 2158.4
1069880 2161.7
1069890 2161.7
1069900 2160.8
1069910 2163.6
1069920 2163.6
1069930 2166.2
1069940 2168.9
1069950 2171.4
1069960 2171.4
1069970 2173.2
1069980 2174.9
1069990 2174.9
1070000 2178.6
1070010 2182.3
1070020 2182.3
1070030 2187.2
1070040 2192.1
1070050 2192.1
1070060 2197.9
1070070 2211.1
1070080 2211.1
1070090 2228.9
1070100 2242.4
1070110 2242.4
1070120 2259.0
1070130 2265.6
1070140 2265.6
1070150 2273.4
1070160 2272.3
1070170 2266.5
1070180 2266.5
1070190 2276.2
1070200 2279.3
1070210 2279.3
1070220 2304.2
1070230 2331.2
1070240 2331.2
1070250 2344.7
1070260 2358.7
1070270 2358.7
1070280 2367.5
1070290 2371.7
1070300 2371.7
1070310 2367.3
1070320 2360.0
1070330 2360.0
1070340 2356.8
1070350 2361.9
1070360 2361.9
1070370 2368.8
1070380 2374.0
1070390 2382.0
1070400 2382.0
1070410 2390.5
1070420 2394.8
1070430 2394.8
1070440 2396.7
1070450 2396.9
1070460 2396.9
1070470 2398.0
1070480 2403.1
1070490 2403.1
1070500 2408.2
1070510 2410.1
1070520 2410.1
1070530 2411.2
1070540 2409.2
1070550 2409.2
1070560 2404.3
1070570 2396.6
1070580 2396.6
1070590 2387.2
1070600 2379.9
1070610 2373.6
1070620 2373.6
1070630 2367.2
1070640 2361.1
1070650 2361.1
1070660 2354.9
1070670 2347.9
1070680 2347.9
1070690 2342.1
1070700 2340.0
1070710 2340.0
1070720 2341.8
1070730 2341.2
1070740 2341.2
1070750 2339.8
1070760 2336.1
1070770 2336.1
1070780 2332.2
1070790 2329.1
1070800 2329.1
1070810 2326.2
1070820 2325.1
1070830 2322.0
1070840 2322.0
1070850 2319.4
1070860 2317.5
1070870 2317.5
1070880 2315.6
1070890 2312.9
1070900 2312.9
1070910 2310.6
1070920 2309.5
1070930 2309.5
1070940 2310.0
1070950 2308.5
1070960 2308.5
1070970 2308.3
1070980 2308.2
1070990 2308.2
1071000 2308.8
1071010 2308.4
1071020 2308.4
1071030 2309.5
1071040 2315.9
1071050 2315.9
1071060 2319.8
1071070 2323.0
1071080 2324.8
1071090 2324.8
1071100 2325.5
1071110 2329.3
1071120 2336.5
1071130 2337.7
1071140 2337.0
1071150 2337.0
1071160 2335.8
1071170 2334.4
1071180 2334.4
1071190 2335.3
1071200 2336.8
1071210 2336.8
1071220 2334.7
1071230 2331.0
1071240 2331.0
1071250 2328.3
1071260 2325.5
1071270 2325.5
1071280 2321.5
1071290 2317.9
1071300 2318.0
1071310 2318.0
1071320 2318.6
1071330 2319.6
1071340 2319.6
1071350 2320.4
1071360 2320.4
1071370 2320.4
1071380 2318.4
1071390 2315.1
1071400 2315.1
1071410 2313.6
1071420 2311.0
1071430 2311.8
1071440 2310.0
1071450 2306.7
1071460 2306.7
1071470 2301.2
1071480 2297.0
1071490 2297.0
1071500 2292.5
1071510 2287.3
1071520 2280.5
1071530 2280.5
1071540 2273.7
1071550 2268.1
1071560 2268.1
1071570 2264.6
1071580 2261.3
1071590 2261.3
1071600 2255.5
1071610 2250.0
1071620 2250.0
1071630 2243.6
1071640 2236.9
1071650 2236.9
1071660 2232.6
1071670 2229.4
1071680 2229.4
1071690 2225.6
1071700 2223.2
1071710 2223.2
1071720 2224.0
1071730 2224.5
1071740 2228.0
1071750 2228.0
1071760 2226.2
1071770 2224.7
1071780 2224.7
1071790 2223.2
1071800 2222.7
1071810 2222.7
1071820 2222.1
1071830 2219.7
1071840 2219.7
1071850 2218.4
1071860 2214.8
1071870 2214.8
1071880 2208.0
1071890 2203.4
1071900 2203.4
1071910 2197.7
1071920 2192.7
1071930 2192.7
1071940 2188.4
1071950 2184.8
1071960 2181.9
1071970 2181.9
1071980 2179.3
1071990 2177.7
1072000 2177.7
1072010 2175.4
1072020 2173.5
1072030 2173.5
1072040 2172.9
1072050 2176.0
1072060 2176.0
1072070 2176.5
1072080 2176.7
1072090 2176.7
1072100 2177.3
1072110 2178.6
1072120 2178.6
1072130 2181.0
1072140 2183.4
1072150 2183.4
1072160 2186.2
1072170 2189.1
1072180 2191.1
1072190 2191.1
1072200 2194.0
1072210 2195.9
1072220 2195.9
1072230 2196.6
1072240 2199.0
1072250 2199.0
1072260 2200.6
1072270 2202.6
1072280 2202.6
1072290 2204.7
1072300 2207.0
1072310 2207.0
1072320 2208.7
1072330 2210.0
1072340 2210.0
1072350 2219.4
1072360 2232.9
1072370 2232.9
1072380 2237.1
1072390 2235.6
1072400 2233.0
1072410 2233.0
1072420 2231.8
1072430 2231.7
1072440 2231.7
1072450 2232.0
1072460 2232.8
1072470 2232.8
1072480 2233.7
1072490 2235.0
1072500 2235.0
1072510 2237.7
1072520 2240.6
1072530 2240.6
1072540 2242.4
1072550 2243.7
1072560 2243.7
1072570 2244.3
1072580 2245.2
1072590 2245.2
1072600 2247.8
1072610 2250.5
1072620 2250.5
1072630 2252.4
1072640 2253.9
1072650 2255.8
1072660 2260.1
1072670 2262.8
1072680 2265.9
1072690 2265.9
1072700 2268.8
1072710 2272.1
1072720 2272.1
1072730 2275.6
1072740 2279.1
1072750 2279.1
1072760 2282.6
1072770 2286.8
1072780 2286.8
1072790 2291.9
1072800 2297.3
1072810 2297.3
1072820 2303.4
1072830 2309.8
1072840 2309.8
1072850 2315.9
1072860 2321.4
1072870 2327.7
1072880 2327.7
1072890 2334.2
1072900 2338.1
1072910 2338.1
1072920 2340.8
1072930 2343.3
1072940 2343.3
1072950 2346.0
1072960 2349.1
1072970 2354.6
1072980 2357.2
1072990 2360.1
1073000 2360.1
1073010 2363.6
1073020 2367.1
1073030 2367.1
1073040 2370.7
1073050 2374.5
1073060 2374.5
1073070 2378.3
1073080 2381.8
1073090 2386.3
1073100 2386.3
1073110 2392.1
1073120 2398.1
1073130 2398.1
1073140 2403.7
1073150 2408.7
1073160 2408.7
1073170 2412.8
1073180 2416.9
1073190 2416.9
1073200 2421.3
1073210 2426.8
1073220 2426.8
1073230 2433.2
1073240 2441.8
1073250 2441.8
1073260 2459.8
1073270 2460.7
1073280 2464.5
1073290 2461.3
1073300 2452.0
1073310 2438.9
1073320 2438.9
1073330 2430.8
1073340 2424.7
1073350 2424.7
1073360 2418.6
1073370 2412.3
1073380 2412.3
1073390 2405.6
1073400 2397.9
1073410 2397.9
1073420 2390.1
1073430 2383.2
1073440 2383.2
1073450 2377.3
1073460 2371.5
1073470 2371.5
1073480 2366.1
1073490 2359.8
1073500 2359.8
1073510 2352.8
1073520 2346.0
1073530 2338.8
1073540 2338.8
1073550 2331.0
1073560 2323.5
1073570 2323.5
1073580 2316.1
1073590 2309.0
1073600 2309.0
1073610 2302.3
1073620 2297.5
1073630 2297.5
1073640 2292.8
1073650 2286.7
1073660 2286.7
1073670 2278.5
1073680 2272.1
1073690 2272.1
1073700 2264.0
1078000 2512.6
1078010 2514.1
1078020 2520.9
1078030 2520.9
1078040 2517.6
1078050 2511.6
1078060 2511.6
1078070 2509.2
1078080 2500.4
1078090 2500.4
1078100 2496.4
1078110 2497.1
1078120 2497.1
1078130 2503.0
1078140 2514.9
1078150 2514.9
1078160 2527.9
1078170 2542.3
1078180 2542.3
1078190 2549.9
1078200 2559.4
1078210 2559.4
1078220 2564.5
1078230 2570.6
1078240 2574.6
1078250 2574.6
1078260 2580.5
1078270 2584.1
1078280 2584.1
1078290 2586.6
1078300 2593.5
1078310 2593.5
1078320 2603.6
1078330 2615.9
1078340 2615.9
1078350 2630.1
1078360 2644.7
1078370 2644.7
1078380 2660.9
1078390 2668.1
1078400 2668.1
1078410 2670.2
1078420 2680.9
1078430 2680.9
1078440 2696.5
1078450 2707.9
1078460 2708.0
1078470 2708.0
1078480 2697.7
1078490 2683.0
1078500 2683.0
1078510 2686.9
1078520 2693.5
1078530 2693.5
1078540 2701.9
1078550 2688.0
1078560 2688.0
1078570 2679.7
1078580 2670.6
1078590 2670.6
1078600 2664.1
1078610 2666.2
1078620 2666.2
1078630 2670.4
1078640 2674.0
1078650 2674.0
1078660 2676.4
1078670 2673.2
1078680 2675.7
1078690 2675.7
1078700 2688.0
1078710 2697.3
1078720 2697.3
1078730 2702.5
1078740 2707.4
1078750 2707.4
1078760 2707.7
1078770 2707.8
1078780 2707.8
1078790 2708.3
1078800 2711.8
1078810 2711.8
1078820 2717.9
1078830 2723.6
1078840 2723.6
1078850 2729.5
1078860 2733.1
1078870 2724.2
1078880 2726.0
1078890 2731.8
1078900 2738.0
1078910 2738.0
1078920 2747.7
1078930 2758.6
1078940 2758.6
1078950 2766.4
1078960 2770.9
1078970 2770.9
1078980 2774.9
1078990 2777.1
1079000 2777.1
1079010 2775.8
1079020 2772.6
1079030 2772.6
1079040 2768.6
1079050 2762.9
1079060 2762.9
1079070 2755.9
1079080 2749.8
1079090 2749.8
1079100 2743.2
1079110 2737.3
1079120 2732.4
1079130 2732.4
1079140 2728.1
1079150 2724.1
1079160 2724.1
1079170 2719.5
1079180 2719.1
1079190 2719.1
1079200 2715.3
1079210 2711.0
1079220 2711.0
1079230 2706.1
1079240 2702.5
1079250 2702.5
1079260 2699.2
1079270 2696.0
1079280 2696.0
1079290 2692.8
1079300 2689.7
1079310 2689.7
1079320 2686.1
1079330 2683.6
1079340 2683.6
1079350 2682.4
1079360 2681.4
1079370 2678.0
1079380 2678.0
1079390 2673.0
1079400 2670.4
1079410 2670.4
1079420 2671.0
1079430 2672.0
1079440 2672.0
1079450 2673.2
1079460 2674.4
1079470 2674.4
1079480 2675.6
1079490 2682.1
1079500 2682.1
1079510 2683.0
1079520 2683.6
1079530 2683.6
1079540 2684.0
1079550 2684.1
1079560 2684.1
1079570 2683.9
1079580 2683.4
1079590 2682.6
1079600 2682.6
1079610 2681.4
1079620 2679.7
1079630 2679.7
1079640 2677.5
1079650 2674.7
1079660 2674.7
1079670 2671.0
1079680 2667.0
1079690 2667.0
1079700 2663.7
1079710 2661.6
1079720 2661.6
1079730 2659.7
1079740 2658.3
1079750 2658.3
1079760 2657.2
1079770 2656.1
1079780 2656.1
1079790 2655.3
1079800 2654.6
1079810 2656.9
1079820 2656.9
1079830 2656.4
1079840 2656.0
1079850 2656.0
1079860 2655.6
1079870 2655.3
1079880 2655.3
1079890 2655.3
1079900 2655.3
1079910 2655.3
1079920 2655.2
1079930 2655.2
1079940 2655.2
1079950 2655.4
1079960 2655.7
1079970 2655.7
1079980 2656.1
1079990 2656.7
