1069790 2164.1
1069800 2164.1
1069810 2166.9
1069820 2168.8
1069830 2170.8
1069840 2170.8
1069850 2172.8
1069860 2174.6
1069870 2174.6
1069880 2175.8
1069890 2177.1
1069900 2177.1
1069910 2180.5
1069920 2185.4
1069930 2185.4
1069940 2190.0
1069950 2193.8
1069960 2193.8
1069970 2196.8
1069980 2200.1
1069990 2200.1
1070000 2203.3
1070010 2207.6
1070020 2200.9
1070030 2206.1
1070040 2215.6
1070050 2230.9
1070060 2230.9
1070070 2246.0
1070080 2268.7
1070090 2268.7
1070100 2284.2
1070110 2294.3
1070120 2294.3
1070130 2294.0
1070140 2289.9
1070150 2289.9
1070160 2289.8
1070170 2293.2
1070180 2293.2
1070190 2299.6
1070200 2309.6
1070210 2309.6
1070220 2321.0
1070230 2331.2
1070240 2331.2
1070250 2341.2
1070260 2357.4
1070270 2357.4
1070280 2377.0
1070290 2387.5
1070300 2400.2
1070310 2400.2
1070320 2403.4
1070330 2390.0
1070340 2390.0
1070350 2383.3
1070360 2386.9
1070370 2386.9
1070380 2398.1
1070390 2406.3
1070400 2406.3
1070410 2410.3
1070420 2413.5
1070430 2413.5
1070440 2416.0
1070450 2420.0
1070460 2420.0
1070470 2420.3
1070480 2421.5
1070490 2421.5
1070500 2424.0
1070510 2421.8
1070520 2414.9
1070530 2414.9
1070540 2408.2
1070550 2402.9
1070560 2402.9
1070570 2398.3
1070580 2391.0
1070590 2391.0
1070600 2382.6
1070610 2374.7
1070620 2374.7
1070630 2364.9
1070640 2355.8
1070650 2355.8
1070660 2346.7
1070670 2339.8
1070680 2339.8
1070690 2334.4
1070700 2329.6
1070710 2329.6
1070720 2325.1
1070730 2320.8
1070740 2316.6
1070750 2316.6
1070760 2314.8
1070770 2313.2
1070780 2313.2
1070790 2311.1
1070800 2308.9
1070810 2308.9
1070820 2304.5
1070830 2300.7
1070840 2300.7
1070850 2299.1
1070860 2298.5
1070870 2298.5
1070880 2297.4
1070890 2296.4
1070900 2296.4
1070910 2295.4
1070920 2293.5
1070930 2293.5
1070940 2293.9
1070950 2293.1
1070960 2291.1
1070970 2291.1
1070980 2289.3
1070990 2288.3
1071000 2288.3
1071010 2288.0
1071020 2287.7
1071030 2287.7
1071040 2287.9
1071050 2289.5
1071060 2289.5
1071070 2291.9
1071080 2294.3
1071090 2294.3
1071100 2296.5
1071110 2298.6
1071120 2298.6
1071130 2301.0
1071140 2307.0
1071150 2307.0
1071160 2312.5
1071170 2315.3
1071180 2316.3
1071190 2316.3
1071200 2314.8
1071210 2313.7
1071220 2313.7
1071230 2311.9
1071240 2310.2
1071250 2313.9
1071260 2309.4
1071270 2307.1
1071280 2307.1
1071290 2306.8
1071300 2306.8
1071310 2306.8
1071320 2307.0
1071330 2307.2
1071340 2307.2
1071350 2307.5
1071360 2307.3
1071370 2307.3
1071380 2307.7
1071390 2307.5
1071400 2307.0
1071410 2307.0
1071420 2305.2
1071430 2302.0
1071440 2302.0
1071450 2298.0
1071460 2293.9
1071470 2293.9
1071480 2288.3
1071490 2282.8
1071500 2282.8
1071510 2278.3
1071520 2273.1
1071530 2273.1
1071540 2266.3
1071550 2262.0
1071560 2262.0
1071570 2256.2
1071580 2250.4
1071590 2250.4
1071600 2248.5
1071610 2246.4
1071620 2240.4
1071630 2240.4
1071640 2233.8
1071650 2224.4
1071660 2224.4
1071670 2219.0
1071680 2216.1
1071690 2216.1
1071700 2213.1
1071710 2210.5
1071720 2210.5
1071730 2209.6
1071740 2208.4
1071750 2208.4
1071760 2206.0
1071770 2205.2
1071780 2205.2
1071790 2203.9
1071800 2201.5
1071810 2201.5
1071820 2199.3
1071830 2198.7
1071840 2196.9
1071850 2196.9
1071860 2195.6
1071870 2192.3
1071880 2192.3
1071890 2190.2
1071900 2188.8
1071910 2188.8
1071920 2186.6
1071930 2183.0
1071940 2183.0
1071950 2178.7
1071960 2175.3
1071970 2175.3
1071980 2172.2
1071990 2169.8
1072000 2169.8
1072010 2168.2
1072020 2168.0
1072030 2168.0
1072040 2167.4
1072050 2166.8
1072060 2166.8
1072070 2166.5
1072080 2166.1
1072090 2167.4
1072100 2167.4
1072110 2168.6
1072120 2168.7
1072130 2168.7
1072140 2169.7
1072150 2169.9
1072160 2169.9
1072170 2174.5
1072180 2174.5
1072190 2174.5
1072200 2174.3
1072210 2175.8
1072220 2175.8
1072230 2178.2
1072240 2180.4
1072250 2180.4
1072260 2180.8
1072270 2181.7
1072280 2181.7
1072290 2182.5
1072300 2182.9
1072310 2184.4
1072320 2184.4
1072330 2186.2
1072340 2187.0
1072350 2187.0
1072360 2189.2
1072370 2193.3
1072380 2193.3
1072390 2198.9
1072400 2205.4
1072410 2205.4
1072420 2210.2
1072430 2212.3
1072440 2212.3
1072450 2212.9
1072460 2216.6
1072470 2216.6
1072480 2228.4
1072490 2229.8
1072500 2229.8
1072510 2230.9
1072520 2232.2
1072530 2233.3
1072540 2233.3
1072550 2235.4
1072560 2236.8
1072570 2236.8
1072580 2236.9
1072590 2237.4
1072600 2237.4
1072610 2239.1
1072620 2241.3
1072630 2241.3
1072640 2243.2
1072650 2245.2
1072660 2245.2
1072670 2247.5
1072680 2249.5
1072690 2249.5
1072700 2251.9
1072710 2256.2
1072720 2256.2
1072730 2262.0
1072740 2268.1
1072750 2274.1
1072760 2274.1
1072770 2279.3
1072780 2284.4
1072790 2284.4
1072800 2288.8
1072810 2292.9
1072820 2292.9
1072830 2296.7
1072840 2300.2
1072850 2300.2
1072860 2304.6
1072870 2309.5
1072880 2309.5
1072890 2314.7
1072900 2319.3
1072910 2319.3
1072920 2322.9
1072930 2326.2
1072940 2326.2
1072950 2329.1
1072960 2332.9
1072970 2337.9
1072980 2337.9
1072990 2342.3
1073000 2346.8
1073010 2346.8
1073020 2351.6
1073030 2355.9
1073040 2355.9
1073050 2360.6
1073060 2366.0
1073070 2366.0
1073080 2373.2
1073090 2380.5
1073100 2380.5
1073110 2385.7
1073120 2390.6
1073130 2390.6
1073140 2394.7
1073150 2398.9
1073160 2398.9
1073170 2403.8
1073180 2408.3
1073190 2411.8
1073200 2411.8
1073210 2418.9
1073220 2433.7
1073230 2433.7
1073240 2440.3
1073250 2445.5
1073260 2445.5
1073270 2442.0
1073280 2436.8
1073290 2436.8
1073300 2431.0
1073310 2427.2
1073320 2427.2
1073330 2423.9
1073340 2419.4
1073350 2419.4
1073360 2412.3
1073370 2404.5
1073380 2404.5
1073390 2396.9
1073400 2390.7
1073410 2383.9
1073420 2383.9
1073430 2377.5
1073440 2371.2
1073450 2371.2
1073460 2364.7
1073470 2358.1
1073480 2358.1
1073490 2351.2
1073500 2343.2
1073510 2343.2
1073520 2334.6
1073530 2328.1
1073540 2328.1
1073550 2320.9
1073560 2313.9
1073570 2313.9
1073580 2306.7
1073590 2300.4
1073600 2300.4
1073610 2293.8
1073620 2287.5
1073630 2287.5
1073640 2281.4
1073650 2275.8
1073660 2270.1
1073670 2270.1
1073680 2263.8
1073690 2256.0
1073700 2256.0
1073710 2248.3
1077930 2553.8
1077940 2553.8
1077950 2557.6
1077960 2554.7
1077970 2554.7
1077980 2547.9
1077990 2544.1
1078000 2544.1
1078010 2546.4
1078020 2549.4
1078030 2549.4
1078040 2550.6
1078050 2540.5
1078060 2540.5
1078070 2539.6
1078080 2539.4
1078090 2539.4
1078100 2537.7
1078110 2542.0
1078120 2539.3
1078130 2539.3
1078140 2538.2
1078150 2551.6
1078160 2551.6
1078170 2560.6
1078180 2568.0
1078190 2568.0
1078200 2574.4
1078210 2580.1
1078220 2580.1
1078230 2586.0
1078240 2591.5
1078250 2591.5
1078260 2596.7
1078270 2605.7
1078280 2605.7
1078290 2633.7
1078300 2649.5
1078310 2649.5
1078320 2651.6
1078330 2650.3
1078340 2655.7
1078350 2655.7
1078360 2660.5
1078370 2662.6
1078380 2662.6
1078390 2677.3
1078400 2685.6
1078410 2685.6
1078420 2687.8
1078430 2697.8
1078440 2697.8
1078450 2708.4
1078460 2717.2
1078470 2717.2
1078480 2717.8
1078490 2711.8
1078500 2711.8
1078510 2708.7
1078520 2716.3
1078530 2716.3
1078540 2724.3
1078550 2721.5
1078560 2721.5
1078570 2716.3
1078580 2710.2
1078590 2711.8
1078600 2711.8
1078610 2711.6
1078620 2713.1
1078630 2713.1
1078640 2718.4
1078650 2723.2
1078660 2723.2
1078670 2726.1
1078680 2712.2
1078690 2712.2
1078700 2720.8
1078710 2726.1
1078720 2726.1
1078730 2732.3
1078740 2739.4
1078750 2739.4
1078760 2742.7
1078770 2746.5
1078780 2746.5
1078790 2749.1
1078800 2752.4
1078810 2755.0
1078820 2755.0
1078830 2758.4
1078840 2764.3
1078850 2764.3
1078860 2780.4
1078870 2789.4
1078880 2789.4
1078890 2799.6
1078900 2801.9
1078910 2801.9
1078920 2800.3
1078930 2795.3
1078940 2795.3
1078950 2788.1
1078960 2784.1
1078970 2784.1
1078980 2779.2
1078990 2778.1
1079000 2778.1
1079010 2773.1
1079020 2768.3
1079030 2762.4
1079040 2762.4
1079050 2756.7
1079060 2749.9
1079070 2749.9
1079080 2743.7
1079090 2737.8
1079100 2737.8
1079110 2730.0
1079120 2722.0
1079130 2722.0
1079140 2713.8
1079150 2708.5
1079160 2708.5
1079170 2706.7
1079180 2702.5
1079190 2702.5
1079200 2698.8
1079210 2693.6
1079220 2693.6
1079230 2689.2
1079240 2684.8
1079250 2680.8
1079260 2680.8
1079270 2677.9
1079280 2673.4
1079290 2673.4
1079300 2673.0
1079310 2668.9
1079320 2668.9
1079330 2665.7
1079340 2663.1
1079350 2663.1
1079360 2659.1
1079370 2657.1
1079380 2657.1
1079390 2656.2
1079400 2655.7
1079410 2655.7
1079420 2655.9
1079430 2656.8
1079440 2656.8
1079450 2658.0
1079460 2659.3
1079470 2660.5
1079480 2660.5
1079490 2661.8
1079500 2662.9
1079510 2662.9
1079520 2664.0
1079530 2664.9
1079540 2664.9
1079550 2665.7
1079560 2666.3
1079570 2666.3
1079580 2666.6
1079590 2666.7
1079600 2666.7
1079610 2666.5
1079620 2669.5
1079630 2669.5
1079640 2668.4
1079650 2666.8
1079660 2666.8
1079670 2664.7
1079680 2662.2
1079690 2659.3
1079700 2659.3
1079710 2656.0
1079720 2653.1
1079730 2653.1
1079740 2650.8
1079750 2649.0
1079760 2649.0
1079770 2647.9
1079780 2646.9
1079790 2646.9
1079800 2645.9
1079810 2645.0
1079820 2645.0
1079830 2644.0
1079840 2643.2
1079850 2643.2
1079860 2642.7
1079870 2642.2
1079880 2642.2
1079890 2641.8
1079900 2641.5
1079910 2641.4
1079920 2641.4
1079930 2644.7
1079940 2644.7
1079950 2644.7
1079960 2644.8
1079970 2645.0
1079980 2645.0
1079990 2645.4
