1069140 2284.7
1069150 2284.7
1069160 2279.1
1069170 2279.4
1069180 2279.4
1069190 2280.3
1069200 2281.1
1069210 2281.1
1069220 2282.1
1069230 2283.5
1069240 2284.4
1069250 2284.4
1069260 2286.2
1069270 2288.4
1069280 2288.4
1069290 2290.1
1069300 2292.4
1069310 2292.4
1069320 2294.3
1069330 2298.1
1069340 2298.1
1069350 2301.8
1069360 2306.5
1069370 2306.5
1069380 2312.2
1069390 2318.8
1069400 2318.8
1069410 2325.6
1069420 2331.1
1069430 2331.1
1069440 2334.5
1069450 2340.5
1069460 2345.0
1069470 2340.6
1069480 2344.6
1069490 2348.1
1069500 2348.1
1069510 2349.2
1069520 2349.7
1069530 2349.7
1069540 2353.2
1069550 2359.0
1069560 2359.0
1069570 2363.1
1069580 2368.8
1069590 2368.8
1069600 2381.7
1069610 2389.9
1069620 2389.9
1069630 2395.7
1069640 2398.0
1069650 2398.0
1069660 2411.3
1069670 2445.5
1069680 2468.2
1069690 2468.2
1069700 2476.3
1069710 2481.5
1069720 2481.5
1069730 2481.7
1069740 2485.0
1069750 2485.0
1069760 2482.9
1069770 2477.3
1069780 2477.3
1069790 2469.9
1069800 2462.8
1069810 2462.8
1069820 2457.0
1069830 2452.2
1069840 2452.2
1069850 2446.8
1069860 2441.1
1069870 2441.1
1069880 2436.4
1069890 2431.6
1069900 2431.6
1069910 2427.2
1069920 2423.4
1069930 2418.9
1069940 2418.9
1069950 2414.5
1069960 2410.9
1069970 2410.9
1069980 2406.2
1069990 2401.6
1070000 2401.6
1070010 2396.5
1070020 2389.5
1070030 2389.5
1070040 2384.8
1070050 2382.0
1070060 2382.0
1070070 2379.3
1070080 2381.1
1070090 2381.1
1070100 2378.5
1070110 2376.6
1070120 2376.6
1070130 2374.8
1070140 2372.6
1070150 2368.3
1070160 2368.3
1070170 2364.9
1070180 2361.3
1070190 2361.3
1070200 2356.6
1070210 2350.8
1070220 2350.8
1070230 2346.8
1070240 2342.0
1070250 2342.0
1070260 2337.6
1070270 2333.4
1070280 2333.4
1070290 2329.9
1070300 2326.1
1070310 2326.1
1070320 2322.4
1070330 2318.9
1070340 2318.9
1070350 2315.4
1070360 2312.8
1070370 2310.2
1070380 2310.2
1070390 2310.0
1070400 2307.5
1070410 2307.5
1070420 2305.1
1070430 2303.1
1070440 2303.1
1070450 2301.4
1070460 2299.3
1070470 2299.3
1070480 2298.5
1070490 2298.9
1070500 2298.9
1070510 2299.7
1070520 2299.4
1070530 2299.4
1070540 2298.0
1070550 2296.5
1070560 2296.5
1070570 2294.2
1070580 2291.2
1070590 2287.9
1070600 2287.9
1070610 2285.7
1070620 2284.1
1070630 2284.1
1070640 2282.8
1070650 2280.9
1070660 2280.9
1070670 2278.8
1070680 2277.1
1070690 2280.5
1070700 2277.9
1070710 2276.1
1070720 2276.1
1070730 2274.3
1070740 2273.1
1070750 2273.1
1070760 2271.8
1070770 2270.4
1070780 2270.4
1070790 2268.7
1070800 2266.5
1070810 2264.4
1070820 2264.4
1070830 2261.6
1070840 2257.2
1070850 2257.2
1070860 2252.1
1070870 2248.6
1070880 2248.6
1070890 2246.9
1070900 2246.1
1070910 2246.1
1070920 2244.3
1070930 2242.4
1070940 2242.4
1070950 2240.8
1070960 2238.1
1070970 2238.1
1070980 2236.2
1070990 2234.9
1071000 2236.3
1071010 2234.9
1071020 2233.2
1071030 2230.8
1071040 2230.8
1071050 2228.6
1071060 2227.2
1071070 2227.2
1071080 2224.8
1071090 2221.5
1071100 2221.5
1071110 2218.4
1071120 2215.0
1071130 2215.0
1071140 2213.5
1071150 2212.6
1071160 2212.6
1071170 2212.2
1071180 2211.7
1071190 2211.7
1071200 2211.0
1071210 2210.8
1071220 2210.8
1071230 2210.4
1071240 2210.6
1071250 2210.6
1071260 2211.1
1071270 2211.4
1071280 2210.4
1071290 2210.4
1071300 2210.0
1071310 2212.4
1071320 2212.4
1071330 2212.1
1071340 2212.1
1071350 2212.1
1071360 2212.5
1071370 2211.3
1071380 2211.3
1071390 2209.2
1071400 2206.7
1071410 2206.7
1071420 2204.5
1071430 2203.5
1071440 2203.5
1071450 2203.5
1071460 2202.6
1071470 2202.6
1071480 2200.2
1071490 2195.6
1071500 2187.2
1071510 2187.2
1071520 2185.1
1071530 2184.7
1071540 2184.7
1071550 2183.3
1071560 2178.5
1071570 2178.5
1071580 2165.8
1071590 2146.0
1071600 2146.0
1071610 2136.3
1071620 2130.8
1071630 2130.8
1071640 2125.6
1071650 2121.3
1071660 2121.3
1071670 2120.7
1071680 2121.6
1071690 2121.6
1071700 2122.5
1071710 2121.0
1071720 2117.6
1071730 2117.6
1071740 2112.6
1071750 2109.1
1071760 2109.1
1071770 2107.6
1071780 2105.9
1071790 2105.9
1071800 2104.0
1071810 2102.0
1071820 2102.0
1071830 2098.1
1071840 2094.1
1071850 2094.1
1071860 2092.7
1071870 2090.6
1071880 2090.6
1071890 2088.7
1071900 2087.4
1071910 2087.4
1071920 2092.3
1071930 2089.8
1071940 2086.9
1071950 2086.9
1071960 2087.2
1071970 2087.9
1071980 2087.9
1071990 2086.3
1072000 2086.6
1072010 2086.6
1072020 2086.4
1072030 2081.8
1072040 2081.8
1072050 2067.3
1072060 2050.8
1072070 2050.8
1072080 2036.6
1072090 2027.1
1072100 2027.1
1072110 2019.6
1072120 2013.3
1072130 2013.3
1072140 2005.8
1072150 1998.5
1072160 1993.1
1072170 1993.1
1072180 1987.3
1072190 1981.5
1072200 1981.5
1072210 1976.0
1072220 1970.2
1072230 1972.5
1072240 1967.3
1072250 1962.6
1072260 1962.6
1072270 1958.5
1072280 1955.6
1072290 1955.6
1072300 1954.0
1072310 1953.8
1072320 1953.8
1072330 1954.8
1072340 1956.3
1072350 1956.3
1072360 1957.4
1072370 1958.0
1072380 1959.4
1072390 1959.4
1072400 1961.8
1072410 1965.0
1072420 1965.0
1072430 1969.1
1072440 1973.9
1072450 1973.9
1072460 1979.3
1072470 1984.8
1072480 1984.8
1072490 1990.7
1072500 1996.6
1072510 1996.6
1072520 2002.1
1072530 2007.3
1072540 2012.1
1072550 2017.0
1072560 2022.7
1072570 2022.7
1072580 2036.2
1072590 2069.6
1072600 2069.6
1072610 2077.5
1072620 2085.7
1072630 2094.1
1072640 2094.1
1072650 2109.7
1072660 2122.8
1072670 2122.8
1072680 2132.1
1072690 2135.1
1072700 2135.1
1072710 2135.3
1072720 2135.1
1072730 2135.1
1072740 2135.3
1072750 2136.0
1072760 2136.0
1072770 2136.5
1072780 2135.7
1072790 2135.7
1072800 2136.1
1072810 2135.6
1072820 2135.6
1072830 2136.1
1072840 2141.4
1072850 2142.9
1072860 2142.9
1072870 2144.8
1072880 2147.4
1072890 2147.4
1072900 2150.7
1072910 2153.5
1072920 2153.5
1072930 2155.2
1072940 2156.5
1072950 2156.5
1072960 2159.1
1072970 2160.3
1072980 2160.3
1072990 2161.3
1073000 2162.2
1073010 2162.2
1073020 2164.2
1073030 2167.0
1073040 2167.0
1073050 2170.1
1073060 2173.5
1073070 2176.4
1073080 2176.4
1073090 2179.7
1073100 2183.6
1073110 2183.6
1073120 2188.3
1073130 2193.3
1073140 2193.3
1073150 2200.2
1073160 2205.5
1073170 2205.5
1073180 2211.1
1073190 2217.0
1073200 2217.0
1073210 2222.8
1073220 2228.4
1073230 2228.4
1073240 2234.7
1073250 2241.1
1073260 2241.1
1073270 2247.9
1073280 2254.5
1073290 2261.5
1073300 2261.5
1073310 2268.4
1073320 2275.2
1073330 2275.2
1073340 2282.6
1073350 2290.1
1073360 2290.1
1073370 2297.2
1073380 2303.4
1073390 2303.4
1073400 2313.3
1073410 2333.4
1073420 2333.4
1073430 2351.4
1073440 2380.3
1073450 2380.3
1073460 2401.0
1073470 2408.8
1073480 2408.8
1073490 2418.2
1073500 2426.1
1073510 2438.3
1073520 2438.3
1073530 2451.0
1073540 2449.5
1073550 2449.5
1073560 2444.8
1073570 2443.4
1073580 2443.4
1073590 2440.9
1073600 2441.1
1073610 2441.1
1073620 2440.6
1073630 2436.3
1073640 2436.3
1073650 2436.7
1073660 2431.1
1073670 2431.1
1073680 2431.7
1073690 2433.2
1073700 2433.2
1073710 2429.7
1073720 2425.9
1073730 2418.3
1073740 2418.3
1073750 2410.5
1073760 2404.5
1073770 2399.8
1073780 2393.2
1073790 2396.2
1073800 2396.2
1073810 2397.8
1073820 2397.8
1073830 2397.8
1073840 2397.1
1073850 2394.6
1073860 2394.6
1073870 2395.0
1073880 2395.2
1073890 2395.2
1073900 2390.3
1073910 2383.9
1073920 2383.9
1073930 2377.3
1073940 2373.2
1073950 2373.2
1073960 2375.7
1073970 2383.1
1073980 2377.5
1073990 2377.5
1074000 2367.9
1074010 2366.1
1074020 2366.1
1074030 2361.9
1074040 2357.5
1074050 2357.5
1074060 2356.6
1074070 2356.2
1074080 2349.3
1074090 2343.4
1074100 2340.8
1074110 2340.8
1074120 2340.7
1074130 2339.5
1074140 2339.5
1074150 2339.6
1074160 2335.7
1074170 2335.7
1074180 2333.9
1074190 2337.3
1074200 2340.3
1074210 2340.3
1074220 2339.7
1074230 2338.6
1074240 2338.6
1074250 2338.1
1074260 2335.3
1074270 2335.3
1074280 2336.7
1074290 2343.3
1074300 2343.3
1074310 2346.2
1074320 2355.6
1074330 2355.6
1074340 2365.7
1074350 2374.6
1074360 2374.6
1074370 2372.9
1074380 2370.1
1074390 2360.2
1074400 2358.5
1074410 2351.0
1074420 2342.1
1074430 2342.1
1074440 2330.2
1074450 2318.9
1074460 2318.9
1074470 2316.6
1074480 2316.6
1074490 2316.6
1074500 2311.4
1074510 2310.2
1074520 2310.2
1074530 2310.3
1074540 2309.5
1074550 2309.5
1074560 2304.0
1074570 2298.1
1074580 2298.1
1074590 2291.7
1074600 2281.0
1074610 2281.0
1074620 2264.1
1074630 2251.2
1074640 2243.9
1074650 2243.9
1074660 2235.7
1074670 2228.5
1074680 2228.5
1074690 2221.6
1074700 2216.1
1074710 2216.1
1074720 2210.2
1074730 2204.9
1074740 2204.9
1074750 2200.1
1074760 2196.2
1074770 2196.2
1074780 2194.5
1074790 2193.9
1074800 2193.9
1074810 2194.3
1074820 2196.1
1074830 2196.1
1074840 2197.0
1074850 2198.5
1074860 2201.0
1074870 2201.0
1074880 2206.9
1074890 2211.1
1074900 2211.1
1074910 2210.8
1074920 2209.7
1074930 2209.7
1074940 2209.8
1074950 2208.8
1074960 2208.8
1074970 2206.5
1074980 2204.1
1074990 2204.1
1075000 2202.7
1075010 2209.7
1075020 2209.7
1075030 2212.7
1075040 2216.5
1075050 2216.5
1075060 2220.3
1075070 2224.8
1075080 2229.7
1075090 2229.7
1075100 2235.0
1075110 2240.5
1075120 2240.5
1075130 2245.1
1075140 2251.3
1075150 2251.3
1075160 2266.8
1075170 2283.1
1075180 2283.1
1075190 2295.9
1075200 2310.0
1075210 2310.0
1075220 2324.7
1075230 2339.4
1075240 2339.4
1075250 2351.1
1075260 2364.3
1075270 2364.3
1075280 2370.5
1075290 2383.0
1075300 2408.3
1075310 2408.3
1075320 2428.2
1075330 2429.1
1075340 2429.1
1075350 2438.7
1075360 2443.0
1075370 2443.0
1075380 2449.2
1075390 2457.1
1075400 2457.1
1075410 2469.7
1075420 2475.7
1075430 2475.7
1075440 2488.6
1075450 2503.4
1075460 2503.4
1075470 2522.9
1075480 2537.4
1075490 2537.4
1075500 2535.2
1075510 2554.0
1075520 2554.0
1075530 2560.9
1075540 2565.6
1075550 2572.5
1075560 2572.5
1075570 2572.3
1075580 2570.1
1075590 2570.1
1075600 2571.9
1075610 2574.4
1075620 2574.4
1075630 2563.1
1075640 2561.1
1075650 2561.1
1075660 2566.2
1075670 2569.6
1075680 2569.6
1075690 2569.9
1075700 2572.9
1075710 2572.9
1075720 2573.6
1075730 2579.1
1075740 2579.1
1075750 2589.8
1075760 2602.7
1075770 2614.9
1075780 2614.9
1075790 2625.8
1075800 2631.0
1075810 2631.0
1075820 2632.2
1075830 2631.2
1075840 2631.2
1075850 2628.2
1075860 2624.2
1075870 2624.2
1075880 2622.5
1075890 2619.6
1075900 2619.6
1075910 2622.7
1075920 2625.6
1075930 2625.6
1075940 2613.6
1075950 2613.8
1075960 2613.8
1075970 2610.8
1075980 2608.0
1075990 2606.1
1076000 2606.1
1076010 2607.6
1076020 2608.9
1076030 2608.9
1076040 2609.3
1076050 2608.2
1076060 2608.2
1076070 2607.9
1076080 2607.7
1076090 2607.7
1076100 2605.4
1076110 2604.9
1076120 2604.9
1076130 2604.8
1076140 2607.1
1076150 2607.1
1076160 2609.3
1076170 2611.6
1076180 2611.6
1076190 2612.1
1076200 2612.4
1076210 2616.9
1076220 2616.9
1076230 2622.6
1076240 2624.2
1076250 2615.4
1076260 2624.0
1076270 2630.2
1076280 2630.2
1076290 2632.8
1076300 2633.8
1076310 2633.8
1076320 2643.2
1076330 2652.0
1076340 2652.0
1076350 2659.3
1076360 2660.9
1076370 2660.9
1076380 2663.1
1076390 2669.6
1076400 2669.6
1076410 2667.1
1076420 2657.5
1076430 2650.2
1076440 2650.2
1076450 2644.4
1076460 2638.7
1076470 2638.7
1076480 2633.7
1076490 2629.6
1076500 2629.6
1076510 2625.8
1076520 2621.8
1076530 2621.8
1076540 2617.8
1076550 2614.2
1076560 2606.1
1076570 2602.9
1076580 2602.8
1076590 2602.8
1076600 2601.2
1076610 2600.8
1076620 2600.8
1076630 2605.0
1076640 2610.4
1076650 2613.6
1076660 2613.6
1076670 2618.6
1076680 2621.3
1076690 2621.3
1076700 2622.3
1076710 2622.3
1076720 2622.3
1076730 2622.4
1076740 2621.7
1076750 2621.7
1076760 2619.8
1076770 2618.1
1076780 2618.1
1076790 2617.5
1076800 2617.5
1076810 2617.5
1076820 2616.4
1076830 2615.7
1076840 2615.7
1076850 2617.3
1076860 2618.9
1076870 2613.2
1076880 2616.0
1076890 2616.0
1076900 2616.3
1076910 2616.3
1076920 2621.3
1076930 2622.8
1076940 2622.8
1076950 2621.6
1076960 2616.2
1076970 2616.2
1076980 2612.7
1076990 2615.8
1077000 2615.8
1077010 2615.6
1077020 2610.8
1077030 2610.8
1077040 2607.1
1077050 2610.5
1077060 2610.5
1077070 2604.1
1077080 2600.8
1077090 2600.8
1077100 2602.9
1077110 2607.3
1077120 2612.1
1077130 2612.1
1077140 2615.3
1077150 2617.3
1077160 2617.3
1077170 2620.1
1077180 2560.5
1077190 2560.5
1077200 2556.8
1077210 2560.9
1077220 2560.9
1077230 2565.1
1077240 2569.4
1077250 2569.4
1077260 2573.1
1077270 2573.3
1077280 2573.3
1077290 2567.1
1077300 2560.7
1077310 2560.7
1077320 2554.1
1077330 2544.6
1077340 2534.0
1077350 2534.0
1077360 2524.5
1077370 2513.2
1077380 2513.2
1077390 2504.6
1077400 2503.2
1077410 2503.2
1077420 2505.3
1077430 2508.3
1077440 2508.3
1077450 2512.2
1077460 2518.7
1077470 2518.7
1077480 2526.5
1077490 2531.0
1077500 2531.0
1077510 2538.6
1077520 2546.5
1077530 2546.5
1077540 2556.6
1077550 2567.7
1077560 2575.6
1077570 2575.6
1077580 2584.9
1077590 2592.2
1077600 2592.2
1077610 2597.4
1077620 2602.5
1077630 2602.5
1077640 2609.1
1077650 2615.3
1077660 2615.3
1077670 2621.4
1077680 2628.1
1077690 2628.1
1077700 2635.1
1077710 2642.4
1077720 2642.4
1077730 2649.5
1077740 2657.5
1077750 2657.5
1077760 2670.5
1077770 2688.6
1077780 2709.8
1077790 2709.8
1077800 2721.5
1077810 2728.1
1077820 2728.1
1077830 2726.8
1077840 2724.0
1077850 2724.0
1077860 2721.5
1077870 2718.8
1077880 2718.8
1077890 2717.5
1077900 2716.2
1077910 2716.2
1077920 2715.4
1077930 2714.4
1077940 2714.4
1077950 2713.1
1077960 2711.9
1077970 2711.9
1077980 2710.7
1077990 2710.2
1078000 2710.6
1078010 2710.6
1078020 2711.4
1078030 2712.5
1078040 2712.5
1078050 2714.0
1078060 2715.4
1078070 2715.4
1078080 2716.5
1078090 2716.7
1078100 2716.7
1078110 2715.7
1078120 2714.0
1078130 2714.0
1078140 2710.7
1078150 2707.0
1078160 2707.0
1078170 2703.3
1078180 2699.4
1078190 2699.4
1078200 2695.6
1078210 2691.8
1078220 2691.8
1078230 2688.3
1078240 2684.9
1078250 2681.8
1078260 2681.8
1078270 2678.9
1078280 2676.4
1078290 2676.4
1078300 2674.0
1078310 2672.0
1078320 2672.0
1078330 2670.3
1078340 2668.6
1078350 2668.6
1078360 2667.2
1078370 2665.9
1078380 2665.9
1078390 2664.8
1078400 2663.7
1078410 2663.7
1078420 2662.7
1078430 2664.9
1078440 2664.9
1078450 2663.9
1078460 2663.0
1078470 2662.1
1078480 2662.1
1078490 2661.2
1078500 2660.5
1078510 2660.5
1078520 2659.8
1078530 2659.3
1078540 2659.3
1078550 2658.7
1078560 2657.9
1078570 2657.9
1078580 2657.1
1078590 2656.2
1078600 2656.2
1078610 2655.3
1078620 2654.2
1078630 2654.2
1078640 2653.3
1078650 2652.3
1078660 2652.3
1078670 2651.3
1078680 2650.3
1078690 2649.2
1078700 2649.2
1078710 2648.1
1078720 2646.9
1078730 2646.9
1078740 2648.4
1078750 2647.2
1078760 2647.2
1078770 2646.1
1078780 2645.0
1078790 2645.0
1078800 2643.9
1078810 2642.9
1078820 2642.9
1078830 2641.9
1078840 2641.0
1078850 2641.0
1078860 2640.0
1078870 2639.0
1078880 2639.0
1078890 2637.8
1078900 2636.5
1078910 2635.2
1078920 2635.2
1078930 2633.6
1078940 2631.9
1078950 2631.9
1078960 2630.4
1078970 2628.5
1078980 2628.5
1078990 2626.7
1079000 2624.8
1079010 2624.8
1079020 2622.7
1079030 2620.4
1079040 2620.4
1079050 2621.1
1079060 2618.7
1079070 2618.7
1079080 2616.8
1079090 2614.4
1079100 2614.4
1079110 2612.1
1079120 2610.5
1079130 2608.9
1079140 2608.9
1079150 2609.2
1079160 2607.2
1079170 2607.2
1079180 2602.6
1079190 2597.4
1079200 2597.4
1079210 2593.0
1079220 2590.7
1079230 2590.7
1079240 2588.2
1079250 2583.6
1079260 2583.6
1079270 2580.3
1079280 2572.5
1079290 2572.5
1079300 2565.1
1079310 2559.8
1079320 2559.8
1079330 2556.3
1079340 2553.5
1079350 2550.9
1079360 2550.9
1079370 2551.0
1079380 2548.5
1079390 2548.5
1079400 2546.3
1079410 2544.3
1079420 2544.3
1079430 2542.2
1079440 2540.2
1079450 2540.2
1079460 2538.4
1079470 2536.6
1079480 2536.6
1079490 2534.9
1079500 2533.4
1079510 2533.4
1079520 2532.0
1079530 2530.6
1079540 2530.6
1079550 2529.1
1079560 2527.4
1079570 2527.4
1079580 2526.0
1079590 2524.5
1079600 2522.9
1079610 2522.9
1079620 2521.4
1079630 2519.9
1079640 2519.9
1079650 2518.4
1079660 2517.2
1079670 2517.2
1079680 2517.4
1079690 2516.1
1079700 2516.1
1079710 2514.9
1079720 2513.8
1079730 2513.8
1079740 2512.5
1079750 2511.3
1079760 2511.3
1079770 2509.9
1079780 2508.5
1079790 2508.5
1079800 2507.1
1079810 2505.6
1079820 2503.9
1079830 2503.9
1079840 2502.7
1079850 2501.4
1079860 2501.4
1079870 2500.2
1079880 2498.8
1079890 2498.8
1079900 2497.5
1079910 2496.4
1079920 2496.4
1079930 2495.1
1079940 2493.8
1079950 2493.8
1079960 2492.5
1079970 2491.1
1079980 2491.1
1079990 2491.5
