1069470 2209.9
1069480 2211.8
1069490 2211.8
1069500 2214.2
1069510 2216.2
1069520 2216.2
1069530 2218.3
1069540 2220.0
1069550 2220.0
1069560 2221.5
1069570 2222.1
1069580 2222.1
1069590 2222.7
1069600 2223.6
1069610 2218.3
1069620 2218.2
1069630 2219.6
1069640 2219.6
1069650 2221.6
1069660 2222.7
1069670 2222.7
1069680 2222.9
1069690 2223.3
1069700 2226.4
1069710 2226.4
1069720 2228.6
1069730 2230.8
1069740 2230.8
1069750 2283.6
1069760 2307.9
1069770 2307.9
1069780 2313.1
1069790 2314.9
1069800 2314.9
1069810 2316.0
1069820 2318.8
1069830 2318.8
1069840 2319.2
1069850 2315.0
1069860 2315.0
1069870 2310.7
1069880 2305.7
1069890 2305.7
1069900 2302.4
1069910 2301.5
1069920 2287.7
1069930 2290.6
1069940 2296.2
1069950 2302.9
1069960 2302.9
1069970 2306.0
1069980 2308.1
1069990 2308.1
1070000 2313.0
1070010 2319.7
1070020 2319.7
1070030 2326.4
1070040 2331.1
1070050 2331.1
1070060 2333.7
1070070 2337.8
1070080 2337.8
1070090 2343.0
1070100 2349.5
1070110 2349.5
1070120 2390.0
1070130 2465.2
1070140 2465.2
1070150 2465.6
1070160 2458.3
1070170 2451.8
1070180 2451.8
1070190 2448.0
1070200 2442.9
1070210 2442.9
1070220 2442.0
1070230 2439.6
1070240 2439.6
1070250 2436.1
1070260 2431.2
1070270 2431.2
1070280 2426.2
1070290 2421.6
1070300 2421.6
1070310 2415.8
1070320 2410.8
1070330 2410.8
1070340 2407.7
1070350 2406.5
1070360 2406.5
1070370 2405.8
1070380 2405.2
1070390 2403.3
1070400 2403.3
1070410 2400.8
1070420 2398.7
1070430 2398.7
1070440 2395.9
1070450 2392.9
1070460 2392.9
1070470 2389.9
1070480 2390.1
1070490 2390.1
1070500 2390.0
1070510 2389.3
1070520 2389.3
1070530 2398.1
1070540 2398.9
1070550 2398.9
1070560 2398.1
1070570 2395.7
1070580 2395.7
1070590 2391.3
1070600 2388.1
1070610 2385.6
1070620 2385.6
1070630 2382.8
1070640 2379.1
1070650 2379.1
1070660 2375.9
1070670 2372.7
1070680 2372.7
1070690 2369.8
1070700 2366.7
1070710 2366.7
1070720 2363.6
1070730 2360.7
1070740 2360.7
1070750 2357.8
1070760 2354.4
1070770 2354.4
1070780 2350.9
1070790 2348.0
1070800 2348.0
1070810 2344.3
1070820 2339.5
1070830 2333.7
1070840 2330.7
1070850 2319.2
1070860 2311.6
1070870 2311.6
1070880 2307.0
1070890 2303.5
1070900 2303.5
1070910 2300.5
1070920 2300.1
1070930 2300.1
1070940 2299.3
1070950 2298.1
1070960 2298.1
1070970 2296.1
1070980 2294.3
1070990 2294.3
1071000 2290.9
1071010 2288.8
1071020 2288.8
1071030 2286.4
1071040 2283.9
1071050 2281.9
1071060 2281.9
1071070 2280.7
1071080 2280.6
1071090 2280.6
1071100 2279.3
1071110 2277.1
1071120 2277.1
1071130 2274.9
1071140 2263.9
1071150 2263.9
1071160 2259.8
1071170 2255.8
1071180 2255.8
1071190 2252.3
1071200 2249.3
1071210 2249.3
1071220 2245.5
1071230 2241.8
1071240 2241.8
1071250 2237.3
1071260 2230.4
1071270 2230.4
1071280 2224.5
1071290 2219.7
1071300 2215.5
1071310 2215.5
1071320 2210.6
1071330 2205.9
1071340 2205.9
1071350 2203.3
1071360 2202.1
1071370 2202.1
1071380 2201.1
1071390 2200.7
1071400 2200.7
1071410 2200.6
1071420 2200.5
1071430 2200.5
1071440 2200.6
1071450 2207.0
1071460 2207.0
1071470 2211.2
1071480 2218.8
1071490 2218.8
1071500 2225.0
1071510 2226.9
1071520 2227.5
1071530 2227.5
1071540 2226.2
1071550 2224.5
1071560 2224.5
1071570 2221.9
1071580 2219.1
1071590 2219.1
1071600 2215.7
1071610 2212.2
1071620 2212.2
1071630 2209.1
1071640 2205.2
1071650 2205.2
1071660 2199.5
1071670 2193.8
1071680 2193.8
1071690 2188.9
1071700 2185.4
1071710 2185.4
1071720 2182.8
1071730 2179.6
1071740 2176.9
1071750 2176.9
1071760 2175.6
1071770 2172.3
1071780 2172.3
1071790 2169.9
1071800 2170.6
1071810 2170.6
1071820 2174.4
1071830 2179.8
1071840 2179.8
1071850 2180.9
1071860 2179.8
1071870 2179.8
1071880 2177.3
1071890 2174.4
1071900 2174.4
1071910 2169.8
1071920 2166.0
1071930 2166.0
1071940 2164.3
1071950 2163.5
1071960 2161.6
1071970 2161.6
1071980 2159.1
1071990 2157.7
1072000 2157.7
1072010 2154.8
1072020 2151.4
1072030 2151.4
1072040 2147.2
1072050 2141.2
1072060 2142.1
1072070 2137.1
1072080 2134.8
1072090 2134.8
1072100 2130.4
1072110 2126.7
1072120 2126.7
1072130 2121.6
1072140 2118.8
1072150 2118.8
1072160 2115.5
1072170 2111.2
1072180 2107.7
1072190 2107.7
1072200 2108.2
1072210 2106.4
1072220 2106.4
1072230 2109.4
1072240 2108.2
1072250 2108.2
1072260 2108.8
1072270 2109.7
1072280 2109.7
1072290 2108.9
1072300 2105.8
1072310 2105.8
1072320 2103.0
1072330 2101.7
1072340 2101.7
1072350 2100.1
1072360 2098.3
1072370 2102.0
1072380 2101.1
1072390 2103.7
1072400 2105.0
1072410 2105.0
1072420 2105.2
1072430 2106.2
1072440 2106.2
1072450 2108.7
1072460 2111.1
1072470 2111.1
1072480 2112.9
1072490 2114.2
1072500 2114.2
1072510 2115.7
1072520 2118.8
1072530 2118.8
1072540 2123.6
1072550 2127.2
1072560 2127.2
1072570 2130.8
1072580 2135.3
1072590 2135.3
1072600 2140.8
1072610 2146.2
1072620 2151.1
1072630 2151.1
1072640 2155.3
1072650 2160.3
1072660 2160.3
1072670 2165.7
1072680 2175.0
1072690 2175.0
1072700 2182.2
1072710 2189.1
1072720 2189.1
1072730 2194.9
1072740 2200.5
1072750 2200.5
1072760 2206.0
1072770 2213.7
1072780 2213.7
1072790 2222.4
1072800 2228.3
1072810 2228.3
1072820 2233.5
1072830 2242.1
1072840 2242.1
1072850 2248.8
1072860 2254.9
1072870 2262.4
1072880 2262.4
1072890 2273.0
1072900 2288.4
1072910 2288.4
1072920 2294.2
1072930 2297.3
1072940 2297.3
1072950 2301.5
1072960 2306.2
1072970 2306.2
1072980 2311.5
1072990 2311.6
1073000 2311.6
1073010 2313.8
1073020 2315.7
1073030 2315.7
1073040 2316.8
1073050 2319.4
1073060 2319.4
1073070 2323.3
1073080 2328.6
1073090 2333.4
1073100 2333.4
1073110 2339.7
1073120 2346.7
1073130 2346.7
1073140 2348.5
1073150 2349.8
1073160 2349.8
1073170 2350.7
1073180 2351.1
1073190 2351.1
1073200 2350.6
1073210 2349.5
1073220 2349.5
1073230 2349.5
1073240 2351.7
1073250 2351.7
1073260 2353.4
1073270 2356.6
1073280 2356.6
1073290 2362.5
1073300 2367.8
1073310 2371.5
1073320 2371.5
1073330 2372.2
1073340 2370.0
1073350 2370.0
1073360 2363.8
1073370 2356.0
1073380 2356.0
1073390 2349.2
1073400 2342.7
1073410 2342.7
1073420 2337.1
1073430 2331.7
1073440 2331.7
1073450 2326.3
1073460 2321.2
1073470 2321.2
1073480 2315.9
1073490 2311.2
1073500 2311.2
1073510 2306.8
1073520 2302.6
1073530 2298.6
1073540 2298.6
1073550 2294.9
1073560 2291.4
1073570 2291.4
1073580 2287.4
1073590 2283.6
1073600 2280.4
1073610 2276.0
1073620 2271.3
1073630 2271.3
1073640 2267.0
1073650 2263.7
1073660 2263.7
1073670 2261.1
1073680 2258.7
1073690 2258.7
1073700 2256.0
1073710 2253.5
1073720 2253.5
1073730 2252.5
1073740 2251.2
1073750 2249.8
1073760 2249.8
1073770 2248.2
1073780 2245.6
1073790 2245.6
1073800 2244.8
1073810 2243.7
1073820 2243.7
1073830 2241.7
1073840 2239.0
1073850 2239.0
1073860 2235.6
1073870 2233.2
1073880 2233.2
1073890 2231.3
1074370 2156.4
1074380 2156.4
1074390 2154.2
1074400 2152.5
1074410 2152.5
1074420 2150.7
1074430 2148.6
1074440 2146.6
1074450 2146.6
1074460 2144.6
1074470 2142.4
1074480 2142.4
1074490 2140.5
1074500 2138.7
1074510 2138.7
1074520 2137.5
1074530 2134.5
1074540 2134.5
1074550 2135.3
1074560 2136.2
1074570 2136.2
1074580 2135.2
1074590 2132.3
1074600 2132.3
1074610 2128.0
1074620 2124.2
1074630 2124.2
1074640 2120.8
1074650 2117.3
1074660 2114.7
1074670 2114.7
1074680 2113.0
1074690 2111.5
1074700 2111.5
1074710 2109.3
1074720 2106.1
1074730 2106.1
1074740 2104.5
1074750 2104.9
1074760 2104.9
1074770 2107.4
1074780 2111.4
1074790 2111.4
1074800 2115.9
1074810 2120.2
1074820 2120.2
1074830 2123.8
1074840 2120.8
1074850 2120.8
1074860 2120.7
1074870 2119.6
1074880 2120.0
1074890 2120.0
1074900 2122.2
1074910 2125.5
1074920 2125.5
1074930 2129.4
1074940 2133.1
1074950 2133.1
1074960 2136.9
1074970 2141.0
1074980 2141.0
1074990 2146.2
1075000 2151.7
1075010 2151.7
1075020 2156.8
1075030 2161.8
1075040 2161.8
1075050 2166.8
1075060 2171.8
1075070 2171.8
1075080 2176.3
1075090 2180.0
1075100 2183.6
1075110 2183.6
1075120 2187.6
1075130 2191.9
1075140 2191.9
1075150 2192.3
1075160 2197.2
1075170 2197.2
1075180 2201.0
1075190 2204.4
1075200 2204.4
1075210 2207.5
1075220 2209.7
1075230 2209.7
1075240 2211.8
1075250 2216.4
1075260 2216.4
1075270 2218.1
1075280 2222.7
1075290 2222.7
1075300 2230.2
1075310 2235.2
1075320 2232.3
1075330 2232.3
1075340 2237.2
1075350 2242.2
1075360 2242.2
1075370 2236.7
1075380 2239.0
1075390 2239.0
1075400 2245.8
1075410 2248.1
1075420 2248.1
1075430 2250.8
1075440 2254.2
1075450 2254.2
1075460 2239.5
1075470 2244.9
1075480 2244.9
1075490 2248.3
1075500 2253.0
1075510 2253.0
1075520 2255.8
1075530 2262.3
1075540 2277.0
1075550 2277.0
1075560 2292.1
1075570 2305.0
1075580 2305.0
1075590 2312.2
1075600 2312.0
1075610 2312.0
1075620 2309.9
1075630 2309.1
1075640 2309.1
1075650 2306.6
1075660 2306.8
1075670 2306.8
1075680 2308.1
1077630 2444.1
1077640 2450.4
1077650 2450.4
1077660 2456.6
1077670 2462.7
1077680 2462.7
1077690 2469.2
1077700 2475.6
1077710 2475.6
1077720 2482.3
1077730 2489.4
1077740 2489.4
1077750 2496.7
1077760 2503.6
1077770 2503.6
1077780 2510.5
1077790 2519.1
1077800 2527.3
1077810 2527.3
1077820 2535.4
1077830 2542.9
1077840 2542.9
1077850 2551.2
1077860 2562.9
1077870 2562.9
1077880 2569.8
1077890 2579.9
1077900 2579.9
1077910 2591.5
1077920 2607.3
1077930 2607.3
1077940 2617.1
1077950 2624.4
1077960 2624.4
1077970 2637.1
1077980 2653.7
1077990 2653.7
1078000 2675.2
1078010 2700.3
1078020 2710.4
1078030 2710.4
1078040 2717.7
1078050 2725.3
1078060 2725.3
1078070 2723.9
1078080 2715.1
1078090 2715.1
1078100 2714.8
1078110 2716.2
1078120 2716.2
1078130 2716.3
1078140 2713.3
1078150 2713.3
1078160 2708.5
1078170 2710.5
1078180 2710.5
1078190 2705.5
1078200 2698.4
1078210 2698.4
1078220 2696.2
1078230 2698.5
1078240 2709.1
1078250 2709.1
1078260 2721.1
1078270 2733.4
1078280 2733.4
1078290 2743.4
1078300 2741.8
1078310 2741.8
1078320 2745.0
1078330 2747.6
1078340 2747.6
1078350 2746.9
1078360 2745.8
1078370 2745.8
1078380 2746.5
1078390 2747.8
1078400 2747.8
1078410 2747.5
1078420 2747.6
1078430 2747.6
1078440 2747.5
1078450 2746.4
1078460 2745.4
1078470 2745.4
1078480 2744.8
1078490 2743.3
1078500 2743.3
1078510 2742.8
1078520 2742.2
1078530 2742.2
1078540 2742.6
1078550 2743.1
1078560 2743.1
1078570 2746.1
1078580 2745.6
1078590 2745.6
1078600 2744.1
1078610 2743.8
1078620 2743.8
1078630 2743.0
1078640 2743.2
1078650 2743.2
1078660 2742.0
1078670 2739.2
1078680 2737.5
1078690 2737.5
1078700 2737.7
1078710 2737.2
1078720 2737.2
1078730 2736.7
1078740 2736.2
1078750 2736.2
1078760 2736.2
1078770 2736.8
1078780 2736.8
1078790 2736.8
1078800 2737.9
1078810 2737.9
1078820 2738.8
1078830 2739.4
1078840 2739.4
1078850 2739.5
1078860 2739.9
1078870 2739.9
1078880 2740.5
1078890 2742.5
1078900 2742.5
1078910 2742.5
1078920 2742.6
1078930 2743.5
1078940 2743.5
1078950 2746.1
1078960 2748.2
1078970 2748.2
1078980 2749.3
1078990 2749.6
1079000 2749.6
1079010 2749.4
1079020 2747.9
1079030 2747.9
1079040 2747.2
1079050 2745.9
1079060 2745.9
1079070 2744.1
1079080 2741.2
1079090 2741.2
1079100 2738.3
1079110 2738.0
1079120 2738.0
1079130 2737.5
1079140 2736.6
1079150 2735.6
1079160 2735.6
1079170 2734.5
1079180 2731.4
1079190 2731.4
1079200 2721.7
1079210 2718.1
1079220 2718.1
1079230 2714.0
1079240 2709.4
1079250 2709.4
1079260 2704.4
1079270 2698.0
1079280 2698.0
1079290 2693.3
1079300 2690.4
1079310 2690.4
1079320 2685.7
1079330 2679.2
1079340 2679.2
1079350 2671.9
1079360 2668.3
1079370 2664.8
1079380 2664.8
1079390 2657.6
1079400 2650.5
1079410 2650.5
1079420 2642.1
1079430 2637.6
1079440 2637.6
1079450 2634.0
1079460 2630.3
1079470 2630.3
1079480 2625.6
1079490 2620.3
1079500 2620.3
1079510 2625.3
1079520 2623.6
1079530 2623.6
1079540 2620.8
1079550 2616.3
1079560 2616.3
1079570 2612.8
1079580 2609.5
1079590 2606.6
1079600 2606.6
1079610 2605.8
1079620 2605.0
1079630 2605.0
1079640 2604.9
1079650 2603.7
1079660 2603.7
1079670 2602.0
1079680 2599.4
1079690 2599.4
1079700 2598.2
1079710 2597.1
1079720 2597.1
1079730 2595.8
1079740 2594.5
1079750 2594.5
1079760 2595.2
1079770 2596.1
1079780 2596.1
1079790 2597.0
1079800 2598.5
1079810 2598.2
1079820 2598.2
1079830 2598.8
1079840 2598.1
1079850 2598.1
1079860 2597.7
1079870 2597.8
1079880 2597.8
1079890 2597.3
1079900 2596.8
1079910 2596.8
1079920 2597.0
1079930 2597.2
1079940 2597.2
1079950 2597.4
1079960 2596.8
1079970 2596.8
1079980 2597.0
1079990 2597.6
