1069060 2334.1
1069070 2334.1
1069080 2333.2
1069090 2333.3
1069100 2333.3
1069110 2326.5
1069120 2326.0
1069130 2326.0
1069140 2326.3
1069150 2327.2
1069160 2327.2
1069170 2327.8
1069180 2328.1
1069190 2328.1
1069200 2328.1
1069210 2329.4
1069220 2330.0
1069230 2330.0
1069240 2331.7
1069250 2333.8
1069260 2333.8
1069270 2335.8
1069280 2338.4
1069290 2338.4
1069300 2340.3
1069310 2341.4
1069320 2341.4
1069330 2343.9
1069340 2346.4
1069350 2346.4
1069360 2350.8
1069370 2362.5
1069380 2362.5
1069390 2413.1
1069400 2419.1
1069410 2418.3
1069420 2409.4
1069430 2407.2
1069440 2406.9
1069450 2406.9
1069460 2409.0
1069470 2410.1
1069480 2410.1
1069490 2409.9
1069500 2410.9
1069510 2410.9
1069520 2441.4
1069530 2484.6
1069540 2484.6
1069550 2498.4
1069560 2505.3
1069570 2505.3
1069580 2513.8
1069590 2515.2
1069600 2515.2
1069610 2510.0
1069620 2502.6
1069630 2498.4
1069640 2498.4
1069650 2493.1
1069660 2487.6
1069670 2487.6
1069680 2484.2
1069690 2482.1
1069700 2482.1
1069710 2479.6
1069720 2475.6
1069730 2475.6
1069740 2473.1
1069750 2468.3
1069760 2468.3
1069770 2464.1
1069780 2459.3
1069790 2459.3
1069800 2454.2
1069810 2449.5
1069820 2449.5
1069830 2443.5
1069840 2436.9
1069850 2430.8
1069860 2430.8
1069870 2424.9
1069880 2418.3
1069890 2418.3
1069900 2412.4
1069910 2407.2
1069920 2407.2
1069930 2402.0
1069940 2397.0
1069950 2397.0
1069960 2392.9
1069970 2387.0
1069980 2387.0
1069990 2381.5
1070000 2377.2
1070010 2377.2
1070020 2373.3
1070030 2369.6
1070040 2369.6
1070050 2363.6
1070060 2358.8
1070070 2356.7
1070080 2356.7
1070090 2356.4
1070100 2353.6
1070110 2353.6
1070120 2350.7
1070130 2349.5
1070140 2349.5
1070150 2348.3
1070160 2344.7
1070170 2344.7
1070180 2339.9
1070190 2334.7
1070200 2334.7
1070210 2331.1
1070220 2328.3
1070230 2328.3
1070240 2325.4
1070250 2322.5
1070260 2322.5
1070270 2319.4
1070280 2316.4
1070290 2313.7
1070300 2313.7
1070310 2311.2
1070320 2308.6
1070330 2310.8
1070340 2309.1
1070350 2307.4
1070360 2307.4
1070370 2305.4
1070380 2303.2
1070390 2303.2
1070400 2300.7
1070410 2298.1
1070420 2298.1
1070430 2295.4
1070440 2292.9
1070450 2292.9
1070460 2290.3
1070470 2288.4
1070480 2288.4
1070490 2286.6
1070500 2284.8
1070510 2284.8
1070520 2283.7
1070530 2282.6
1070540 2280.5
1070550 2280.5
1070560 2277.5
1070570 2274.1
1070580 2274.1
1070590 2270.9
1070600 2267.7
1070610 2267.7
1070620 2264.2
1070630 2261.4
1070640 2264.1
1070650 2262.8
1070660 2262.4
1070670 2262.4
1070680 2260.4
1070690 2257.4
1070700 2257.4
1070710 2254.6
1070720 2252.2
1070730 2252.2
1070740 2250.1
1070750 2248.6
1070760 2247.0
1070770 2247.0
1070780 2245.1
1070790 2242.9
1070800 2242.9
1070810 2240.1
1070820 2235.8
1070830 2235.8
1070840 2229.5
1070850 2222.5
1070860 2222.5
1070870 2217.4
1070880 2216.1
1070890 2216.1
1070900 2215.6
1070910 2214.2
1070920 2214.2
1070930 2212.1
1070940 2209.7
1070950 2212.2
1070960 2209.2
1070970 2207.3
1070980 2205.9
1070990 2205.9
1071000 2204.3
1071010 2202.7
1071020 2202.7
1071030 2200.9
1071040 2198.7
1071050 2198.7
1071060 2196.0
1071070 2194.0
1071080 2194.0
1071090 2192.3
1071100 2191.5
1071110 2191.5
1071120 2190.1
1071130 2189.1
1071140 2189.1
1071150 2187.7
1071160 2185.7
1071170 2185.7
1071180 2183.7
1071190 2181.3
1071200 2179.8
1071210 2179.8
1071220 2180.5
1071230 2179.8
1071240 2179.8
1071250 2179.7
1071260 2178.8
1071270 2178.8
1071280 2178.0
1071290 2178.1
1071300 2178.1
1071310 2180.4
1071320 2184.0
1071330 2184.0
1071340 2186.4
1071350 2187.4
1071360 2187.4
1071370 2187.7
1071380 2189.3
1071390 2189.3
1071400 2191.0
1071410 2192.0
1071420 2191.8
1071430 2191.8
1071440 2191.6
1071450 2190.9
1071460 2190.9
1071470 2190.4
1071480 2189.4
1071490 2189.4
1071500 2187.1
1071510 2184.6
1071520 2184.6
1071530 2181.7
1071540 2180.1
1071550 2180.1
1071560 2183.7
1071570 2181.7
1071580 2181.7
1071590 2178.7
1071600 2176.5
1071610 2176.5
1071620 2175.6
1071630 2174.7
1071640 2174.7
1071650 2172.4
1071660 2169.3
1071670 2167.1
1071680 2167.1
1071690 2163.6
1071700 2159.1
1071710 2159.1
1071720 2155.5
1071730 2152.3
1071740 2152.3
1071750 2146.5
1071760 2129.7
1071770 2129.7
1071780 2115.7
1071790 2102.3
1071800 2102.3
1071810 2087.8
1071820 2080.0
1071830 2080.0
1071840 2072.1
1071850 2064.7
1071860 2064.7
1071870 2060.3
1071880 2056.5
1071890 2055.5
1071900 2055.5
1071910 2053.0
1071920 2049.6
1071930 2049.6
1071940 2046.9
1071950 2046.6
1071960 2046.6
1071970 2046.3
1071980 2043.8
1071990 2043.8
1072000 2041.0
1072010 2039.3
1072020 2039.3
1072030 2037.9
1072040 2036.0
1072050 2036.0
1072060 2030.8
1072070 2026.4
1072080 2026.4
1072090 2024.1
1072100 2020.9
1072110 2015.8
1072120 2015.8
1072130 2009.7
1072140 2004.9
1072150 2004.9
1072160 1999.7
1072170 1992.0
1072180 1985.9
1072190 1975.9
1072200 1967.2
1072210 1967.2
1072220 1956.3
1072230 1946.6
1072240 1946.6
1072250 1939.5
1072260 1933.7
1072270 1933.7
1072280 1928.7
1072290 1923.7
1072300 1923.7
1072310 1919.2
1072320 1918.8
1072330 1918.5
1072340 1918.5
1072350 1920.1
1072360 1922.3
1072370 1922.3
1072380 1924.8
1072390 1927.7
1072400 1927.7
1072410 1930.9
1072420 1933.2
1072430 1933.2
1072440 1936.2
1072450 1938.8
1072460 1938.8
1072470 1941.7
1072480 1949.3
1072490 1949.3
1072500 1952.6
1072510 1958.5
1072520 1958.5
1072530 1966.0
1072540 1973.2
1072550 1988.3
1072560 1988.3
1072570 2015.6
1072580 2042.8
1072590 2042.8
1072600 2060.4
1072610 2068.0
1072620 2068.0
1072630 2069.3
1072640 2070.4
1072650 2070.4
1072660 2071.5
1072670 2072.5
1072680 2072.5
1072690 2082.3
1072700 2097.2
1072710 2097.2
1072720 2105.4
1072730 2110.3
1072740 2110.3
1072750 2110.9
1072760 2109.3
1072770 2109.2
1072780 2109.2
1072790 2112.3
1072800 2112.9
1072810 2112.9
1072820 2114.4
1072830 2116.7
1072840 2116.7
1072850 2119.3
1072860 2121.7
1072870 2121.7
1072880 2124.2
1072890 2127.8
1072900 2127.8
1072910 2131.6
1072920 2134.9
1072930 2134.9
1072940 2138.9
1072950 2143.4
1072960 2143.4
1072970 2147.0
1072980 2148.4
1072990 2148.4
1073000 2150.4
1073010 2152.2
1073020 2155.1
1073030 2155.1
1073040 2157.5
1073050 2160.7
1073060 2160.7
1073070 2164.3
1073080 2168.1
1073090 2168.1
1073100 2173.8
1073110 2178.1
1073120 2178.1
1073130 2182.9
1073140 2187.6
1073150 2187.6
1073160 2192.5
1073170 2198.0
1073180 2198.0
1073190 2203.5
1073200 2209.4
1073210 2209.4
1073220 2215.6
1073230 2221.9
1073240 2228.4
1073250 2228.4
1073260 2235.1
1073270 2241.9
1073280 2241.9
1073290 2248.9
1073300 2255.9
1073310 2255.9
1073320 2263.0
1073330 2270.1
1073340 2270.1
1073350 2277.4
1073360 2286.0
1073370 2286.0
1073380 2296.3
1073390 2308.3
1073400 2308.3
1073410 2328.3
1073420 2346.4
1073430 2346.4
1073440 2362.2
1073450 2375.0
1073460 2389.9
1073470 2389.9
1073480 2408.6
1073490 2425.1
1073500 2425.1
1073510 2438.5
1073520 2453.1
1073530 2453.1
1073540 2461.5
1073550 2464.3
1073560 2464.3
1073570 2467.0
1073580 2469.9
1073590 2469.9
1073600 2473.8
1073610 2484.1
1073620 2484.1
1073630 2495.2
1073640 2507.7
1073650 2507.7
1073660 2525.3
1073670 2531.7
1073680 2530.9
1073690 2530.9
1073700 2532.0
1073710 2530.8
1073720 2523.1
1073730 2520.8
1073740 2511.2
1073750 2511.2
1073760 2509.0
1073770 2508.3
1073780 2508.3
1073790 2496.8
1073800 2483.6
1073810 2483.6
1073820 2476.0
1073830 2468.8
1073840 2468.8
1073850 2461.9
1073860 2454.6
1073870 2454.6
1073880 2445.8
1073890 2435.7
1073900 2433.1
1073910 2433.1
1073920 2431.1
1073930 2425.9
1073940 2425.9
1073950 2438.9
1073960 2432.5
1073970 2432.5
1073980 2438.3
1073990 2450.6
1074000 2450.6
1074010 2444.2
1074020 2436.9
1074030 2452.9
1074040 2448.2
1074050 2443.0
1074060 2443.0
1074070 2435.0
1074080 2424.5
1074090 2424.5
1074100 2417.0
1074110 2416.5
1074120 2425.6
1074130 2425.6
1074140 2421.5
1074150 2419.4
1074160 2419.4
1074170 2418.6
1074180 2412.0
1074190 2412.0
1074200 2395.9
1074210 2386.5
1074220 2386.5
1074230 2382.9
1074240 2395.9
1074250 2395.9
1074260 2398.3
1074270 2391.0
1074280 2391.0
1074290 2386.7
1074300 2385.4
1074310 2385.4
1074320 2378.6
1074330 2375.1
1074340 2382.3
1074350 2378.1
1074360 2374.1
1074370 2367.2
1074380 2367.2
1074390 2360.7
1074400 2355.3
1074410 2355.3
1074420 2351.0
1074430 2346.4
1074440 2346.4
1074450 2337.7
1074460 2328.5
1074470 2328.5
1074480 2320.3
1074490 2313.9
1074500 2313.9
1074510 2310.0
1074520 2299.6
1074530 2299.6
1074540 2290.5
1074550 2277.7
1074560 2277.7
1074570 2266.9
1074580 2257.0
1074590 2250.8
1074600 2250.8
1074610 2245.1
1074620 2238.0
1074630 2238.0
1074640 2232.6
1074650 2224.7
1074660 2224.7
1074670 2216.8
1074680 2207.6
1074690 2207.6
1074700 2199.4
1074710 2191.5
1074720 2191.5
1074730 2184.7
1074740 2178.8
1074750 2178.8
1074760 2173.4
1074770 2168.0
1074780 2168.0
1074790 2162.7
1074800 2157.8
1074810 2153.1
1074820 2153.1
1074830 2148.8
1074840 2145.0
1074850 2145.0
1074860 2141.9
1074870 2141.0
1074880 2141.0
1074890 2142.7
1074900 2144.4
1074910 2144.4
1074920 2145.0
1074930 2146.7
1074940 2146.7
1074950 2156.8
1074960 2156.1
1074970 2156.1
1074980 2154.5
1074990 2156.3
1075000 2156.3
1075010 2161.2
1075020 2165.2
1075030 2169.1
1075040 2169.1
1075050 2173.1
1075060 2177.1
1075070 2177.1
1075080 2180.8
1075090 2184.6
1075100 2184.6
1075110 2189.1
1075120 2193.2
1075130 2193.2
1075140 2196.9
1075150 2201.3
1075160 2201.3
1075170 2207.0
1075180 2213.8
1075190 2213.8
1075200 2220.6
1075210 2227.0
1075220 2227.0
1075230 2234.6
1075240 2245.8
1075250 2254.4
1075260 2268.8
1075270 2294.6
1075280 2310.7
1075290 2310.7
1075300 2325.0
1075310 2343.4
1075320 2343.4
1075330 2360.4
1075340 2361.9
1075350 2361.9
1075360 2361.9
1075370 2361.2
1075380 2361.2
1075390 2369.4
1075400 2378.6
1075410 2378.6
1075420 2395.5
1075430 2416.7
1075440 2416.7
1075450 2438.2
1075460 2457.8
1075470 2464.5
1075480 2464.5
1075490 2472.6
1075500 2499.8
1075510 2499.8
1075520 2523.9
1075530 2536.4
1075540 2536.4
1075550 2546.2
1075560 2561.1
1075570 2559.6
1075580 2571.6
1075590 2584.9
1075600 2584.9
1075610 2598.4
1075620 2608.7
1075630 2608.7
1075640 2619.0
1075650 2633.5
1075660 2633.5
1075670 2648.0
1075680 2649.2
1075690 2649.2
1075700 2656.9
1075710 2658.3
1075720 2656.9
1075730 2656.9
1075740 2658.0
1075750 2660.3
1075760 2660.3
1075770 2666.3
1075780 2672.7
1075790 2672.7
1075800 2682.5
1075810 2684.0
1075820 2684.0
1075830 2692.4
1075840 2705.2
1075850 2705.2
1075860 2711.6
1075870 2713.6
1075880 2713.6
1075890 2702.9
1075900 2709.5
1075910 2709.5
1075920 2708.3
1075930 2708.8
1075940 2707.1
1075950 2707.1
1075960 2702.8
1075970 2702.6
1075980 2702.6
1075990 2699.9
1076000 2703.2
1076010 2703.2
1076020 2706.1
1076030 2704.0
1076040 2704.0
1076050 2706.0
1076060 2706.8
1076070 2706.8
1076080 2704.8
1076090 2702.3
1076100 2702.3
1076110 2701.9
1076120 2702.5
1076130 2702.5
1076140 2704.6
1076150 2710.6
1076160 2710.9
1076170 2710.9
1076180 2711.3
1076190 2706.8
1076200 2699.3
1076210 2698.4
1076220 2694.5
1076230 2694.5
1076240 2690.8
1076250 2684.6
1076260 2684.6
1076270 2680.7
1076280 2674.2
1076290 2674.2
1076300 2669.0
1076310 2665.3
1076320 2665.3
1076330 2665.0
1076340 2662.1
1076350 2662.1
1076360 2661.8
1076370 2664.4
1076380 2661.8
1076390 2661.8
1076400 2654.8
1076410 2645.7
1076420 2645.7
1076430 2643.8
1076440 2644.3
1076450 2644.3
1076460 2643.8
1076470 2642.7
1076480 2642.7
1076490 2643.1
1076500 2645.8
1076510 2655.8
1076520 2655.4
1076530 2655.8
1076540 2655.8
1076550 2658.0
1076560 2662.1
1076570 2662.1
1076580 2665.2
1076590 2666.6
1076600 2665.9
1076610 2665.9
1076620 2665.4
1076630 2665.7
1076640 2665.7
1076650 2666.6
1076660 2667.5
1076670 2667.5
1076680 2667.2
1076690 2666.8
1076700 2666.8
1076710 2667.6
1076720 2667.8
1076730 2667.8
1076740 2668.0
1076750 2669.3
1076760 2669.3
1076770 2670.6
1076780 2671.4
1076790 2671.4
1076800 2673.7
1076810 2678.8
1076820 2674.8
1076830 2674.8
1076840 2676.3
1076850 2678.0
1076860 2678.0
1076870 2679.6
1076880 2679.1
1076890 2679.1
1076900 2678.2
1076910 2676.8
1076920 2676.8
1076930 2673.5
1076940 2668.7
1076950 2668.7
1076960 2667.4
1076970 2668.6
1076980 2668.6
1076990 2671.4
1077000 2674.2
1077010 2674.2
1077020 2675.0
1077030 2673.1
1077040 2673.1
1077050 2671.0
1077060 2670.5
1077070 2669.9
1077080 2669.9
1077090 2670.5
1077100 2671.7
1077110 2671.7
1077120 2672.7
1077130 2665.9
1077140 2665.9
1077150 2665.3
1077160 2663.6
1077170 2663.6
1077180 2660.7
1077190 2658.5
1077200 2658.5
1077210 2657.1
1077220 2655.1
1077230 2655.1
1077240 2651.4
1077250 2646.4
1077260 2646.4
1077270 2641.9
1077280 2636.2
1077290 2628.8
1077300 2628.8
1077310 2618.9
1077320 2608.8
1077330 2608.8
1077340 2601.2
1077350 2593.5
1077360 2593.5
1077370 2586.9
1077380 2583.1
1077390 2583.1
1077400 2581.0
1077410 2580.1
1077420 2580.1
1077430 2579.6
1077440 2569.8
1077450 2569.8
1077460 2570.3
1077470 2573.8
1077480 2573.8
1077490 2577.2
1077500 2577.8
1077510 2578.4
1077520 2578.4
1077530 2582.1
1077540 2587.8
1077550 2587.8
1077560 2591.3
1077570 2595.0
1077580 2595.0
1077590 2599.0
1077600 2603.6
1077610 2603.6
1077620 2608.5
1077630 2614.2
1077640 2614.2
1077650 2620.1
1077660 2626.3
1077670 2626.3
1077680 2632.9
1077690 2639.5
1077700 2639.5
1077710 2646.3
1077720 2653.0
1077730 2659.9
1077740 2659.9
1077750 2665.8
1077760 2675.2
1077770 2675.2
1077780 2689.4
1077790 2692.9
1077800 2692.9
1077810 2699.6
1077820 2706.1
1077830 2706.1
1077840 2711.8
1077850 2714.8
1077860 2714.8
1077870 2715.0
1077880 2713.8
1077890 2713.8
1077900 2711.7
1077910 2708.5
1077920 2708.5
1077930 2705.9
1077940 2703.7
1077950 2702.0
1077960 2702.0
1077970 2700.1
1077980 2698.5
1077990 2698.5
1078000 2697.9
1078010 2695.9
1078020 2695.9
1078030 2691.6
1078040 2686.7
1078050 2686.7
1078060 2679.0
1078070 2677.6
1078080 2677.6
1078090 2677.0
1078100 2677.2
1078110 2677.2
1078120 2678.1
1078130 2679.6
1078140 2679.6
1078150 2682.1
1078160 2685.6
1078170 2687.0
1078180 2687.0
1078190 2686.1
1078200 2683.7
1078210 2683.7
1078220 2680.5
1078230 2677.1
1078240 2677.1
1078250 2673.6
1078260 2670.3
1078270 2670.3
1078280 2667.2
1078290 2664.2
1078300 2664.2
1078310 2661.4
1078320 2658.8
1078330 2658.8
1078340 2656.6
1078350 2654.4
1078360 2654.4
1078370 2652.5
1078380 2651.5
1078390 2651.5
1078400 2650.1
1078410 2648.9
1078420 2647.8
1078430 2647.8
1078440 2647.1
1078450 2646.3
1078460 2646.3
1078470 2645.6
1078480 2645.0
1078490 2645.0
1078500 2644.3
1078510 2643.4
1078520 2643.4
1078530 2642.6
1078540 2641.9
1078550 2641.9
1078560 2641.0
1078570 2640.1
1078580 2640.1
1078590 2639.1
1078600 2638.1
1078610 2638.1
1078620 2636.9
1078630 2635.7
1078640 2634.5
1078650 2634.5
1078660 2633.2
1078670 2632.1
1078680 2632.1
1078690 2632.4
1078700 2631.1
1078710 2631.1
1078720 2629.9
1078730 2628.7
1078740 2628.7
1078750 2627.6
1078760 2626.4
1078770 2626.4
1078780 2625.3
1078790 2624.1
1078800 2624.1
1078810 2623.0
1078820 2621.9
1078830 2621.9
1078840 2620.7
1078850 2619.6
1078860 2618.4
1078870 2618.4
1078880 2617.3
1078890 2615.9
1078900 2615.9
1078910 2614.6
1078920 2613.1
1078930 2613.1
1078940 2611.5
1078950 2609.7
1078960 2609.7
1078970 2607.8
1078980 2605.8
1078990 2605.8
1079000 2605.3
1079010 2603.0
1079020 2603.0
1079030 2600.6
1079040 2597.9
1079050 2597.9
1079060 2595.2
1079070 2592.4
1079080 2589.3
1079090 2589.3
1079100 2586.3
1079110 2583.1
1079120 2583.1
1079130 2579.7
1079140 2576.3
1079150 2576.3
1079160 2572.8
1079170 2569.3
1079180 2569.3
1079190 2565.9
1079200 2562.9
1079210 2562.9
1079220 2559.9
1079230 2556.8
1079240 2556.8
1079250 2553.8
1079260 2550.9
1079270 2550.9
1079280 2548.2
1079290 2545.6
1079300 2543.0
1079310 2544.0
1079320 2541.3
1079330 2538.7
1079340 2538.7
1079350 2536.4
1079360 2534.2
1079370 2534.2
1079380 2532.1
1079390 2530.2
1079400 2530.2
1079410 2528.3
1079420 2526.5
1079430 2526.5
1079440 2524.8
1079450 2523.2
1079460 2523.2
1079470 2521.6
1079480 2520.1
1079490 2520.1
1079500 2518.5
1079510 2517.2
1079520 2515.9
1079530 2515.9
1079540 2514.6
1079550 2513.4
1079560 2513.4
1079570 2512.2
1079580 2511.1
1079590 2511.1
1079600 2509.8
1079610 2508.6
1079620 2508.6
1079630 2508.5
1079640 2507.3
1079650 2507.3
1079660 2506.1
1079670 2504.8
1079680 2504.8
1079690 2503.6
1079700 2502.5
1079710 2502.5
1079720 2501.3
1079730 2500.0
1079740 2500.0
1079750 2498.7
1079760 2497.3
1079770 2496.0
1079780 2496.0
1079790 2494.7
1079800 2493.3
1079810 2493.3
1079820 2492.1
1079830 2490.9
1079840 2490.9
1079850 2489.7
1079860 2488.3
1079870 2488.3
1079880 2486.9
1079890 2485.5
1079900 2485.5
1079910 2483.9
1079920 2482.5
1079930 2482.5
1079940 2482.0
1079950 2480.0
1079960 2480.0
1079970 2480.4
1079980 2480.3
1079990 2478.5
