1069310 2242.4
1069320 2242.4
1069330 2244.5
1069340 2246.7
1069350 2246.7
1069360 2249.7
1069370 2252.8
1069380 2252.8
1069390 2255.6
1069400 2259.0
1069410 2259.0
1069420 2261.3
1069430 2265.3
1069440 2265.3
1069450 2270.0
1069460 2274.2
1069470 2279.5
1069480 2279.5
1069490 2284.8
1069500 2291.7
1069510 2291.7
1069520 2296.8
1069530 2301.6
1069540 2301.6
1069550 2306.3
1069560 2310.1
1069570 2310.1
1069580 2313.5
1069590 2317.4
1069600 2311.2
1069610 2311.0
1069620 2312.9
1069630 2312.9
1069640 2318.2
1069650 2323.9
1069660 2323.9
1069670 2325.5
1069680 2325.4
1069690 2328.2
1069700 2328.2
1069710 2329.4
1069720 2333.6
1069730 2333.6
1069740 2347.2
1069750 2353.3
1069760 2353.3
1069770 2360.7
1069780 2369.6
1069790 2369.6
1069800 2377.8
1069810 2428.2
1069820 2428.2
1069830 2479.4
1069840 2486.4
1069850 2486.4
1069860 2492.0
1069870 2493.8
1069880 2493.8
1069890 2492.6
1069900 2489.3
1069910 2487.0
1069920 2487.0
1069930 2484.9
1069940 2481.0
1069950 2481.0
1069960 2475.4
1069970 2470.4
1069980 2470.4
1069990 2464.9
1070000 2459.3
1070010 2459.3
1070020 2453.0
1070030 2448.3
1070040 2448.3
1070050 2444.6
1070060 2440.8
1070070 2440.8
1070080 2437.7
1070090 2433.9
1070100 2433.9
1070110 2430.2
1070120 2427.1
1070130 2422.8
1070140 2422.8
1070150 2416.9
1070160 2410.6
1070170 2410.6
1070180 2403.7
1070190 2395.3
1070200 2395.3
1070210 2388.2
1070220 2379.0
1070230 2379.0
1070240 2371.0
1070250 2364.8
1070260 2364.8
1070270 2360.2
1070280 2355.3
1070290 2355.3
1070300 2350.7
1070310 2346.5
1070320 2346.5
1070330 2342.4
1070340 2339.4
1070350 2337.2
1070360 2337.2
1070370 2335.3
1070380 2335.7
1070390 2335.7
1070400 2335.4
1070410 2333.8
1070420 2333.8
1070430 2331.4
1070440 2329.1
1070450 2329.1
1070460 2328.1
1070470 2326.5
1070480 2326.5
1070490 2324.8
1070500 2324.2
1070510 2325.1
1070520 2325.0
1070530 2324.9
1070540 2324.9
1070550 2324.9
1070560 2324.5
1070570 2324.3
1070580 2324.3
1070590 2322.4
1070600 2318.9
1070610 2318.9
1070620 2315.5
1070630 2313.7
1070640 2313.7
1070650 2312.7
1070660 2311.6
1070670 2311.6
1070680 2310.4
1070690 2309.3
1070700 2309.3
1070710 2308.1
1070720 2307.0
1070730 2307.0
1070740 2306.7
1070750 2307.3
1070760 2307.3
1070770 2305.1
1070780 2303.0
1070790 2300.3
1070800 2300.3
1070810 2297.4
1070820 2292.5
1070830 2292.5
1070840 2289.1
1070850 2286.0
1070860 2286.0
1070870 2283.5
1070880 2280.1
1070890 2280.1
1070900 2277.2
1070910 2273.6
1070920 2273.6
1070930 2270.7
1070940 2268.1
1070950 2268.1
1070960 2265.9
1070970 2263.5
1070980 2263.5
1070990 2261.3
1071000 2259.5
1071010 2259.5
1071020 2258.2
1071030 2257.8
1071040 2257.6
1071050 2257.6
1071060 2256.6
1071070 2257.6
1071080 2257.6
1071090 2257.3
1071100 2253.8
1071110 2253.8
1071120 2249.1
1071130 2256.3
1071140 2256.3
1071150 2256.5
1071160 2255.5
1071170 2255.5
1071180 2254.7
1071190 2256.4
1071200 2256.4
1071210 2258.5
1071220 2259.0
1071230 2259.0
1071240 2258.8
1071250 2259.3
1071260 2258.0
1071270 2258.0
1071280 2256.9
1071290 2255.5
1071300 2255.5
1071310 2253.6
1071320 2252.1
1071330 2252.1
1071340 2251.8
1071350 2252.8
1071360 2252.8
1071370 2251.6
1071380 2250.4
1071390 2250.4
1071400 2249.5
1071410 2224.2
1071420 2224.2
1071430 2192.5
1071440 2186.8
1071450 2186.8
1071460 2181.2
1071470 2175.6
1071480 2170.4
1071490 2170.4
1071500 2166.1
1071510 2166.2
1071520 2166.2
1071530 2163.3
1071540 2160.3
1071550 2160.3
1071560 2160.1
1071570 2158.1
1071580 2158.1
1071590 2156.9
1071600 2156.5
1071610 2156.5
1071620 2156.0
1071630 2155.5
1071640 2155.5
1071650 2155.2
1071660 2155.7
1071670 2155.7
1071680 2158.4
1071690 2161.6
1071700 2162.6
1071710 2162.6
1071720 2161.3
1071730 2157.8
1071740 2157.2
1071750 2153.6
1071760 2153.0
1071770 2153.0
1071780 2152.4
1071790 2150.8
1071800 2150.8
1071810 2150.4
1071820 2148.9
1071830 2148.9
1071840 2146.7
1071850 2144.2
1071860 2144.2
1071870 2141.7
1071880 2137.9
1071890 2137.9
1071900 2132.9
1071910 2128.3
1071920 2123.1
1071930 2123.1
1071940 2116.3
1071950 2108.8
1071960 2108.8
1071970 2101.9
1071980 2096.4
1071990 2096.4
1072000 2091.8
1072010 2089.4
1072020 2089.4
1072030 2086.5
1072040 2081.4
1072050 2085.3
1072060 2082.2
1072070 2078.1
1072080 2078.1
1072090 2070.2
1072100 2060.4
1072110 2060.4
1072120 2052.1
1072130 2044.6
1072140 2038.9
1072150 2038.9
1072160 2036.1
1072170 2035.2
1072180 2035.2
1072190 2032.9
1072200 2026.8
1072210 2026.8
1072220 2020.4
1072230 2015.1
1072240 2015.1
1072250 2011.6
1072260 2009.0
1072270 2009.0
1072280 2007.2
1072290 2007.7
1072300 2007.7
1072310 2008.3
1072320 2008.3
1072330 2008.3
1072340 2008.4
1072350 2009.6
1072360 2015.1
1072370 2018.5
1072380 2022.6
1072390 2030.3
1072400 2030.3
1072410 2035.2
1072420 2039.3
1072430 2039.3
1072440 2044.0
1072450 2047.2
1072460 2047.2
1072470 2050.6
1072480 2055.4
1072490 2055.4
1072500 2060.7
1072510 2065.1
1072520 2065.1
1072530 2069.2
1072540 2073.7
1072550 2073.7
1072560 2078.2
1072570 2082.6
1072580 2082.6
1072590 2087.0
1072600 2091.9
1072610 2096.9
1072620 2096.9
1072630 2102.7
1072640 2108.2
1072650 2108.2
1072660 2116.2
1072670 2121.1
1072680 2121.1
1072690 2127.3
1072700 2133.8
1072710 2133.8
1072720 2140.0
1072730 2146.0
1072740 2146.0
1072750 2152.4
1072760 2159.3
1072770 2159.3
1072780 2167.9
1072790 2177.1
1072800 2177.1
1072810 2184.8
1072820 2190.6
1072830 2196.1
1072840 2196.1
1072850 2200.3
1072860 2203.8
1072870 2203.8
1072880 2206.8
1072890 2211.2
1072900 2211.2
1072910 2215.0
1072920 2218.2
1072930 2218.2
1072940 2220.7
1072950 2223.5
1072960 2223.5
1072970 2233.3
1072980 2237.5
1072990 2237.5
1073000 2242.7
1073010 2248.8
1073020 2248.8
1073030 2252.2
1073040 2253.4
1073050 2255.2
1073060 2255.2
1073070 2257.4
1073080 2259.7
1073090 2259.7
1073100 2262.1
1073110 2264.7
1073120 2264.7
1073130 2266.8
1073140 2268.5
1073150 2268.5
1073160 2268.5
1073170 2268.5
1073180 2268.5
1073190 2269.0
1073200 2269.9
1073210 2269.9
1073220 2271.8
1073230 2271.8
1073240 2271.8
1073250 2275.7
1073260 2279.5
1073270 2283.7
1073280 2289.2
1073290 2294.0
1073300 2301.6
1073310 2301.6
1073320 2312.5
1073330 2316.5
1073340 2316.5
1073350 2320.7
1073360 2323.8
1073370 2323.8
1073380 2327.0
1073390 2333.7
1073400 2333.7
1073410 2347.9
1073420 2356.5
1073430 2356.5
1073440 2357.0
1073450 2358.6
1073460 2358.6
1073470 2364.5
1073480 2375.7
1073490 2391.6
1073500 2391.6
1073510 2388.3
1073520 2383.8
1073530 2383.8
1073540 2384.0
1073550 2379.8
1073560 2379.8
1073570 2367.0
1073580 2355.1
1073590 2340.7
1073600 2335.3
1073610 2332.7
1073620 2332.7
1073630 2331.9
1073640 2330.0
1073650 2330.0
1073660 2327.6
1073670 2325.5
1073680 2325.5
1073690 2322.2
1073700 2319.4
1073710 2319.4
1073720 2316.3
1073730 2313.4
1073740 2311.2
1073750 2311.2
1073760 2308.5
1073770 2305.6
1073780 2305.6
1073790 2301.8
1073800 2298.4
1073810 2298.4
1073820 2292.6
1073830 2289.6
1073840 2289.6
1073850 2291.4
1073860 2293.1
1073870 2293.1
1073880 2290.5
1073890 2286.7
1073900 2281.4
1073910 2278.1
1073920 2275.6
1073930 2275.6
1073940 2272.4
1073950 2268.2
1073960 2263.6
1073970 2263.6
1073980 2260.2
1073990 2258.4
1074000 2258.4
1074010 2255.7
1074020 2254.7
1074030 2254.7
1074040 2254.7
1074050 2253.7
1074060 2253.7
1074070 2252.3
1074080 2251.2
1074090 2251.2
1074100 2249.6
1074110 2247.3
1074120 2247.3
1074130 2244.8
1074140 2242.2
1074150 2242.2
1074160 2240.5
1074170 2238.6
1074180 2236.8
1074190 2236.8
1074200 2235.7
1074210 2228.4
1074220 2228.4
1074230 2225.6
1074240 2222.4
1074250 2222.4
1074260 2219.3
1074270 2216.8
1074280 2216.8
1074290 2214.4
1074300 2212.7
1074310 2212.7
1074320 2210.9
1074330 2208.5
1074340 2208.5
1074350 2206.2
1074360 2203.6
1074370 2203.6
1074380 2200.5
1074390 2196.8
1074400 2193.1
1074410 2193.1
1074420 2190.1
1074430 2188.5
1074440 2188.5
1074450 2187.7
1074460 2187.5
1074470 2187.5
1074480 2186.4
1074490 2185.0
1074500 2185.0
1074510 2183.4
1074520 2175.8
1074530 2175.8
1074540 2174.6
1074550 2173.4
1074560 2173.4
1074570 2172.0
1074580 2170.7
1074590 2170.7
1074600 2169.9
1074610 2169.3
1074620 2167.5
1074630 2167.5
1074640 2165.4
1074650 2163.8
1074660 2163.8
1074670 2162.2
1074680 2160.5
1074690 2160.5
1074700 2159.6
1074710 2159.3
1074720 2159.3
1074730 2159.2
1074740 2160.0
1074750 2160.0
1074760 2160.9
1074770 2162.6
1074780 2162.6
1074790 2164.3
1074800 2166.1
1074810 2166.1
1074820 2161.7
1074830 2164.0
1074840 2166.7
1074850 2166.7
1074860 2170.0
1074870 2174.1
1074880 2174.1
1074890 2179.0
1074900 2184.6
1074910 2184.6
1074920 2190.5
1074930 2197.0
1074940 2197.0
1074950 2203.7
1074960 2210.2
1074970 2210.2
1074980 2217.0
1074990 2223.5
1075000 2223.5
1075010 2229.4
1075020 2234.8
1075030 2234.8
1075040 2239.5
1075050 2244.5
1075060 2251.1
1075070 2251.1
1075080 2258.2
1075090 2268.1
1075100 2268.1
1075110 2279.3
1075120 2290.0
1075130 2285.1
1075140 2297.2
1075150 2306.2
1075160 2306.2
1075170 2310.8
1075180 2313.1
1075190 2313.1
1075200 2312.5
1075210 2313.2
1075220 2313.2
1075230 2314.1
1075240 2315.8
1075250 2315.8
1075260 2320.5
1075270 2329.5
1075280 2329.5
1075290 2341.0
1075300 2359.6
1075310 2366.5
1075320 2366.5
1075330 2372.3
1075340 2370.4
1075350 2370.4
1075360 2375.6
1075370 2380.3
1075380 2380.3
1075390 2383.5
1075400 2385.7
1075410 2385.7
1075420 2395.5
1075430 2407.0
1075440 2397.3
1075450 2405.5
1075460 2419.1
1075470 2419.1
1075480 2428.4
1075490 2426.6
1075500 2426.6
1075510 2424.2
1075520 2425.2
1075530 2424.8
1075540 2424.8
1075550 2425.1
1075560 2429.4
1075570 2429.4
1075580 2428.8
1075590 2427.0
1075600 2427.0
1075610 2435.5
1075620 2446.8
1075630 2446.8
1075640 2454.9
1075650 2466.4
1075660 2466.4
1075670 2479.2
1075680 2487.5
1075690 2487.5
1075700 2496.4
1075710 2503.6
1075720 2503.6
1075730 2511.2
1075740 2513.9
1075750 2497.6
1075760 2497.6
1075770 2500.0
1075780 2503.6
1075790 2503.6
1075800 2503.6
1075810 2502.5
1075820 2502.5
1075830 2498.9
1075840 2494.0
1075850 2494.0
1075860 2492.6
1075870 2490.7
1075880 2490.7
1075890 2485.9
1075900 2481.9
1075910 2481.9
1075920 2481.6
1075930 2481.2
1075940 2481.2
1075950 2478.4
1075960 2474.7
1075970 2472.3
1075980 2472.3
1075990 2473.0
1076000 2474.9
1076010 2474.9
1076020 2475.2
1076030 2477.0
1076040 2477.0
1076050 2479.9
1076060 2482.8
1076070 2469.5
1076080 2473.1
1076090 2478.1
1076100 2478.1
1076110 2483.0
1076120 2485.2
1076130 2485.2
1076140 2487.2
1076150 2486.8
1076160 2486.8
1076170 2484.8
1076180 2487.3
1076190 2493.2
1076200 2493.2
1076210 2498.1
1076220 2500.3
1076230 2500.3
1076240 2503.3
1076250 2500.4
1076260 2500.4
1076270 2504.5
1076280 2507.5
1076290 2507.5
1076300 2509.0
1076310 2508.9
1076320 2508.9
1076330 2511.6
1076340 2521.0
1076350 2521.0
1076360 2533.1
1076370 2547.7
1076380 2544.5
1076390 2549.1
1076400 2550.7
1076410 2552.5
1076420 2552.5
1076430 2556.3
1076440 2555.8
1076450 2555.8
1076460 2557.6
1076470 2561.9
1076480 2561.9
1076490 2564.8
1076500 2567.0
1076510 2567.0
1076520 2565.0
1076530 2562.5
1076540 2562.5
1076550 2556.8
1076560 2549.5
1076570 2549.5
1076580 2544.0
1076590 2539.3
1076600 2539.3
1076610 2535.2
1076620 2531.3
1076630 2531.3
1076640 2527.6
1076650 2524.1
1076660 2520.7
1076670 2520.7
1076680 2516.7
1076690 2509.4
1076700 2509.4
1076710 2504.9
1076720 2501.5
1076730 2501.5
1076740 2497.8
1076750 2492.7
1076760 2492.7
1076770 2487.7
1076780 2484.4
1076790 2484.4
1076800 2481.9
1076810 2479.2
1076820 2479.2
1076830 2475.6
1076840 2471.5
1076850 2471.5
1076860 2468.2
1076870 2462.6
1076880 2453.9
1076890 2453.9
1076900 2446.9
1076910 2442.6
1076920 2442.6
1076930 2435.1
1076940 2430.1
1076950 2430.1
1076960 2427.7
1076970 2427.1
1076980 2427.1
1076990 2427.8
1077000 2419.1
1077010 2419.1
1077020 2419.2
1077030 2418.6
1077040 2418.6
1077050 2418.4
1077060 2422.0
1077070 2422.0
1077080 2426.0
1077430 2394.8
1077440 2398.7
1077450 2398.7
1077460 2403.2
1077470 2406.9
1077480 2406.9
1077490 2411.1
1077500 2414.8
1077510 2414.8
1077520 2420.1
1077530 2428.6
1077540 2434.9
1077550 2434.9
1077560 2451.7
1077570 2471.9
1077580 2471.9
1077590 2499.1
1077600 2518.9
1077610 2518.9
1077620 2508.7
1077630 2521.7
1077640 2521.7
1077650 2527.8
1077660 2536.2
1077670 2536.2
1077680 2546.7
1077690 2556.1
1077700 2556.1
1077710 2561.5
1077720 2568.0
1077730 2568.0
1077740 2571.3
1077750 2571.7
1077760 2572.5
1077770 2572.5
1077780 2575.0
1077790 2578.7
1077800 2578.7
1077810 2582.6
1077820 2587.1
1077830 2587.1
1077840 2591.1
1077850 2596.2
1077860 2596.2
1077870 2603.2
1077880 2615.6
1077890 2615.6
1077900 2629.0
1077910 2649.1
1077920 2649.1
1077930 2665.4
1077940 2678.7
1077950 2678.7
1077960 2698.8
1077970 2713.3
1077980 2730.6
1077990 2730.6
1078000 2764.0
1078010 2784.9
1078020 2784.9
1078030 2788.3
1078040 2786.2
1078050 2786.2
1078060 2782.0
1078070 2778.1
1078080 2778.1
1078090 2770.2
1078100 2761.6
1078110 2761.6
1078120 2756.0
1078130 2749.9
1078140 2749.9
1078150 2745.3
1078160 2741.6
1078170 2741.6
1078180 2738.1
1078190 2735.1
1078200 2735.1
1078210 2732.3
1078220 2730.8
1078230 2729.4
1078240 2733.0
1078250 2731.4
1078260 2729.4
1078270 2729.4
1078280 2726.3
1078290 2723.2
1078300 2723.2
1078310 2721.2
1078320 2720.1
1078330 2720.1
1078340 2720.5
1078350 2720.7
1078360 2720.7
1078370 2719.2
1078380 2719.2
1078390 2719.2
1078400 2718.2
1078410 2717.3
1078420 2717.3
1078430 2716.1
1078440 2715.7
1078450 2715.4
1078460 2715.4
1078470 2713.3
1078480 2711.7
1078490 2711.7
1078500 2709.5
1078510 2709.1
1078520 2709.1
1078530 2708.8
1078540 2706.3
1078550 2706.3
1078560 2704.9
1078570 2702.2
1078580 2702.2
1078590 2700.7
1078600 2698.3
1078610 2698.3
1078620 2695.2
1078630 2694.0
1078640 2694.0
1078650 2693.2
1078660 2692.5
1078670 2691.9
1078680 2691.9
1078690 2691.2
1078700 2690.5
1078710 2690.5
1078720 2689.7
1078730 2689.1
1078740 2689.1
1078750 2688.4
1078760 2687.8
1078770 2687.8
1078780 2687.1
1078790 2686.4
1078800 2686.4
1078810 2685.7
1078820 2685.0
1078830 2685.0
1078840 2684.3
1078850 2683.6
1078860 2683.6
1078870 2686.4
1078880 2685.6
1078890 2684.7
1078900 2684.7
1078910 2683.8
1078920 2682.7
1078930 2682.7
1078940 2681.7
1078950 2680.7
1078960 2680.7
1078970 2679.8
1078980 2678.5
1078990 2678.5
1079000 2677.3
1079010 2676.1
1079020 2676.1
1079030 2674.9
1079040 2673.8
1079050 2673.8
1079060 2672.6
1079070 2671.6
1079080 2671.6
1079090 2671.0
1079100 2672.4
1079110 2675.8
1079120 2675.8
1079130 2677.1
1079140 2677.0
1079150 2677.0
1079160 2677.1
1079170 2674.3
1079180 2678.9
1079190 2678.9
1079200 2674.1
1079210 2674.1
1079220 2666.7
1079230 2665.0
1079240 2665.0
1079250 2664.7
1079260 2658.6
1079270 2658.6
1079280 2646.8
1079290 2639.4
1079300 2639.4
1079310 2632.1
1079320 2624.0
1079330 2615.1
1079340 2615.1
1079350 2608.6
1079360 2603.1
1079370 2603.1
1079380 2598.0
1079390 2592.7
1079400 2592.7
1079410 2587.6
1079420 2583.6
1079430 2583.6
1079440 2580.0
1079450 2576.3
1079460 2576.3
1079470 2572.9
1079480 2570.1
1079490 2570.1
1079500 2570.4
1079510 2567.9
1079520 2567.9
1079530 2565.6
1079540 2563.2
1079550 2563.2
1079560 2561.0
1079570 2558.8
1079580 2556.8
1079590 2556.8
1079600 2554.6
1079610 2552.6
1079620 2552.6
1079630 2551.7
1079640 2550.8
1079650 2550.8
1079660 2548.3
1079670 2546.8
1079680 2546.8
1079690 2544.9
1079700 2543.8
1079710 2543.8
1079720 2543.3
1079730 2542.5
1079740 2542.5
1079750 2541.4
1079760 2540.1
1079770 2540.1
1079780 2538.8
1079790 2537.3
1079800 2536.1
1079810 2539.1
1079820 2537.7
1079830 2536.0
1079840 2536.0
1079850 2534.3
1079860 2532.7
1079870 2532.7
1079880 2530.9
1079890 2529.1
1079900 2529.1
1079910 2527.2
1079920 2525.5
1079930 2525.5
1079940 2523.9
1079950 2522.6
1079960 2522.6
1079970 2521.6
1079980 2520.7
1079990 2520.7
