1069470 2204.9
1069480 2204.9
1069490 2207.0
1069500 2205.8
1069510 2205.8
1069520 2207.9
1069530 2208.6
1069540 2209.1
1069550 2209.1
1069560 2210.5
1069570 2212.3
1069580 2212.3
1069590 2213.0
1069600 2212.9
1069610 2212.9
1069620 2213.3
1069630 2214.6
1069640 2214.6
1069650 2216.3
1069660 2216.6
1069670 2216.6
1069680 2216.7
1069690 2217.3
1069700 2217.3
1069710 2219.6
1069720 2221.2
1069730 2221.2
1069740 2224.9
1069750 2272.3
1069760 2298.5
1069770 2298.5
1069780 2303.4
1069790 2305.5
1069800 2305.5
1069810 2295.1
1069820 2295.6
1069830 2295.6
1069840 2296.2
1069850 2293.9
1069860 2293.9
1069870 2288.5
1069880 2282.7
1069890 2282.7
1069900 2279.3
1069910 2280.6
1069920 2280.6
1069930 2287.6
1069940 2292.7
1069950 2292.7
1069960 2297.0
1069970 2299.2
1069980 2304.1
1069990 2304.1
1070000 2310.8
1070010 2317.2
1070020 2317.2
1070030 2322.6
1070040 2325.6
1070050 2325.6
1070060 2328.7
1070070 2333.4
1070080 2333.4
1070090 2338.3
1070100 2344.1
1070110 2339.4
1070120 2358.3
1070130 2457.3
1070140 2457.3
1070150 2469.9
1070160 2472.1
1070170 2472.1
1070180 2469.8
1070190 2457.1
1070200 2450.6
1070210 2450.6
1070220 2445.8
1070230 2443.0
1070240 2443.0
1070250 2438.8
1070260 2433.5
1070270 2433.5
1070280 2427.5
1070290 2422.9
1070300 2422.9
1070310 2418.2
1070320 2415.3
1070330 2415.3
1070340 2414.4
1070350 2413.6
1070360 2413.6
1070370 2412.4
1070380 2409.7
1070390 2409.7
1070400 2406.9
1070410 2403.9
1070420 2406.4
1070430 2406.4
1070440 2405.4
1070450 2404.2
1070460 2404.2
1070470 2404.3
1070480 2406.5
1070490 2406.5
1070500 2407.5
1070510 2406.4
1070520 2406.4
1070530 2404.0
1070540 2402.4
1070550 2402.4
1070560 2399.7
1070570 2396.8
1070580 2396.8
1070590 2392.6
1070600 2388.7
1070610 2388.7
1070620 2385.3
1070630 2381.5
1070640 2381.5
1070650 2377.5
1070660 2373.9
1070670 2370.4
1070680 2370.4
1070690 2367.7
1070700 2364.1
1070710 2364.1
1070720 2360.7
1070730 2352.0
1070740 2352.0
1070750 2349.3
1070760 2346.7
1070770 2346.7
1070780 2344.0
1070790 2341.5
1070800 2341.5
1070810 2338.0
1070820 2331.9
1070830 2331.9
1070840 2322.0
1070850 2312.6
1070860 2312.6
1070870 2306.4
1070880 2302.3
1070890 2299.2
1070900 2299.2
1070910 2297.5
1070920 2296.8
1070930 2296.8
1070940 2296.9
1070950 2295.8
1070960 2295.8
1070970 2292.7
1070980 2289.7
1070990 2289.7
1071000 2287.9
1071010 2285.2
1071020 2285.2
1071030 2278.3
1071040 2275.8
1071050 2275.8
1071060 2275.4
1071070 2273.6
1071080 2273.6
1071090 2270.1
1071100 2266.4
1071110 2264.3
1071120 2264.3
1071130 2262.3
1071140 2259.4
1071150 2259.4
1071160 2256.2
1071170 2252.9
1071180 2252.9
1071190 2250.2
1071200 2247.3
1071210 2247.3
1071220 2244.2
1071230 2241.3
1071240 2241.3
1071250 2236.6
1071260 2230.0
1071270 2230.0
1071280 2223.5
1071290 2218.2
1071300 2218.2
1071310 2214.0
1071320 2210.2
1071330 2206.9
1071340 2210.1
1071350 2209.8
1071360 2209.2
1071370 2209.2
1071380 2209.0
1071390 2209.9
1071400 2209.9
1071410 2211.3
1071420 2211.1
1071430 2211.1
1071440 2211.4
1071450 2214.0
1071460 2214.0
1071470 2222.6
1071480 2229.3
1071490 2229.3
1071500 2232.0
1071510 2231.8
1071520 2231.8
1071530 2230.1
1071540 2227.8
1071550 2225.0
1071560 2225.0
1071570 2223.2
1071580 2220.8
1071590 2220.8
1071600 2217.4
1071610 2214.6
1071620 2214.6
1071630 2211.3
1071640 2205.8
1071650 2211.0
1071660 2206.0
1071670 2202.3
1071680 2202.3
1071690 2199.0
1071700 2195.3
1071710 2195.3
1071720 2192.7
1071730 2189.9
1071740 2189.9
1071750 2187.2
1071760 2183.9
1071770 2180.0
1071780 2180.0
1071790 2178.9
1071800 2181.2
1071810 2181.2
1071820 2185.1
1071830 2189.0
1071840 2189.0
1071850 2188.5
1071860 2186.9
1071870 2186.9
1071880 2183.2
1071890 2179.7
1071900 2179.7
1071910 2175.4
1071920 2171.5
1071930 2171.5
1071940 2167.6
1071950 2164.7
1071960 2164.7
1071970 2160.8
1071980 2156.7
1071990 2155.2
1072000 2155.2
1072010 2155.4
1072020 2152.5
1072030 2152.5
1072040 2148.2
1072050 2142.4
1072060 2142.4
1072070 2138.2
1072080 2136.1
1072090 2136.1
1072100 2131.4
1072110 2126.6
1072120 2126.6
1072130 2122.8
1072140 2119.8
1072150 2119.8
1072160 2117.2
1072170 2114.9
1072180 2114.9
1072190 2113.4
1072200 2114.1
1072210 2114.1
1072220 2115.7
1072230 2116.3
1072240 2115.6
1072250 2115.6
1072260 2118.0
1072270 2114.9
1072280 2114.9
1072290 2113.2
1072300 2110.8
1072310 2110.8
1072320 2107.8
1072330 2105.8
1072340 2105.8
1072350 2105.7
1072360 2105.0
1072370 2105.0
1072380 2104.2
1072390 2107.3
1072400 2107.3
1072410 2109.1
1072420 2109.3
1072430 2109.3
1072440 2109.6
1072450 2111.9
1072460 2114.7
1072470 2114.7
1072480 2117.1
1072490 2118.8
1072500 2118.8
1072510 2120.4
1072520 2123.2
1072530 2123.2
1072540 2128.1
1072550 2131.7
1072560 2131.7
1072570 2139.3
1072580 2142.5
1072590 2142.5
1072600 2146.9
1072610 2152.2
1072620 2152.2
1072630 2158.4
1072640 2164.4
1072650 2164.4
1072660 2170.2
1072670 2174.9
1072680 2180.1
1072690 2180.1
1072700 2186.3
1072710 2194.4
1072720 2194.4
1072730 2200.5
1072740 2205.9
1072750 2205.9
1072760 2213.1
1072770 2217.8
1072780 2217.8
1072790 2224.4
1072800 2231.8
1072810 2231.8
1072820 2239.5
1072830 2247.7
1072840 2247.7
1072850 2255.7
1072860 2261.9
1072870 2261.9
1072880 2273.4
1072890 2280.4
1072900 2289.9
1072910 2289.9
1072920 2295.5
1072930 2299.6
1072940 2299.6
1072950 2304.0
1072960 2307.7
1072970 2307.7
1072980 2309.3
1072990 2311.4
1073000 2311.4
1073010 2313.6
1073020 2315.7
1073030 2315.7
1073040 2316.5
1073050 2319.5
1073060 2319.5
1073070 2323.8
1073080 2328.6
1073090 2328.6
1073100 2333.7
1073110 2340.4
1073120 2346.8
1073130 2346.8
1073140 2348.9
1073150 2350.3
1073160 2350.3
1073170 2351.2
1073180 2351.1
1073190 2350.8
1073200 2349.4
1073210 2349.0
1073220 2349.0
1073230 2349.0
1073240 2350.9
1073250 2350.9
1073260 2354.6
1073270 2357.6
1073280 2357.6
1073290 2361.1
1073300 2364.7
1073310 2364.7
1073320 2366.3
1073330 2366.2
1073340 2365.3
1073350 2365.3
1073360 2361.6
1073370 2354.4
1073380 2354.4
1073390 2347.6
1073400 2341.2
1073410 2341.2
1073420 2335.1
1073430 2329.1
1073440 2329.1
1073450 2323.9
1073460 2318.8
1073470 2318.8
1073480 2314.1
1073490 2306.7
1073500 2306.7
1073510 2302.6
1073520 2299.6
1073530 2299.6
1073540 2295.7
1073550 2290.8
1073560 2290.8
1073570 2286.5
1073580 2282.7
1073590 2278.4
1073600 2278.4
1073610 2273.9
1073620 2270.2
1073630 2270.2
1073640 2266.9
1073650 2263.9
1073660 2263.9
1073670 2261.6
1073680 2259.5
1073690 2259.5
1073700 2257.3
1073710 2253.2
1073720 2253.2
1073730 2249.5
1073740 2248.3
1073750 2248.3
1073760 2247.6
1073770 2246.0
1073780 2246.0
1073790 2243.9
1073800 2239.4
1073810 2238.4
1073820 2238.4
1073830 2236.9
1073840 2234.6
1073850 2234.6
1073860 2232.0
1074450 2145.1
1074460 2143.9
1074470 2141.9
1074480 2141.9
1074490 2139.2
1074500 2136.8
1074510 2136.8
1074520 2135.2
1074530 2132.7
1074540 2132.7
1074550 2131.8
1074560 2131.5
1074570 2131.5
1074580 2130.8
1074590 2129.9
1074600 2129.9
1074610 2127.7
1074620 2124.4
1074630 2124.4
1074640 2121.1
1074650 2117.7
1074660 2117.7
1074670 2114.4
1074680 2111.9
1074690 2110.0
1074700 2110.0
1074710 2108.2
1074720 2105.2
1074730 2105.4
1074740 2104.2
1074750 2103.2
1074760 2103.2
1074770 2101.9
1074780 2101.9
1074790 2101.9
1074800 2104.3
1074810 2107.5
1074820 2107.5
1074830 2111.2
1074840 2115.5
1074850 2115.5
1074860 2117.8
1074870 2117.1
1074880 2117.1
1074890 2117.7
1074900 2119.9
1074910 2122.8
1074920 2122.8
1074930 2125.8
1074940 2128.8
1074950 2128.8
1074960 2132.7
1074970 2137.4
1074980 2137.4
1074990 2142.4
1075000 2147.4
1075010 2147.4
1075020 2152.2
1075030 2157.2
1075040 2152.0
1075050 2156.7
1075060 2161.0
1075070 2161.0
1075080 2164.7
1075090 2168.2
1075100 2168.2
1075110 2172.4
1075120 2177.0
1075130 2177.0
1075140 2181.9
1075150 2186.8
1075160 2190.8
1075170 2190.8
1075180 2194.6
1075190 2197.9
1075200 2197.9
1075210 2200.8
1075220 2202.7
1075230 2202.7
1075240 2204.2
1075250 2207.4
1075260 2207.4
1075270 2211.1
1075280 2214.3
1075290 2214.3
1075300 2221.3
1075310 2223.0
1075320 2223.0
1075330 2221.2
1075340 2222.8
1075350 2212.2
1075360 2214.1
1075370 2215.4
1075380 2217.1
1075390 2217.1
1075400 2218.0
1075410 2216.5
1075420 2216.5
1075430 2217.4
1075440 2218.1
1075450 2218.1
1075460 2219.6
1075470 2229.7
1075480 2229.7
1075490 2241.1
1075500 2246.2
1075510 2246.2
1075520 2249.6
1075530 2257.9
1075540 2257.9
1075550 2276.7
1075560 2284.2
1075570 2284.2
1075580 2288.6
1075590 2294.2
1075600 2297.0
1075610 2297.0
1075620 2294.8
1077660 2456.6
1077670 2463.1
1077680 2463.1
1077690 2470.0
1077700 2476.8
1077710 2476.8
1077720 2483.6
1077730 2490.7
1077740 2490.7
1077750 2498.1
1077760 2505.5
1077770 2505.5
1077780 2512.3
1077790 2520.8
1077800 2520.8
1077810 2528.7
1077820 2535.8
1077830 2543.5
1077840 2545.9
1077850 2555.3
1077860 2565.5
1077870 2565.5
1077880 2574.7
1077890 2581.7
1077900 2581.7
1077910 2589.2
1077920 2598.1
1077930 2598.1
1077940 2608.2
1077950 2618.8
1077960 2618.8
1077970 2632.6
1077980 2647.8
1077990 2647.8
1078000 2663.9
1078010 2688.6
1078020 2688.6
1078030 2702.2
1078040 2710.2
1078050 2712.7
1078060 2712.7
1078070 2709.5
1078080 2707.5
1078090 2707.5
1078100 2705.9
1078110 2706.2
1078120 2706.2
1078130 2709.3
1078140 2703.8
1078150 2690.1
1078160 2689.1
1078170 2696.8
1078180 2696.8
1078190 2690.2
1078200 2682.8
1078210 2682.8
1078220 2679.9
1078230 2681.6
1078240 2681.6
1078250 2689.5
1078260 2707.2
1078270 2707.2
1078280 2722.6
1078290 2728.2
1078300 2732.1
1078310 2732.1
1078320 2747.0
1078330 2751.7
1078340 2751.7
1078350 2750.6
1078360 2749.2
1078370 2749.2
1078380 2749.1
1078390 2749.6
1078400 2749.6
1078410 2750.3
1078420 2750.9
1078430 2750.9
1078440 2750.4
1078450 2749.6
1078460 2752.6
1078470 2751.5
1078480 2750.6
1078490 2750.6
1078500 2750.3
1078510 2750.7
1078520 2749.9
1078530 2749.9
1078540 2749.4
1078550 2749.5
1078560 2749.5
1078570 2749.2
1078580 2748.2
1078590 2748.2
1078600 2747.4
1078610 2745.8
1078620 2745.8
1078630 2744.8
1078640 2744.3
1078650 2744.3
1078660 2743.3
1078670 2740.6
1078680 2740.6
1078690 2738.4
1078700 2737.7
1078710 2737.7
1078720 2737.2
1078730 2736.6
1078740 2736.8
1078750 2736.8
1078760 2737.3
1078770 2739.0
1078780 2739.0
1078790 2739.6
1078800 2740.3
1078810 2740.3
1078820 2741.1
1078830 2742.1
1078840 2742.1
1078850 2742.8
1078860 2743.4
1078870 2743.4
1078880 2744.0
1078890 2744.7
1078900 2744.7
1078910 2745.4
1078920 2745.9
1078930 2745.9
1078940 2746.8
1078950 2747.7
1078960 2748.9
1078970 2748.9
1078980 2750.6
1078990 2751.2
1079000 2751.2
1079010 2750.7
1079020 2749.1
1079030 2749.1
1079040 2747.5
1079050 2745.6
1079060 2745.6
1079070 2742.7
1079080 2739.9
1079090 2735.5
1079100 2732.3
1079110 2728.8
1079120 2728.8
1079130 2726.8
1079140 2725.6
1079150 2725.6
1079160 2723.3
1079170 2720.0
1079180 2716.9
1079190 2716.9
1079200 2715.0
1079210 2714.5
1079220 2714.5
1079230 2712.3
1079240 2708.1
1079250 2708.1
1079260 2703.0
1079270 2695.4
1079280 2695.4
1079290 2691.2
1079300 2688.1
1079310 2688.1
1079320 2683.6
1079330 2675.6
1079340 2675.6
1079350 2668.1
1079360 2662.7
1079370 2662.7
1079380 2659.5
1079390 2655.7
1079400 2651.0
1079410 2651.0
1079420 2647.0
1079430 2641.8
1079440 2641.8
1079450 2640.8
1079460 2638.0
1079470 2638.0
1079480 2635.5
1079490 2634.4
1079500 2634.4
1079510 2633.1
1079520 2626.9
1079530 2626.9
1079540 2623.2
1079550 2620.5
1079560 2620.5
1079570 2617.8
1079580 2615.2
1079590 2615.2
1079600 2612.0
1079610 2609.6
1079620 2606.8
1079630 2606.8
1079640 2606.0
1079650 2604.3
1079660 2604.3
1079670 2603.8
1079680 2602.9
1079690 2602.9
1079700 2602.0
1079710 2604.6
1079720 2604.6
1079730 2603.3
1079740 2602.0
1079750 2602.0
1079760 2600.6
1079770 2599.3
1079780 2599.3
1079790 2598.4
1079800 2597.9
1079810 2597.9
1079820 2597.3
1079830 2597.0
1079840 2597.0
1079850 2597.0
1079860 2597.6
1079870 2598.4
1079880 2598.4
1079890 2598.3
1079900 2597.4
1079910 2597.4
1079920 2597.7
1079930 2598.1
1079940 2598.1
1079950 2598.2
1079960 2598.4
1079970 2598.4
1079980 2599.7
1079990 2600.7
