1069460 2274.8
1069470 2274.8
1069480 2270.8
1069490 2265.5
1069500 2265.5
1069510 2260.4
1069520 2253.8
1069530 2245.3
1069540 2245.3
1069550 2232.6
1069560 2222.6
1069570 2222.6
1069580 2215.5
1069590 2210.7
1069600 2210.7
1069610 2204.8
1069620 2198.2
1069630 2198.2
1069640 2194.1
1069650 2191.0
1069660 2191.0
1069670 2191.0
1069680 2190.3
1069690 2190.3
1069700 2188.6
1069710 2184.8
1069720 2184.8
1069730 2184.7
1069740 2185.9
1069750 2189.4
1069760 2189.4
1069770 2195.7
1069780 2199.8
1069790 2199.8
1069800 2207.1
1069810 2214.7
1069820 2214.7
1069830 2225.4
1069840 2229.3
1069850 2242.5
1069860 2255.5
1069870 2259.4
1069880 2259.4
1069890 2258.9
1069900 2254.6
1069910 2254.6
1069920 2257.2
1069930 2268.4
1069940 2268.4
1069950 2279.7
1069960 2297.2
1069970 2297.2
1069980 2309.8
1069990 2309.8
1070000 2305.3
1070010 2305.3
1070020 2299.1
1070030 2291.4
1070040 2291.4
1070050 2283.4
1070060 2276.2
1070070 2276.2
1070080 2269.0
1070090 2262.1
1070100 2262.1
1070110 2255.4
1070120 2248.8
1070130 2248.8
1070140 2242.6
1070150 2236.1
1070160 2233.1
1070170 2225.9
1070180 2217.9
1070190 2217.9
1070200 2209.9
1070210 2202.7
1070220 2196.4
1070230 2196.4
1070240 2190.9
1070250 2185.9
1070260 2185.9
1070270 2180.3
1070280 2173.4
1070290 2173.4
1070300 2166.5
1070310 2158.6
1070320 2158.6
1070330 2150.9
1070340 2143.6
1070350 2143.6
1070360 2136.5
1070370 2129.3
1070380 2129.3
1070390 2122.6
1070400 2116.5
1070410 2116.5
1070420 2110.7
1070430 2105.6
1070440 2101.0
1070450 2101.0
1070460 2093.4
1070470 2088.5
1070480 2088.5
1070490 2084.5
1070500 2080.9
1070510 2080.9
1070520 2078.1
1070530 2075.5
1070540 2075.5
1070550 2072.9
1070560 2069.6
1070570 2069.6
1070580 2065.8
1070590 2062.3
1070600 2062.3
1070610 2059.1
1070620 2056.0
1070630 2056.0
1070640 2052.1
1070650 2049.3
1070660 2047.0
1070670 2047.0
1070680 2044.4
1070690 2042.0
1070700 2042.0
1070710 2039.7
1070720 2037.6
1070730 2037.6
1070740 2034.7
1070750 2032.5
1070760 2032.5
1070770 2025.6
1070780 2023.0
1070790 2023.0
1070800 2020.6
1070810 2017.3
1070820 2017.3
1070830 2014.9
1070840 2013.1
1070850 2013.1
1070860 2011.1
1070870 2009.0
1070880 2006.2
1070890 2006.2
1070900 2003.7
1070910 2001.5
1070920 2001.5
1070930 1998.8
1070940 1995.5
1070950 1995.5
1070960 1993.5
1070970 1991.0
1070980 1991.0
1070990 1987.7
1071000 1985.7
1071010 1985.7
1071020 1983.5
1071030 1981.5
1071040 1981.5
1071050 1978.6
1071060 1974.1
1071070 1974.1
1071080 1963.7
1071090 1960.1
1071100 1960.1
1071110 1956.7
1071120 1953.7
1071130 1949.9
1071140 1949.9
1071150 1947.1
1071160 1944.4
1071170 1944.4
1071180 1941.1
1071190 1938.3
1071200 1938.3
1071210 1936.0
1071220 1933.5
1071230 1933.5
1071240 1930.8
1071250 1927.7
1071260 1927.7
1071270 1924.4
1071280 1920.9
1071290 1920.9
1071300 1917.5
1071310 1914.0
1071320 1914.0
1071330 1910.9
1071340 1907.1
1071350 1903.7
1071360 1903.7
1071370 1900.5
1071380 1892.6
1071390 1892.6
1071400 1888.3
1071410 1884.4
1071420 1884.4
1071430 1881.1
1071440 1877.2
1071450 1877.2
1071460 1873.5
1071470 1868.5
1071480 1868.5
1071490 1865.0
1071500 1862.6
1071510 1862.6
1071520 1859.9
1071530 1855.6
1071540 1855.6
1071550 1852.3
1071560 1850.3
1071570 1849.6
1071580 1849.6
1071590 1847.4
1071600 1844.7
1071610 1844.7
1071620 1843.1
1071630 1841.1
1071640 1841.1
1071650 1837.4
1071660 1834.6
1071670 1834.6
1071680 1832.4
1071690 1832.1
1071700 1832.1
1071710 1829.0
1071720 1825.8
1071730 1825.8
1071740 1822.2
1071750 1818.4
1071760 1818.4
1071770 1816.9
1071780 1814.8
1071790 1804.1
1071800 1804.1
1071810 1789.2
1071820 1773.2
1071830 1773.2
1071840 1766.9
1071850 1755.7
1071860 1755.7
1071870 1739.4
1071880 1725.6
1071890 1725.6
1071900 1708.6
1071910 1697.6
1071920 1697.6
1071930 1690.8
1071940 1685.0
1071950 1685.0
1071960 1680.4
1071970 1677.2
1071980 1677.2
1071990 1675.4
1072000 1677.9
1072010 1675.7
1072020 1675.7
1072030 1673.3
1072040 1670.3
1072050 1670.3
1072060 1667.6
1072070 1665.3
1072080 1665.3
1072090 1663.1
1072100 1660.3
1072110 1660.3
1072120 1657.3
1072130 1655.3
1072140 1655.3
1072150 1654.9
1072160 1655.7
1072170 1655.7
1072180 1656.2
1072190 1655.5
1072200 1655.5
1072210 1655.0
1072220 1656.6
1072230 1656.6
1072240 1661.7
1072250 1664.4
1072260 1667.2
1072270 1667.2
1072280 1670.5
1072290 1673.5
1072300 1673.5
1072310 1680.4
1072320 1682.8
1072330 1682.8
1072340 1686.3
1072350 1688.9
1072360 1688.9
1072370 1691.9
1072380 1695.7
1072390 1695.7
1072400 1699.2
1072410 1702.8
1072420 1702.8
1072430 1706.1
1072440 1709.0
1072450 1709.0
1072460 1713.1
1072470 1717.3
1072480 1721.0
1072490 1721.0
1072500 1724.9
1072510 1727.5
1072520 1727.5
1072530 1728.6
1072540 1732.0
1072550 1732.0
1072560 1739.5
1072570 1743.3
1072580 1743.3
1072590 1745.1
1072600 1747.8
1072610 1753.5
1072620 1756.4
1072630 1762.9
1072640 1762.9
1072650 1768.1
1072660 1771.7
1072670 1771.7
1072680 1775.8
1072690 1780.8
1072700 1786.2
1072710 1786.2
1072720 1791.9
1072730 1798.3
1072740 1798.3
1072750 1804.8
1072760 1811.4
1072770 1811.4
1072780 1816.8
1072790 1827.3
1072800 1827.3
1072810 1844.4
1072820 1857.5
1072830 1857.5
1072840 1861.8
1072850 1877.3
1072860 1877.3
1072870 1890.3
1072880 1897.0
1072890 1897.0
1072900 1916.3
1072910 1928.8
1072920 1966.6
1072930 1966.6
1072940 1978.8
1072950 1979.8
1072960 1979.8
1072970 1977.7
1072980 1974.5
1072990 1974.5
1073000 1971.6
1073010 1971.5
1073020 1971.5
1073030 1972.3
1073040 1973.1
1073050 1973.1
1073060 1975.0
1073070 1978.0
1073080 1978.0
1073090 1981.0
1073100 1983.9
1073110 1983.9
1073120 1987.3
1073130 1991.2
1073140 1995.9
1073150 1995.9
1073160 1999.4
1073170 2004.4
1073180 2004.4
1073190 2010.9
1073200 2018.6
1073210 2018.6
1073220 2027.4
1073230 2047.8
1073240 2047.8
1073250 2101.6
1073260 2123.4
1073270 2123.4
1073280 2121.3
1073290 2117.6
1073300 2117.6
1073310 2112.5
1073320 2106.9
1073330 2106.9
1073340 2102.7
1073350 2098.1
1073360 2098.1
1073370 2093.7
1073380 2090.3
1073390 2084.8
1073400 2084.8
1073410 2081.0
1073420 2079.1
1073430 2079.1
1073440 2076.5
1073450 2074.0
1073460 2074.0
1073470 2070.4
1073480 2068.4
1073490 2068.4
1073500 2066.1
1073510 2061.5
1073520 2061.5
1073530 2056.9
1073540 2061.6
1073550 2061.6
1073560 2059.9
1073570 2056.5
1073580 2056.5
1073590 2054.5
1073600 2052.8
1073610 2049.6
1073620 2049.6
1073630 2049.0
1073640 2048.9
1073650 2048.9
1073660 2048.9
1073670 2048.7
1073680 2048.7
1073690 2048.4
1073700 2047.7
1073710 2047.7
1073720 2047.8
1073730 2047.9
1073740 2047.9
1073750 2049.2
1073760 2050.6
1073770 2050.6
1073780 2050.8
1073790 2051.1
1073800 2051.1
1073810 2050.9
1073820 2051.3
1073830 2052.4
1073840 2052.4
1073850 2058.5
1073860 2058.5
1073870 2058.5
1073880 2060.3
1073890 2063.7
1073900 2063.7
1073910 2067.9
1073920 2072.1
1073930 2072.1
1073940 2076.5
1073950 2081.2
1073960 2081.2
1073970 2084.7
1073980 2087.5
1073990 2087.5
1074000 2090.3
1074010 2092.3
1074020 2092.3
1074030 2095.1
1074040 2104.1
1074050 2117.1
1074060 2117.1
1074070 2131.6
1074080 2137.7
1074090 2137.7
1074100 2140.0
1074110 2155.0
1074120 2155.0
1074130 2178.8
1074140 2192.6
1074150 2192.6
1074160 2234.4
1074170 2231.1
1074180 2231.1
1074190 2222.9
1074200 2214.6
1074210 2214.6
1074220 2206.7
1074230 2198.8
1074240 2198.8
1074250 2190.8
1074260 2182.1
1074270 2182.1
1074280 2171.7
1074290 2156.3
1074300 2152.7
1074310 2152.7
1074320 2146.6
1074330 2142.1
1074340 2142.1
1074350 2138.3
1074360 2133.1
1074370 2133.1
1074380 2127.3
1074390 2120.8
1074400 2120.8
1074410 2114.4
1074420 2108.2
1074430 2108.2
1074440 2101.8
1074450 2095.5
1074460 2095.5
1074470 2087.0
1074480 2080.7
1074490 2080.7
1074500 2073.7
1074510 2067.3
1074520 2061.1
1074530 2061.1
1074540 2055.3
1074550 2049.8
1074560 2049.8
1074570 2044.3
1074580 2038.6
1074590 2038.6
1074600 2032.9
1074610 2027.2
1074620 2027.2
1074630 2021.7
1074640 2016.2
1074650 2016.2
1074660 2011.2
1074670 2006.4
1074680 2006.4
1074690 2001.6
1074700 1997.0
1074710 1997.0
1074720 1992.2
1074730 1987.3
1074740 1982.6
1074750 1982.6
1074760 1977.9
1074770 1973.2
1074780 1973.4
1074790 1970.1
1074800 1968.1
1074810 1968.1
1074820 1966.4
1074830 1964.2
1074840 1964.2
1074850 1962.7
1074860 1961.0
1074870 1961.0
1074880 1959.3
1074890 1957.9
1074900 1957.9
1074910 1956.6
1074920 1955.4
1074930 1955.4
1074940 1954.3
1074950 1953.9
1074960 1954.9
1074970 1954.9
1074980 1956.2
1074990 1957.6
1075000 1957.6
1075010 1958.9
1075020 1958.9
1075030 1958.9
1075040 1958.8
1075050 1958.7
1075060 1958.7
1075070 1958.0
1075080 1956.4
1075090 1960.0
1075100 1957.6
1075110 1956.3
1075120 1956.3
1075130 1957.1
1075140 1958.9
1075150 1958.9
1075160 1960.8
1075170 1962.9
1075180 1964.1
1075190 1964.1
1075200 1965.7
1075210 1967.1
1075220 1967.1
1075230 1969.0
1075240 1970.4
1075250 1970.4
1075260 1972.4
1075270 1976.1
1075280 1976.1
1075290 1980.7
1075300 1984.5
1075310 1984.5
1075320 1988.6
1075330 1992.8
1075340 1992.8
1075350 1997.0
1075360 2001.4
1075370 2001.4
1075380 2006.0
1075390 2010.6
1075400 2015.6
1075410 2019.9
1075420 2023.4
1075430 2026.6
1075440 2026.6
1075450 2029.8
1075460 2032.8
1075470 2032.8
1075480 2035.4
1075490 2038.1
1075500 2038.1
1075510 2040.8
1075520 2043.2
1075530 2043.2
1075540 2045.0
1075550 2046.2
1075560 2046.2
1075570 2047.3
1075580 2048.4
1075590 2048.4
1075600 2049.4
1075610 2051.3
1075620 2051.3
1075630 2055.0
1075640 2059.0
1075650 2064.3
1075660 2064.3
1075670 2069.6
1075680 2074.7
1075690 2074.7
1075700 2080.0
1075710 2090.0
1075720 2090.0
1075730 2095.2
1075740 2100.5
1075750 2100.5
1075760 2105.9
1075770 2110.8
1075780 2110.8
1075790 2114.9
1075800 2118.4
1075810 2118.4
1075820 2122.4
1075830 2126.4
1075840 2126.4
1075850 2129.7
1075860 2132.1
1075870 2134.4
1075880 2134.4
1075890 2136.8
1075900 2138.9
1075910 2138.9
1075920 2140.5
1075930 2142.4
1075940 2142.4
1075950 2144.0
1075960 2145.1
1075970 2145.1
1075980 2145.3
1075990 2145.1
1076000 2145.1
1076010 2145.5
1076020 2154.5
1076030 2154.5
1076040 2161.6
1076050 2171.5
1076060 2171.5
1076070 2177.7
1076080 2181.7
1076090 2185.1
1076100 2185.1
1076110 2192.4
1076120 2197.2
1076130 2197.2
1076140 2200.5
1076150 2200.1
1076160 2200.1
1076170 2210.0
1076180 2211.6
1076190 2211.6
1076200 2209.5
1076210 2206.5
1076220 2206.5
1076230 2209.4
1076240 2210.7
1076250 2210.7
1076260 2204.9
1076270 2199.6
1076280 2199.6
1076290 2197.5
1076300 2197.1
1076310 2193.0
1076320 2193.0
1076330 2198.6
1076340 2192.1
1076350 2192.1
1076360 2194.0
1076370 2192.4
1076380 2192.4
1076390 2186.2
1076400 2181.4
1076410 2181.4
1076420 2181.7
1076430 2180.2
1076440 2180.2
1076450 2184.8
1076460 2187.4
1076470 2187.4
1076480 2190.2
1076490 2193.5
1076500 2193.5
1076510 2197.0
1076520 2201.3
1076530 2201.3
1076540 2205.9
1076550 2209.5
1076560 2213.6
1076570 2213.6
1076580 2217.4
1076590 2221.3
1076600 2221.3
1076610 2225.2
1076620 2228.9
1076630 2228.9
1076640 2238.2
1076650 2242.9
1076660 2242.9
1076670 2248.2
1076680 2253.4
1076690 2253.4
1076700 2258.6
1076710 2263.6
1076720 2263.6
1076730 2268.3
1076740 2273.3
1076750 2273.3
1076760 2278.5
1076770 2284.0
1076780 2289.8
1076790 2289.8
1076800 2295.8
1076810 2300.6
1076820 2300.6
1076830 2300.7
1076840 2303.2
1076850 2303.2
1076860 2311.0
1076870 2341.8
1076880 2341.8
1076890 2351.6
1076900 2359.7
1076910 2359.7
1076920 2368.1
1076930 2382.5
1076940 2382.5
1076950 2393.1
1076960 2395.7
1076970 2395.7
1076980 2404.3
1076990 2419.4
1077000 2430.6
1077010 2430.6
1077020 2447.9
1077030 2455.2
1077040 2455.2
1077050 2463.5
1077060 2472.7
1077070 2472.7
1077080 2484.9
1077090 2493.1
1077100 2493.1
1077110 2492.9
1077120 2491.9
1077130 2491.9
1077140 2496.6
1077150 2499.4
1077160 2499.4
1077170 2502.4
1077180 2508.9
1077190 2508.9
1077200 2517.6
1077210 2524.3
1077220 2530.1
1077230 2530.1
1077240 2538.0
1077250 2543.1
1077260 2550.4
1077270 2576.5
1077280 2600.2
1077290 2600.2
1077300 2599.2
1077310 2602.3
1077320 2602.3
1077330 2611.6
1077340 2637.3
1077350 2637.3
1077360 2645.5
1077370 2670.1
1077380 2670.1
1077390 2705.4
1077400 2716.2
1077410 2716.2
1077420 2719.4
1077430 2728.6
1077440 2735.5
1077450 2735.5
1077460 2747.3
1077470 2752.0
1077480 2752.0
1077490 2758.6
1077500 2765.6
1077510 2765.6
1077520 2775.7
1077530 2782.3
1077540 2782.3
1077550 2787.6
1077560 2795.0
1077570 2806.0
1077580 2816.4
1077590 2821.5
1077600 2821.5
1077610 2825.2
1077620 2823.7
1077630 2823.7
1077640 2821.8
1077650 2821.1
1077660 2821.1
1077670 2820.6
1077680 2820.2
1077690 2819.0
1077700 2819.0
1077710 2817.5
1077720 2814.1
1077730 2814.1
1077740 2811.1
1077750 2808.2
1077760 2808.2
1077770 2806.2
1077780 2803.9
1077790 2803.9
1077800 2802.1
1077810 2798.6
1077820 2798.6
1077830 2793.9
1077840 2789.9
1077850 2789.9
1077860 2788.9
1077870 2788.0
1077880 2783.5
1077890 2782.3
1077900 2780.1
1077910 2778.3
1077920 2778.3
1077930 2775.9
1077940 2774.0
1077950 2774.0
1077960 2772.4
1077970 2771.3
1077980 2771.3
1077990 2769.1
1078000 2767.4
1078010 2767.4
1078020 2765.3
1078030 2760.6
1078040 2760.6
1078050 2754.0
1078060 2749.5
1078070 2749.5
1078080 2747.0
1078090 2741.8
1078100 2741.8
1078110 2736.9
1078120 2734.9
1078130 2731.1
1078140 2731.1
1078150 2726.1
1078160 2715.7
1078170 2715.7
1078180 2708.9
1078190 2700.9
1078200 2698.2
1078210 2691.0
1078220 2681.8
1078230 2681.8
1078240 2677.2
1078250 2673.7
1078260 2673.7
1078270 2670.9
1078280 2669.7
1078290 2669.7
1078300 2667.8
1078310 2662.7
1078320 2662.7
1078330 2660.0
1078340 2655.2
1078350 2649.5
1078360 2649.5
1078370 2646.7
1078380 2644.2
1078390 2644.2
1078400 2639.8
1078410 2636.6
1078420 2636.6
1078430 2633.6
1078440 2631.8
1078450 2631.8
1078460 2629.8
1078470 2628.4
1078480 2628.4
1078490 2625.0
1078500 2621.2
1078510 2618.5
1078520 2616.2
1078530 2615.1
1078540 2615.1
1078550 2614.0
1078560 2613.3
1078570 2612.6
1078580 2612.6
1078590 2612.1
1078600 2611.6
1078610 2611.6
1078620 2611.1
1078630 2610.8
1078640 2610.8
1078650 2610.4
1078660 2609.8
1078670 2609.8
1078680 2608.9
1078690 2608.1
1078700 2608.1
1078710 2607.7
1078720 2609.5
1078730 2609.5
1078740 2610.3
1078750 2611.9
1078760 2611.9
1078770 2614.4
1078780 2617.3
1078790 2617.3
1078800 2620.2
1078810 2622.9
1078820 2626.2
1078830 2626.2
1078840 2628.9
1078850 2629.9
1078860 2629.9
1078870 2631.3
1078880 2633.8
1078890 2633.8
1078900 2636.3
1078910 2638.4
1078920 2638.4
1078930 2640.3
1078940 2641.9
1078950 2641.9
1078960 2643.9
1078970 2645.2
1078980 2645.2
1078990 2646.5
1079000 2647.5
1079010 2647.5
1079020 2647.6
1079030 2648.2
1079040 2648.9
1079050 2648.9
1079060 2649.7
1079070 2651.1
1079080 2651.1
1079090 2652.6
1079100 2654.2
1079110 2654.2
1079120 2655.8
1079130 2650.5
1079140 2650.5
1079150 2652.3
1079160 2653.1
1079170 2653.1
1079180 2653.0
1079190 2652.1
1079200 2652.1
1079210 2651.7
1079220 2651.8
1079230 2651.8
1079240 2651.6
1079250 2651.5
1079260 2651.1
1079270 2651.1
1079280 2651.1
1079290 2651.1
1079300 2651.1
1079310 2650.0
1079320 2649.3
1079330 2649.3
1079340 2648.8
1079350 2649.5
1079360 2649.5
1079370 2651.5
1079380 2653.6
1079390 2653.6
1079400 2653.5
1079410 2654.5
1079420 2654.5
1079430 2655.6
1079440 2655.4
1079450 2654.4
1079460 2654.3
1079470 2654.7
1079480 2654.1
1079490 2654.1
1079500 2653.5
1079510 2652.7
1079520 2652.7
1079530 2651.5
1079540 2651.5
1079550 2651.5
1079560 2653.9
1079570 2655.7
1079580 2655.7
1079590 2657.1
1079600 2658.2
1079610 2658.2
1079620 2659.9
1079630 2661.6
1079640 2661.6
1079650 2663.4
1079660 2664.0
1079670 2664.0
1079680 2664.6
1079690 2665.5
1079700 2666.2
1079710 2666.2
1079720 2665.1
1079730 2664.3
1079740 2664.3
1079750 2665.6
1079760 2662.3
1079770 2662.3
1079780 2662.9
1079790 2664.0
1079800 2664.0
1079810 2664.6
1079820 2663.9
1079830 2663.9
1079840 2663.3
1079850 2663.6
1079860 2663.6
1079870 2663.4
1079880 2662.3
1079890 2662.3
1079900 2660.3
1079910 2657.3
1079920 2655.1
1079930 2655.1
1079940 2652.4
1079950 2649.3
1079960 2649.3
1079970 2646.2
1079980 2642.3
1079990 2642.3
