1069480 2265.7
1069490 2261.8
1069500 2256.4
1069510 2256.4
1069520 2246.6
1069530 2228.9
1069540 2228.9
1069550 2216.3
1069560 2212.2
1069570 2212.2
1069580 2207.2
1069590 2201.4
1069600 2201.4
1069610 2195.3
1069620 2188.9
1069630 2188.9
1069640 2182.1
1069650 2178.0
1069660 2184.0
1069670 2182.5
1069680 2182.2
1069690 2182.2
1069700 2181.0
1069710 2177.9
1069720 2177.2
1069730 2177.2
1069740 2178.7
1069750 2183.3
1069760 2183.3
1069770 2188.3
1069780 2195.7
1069790 2195.7
1069800 2202.6
1069810 2205.8
1069820 2205.8
1069830 2212.5
1069840 2217.3
1069850 2217.3
1069860 2223.5
1069870 2230.0
1069880 2230.0
1069890 2234.4
1069900 2239.1
1069910 2239.1
1069920 2250.7
1069930 2268.3
1069940 2280.4
1069950 2280.4
1069960 2296.7
1069970 2305.5
1069980 2305.5
1069990 2303.8
1070000 2300.5
1070010 2300.5
1070020 2295.8
1070030 2288.8
1070040 2288.8
1070050 2281.1
1070060 2274.1
1070070 2274.1
1070080 2266.9
1070090 2260.4
1070100 2260.4
1070110 2254.6
1070120 2248.8
1070130 2248.8
1070140 2242.9
1070150 2237.0
1070160 2230.5
1070170 2230.5
1070180 2223.6
1070190 2217.1
1070200 2217.1
1070210 2211.5
1070220 2205.9
1070230 2205.9
1070240 2199.5
1070250 2192.6
1070260 2192.6
1070270 2183.2
1070280 2176.5
1070290 2176.5
1070300 2171.2
1070310 2165.2
1070320 2165.2
1070330 2154.7
1070340 2145.9
1070350 2145.9
1070360 2137.9
1070370 2130.7
1070380 2130.7
1070390 2124.0
1070400 2117.5
1070410 2112.1
1070420 2112.1
1070430 2106.2
1070440 2100.7
1070450 2100.7
1070460 2096.2
1070470 2092.2
1070480 2092.2
1070490 2088.9
1070500 2086.2
1070510 2086.2
1070520 2083.6
1070530 2081.6
1070540 2081.6
1070550 2079.4
1070560 2076.5
1070570 2072.8
1070580 2069.6
1070590 2065.9
1070600 2065.9
1070610 2063.1
1070620 2060.2
1070630 2057.4
1070640 2057.4
1070650 2055.1
1070660 2052.1
1070670 2052.1
1070680 2049.8
1070690 2048.3
1070700 2048.3
1070710 2046.1
1070720 2043.3
1070730 2043.3
1070740 2039.0
1070750 2035.5
1070760 2035.5
1070770 2032.6
1070780 2030.5
1070790 2030.5
1070800 2029.5
1070810 2028.2
1070820 2028.2
1070830 2025.8
1070840 2023.6
1070850 2020.8
1070860 2020.8
1070870 2017.3
1070880 2011.8
1070890 2011.8
1070900 2009.0
1070910 2006.6
1070920 2006.6
1070930 2004.6
1070940 2001.6
1070950 2001.6
1070960 1997.8
1070970 1995.0
1070980 1995.0
1070990 1992.8
1071000 1991.6
1071010 1991.6
1071020 1990.6
1071030 1989.3
1071040 1989.3
1071050 1986.2
1071060 1981.7
1071070 1978.3
1071080 1978.3
1071090 1975.2
1071100 1973.0
1071110 1973.0
1071120 1973.6
1071130 1970.9
1071140 1970.9
1071150 1966.4
1071160 1964.5
1071170 1964.5
1071180 1960.9
1071190 1945.2
1071200 1945.2
1071210 1942.3
1071220 1939.5
1071230 1939.5
1071240 1936.9
1071250 1933.8
1071260 1933.8
1071270 1930.9
1071280 1927.6
1071290 1923.8
1071300 1923.8
1071310 1919.6
1071320 1916.5
1071330 1916.5
1071340 1912.3
1071350 1908.4
1071360 1908.4
1071370 1905.4
1071380 1901.1
1071390 1901.1
1071400 1896.6
1071410 1892.3
1071420 1892.3
1071430 1887.2
1071440 1880.5
1071450 1880.5
1071460 1872.4
1071470 1864.3
1071480 1864.3
1071490 1859.1
1071500 1856.1
1071510 1856.1
1071520 1853.2
1071530 1849.5
1071540 1846.8
1071550 1846.8
1071560 1845.9
1071570 1844.5
1071580 1844.5
1071590 1841.9
1071600 1839.3
1071610 1839.3
1071620 1837.6
1071630 1836.3
1071640 1836.3
1071650 1833.6
1071660 1830.0
1071670 1830.0
1071680 1827.6
1071690 1825.5
1071700 1825.5
1071710 1820.9
1071720 1817.4
1071730 1817.4
1071740 1815.3
1071750 1805.5
1071760 1793.2
1071770 1793.2
1071780 1783.3
1071790 1774.6
1071800 1786.6
1071810 1769.2
1071820 1758.5
1071830 1758.5
1071840 1752.0
1071850 1742.6
1071860 1742.6
1071870 1725.7
1071880 1712.6
1071890 1712.6
1071900 1704.7
1071910 1696.9
1071920 1696.9
1071930 1688.9
1071940 1682.2
1071950 1682.2
1071960 1677.1
1071970 1673.3
1071980 1670.8
1071990 1670.8
1072000 1668.9
1072010 1665.9
1072020 1665.9
1072030 1663.8
1072040 1661.4
1072050 1661.4
1072060 1659.5
1072070 1657.1
1072080 1657.1
1072090 1655.3
1072100 1653.7
1072110 1656.8
1072120 1654.0
1072130 1652.2
1072140 1652.2
1072150 1652.3
1072160 1653.0
1072170 1653.0
1072180 1652.7
1072190 1652.4
1072200 1651.8
1072210 1651.8
1072220 1654.9
1072230 1659.5
1072240 1659.5
1072250 1662.1
1072260 1664.3
1072270 1664.3
1072280 1667.0
1072290 1669.6
1072300 1669.6
1072310 1672.2
1072320 1674.9
1072330 1674.9
1072340 1677.5
1072350 1680.9
1072360 1680.9
1072370 1684.3
1072380 1687.7
1072390 1687.7
1072400 1691.0
1072410 1694.5
1072420 1702.0
1072430 1702.0
1072440 1705.5
1072450 1709.8
1072460 1709.8
1072470 1713.6
1072480 1717.2
1072490 1717.2
1072500 1720.2
1072510 1722.1
1072520 1722.1
1072530 1722.8
1072540 1728.0
1072550 1728.0
1072560 1733.1
1072570 1736.3
1072580 1736.3
1072590 1740.2
1072600 1745.5
1072610 1745.5
1072620 1749.8
1072630 1753.2
1072640 1753.2
1072650 1756.7
1072660 1762.0
1072670 1768.0
1072680 1768.0
1072690 1773.9
1072700 1780.6
1072710 1780.6
1072720 1789.7
1072730 1795.7
1072740 1795.7
1072750 1798.6
1072760 1801.3
1072770 1801.3
1072780 1810.9
1072790 1821.2
1072800 1821.2
1072810 1831.4
1072820 1842.0
1072830 1842.0
1072840 1852.3
1072850 1860.7
1072860 1860.7
1072870 1880.1
1072880 1889.9
1072890 1913.1
1072900 1913.1
1072910 1927.1
1072920 1942.1
1072930 1942.1
1072940 1958.8
1072950 1963.4
1072960 1963.4
1072970 1963.9
1072980 1964.6
1072990 1964.6
1073000 1963.0
1073010 1963.6
1073020 1963.6
1073030 1967.9
1073040 1969.6
1073050 1969.6
1073060 1971.2
1073070 1973.8
1073080 1973.8
1073090 1976.4
1073100 1979.2
1073110 1983.2
1073120 1983.2
1073130 1986.7
1073140 1991.9
1073150 1991.9
1073160 1996.9
1073170 2002.4
1073180 2002.4
1073190 2008.6
1073200 2015.4
1073210 2015.4
1073220 2022.0
1073230 2028.5
1073240 2028.5
1073250 2058.6
1073260 2106.5
1073270 2106.5
1073280 2111.7
1073290 2110.1
1073300 2110.1
1073310 2104.9
1073320 2099.8
1073330 2095.0
1073340 2100.4
1073350 2094.5
1073360 2090.4
1073370 2090.4
1073380 2087.7
1073390 2082.1
1073400 2082.1
1073410 2078.0
1073420 2075.6
1073430 2075.6
1073440 2073.0
1073450 2070.5
1073460 2070.5
1073470 2067.4
1073480 2063.1
1073490 2063.1
1073500 2060.0
1073510 2056.1
1073520 2056.1
1073530 2053.3
1073540 2051.7
1073550 2050.1
1073560 2050.1
1073570 2048.0
1073580 2046.3
1073590 2046.3
1073600 2044.6
1073610 2043.1
1073620 2043.1
1073630 2042.7
1073640 2041.7
1073650 2044.9
1073660 2044.9
1073670 2044.6
1073680 2044.6
1073690 2044.2
1073700 2043.8
1073710 2043.8
1073720 2043.8
1073730 2043.8
1073740 2043.8
1073750 2045.1
1073760 2046.2
1073770 2046.2
1073780 2046.4
1073790 2046.4
1073800 2046.3
1073810 2046.3
1073820 2046.2
1073830 2047.3
1073840 2047.3
1073850 2048.1
1073860 2049.4
1073870 2049.4
1073880 2052.0
1073890 2054.6
1073900 2054.6
1073910 2058.0
1073920 2061.4
1073930 2061.4
1073940 2064.9
1073950 2068.0
1073960 2074.6
1073970 2077.7
1073980 2080.5
1073990 2080.5
1074000 2083.4
1074010 2085.3
1074020 2087.7
1074030 2087.7
1074040 2094.8
1074050 2104.0
1074060 2104.0
1074070 2108.9
1074080 2118.3
1074090 2118.3
1074100 2139.0
1074110 2151.2
1074120 2151.2
1074130 2165.3
1074140 2176.7
1074150 2176.7
1074160 2183.0
1074170 2205.7
1074180 2205.7
1074190 2219.4
1074200 2214.2
1074210 2214.2
1074220 2206.2
1074230 2198.6
1074240 2190.4
1074250 2190.4
1074260 2183.0
1074270 2173.5
1074280 2173.5
1074290 2163.5
1074300 2157.3
1074310 2157.3
1074320 2151.6
1074330 2148.2
1074340 2148.2
1074350 2143.6
1074360 2137.7
1074370 2137.7
1074380 2131.3
1074390 2124.2
1074400 2124.2
1074410 2117.3
1074420 2110.8
1074430 2110.8
1074440 2104.5
1074450 2098.3
1074460 2091.7
1074470 2091.7
1074480 2085.2
1074490 2078.8
1074500 2078.8
1074510 2072.9
1074520 2067.2
1074530 2067.2
1074540 2061.4
1074550 2055.3
1074560 2055.3
1074570 2049.0
1074580 2040.7
1074590 2040.7
1074600 2034.9
1074610 2029.2
1074620 2029.2
1074630 2023.6
1074640 2018.6
1074650 2018.6
1074660 2013.8
1074670 2009.2
1074680 2004.5
1074690 2004.5
1074700 1999.6
1074710 1994.5
1074720 1994.5
1074730 1989.6
1074740 1984.4
1074750 1984.4
1074760 1979.1
1074770 1974.0
1074780 1974.0
1074790 1969.7
1074800 1965.6
1074810 1965.6
1074820 1962.8
1074830 1961.6
1074840 1961.6
1074850 1960.2
1074860 1958.9
1074870 1958.9
1074880 1957.6
1074890 1957.0
1074900 1957.0
1074910 1955.7
1074920 1954.6
1074930 1953.2
1074940 1953.2
1074950 1951.8
1074960 1951.2
1074970 1951.2
1074980 1952.9
1074990 1954.6
1075000 1954.6
1075010 1955.1
1075020 1955.0
1075030 1955.0
1075040 1955.2
1075050 1955.3
1075060 1955.3
1075070 1953.9
1075080 1952.1
1075090 1952.1
1075100 1950.0
1075110 1949.1
1075120 1949.1
1075130 1950.6
1075140 1952.7
1075150 1952.9
1075160 1952.9
1075170 1952.6
1075180 1953.1
1075190 1953.1
1075200 1959.9
1075210 1961.3
1075220 1961.3
1075230 1963.4
1075240 1964.8
1075250 1964.8
1075260 1967.9
1075270 1972.6
1075280 1972.6
1075290 1976.2
1075300 1979.6
1075310 1979.6
1075320 1983.9
1075330 1987.9
1075340 1987.9
1075350 1992.0
1075360 1996.6
1075370 2001.2
1075380 2001.2
1075390 2005.2
1075400 2008.5
1075410 2008.5
1075420 2011.6
1075430 2014.9
1075440 2014.9
1075450 2017.9
1075460 2020.5
1075470 2020.5
1075480 2022.9
1075490 2025.4
1075500 2025.4
1075510 2034.3
1075520 2036.5
1075530 2036.5
1075540 2038.3
1075550 2039.5
1075560 2039.5
1075570 2040.6
1075580 2041.7
1075590 2042.7
1075600 2042.7
1075610 2045.5
1075620 2049.5
1075630 2049.5
1075640 2054.7
1075650 2059.8
1075660 2059.8
1075670 2064.9
1075680 2070.1
1075690 2070.1
1075700 2075.3
1075710 2080.6
1075720 2080.6
1075730 2086.1
1075740 2091.2
1075750 2091.2
1075760 2095.8
1075770 2099.4
1075780 2099.4
1075790 2102.9
1075800 2107.2
1075810 2111.1
1075820 2116.9
1075830 2120.5
1075840 2123.1
1075850 2123.1
1075860 2125.5
1075870 2127.8
1075880 2127.8
1075890 2130.2
1075900 2132.0
1075910 2132.0
1075920 2133.6
1075930 2135.6
1075940 2135.6
1075950 2137.0
1075960 2138.0
1075970 2138.0
1075980 2138.4
1075990 2138.0
1076000 2138.0
1076010 2138.4
1076020 2139.4
1076030 2139.4
1076040 2142.6
1076050 2148.4
1076060 2149.1
1076070 2149.1
1076080 2156.7
1076090 2165.5
1076100 2165.5
1076110 2174.6
1076120 2176.2
1076130 2187.9
1076140 2188.9
1076150 2188.6
1076160 2188.6
1076170 2197.9
1076180 2202.7
1076190 2202.7
1076200 2200.0
1076210 2196.0
1076220 2196.0
1076230 2198.7
1076240 2197.2
1076250 2197.2
1076260 2192.6
1076270 2187.2
1076280 2187.4
1076290 2187.4
1076300 2184.7
1076310 2177.4
1076320 2177.4
1076330 2171.6
1076340 2171.4
1076350 2171.4
1076360 2171.4
1076370 2170.0
1076380 2170.0
1076390 2168.1
1076400 2169.2
1076410 2169.2
1076420 2169.3
1076430 2169.8
1076440 2175.2
1076450 2179.2
1076460 2182.0
1076470 2182.0
1076480 2184.9
1076490 2188.3
1076500 2191.9
1076510 2191.9
1076520 2196.3
1076530 2200.7
1076540 2200.7
1076550 2204.8
1076560 2209.3
1076570 2209.3
1076580 2212.9
1076590 2216.3
1076600 2216.3
1076610 2220.0
1076620 2224.6
1076630 2224.6
1076640 2229.8
1076650 2234.4
1076660 2234.4
1076670 2239.2
1076680 2244.2
1076690 2244.2
1076700 2249.2
1076710 2254.0
1076720 2258.9
1076730 2258.9
1076740 2264.2
1076750 2274.1
1076760 2274.1
1076770 2279.8
1076780 2285.8
1076790 2285.8
1076800 2291.2
1076810 2293.0
1076820 2293.0
1076830 2293.9
1076840 2298.5
1076850 2298.5
1076860 2304.5
1076870 2336.0
1076880 2336.0
1076890 2348.7
1076900 2358.6
1076910 2358.6
1076920 2365.0
1076930 2377.8
1076940 2387.1
1076950 2387.1
1076960 2394.0
1076970 2406.8
1076980 2406.8
1076990 2416.4
1077000 2430.5
1077010 2430.5
1077020 2450.1
1077030 2462.5
1077040 2462.5
1077050 2470.1
1077060 2480.6
1077070 2480.6
1077080 2490.3
1077090 2501.2
1077100 2501.2
1077110 2505.7
1077120 2504.7
1077130 2504.7
1077140 2505.6
1077150 2508.5
1077160 2508.5
1077170 2512.0
1077180 2522.4
1077190 2529.1
1077200 2529.1
1077210 2534.3
1077220 2542.3
1077230 2542.3
1077240 2549.4
1077250 2553.4
1077260 2553.4
1077270 2557.8
1077280 2564.7
1077290 2564.7
1077300 2575.3
1077310 2586.4
1077320 2586.4
1077330 2592.5
1077340 2606.3
1077350 2606.3
1077360 2616.5
1077370 2640.3
1077380 2640.3
1077390 2659.7
1077400 2674.2
1077410 2681.2
1077420 2681.2
1077430 2703.0
1077440 2714.7
1077450 2714.7
1077460 2726.8
1077470 2734.3
1077480 2734.3
1077490 2740.0
1077500 2745.7
1077510 2745.7
1077520 2769.2
1077530 2777.2
1077540 2777.2
1077550 2781.2
1077560 2786.1
1077570 2786.1
1077580 2793.0
1077590 2799.6
1077600 2799.6
1077610 2810.7
1077620 2821.1
1077630 2824.9
1077640 2824.9
1077650 2825.6
1077660 2825.3
1077670 2825.3
1077680 2822.9
1077690 2821.7
1077700 2821.7
1077710 2820.1
1077720 2816.9
1077730 2816.9
1077740 2816.2
1077750 2815.4
1077760 2815.4
1077770 2812.9
1077780 2809.6
1077790 2809.6
1077800 2806.2
1077810 2800.7
1077820 2800.7
1077830 2795.1
1077840 2794.4
1077850 2793.0
1077860 2793.0
1077870 2790.7
1077880 2787.7
1077890 2787.7
1077900 2784.8
1077910 2782.8
1077920 2782.8
1077930 2780.4
1077940 2775.4
1077950 2775.4
1077960 2771.2
1077970 2767.5
1077980 2767.5
1077990 2765.9
1078000 2767.1
1078010 2767.1
1078020 2765.5
1078030 2761.1
1078040 2761.1
1078050 2754.4
1078060 2747.8
1078070 2745.3
1078080 2745.3
1078090 2741.0
1078100 2737.2
1078110 2737.2
1078120 2732.8
1078130 2728.1
1078140 2728.1
1078150 2723.6
1078160 2718.0
1078170 2718.0
1078180 2712.0
1078190 2706.0
1078200 2706.0
1078210 2697.4
1078220 2686.0
1078230 2686.0
1078240 2678.3
1078250 2675.1
1078260 2675.1
1078270 2670.7
1078280 2665.2
1078290 2665.2
1078300 2660.9
1078310 2660.7
1078320 2659.7
1078330 2659.7
1078340 2654.6
1078350 2648.6
1078360 2648.6
1078370 2644.9
1078380 2642.2
1078390 2642.2
1078400 2638.8
1078410 2636.7
1078420 2636.7
1078430 2634.3
1078440 2631.8
1078450 2631.8
1078460 2629.9
1078470 2629.0
1078480 2629.0
1078490 2626.4
1078500 2623.4
1078510 2623.4
1078520 2619.0
1078530 2614.8
1078540 2613.1
1078550 2613.1
1078560 2612.4
1078570 2611.8
1078580 2611.8
1078590 2611.3
1078600 2610.8
1078610 2610.8
1078620 2610.8
1078630 2610.5
1078640 2610.5
1078650 2610.1
1078660 2609.4
1078670 2609.4
1078680 2609.3
1078690 2609.5
1078700 2609.5
1078710 2609.5
1078720 2610.6
1078730 2610.6
1078740 2611.2
1078750 2613.4
1078760 2616.5
1078770 2616.5
1078780 2619.3
1078790 2621.8
1078800 2621.8
1078810 2624.0
1078820 2627.1
1078830 2627.1
1078840 2629.8
1078850 2632.8
1078860 2632.8
1078870 2635.1
1078880 2636.3
1078890 2636.3
1078900 2639.1
1078910 2641.6
1078920 2641.6
1078930 2642.0
1078940 2644.5
1078950 2644.5
1078960 2646.8
1078970 2649.1
1078980 2650.6
1078990 2650.6
1079000 2651.0
1079010 2650.4
1079020 2650.4
1079030 2650.8
1079040 2652.2
1079050 2652.2
1079060 2653.9
1079070 2656.2
1079080 2656.2
1079090 2657.9
1079100 2658.8
1079110 2658.8
1079120 2660.2
1079130 2660.9
1079140 2660.9
1079150 2663.0
1079160 2663.4
1079170 2663.4
1079180 2662.3
1079190 2660.9
1079200 2660.3
1079210 2660.3
1079220 2659.0
1079230 2658.3
1079240 2658.3
1079250 2655.4
1079260 2655.7
1079270 2655.7
1079280 2655.8
1079290 2655.2
1079300 2655.2
1079310 2654.9
1079320 2654.9
1079330 2654.9
1079340 2655.0
1079350 2655.8
1079360 2655.8
1079370 2657.0
1079380 2658.1
1079390 2658.1
1079400 2658.4
1079410 2658.4
1079420 2658.4
1079430 2659.0
1079440 2659.0
1079450 2658.7
1079460 2658.7
1079470 2658.2
1079480 2658.8
1079490 2658.8
1079500 2660.9
1079510 2662.0
1079520 2662.0
1079530 2662.9
1079540 2664.0
1079550 2664.0
1079560 2658.8
1079570 2661.1
1079580 2661.1
1079590 2662.7
1079600 2663.5
1079610 2663.5
1079620 2665.0
1079630 2666.1
1079640 2666.1
1079650 2667.5
1079660 2668.5
1079670 2668.2
1079680 2668.2
1079690 2667.6
1079700 2667.6
1079710 2667.6
1079720 2667.4
1079730 2668.1
1079740 2668.1
1079750 2669.1
1079760 2670.8
1079770 2670.8
1079780 2671.8
1079790 2672.2
1079800 2672.2
1079810 2672.0
1079820 2671.3
1079830 2671.3
1079840 2669.5
1079850 2667.9
1079860 2667.9
1079870 2665.7
1079880 2664.3
1079890 2662.1
1079900 2662.1
1079910 2659.0
1079920 2655.7
1079930 2655.7
1079940 2651.8
1079950 2647.5
1079960 2647.5
1079970 2644.2
1079980 2640.3
1079990 2640.3
