1069470 2164.8
1069480 2164.8
1069490 2163.3
1069500 2164.6
1069510 2166.6
1069520 2166.6
1069530 2168.5
1069540 2162.7
1069550 2162.7
1069560 2158.0
1069570 2151.3
1069580 2151.3
1069590 2143.0
1069600 2130.4
1069610 2130.4
1069620 2122.9
1069630 2119.0
1069640 2119.0
1069650 2122.3
1069660 2121.6
1069670 2121.6
1069680 2124.0
1069690 2134.9
1069700 2134.9
1069710 2136.6
1069720 2137.4
1069730 2137.4
1069740 2144.0
1069750 2151.3
1069760 2156.5
1069770 2156.5
1069780 2160.8
1069790 2168.5
1069800 2168.5
1069810 2176.8
1069820 2183.2
1069830 2183.2
1069840 2189.0
1069850 2207.2
1069860 2207.2
1069870 2236.3
1069880 2240.6
1069890 2240.6
1069900 2248.1
1069910 2260.5
1069920 2260.5
1069930 2263.1
1069940 2259.9
1069950 2259.9
1069960 2258.1
1069970 2257.1
1069980 2255.7
1069990 2255.7
1070000 2259.1
1070010 2258.4
1070020 2258.4
1070030 2257.1
1070040 2256.4
1070050 2256.4
1070060 2253.2
1070070 2246.7
1070080 2246.7
1070090 2234.9
1070100 2227.3
1070110 2227.3
1070120 2221.4
1070130 2215.7
1070140 2215.7
1070150 2210.6
1070160 2205.3
1070170 2205.3
1070180 2200.9
1070190 2197.6
1070200 2193.1
1070210 2193.1
1070220 2188.9
1070230 2185.2
1070240 2185.2
1070250 2181.7
1070260 2175.7
1070270 2175.7
1070280 2171.0
1070290 2165.7
1070300 2171.3
1070310 2168.3
1070320 2164.2
1070330 2164.2
1070340 2160.1
1070350 2156.9
1070360 2156.9
1070370 2151.6
1070380 2144.3
1070390 2144.3
1070400 2133.6
1070410 2125.1
1070420 2117.5
1070430 2117.5
1070440 2110.6
1070450 2103.9
1070460 2103.9
1070470 2097.7
1070480 2092.8
1070490 2092.8
1070500 2088.3
1070510 2083.9
1070520 2083.9
1070530 2079.9
1070540 2076.0
1070550 2076.0
1070560 2071.9
1070570 2068.6
1070580 2068.6
1070590 2066.4
1070600 2063.9
1070610 2066.3
1070620 2062.5
1070630 2059.3
1070640 2056.7
1070650 2056.7
1070660 2054.8
1070670 2053.1
1070680 2053.1
1070690 2051.1
1070700 2048.7
1070710 2048.7
1070720 2046.1
1070730 2042.9
1070740 2042.9
1070750 2039.6
1070760 2036.6
1070770 2036.6
1070780 2034.7
1070790 2033.5
1070800 2033.5
1070810 2032.3
1070820 2031.3
1070830 2031.3
1070840 2030.7
1070850 2028.7
1070860 2028.7
1070870 2026.9
1070880 2024.9
1070890 2022.1
1070900 2022.1
1070910 2018.0
1070920 2016.2
1070930 2016.2
1070940 2016.0
1070950 2013.8
1070960 2013.8
1070970 2009.0
1070980 2005.1
1070990 2005.1
1071000 2002.1
1071010 2000.2
1071020 2000.2
1071030 1997.1
1071040 1993.6
1071050 1993.6
1071060 1989.8
1071070 1987.0
1071080 1987.0
1071090 1985.5
1071100 1984.6
1071110 1984.1
1071120 1984.1
1071130 1983.6
1071140 1982.2
1071150 1982.2
1071160 1980.9
1071170 1979.2
1071180 1979.2
1071190 1977.5
1071200 1976.4
1071210 1976.4
1071220 1971.6
1071230 1971.6
1071240 1971.6
1071250 1971.4
1071260 1971.3
1071270 1971.3
1071280 1971.3
1071290 1971.2
1071300 1971.2
1071310 1970.8
1071320 1969.2
1071330 1966.2
1071340 1966.2
1071350 1963.5
1071360 1960.7
1071370 1960.7
1071380 1956.1
1071390 1931.5
1071400 1931.5
1071410 1925.3
1071420 1923.4
1071430 1923.4
1071440 1919.3
1071450 1909.0
1071460 1909.0
1071470 1900.4
1071480 1886.8
1071490 1886.8
1071500 1874.3
1071510 1870.2
1071520 1870.2
1071530 1861.0
1071540 1856.1
1071550 1854.6
1071560 1854.6
1071570 1848.7
1071580 1834.9
1071590 1834.9
1071600 1828.9
1071610 1824.3
1071620 1824.3
1071630 1813.3
1071640 1802.6
1071650 1802.6
1071660 1794.4
1071670 1786.1
1071680 1786.1
1071690 1778.5
1071700 1771.9
1071710 1771.9
1071720 1766.0
1071730 1760.2
1071740 1760.2
1071750 1752.8
1071760 1746.4
1071770 1740.4
1071780 1740.4
1071790 1735.5
1071800 1730.1
1071810 1730.1
1071820 1722.0
1071830 1714.2
1071840 1715.5
1071850 1707.2
1071860 1700.9
1071870 1700.9
1071880 1695.3
1071890 1689.5
1071900 1689.5
1071910 1683.7
1071920 1678.6
1071930 1678.6
1071940 1674.1
1071950 1669.5
1071960 1669.5
1071970 1664.9
1071980 1660.5
1071990 1660.5
1072000 1656.2
1072010 1652.7
1072020 1649.3
1072030 1649.3
1072040 1645.6
1072050 1642.5
1072060 1642.5
1072070 1639.3
1072080 1636.1
1072090 1636.1
1072100 1635.4
1072110 1635.6
1072120 1635.6
1072130 1635.1
1072140 1636.8
1072150 1636.8
1072160 1636.3
1072170 1635.5
1072180 1635.5
1072190 1635.5
1072200 1635.8
1072210 1635.8
1072220 1637.7
1072230 1640.9
1072240 1642.3
1072250 1642.3
1072260 1643.5
1072270 1645.2
1072280 1645.2
1072290 1648.3
1072300 1651.7
1072310 1651.7
1072320 1655.0
1072330 1657.6
1072340 1657.6
1072350 1660.4
1072360 1664.0
1072370 1664.0
1072380 1667.9
1072390 1671.2
1072400 1671.2
1072410 1673.3
1072420 1676.1
1072430 1676.1
1072440 1679.0
1072450 1685.5
1072460 1688.7
1072470 1688.7
1072480 1691.8
1072490 1694.0
1072500 1694.0
1072510 1696.1
1072520 1699.3
1072530 1699.3
1072540 1702.4
1072550 1704.9
1072560 1704.9
1072570 1708.1
1072580 1711.8
1072590 1711.8
1072600 1715.5
1072610 1719.6
1072620 1719.6
1072630 1723.4
1072640 1727.2
1072650 1727.2
1072660 1731.7
1072670 1736.7
1072680 1740.9
1072690 1740.9
1072700 1743.5
1072710 1748.8
1072720 1748.8
1072730 1754.8
1072740 1760.3
1072750 1760.3
1072760 1770.4
1072770 1776.0
1072780 1776.0
1072790 1782.0
1072800 1787.5
1072810 1787.5
1072820 1794.0
1072830 1804.1
1072840 1804.1
1072850 1836.4
1072860 1876.6
1072870 1876.6
1072880 1889.4
1072890 1900.5
1072900 1907.9
1072910 1907.9
1072920 1913.3
1072930 1920.3
1072940 1920.3
1072950 1927.4
1072960 1931.3
1072970 1931.3
1072980 1935.4
1072990 1939.4
1073000 1939.4
1073010 1942.0
1073020 1943.7
1073030 1943.7
1073040 1944.9
1073050 1945.0
1073060 1945.0
1073070 1951.3
1073080 1953.1
1073090 1953.1
1073100 1954.9
1073110 1957.2
1073120 1957.2
1073130 1960.7
1073140 1964.8
1073150 1969.2
1073160 1969.2
1073170 1973.4
1073180 1977.7
1073190 1977.7
1073200 1982.8
1073210 1988.6
1073220 1988.6
1073230 1995.1
1073240 2006.6
1073250 2006.6
1073260 2024.9
1073270 2039.5
1073280 2039.5
1073290 2063.2
1073300 2078.5
1073310 2078.5
1073320 2076.7
1073330 2074.1
1073340 2074.1
1073350 2072.4
1073360 2071.8
1073370 2074.2
1073380 2076.7
1073390 2077.8
1073400 2075.9
1073410 2075.9
1073420 2072.3
1073430 2068.2
1073440 2068.2
1073450 2064.6
1073460 2062.2
1073470 2062.2
1073480 2061.1
1073490 2060.1
1073500 2060.1
1073510 2057.2
1073520 2054.8
1073530 2054.8
1073540 2053.8
1073550 2054.1
1073560 2054.1
1073570 2053.5
1073580 2052.4
1073590 2049.0
1073600 2049.0
1073610 2044.8
1073620 2040.4
1073630 2040.4
1073640 2035.6
1073650 2030.0
1073660 2030.0
1073670 2025.9
1073680 2025.2
1073690 2025.2
1073700 2024.2
1073710 2023.7
1073720 2023.7
1073730 2023.3
1073740 2022.8
1073750 2022.8
1073760 2022.4
1073770 2022.6
1073780 2022.6
1073790 2022.8
1073800 2023.0
1073810 2022.9
1073820 2022.9
1073830 2023.2
1073840 2023.3
1073850 2023.3
1073860 2022.8
1073870 2022.6
1073880 2022.6
1073890 2023.8
1073900 2025.7
1073910 2025.7
1073920 2027.9
1073930 2030.4
1073940 2030.4
1073950 2033.3
1073960 2036.1
1073970 2036.1
1073980 2038.9
1073990 2047.5
1074000 2047.5
1074010 2050.0
1074020 2053.1
1074030 2055.7
1074040 2055.7
1074050 2057.8
1074060 2060.9
1074070 2060.9
1074080 2066.8
1074090 2075.0
1074100 2075.0
1074110 2080.3
1074120 2089.5
1074130 2089.5
1074140 2099.7
1074150 2119.9
1074160 2119.9
1074170 2134.9
1074180 2172.1
1074190 2172.1
1074200 2179.9
1074210 2191.3
1074220 2191.3
1074230 2215.0
1074240 2229.0
1074250 2229.0
1074260 2227.6
1074270 2232.0
1074280 2236.7
1074290 2236.7
1074300 2221.3
1074310 2214.9
1074320 2214.9
1074330 2205.0
1074340 2194.5
1074350 2194.5
1074360 2182.8
1074370 2169.3
1074380 2169.3
1074390 2157.6
1074400 2146.9
1074410 2146.9
1074420 2135.1
1074430 2129.1
1074440 2129.1
1074450 2131.5
1074460 2127.8
1074470 2127.8
1074480 2119.6
1074490 2104.3
1074500 2090.0
1074510 2090.0
1074520 2084.6
1074530 2080.2
1074540 2080.2
1074550 2075.7
1074560 2071.1
1074570 2071.1
1074580 2065.6
1074590 2059.5
1074600 2059.5
1074610 2050.6
1074620 2044.4
1074630 2044.4
1074640 2038.1
1074650 2032.0
1074660 2032.0
1074670 2026.6
1074680 2020.7
1074690 2020.7
1074700 2014.5
1074710 2008.9
1074720 2003.1
1074730 2003.1
1074740 1997.5
1074750 1992.2
1074760 1992.2
1074770 1986.7
1074780 1980.7
1074790 1980.7
1074800 1974.9
1074810 1969.8
1074820 1969.8
1074830 1965.4
1074840 1961.6
1074850 1961.6
1074860 1958.1
1074870 1954.9
1074880 1954.9
1074890 1952.2
1074900 1949.5
1074910 1949.5
1074920 1948.8
1074930 1948.0
1074940 1947.0
1074950 1947.0
1074960 1945.9
1074970 1945.1
1074980 1945.1
1074990 1944.1
1075000 1943.5
1075010 1943.5
1075020 1942.6
1075030 1942.0
1075040 1942.0
1075050 1941.9
1075060 1941.6
1075070 1941.6
1075080 1940.5
1075090 1939.9
1075100 1939.9
1075110 1938.7
1075120 1939.1
1075130 1939.1
1075140 1939.0
1075150 1937.9
1075160 1937.9
1075170 1935.7
1075180 1932.9
1075190 1930.2
1075200 1930.2
1075210 1928.9
1075220 1930.6
1075230 1934.6
1075240 1938.0
1075250 1940.1
1075260 1940.1
1075270 1942.3
1075280 1946.0
1075290 1946.0
1075300 1950.1
1075310 1954.2
1075320 1954.2
1075330 1958.2
1075340 1961.7
1075350 1961.7
1075360 1965.0
1075370 1968.2
1075380 1968.2
1075390 1971.9
1075400 1974.2
1075410 1977.1
1075420 1977.1
1075430 1979.3
1075440 1981.7
1075450 1981.7
1075460 1983.7
1075470 1986.1
1075480 1986.1
1075490 1988.0
1075500 1989.4
1075510 1989.4
1075520 1990.8
1075530 1992.2
1075540 1998.5
1075550 2000.1
1075560 2003.0
1075570 2003.0
1075580 2007.5
1075590 2012.7
1075600 2012.7
1075610 2017.4
1075620 2022.0
1075630 2027.5
1075640 2027.5
1075650 2032.9
1075660 2037.9
1075670 2037.9
1075680 2042.0
1075690 2045.4
1075700 2045.4
1075710 2049.2
1075720 2053.0
1075730 2053.0
1075740 2056.9
1075750 2060.9
1075760 2060.9
1075770 2064.5
1075780 2067.4
1075790 2067.4
1075800 2070.0
1075810 2072.3
1075820 2072.3
1075830 2074.8
1075840 2077.4
1075850 2086.4
1075860 2086.4
1075870 2088.5
1075880 2090.5
1075890 2090.5
1075900 2092.3
1075910 2093.7
1075920 2093.7
1075930 2095.1
1075940 2096.0
1075950 2096.0
1075960 2096.1
1075970 2096.3
1075980 2096.3
1075990 2096.6
1076000 2096.8
1076010 2096.8
1076020 2096.1
1076030 2095.2
1076040 2095.2
1076050 2094.1
1076060 2093.3
1076070 2090.3
1076080 2090.3
1076090 2087.8
1076100 2088.5
1076110 2088.5
1076120 2089.3
1076130 2088.0
1076140 2088.0
1076150 2088.6
1076160 2107.2
1076170 2107.2
1076180 2096.9
1076190 2098.9
1076200 2098.9
1076210 2115.2
1076220 2119.6
1076230 2119.6
1076240 2104.2
1076250 2100.7
1076260 2100.7
1076270 2106.3
1076280 2111.2
1076290 2111.2
1076300 2113.6
1076310 2117.0
1076320 2120.3
1076330 2120.3
1076340 2123.7
1076350 2126.5
1076360 2126.5
1076370 2129.4
1076380 2131.3
1076390 2131.3
1076400 2134.3
1076410 2137.2
1076420 2137.2
1076430 2139.3
1076440 2142.7
1076450 2142.7
1076460 2146.4
1076470 2154.9
1076480 2154.9
1076490 2159.1
1076500 2163.0
1076510 2163.0
1076520 2166.8
1076530 2170.8
1076540 2175.3
1076550 2175.3
1076560 2179.2
1076570 2183.8
1076580 2183.8
1076590 2188.4
1076600 2192.2
1076610 2192.2
1076620 2196.3
1076630 2200.7
1076640 2200.7
1076650 2205.5
1076660 2210.5
1076670 2210.5
1076680 2215.8
1076690 2221.3
1076700 2221.3
1076710 2226.4
1076720 2231.1
1076730 2231.1
1076740 2235.9
1076750 2238.7
1076760 2240.1
1076770 2240.1
1076780 2249.0
1076790 2253.5
1076800 2253.5
1076810 2258.4
1076820 2265.6
1076830 2265.6
1076840 2275.3
1076850 2291.1
1076860 2291.1
1076870 2304.3
1076880 2317.6
1076890 2317.6
1076900 2336.5
1076910 2356.3
1076920 2356.3
1076930 2371.0
1076940 2384.1
1076950 2384.1
1076960 2397.0
1076970 2405.2
1076980 2418.9
1076990 2418.9
1077000 2432.4
1077010 2437.7
1077020 2437.7
1077030 2442.8
1077040 2447.4
1077050 2447.4
1077060 2457.0
1077070 2467.7
1077080 2467.7
1077090 2475.4
1077100 2491.2
1077110 2491.2
1077120 2500.6
1077130 2510.2
1077140 2510.2
1077150 2521.8
1077160 2533.2
1077170 2533.2
1077180 2541.3
1077190 2548.9
1077200 2560.7
1077210 2560.7
1077220 2579.9
1077230 2594.9
1077240 2594.9
1077250 2605.5
1077260 2614.8
1077270 2614.8
1077280 2629.9
1077290 2642.7
1077300 2642.7
1077310 2657.2
1077320 2673.0
1077330 2673.0
1077340 2685.8
1077350 2691.4
1077360 2691.4
1077370 2701.1
1077380 2705.1
1077390 2705.1
1077400 2708.4
1077410 2700.6
1077420 2700.6
1077430 2703.5
1077440 2706.2
1077450 2713.9
1077460 2713.9
1077470 2731.8
1077480 2749.3
1077490 2749.3
1077500 2771.8
1077510 2787.4
1077520 2787.4
1077530 2809.8
1077540 2820.6
1077550 2820.6
1077560 2830.5
1077570 2842.5
1077580 2842.5
1077590 2844.7
1077600 2844.3
1077610 2844.3
1077620 2844.4
1077630 2844.1
1077640 2844.1
1077650 2843.4
1077660 2842.8
1077670 2841.2
1077680 2841.2
1077690 2836.5
1077700 2831.3
1077710 2831.3
1077720 2828.0
1077730 2823.6
1077740 2823.6
1077750 2821.7
1077760 2821.8
1077770 2821.8
1077780 2819.6
1077790 2814.7
1077800 2814.7
1077810 2811.5
1077820 2807.8
1077830 2807.8
1077840 2803.7
1077850 2797.8
1077860 2797.8
1077870 2788.1
1077880 2781.0
1077890 2774.5
1077900 2774.5
1077910 2767.5
1077920 2761.0
1077930 2761.0
1077940 2755.5
1077950 2749.1
1077960 2749.1
1077970 2743.2
1077980 2739.1
1077990 2739.1
1078000 2735.7
1078010 2733.1
1078020 2733.1
1078030 2738.0
1078040 2735.7
1078050 2735.7
1078060 2730.0
1078070 2725.3
1078080 2725.3
1078090 2721.1
1078100 2717.7
1078110 2712.8
1078120 2712.8
1078130 2710.1
1078140 2708.1
1078150 2708.1
1078160 2707.3
1078170 2706.1
1078180 2706.1
1078190 2701.8
1078200 2697.4
1078210 2697.4
1078220 2688.6
1078230 2677.3
1078240 2677.3
1078250 2669.4
1078260 2661.7
1078270 2661.7
1078280 2656.2
1078290 2652.7
1078300 2652.7
1078310 2649.7
1078320 2646.4
1078330 2642.5
1078340 2640.7
1078350 2637.9
1078360 2636.8
1078370 2636.8
1078380 2637.3
1078390 2637.5
1078400 2637.5
1078410 2636.7
1078420 2633.9
1078430 2633.9
1078440 2630.9
1078450 2629.0
1078460 2629.0
1078470 2627.4
1078480 2625.7
1078490 2625.7
1078500 2622.9
1078510 2620.5
1078520 2620.5
1078530 2619.3
1078540 2619.6
1078550 2619.6
1078560 2621.4
1078570 2623.7
1078580 2624.1
1078590 2624.1
1078600 2624.8
1078610 2626.2
1078620 2626.2
1078630 2627.5
1078640 2628.6
1078650 2628.6
1078660 2625.6
1078670 2626.4
1078680 2626.4
1078690 2627.0
1078700 2627.6
1078710 2627.6
1078720 2628.8
1078730 2630.5
1078740 2630.5
1078750 2632.9
1078760 2635.6
1078770 2635.6
1078780 2639.0
1078790 2641.7
1078800 2643.5
1078810 2643.5
1078820 2644.8
1078830 2646.0
1078840 2646.0
1078850 2647.5
1078860 2649.8
1078870 2649.8
1078880 2652.2
1078890 2654.9
1078900 2654.9
1078910 2657.1
1078920 2659.1
1078930 2659.1
1078940 2660.6
1078950 2662.2
1078960 2662.2
1078970 2661.0
1078980 2663.5
1078990 2663.5
1079000 2666.2
1079010 2669.4
1079020 2671.8
1079030 2671.8
1079040 2674.3
1079050 2676.9
1079060 2676.9
1079070 2678.2
1079080 2677.9
1079090 2677.9
1079100 2677.7
1079110 2678.4
1079120 2678.4
1079130 2679.4
1079140 2680.9
1079150 2680.9
1079160 2682.8
1079170 2685.3
1079180 2685.3
1079190 2687.3
1079200 2688.6
1079210 2688.6
1079220 2689.2
1079230 2689.6
1079240 2689.9
1079250 2689.9
1079260 2691.3
1079270 2692.7
1079280 2686.7
1079290 2688.5
1079300 2690.2
1079310 2690.2
1079320 2692.3
1079330 2694.3
1079340 2694.3
1079350 2695.6
1079360 2696.1
1079370 2696.1
1079380 2696.7
1079390 2696.8
1079400 2696.8
1079410 2696.5
1079420 2696.2
1079430 2696.2
1079440 2696.7
1079450 2697.8
1079460 2697.8
1079470 2697.8
1079480 2698.0
1079490 2697.6
1079500 2697.6
1079510 2697.6
1079520 2697.3
1079530 2697.3
1079540 2697.9
1079550 2699.6
1079560 2699.6
1079570 2701.1
1079580 2702.1
1079590 2697.4
1079600 2698.4
1079610 2698.9
1079620 2698.9
1079630 2699.3
1079640 2699.4
1079650 2699.4
1079660 2699.5
1079670 2699.9
1079680 2699.9
1079690 2701.8
1079700 2703.3
1079710 2704.3
1079720 2704.3
1079730 2704.3
1079740 2703.4
1079750 2703.4
1079760 2702.4
1079770 2701.2
1079780 2701.2
1079790 2700.0
1079800 2698.9
1079810 2698.9
1079820 2697.9
1079830 2696.2
1079840 2696.2
1079850 2693.5
1079860 2690.7
1079870 2690.7
1079880 2687.9
1079890 2685.1
1079900 2685.1
1079910 2676.9
1079920 2672.8
1079930 2668.4
1079940 2668.4
1079950 2663.3
1079960 2656.5
1079970 2656.5
1079980 2648.4
1079990 2642.1
