1069480 2108.2
1069490 2108.2
1069500 2103.4
1069510 2100.0
1069520 2108.1
1069530 2102.6
1069540 2096.8
1069550 2096.8
1069560 2091.7
1069570 2085.8
1069580 2083.5
1069590 2083.5
1069600 2082.5
1069610 2081.9
1069620 2081.9
1069630 2085.3
1069640 2091.2
1069650 2091.2
1069660 2095.8
1069670 2095.1
1069680 2095.1
1069690 2096.7
1069700 2103.8
1069710 2103.8
1069720 2110.2
1069730 2117.5
1069740 2117.5
1069750 2125.1
1069760 2133.1
1069770 2133.1
1069780 2141.0
1069790 2150.7
1069800 2163.8
1069810 2163.8
1069820 2177.9
1069830 2193.4
1069840 2193.4
1069850 2201.3
1069860 2212.8
1069870 2212.8
1069880 2228.0
1069890 2243.1
1069900 2243.1
1069910 2253.6
1069920 2262.4
1069930 2262.4
1069940 2260.8
1069950 2254.7
1069960 2254.7
1069970 2250.7
1069980 2247.7
1069990 2247.7
1070000 2243.7
1070010 2238.9
1070020 2234.1
1070030 2234.1
1070040 2229.9
1070050 2221.9
1070060 2221.9
1070070 2212.0
1070080 2204.2
1070090 2204.2
1070100 2196.7
1070110 2190.1
1070120 2190.1
1070130 2188.9
1070140 2182.6
1070150 2182.6
1070160 2176.7
1070170 2171.7
1070180 2171.7
1070190 2166.9
1070200 2162.5
1070210 2162.5
1070220 2158.5
1070230 2156.4
1070240 2155.2
1070250 2155.2
1070260 2152.6
1070270 2149.6
1070280 2149.6
1070290 2146.4
1070300 2141.7
1070310 2141.7
1070320 2136.7
1070330 2132.3
1070340 2132.3
1070350 2125.6
1070360 2117.5
1070370 2117.5
1070380 2111.0
1070390 2105.1
1070400 2105.1
1070410 2100.0
1070420 2094.5
1070430 2104.4
1070440 2101.2
1070450 2098.7
1070460 2095.0
1070470 2095.0
1070480 2090.5
1070490 2088.2
1070500 2088.2
1070510 2084.5
1070520 2080.8
1070530 2080.8
1070540 2080.8
1070550 2080.2
1070560 2080.2
1070570 2077.4
1070580 2073.1
1070590 2073.1
1070600 2066.8
1070610 2062.2
1070620 2062.2
1070630 2058.8
1070640 2055.9
1070650 2055.9
1070660 2052.0
1070670 2047.2
1070680 2047.2
1070690 2044.6
1070700 2043.4
1070710 2042.0
1070720 2042.0
1070730 2039.6
1070740 2039.4
1070750 2039.4
1070760 2036.7
1070770 2035.1
1070780 2035.1
1070790 2033.3
1070800 2031.0
1070810 2031.0
1070820 2028.7
1070830 2026.4
1070840 2026.4
1070850 2024.0
1070860 2022.4
1070870 2022.4
1070880 2020.8
1070890 2019.4
1070900 2019.4
1070910 2018.6
1070920 2016.9
1070930 2015.2
1070940 2015.2
1070950 2014.4
1070960 2014.5
1070970 2014.5
1070980 2014.4
1070990 2014.1
1071000 2014.1
1071010 2013.8
1071020 2013.3
1071030 2013.3
1071040 2012.3
1071050 2009.5
1071060 2009.5
1071070 2007.7
1071080 2005.9
1071090 2005.9
1071100 2004.0
1071110 2002.7
1071120 2002.7
1071130 2001.4
1071140 2000.2
1071150 1998.2
1071160 1998.2
1071170 1994.1
1071180 1990.4
1071190 1990.4
1071200 1986.6
1071210 1983.1
1071220 1983.1
1071230 1980.9
1071240 1979.6
1071250 1979.6
1071260 1978.2
1071270 1976.5
1071280 1976.5
1071290 1974.7
1071300 1973.4
1071310 1973.4
1071320 1973.0
1071330 1972.9
1071340 1972.9
1071350 1973.7
1071360 1976.8
1071370 1980.9
1071380 1980.9
1071390 1984.4
1071400 1985.6
1071410 1985.6
1071420 1983.6
1071430 1969.1
1071440 1969.1
1071450 1957.9
1071460 1944.2
1071470 1944.2
1071480 1932.4
1071490 1926.9
1071500 1926.9
1071510 1924.3
1071520 1922.3
1071530 1922.3
1071540 1918.8
1071550 1903.3
1071560 1903.3
1071570 1889.5
1071580 1882.4
1071590 1877.0
1071600 1877.0
1071610 1874.2
1071620 1871.9
1071630 1871.9
1071640 1871.0
1071650 1868.4
1071660 1870.7
1071670 1844.4
1071680 1818.1
1071690 1818.1
1071700 1795.7
1071710 1772.2
1071720 1772.2
1071730 1762.2
1071740 1754.5
1071750 1754.5
1071760 1747.4
1071770 1740.5
1071780 1740.5
1071790 1734.1
1071800 1727.5
1071810 1727.5
1071820 1719.6
1071830 1712.8
1071840 1705.5
1071850 1705.5
1071860 1698.8
1071870 1692.5
1071880 1692.5
1071890 1686.5
1071900 1682.3
1071910 1682.3
1071920 1677.6
1071930 1668.7
1071940 1668.7
1071950 1662.6
1071960 1657.2
1071970 1657.4
1071980 1652.6
1071990 1649.0
1072000 1649.0
1072010 1644.9
1072020 1642.5
1072030 1642.5
1072040 1637.3
1072050 1633.2
1072060 1629.8
1072070 1629.8
1072080 1626.3
1072090 1623.1
1072100 1623.1
1072110 1621.8
1072120 1620.2
1072130 1620.2
1072140 1621.0
1072150 1621.3
1072160 1621.3
1072170 1620.1
1072180 1620.2
1072190 1620.2
1072200 1620.8
1072210 1623.6
1072220 1623.6
1072230 1626.1
1072240 1627.8
1072250 1627.8
1072260 1630.3
1072270 1632.6
1072280 1636.8
1072290 1636.8
1072300 1638.9
1072310 1641.8
1072320 1641.8
1072330 1645.6
1072340 1648.9
1072350 1648.9
1072360 1650.9
1072370 1653.0
1072380 1653.0
1072390 1655.3
1072400 1658.2
1072410 1658.2
1072420 1659.7
1072430 1662.5
1072440 1662.5
1072450 1665.2
1072460 1666.8
1072470 1666.8
1072480 1667.2
1072490 1668.4
1072500 1669.5
1072510 1669.5
1072520 1671.3
1072530 1674.0
1072540 1674.0
1072550 1677.3
1072560 1681.5
1072570 1681.5
1072580 1689.7
1072590 1693.8
1072600 1693.8
1072610 1698.1
1072620 1702.6
1072630 1702.6
1072640 1706.3
1072650 1709.3
1072660 1709.3
1072670 1713.3
1072680 1717.0
1072690 1717.0
1072700 1721.4
1072710 1726.3
1072720 1726.3
1072730 1731.1
1072740 1735.9
1072750 1740.6
1072760 1740.6
1072770 1745.1
1072780 1749.5
1072790 1749.5
1072800 1753.9
1072810 1759.2
1072820 1759.2
1072830 1769.9
1072840 1790.2
1072850 1790.2
1072860 1809.8
1072870 1831.9
1072880 1831.9
1072890 1872.6
1072900 1879.7
1072910 1879.7
1072920 1883.7
1072930 1885.6
1072940 1885.6
1072950 1889.7
1072960 1895.0
1072970 1901.4
1072980 1901.4
1072990 1903.1
1073000 1902.3
1073010 1902.3
1073020 1902.7
1073030 1900.1
1073040 1900.1
1073050 1904.2
1073060 1909.1
1073070 1909.1
1073080 1914.5
1073090 1922.5
1073100 1922.5
1073110 1928.5
1073120 1932.6
1073130 1932.6
1073140 1936.0
1073150 1938.7
1073160 1938.7
1073170 1942.4
1073180 1945.7
1073190 1948.8
1073200 1955.0
1073210 1959.8
1073220 1967.4
1073230 1967.4
1073240 1977.3
1073250 1987.5
1073260 1987.5
1073270 1993.6
1073280 2003.3
1073290 2003.3
1073300 2013.1
1073310 2028.1
1073320 2028.1
1073330 2063.7
1073340 2068.1
1073350 2068.1
1073360 2066.3
1073370 2065.2
1073380 2065.2
1073390 2064.1
1073400 2061.9
1073410 2062.6
1073420 2062.6
1073430 2066.3
1073440 2069.2
1073450 2069.2
1073460 2069.7
1073470 2067.4
1073480 2067.4
1073490 2065.7
1073500 2063.7
1073510 2061.4
1073520 2059.6
1073530 2059.0
1073540 2059.0
1073550 2057.1
1073560 2054.9
1073570 2054.9
1073580 2054.5
1073590 2053.0
1073600 2053.0
1073610 2050.3
1073620 2047.3
1073630 2043.6
1073640 2043.6
1073650 2039.2
1073660 2034.4
1073670 2034.4
1073680 2028.5
1073690 2023.5
1073700 2023.5
1073710 2018.9
1073720 2013.5
1073730 2013.5
1073740 2009.8
1073750 2008.3
1073760 2008.3
1073770 2007.1
1073780 2006.3
1073790 2006.3
1073800 2006.0
1073810 2005.7
1073820 2008.2
1073830 2007.8
1073840 2007.2
1073850 2007.2
1073860 2006.1
1073870 2004.9
1073880 2003.6
1073890 2003.6
1073900 2003.9
1073910 2005.6
1073920 2005.6
1073930 2007.2
1073940 2008.4
1073950 2008.4
1073960 2009.6
1073970 2011.3
1073980 2011.3
1073990 2013.2
1074000 2015.6
1074010 2015.6
1074020 2018.6
1074030 2022.5
1074040 2022.5
1074050 2026.1
1074060 2029.1
1074070 2029.1
1074080 2031.9
1074090 2034.4
1074100 2037.3
1074110 2037.3
1074120 2041.6
1074130 2051.8
1074140 2051.8
1074150 2062.3
1074160 2070.0
1074170 2070.0
1074180 2082.2
1074190 2100.9
1074200 2100.9
1074210 2110.3
1074220 2121.0
1074230 2121.0
1074240 2120.8
1074250 2126.9
1074260 2126.9
1074270 2163.9
1074280 2188.9
1074290 2188.9
1074300 2201.9
1074310 2218.1
1074320 2208.5
1074330 2208.5
1074340 2200.0
1074350 2194.9
1074360 2194.9
1074370 2189.1
1074380 2189.4
1074390 2189.4
1074400 2185.9
1074410 2177.7
1074420 2177.7
1074430 2167.7
1074440 2147.5
1074450 2147.5
1074460 2134.7
1074470 2127.2
1074480 2127.2
1074490 2121.1
1074500 2116.2
1074510 2116.2
1074520 2117.1
1074530 2112.1
1074540 2099.7
1074550 2099.7
1074560 2090.3
1074570 2083.3
1074580 2083.3
1074590 2083.0
1074600 2073.5
1074610 2073.5
1074620 2064.7
1074630 2060.0
1074640 2060.0
1074650 2053.8
1074660 2047.4
1074670 2047.4
1074680 2040.6
1074690 2033.8
1074700 2033.8
1074710 2027.3
1074720 2021.3
1074730 2021.3
1074740 2015.7
1074750 2006.6
1074760 2001.8
1074770 2001.8
1074780 1997.0
1074790 1992.0
1074800 1992.0
1074810 1986.8
1074820 1981.8
1074830 1981.8
1074840 1977.7
1074850 1973.8
1074860 1973.8
1074870 1970.1
1074880 1966.2
1074890 1966.2
1074900 1962.1
1074910 1958.3
1074920 1958.3
1074930 1954.4
1074940 1949.9
1074950 1949.9
1074960 1946.5
1074970 1945.8
1074980 1945.8
1074990 1945.8
1075000 1943.9
1075010 1941.1
1075020 1941.1
1075030 1939.0
1075040 1937.9
1075050 1937.9
1075060 1937.2
1075070 1937.3
1075080 1937.3
1075090 1938.6
1075100 1938.7
1075110 1938.7
1075120 1937.1
1075130 1935.6
1075140 1935.6
1075150 1934.1
1075160 1931.4
1075170 1931.4
1075180 1927.5
1075190 1922.5
1075200 1922.5
1075210 1917.2
1075220 1911.9
1075230 1909.3
1075240 1909.3
1075250 1911.8
1075260 1914.7
1075270 1914.7
1075280 1917.2
1075290 1920.2
1075300 1920.2
1075310 1923.3
1075320 1926.3
1075330 1926.3
1075340 1929.6
1075350 1934.2
1075360 1934.2
1075370 1942.9
1075380 1943.8
1075390 1943.8
1075400 1944.9
1075410 1946.8
1075420 1946.8
1075430 1949.0
1075440 1951.4
1075450 1953.4
1075460 1953.4
1075470 1954.9
1075480 1956.8
1075490 1956.8
1075500 1959.1
1075510 1961.9
1075520 1961.9
1075530 1965.3
1075540 1969.3
1075550 1969.3
1075560 1974.2
1075570 1979.5
1075580 1979.5
1075590 1984.3
1075600 1988.3
1075610 1988.3
1075620 1991.8
1075630 1995.5
1075640 1995.5
1075650 1999.2
1075660 2003.3
1075670 2007.4
1075680 2012.9
1075690 2016.9
1075700 2020.8
1075710 2020.8
1075720 2025.0
1075730 2027.9
1075740 2027.9
1075750 2030.0
1075760 2033.0
1075770 2033.0
1075780 2035.6
1075790 2038.0
1075800 2038.0
1075810 2040.4
1075820 2043.0
1075830 2043.0
1075840 2045.8
1075850 2047.9
1075860 2047.9
1075870 2049.6
1075880 2051.1
1075890 2051.1
1075900 2052.4
1075910 2053.7
1075920 2054.4
1075930 2054.4
1075940 2055.0
1075950 2055.5
1075960 2055.5
1075970 2056.2
1075980 2056.4
1075990 2063.0
1076000 2062.9
1076010 2062.4
1076020 2062.4
1076030 2061.1
1076040 2059.8
1076050 2059.8
1076060 2058.1
1076070 2055.7
1076080 2055.7
1076090 2054.0
1076100 2051.8
1076110 2051.8
1076120 2050.6
1076130 2051.4
1076140 2052.3
1076150 2052.3
1076160 2053.5
1076170 2054.4
1076180 2054.4
1076190 2056.1
1076200 2059.2
1076210 2059.2
1076220 2063.0
1076230 2067.0
1076240 2067.0
1076250 2071.1
1076260 2075.2
1076270 2075.2
1076280 2079.9
1076290 2083.9
1076300 2088.4
1076310 2091.9
1076320 2096.1
1076330 2096.1
1076340 2099.7
1076350 2100.8
1076360 2104.7
1076370 2104.7
1076380 2106.4
1076390 2109.4
1076400 2109.4
1076410 2113.0
1076420 2116.4
1076430 2116.4
1076440 2120.0
1076450 2123.8
1076460 2123.8
1076470 2127.7
1076480 2131.4
1076490 2131.4
1076500 2134.8
1076510 2138.2
1076520 2138.2
1076530 2141.6
1076540 2145.3
1076550 2145.3
1076560 2149.3
1076570 2153.5
1076580 2158.1
1076590 2158.1
1076600 2162.8
1076610 2172.4
1076620 2172.4
1076630 2176.9
1076640 2181.9
1076650 2181.9
1076660 2186.4
1076670 2190.4
1076680 2190.4
1076690 2195.1
1076700 2199.3
1076710 2199.3
1076720 2202.9
1076730 2203.3
1076740 2203.3
1076750 2206.6
1076760 2210.9
1076770 2210.9
1076780 2211.5
1076790 2211.6
1076800 2224.5
1076810 2224.5
1076820 2245.3
1076830 2263.8
1076840 2263.8
1076850 2279.7
1076860 2287.2
1076870 2287.2
1076880 2310.2
1076890 2322.0
1076900 2322.0
1076910 2331.9
1076920 2354.0
1076930 2354.0
1076940 2361.2
1076950 2373.3
1076960 2373.3
1076970 2386.2
1076980 2393.5
1076990 2393.5
1077000 2403.1
1077010 2407.3
1077020 2407.3
1077030 2408.6
1077040 2417.7
1077050 2440.6
1077060 2440.6
1077070 2450.9
1077080 2482.1
1077090 2482.1
1077100 2493.5
1077110 2496.0
1077120 2496.0
1077130 2498.8
1077140 2502.0
1077150 2502.0
1077160 2510.2
1077170 2523.8
1077180 2523.8
1077190 2534.3
1077200 2543.9
1077210 2543.9
1077220 2559.2
1077230 2573.1
1077240 2573.1
1077250 2585.1
1077260 2593.9
1077270 2612.1
1077280 2612.1
1077290 2636.9
1077300 2664.7
1077310 2664.7
1077320 2701.8
1077330 2720.4
1077340 2720.4
1077350 2730.9
1077360 2740.2
1077370 2740.2
1077380 2748.9
1077390 2756.6
1077400 2756.6
1077410 2761.3
1077420 2761.7
1077430 2761.7
1077440 2765.1
1077450 2770.2
1077460 2770.2
1077470 2778.2
1077480 2786.2
1077490 2795.3
1077500 2795.3
1077510 2800.9
1077520 2812.9
1077530 2812.9
1077540 2834.4
1077550 2841.2
1077560 2841.2
1077570 2851.6
1077580 2852.6
1077590 2852.6
1077600 2852.1
1077610 2849.4
1077620 2849.4
1077630 2845.6
1077640 2842.2
1077650 2842.2
1077660 2840.6
1077670 2839.9
1077680 2839.9
1077690 2839.1
1077700 2838.0
1077710 2836.1
1077720 2836.1
1077730 2835.2
1077740 2834.7
1077750 2834.7
1077760 2826.9
1077770 2810.9
1077780 2810.9
1077790 2799.9
1077800 2791.7
1077810 2791.7
1077820 2780.5
1077830 2773.1
1077840 2773.1
1077850 2769.9
1077860 2761.6
1077870 2761.6
1077880 2755.3
1077890 2748.3
1077900 2748.3
1077910 2741.7
1077920 2735.9
1077930 2731.0
1077940 2731.0
1077950 2726.9
1077960 2723.5
1077970 2723.5
1077980 2720.5
1077990 2717.8
1078000 2717.8
1078010 2715.0
1078020 2712.3
1078030 2712.3
1078040 2709.7
1078050 2706.8
1078060 2706.8
1078070 2703.7
1078080 2700.0
1078090 2700.0
1078100 2696.0
1078110 2692.3
1078120 2692.3
1078130 2689.1
1078140 2686.3
1078150 2686.3
1078160 2684.1
1078170 2685.8
1078180 2685.1
1078190 2685.1
1078200 2685.5
1078210 2683.6
1078220 2683.6
1078230 2675.8
1078240 2667.8
1078250 2667.8
1078260 2661.9
1078270 2657.5
1078280 2657.5
1078290 2653.8
1078300 2649.4
1078310 2649.4
1078320 2644.1
1078330 2641.1
1078340 2641.1
1078350 2636.9
1078360 2634.8
1078370 2634.8
1078380 2633.8
1078390 2632.5
1078400 2631.4
1078410 2631.4
1078420 2632.2
1078430 2630.4
1078440 2630.4
1078450 2629.4
1078460 2627.2
1078470 2627.2
1078480 2623.5
1078490 2622.6
1078500 2622.6
1078510 2622.2
1078520 2622.8
1078530 2622.8
1078540 2623.6
1078550 2624.3
1078560 2624.3
1078570 2625.7
1078580 2627.5
1078590 2627.5
1078600 2629.0
1078610 2629.1
1078620 2626.8
1078630 2626.8
1078640 2624.8
1078650 2623.9
1078660 2623.9
1078670 2632.0
1078680 2630.8
1078690 2630.8
1078700 2625.2
1078710 2618.0
1078720 2618.0
1078730 2614.4
1078740 2612.3
1078750 2612.3
1078760 2611.0
1078770 2615.4
1078780 2615.4
1078790 2648.3
1078800 2650.2
1078810 2650.2
1078820 2645.0
1078830 2639.8
1078840 2630.9
1078850 2630.9
1078860 2620.5
1078870 2607.7
1078880 2607.7
1078890 2598.8
1078900 2596.6
1078910 2596.6
1078920 2594.3
1078930 2594.8
1078940 2594.8
1078950 2597.7
1078960 2602.6
1078970 2602.6
1078980 2610.5
1078990 2619.1
1079000 2619.1
1079010 2621.4
1079020 2626.1
1079030 2626.1
1079040 2627.9
1079050 2630.7
1079060 2635.8
1079070 2635.8
1079080 2647.1
1079090 2656.1
1079100 2662.5
1079110 2662.6
1079120 2664.5
1079130 2664.5
1079140 2671.8
1079150 2679.9
1079160 2679.9
1079170 2693.3
1079180 2699.7
1079190 2699.7
1079200 2703.4
1079210 2706.3
1079220 2706.3
1079230 2708.4
1079240 2708.6
1079250 2708.6
1079260 2714.1
1079270 2722.0
1079280 2722.0
1079290 2723.9
1079300 2725.5
1079310 2725.4
1079320 2725.4
1079330 2726.3
1079340 2728.0
1079350 2728.0
1079360 2729.6
1079370 2730.9
1079380 2730.9
1079390 2732.2
1079400 2733.5
1079410 2733.5
1079420 2728.4
1079430 2728.5
1079440 2728.5
1079450 2728.1
1079460 2727.6
1079470 2727.6
1079480 2727.2
1079490 2726.9
1079500 2726.9
1079510 2726.5
1079520 2726.2
1079530 2725.7
1079540 2725.7
1079550 2725.7
1079560 2726.0
1079570 2726.0
1079580 2726.7
1079590 2727.5
1079600 2727.5
1079610 2728.4
1079620 2729.2
1079630 2729.2
1079640 2730.2
1079650 2731.1
1079660 2731.1
1079670 2731.8
1079680 2732.7
1079690 2732.7
1079700 2734.2
1079710 2735.7
1079720 2735.7
1079730 2729.1
1079740 2730.0
1079750 2730.7
1079760 2730.7
1079770 2730.6
1079780 2729.7
1079790 2729.7
1079800 2728.8
1079810 2728.1
1079820 2728.1
1079830 2727.7
1079840 2726.9
1079850 2726.9
1079860 2724.5
1079870 2720.8
1079880 2720.8
1079890 2717.5
1079900 2713.8
1079910 2713.8
1079920 2709.4
1079930 2704.2
1079940 2704.2
1079950 2698.1
1079960 2691.7
1079970 2686.5
1079980 2686.5
1079990 2683.4
