1069660 1987.8
1069670 1988.4
1069680 1988.4
1069690 1989.1
1069700 1992.0
1069710 1992.0
1069720 1994.8
1069730 1997.0
1069740 1997.0
1069750 2000.1
1069760 2005.3
1069770 2005.3
1069780 2012.0
1069790 2018.5
1069800 2018.5
1069810 2025.2
1069820 2031.3
1069830 2031.3
1069840 2040.4
1069850 2051.6
1069860 2051.6
1069870 2061.7
1069880 2075.0
1069890 2075.0
1069900 2076.8
1069910 2075.7
1069920 2074.0
1069930 2074.0
1069940 2073.6
1069950 2073.9
1069960 2073.9
1069970 2074.7
1069980 2074.8
1069990 2074.8
1070000 2074.2
1070010 2073.1
1070020 2073.1
1070030 2072.7
1070040 2073.7
1070050 2073.7
1070060 2078.3
1070070 2084.2
1070080 2084.2
1070090 2090.1
1070100 2096.3
1070110 2096.3
1070120 2103.9
1070130 2110.8
1070140 2111.7
1070150 2111.7
1070160 2107.7
1070170 2104.4
1070180 2104.4
1070190 2097.9
1070200 2091.1
1070210 2091.1
1070220 2085.9
1070230 2081.7
1070240 2081.7
1070250 2077.5
1070260 2072.6
1070270 2072.6
1070280 2068.9
1070290 2065.9
1070300 2065.9
1070310 2064.4
1070320 2060.3
1070330 2060.3
1070340 2057.5
1070350 2053.3
1070360 2048.0
1070370 2048.0
1070380 2043.4
1070390 2037.5
1070400 2037.5
1070410 2030.7
1070420 2022.6
1070430 2022.6
1070440 2014.3
1070450 2008.6
1070460 2012.8
1070470 2008.5
1070480 2004.7
1070490 2004.7
1070500 2001.7
1070510 1998.2
1070520 1998.2
1070530 1994.4
1070540 1991.2
1070550 1991.2
1070560 1988.1
1070570 1985.6
1070580 1984.6
1070590 1984.6
1070600 1983.1
1070610 1981.1
1070620 1981.1
1070630 1979.5
1070640 1977.7
1070650 1977.7
1070660 1973.9
1070670 1969.6
1070680 1969.6
1070690 1965.5
1070700 1961.5
1070710 1961.5
1070720 1960.2
1070730 1960.0
1070740 1960.0
1070750 1957.6
1070760 1956.4
1070770 1954.0
1070780 1953.1
1070790 1950.8
1070800 1950.8
1070810 1948.3
1070820 1945.1
1070830 1942.3
1070840 1942.3
1070850 1940.1
1070860 1938.4
1070870 1938.4
1070880 1936.3
1070890 1933.7
1070900 1933.7
1070910 1930.2
1070920 1927.7
1070930 1927.7
1070940 1922.6
1070950 1918.4
1070960 1918.4
1070970 1914.9
1070980 1912.9
1070990 1912.9
1071000 1910.5
1071010 1908.2
1071020 1908.2
1071030 1905.7
1071040 1901.9
1071050 1897.7
1071060 1897.7
1071070 1894.6
1071080 1898.6
1071090 1898.6
1071100 1895.4
1071110 1892.2
1071120 1892.2
1071130 1890.1
1071140 1885.8
1071150 1885.8
1071160 1878.7
1071170 1874.4
1071180 1874.4
1071190 1871.5
1071200 1868.7
1071210 1868.7
1071220 1864.5
1071230 1860.1
1071240 1860.1
1071250 1855.2
1071260 1850.6
1071270 1845.9
1071280 1845.9
1071290 1841.6
1071300 1837.0
1071310 1837.0
1071320 1833.6
1071330 1829.7
1071340 1829.7
1071350 1825.4
1071360 1822.0
1071370 1822.0
1071380 1820.4
1071390 1815.9
1071400 1815.9
1071410 1812.1
1071420 1807.5
1071430 1807.5
1071440 1800.6
1071450 1794.1
1071460 1794.1
1071470 1789.7
1071480 1786.2
1071490 1783.2
1071500 1783.2
1071510 1780.8
1071520 1777.8
1071530 1777.8
1071540 1773.9
1071550 1771.6
1071560 1771.6
1071570 1769.9
1071580 1767.3
1071590 1767.3
1071600 1764.5
1071610 1761.4
1071620 1761.4
1071630 1758.1
1071640 1756.0
1071650 1756.0
1071660 1753.5
1071670 1750.9
1071680 1750.9
1071690 1752.8
1071700 1750.2
1071710 1750.2
1071720 1745.8
1071730 1736.2
1071740 1729.8
1071750 1729.8
1071760 1725.9
1071770 1720.0
1071780 1720.0
1071790 1714.3
1071800 1708.9
1071810 1708.9
1071820 1704.2
1071830 1699.6
1071840 1699.6
1071850 1697.7
1071860 1695.5
1071870 1695.5
1071880 1689.8
1071890 1680.9
1071900 1680.9
1071910 1672.9
1071920 1665.7
1071930 1665.7
1071940 1658.8
1071950 1652.9
1071960 1648.1
1071970 1648.1
1071980 1642.9
1071990 1638.4
1072000 1638.0
1072010 1633.1
1072020 1626.9
1072030 1626.9
1072040 1622.2
1072050 1619.4
1072060 1619.4
1072070 1616.7
1072080 1612.3
1072090 1612.3
1072100 1608.2
1072110 1604.0
1072120 1604.0
1072130 1599.6
1072140 1595.5
1072150 1595.5
1072160 1590.8
1072170 1587.1
1072180 1585.2
1072190 1585.2
1072200 1583.4
1072210 1580.5
1072220 1580.5
1072230 1578.4
1072240 1576.5
1072250 1576.5
1072260 1574.2
1072270 1572.2
1072280 1572.2
1072290 1570.2
1072300 1567.9
1072310 1566.8
1072320 1564.9
1072330 1564.8
1072340 1564.8
1072350 1564.7
1072360 1564.8
1072370 1564.8
1072380 1564.7
1072390 1564.3
1072400 1563.9
1072410 1563.9
1072420 1563.6
1072430 1563.6
1072440 1563.6
1072450 1565.1
1072460 1564.7
1072470 1564.7
1072480 1567.6
1072490 1571.8
1072500 1571.8
1072510 1575.3
1072520 1578.3
1072530 1578.3
1072540 1581.9
1072550 1586.1
1072560 1586.1
1072570 1590.2
1072580 1594.2
1072590 1594.2
1072600 1598.0
1072610 1605.1
1072620 1605.1
1072630 1609.3
1072640 1612.1
1072650 1612.9
1072660 1612.9
1072670 1612.8
1072680 1613.0
1072690 1613.0
1072700 1611.9
1072710 1610.6
1072720 1610.6
1072730 1610.9
1072740 1613.6
1072750 1613.6
1072760 1617.5
1072770 1622.9
1072780 1622.9
1072790 1629.2
1072800 1635.4
1072810 1635.4
1072820 1641.9
1072830 1648.4
1072840 1648.4
1072850 1655.7
1072860 1663.9
1072870 1672.5
1072880 1672.5
1072890 1680.9
1072900 1691.4
1072910 1691.4
1072920 1709.2
1072930 1724.1
1072940 1724.1
1072950 1734.3
1072960 1740.9
1072970 1740.9
1072980 1746.7
1072990 1755.7
1073000 1755.7
1073010 1759.3
1073020 1762.6
1073030 1762.6
1073040 1765.1
1073050 1764.1
1073060 1764.1
1073070 1760.7
1073080 1758.4
1073090 1756.3
1073100 1756.3
1073110 1761.1
1073120 1765.6
1073130 1765.6
1073140 1771.3
1073150 1776.8
1073160 1776.8
1073170 1776.2
1073180 1776.9
1073190 1776.9
1073200 1789.0
1073210 1798.3
1073220 1798.3
1073230 1809.2
1073240 1810.7
1073250 1810.7
1073260 1814.3
1073270 1820.0
1073280 1820.0
1073290 1825.7
1073300 1833.5
1073310 1849.7
1073320 1849.7
1073330 1877.0
1073340 1911.3
1073350 1911.3
1073360 1941.5
1073370 1953.8
1073380 1953.8
1073390 1965.3
1073400 1964.4
1073410 1964.4
1073420 1960.8
1073430 1957.2
1073440 1957.2
1073450 1953.7
1073460 1951.0
1073470 1951.0
1073480 1949.2
1073490 1945.0
1073500 1945.0
1073510 1940.9
1073520 1938.3
1073530 1938.3
1073540 1937.1
1073550 1933.6
1073560 1930.0
1073570 1930.0
1073580 1926.8
1073590 1923.2
1073600 1923.2
1073610 1918.8
1073620 1915.0
1073630 1915.0
1073640 1910.8
1073650 1906.9
1073660 1906.9
1073670 1902.7
1073680 1897.9
1073690 1897.9
1073700 1894.7
1073710 1892.5
1073720 1892.5
1073730 1892.0
1073740 1891.3
1073750 1891.3
1073760 1890.1
1073770 1889.5
1073780 1887.5
1073790 1887.5
1073800 1885.3
1073810 1882.9
1073820 1882.9
1073830 1883.6
1073840 1881.8
1073850 1881.7
1073860 1879.7
1073870 1878.3
1073880 1878.3
1073890 1876.5
1073900 1876.3
1073910 1876.3
1073920 1874.2
1073930 1871.9
1073940 1871.9
1073950 1868.4
1073960 1864.0
1073970 1864.0
1073980 1861.3
1073990 1863.3
1074000 1862.3
1074010 1862.3
1074020 1857.3
1074030 1852.1
1074040 1852.1
1074050 1848.3
1074060 1848.4
1074070 1848.4
1074080 1849.1
1074090 1850.1
1074100 1850.1
1074110 1851.8
1074120 1854.5
1074130 1854.5
1074140 1856.8
1074150 1855.5
1074160 1860.0
1074170 1858.8
1074180 1857.5
1074190 1857.5
1074200 1854.3
1074210 1851.7
1074220 1851.5
1074230 1851.5
1074240 1853.2
1074250 1853.2
1074260 1853.2
1074270 1852.2
1074280 1850.4
1074290 1850.4
1074300 1847.8
1074310 1847.1
1074320 1847.1
1074330 1848.9
1074340 1849.2
1074350 1849.2
1074360 1849.2
1074370 1848.5
1074380 1848.5
1074390 1848.5
1074400 1850.1
1074410 1850.1
1074420 1853.2
1074430 1856.9
1074440 1856.9
1074450 1860.7
1074460 1865.1
1074470 1872.6
1074480 1872.6
1074490 1877.3
1074500 1882.3
1074510 1882.3
1074520 1887.5
1074530 1891.6
1074540 1891.6
1074550 1896.5
1074560 1901.8
1074570 1901.8
1074580 1907.4
1074590 1913.4
1074600 1913.4
1074610 1919.4
1074620 1929.6
1074630 1929.6
1074640 1943.1
1074650 1951.8
1074660 1951.8
1074670 1959.4
1074680 1966.0
1074690 1970.6
1074700 1970.6
1074710 1977.0
1074720 1983.8
1074730 1983.8
1074740 1991.4
1074750 2001.4
1074760 2001.4
1074770 2013.4
1074780 2026.7
1074790 2026.7
1074800 2042.4
1074810 2047.8
1074820 2047.8
1074830 2053.1
1074840 2050.6
1074850 2050.6
1074860 2044.6
1074870 2041.3
1074880 2041.3
1074890 2034.9
1074900 2029.9
1074910 2028.6
1074920 2028.6
1074930 2019.5
1074940 2012.4
1074950 2012.4
1074960 2003.3
1074970 1992.9
1074980 1992.9
1074990 1984.4
1075000 1976.2
1075010 1976.2
1075020 1968.7
1075030 1962.5
1075040 1962.5
1075050 1958.0
1075060 1954.6
1075070 1954.6
1075080 1952.1
1075090 1938.5
1075100 1938.5
1075110 1931.0
1075120 1924.8
1075130 1918.7
1075140 1918.7
1075150 1912.6
1075160 1905.6
1075170 1905.6
1075180 1899.1
1075190 1892.8
1075200 1892.8
1075210 1885.5
1075220 1878.8
1075230 1878.8
1075240 1872.4
1075250 1865.8
1075260 1865.8
1075270 1859.4
1075280 1851.7
1075290 1851.7
1075300 1845.6
1075310 1842.1
1075320 1842.1
1075330 1837.6
1075340 1833.4
1075350 1829.2
1075360 1829.2
1075370 1824.7
1075380 1819.7
1075390 1819.7
1075400 1812.3
1075410 1807.6
1075420 1807.6
1075430 1803.5
1075440 1799.7
1075450 1799.7
1075460 1795.1
1075470 1792.3
1075480 1792.3
1075490 1790.3
1075500 1788.7
1075510 1788.7
1075520 1787.1
1075530 1786.0
1075540 1786.0
1075550 1785.5
1075560 1784.5
1075570 1784.5
1075580 1783.2
1075590 1783.0
1075600 1783.6
1075610 1783.6
1075620 1784.9
1075630 1786.2
1075640 1786.2
1075650 1787.6
1075660 1790.0
1075670 1790.0
1075680 1792.9
1075690 1794.7
1075700 1794.7
1075710 1796.5
1075720 1797.8
1075730 1797.8
1075740 1798.0
1075750 1797.2
1075760 1797.2
1075770 1796.4
1075780 1795.5
1075790 1795.5
1075800 1795.1
1075810 1794.9
1075820 1795.4
1075830 1795.4
1075840 1795.8
1075850 1796.2
1075860 1796.2
1075870 1796.9
1075880 1797.0
1075890 1797.0
1075900 1796.9
1075910 1797.3
1075920 1797.3
1075930 1797.9
1075940 1798.0
1075950 1798.0
1075960 1798.1
1075970 1798.1
1075980 1798.1
1075990 1798.5
1076000 1798.8
1076010 1798.8
1076020 1802.5
1076030 1803.0
1076040 1803.5
1076050 1803.5
1076060 1804.0
1076070 1804.6
1076080 1804.6
1076090 1805.1
1076100 1805.6
1076110 1805.6
1076120 1806.0
1076130 1806.4
1076140 1806.4
1076150 1806.6
1076160 1806.7
1076170 1806.7
1076180 1806.6
1076190 1806.5
1076200 1806.5
1076210 1806.2
1076220 1806.1
1076230 1806.1
1076240 1806.2
1076250 1806.3
1076260 1806.3
1076270 1806.3
1076280 1806.6
1076290 1806.7
1076300 1806.7
1076310 1807.9
1076320 1809.3
1076330 1813.3
1076340 1815.4
1076350 1817.5
1076360 1817.5
1076370 1820.0
1076380 1822.3
1076390 1822.3
1076400 1823.9
1076410 1824.9
1076420 1824.9
1076430 1826.8
1076440 1829.1
1076450 1829.1
1076460 1830.8
1076470 1833.0
1076480 1833.0
1076490 1836.2
1076500 1838.8
1076510 1840.8
1076520 1840.8
1076530 1842.3
1076540 1845.2
1076550 1845.2
1076560 1847.5
1076570 1848.6
1076580 1848.6
1076590 1849.3
1076600 1850.7
1076610 1850.7
1076620 1854.3
1076630 1858.9
1076640 1861.2
1076650 1866.1
1076660 1870.8
1076670 1870.8
1076680 1875.2
1076690 1879.4
1076700 1879.4
1076710 1883.9
1076720 1885.9
1076730 1886.9
1076740 1886.9
1076750 1890.2
1076760 1894.5
1076770 1894.5
1076780 1900.0
1076790 1911.4
1076800 1911.4
1076810 1959.0
1076820 2013.0
1076830 2013.0
1076840 2037.7
1076850 2054.3
1076860 2054.3
1076870 2062.0
1076880 2080.7
1076890 2080.7
1076900 2101.9
1076910 2112.9
1076920 2112.9
1076930 2129.5
1076940 2147.9
1076950 2148.2
1076960 2148.2
1076970 2152.4
1076980 2156.7
1076990 2156.7
1077000 2166.0
1077010 2180.7
1077020 2180.7
1077030 2202.3
1077040 2225.8
1077050 2225.8
1077060 2245.5
1077070 2247.1
1077080 2247.1
1077090 2238.3
1077100 2230.3
1077110 2230.3
1077120 2220.6
1077130 2213.8
1077140 2213.8
1077150 2209.5
1077160 2204.8
1077170 2199.0
1077180 2199.0
1077190 2193.9
1077200 2188.6
1077210 2188.6
1077220 2183.5
1077230 2178.7
1077240 2178.7
1077250 2178.0
1077260 2215.9
1077270 2215.9
1077280 2232.6
1077290 2233.7
1077300 2233.7
1077310 2235.9
1077320 2238.5
1077330 2238.5
1077340 2240.7
1077350 2252.4
1077360 2252.4
1077370 2282.0
1077380 2306.1
1077390 2306.1
1077400 2326.7
1077410 2328.9
1077420 2330.5
1077430 2330.5
1077440 2334.4
1077450 2335.6
1077460 2335.6
1077470 2347.4
1077480 2371.9
1077490 2371.9
1077500 2382.0
1077510 2387.4
1077520 2387.4
1077530 2394.4
1077540 2401.8
1077550 2401.8
1077560 2407.4
1077570 2421.0
1077580 2421.0
1077590 2424.8
1077600 2426.7
1077610 2426.7
1077620 2427.3
1077630 2429.5
1077640 2433.1
1077650 2433.1
1077660 2437.3
1077670 2442.2
1077680 2442.2
1077690 2450.6
1077700 2457.8
1077710 2457.8
1077720 2463.3
1077730 2468.9
1077740 2468.9
1077750 2474.9
1077760 2481.4
1077770 2481.4
1077780 2488.3
1077790 2496.6
1077800 2496.6
1077810 2505.1
1077820 2511.9
1077830 2511.9
1077840 2503.4
1077850 2487.3
1077860 2471.0
1077870 2471.0
1077880 2453.2
1077890 2437.1
1077900 2437.1
1077910 2413.0
1077920 2389.8
1077930 2389.8
1077940 2378.5
1077950 2371.5
1077960 2371.5
1077970 2363.2
1077980 2353.5
1077990 2353.5
1078000 2344.9
1078010 2336.4
1078020 2336.4
1078030 2329.6
1078040 2323.4
1078050 2323.4
1078060 2317.2
1078070 2309.5
1078080 2300.4
1078090 2300.4
1078100 2293.2
1078110 2284.1
1078120 2284.1
1078130 2268.1
1078140 2254.5
1078150 2254.5
1078160 2246.1
1078170 2244.2
1078180 2244.2
1078190 2241.3
1078200 2243.4
1078210 2243.4
1078220 2238.9
1078230 2234.7
1078240 2234.7
1078250 2230.4
1078260 2223.7
1078270 2223.7
1078280 2218.4
1078290 2214.5
1078300 2214.5
1078310 2211.0
1078320 2209.0
1078330 2206.3
1078340 2206.3
1078350 2202.6
1078360 2198.2
1078370 2198.2
1078380 2193.5
1078390 2188.6
1078400 2188.6
1078410 2183.0
1078420 2177.2
1078430 2177.2
1078440 2173.6
1078450 2171.0
1078460 2171.0
1078470 2167.7
1078480 2163.5
1078490 2163.5
1078500 2159.0
1078510 2157.8
1078520 2157.8
1078530 2153.4
1078540 2148.8
1078550 2143.8
1078560 2143.8
1078570 2138.8
1078580 2137.3
1078590 2137.3
1078600 2136.9
1078610 2135.8
1078620 2135.8
1078630 2135.4
1078640 2134.5
1078650 2134.5
1078660 2133.6
1078670 2133.6
1078680 2133.6
1078690 2132.5
1078700 2132.1
1078710 2132.1
1078720 2130.9
1078730 2130.4
1078740 2130.4
1078750 2128.6
1078760 2127.7
1078770 2128.4
1078780 2128.4
1078790 2127.7
1078800 2125.4
1078810 2125.4
1078820 2130.1
1078830 2128.6
1078840 2128.6
1078850 2127.4
1078860 2126.3
1078870 2126.3
1078880 2125.0
1078890 2123.9
1078900 2123.9
1078910 2122.9
1078920 2121.8
1078930 2121.8
1078940 2120.7
1078950 2119.5
1078960 2119.5
1078970 2118.7
1078980 2119.6
1078990 2121.1
1079000 2121.1
1079010 2122.8
1079020 2123.9
1079030 2123.9
1079040 2123.8
1079050 2125.2
1079060 2125.2
1079070 2126.2
1079080 2127.0
1079090 2127.0
1079100 2127.4
1079110 2128.2
1079120 2128.2
1079130 2134.1
1079140 2134.2
1079150 2134.2
1079160 2134.5
1079170 2134.7
1079180 2134.7
1079190 2134.8
1079200 2134.6
1079210 2134.6
1079220 2134.5
1079230 2134.1
1079240 2133.3
1079250 2133.3
1079260 2132.7
1079270 2132.5
1079280 2132.5
1079290 2132.6
1079300 2133.1
1079310 2133.1
1079320 2133.5
1079330 2134.3
1079340 2134.3
1079350 2135.2
1079360 2137.0
1079370 2137.0
1079380 2138.7
1079390 2140.4
1079400 2140.4
1079410 2142.4
1079420 2143.7
1079430 2143.7
1079440 2145.5
1079450 2154.0
1079460 2157.1
1079470 2157.1
1079480 2159.9
1079490 2162.4
1079500 2162.4
1079510 2166.0
1079520 2168.8
1079530 2168.8
1079540 2170.5
1079550 2172.9
1079560 2172.9
1079570 2174.2
1079580 2175.2
1079590 2175.2
1079600 2175.5
1079610 2175.8
1079620 2175.8
1079630 2175.2
1079640 2173.9
1079650 2173.9
1079660 2171.6
1079670 2170.6
1079680 2171.1
1079690 2171.1
1079700 2174.0
1079710 2177.0
1079720 2177.0
1079730 2179.6
1079740 2182.8
1079750 2182.8
1079760 2191.3
1079770 2191.6
1079780 2191.6
1079790 2193.5
1079800 2193.8
1079810 2193.8
1079820 2194.7
1079830 2195.1
1079840 2195.1
1079850 2195.8
1079860 2198.6
1079870 2198.6
1079880 2200.5
1079890 2202.5
1079900 2212.9
1079910 2212.9
1079920 2227.1
1079930 2240.4
1079940 2240.4
1079950 2247.7
1079960 2251.5
1079970 2251.5
1079980 2254.0
1079990 2262.4
