1069660 1987.4
1069670 1988.2
1069680 1988.2
1069690 1989.4
1069700 1991.4
1069710 1991.4
1069720 1994.0
1069730 1997.6
1069740 1997.6
1069750 2000.1
1069760 2005.3
1069770 2005.3
1069780 2012.0
1069790 2018.5
1069800 2018.5
1069810 2025.2
1069820 2031.3
1069830 2031.3
1069840 2040.4
1069850 2048.4
1069860 2048.4
1069870 2055.8
1069880 2064.1
1069890 2070.0
1069900 2070.0
1069910 2072.3
1069920 2072.6
1069930 2072.6
1069940 2073.7
1069950 2073.6
1069960 2073.6
1069970 2072.6
1069980 2071.4
1069990 2071.4
1070000 2070.7
1070010 2070.9
1070020 2070.9
1070030 2071.9
1070040 2076.0
1070050 2076.0
1070060 2078.3
1070070 2084.2
1070080 2084.2
1070090 2090.1
1070100 2096.3
1070110 2103.9
1070120 2103.9
1070130 2110.8
1070140 2111.7
1070150 2111.7
1070160 2108.4
1070170 2102.4
1070180 2102.4
1070190 2095.8
1070200 2089.9
1070210 2089.9
1070220 2084.6
1070230 2080.6
1070240 2080.6
1070250 2075.7
1070260 2071.2
1070270 2071.2
1070280 2065.8
1070290 2062.0
1070300 2062.0
1070310 2061.2
1070320 2058.2
1070330 2055.2
1070340 2055.2
1070350 2051.6
1070360 2044.9
1070370 2048.0
1070380 2043.4
1070390 2037.5
1070400 2037.5
1070410 2030.7
1070420 2022.6
1070430 2022.6
1070440 2014.3
1070450 2008.6
1070460 2008.6
1070470 2004.6
1070480 2000.7
1070490 2000.7
1070500 1998.8
1070510 1995.7
1070520 1995.7
1070530 1991.5
1070540 1987.8
1070550 1987.8
1070560 1986.2
1070570 1984.1
1070580 1983.1
1070590 1983.1
1070600 1982.5
1070610 1981.3
1070620 1981.3
1070630 1979.8
1070640 1977.4
1070650 1977.4
1070660 1973.1
1070670 1969.6
1070680 1969.6
1070690 1965.5
1070700 1961.5
1070710 1961.5
1070720 1960.2
1070730 1960.0
1070740 1960.0
1070750 1957.6
1070760 1956.4
1070770 1956.4
1070780 1955.4
1070790 1954.1
1070800 1952.9
1070810 1952.9
1070820 1950.2
1070830 1948.0
1070840 1948.0
1070850 1945.7
1070860 1944.2
1070870 1944.2
1070880 1942.3
1070890 1939.6
1070900 1939.6
1070910 1935.8
1070920 1931.9
1070930 1931.9
1070940 1926.6
1070950 1921.3
1070960 1921.3
1070970 1916.8
1070980 1912.9
1070990 1912.9
1071000 1910.5
1071010 1908.2
1071020 1905.7
1071030 1905.7
1071040 1901.9
1071050 1897.7
1071060 1897.7
1071070 1894.6
1071080 1892.0
1071090 1892.0
1071100 1890.0
1071110 1887.9
1071120 1887.9
1071130 1886.9
1071140 1883.5
1071150 1883.5
1071160 1877.7
1071170 1872.1
1071180 1872.1
1071190 1867.7
1071200 1864.4
1071210 1864.4
1071220 1861.8
1071230 1857.8
1071240 1852.2
1071250 1852.2
1071260 1846.3
1071270 1841.9
1071280 1841.9
1071290 1841.6
1071300 1837.0
1071310 1837.0
1071320 1833.6
1071330 1829.7
1071340 1829.7
1071350 1825.4
1071360 1822.0
1071370 1822.0
1071380 1817.4
1071390 1812.8
1071400 1812.8
1071410 1808.4
1071420 1803.7
1071430 1803.7
1071440 1798.3
1071450 1792.3
1071460 1792.3
1071470 1788.2
1071480 1784.4
1071490 1781.0
1071500 1781.0
1071510 1779.1
1071520 1775.0
1071530 1775.0
1071540 1770.5
1071550 1767.8
1071560 1767.8
1071570 1766.3
1071580 1763.4
1071590 1767.3
1071600 1764.5
1071610 1761.4
1071620 1761.4
1071630 1758.1
1071640 1756.0
1071650 1756.0
1071660 1753.5
1071670 1750.9
1071680 1750.9
1071690 1748.1
1071700 1743.6
1071710 1736.0
1071720 1736.0
1071730 1727.7
1071740 1724.3
1071750 1724.3
1071760 1721.7
1071770 1716.3
1071780 1716.3
1071790 1711.8
1071800 1708.8
1071810 1708.8
1071820 1705.1
1071830 1702.2
1071840 1702.2
1071850 1701.7
1071860 1699.6
1071870 1699.6
1071880 1692.1
1071890 1681.1
1071900 1680.9
1071910 1672.9
1071920 1665.7
1071930 1658.8
1071940 1658.8
1071950 1652.9
1071960 1648.1
1071970 1648.1
1071980 1642.9
1071990 1638.4
1072000 1638.4
1072010 1634.1
1072020 1629.7
1072030 1629.7
1072040 1628.2
1072050 1626.3
1072060 1626.3
1072070 1621.7
1072080 1616.5
1072090 1616.5
1072100 1612.4
1072110 1609.3
1072120 1609.3
1072130 1606.6
1072140 1603.5
1072150 1598.8
1072160 1598.8
1072170 1593.3
1072180 1590.2
1072190 1590.2
1072200 1587.7
1072210 1580.5
1072220 1580.5
1072230 1578.4
1072240 1576.5
1072250 1576.5
1072260 1574.2
1072270 1572.2
1072280 1572.2
1072290 1570.2
1072300 1567.9
1072310 1567.9
1072320 1565.6
1072330 1564.5
1072340 1564.5
1072350 1564.2
1072360 1564.0
1072370 1564.0
1072380 1564.3
1072390 1564.1
1072400 1563.8
1072410 1563.8
1072420 1563.3
1072430 1563.3
1072440 1563.3
1072450 1563.3
1072460 1563.2
1072470 1563.2
1072480 1565.4
1072490 1568.6
1072500 1568.6
1072510 1571.6
1072520 1578.3
1072530 1578.3
1072540 1581.9
1072550 1586.1
1072560 1586.1
1072570 1590.2
1072580 1594.2
1072590 1594.2
1072600 1598.0
1072610 1602.4
1072620 1606.1
1072630 1606.1
1072640 1608.3
1072650 1608.2
1072660 1608.2
1072670 1607.4
1072680 1606.8
1072690 1606.8
1072700 1605.7
1072710 1605.4
1072720 1605.4
1072730 1607.1
1072740 1610.0
1072750 1610.0
1072760 1614.8
1072770 1620.4
1072780 1620.4
1072790 1626.3
1072800 1632.6
1072810 1632.6
1072820 1641.9
1072830 1648.4
1072840 1655.7
1072850 1655.7
1072860 1663.9
1072870 1672.5
1072880 1672.5
1072890 1680.9
1072900 1691.4
1072910 1691.4
1072920 1706.9
1072930 1721.0
1072940 1721.0
1072950 1730.0
1072960 1734.7
1072970 1734.7
1072980 1739.0
1072990 1747.5
1073000 1747.5
1073010 1753.2
1073020 1757.1
1073030 1757.1
1073040 1758.3
1073050 1758.0
1073060 1753.9
1073070 1753.9
1073080 1749.0
1073090 1749.0
1073100 1749.0
1073110 1754.5
1073120 1760.6
1073130 1765.6
1073140 1771.3
1073150 1776.8
1073160 1776.8
1073170 1776.2
1073180 1776.9
1073190 1776.9
1073200 1789.0
1073210 1798.3
1073220 1798.3
1073230 1800.8
1073240 1803.8
1073250 1803.8
1073260 1809.4
1073270 1815.4
1073280 1815.4
1073290 1821.3
1073300 1828.0
1073310 1839.9
1073320 1839.9
1073330 1861.0
1073340 1899.0
1073350 1899.0
1073360 1934.8
1073370 1948.8
1073380 1948.8
1073390 1961.5
1073400 1963.1
1073410 1963.1
1073420 1959.4
1073430 1956.4
1073440 1957.2
1073450 1953.7
1073460 1951.0
1073470 1951.0
1073480 1949.2
1073490 1945.0
1073500 1945.0
1073510 1940.9
1073520 1938.3
1073530 1936.1
1073540 1936.1
1073550 1932.6
1073560 1928.7
1073570 1928.7
1073580 1924.0
1073590 1920.4
1073600 1920.4
1073610 1918.3
1073620 1914.5
1073630 1914.5
1073640 1908.3
1073650 1903.8
1073660 1903.8
1073670 1900.7
1073680 1896.8
1073690 1896.8
1073700 1892.9
1073710 1891.5
1073720 1891.5
1073730 1890.9
1073740 1890.2
1073750 1890.1
1073760 1890.1
1073770 1889.5
1073780 1887.5
1073790 1887.5
1073800 1885.3
1073810 1882.9
1073820 1882.9
1073830 1883.6
1073840 1881.8
1073850 1881.8
1073860 1877.9
1073870 1876.0
1073880 1876.0
1073890 1873.9
1073900 1873.2
1073910 1873.2
1073920 1871.6
1073930 1869.8
1073940 1869.8
1073950 1866.6
1073960 1861.7
1073970 1857.4
1073980 1857.4
1073990 1858.7
1074000 1857.4
1074010 1857.4
1074020 1852.3
1074030 1847.1
1074040 1847.1
1074050 1843.7
1074060 1848.4
1074070 1848.4
1074080 1849.1
1074090 1850.1
1074100 1850.1
1074110 1851.8
1074120 1854.5
1074130 1854.5
1074140 1856.8
1074150 1855.5
1074160 1855.5
1074170 1854.0
1074180 1852.5
1074190 1852.5
1074200 1850.6
1074210 1850.3
1074220 1850.9
1074230 1850.9
1074240 1850.9
1074250 1850.5
1074260 1850.5
1074270 1850.2
1074280 1848.7
1074290 1848.7
1074300 1846.6
1074310 1845.9
1074320 1845.9
1074330 1848.4
1074340 1848.7
1074350 1848.7
1074360 1849.3
1074370 1848.5
1074380 1848.5
1074390 1848.5
1074400 1850.1
1074410 1850.1
1074420 1853.2
1074430 1856.9
1074440 1860.7
1074450 1860.7
1074460 1865.1
1074470 1869.5
1074480 1869.5
1074490 1874.3
1074500 1879.9
1074510 1879.9
1074520 1885.1
1074530 1889.0
1074540 1889.0
1074550 1893.8
1074560 1899.2
1074570 1899.2
1074580 1905.1
1074590 1910.7
1074600 1910.7
1074610 1916.9
1074620 1926.1
1074630 1926.1
1074640 1938.4
1074650 1947.0
1074660 1952.1
1074670 1952.1
1074680 1966.0
1074690 1970.6
1074700 1970.6
1074710 1977.0
1074720 1983.8
1074730 1983.8
1074740 1991.4
1074750 2001.4
1074760 2001.4
1074770 2013.4
1074780 2024.5
1074790 2024.5
1074800 2038.7
1074810 2045.5
1074820 2045.5
1074830 2053.3
1074840 2055.2
1074850 2055.2
1074860 2052.0
1074870 2046.3
1074880 2041.4
1074890 2041.4
1074900 2040.7
1074910 2037.5
1074920 2037.5
1074930 2028.8
1074940 2017.9
1074950 2017.9
1074960 2008.9
1074970 1998.5
1074980 1998.5
1074990 1984.4
1075000 1976.2
1075010 1976.2
1075020 1968.7
1075030 1962.5
1075040 1962.5
1075050 1958.0
1075060 1954.6
1075070 1954.6
1075080 1952.1
1075090 1945.0
1075100 1945.0
1075110 1937.2
1075120 1929.5
1075130 1923.4
1075140 1923.4
1075150 1916.1
1075160 1909.2
1075170 1909.2
1075180 1902.4
1075190 1895.4
1075200 1895.4
1075210 1888.4
1075220 1881.9
1075230 1881.9
1075240 1875.7
1075250 1868.7
1075260 1868.7
1075270 1861.8
1075280 1855.2
1075290 1855.2
1075300 1845.6
1075310 1842.1
1075320 1842.1
1075330 1837.6
1075340 1833.4
1075350 1829.2
1075360 1829.2
1075370 1824.7
1075380 1819.7
1075390 1819.7
1075400 1814.7
1075410 1809.1
1075420 1809.1
1075430 1804.3
1075440 1799.7
1075450 1799.7
1075460 1796.4
1075470 1793.5
1075480 1793.5
1075490 1790.8
1075500 1789.1
1075510 1789.1
1075520 1786.7
1075530 1785.5
1075540 1785.5
1075550 1784.8
1075560 1783.7
1075570 1782.9
1075580 1782.9
1075590 1782.5
1075600 1782.3
1075610 1783.6
1075620 1784.9
1075630 1786.2
1075640 1786.2
1075650 1787.6
1075660 1790.0
1075670 1790.0
1075680 1792.9
1075690 1794.7
1075700 1794.7
1075710 1795.5
1075720 1796.6
1075730 1796.6
1075740 1796.8
1075750 1795.4
1075760 1795.4
1075770 1795.0
1075780 1793.0
1075790 1793.0
1075800 1793.0
1075810 1793.1
1075820 1793.5
1075830 1793.5
1075840 1794.1
1075850 1794.4
1075860 1794.4
1075870 1794.6
1075880 1794.4
1075890 1794.4
1075900 1794.4
1075910 1794.3
1075920 1797.3
1075930 1797.9
1075940 1798.0
1075950 1798.0
1075960 1798.1
1075970 1798.1
1075980 1798.1
1075990 1798.5
1076000 1798.8
1076010 1798.8
1076020 1799.3
1076030 1799.8
1076040 1800.3
1076050 1800.3
1076060 1800.7
1076070 1801.2
1076080 1801.2
1076090 1801.5
1076100 1802.0
1076110 1802.0
1076120 1802.3
1076130 1802.7
1076140 1802.7
1076150 1802.9
1076160 1802.9
1076170 1802.9
1076180 1802.9
1076190 1802.7
1076200 1802.7
1076210 1802.5
1076220 1802.3
1076230 1806.1
1076240 1806.2
1076250 1806.3
1076260 1806.3
1076270 1806.3
1076280 1806.6
1076290 1806.7
1076300 1806.7
1076310 1807.9
1076320 1809.3
1076330 1809.3
1076340 1811.5
1076350 1813.7
1076360 1813.7
1076370 1816.2
1076380 1817.6
1076390 1817.6
1076400 1819.2
1076410 1820.4
1076420 1820.4
1076430 1822.0
1076440 1824.2
1076450 1824.2
1076460 1826.6
1076470 1829.4
1076480 1832.2
1076490 1832.2
1076500 1834.3
1076510 1836.2
1076520 1836.2
1076530 1838.0
1076540 1845.2
1076550 1845.2
1076560 1847.5
1076570 1848.6
1076580 1848.6
1076590 1849.3
1076600 1850.7
1076610 1850.7
1076620 1854.3
1076630 1858.9
1076640 1858.9
1076650 1862.9
1076660 1867.0
1076670 1867.0
1076680 1870.8
1076690 1875.1
1076700 1878.8
1076710 1878.8
1076720 1880.3
1076730 1881.8
1076740 1881.8
1076750 1884.9
1076760 1889.5
1076770 1889.5
1076780 1895.4
1076790 1909.3
1076800 1909.3
1076810 1931.9
1076820 2013.0
1076830 2013.0
1076840 2041.8
1076850 2054.3
1076860 2054.3
1076870 2062.0
1076880 2080.7
1076890 2080.7
1076900 2101.9
1076910 2112.9
1076920 2129.5
1076930 2129.5
1076940 2147.9
1076950 2154.7
1076960 2154.7
1076970 2160.9
1076980 2162.8
1076990 2162.8
1077000 2168.4
1077010 2179.7
1077020 2179.7
1077030 2203.2
1077040 2231.4
1077050 2231.4
1077060 2244.3
1077070 2241.6
1077080 2241.6
1077090 2232.0
1077100 2222.9
1077110 2222.9
1077120 2216.0
1077130 2208.7
1077140 2208.7
1077150 2203.5
1077160 2204.8
1077170 2199.0
1077180 2199.0
1077190 2193.9
1077200 2188.6
1077210 2188.6
1077220 2183.5
1077230 2178.7
1077240 2178.7
1077250 2178.0
1077260 2181.1
1077270 2181.1
1077280 2196.0
1077290 2209.1
1077300 2209.1
1077310 2218.6
1077320 2227.1
1077330 2227.1
1077340 2226.0
1077350 2227.8
1077360 2227.8
1077370 2260.7
1077380 2296.3
1077390 2314.7
1077400 2314.7
1077410 2320.0
1077420 2325.1
1077430 2325.1
1077440 2325.6
1077450 2326.8
1077460 2326.8
1077470 2347.4
1077480 2371.9
1077490 2371.9
1077500 2382.0
1077510 2387.4
1077520 2387.4
1077530 2394.4
1077540 2401.8
1077550 2401.8
1077560 2407.4
1077570 2411.4
1077580 2411.4
1077590 2417.6
1077600 2417.8
1077610 2418.6
1077620 2418.6
1077630 2422.5
1077640 2426.7
1077650 2426.7
1077660 2431.6
1077670 2436.7
1077680 2436.7
1077690 2445.8
1077700 2453.3
1077710 2453.3
1077720 2459.0
1077730 2465.2
1077740 2465.2
1077750 2471.9
1077760 2479.8
1077770 2479.8
1077780 2488.3
1077790 2496.6
1077800 2496.6
1077810 2505.1
1077820 2511.9
1077830 2503.4
1077840 2503.4
1077850 2487.3
1077860 2471.0
1077870 2471.0
1077880 2452.9
1077890 2432.0
1077900 2432.0
1077910 2406.6
1077920 2384.5
1077930 2384.5
1077940 2376.4
1077950 2368.4
1077960 2368.4
1077970 2360.0
1077980 2352.1
1077990 2352.1
1078000 2344.5
1078010 2337.2
1078020 2337.2
1078030 2326.3
1078040 2318.6
1078050 2318.6
1078060 2313.7
1078070 2307.1
1078080 2300.3
1078090 2300.3
1078100 2293.2
1078110 2284.1
1078120 2284.1
1078130 2268.1
1078140 2254.5
1078150 2254.5
1078160 2246.1
1078170 2244.2
1078180 2244.2
1078190 2241.3
1078200 2238.4
1078210 2238.4
1078220 2234.1
1078230 2229.7
1078240 2229.7
1078250 2226.4
1078260 2220.9
1078270 2220.9
1078280 2214.9
1078290 2209.8
1078300 2205.9
1078310 2205.9
1078320 2203.0
1078330 2200.4
1078340 2200.4
1078350 2197.7
1078360 2193.7
1078370 2193.7
1078380 2189.2
1078390 2184.8
1078400 2184.8
1078410 2183.0
1078420 2177.2
1078430 2177.2
1078440 2173.6
1078450 2171.0
1078460 2171.0
1078470 2167.7
1078480 2163.5
1078490 2163.5
1078500 2159.0
1078510 2154.6
1078520 2150.3
1078530 2150.3
1078540 2146.1
1078550 2141.6
1078560 2141.6
1078570 2136.4
1078580 2132.2
1078590 2132.2
1078600 2131.5
1078610 2130.9
1078620 2130.9
1078630 2130.4
1078640 2129.2
1078650 2129.2
1078660 2128.0
1078670 2127.9
1078680 2127.9
1078690 2127.0
1078700 2126.6
1078710 2126.6
1078720 2130.9
1078730 2130.4
1078740 2128.6
1078750 2128.6
1078760 2127.7
1078770 2128.4
1078780 2128.4
1078790 2127.7
1078800 2125.4
1078810 2125.4
1078820 2124.4
1078830 2123.2
1078840 2123.2
1078850 2121.9
1078860 2120.9
1078870 2120.9
1078880 2119.4
1078890 2118.2
1078900 2118.2
1078910 2117.3
1078920 2116.1
1078930 2116.1
1078940 2115.1
1078950 2114.0
1078960 2114.0
1078970 2113.4
1078980 2114.2
1078990 2116.1
1079000 2116.1
1079010 2117.5
1079020 2118.1
1079030 2123.9
1079040 2123.8
1079050 2125.2
1079060 2125.2
1079070 2126.2
1079080 2127.0
1079090 2127.0
1079100 2127.4
1079110 2128.2
1079120 2128.2
1079130 2128.3
1079140 2128.6
1079150 2128.6
1079160 2128.9
1079170 2129.1
1079180 2129.1
1079190 2129.1
1079200 2128.8
1079210 2128.5
1079220 2128.5
1079230 2128.2
1079240 2127.4
1079250 2127.4
1079260 2126.9
1079270 2126.8
1079280 2126.8
1079290 2126.8
1079300 2127.3
1079310 2127.3
1079320 2127.8
1079330 2128.5
1079340 2128.5
1079350 2135.2
1079360 2137.0
1079370 2137.0
1079380 2138.7
1079390 2140.4
1079400 2140.4
1079410 2142.4
1079420 2143.7
1079430 2145.5
1079440 2145.5
1079450 2148.4
1079460 2151.2
1079470 2151.2
1079480 2153.9
1079490 2156.9
1079500 2156.9
1079510 2159.4
1079520 2162.3
1079530 2162.3
1079540 2165.0
1079550 2166.6
1079560 2166.6
1079570 2167.7
1079580 2168.3
1079590 2168.3
1079600 2168.8
1079610 2169.2
1079620 2169.2
1079630 2169.0
1079640 2168.0
1079650 2165.8
1079660 2171.6
1079670 2170.6
1079680 2171.1
1079690 2171.1
1079700 2174.0
1079710 2177.0
1079720 2177.0
1079730 2179.6
1079740 2182.8
1079750 2182.8
1079760 2184.5
1079770 2185.4
1079780 2185.4
1079790 2186.4
1079800 2186.8
1079810 2186.8
1079820 2187.8
1079830 2188.3
1079840 2188.3
1079850 2189.8
1079860 2192.2
1079870 2192.2
1079880 2194.4
1079890 2198.0
1079900 2209.5
1079910 2209.5
1079920 2222.2
1079930 2233.5
1079940 2233.5
1079950 2239.9
1079960 2243.5
1079970 2251.5
1079980 2254.0
1079990 2262.4
