1069500 2061.0
1069510 2067.5
1069520 2067.5
1069530 2074.2
1069540 2081.2
1069550 2081.2
1069560 2087.9
1069570 2094.7
1069580 2094.7
1069590 2101.3
1069600 2107.1
1069610 2107.1
1069620 2112.8
1069630 2119.3
1069640 2119.3
1069650 2130.2
1069660 2143.3
1069670 2143.3
1069680 2149.6
1069690 2157.3
1069700 2166.0
1069710 2166.0
1069720 2173.1
1069730 2180.6
1069740 2180.6
1069750 2187.8
1069760 2200.3
1069770 2200.3
1069780 2214.3
1069790 2224.1
1069800 2224.1
1069810 2239.5
1069820 2248.2
1069830 2248.2
1069840 2257.7
1069850 2265.7
1069860 2265.7
1069870 2273.9
1069880 2281.5
1069890 2281.5
1069900 2293.2
1069910 2302.7
1069920 2313.9
1069930 2313.9
1069940 2319.6
1069950 2321.0
1069960 2321.0
1069970 2319.1
1069980 2315.1
1069990 2315.1
1070000 2312.7
1070010 2312.0
1070020 2312.0
1070030 2311.4
1070040 2310.2
1070050 2310.2
1070060 2309.7
1070070 2308.3
1070080 2308.3
1070090 2306.1
1070100 2304.1
1070110 2301.6
1070120 2300.7
1070130 2297.1
1070140 2291.0
1070150 2291.0
1070160 2285.5
1070170 2280.6
1070180 2280.6
1070190 2275.4
1070200 2270.1
1070210 2270.1
1070220 2266.0
1070230 2265.3
1070240 2265.3
1070250 2265.7
1070260 2261.3
1070270 2261.3
1070280 2257.4
1070290 2255.2
1070300 2255.2
1070310 2254.6
1070320 2255.8
1070330 2255.8
1070340 2259.1
1070350 2261.9
1070360 2261.9
1070370 2262.3
1070380 2259.9
1070390 2259.3
1070400 2259.3
1070410 2259.2
1070420 2262.4
1070430 2262.4
1070440 2259.1
1070450 2256.0
1070460 2256.0
1070470 2251.8
1070480 2248.3
1070490 2248.3
1070500 2246.7
1070510 2244.2
1070520 2244.2
1070530 2241.9
1070540 2242.3
1070550 2242.3
1070560 2241.2
1070570 2237.1
1070580 2237.1
1070590 2230.3
1070600 2222.6
1070610 2216.3
1070620 2216.3
1070630 2210.4
1070640 2206.0
1070650 2206.0
1070660 2202.5
1070670 2202.2
1070680 2202.2
1070690 2199.6
1070700 2195.4
1070710 2195.4
1070720 2194.0
1070730 2206.4
1070740 2206.4
1070750 2206.7
1070760 2207.1
1070770 2207.1
1070780 2205.9
1070790 2205.4
1070800 2205.4
1070810 2204.8
1070820 2207.2
1070830 2210.7
1070840 2210.7
1070850 2214.3
1070860 2213.7
1070870 2213.7
1070880 2207.5
1070890 2200.4
1070900 2200.4
1070910 2193.2
1070920 2186.2
1070930 2186.2
1070940 2179.3
1070950 2169.8
1070960 2169.8
1070970 2159.4
1070980 2148.3
1070990 2148.3
1071000 2139.5
1071010 2132.3
1071020 2132.3
1071030 2126.6
1071040 2122.0
1071050 2122.0
1071060 2117.0
1071070 2111.0
1071080 2104.1
1071090 2104.1
1071100 2097.1
1071110 2089.6
1071120 2089.6
1071130 2084.4
1071140 2079.5
1071150 2079.5
1071160 2074.4
1071170 2070.4
1071180 2070.4
1071190 2065.3
1071200 2058.2
1071210 2058.2
1071220 2050.3
1071230 2042.1
1071240 2042.1
1071250 2034.3
1071260 2026.9
1071270 2026.9
1071280 2020.2
1071290 2013.8
1071300 2007.5
1071310 2007.5
1071320 2001.6
1071330 1996.3
1071340 2000.5
1071350 1995.7
1071360 1990.6
1071370 1990.6
1071380 1985.5
1071390 1980.6
1071400 1980.6
1071410 1976.6
1071420 1972.8
1071430 1972.8
1071440 1972.5
1071450 1964.3
1071460 1964.3
1071470 1959.5
1071480 1954.2
1071490 1954.2
1071500 1949.0
1071510 1943.3
1071520 1937.2
1071530 1937.2
1071540 1931.1
1071550 1925.4
1071560 1925.4
1071570 1919.4
1071580 1912.3
1071590 1912.3
1071600 1904.7
1071610 1897.3
1071620 1897.3
1071630 1890.0
1071640 1882.8
1071650 1883.0
1071660 1877.5
1071670 1870.8
1071680 1870.8
1071690 1864.3
1071700 1859.3
1071710 1859.3
1071720 1855.3
1071730 1851.3
1071740 1851.3
1071750 1847.2
1071760 1843.0
1071770 1839.0
1071780 1839.0
1071790 1834.8
1071800 1829.4
1071810 1829.4
1071820 1823.8
1071830 1817.7
1071840 1817.7
1071850 1811.9
1071860 1806.2
1071870 1806.2
1071880 1800.9
1071890 1796.0
1071900 1796.0
1071910 1790.6
1071920 1784.8
1071930 1784.8
1071940 1777.9
1071950 1773.4
1071960 1773.4
1071970 1767.0
1071980 1760.9
1071990 1755.5
1072000 1755.5
1072010 1750.7
1072020 1747.3
1072030 1747.3
1072040 1745.4
1072050 1744.1
1072060 1744.1
1072070 1743.5
1072080 1743.4
1072090 1743.4
1072100 1743.1
1072110 1742.8
1072120 1742.8
1072130 1742.5
1072140 1742.1
1072150 1742.1
1072160 1741.3
1072170 1740.0
1072180 1740.0
1072190 1739.4
1072200 1739.3
1072210 1739.4
1072220 1739.4
1072230 1739.2
1072240 1738.4
1072250 1738.4
1072260 1735.5
1072270 1734.4
1072280 1734.4
1072290 1732.6
1072300 1731.3
1072310 1731.3
1072320 1729.5
1072330 1726.2
1072340 1726.2
1072350 1724.1
1072360 1723.3
1072370 1723.3
1072380 1723.4
1072390 1721.9
1072400 1721.9
1072410 1717.2
1072420 1711.6
1072430 1707.5
1072440 1707.5
1072450 1704.3
1072460 1700.8
1072470 1700.8
1072480 1696.0
1072490 1689.7
1072500 1689.7
1072510 1682.8
1072520 1675.3
1072530 1675.3
1072540 1668.5
1072550 1662.4
1072560 1662.4
1072570 1653.9
1072580 1648.1
1072590 1648.1
1072600 1642.8
1072610 1638.4
1072620 1638.4
1072630 1634.4
1072640 1630.4
1072650 1630.4
1072660 1626.3
1072670 1622.0
1072680 1618.2
1072690 1618.2
1072700 1614.9
1072710 1611.2
1072720 1611.2
1072730 1609.5
1072740 1608.5
1072750 1608.5
1072760 1605.3
1072770 1598.0
1072780 1598.0
1072790 1591.1
1072800 1582.7
1072810 1582.7
1072820 1575.4
1072830 1568.1
1072840 1568.1
1072850 1559.6
1072860 1549.8
1072870 1549.8
1072880 1543.8
1072890 1536.9
1072900 1530.9
1072910 1530.9
1072920 1524.1
1072930 1516.9
1072940 1516.9
1072950 1511.9
1072960 1506.7
1072970 1506.7
1072980 1499.6
1072990 1492.2
1073000 1492.2
1073010 1484.5
1073020 1477.5
1073030 1477.5
1073040 1470.0
1073050 1463.8
1073060 1463.8
1073070 1457.5
1073080 1451.9
1073090 1451.9
1073100 1447.5
1073110 1443.3
1073120 1439.2
1073130 1439.2
1073140 1435.1
1073150 1431.1
1073160 1431.1
1073170 1427.6
1073180 1423.6
1073190 1424.1
1073200 1419.4
1073210 1415.4
1073220 1415.4
1073230 1411.1
1073240 1407.4
1073250 1407.4
1073260 1404.1
1073270 1400.8
1073280 1400.8
1073290 1397.3
1073300 1393.7
1073310 1393.7
1073320 1390.3
1073330 1389.4
1073340 1389.4
1073350 1388.7
1073360 1388.6
1073370 1389.8
1073380 1389.8
1073390 1391.8
1073400 1393.9
1073410 1393.9
1073420 1396.1
1073430 1398.3
1073440 1398.3
1073450 1399.6
1073460 1401.5
1073470 1401.5
1073480 1403.6
1073490 1405.6
1073500 1407.3
1073510 1409.8
1073520 1412.2
1073530 1412.2
1073540 1413.9
1073550 1415.2
1073560 1415.2
1073570 1416.4
1073580 1417.6
1073590 1419.7
1073600 1419.7
1073610 1423.5
1073620 1427.1
1073630 1427.1
1073640 1431.1
1073650 1434.7
1073660 1434.7
1073670 1438.6
1073680 1442.7
1073690 1442.7
1073700 1447.1
1073710 1451.7
1073720 1451.7
1073730 1455.9
1073740 1461.8
1073750 1461.8
1073760 1470.2
1073770 1478.7
1073780 1478.7
1073790 1485.0
1073800 1492.7
1073810 1497.8
1073820 1497.8
1073830 1503.5
1073840 1509.6
1073850 1509.6
1073860 1516.5
1073870 1521.9
1073880 1521.9
1073890 1524.5
1073900 1524.9
1073910 1524.9
1073920 1524.9
1073930 1526.5
1073940 1526.5
1073950 1530.3
1073960 1535.1
1073970 1535.1
1073980 1538.6
1073990 1544.6
1074000 1544.6
1074010 1550.4
1074020 1556.9
1074030 1564.0
1074040 1564.0
1074050 1571.9
1074060 1580.3
1074070 1580.3
1074080 1587.4
1074090 1595.3
1074100 1595.3
1074110 1603.7
1074120 1613.4
1074130 1613.4
1074140 1623.3
1074150 1632.8
1074160 1632.8
1074170 1640.7
1074180 1649.3
1074190 1649.3
1074200 1657.1
1074210 1664.8
1074220 1664.8
1074230 1684.6
1074240 1699.3
1074250 1699.3
1074260 1711.8
1074270 1723.8
1074280 1732.6
1074290 1732.6
1074300 1736.1
1074310 1734.8
1074320 1734.8
1074330 1733.6
1074340 1733.5
1074350 1733.5
1074360 1729.6
1074370 1724.4
1074380 1724.4
1074390 1721.5
1074400 1718.4
1074410 1718.4
1074420 1721.8
1074430 1716.6
1074440 1716.6
1074450 1711.5
1074460 1705.8
1074470 1705.8
1074480 1700.4
1074490 1699.1
1074500 1696.0
1074510 1696.0
1074520 1690.7
1074530 1693.4
1074540 1693.4
1074550 1694.4
1074560 1689.7
1074570 1689.7
1074580 1684.3
1074590 1678.3
1074600 1678.3
1074610 1672.2
1074620 1672.2
1074630 1672.2
1074640 1676.6
1074650 1680.4
1074660 1680.4
1074670 1682.5
1074680 1686.5
1074690 1686.5
1074700 1689.8
1074710 1688.8
1074720 1690.9
1074730 1707.3
1074740 1705.6
1074750 1700.8
1074760 1700.8
1074770 1697.5
1074780 1690.4
1074790 1690.4
1074800 1681.4
1074810 1668.1
1074820 1668.1
1074830 1658.4
1074840 1653.7
1074850 1653.7
1074860 1643.1
1074870 1636.7
1074880 1636.7
1074890 1642.6
1074900 1646.5
1074910 1646.5
1074920 1637.9
1074930 1626.6
1074940 1626.6
1074950 1624.1
1074960 1629.4
1074970 1624.2
1074980 1624.2
1074990 1614.9
1075000 1614.5
1075010 1614.5
1075020 1616.7
1075030 1614.8
1075040 1622.0
1075050 1620.0
1075060 1618.7
1075070 1618.7
1075080 1621.4
1075090 1622.7
1075100 1622.7
1075110 1622.9
1075120 1623.1
1075130 1623.1
1075140 1623.6
1075150 1623.6
1075160 1623.6
1075170 1627.6
1075180 1628.5
1075190 1624.8
1075200 1624.8
1075210 1622.1
1075220 1629.4
1075230 1629.4
1075240 1629.8
1075250 1635.5
1075260 1635.5
1075270 1635.2
1075280 1642.9
1075290 1642.9
1075300 1649.8
1075310 1667.9
1075320 1667.9
1075330 1672.3
1075340 1671.0
1075350 1683.7
1075360 1676.7
1075370 1670.0
1075380 1670.0
1075390 1663.9
1075400 1656.7
1075410 1648.8
1075420 1648.8
1075430 1642.2
1075440 1640.4
1075450 1640.4
1075460 1637.8
1075470 1634.9
1075480 1634.9
1075490 1632.8
1075500 1630.2
1075510 1630.2
1075520 1627.8
1075530 1624.5
1075540 1624.5
1075550 1621.6
1075560 1619.3
1075570 1619.3
1075580 1616.4
1075590 1616.0
1075600 1616.0
1075610 1618.1
1075620 1616.2
1075630 1616.2
1075640 1614.2
1075650 1615.9
1075660 1622.0
1075670 1622.0
1075680 1623.3
1075690 1626.4
1075700 1626.4
1075710 1628.4
1075720 1627.2
1075730 1627.2
1075740 1624.8
1075750 1623.5
1075760 1623.5
1075770 1624.7
1075780 1627.6
1075790 1627.6
1075800 1632.9
1075810 1639.1
1075820 1639.1
1075830 1644.9
1075840 1651.3
1075850 1651.3
1075860 1656.5
1075870 1657.6
1075880 1656.0
1075890 1656.0
1075900 1655.4
1075910 1655.8
1075920 1655.8
1075930 1655.8
1075940 1655.3
1075950 1655.3
1075960 1655.8
1075970 1655.9
1075980 1655.9
1075990 1656.9
1076000 1657.5
1076010 1657.5
1076020 1659.1
1076030 1663.2
1076040 1663.2
1076050 1666.6
1076060 1670.8
1076070 1670.8
1076080 1673.5
1076090 1675.8
1076100 1677.9
1076110 1677.9
1076120 1680.0
1076130 1682.5
1076140 1682.5
1076150 1684.6
1076160 1689.3
1076170 1689.3
1076180 1690.2
1076190 1690.2
1076200 1690.2
1076210 1688.9
1076220 1688.8
1076230 1688.8
1076240 1691.7
1076250 1692.8
1076260 1692.8
1076270 1692.5
1076280 1691.5
1076290 1691.5
1076300 1689.2
1076310 1687.5
1076320 1688.5
1076330 1688.5
1076340 1690.5
1076350 1693.1
1076360 1693.1
1076370 1697.1
1076380 1702.0
1076390 1702.0
1076400 1706.9
1076410 1711.4
1076420 1711.4
1076430 1716.1
1076440 1721.4
1076450 1721.4
1076460 1726.6
1076470 1731.6
1076480 1731.6
1076490 1736.5
1076500 1742.0
1076510 1742.0
1076520 1747.6
1076530 1753.0
1076540 1753.0
1076550 1758.1
1076560 1763.7
1076570 1769.3
1076580 1769.3
1076590 1776.0
1076600 1782.4
1076610 1782.4
1076620 1788.3
1076630 1794.3
1076640 1794.3
1076650 1799.9
1076660 1805.5
1076670 1805.5
1076680 1811.4
1076690 1817.3
1076700 1817.3
1076710 1822.9
1076720 1828.9
1076730 1828.9
1076740 1835.0
1076750 1841.2
1076760 1841.2
1076770 1847.8
1076780 1854.1
1076790 1860.3
1076800 1860.3
1076810 1866.7
1076820 1873.1
1076830 1873.1
1076840 1879.5
1076850 1885.8
1076860 1885.8
1076870 1892.3
1076880 1898.8
1076890 1898.8
1076900 1905.2
1076910 1910.2
1076920 1910.2
1076930 1916.9
1076940 1923.1
1076950 1923.1
1076960 1929.4
1076970 1935.7
1076980 1935.7
1076990 1941.7
1077000 1947.1
1077010 1953.0
1077020 1953.0
1077030 1960.5
1077040 1971.9
1077050 1971.9
1077060 1979.7
1077070 1985.7
1077080 1985.7
1077090 1995.8
1077100 2011.9
1077110 2011.9
1077120 2047.2
1077130 2101.9
1077140 2101.9
1077150 2116.9
1077160 2108.1
1077170 2108.1
1077180 2102.5
1077190 2102.1
1077200 2102.1
1077210 2163.8
1077220 2215.3
1077230 2215.3
1077240 2256.8
1077250 2271.5
1077260 2297.2
1077270 2297.2
1077280 2315.1
1077290 2330.9
1077300 2330.9
1077310 2334.6
1077320 2334.3
1077330 2334.3
1077340 2335.2
1077350 2328.0
1077360 2328.0
1077370 2317.6
1077380 2307.9
1077390 2307.9
1077400 2298.9
1077410 2291.4
1077420 2291.4
1077430 2281.1
1077440 2271.8
1077450 2271.8
1077460 2264.1
1077470 2254.8
1077480 2246.7
1077490 2246.7
1077500 2237.0
1077510 2229.3
1077520 2229.3
1077530 2218.5
1077540 2213.0
1077550 2213.0
1077560 2208.1
1077570 2201.4
1077580 2201.4
1077590 2194.6
1077600 2188.4
1077610 2188.4
1077620 2182.7
1077630 2178.3
1077640 2178.3
1077650 2173.7
1077660 2168.6
1077670 2168.6
1077680 2161.6
1077690 2152.5
1077700 2139.7
1077710 2139.7
1077720 2118.0
1077730 2094.3
1077740 2094.3
1077750 2085.7
1077760 2080.2
1077770 2080.2
1077780 2073.7
1077790 2067.3
1077800 2067.3
1077810 2061.0
1077820 2054.9
1077830 2054.9
1077840 2049.6
1077850 2043.5
1077860 2043.5
1077870 2038.0
1077880 2032.8
1077890 2032.8
1077900 2027.9
1077910 2023.6
1077920 2019.7
1077930 2019.7
1077940 2015.7
1077950 2012.2
1077960 2012.2
1077970 2008.8
1077980 2006.4
1077990 2006.4
1078000 2004.3
1078010 2003.3
1078020 2003.3
1078030 2002.9
1078040 2001.8
1078050 2001.8
1078060 2002.5
1078070 2003.8
1078080 2003.8
1078090 2004.4
1078100 2005.5
1078110 2005.5
1078120 2008.7
1078130 2011.3
1078140 2011.3
1078150 2014.9
1078160 2017.6
1078170 2020.3
1078180 2020.3
1078190 2022.1
1078200 2022.0
1078210 2022.0
1078220 2020.4
1078230 2018.1
1078240 2018.1
1078250 2014.8
1078260 2011.8
1078270 2011.8
1078280 2008.8
1078290 2005.6
1078300 2005.6
1078310 2003.9
1078320 2003.9
1078330 2003.9
1078340 2002.4
1078350 2000.2
1078360 2000.2
1078370 1997.9
1078380 1994.2
1078390 1991.2
1078400 1991.2
1078410 1989.2
1078420 1986.4
1078430 1986.4
1078440 1984.3
1078450 1982.2
1078460 1982.2
1078470 1980.0
1078480 1977.3
1078490 1977.3
1078500 1973.4
1078510 1971.1
1078520 1971.1
1078530 1967.5
1078540 1964.3
1078550 1964.3
1078560 1960.1
1078570 1959.3
1078580 1959.3
1078590 1959.2
1078600 1959.0
1078610 1957.5
1078620 1957.5
1078630 1955.8
1078640 1954.7
1078650 1954.7
1078660 1953.3
1078670 1951.2
1078680 1951.2
1078690 1949.8
1078700 1948.8
1078710 1948.8
1078720 1947.8
1078730 1947.1
1078740 1947.1
1078750 1946.0
1078760 1944.3
1078770 1944.3
1078780 1945.1
1078790 1943.4
1078800 1943.4
1078810 1942.0
1078820 1939.9
1078830 1939.9
1078840 1936.1
1078850 1932.6
1078860 1929.2
1078870 1929.2
1078880 1926.3
1078890 1924.0
1078900 1924.0
1078910 1922.2
1078920 1920.8
1078930 1920.8
1078940 1919.5
1078950 1917.3
1078960 1917.3
1078970 1914.9
1078980 1911.8
1078990 1911.8
1079000 1908.3
1079010 1904.8
1079020 1904.8
1079030 1902.0
1079040 1899.4
1079050 1899.4
1079060 1896.5
1079070 1892.6
1079080 1887.6
1079090 1889.2
1079100 1884.4
1079110 1879.7
1079120 1879.7
1079130 1874.7
1079140 1868.6
1079150 1868.6
1079160 1861.5
1079170 1854.2
1079180 1854.2
1079190 1846.6
1079200 1840.4
1079210 1840.4
1079220 1833.8
1079230 1823.7
1079240 1823.7
1079250 1810.9
1079260 1803.3
1079270 1803.3
1079280 1796.7
1079290 1790.8
1079300 1785.2
1079310 1785.2
1079320 1779.7
1079330 1774.7
1079340 1774.7
1079350 1771.5
1079360 1770.4
1079370 1770.4
1079380 1769.9
1079390 1767.8
1079400 1770.3
1079410 1768.8
1079420 1766.5
1079430 1766.5
1079440 1763.4
1079450 1761.0
1079460 1761.0
1079470 1758.5
1079480 1755.9
1079490 1755.9
1079500 1753.4
1079510 1752.5
1079520 1752.1
1079530 1752.1
1079540 1751.5
1079550 1750.3
1079560 1750.3
1079570 1750.1
1079580 1750.8
1079590 1750.8
1079600 1752.1
1079610 1752.7
1079620 1752.7
1079630 1753.2
1079640 1753.7
1079650 1753.7
1079660 1753.2
1079670 1752.8
1079680 1752.8
1079690 1752.6
1079700 1752.0
1079710 1752.0
1079720 1756.3
1079730 1755.7
1079740 1755.7
1079750 1754.1
1079760 1752.2
1079770 1751.0
1079780 1751.0
1079790 1748.6
1079800 1748.1
1079810 1748.1
1079820 1746.7
1079830 1746.2
1079840 1746.2
1079850 1745.1
1079860 1744.3
1079870 1744.3
1079880 1744.2
1079890 1745.4
1079900 1745.4
1079910 1746.9
1079920 1748.7
1079930 1748.7
1079940 1750.4
1079950 1751.4
1079960 1751.4
1079970 1752.6
1079980 1754.0
1079990 1754.8
