1069480 2019.7
1069490 2025.9
1069500 2025.9
1069510 2031.9
1069520 2036.2
1069530 2036.2
1069540 2042.6
1069550 2049.3
1069560 2049.3
1069570 2055.8
1069580 2062.1
1069590 2062.1
1069600 2068.4
1069610 2075.0
1069620 2075.0
1069630 2083.1
1069640 2090.3
1069650 2090.3
1069660 2097.4
1069670 2104.6
1069680 2104.6
1069690 2111.8
1069700 2118.9
1069710 2118.9
1069720 2125.9
1069730 2132.5
1069740 2139.1
1069750 2139.1
1069760 2148.9
1069770 2158.5
1069780 2158.5
1069790 2166.6
1069800 2173.5
1069810 2173.5
1069820 2182.9
1069830 2198.3
1069840 2198.3
1069850 2208.7
1069860 2215.7
1069870 2215.7
1069880 2223.0
1069890 2230.7
1069900 2230.7
1069910 2235.8
1069920 2239.0
1069930 2239.0
1069940 2237.7
1069950 2237.7
1069960 2239.5
1069970 2239.5
1069980 2239.8
1069990 2239.5
1070000 2239.5
1070010 2239.5
1070020 2240.0
1070030 2240.0
1070040 2240.4
1070050 2240.0
1070060 2240.0
1070070 2239.7
1070080 2239.5
1070090 2239.5
1070100 2238.7
1070110 2239.3
1070120 2239.3
1070130 2237.1
1070140 2235.4
1070150 2235.4
1070160 2234.5
1070170 2232.4
1070180 2230.4
1070190 2230.4
1070200 2227.6
1070210 2224.1
1070220 2224.1
1070230 2219.4
1070240 2214.4
1070250 2214.4
1070260 2210.4
1070270 2207.3
1070280 2207.3
1070290 2207.8
1070300 2209.4
1070310 2209.4
1070320 2210.6
1070330 2211.4
1070340 2211.4
1070350 2212.3
1070360 2212.9
1070370 2212.9
1070380 2212.4
1070390 2211.4
1070400 2211.4
1070410 2210.2
1070420 2209.2
1070430 2207.7
1070440 2203.2
1070450 2201.7
1070460 2200.7
1070470 2200.7
1070480 2200.4
1070490 2200.3
1070500 2200.3
1070510 2200.1
1070520 2199.4
1070530 2199.4
1070540 2199.1
1070550 2200.3
1070560 2200.3
1070570 2202.2
1070580 2204.3
1070590 2204.3
1070600 2207.3
1070610 2210.9
1070620 2210.9
1070630 2215.4
1070640 2220.3
1070650 2224.5
1070660 2224.5
1070670 2227.4
1070680 2230.1
1070690 2230.1
1070700 2233.8
1070710 2239.7
1070720 2239.7
1070730 2245.7
1070740 2243.6
1070750 2243.6
1070760 2248.9
1070770 2254.3
1070780 2254.3
1070790 2264.4
1070800 2258.2
1070810 2258.2
1070820 2244.9
1070830 2235.5
1070840 2235.5
1070850 2220.3
1070860 2212.6
1070870 2206.2
1070880 2206.2
1070890 2199.7
1070900 2193.2
1070910 2193.2
1070920 2187.4
1070930 2180.8
1070940 2180.8
1070950 2172.5
1070960 2167.1
1070970 2167.1
1070980 2162.8
1070990 2156.6
1071000 2156.6
1071010 2148.2
1071020 2141.2
1071030 2141.2
1071040 2134.1
1071050 2124.1
1071060 2124.1
1071070 2118.4
1071080 2112.6
1071090 2106.8
1071100 2106.8
1071110 2101.9
1071120 2098.5
1071130 2098.5
1071140 2094.8
1071150 2091.2
1071160 2091.2
1071170 2088.0
1071180 2083.8
1071190 2083.8
1071200 2080.0
1071210 2075.4
1071220 2075.4
1071230 2069.9
1071240 2062.9
1071250 2062.9
1071260 2056.0
1071270 2052.0
1071280 2052.0
1071290 2051.4
1071300 2053.7
1071310 2053.7
1071320 2054.2
1071330 2050.6
1071340 2045.1
1071350 2045.1
1071360 2040.1
1071370 2030.9
1071380 2030.9
1071390 2023.3
1071400 2016.2
1071410 2016.2
1071420 2008.7
1071430 2001.8
1071440 2001.8
1071450 1995.5
1071460 1988.5
1071470 1988.5
1071480 1981.2
1071490 1975.0
1071500 1975.0
1071510 1968.8
1071520 1962.7
1071530 1962.7
1071540 1956.8
1071550 1951.3
1071560 1945.0
1071570 1945.0
1071580 1938.8
1071590 1933.4
1071600 1933.4
1071610 1927.3
1071620 1919.2
1071630 1919.2
1071640 1911.3
1071650 1903.6
1071660 1903.6
1071670 1898.7
1071680 1891.6
1071690 1891.6
1071700 1885.2
1071710 1879.8
1071720 1879.8
1071730 1874.1
1071740 1868.4
1071750 1868.4
1071760 1861.8
1071770 1856.1
1071780 1851.2
1071790 1851.2
1071800 1846.1
1071810 1842.0
1071820 1842.0
1071830 1837.5
1071840 1832.4
1071850 1832.4
1071860 1826.9
1071870 1821.5
1071880 1821.5
1071890 1816.3
1071900 1810.7
1071910 1810.7
1071920 1804.8
1071930 1799.1
1071940 1799.1
1071950 1793.0
1071960 1787.5
1071970 1789.3
1071980 1783.5
1071990 1777.6
1072000 1777.6
1072010 1771.7
1072020 1766.8
1072030 1761.0
1072040 1761.0
1072050 1755.4
1072060 1749.7
1072070 1749.7
1072080 1744.8
1072090 1740.4
1072100 1740.4
1072110 1736.1
1072120 1732.0
1072130 1732.0
1072140 1728.6
1072150 1724.6
1072160 1724.6
1072170 1721.0
1072180 1718.9
1072190 1718.9
1072200 1716.9
1072210 1714.8
1072220 1714.8
1072230 1712.2
1072240 1709.2
1072250 1706.2
1072260 1706.2
1072270 1704.5
1072280 1699.4
1072290 1699.4
1072300 1697.6
1072310 1695.4
1072320 1695.4
1072330 1693.1
1072340 1690.9
1072350 1690.9
1072360 1688.3
1072370 1685.4
1072380 1685.4
1072390 1682.0
1072400 1678.7
1072410 1678.7
1072420 1676.2
1072430 1674.0
1072440 1674.0
1072450 1670.8
1072460 1666.8
1072470 1662.7
1072480 1662.7
1072490 1658.2
1072500 1654.6
1072510 1654.6
1072520 1651.9
1072530 1649.4
1072540 1649.4
1072550 1646.8
1072560 1643.9
1072570 1643.9
1072580 1641.0
1072590 1639.0
1072600 1639.0
1072610 1635.8
1072620 1631.6
1072630 1631.6
1072640 1628.4
1072650 1626.0
1072660 1626.0
1072670 1623.9
1072680 1621.5
1072690 1618.9
1072700 1618.9
1072710 1616.4
1072720 1614.8
1072730 1614.8
1072740 1613.1
1072750 1611.0
1072760 1611.0
1072770 1609.0
1072780 1604.7
1072790 1604.7
1072800 1597.3
1072810 1589.7
1072820 1589.7
1072830 1582.2
1072840 1575.8
1072850 1575.8
1072860 1569.0
1072870 1560.7
1072880 1560.7
1072890 1553.1
1072900 1556.1
1072910 1556.1
1072920 1551.6
1072930 1544.9
1072940 1537.5
1072950 1537.5
1072960 1529.3
1072970 1520.4
1072980 1520.4
1072990 1511.7
1073000 1504.1
1073010 1504.1
1073020 1499.1
1073030 1493.8
1073040 1493.8
1073050 1488.7
1073060 1483.9
1073070 1483.9
1073080 1478.4
1073090 1473.1
1073100 1473.1
1073110 1467.5
1073120 1462.9
1073130 1462.9
1073140 1459.6
1073150 1456.6
1073160 1453.1
1073170 1453.1
1073180 1450.6
1073190 1446.4
1073200 1446.7
1073210 1442.7
1073220 1444.4
1073230 1444.4
1073240 1445.4
1073250 1443.8
1073260 1443.8
1073270 1442.5
1073280 1443.0
1073290 1443.0
1073300 1445.2
1073310 1446.5
1073320 1446.5
1073330 1447.9
1073340 1448.9
1073350 1448.9
1073360 1450.7
1073370 1453.1
1073380 1455.0
1073390 1455.0
1073400 1456.0
1073410 1458.1
1073420 1458.1
1073430 1460.4
1073440 1463.0
1073450 1463.0
1073460 1465.6
1073470 1467.3
1073480 1467.3
1073490 1468.3
1073500 1469.4
1073510 1474.9
1073520 1476.5
1073530 1478.3
1073540 1478.3
1073550 1481.3
1073560 1484.8
1073570 1484.8
1073580 1488.0
1073590 1490.8
1073600 1490.8
1073610 1492.8
1073620 1498.2
1073630 1502.9
1073640 1502.9
1073650 1506.3
1073660 1508.0
1073670 1508.0
1073680 1507.5
1073690 1508.0
1073700 1508.0
1073710 1512.9
1073720 1520.9
1073730 1520.9
1073740 1528.7
1073750 1536.3
1073760 1536.3
1073770 1544.5
1073780 1554.1
1073790 1554.1
1073800 1560.5
1073810 1564.6
1073820 1573.6
1073830 1579.5
1073840 1587.0
1073850 1595.6
1073860 1595.6
1073870 1605.0
1073880 1614.1
1073890 1614.1
1073900 1625.3
1073910 1637.4
1073920 1637.4
1073930 1646.8
1073940 1650.2
1073950 1650.2
1073960 1651.3
1073970 1654.1
1073980 1654.1
1073990 1660.7
1074000 1669.5
1074010 1669.5
1074020 1679.1
1074030 1685.2
1074040 1685.2
1074050 1684.3
1074060 1678.5
1074070 1674.0
1074080 1674.0
1074090 1673.1
1074100 1675.3
1074110 1675.3
1074120 1685.4
1074130 1694.2
1074140 1694.2
1074150 1702.4
1074160 1710.9
1074170 1710.9
1074180 1719.4
1074190 1729.1
1074200 1729.1
1074210 1731.2
1074220 1724.8
1074230 1724.8
1074240 1721.1
1074250 1718.4
1074260 1718.4
1074270 1714.6
1074280 1722.7
1074290 1736.6
1074300 1736.6
1074310 1752.9
1074320 1764.7
1074330 1764.7
1074340 1772.8
1074350 1782.1
1074360 1782.1
1074370 1789.1
1074380 1792.1
1074390 1792.1
1074400 1792.0
1074410 1790.0
1074420 1790.0
1074430 1785.2
1074440 1786.5
1074450 1786.5
1074460 1784.6
1074470 1783.7
1074480 1783.7
1074490 1784.8
1074500 1787.2
1074510 1787.2
1074520 1789.2
1074530 1789.6
1074540 1788.0
1074550 1788.0
1074560 1786.0
1074570 1782.6
1074580 1782.6
1074590 1780.2
1074600 1778.6
1074610 1778.6
1074620 1778.2
1074630 1778.5
1074640 1778.5
1074650 1778.6
1074660 1780.6
1074670 1780.6
1074680 1788.6
1074690 1794.8
1074700 1794.8
1074710 1794.0
1074720 1792.2
1074730 1792.2
1074740 1791.9
1074750 1793.8
1074760 1794.5
1074770 1794.5
1074780 1795.4
1074790 1796.5
1074800 1796.5
1074810 1798.5
1074820 1801.5
1074830 1801.5
1074840 1803.9
1074850 1805.2
1074860 1805.2
1074870 1806.5
1074880 1804.2
1074890 1804.2
1074900 1799.8
1074910 1794.0
1074920 1794.0
1074930 1788.8
1074940 1784.6
1074950 1784.6
1074960 1780.6
1074970 1779.4
1074980 1777.9
1074990 1777.9
1075000 1780.9
1075010 1785.5
1075020 1785.5
1075030 1789.4
1075040 1791.2
1075050 1791.2
1075060 1802.3
1075070 1801.6
1075080 1801.6
1075090 1799.9
1075100 1802.6
1075110 1802.6
1075120 1803.2
1075130 1801.1
1075140 1801.1
1075150 1799.7
1075160 1797.7
1075170 1797.7
1075180 1795.9
1075190 1793.5
1075200 1793.5
1075210 1790.0
1075220 1785.8
1075230 1782.1
1075240 1782.1
1075250 1778.3
1075260 1775.1
1075270 1775.1
1075280 1770.3
1075290 1766.1
1075300 1766.1
1075310 1763.1
1075320 1760.9
1075330 1760.9
1075340 1758.2
1075350 1755.8
1075360 1755.8
1075370 1756.3
1075380 1756.9
1075390 1756.9
1075400 1754.4
1075410 1749.7
1075420 1749.7
1075430 1745.1
1075440 1741.7
1075450 1738.8
1075460 1738.8
1075470 1734.7
1075480 1730.4
1075490 1730.4
1075500 1727.8
1075510 1726.1
1075520 1726.1
1075530 1722.9
1075540 1720.6
1075550 1720.6
1075560 1718.9
1075570 1717.5
1075580 1717.5
1075590 1716.4
1075600 1715.7
1075610 1715.7
1075620 1715.1
1075630 1713.9
1075640 1713.9
1075650 1712.0
1075660 1709.2
1075670 1707.2
1075680 1707.2
1075690 1705.1
1075700 1703.0
1075710 1703.0
1075720 1700.4
1075730 1698.4
1075740 1698.4
1075750 1697.6
1075760 1695.9
1075770 1695.9
1075780 1695.1
1075790 1693.7
1075800 1693.7
1075810 1691.6
1075820 1688.9
1075830 1688.9
1075840 1686.5
1075850 1686.2
1075860 1686.2
1075870 1686.7
1075880 1684.7
1075890 1681.0
1075900 1681.0
1075910 1678.2
1075920 1676.8
1075930 1676.8
1075940 1675.3
1075950 1674.6
1075960 1674.6
1075970 1673.6
1075980 1674.7
1075990 1675.0
1076000 1675.5
1076010 1674.8
1076020 1674.8
1076030 1674.8
1076040 1676.4
1076050 1676.4
1076060 1676.7
1076070 1677.4
1076080 1677.4
1076090 1677.3
1076100 1677.1
1076110 1677.1
1076120 1678.8
1076130 1679.5
1076140 1679.7
1076150 1679.7
1076160 1677.6
1076170 1677.7
1076180 1677.7
1076190 1678.8
1076200 1677.8
1076210 1677.8
1076220 1677.4
1076230 1677.6
1076240 1677.6
1076250 1678.7
1076260 1680.1
1076270 1680.1
1076280 1680.0
1076290 1679.9
1076300 1684.0
1076310 1684.8
1076320 1685.1
1076330 1685.1
1076340 1686.7
1076350 1690.1
1076360 1693.8
1076370 1693.8
1076380 1697.6
1076390 1700.8
1076400 1700.8
1076410 1704.6
1076420 1708.4
1076430 1708.4
1076440 1712.6
1076450 1717.0
1076460 1717.0
1076470 1720.5
1076480 1724.3
1076490 1724.3
1076500 1727.7
1076510 1732.0
1076520 1732.0
1076530 1736.4
1076540 1741.8
1076550 1741.8
1076560 1747.2
1076570 1752.7
1076580 1757.7
1076590 1757.7
1076600 1762.8
1076610 1765.3
1076620 1765.3
1076630 1771.6
1076640 1778.0
1076650 1778.0
1076660 1784.3
1076670 1791.0
1076680 1791.0
1076690 1797.8
1076700 1804.6
1076710 1804.6
1076720 1811.6
1076730 1818.5
1076740 1818.5
1076750 1825.4
1076760 1832.8
1076770 1832.8
1076780 1839.8
1076790 1846.9
1076800 1846.9
1076810 1854.0
1076820 1860.9
1076830 1867.6
1076840 1867.6
1076850 1874.4
1076860 1881.5
1076870 1881.5
1076880 1891.5
1076890 1905.0
1076900 1905.0
1076910 1911.7
1076920 1921.0
1076930 1921.0
1076940 1926.0
1076950 1932.4
1076960 1932.4
1076970 1953.6
1076980 2008.1
1076990 2008.1
1077000 2042.9
1077010 2074.3
1077020 2074.3
1077030 2092.6
1077040 2119.7
1077050 2128.9
1077060 2128.9
1077070 2133.0
1077080 2137.8
1077090 2137.8
1077100 2143.2
1077110 2147.4
1077120 2147.4
1077130 2152.3
1077140 2156.8
1077150 2156.8
1077160 2162.4
1077170 2173.8
1077180 2173.8
1077190 2183.0
1077200 2195.5
1077210 2195.5
1077220 2207.4
1077230 2214.0
1077240 2206.9
1077250 2214.2
1077260 2225.0
1077270 2238.2
1077280 2238.2
1077290 2249.0
1077300 2255.6
1077310 2255.6
1077320 2256.4
1077330 2249.7
1077340 2249.7
1077350 2240.2
1077360 2230.8
1077370 2230.8
1077380 2220.4
1077390 2212.6
1077400 2212.6
1077410 2205.0
1077420 2196.0
1077430 2196.0
1077440 2187.8
1077450 2179.3
1077460 2179.3
1077470 2173.1
1077480 2168.2
1077490 2162.7
1077500 2162.7
1077510 2157.0
1077520 2151.1
1077530 2151.1
1077540 2145.1
1077550 2136.3
1077560 2136.3
1077570 2131.4
1077580 2126.1
1077590 2126.1
1077600 2120.7
1077610 2115.7
1077620 2115.7
1077630 2111.4
1077640 2107.1
1077650 2107.1
1077660 2102.9
1077670 2098.5
1077680 2098.5
1077690 2094.4
1077700 2090.0
1077710 2090.0
1077720 2085.6
1077730 2081.4
1077740 2078.7
1077750 2078.7
1077760 2078.2
1077770 2076.8
1077780 2076.8
1077790 2076.2
1077800 2076.0
1077810 2076.0
1077820 2077.0
1077830 2078.1
1077840 2078.1
1077850 2078.7
1077860 2076.4
1077870 2076.4
1077880 2076.0
1077890 2075.5
1077900 2075.5
1077910 2075.2
1077920 2074.4
1077930 2074.4
1077940 2073.8
1077950 2072.7
1077960 2069.7
1077970 2069.7
1077980 2065.9
1077990 2062.8
1078000 2062.8
1078010 2059.8
1078020 2056.7
1078030 2056.7
1078040 2053.5
1078050 2051.7
1078060 2051.7
1078070 2049.9
1078080 2047.2
1078090 2047.2
1078100 2044.4
1078110 2041.5
1078120 2041.5
1078130 2039.8
1078140 2036.6
1078150 2036.6
1078160 2033.1
1078170 2032.3
1078180 2031.4
1078190 2031.4
1078200 2031.8
1078210 2030.8
1078220 2030.8
1078230 2030.7
1078240 2030.3
1078250 2030.3
1078260 2029.7
1078270 2033.0
1078280 2033.0
1078290 2035.2
1078300 2035.5
1078310 2035.5
1078320 2033.6
1078330 2029.8
1078340 2029.8
1078350 2025.3
1078360 2022.2
1078370 2022.2
1078380 2024.1
1078390 2025.8
1078400 2025.8
1078410 2025.9
1078420 2024.8
1078430 2024.1
1078440 2024.1
1078450 2023.7
1078460 2022.2
1078470 2022.2
1078480 2021.7
1078490 2020.6
1078500 2020.6
1078510 2016.3
1078520 2012.6
1078530 2012.6
1078540 2010.2
1078550 2007.4
1078560 2007.4
1078570 2007.5
1078580 2008.3
1078590 2008.3
1078600 2008.8
1078610 2007.9
1078620 2007.9
1078630 2005.3
1078640 2002.5
1078650 1999.2
1078660 1999.2
1078670 1994.8
1078680 1991.9
1078690 1991.9
1078700 1989.3
1078710 1985.8
1078720 1985.8
1078730 1981.6
1078740 1979.6
1078750 1979.6
1078760 1977.6
1078770 1975.3
1078780 1975.3
1078790 1973.8
1078800 1972.3
1078810 1972.3
1078820 1971.7
1078830 1970.7
1078840 1970.7
1078850 1969.2
1078860 1966.5
1078870 1964.6
1078880 1964.6
1078890 1963.2
1078900 1961.2
1078910 1961.2
1078920 1957.8
1078930 1954.5
1078940 1954.5
1078950 1951.8
1078960 1949.0
1078970 1949.0
1078980 1944.4
1078990 1939.8
1079000 1939.8
1079010 1936.0
1079020 1932.0
1079030 1932.0
1079040 1927.6
1079050 1922.8
1079060 1922.8
1079070 1917.3
1079080 1912.8
1079090 1908.2
1079100 1908.2
1079110 1906.2
1079120 1900.5
1079130 1900.5
1079140 1895.5
1079150 1889.7
1079160 1889.7
1079170 1880.8
1079180 1873.8
1079190 1873.8
1079200 1868.0
1079210 1859.2
1079220 1859.2
1079230 1854.1
1079240 1853.2
1079250 1853.2
1079260 1854.0
1079270 1853.4
1079280 1853.4
1079290 1852.2
1079300 1850.9
1079310 1850.9
1079320 1848.2
1079330 1845.1
1079340 1842.6
1079350 1842.6
1079360 1841.1
1079370 1843.0
1079380 1843.0
1079390 1844.4
1079400 1843.7
1079410 1843.7
1079420 1845.1
1079430 1839.5
1079440 1839.5
1079450 1833.9
1079460 1829.9
1079470 1829.9
1079480 1826.4
1079490 1823.4
1079500 1823.4
1079510 1821.9
1079520 1819.5
1079530 1819.5
1079540 1816.9
1079550 1814.6
1079560 1812.6
1079570 1812.6
1079580 1811.0
1079590 1811.3
1079600 1811.3
1079610 1812.1
1079620 1812.3
1079630 1812.3
1079640 1812.6
1079650 1813.8
1079660 1813.8
1079670 1814.6
1079680 1815.7
1079690 1815.7
1079700 1816.4
1079710 1816.6
1079720 1816.6
1079730 1816.4
1079740 1819.7
1079750 1819.7
1079760 1817.0
1079770 1817.7
1079780 1816.7
1079790 1816.7
1079800 1815.3
1079810 1815.4
1079820 1815.4
1079830 1815.8
1079840 1815.1
1079850 1815.1
1079860 1817.2
1079870 1819.9
1079880 1819.9
1079890 1822.1
1079900 1823.8
1079910 1823.8
1079920 1824.8
1079930 1825.2
1079940 1825.2
1079950 1825.1
1079960 1824.7
1079970 1824.7
1079980 1824.8
1079990 1826.0
