1069420 2053.7
1069430 2058.7
1069440 2058.7
1069450 2063.7
1069460 2067.2
1069470 2067.2
1069480 2069.9
1069490 2073.2
1069500 2073.2
1069510 2076.0
1069520 2079.5
1069530 2082.8
1069540 2082.8
1069550 2083.1
1069560 2082.9
1069570 2082.9
1069580 2088.5
1069590 2098.7
1069600 2098.7
1069610 2111.3
1069620 2120.5
1069630 2120.5
1069640 2129.6
1069650 2134.6
1069660 2134.6
1069670 2139.1
1069680 2143.7
1069690 2143.7
1069700 2147.8
1069710 2152.0
1069720 2152.0
1069730 2147.2
1069740 2150.7
1069750 2155.5
1069760 2155.5
1069770 2162.0
1069780 2167.2
1069790 2167.2
1069800 2167.5
1069810 2174.5
1069820 2174.5
1069830 2182.0
1069840 2185.9
1069850 2185.9
1069860 2184.5
1069870 2185.8
1069880 2185.8
1069890 2194.0
1069900 2198.8
1069910 2198.8
1069920 2202.5
1069930 2205.4
1069940 2205.4
1069950 2208.0
1069960 2205.4
1069970 2197.4
1069980 2197.4
1069990 2188.2
1070000 2179.0
1070010 2179.0
1070020 2169.2
1070030 2162.1
1070040 2160.0
1070050 2154.0
1070060 2147.9
1070070 2147.9
1070080 2141.9
1070090 2137.0
1070100 2137.0
1070110 2133.3
1070120 2131.0
1070130 2131.0
1070140 2129.0
1070150 2126.0
1070160 2126.0
1070170 2123.2
1070180 2119.5
1070190 2114.7
1070200 2114.7
1070210 2113.0
1070220 2111.4
1070230 2111.4
1070240 2109.9
1070250 2108.3
1070260 2108.3
1070270 2106.2
1070280 2104.0
1070290 2104.0
1070300 2100.0
1070310 2094.6
1070320 2094.6
1070330 2090.5
1070340 2083.7
1070350 2083.7
1070360 2081.9
1070370 2077.6
1070380 2077.6
1070390 2070.0
1070400 2063.3
1070410 2063.3
1070420 2060.0
1070430 2059.0
1070440 2057.0
1070450 2057.0
1070460 2055.0
1070470 2053.2
1070480 2053.2
1070490 2050.1
1070500 2044.8
1070510 2044.8
1070520 2039.2
1070530 2039.1
1070540 2039.1
1070550 2040.7
1070560 2039.9
1070570 2039.9
1070580 2038.2
1070590 2036.1
1070600 2036.1
1070610 2033.7
1070620 2031.1
1070630 2031.1
1070640 2027.7
1070650 2017.6
1070660 2013.2
1070670 2013.2
1070680 2008.8
1070690 2004.7
1070700 2004.7
1070710 1999.8
1070720 1995.3
1070730 1995.3
1070740 1993.4
1070750 1992.0
1070760 1992.0
1070770 1988.7
1070780 1984.0
1070790 1984.0
1070800 1981.1
1070810 1978.6
1070820 1978.6
1070830 1976.0
1070840 1972.9
1070850 1972.9
1070860 1969.7
1070870 1966.8
1070880 1964.0
1070890 1964.0
1070900 1961.0
1070910 1957.8
1070920 1957.8
1070930 1954.2
1070940 1951.8
1070950 1945.7
1070960 1943.9
1070970 1941.8
1070980 1941.8
1070990 1940.6
1071000 1938.9
1071010 1938.9
1071020 1937.2
1071030 1935.1
1071040 1935.1
1071050 1932.5
1071060 1929.7
1071070 1929.7
1071080 1926.2
1071090 1922.7
1071100 1922.7
1071110 1919.6
1071120 1915.1
1071130 1910.0
1071140 1910.0
1071150 1907.4
1071160 1905.8
1071170 1905.8
1071180 1905.2
1071190 1904.5
1071200 1904.5
1071210 1903.1
1071220 1901.9
1071230 1901.9
1071240 1900.3
1071250 1897.4
1071260 1892.2
1071270 1889.0
1071280 1886.1
1071290 1886.1
1071300 1883.0
1071310 1879.2
1071320 1879.2
1071330 1874.9
1071340 1870.3
1071350 1866.3
1071360 1866.3
1071370 1863.8
1071380 1861.4
1071390 1861.4
1071400 1859.3
1071410 1855.8
1071420 1855.8
1071430 1850.5
1071440 1847.1
1071450 1847.1
1071460 1845.5
1071470 1841.5
1071480 1841.5
1071490 1835.9
1071500 1832.4
1071510 1832.4
1071520 1829.8
1071530 1827.4
1071540 1827.4
1071550 1823.9
1071560 1820.9
1071570 1814.5
1071580 1814.5
1071590 1812.7
1071600 1810.6
1071610 1810.6
1071620 1809.2
1071630 1807.0
1071640 1807.0
1071650 1805.3
1071660 1804.8
1071670 1804.8
1071680 1805.1
1071690 1805.2
1071700 1805.2
1071710 1805.0
1071720 1807.0
1071730 1807.0
1071740 1808.5
1071750 1809.2
1071760 1809.2
1071770 1811.5
1071780 1817.6
1071790 1826.2
1071800 1826.2
1071810 1829.3
1071820 1827.8
1071830 1827.8
1071840 1828.7
1071850 1837.0
1071860 1837.0
1071870 1844.0
1071880 1822.9
1071890 1822.9
1071900 1820.0
1071910 1820.3
1071920 1820.3
1071930 1820.5
1071940 1820.4
1071950 1820.4
1071960 1819.1
1071970 1818.9
1071980 1818.9
1071990 1818.1
1072000 1814.8
1072010 1814.8
1072020 1812.7
1072030 1804.5
1072040 1793.0
1072050 1793.0
1072060 1780.7
1072070 1772.5
1072080 1772.5
1072090 1767.2
1072100 1762.5
1072110 1762.5
1072120 1759.9
1072130 1757.5
1072140 1757.5
1072150 1754.7
1072160 1750.8
1072170 1750.8
1072180 1741.2
1072190 1736.6
1072200 1736.6
1072210 1731.7
1072220 1727.7
1072230 1727.7
1072240 1723.8
1072250 1720.0
1072260 1716.2
1072270 1716.2
1072280 1711.6
1072290 1706.9
1072300 1706.9
1072310 1701.8
1072320 1696.6
1072330 1696.6
1072340 1690.9
1072350 1685.5
1072360 1685.5
1072370 1680.9
1072380 1677.0
1072390 1677.0
1072400 1672.8
1072410 1669.5
1072420 1669.5
1072430 1666.7
1072440 1663.6
1072450 1663.6
1072460 1659.8
1072470 1656.2
1072480 1652.3
1072490 1648.4
1072500 1642.4
1072510 1636.3
1072520 1636.3
1072530 1630.5
1072540 1625.4
1072550 1625.4
1072560 1620.7
1072570 1616.0
1072580 1616.0
1072590 1611.3
1072600 1606.6
1072610 1606.6
1072620 1602.4
1072630 1598.2
1072640 1598.2
1072650 1593.8
1072660 1589.3
1072670 1589.3
1072680 1585.0
1072690 1580.3
1072700 1576.3
1072710 1576.3
1072720 1572.3
1072730 1567.2
1072740 1567.2
1072750 1562.2
1072760 1555.7
1072770 1555.7
1072780 1546.5
1072790 1540.4
1072800 1539.7
1072810 1539.4
1072820 1538.2
1072830 1538.2
1072840 1536.5
1072850 1534.9
1072860 1534.9
1072870 1535.1
1072880 1549.2
1072890 1549.2
1072900 1561.5
1072910 1567.4
1072920 1567.4
1072930 1574.1
1072940 1580.6
1072950 1585.7
1072960 1585.7
1072970 1590.0
1072980 1592.2
1072990 1592.2
1073000 1591.9
1073010 1590.6
1073020 1590.6
1073030 1588.6
1073040 1585.7
1073050 1585.7
1073060 1586.5
1073070 1585.2
1073080 1585.2
1073090 1589.6
1073100 1596.4
1073110 1601.8
1073120 1607.6
1073130 1613.3
1073140 1613.3
1073150 1618.4
1073160 1618.6
1073170 1621.9
1073180 1621.9
1073190 1632.9
1073200 1637.1
1073210 1637.1
1073220 1638.3
1073230 1647.2
1073240 1647.2
1073250 1654.6
1073260 1660.0
1073270 1660.0
1073280 1665.3
1073290 1673.0
1073300 1673.0
1073310 1674.4
1073320 1674.0
1073330 1674.0
1073340 1683.2
1073350 1705.5
1073360 1705.5
1073370 1703.0
1073380 1712.4
1073390 1730.4
1073400 1730.4
1073410 1727.9
1073420 1740.7
1073430 1740.7
1073440 1739.1
1073450 1737.8
1073460 1737.8
1073470 1756.1
1073480 1780.6
1073490 1780.6
1073500 1788.0
1073510 1785.7
1073520 1785.7
1073530 1778.9
1073540 1781.9
1073550 1781.9
1073560 1782.3
1073570 1773.5
1073580 1773.5
1073590 1763.8
1073600 1762.0
1073610 1762.0
1073620 1760.7
1073630 1758.6
1073640 1758.5
1073650 1758.5
1073660 1755.6
1073670 1755.5
1073680 1755.5
1073690 1753.8
1073700 1753.7
1073710 1753.7
1073720 1762.5
1073730 1756.6
1073740 1756.6
1073750 1751.3
1073760 1747.5
1073770 1747.5
1073780 1743.4
1073790 1741.1
1073800 1741.1
1073810 1746.0
1073820 1752.4
1073830 1752.4
1073840 1758.5
1073850 1762.2
1073860 1763.2
1073870 1763.2
1073880 1762.2
1073890 1756.7
1073900 1756.7
1073910 1750.9
1073920 1747.7
1073930 1747.7
1073940 1746.6
1073950 1746.2
1073960 1746.2
1073970 1748.4
1073980 1753.0
1073990 1753.0
1074000 1756.5
1074010 1760.2
1074020 1760.2
1074030 1767.6
1074040 1773.2
1074050 1773.2
1074060 1779.4
1074070 1785.6
1074080 1790.3
1074090 1790.3
1074100 1792.2
1074110 1792.4
1074120 1792.4
1074130 1790.6
1074140 1785.2
1074150 1785.2
1074160 1779.6
1074170 1777.8
1074180 1777.8
1074190 1778.7
1074200 1779.1
1074210 1779.1
1074220 1779.8
1074230 1779.5
1074240 1779.5
1074250 1778.8
1074260 1781.5
1074270 1781.5
1074280 1784.4
1074290 1783.7
1074300 1783.2
1074310 1783.2
1074320 1785.5
1074330 1787.5
1074340 1789.1
1074350 1791.6
1074360 1795.6
1074370 1795.6
1074380 1801.3
1074390 1807.5
1074400 1807.5
1074410 1814.5
1074420 1822.4
1074430 1822.4
1074440 1829.9
1074450 1837.4
1074460 1837.4
1074470 1843.3
1074480 1848.9
1074490 1848.9
1074500 1854.8
1074510 1860.9
1074520 1860.9
1074530 1866.3
1074540 1873.1
1074550 1880.6
1074560 1880.6
1074570 1887.6
1074580 1894.8
1074590 1894.8
1074600 1900.8
1074610 1906.0
1074620 1906.0
1074630 1907.1
1074640 1905.9
1074650 1906.5
1074660 1905.8
1074670 1903.3
1074680 1903.3
1074690 1898.8
1074700 1894.9
1074710 1894.9
1074720 1891.3
1074730 1887.4
1074740 1887.4
1074750 1883.6
1074760 1881.0
1074770 1879.0
1074780 1879.0
1074790 1877.4
1074800 1878.4
1074810 1878.4
1074820 1880.1
1074830 1880.9
1074840 1880.9
1074850 1881.2
1074860 1880.5
1074870 1880.5
1074880 1880.3
1074890 1879.7
1074900 1879.7
1074910 1880.0
1074920 1879.7
1074930 1879.7
1074940 1876.9
1074950 1873.8
1074960 1881.3
1074970 1882.1
1074980 1882.5
1074990 1884.4
1075000 1884.4
1075010 1887.4
1075020 1889.5
1075030 1889.5
1075040 1898.7
1075050 1904.7
1075060 1904.7
1075070 1905.7
1075080 1906.8
1075090 1906.8
1075100 1909.2
1075110 1910.8
1075120 1910.8
1075130 1912.5
1075140 1913.7
1075150 1913.7
1075160 1912.6
1075170 1912.5
1075180 1912.5
1075190 1914.5
1075200 1915.8
1075210 1916.2
1075220 1916.2
1075230 1916.9
1075240 1918.4
1075250 1918.4
1075260 1921.8
1075270 1935.5
1075280 1935.5
1075290 1941.4
1075300 1942.8
1075310 1942.8
1075320 1936.2
1075330 1927.4
1075340 1927.4
1075350 1918.1
1075360 1909.5
1075370 1909.5
1075380 1901.9
1075390 1893.3
1075400 1893.3
1075410 1884.2
1075420 1875.8
1075430 1875.8
1075440 1867.7
1075450 1859.5
1075460 1851.9
1075470 1851.9
1075480 1843.5
1075490 1836.3
1075500 1836.3
1075510 1830.0
1075520 1824.1
1075530 1824.1
1075540 1817.3
1075550 1809.7
1075560 1809.7
1075570 1801.6
1075580 1796.1
1075590 1796.1
1075600 1789.4
1075610 1783.0
1075620 1783.0
1075630 1780.1
1075640 1777.5
1075650 1777.5
1075660 1773.3
1075670 1767.3
1075680 1760.5
1075690 1760.5
1075700 1753.9
1075710 1747.9
1075720 1747.9
1075730 1742.7
1075740 1738.3
1075750 1738.3
1075760 1736.6
1075770 1735.6
1075780 1735.6
1075790 1735.2
1075800 1734.8
1075810 1734.8
1075820 1734.4
1075830 1731.9
1075840 1731.9
1075850 1728.7
1075860 1725.2
1075870 1725.2
1075880 1722.6
1075890 1724.0
1075900 1724.0
1075910 1724.0
1075920 1722.9
1075930 1721.4
1075940 1721.4
1075950 1718.6
1075960 1717.9
1075970 1717.9
1075980 1719.1
1075990 1720.7
1076000 1720.7
1076010 1721.5
1076020 1721.1
1076030 1721.1
1076040 1720.3
1076050 1719.9
1076060 1719.9
1076070 1719.4
1076080 1719.3
1076090 1719.3
1076100 1720.1
1076110 1720.3
1076120 1720.4
1076130 1720.4
1076140 1719.6
1076150 1718.4
1076160 1718.4
1076170 1717.4
1076180 1717.0
1076190 1717.0
1076200 1720.0
1076210 1722.0
1076220 1722.0
1076230 1722.4
1076240 1722.2
1076250 1722.2
1076260 1723.8
1076270 1725.8
1076280 1725.8
1076290 1727.8
1076300 1730.3
1076310 1730.3
1076320 1732.7
1076330 1735.1
1076340 1735.1
1076350 1737.8
1076360 1740.6
1076370 1744.2
1076380 1744.2
1076390 1748.0
1076400 1750.9
1076410 1750.9
1076420 1754.5
1076430 1758.7
1076440 1758.7
1076450 1762.7
1076460 1767.7
1076470 1767.7
1076480 1772.3
1076490 1775.6
1076500 1775.6
1076510 1778.4
1076520 1781.2
1076530 1781.2
1076540 1784.8
1076550 1788.8
1076560 1788.8
1076570 1793.0
1076580 1797.6
1076590 1802.2
1076600 1802.2
1076610 1806.6
1076620 1811.3
1076630 1811.3
1076640 1816.0
1076650 1820.5
1076660 1820.5
1076670 1824.7
1076680 1829.1
1076690 1829.1
1076700 1833.2
1076710 1837.3
1076720 1837.3
1076730 1841.2
1076740 1844.9
1076750 1844.9
1076760 1847.7
1076770 1850.2
1076780 1850.2
1076790 1852.7
1076800 1855.9
1076810 1857.9
1076820 1857.9
1076830 1861.9
1076840 1864.9
1076850 1864.9
1076860 1868.3
1076870 1871.9
1076880 1871.9
1076890 1875.3
1076900 1877.9
1076910 1877.9
1076920 1880.2
1076930 1883.2
1076940 1883.2
1076950 1887.7
1076960 1892.5
1076970 1892.5
1076980 1897.8
1076990 1903.4
1077000 1903.4
1077010 1909.5
1077020 1915.4
1077030 1921.5
1077040 1921.5
1077050 1927.3
1077060 1930.6
1077070 1930.6
1077080 1933.4
1077090 1940.8
1077100 1940.8
1077110 1948.0
1077120 1956.4
1077130 1956.4
1077140 1960.9
1077150 1969.2
1077160 1969.2
1077170 1979.1
1077180 1986.6
1077190 1986.6
1077200 1994.0
1077210 2002.7
1077220 2002.7
1077230 2011.0
1077240 2021.4
1077250 2021.4
1077260 2034.3
1077270 2064.2
1077280 2081.3
1077290 2081.3
1077300 2098.4
1077310 2122.2
1077320 2122.2
1077330 2139.6
1077340 2153.4
1077350 2153.4
1077360 2171.9
1077370 2182.7
1077380 2182.7
1077390 2186.6
1077400 2194.5
1077410 2194.5
1077420 2214.8
1077430 2222.1
1077440 2222.1
1077450 2216.3
1077460 2220.8
1077470 2220.8
1077480 2227.9
1077490 2238.6
1077500 2249.2
1077510 2249.2
1077520 2259.1
1077530 2269.4
1077540 2269.4
1077550 2291.7
1077560 2308.6
1077570 2308.6
1077580 2310.6
1077590 2311.4
1077600 2311.4
1077610 2315.0
1077620 2318.3
1077630 2318.3
1077640 2322.7
1077650 2329.3
1077660 2329.3
1077670 2342.9
1077680 2362.3
1077690 2362.3
1077700 2370.4
1077710 2369.5
1077720 2363.7
1077730 2363.7
1077740 2356.7
1077750 2351.2
1077760 2359.6
1077770 2360.4
1077780 2358.8
1077790 2358.8
1077800 2355.8
1077810 2351.9
1077820 2351.9
1077830 2348.4
1077840 2344.5
1077850 2344.5
1077860 2345.0
1077870 2339.3
1077880 2339.3
1077890 2342.8
1077900 2343.8
1077910 2343.8
1077920 2338.8
1077930 2334.7
1077940 2334.7
1077950 2327.3
1077960 2332.5
1077970 2336.7
1077980 2336.7
1077990 2330.5
1078000 2323.4
1078010 2323.4
1078020 2317.1
1078030 2308.9
1078040 2308.9
1078050 2299.8
1078060 2292.4
1078070 2294.2
1078080 2291.2
1078090 2278.0
1078100 2278.0
1078110 2259.0
1078120 2247.8
1078130 2247.8
1078140 2239.7
1078150 2230.5
1078160 2230.5
1078170 2223.4
1078180 2215.8
1078190 2207.4
1078200 2207.4
1078210 2200.5
1078220 2192.0
1078230 2192.0
1078240 2171.2
1078250 2158.6
1078260 2158.6
1078270 2144.2
1078280 2129.6
1078290 2129.6
1078300 2111.2
1078310 2094.1
1078320 2094.1
1078330 2082.6
1078340 2069.1
1078350 2069.1
1078360 2063.2
1078370 2057.5
1078380 2058.6
1078390 2053.7
1078400 2050.3
1078410 2045.8
1078420 2045.8
1078430 2043.7
1078440 2042.1
1078450 2042.1
1078460 2039.7
1078470 2036.6
1078480 2036.6
1078490 2033.8
1078500 2030.7
1078510 2030.7
1078520 2027.6
1078530 2024.6
1078540 2024.6
1078550 2021.5
1078560 2018.2
1078570 2018.2
1078580 2016.9
1078590 2015.7
1078600 2015.7
1078610 2013.3
1078620 2010.4
1078630 2007.0
1078640 2007.0
1078650 2003.2
1078660 2000.5
1078670 2000.5
1078680 1998.5
1078690 1996.8
1078700 1998.0
1078710 1994.9
1078720 1993.2
1078730 1993.2
1078740 1992.0
1078750 1990.0
1078760 1990.0
1078770 1988.9
1078780 1987.6
1078790 1987.6
1078800 1986.5
1078810 1985.6
1078820 1985.6
1078830 1984.3
1078840 1982.8
1078850 1982.8
1078860 1980.9
1078870 1978.7
1078880 1976.7
1078890 1976.7
1078900 1975.2
1078910 1973.6
1078920 1973.6
1078930 1971.4
1078940 1969.5
1078950 1969.5
1078960 1967.9
1078970 1966.8
1078980 1966.8
1078990 1966.2
1079000 1966.0
1079010 1969.4
1079020 1968.3
1079030 1968.1
1079040 1968.1
1079050 1968.8
1079060 1969.4
1079070 1969.4
1079080 1970.0
1079090 1970.8
1079100 1971.1
1079110 1971.1
1079120 1971.0
1079130 1971.0
1079140 1971.0
1079150 1970.9
1079160 1970.9
1079170 1970.9
1079180 1970.8
1079190 1971.1
1079200 1971.1
1079210 1970.9
1079220 1972.0
1079230 1972.0
1079240 1972.5
1079250 1972.7
1079260 1972.7
1079270 1972.7
1079280 1972.7
1079290 1972.7
1079300 1972.9
1079310 1973.0
1079320 1977.0
1079330 1977.0
1079340 1977.3
1079350 1977.9
1079360 1977.9
1079370 1978.7
1079380 1979.9
1079390 1979.9
1079400 1980.2
1079410 1980.5
1079420 1980.5
1079430 1982.4
1079440 1983.3
1079450 1983.3
1079460 1984.1
1079470 1985.1
1079480 1985.1
1079490 1985.8
1079500 1987.3
1079510 1987.3
1079520 1988.2
1079530 1988.2
1079540 1987.9
1079550 1987.9
1079560 1986.9
1079570 1987.5
1079580 1987.5
1079590 1986.8
1079600 1986.6
1079610 1986.6
1079620 1987.7
1079630 1988.0
1079640 1992.8
1079650 1992.3
1079660 1993.2
1079670 1993.2
1079680 1993.3
1079690 1993.7
1079700 1993.7
1079710 1994.0
1079720 1994.7
1079730 1994.7
1079740 1996.1
1079750 1997.4
1079760 1997.4
1079770 1998.7
1079780 1999.9
1079790 2001.6
1079800 2001.6
1079810 2004.2
1079820 2007.0
1079830 2007.0
1079840 2010.0
1079850 2013.2
1079860 2013.2
1079870 2016.4
1079880 2019.4
1079890 2019.4
1079900 2022.2
1079910 2025.3
1079920 2025.3
1079930 2028.9
1079940 2030.9
1079950 2037.1
1079960 2039.6
1079970 2043.8
1079980 2043.8
1079990 2047.5
