1069530 2047.3
1069540 2048.1
1069550 2048.1
1069560 2047.9
1069570 2049.1
1069580 2049.1
1069590 2049.9
1069600 2051.0
1069610 2051.0
1069620 2052.2
1069630 2054.2
1069640 2054.2
1069650 2056.6
1069660 2052.4
1069670 2052.4
1069680 2055.7
1069690 2059.4
1069700 2062.3
1069710 2062.3
1069720 2064.6
1069730 2069.0
1069740 2069.0
1069750 2071.9
1069760 2074.9
1069770 2074.9
1069780 2078.0
1069790 2081.7
1069800 2081.7
1069810 2085.2
1069820 2087.3
1069830 2087.3
1069840 2090.0
1069850 2093.8
1069860 2093.8
1069870 2100.6
1069880 2107.8
1069890 2107.8
1069900 2109.9
1069910 2113.0
1069920 2117.2
1069930 2117.2
1069940 2121.0
1069950 2125.3
1069960 2125.3
1069970 2126.8
1069980 2136.8
1069990 2136.8
1070000 2144.8
1070010 2152.1
1070020 2152.1
1070030 2154.0
1070040 2147.9
1070050 2147.9
1070060 2138.8
1070070 2130.1
1070080 2130.1
1070090 2122.4
1070100 2115.5
1070110 2115.5
1070120 2108.6
1070130 2102.2
1070140 2096.1
1070150 2096.1
1070160 2090.0
1070170 2085.3
1070180 2085.3
1070190 2081.5
1070200 2077.5
1070210 2077.5
1070220 2071.1
1070230 2064.1
1070240 2064.1
1070250 2058.1
1070260 2052.8
1070270 2049.2
1070280 2045.7
1070290 2042.5
1070300 2042.5
1070310 2039.9
1070320 2038.0
1070330 2038.0
1070340 2036.7
1070350 2035.9
1070360 2035.9
1070370 2032.9
1070380 2029.7
1070390 2028.0
1070400 2028.0
1070410 2026.0
1070420 2022.5
1070430 2022.5
1070440 2018.8
1070450 2014.8
1070460 2014.8
1070470 2010.2
1070480 2005.4
1070490 2005.4
1070500 2000.7
1070510 1995.4
1070520 1995.4
1070530 1991.0
1070540 1988.3
1070550 1988.3
1070560 1986.2
1070570 1984.0
1070580 1983.1
1070590 1980.9
1070600 1978.0
1070610 1973.8
1070620 1973.8
1070630 1968.6
1070640 1962.8
1070650 1962.8
1070660 1958.1
1070670 1956.6
1070680 1956.6
1070690 1955.9
1070700 1954.7
1070710 1954.7
1070720 1953.1
1070730 1951.7
1070740 1951.7
1070750 1950.1
1070760 1948.3
1070770 1948.3
1070780 1947.2
1070790 1945.7
1070800 1945.7
1070810 1942.3
1070820 1938.7
1070830 1936.2
1070840 1936.2
1070850 1932.5
1070860 1929.1
1070870 1929.1
1070880 1926.1
1070890 1924.4
1070900 1924.4
1070910 1920.3
1070920 1916.6
1070930 1916.6
1070940 1913.7
1070950 1911.6
1070960 1911.6
1070970 1910.0
1070980 1908.3
1070990 1908.3
1071000 1905.3
1071010 1900.3
1071020 1900.3
1071030 1895.1
1071040 1891.3
1071050 1887.4
1071060 1887.4
1071070 1881.8
1071080 1876.9
1071090 1876.9
1071100 1873.2
1071110 1869.7
1071120 1869.7
1071130 1867.2
1071140 1864.0
1071150 1864.0
1071160 1859.9
1071170 1855.7
1071180 1855.7
1071190 1845.6
1071200 1841.5
1071210 1841.5
1071220 1838.8
1071230 1836.1
1071240 1836.1
1071250 1832.7
1071260 1829.8
1071270 1829.8
1071280 1827.3
1071290 1825.7
1071300 1824.3
1071310 1824.3
1071320 1821.6
1071330 1819.5
1071340 1819.5
1071350 1817.6
1071360 1815.9
1071370 1815.9
1071380 1814.2
1071390 1813.4
1071400 1813.4
1071410 1811.8
1071420 1807.3
1071430 1807.3
1071440 1802.4
1071450 1800.5
1071460 1800.5
1071470 1799.2
1071480 1798.3
1071490 1798.3
1071500 1795.4
1071510 1796.5
1071520 1798.2
1071530 1798.2
1071540 1798.4
1071550 1794.6
1071560 1794.6
1071570 1789.9
1071580 1786.0
1071590 1786.0
1071600 1781.9
1071610 1778.5
1071620 1778.5
1071630 1777.6
1071640 1777.9
1071650 1777.9
1071660 1777.5
1071670 1775.0
1071680 1775.0
1071690 1769.4
1071700 1764.0
1071710 1764.0
1071720 1761.8
1071730 1760.6
1071740 1759.7
1071750 1759.7
1071760 1758.9
1071770 1757.0
1071780 1757.0
1071790 1753.9
1071800 1750.2
1071810 1748.5
1071820 1745.6
1071830 1743.4
1071840 1743.4
1071850 1741.6
1071860 1740.0
1071870 1740.0
1071880 1738.9
1071890 1738.0
1071900 1738.0
1071910 1737.5
1071920 1737.6
1071930 1737.6
1071940 1736.6
1071950 1735.8
1071960 1735.2
1071970 1735.2
1071980 1733.3
1071990 1733.8
1072000 1733.8
1072010 1733.6
1072020 1724.6
1072030 1724.6
1072040 1717.6
1072050 1711.6
1072060 1711.6
1072070 1705.5
1072080 1699.2
1072090 1699.2
1072100 1694.9
1072110 1686.2
1072120 1686.2
1072130 1683.4
1072140 1680.0
1072150 1680.0
1072160 1675.9
1072170 1671.4
1072180 1671.4
1072190 1668.0
1072200 1666.4
1072210 1664.1
1072220 1664.1
1072230 1661.7
1072240 1659.1
1072250 1659.1
1072260 1656.5
1072270 1654.6
1072280 1654.6
1072290 1652.4
1072300 1650.1
1072310 1650.1
1072320 1646.3
1072330 1642.1
1072340 1642.1
1072350 1638.2
1072360 1636.1
1072370 1636.1
1072380 1631.2
1072390 1623.3
1072400 1623.3
1072410 1616.5
1072420 1605.9
1072430 1601.5
1072440 1601.5
1072450 1597.4
1072460 1593.6
1072470 1593.6
1072480 1591.3
1072490 1589.2
1072500 1589.2
1072510 1585.8
1072520 1582.4
1072530 1582.4
1072540 1580.9
1072550 1580.9
1072560 1580.9
1072570 1579.5
1072580 1577.5
1072590 1577.5
1072600 1575.1
1072610 1571.7
1072620 1571.7
1072630 1566.8
1072640 1562.2
1072650 1557.7
1072660 1557.7
1072670 1553.4
1072680 1552.7
1072690 1552.7
1072700 1553.6
1072710 1556.6
1072720 1556.6
1072730 1560.8
1072740 1563.3
1072750 1563.3
1072760 1565.6
1072770 1568.3
1072780 1568.3
1072790 1572.2
1072800 1575.8
1072810 1575.8
1072820 1579.6
1072830 1584.0
1072840 1584.0
1072850 1588.3
1072860 1592.4
1072870 1596.1
1072880 1596.1
1072890 1600.9
1072900 1606.5
1072910 1606.5
1072920 1611.8
1072930 1617.3
1072940 1617.3
1072950 1623.1
1072960 1628.2
1072970 1628.2
1072980 1633.3
1072990 1638.1
1073000 1638.1
1073010 1643.1
1073020 1647.8
1073030 1647.8
1073040 1656.2
1073050 1660.6
1073060 1660.6
1073070 1662.5
1073080 1664.1
1073090 1664.1
1073100 1667.7
1073110 1671.5
1073120 1673.7
1073130 1673.7
1073140 1675.3
1073150 1678.8
1073160 1678.8
1073170 1686.0
1073180 1706.0
1073190 1706.0
1073200 1724.1
1073210 1736.8
1073220 1736.8
1073230 1737.9
1073240 1740.1
1073250 1740.1
1073260 1744.5
1073270 1752.7
1073280 1752.7
1073290 1760.5
1073300 1777.3
1073310 1777.3
1073320 1804.5
1073330 1827.2
1073340 1827.4
1073350 1834.2
1073360 1841.0
1073370 1855.7
1073380 1855.7
1073390 1853.1
1073400 1855.4
1073410 1855.4
1073420 1873.2
1073430 1886.4
1073440 1886.4
1073450 1885.2
1073460 1880.6
1073470 1880.6
1073480 1875.8
1073490 1870.9
1073500 1870.9
1073510 1867.6
1073520 1864.2
1073530 1864.2
1073540 1861.4
1073550 1859.5
1073560 1858.1
1073570 1858.1
1073580 1854.5
1073590 1850.3
1073600 1850.3
1073610 1849.0
1073620 1846.2
1073630 1846.2
1073640 1842.9
1073650 1838.8
1073660 1845.8
1073670 1836.1
1073680 1830.9
1073690 1830.9
1073700 1828.3
1073710 1825.6
1073720 1825.6
1073730 1819.3
1073740 1815.9
1073750 1815.9
1073760 1808.2
1073770 1802.4
1073780 1802.4
1073790 1797.1
1073800 1793.4
1073810 1790.0
1073820 1790.0
1073830 1786.2
1073840 1784.7
1073850 1784.7
1073860 1788.1
1073870 1792.2
1073880 1792.2
1073890 1797.7
1073900 1803.8
1073910 1803.8
1073920 1806.8
1073930 1805.4
1073940 1805.4
1073950 1802.4
1073960 1802.6
1073970 1802.6
1073980 1798.8
1073990 1793.7
1074000 1793.7
1074010 1789.0
1074020 1785.1
1074030 1783.8
1074040 1783.8
1074050 1784.5
1074060 1785.2
1074070 1785.2
1074080 1785.7
1074090 1787.8
1074100 1787.8
1074110 1790.3
1074120 1791.1
1074130 1791.1
1074140 1793.1
1074150 1796.0
1074160 1796.0
1074170 1797.9
1074180 1799.2
1074190 1799.2
1074200 1799.1
1074210 1800.6
1074220 1800.6
1074230 1800.9
1074240 1800.0
1074250 1798.7
1074260 1798.7
1074270 1802.1
1074280 1801.8
1074290 1801.8
1074300 1801.5
1074310 1801.5
1074320 1801.5
1074330 1803.9
1074340 1808.4
1074350 1808.4
1074360 1813.9
1074370 1818.9
1074380 1818.9
1074390 1823.4
1074400 1827.0
1074410 1827.0
1074420 1829.0
1074430 1831.2
1074440 1831.2
1074450 1835.1
1074460 1838.9
1074470 1842.3
1074480 1842.3
1074490 1847.0
1074500 1853.0
1074510 1853.0
1074520 1859.5
1074530 1865.8
1074540 1865.8
1074550 1872.2
1074560 1879.0
1074570 1879.0
1074580 1884.9
1074590 1891.3
1074600 1891.3
1074610 1899.0
1074620 1912.4
1074630 1912.4
1074640 1918.9
1074650 1926.2
1074660 1926.2
1074670 1931.1
1074680 1937.6
1074690 1937.6
1074700 1947.2
1074710 1958.9
1074720 1974.0
1074730 1974.0
1074740 1986.5
1074750 1992.6
1074760 1992.6
1074770 1986.3
1074780 1982.7
1074790 1982.7
1074800 1984.2
1074810 1980.6
1074820 1980.6
1074830 1978.6
1074840 1976.7
1074850 1976.7
1074860 1975.8
1074870 1974.4
1074880 1974.4
1074890 1982.4
1074900 1987.8
1074910 1987.8
1074920 1995.3
1074930 1999.9
1074940 2007.6
1074950 2007.6
1074960 2012.9
1074970 2014.5
1074980 2014.5
1074990 2013.2
1075000 2008.5
1075010 2008.5
1075020 2004.2
1075030 2003.6
1075040 2003.6
1075050 2004.5
1075060 2003.3
1075070 2003.3
1075080 2001.1
1075090 2001.5
1075100 2001.5
1075110 2003.1
1075120 2002.8
1075130 2002.8
1075140 1998.7
1075150 1993.3
1075160 1988.2
1075170 1988.2
1075180 1983.0
1075190 1978.0
1075200 1973.4
1075210 1968.9
1075220 1961.6
1075230 1961.6
1075240 1951.9
1075250 1945.6
1075260 1945.6
1075270 1936.7
1075280 1927.0
1075290 1927.0
1075300 1919.4
1075310 1912.8
1075320 1912.8
1075330 1907.0
1075340 1901.5
1075350 1901.5
1075360 1895.1
1075370 1887.9
1075380 1880.6
1075390 1880.6
1075400 1873.7
1075410 1867.1
1075420 1867.1
1075430 1860.2
1075440 1854.6
1075450 1854.6
1075460 1847.9
1075470 1840.7
1075480 1840.7
1075490 1833.8
1075500 1825.9
1075510 1821.7
1075520 1815.9
1075530 1810.4
1075540 1810.4
1075550 1803.0
1075560 1795.0
1075570 1795.0
1075580 1789.2
1075590 1785.0
1075600 1785.0
1075610 1783.2
1075620 1782.4
1075630 1782.5
1075640 1782.5
1075650 1782.0
1075660 1780.7
1075670 1780.7
1075680 1777.7
1075690 1774.4
1075700 1774.4
1075710 1772.5
1075720 1771.2
1075730 1771.2
1075740 1770.8
1075750 1770.9
1075760 1770.9
1075770 1771.3
1075780 1770.4
1075790 1770.4
1075800 1769.3
1075810 1767.9
1075820 1768.9
1075830 1768.2
1075840 1767.6
1075850 1766.2
1075860 1766.2
1075870 1762.6
1075880 1759.2
1075890 1759.2
1075900 1755.0
1075910 1752.9
1075920 1752.9
1075930 1751.6
1075940 1748.8
1075950 1748.8
1075960 1748.6
1075970 1749.1
1075980 1749.1
1075990 1748.3
1076000 1748.3
1076010 1748.3
1076020 1749.1
1076030 1748.7
1076040 1748.7
1076050 1748.1
1076060 1747.3
1076070 1746.4
1076080 1746.4
1076090 1745.4
1076100 1744.5
1076110 1744.5
1076120 1743.5
1076130 1745.4
1076140 1745.4
1076150 1744.4
1076160 1743.1
1076170 1743.1
1076180 1742.2
1076190 1742.2
1076200 1742.2
1076210 1741.7
1076220 1741.2
1076230 1741.2
1076240 1742.8
1076250 1743.6
1076260 1743.6
1076270 1743.5
1076280 1742.9
1076290 1742.6
1076300 1742.6
1076310 1742.6
1076320 1743.2
1076330 1743.2
1076340 1744.4
1076350 1746.6
1076360 1746.6
1076370 1748.6
1076380 1750.8
1076390 1750.8
1076400 1753.0
1076410 1755.4
1076420 1755.4
1076430 1757.9
1076440 1760.9
1076450 1760.9
1076460 1764.1
1076470 1767.0
1076480 1767.0
1076490 1770.0
1076500 1772.9
1076510 1772.9
1076520 1775.7
1076530 1779.1
1076540 1782.8
1076550 1782.8
1076560 1786.9
1076570 1790.6
1076580 1790.6
1076590 1793.8
1076600 1797.5
1076610 1797.5
1076620 1802.3
1076630 1807.6
1076640 1807.6
1076650 1812.2
1076660 1816.5
1076670 1816.5
1076680 1820.3
1076690 1824.1
1076700 1824.1
1076710 1828.6
1076720 1832.7
1076730 1832.7
1076740 1836.8
1076750 1841.7
1076760 1845.7
1076770 1845.7
1076780 1850.3
1076790 1854.5
1076800 1854.5
1076810 1858.5
1076820 1862.9
1076830 1862.9
1076840 1867.5
1076850 1872.7
1076860 1872.7
1076870 1878.5
1076880 1884.5
1076890 1884.5
1076900 1890.6
1076910 1896.9
1076920 1896.9
1076930 1903.4
1076940 1937.6
1076950 1937.6
1076960 1959.0
1076970 1974.4
1076980 1976.5
1076990 1976.5
1077000 1967.1
1077010 1954.4
1077020 1954.4
1077030 1950.8
1077040 1947.6
1077050 1947.6
1077060 1941.6
1077070 1951.7
1077080 1951.7
1077090 1949.2
1077100 1948.4
1077110 1948.4
1077120 1948.5
1077130 1951.4
1077140 1951.4
1077150 1957.9
1077160 1965.2
1077170 1965.2
1077180 1972.3
1077190 1979.2
1077200 1985.8
1077210 1985.8
1077220 1992.1
1077230 1998.1
1077240 1998.1
1077250 2003.0
1077260 2006.8
1077270 2006.8
1077280 2011.5
1077290 2019.4
1077300 2019.4
1077310 2029.5
1077320 2055.1
1077330 2055.1
1077340 2096.4
1077350 2120.7
1077360 2120.7
1077370 2138.4
1077380 2139.6
1077390 2139.6
1077400 2153.4
1077410 2180.8
1077420 2180.8
1077430 2214.9
1077440 2223.7
1077450 2231.2
1077460 2231.2
1077470 2239.6
1077480 2248.8
1077490 2248.8
1077500 2262.9
1077510 2271.1
1077520 2271.1
1077530 2275.4
1077540 2285.5
1077550 2285.5
1077560 2295.6
1077570 2305.1
1077580 2305.1
1077590 2313.0
1077600 2325.9
1077610 2325.9
1077620 2339.3
1077630 2347.5
1077640 2347.5
1077650 2359.8
1077660 2378.0
1077670 2391.0
1077680 2391.0
1077690 2417.2
1077700 2426.2
1077710 2426.2
1077720 2437.4
1077730 2450.6
1077740 2450.6
1077750 2457.9
1077760 2460.9
1077770 2460.9
1077780 2456.8
1077790 2451.1
1077800 2451.1
1077810 2445.6
1077820 2439.6
1077830 2439.6
1077840 2431.2
1077850 2422.8
1077860 2422.8
1077870 2414.5
1077880 2406.8
1077890 2395.4
1077900 2395.4
1077910 2383.6
1077920 2370.8
1077930 2370.8
1077940 2355.6
1077950 2345.8
1077960 2345.8
1077970 2339.5
1077980 2304.8
1077990 2304.8
1078000 2273.4
1078010 2267.0
1078020 2267.0
1078030 2259.9
1078040 2253.2
1078050 2253.2
1078060 2246.2
1078070 2237.4
1078080 2237.4
1078090 2230.6
1078100 2226.8
1078110 2224.3
1078120 2224.3
1078130 2217.3
1078140 2213.7
1078150 2213.7
1078160 2207.2
1078170 2202.4
1078180 2202.4
1078190 2189.7
1078200 2163.9
1078210 2163.9
1078220 2148.5
1078230 2146.2
1078240 2146.2
1078250 2142.0
1078260 2136.7
1078270 2136.7
1078280 2131.5
1078290 2125.6
1078300 2125.6
1078310 2124.1
1078320 2119.7
1078330 2119.7
1078340 2115.2
1078350 2111.8
1078360 2108.0
1078370 2108.0
1078380 2104.4
1078390 2100.0
1078400 2100.0
1078410 2096.1
1078420 2092.7
1078430 2092.7
1078440 2089.1
1078450 2084.6
1078460 2084.6
1078470 2080.2
1078480 2076.5
1078490 2076.5
1078500 2073.6
1078510 2070.0
1078520 2070.0
1078530 2066.8
1078540 2063.2
1078550 2063.2
1078560 2059.6
1078570 2055.8
1078580 2051.5
1078590 2051.5
1078600 2046.6
1078610 2042.5
1078620 2042.5
1078630 2044.3
1078640 2043.1
1078650 2043.1
1078660 2042.2
1078670 2040.9
1078680 2040.9
1078690 2039.8
1078700 2038.5
1078710 2038.5
1078720 2035.7
1078730 2033.9
1078740 2033.9
1078750 2032.2
1078760 2030.8
1078770 2030.8
1078780 2029.7
1078790 2028.6
1078800 2027.4
1078810 2027.4
1078820 2025.6
1078830 2024.1
1078840 2024.1
1078850 2022.5
1078860 2020.8
1078870 2020.8
1078880 2019.4
1078890 2017.8
1078900 2017.8
1078910 2016.6
1078920 2015.9
1078930 2015.9
1078940 2020.8
1078950 2019.8
1078960 2019.8
1078970 2018.9
1078980 2019.0
1078990 2019.0
1079000 2019.3
1079010 2019.2
1079020 2019.4
1079030 2019.4
1079040 2019.9
1079050 2020.7
1079060 2020.7
1079070 2021.3
1079080 2022.4
1079090 2022.4
1079100 2023.1
1079110 2022.9
1079120 2022.9
1079130 2022.6
1079140 2022.3
1079150 2022.3
1079160 2021.9
1079170 2021.9
1079180 2021.9
1079190 2021.9
1079200 2022.0
1079210 2022.0
1079220 2022.4
1079230 2022.8
1079240 2022.8
1079250 2028.6
1079260 2028.8
1079270 2029.2
1079280 2029.2
1079290 2029.9
1079300 2030.6
1079310 2030.6
1079320 2031.3
1079330 2031.9
1079340 2031.9
1079350 2032.9
1079360 2033.7
1079370 2033.7
1079380 2034.4
1079390 2035.3
1079400 2035.3
1079410 2037.1
1079420 2038.6
1079430 2038.6
1079440 2039.6
1079450 2040.1
1079460 2040.1
1079470 2041.3
1079480 2043.1
1079490 2044.7
1079500 2044.7
1079510 2046.1
1079520 2047.5
1079530 2047.5
1079540 2047.8
1079550 2048.1
1079560 2048.1
1079570 2053.9
1079580 2054.4
1079590 2054.4
1079600 2054.9
1079610 2055.8
1079620 2055.8
1079630 2055.5
1079640 2055.1
1079650 2055.1
1079660 2055.5
1079670 2056.7
1079680 2056.7
1079690 2056.1
1079700 2057.8
1079710 2058.1
1079720 2058.1
1079730 2058.8
1079740 2061.1
1079750 2061.1
1079760 2061.3
1079770 2062.8
1079780 2062.8
1079790 2064.4
1079800 2066.0
1079810 2066.0
1079820 2067.6
1079830 2069.9
1079840 2069.9
1079850 2074.1
1079860 2078.8
1079870 2078.8
1079880 2087.8
1079890 2091.2
1079900 2091.2
1079910 2095.2
1079920 2099.6
1079930 2103.9
1079940 2103.9
1079950 2107.9
1079960 2111.6
1079970 2111.6
1079980 2114.7
1079990 2117.6
