1069700 2310.0
1069710 2314.5
1069720 2314.5
1069730 2320.0
1069740 2321.4
1069750 2321.4
1069760 2325.8
1069770 2330.4
1069780 2330.4
1069790 2335.9
1069800 2342.5
1069810 2350.9
1069820 2350.9
1069830 2356.8
1069840 2356.5
1069850 2356.5
1069860 2355.3
1069870 2354.7
1069880 2353.4
1069890 2353.5
1069900 2352.0
1069910 2352.0
1069920 2348.8
1069930 2345.0
1069940 2345.0
1069950 2341.6
1069960 2341.1
1069970 2341.1
1069980 2341.6
1069990 2340.5
1070000 2340.5
1070010 2339.5
1070020 2338.8
1070030 2337.6
1070040 2337.6
1070050 2335.8
1070060 2334.3
1070070 2334.3
1070080 2331.9
1070090 2329.2
1070100 2329.2
1070110 2327.1
1070120 2325.4
1070130 2325.4
1070140 2324.4
1070150 2324.0
1070160 2324.0
1070170 2323.1
1070180 2320.4
1070190 2317.3
1070200 2313.7
1070210 2308.6
1070220 2308.6
1070640 2168.0
1070650 2165.2
1070660 2165.2
1070670 2162.9
1070680 2161.6
1070690 2161.6
1070700 2160.4
1070710 2158.1
1070720 2151.3
1070730 2151.3
1070740 2137.4
1070750 2118.6
1070760 2118.6
1070770 2109.3
1070780 2104.9
1070790 2104.9
1070800 2105.2
1070810 2106.4
1070820 2106.4
1070830 2103.5
1070840 2088.8
1070850 2088.8
1070860 2070.3
1070870 2060.4
1070880 2060.4
1070890 2053.7
1070900 2045.9
1070910 2045.9
1070920 2035.4
1070930 2019.1
1070940 2019.1
1070950 1996.8
1070960 1989.7
1070970 1983.7
1070980 1983.7
1070990 1978.0
1071000 1973.0
1071010 1973.0
1071020 1969.4
1071030 1966.0
1071040 1966.0
1071050 1962.0
1071060 1957.7
1071070 1957.7
1071080 1953.9
1071090 1950.1
1071100 1950.1
1071110 1949.1
1071120 1946.6
1071130 1946.6
1071140 1943.6
1071150 1940.6
1071160 1940.6
1071170 1937.6
1071180 1934.2
1071190 1931.2
1071200 1931.2
1071210 1928.4
1071220 1925.6
1071230 1925.6
1071240 1922.9
1071250 1920.4
1071260 1920.4
1071270 1917.9
1071280 1915.8
1071290 1915.8
1071300 1914.6
1071310 1914.2
1071320 1914.2
1071330 1914.3
1071340 1913.8
1071350 1913.8
1071360 1909.9
1071370 1904.8
1071380 1904.8
1071390 1902.6
1071400 1904.0
1071410 1901.1
1071420 1901.1
1071430 1901.1
1071440 1901.3
1071450 1901.3
1071460 1900.5
1071470 1898.3
1071480 1898.3
1071490 1897.5
1071500 1896.0
1071510 1896.0
1071520 1893.3
1071530 1890.4
1071540 1890.4
1071550 1887.5
1071560 1885.0
1071570 1885.0
1071580 1884.4
1071590 1882.8
1071600 1882.8
1071610 1880.4
1071620 1876.5
1071630 1876.5
1071640 1873.2
1071650 1869.1
1071660 1867.3
1071670 1867.3
1071680 1864.6
1071690 1860.4
1071700 1860.4
1071710 1855.2
1071720 1848.9
1071730 1848.9
1071740 1844.6
1071750 1840.7
1071760 1840.7
1071770 1839.2
1071780 1838.1
1071790 1838.1
1071800 1835.4
1071810 1835.1
1071820 1835.1
1071830 1836.0
1071840 1836.7
1071850 1836.7
1071860 1837.4
1071870 1837.9
1071880 1837.5
1071890 1837.5
1071900 1836.1
1071910 1835.2
1071920 1835.2
1071930 1834.8
1071940 1833.4
1071950 1833.4
1071960 1830.3
1071970 1824.6
1071980 1824.6
1071990 1819.6
1072000 1815.8
1072010 1815.8
1072020 1813.3
1072030 1806.0
1072040 1806.0
1072050 1802.9
1072060 1801.3
1072070 1801.3
1072080 1799.5
1072090 1797.8
1072100 1796.1
1072110 1796.1
1072120 1793.6
1072130 1790.3
1072140 1790.3
1072150 1786.8
1072160 1784.2
1072170 1784.2
1072180 1784.3
1072190 1784.3
1072200 1784.3
1072210 1782.7
1072220 1781.0
1072230 1781.0
1072240 1779.2
1072250 1777.2
1072260 1777.2
1072270 1775.2
1072280 1772.6
1072290 1772.6
1072300 1769.7
1072310 1766.9
1072320 1766.9
1072330 1764.7
1072340 1755.1
1072350 1750.1
1072360 1750.1
1072370 1745.6
1072380 1740.7
1072390 1740.7
1072400 1736.2
1072410 1733.5
1072420 1733.5
1072430 1731.5
1072440 1729.1
1072450 1729.1
1072460 1726.1
1072470 1722.7
1072480 1722.7
1072490 1719.2
1072500 1715.5
1072510 1715.5
1072520 1712.5
1072530 1709.2
1072540 1709.2
1072550 1706.4
1072560 1705.0
1072570 1704.5
1072580 1704.5
1072590 1704.0
1072600 1702.5
1072610 1702.5
1072620 1701.1
1072630 1700.1
1072640 1697.1
1072650 1697.9
1072660 1698.4
1072670 1698.4
1072680 1697.8
1072690 1696.1
1072700 1696.1
1072710 1693.0
1072720 1685.5
1072730 1685.5
1072740 1680.7
1072750 1673.0
1072760 1673.0
1072770 1660.8
1072780 1651.1
1072790 1643.9
1072800 1643.9
1072810 1637.8
1072820 1631.4
1072830 1631.4
1072840 1624.6
1072850 1615.5
1072860 1615.5
1072870 1606.1
1072880 1597.9
1072890 1597.9
1072900 1588.5
1072910 1577.7
1072920 1577.7
1072930 1572.9
1072940 1568.7
1072950 1562.2
1072960 1555.8
1072970 1550.0
1072980 1550.0
1072990 1546.0
1073000 1542.5
1073010 1536.8
1073020 1536.8
1073030 1529.8
1073040 1522.2
1073050 1522.2
1073060 1514.6
1073070 1507.6
1073080 1507.6
1073090 1501.6
1073100 1495.2
1073110 1495.2
1073120 1488.0
1073130 1480.5
1073140 1480.5
1073150 1472.9
1073160 1466.3
1073170 1466.3
1073180 1459.9
1073190 1453.1
1073200 1453.1
1073210 1446.8
1073220 1440.6
1073230 1440.6
1073240 1434.2
1073250 1427.9
1073260 1420.8
1073270 1420.8
1073280 1415.1
1073290 1409.0
1073300 1409.0
1073310 1404.1
1073320 1399.9
1073330 1399.9
1073340 1395.5
1073350 1391.3
1073360 1391.3
1073370 1387.5
1073380 1384.3
1073390 1384.3
1073400 1381.7
1073410 1379.5
1073420 1379.5
1073430 1377.0
1073440 1374.7
1073450 1374.7
1073460 1373.3
1073470 1372.5
1073480 1371.6
1073490 1371.6
1073500 1371.0
1073510 1371.9
1073520 1371.9
1073530 1371.9
1073540 1372.7
1073550 1372.7
1073560 1373.9
1073570 1377.0
1073580 1377.0
1073590 1379.1
1073600 1380.6
1073610 1380.6
1073620 1381.6
1073630 1382.6
1073640 1382.6
1073650 1383.3
1073660 1384.1
1073670 1384.1
1073680 1385.0
1073690 1385.7
1073700 1386.9
1073710 1386.9
1073720 1387.1
1073730 1387.3
1073740 1387.3
1073750 1387.4
1073760 1388.0
1073770 1388.0
1073780 1388.4
1073790 1388.6
1073800 1388.6
1073810 1389.2
1073820 1389.5
1073830 1389.5
1073840 1389.5
1073850 1389.1
1073860 1389.1
1073870 1388.7
1073880 1390.4
1073890 1390.4
1073900 1390.7
1073910 1392.0
1073920 1392.0
1073930 1394.7
1073940 1397.4
1073950 1400.1
1073960 1400.1
1073970 1403.9
1073980 1407.2
1073990 1407.2
1074000 1409.6
1074010 1411.7
1074020 1411.7
1074030 1413.3
1074040 1414.2
1074050 1414.2
1074060 1417.3
1074070 1421.8
1074080 1421.8
1074090 1426.1
1074100 1429.1
1074110 1429.1
1074120 1430.9
1074130 1434.2
1074140 1434.2
1074150 1439.1
1074160 1443.7
1074170 1447.1
1074180 1447.1
1074190 1457.5
1074200 1458.2
1074210 1458.2
1074220 1458.5
1074230 1457.8
1074240 1457.8
1074250 1454.5
1074260 1451.4
1074270 1451.4
1074280 1450.0
1074290 1448.4
1074300 1448.4
1074310 1448.5
1074320 1448.3
1074330 1448.3
1074340 1448.4
1074350 1449.1
1074360 1449.1
1074370 1450.8
1074380 1451.0
1074390 1452.3
1074400 1452.3
1074410 1453.4
1074420 1455.2
1074430 1455.2
1074440 1456.3
1074450 1457.0
1074460 1457.0
1074470 1457.9
1074480 1457.6
1074490 1457.6
1074500 1462.3
1074510 1461.9
1074520 1461.9
1074530 1460.2
1074540 1459.2
1074550 1459.2
1074560 1458.2
1074570 1457.5
1074580 1457.5
1074590 1456.3
1074600 1454.2
1074610 1454.2
1074620 1452.2
1074630 1450.3
1074640 1448.8
1074650 1448.8
1074660 1449.3
1074670 1452.1
1074680 1452.1
1074690 1453.2
1074700 1453.5
1074710 1453.5
1074720 1452.8
1074730 1453.0
1074740 1453.0
1074750 1454.2
1074760 1454.4
1074770 1454.4
1074780 1454.6
1074790 1454.5
1074800 1454.5
1074810 1455.7
1074820 1455.2
1074830 1455.2
1074840 1455.1
1074850 1455.0
1074860 1454.5
1074870 1454.5
1074880 1454.0
1074890 1453.7
1074900 1453.7
1074910 1453.5
1074920 1453.8
1074930 1453.8
1074940 1453.9
1074950 1454.4
1074960 1454.4
1074970 1455.1
1074980 1455.8
1074990 1455.8
1075000 1456.2
1075010 1455.0
1075020 1455.0
1075030 1454.0
1075040 1451.3
1075050 1451.3
1075060 1449.3
1075070 1450.6
1075080 1453.8
1075090 1453.8
1075100 1459.2
1075110 1461.4
1075120 1458.7
1075130 1461.6
1075140 1464.7
1075150 1464.7
1075160 1467.2
1075170 1472.5
1075180 1472.5
1075190 1477.1
1075200 1481.4
1075210 1481.4
1075220 1484.8
1075230 1487.0
1075240 1487.0
1075250 1488.3
1075260 1488.9
1075270 1488.9
1075280 1490.4
1075290 1492.6
1075300 1492.6
1075310 1495.6
1075320 1499.0
1075330 1501.9
1075340 1501.9
1075350 1504.4
1075360 1506.9
1075370 1506.9
1075380 1509.0
1075390 1509.1
1075400 1509.1
1075410 1507.9
1075420 1507.5
1075430 1512.2
1075440 1511.8
1075450 1513.2
1075460 1513.2
1075470 1515.4
1075480 1517.4
1075490 1517.4
1075500 1520.0
1075510 1523.1
1075520 1523.1
1075530 1526.2
1075540 1528.7
1075550 1530.4
1075560 1530.4
1075570 1532.5
1075580 1537.0
1075590 1537.0
1075600 1541.1
1075610 1546.9
1075620 1546.9
1075630 1553.6
1075640 1560.6
1075650 1560.6
1075660 1567.4
1075670 1574.2
1075680 1574.2
1075690 1579.5
1075700 1585.6
1075710 1585.6
1075720 1591.6
1075730 1595.6
1075740 1589.8
1075750 1593.9
1075760 1598.6
1075770 1603.3
1075780 1603.3
1075790 1608.4
1075800 1612.6
1075810 1612.6
1075820 1616.3
1075830 1622.1
1075840 1622.1
1075850 1625.7
1075860 1627.7
1075870 1627.7
1075880 1629.6
1075890 1631.4
1075900 1631.4
1075910 1632.9
1075920 1634.9
1075930 1634.9
1075940 1636.7
1075950 1638.5
1075960 1638.5
1075970 1640.5
1075980 1640.9
1075990 1640.9
1076000 1640.1
1076010 1642.3
1076020 1646.8
1076030 1646.8
1076040 1650.9
1076050 1648.2
1076060 1648.2
1076070 1652.0
1076080 1656.2
1076090 1656.2
1076100 1662.6
1076110 1667.7
1076120 1667.7
1076130 1671.0
1076140 1674.9
1076150 1674.9
1076160 1680.2
1076170 1688.4
1076180 1688.4
1076190 1696.7
1076200 1703.4
1076210 1703.4
1076220 1707.3
1076230 1711.7
1076240 1716.5
1076250 1716.5
1076260 1719.8
1076270 1722.0
1076280 1722.0
1076290 1723.8
1076300 1728.3
1076310 1728.3
1076320 1735.5
1076330 1741.4
1076340 1741.4
1076350 1747.4
1076360 1751.6
1076370 1751.6
1076380 1757.3
1076390 1759.9
1076400 1759.9
1076410 1761.0
1076420 1763.6
1076430 1763.6
1076440 1768.1
1076450 1772.5
1076460 1776.9
1076470 1776.9
1076480 1781.4
1076490 1786.3
1076500 1786.3
1076510 1791.7
1076520 1797.3
1076530 1797.3
1076540 1802.6
1076550 1807.5
1076560 1807.5
1076570 1812.9
1076580 1818.2
1076590 1818.2
1076600 1824.3
1076610 1830.4
1076620 1830.4
1076630 1837.6
1076640 1844.2
1076650 1844.2
1076660 1851.4
1076670 1857.3
1076680 1863.3
1076690 1863.3
1076700 1869.1
1076710 1875.1
1076720 1875.1
1076730 1881.5
1076740 1888.0
1076750 1888.0
1076760 1894.6
1076770 1901.3
1076780 1901.3
1076790 1908.2
1076800 1915.3
1076810 1915.3
1076820 1922.4
1076830 1929.4
1076840 1929.4
1076850 1936.5
1076860 1943.7
1076870 1943.7
1076880 1950.7
1076890 1957.7
1076900 1957.7
1076910 1964.7
1076920 1971.5
1076930 1978.5
1076940 1978.5
1076950 1985.7
1076960 1992.6
1076970 1992.6
1076980 1998.4
1076990 2005.4
1077000 2005.4
1077010 2012.5
1077020 2019.5
1077030 2019.5
1077040 2025.9
1077050 2032.1
1077060 2032.1
1077070 2038.3
1077080 2045.4
1077090 2045.4
1077100 2055.3
1077110 2064.7
1077120 2064.7
1077130 2074.7
1077140 2104.2
1077150 2130.2
1077160 2130.2
1077170 2151.7
1077180 2162.8
1077190 2162.8
1077200 2181.7
1077210 2194.2
1077220 2194.2
1077230 2202.8
1077240 2212.4
1077250 2212.4
1077260 2225.4
1077270 2232.2
1077280 2232.2
1077290 2232.4
1077300 2230.7
1077310 2230.7
1077320 2226.0
1077330 2219.8
1077340 2219.8
1077350 2212.5
1077360 2207.9
1077370 2205.7
1077380 2205.7
1077390 2202.4
1077400 2197.1
1077410 2197.1
1077420 2191.8
1077430 2186.8
1077440 2186.8
1077450 2182.8
1077460 2179.1
1077470 2179.1
1077480 2176.1
1077490 2173.4
1077500 2173.4
1077510 2170.2
1077520 2166.4
1077530 2166.4
1077540 2162.9
1077550 2160.6
1077560 2160.6
1077570 2157.4
1077580 2155.3
1077590 2155.3
1077600 2161.5
1077610 2157.4
1077620 2152.5
1077630 2152.5
1077640 2148.1
1077650 2146.7
1077660 2146.7
1077670 2145.3
1077680 2145.3
1077690 2145.3
1077700 2144.3
1077710 2140.9
1077720 2140.9
1077730 2136.3
1077740 2132.0
1077750 2132.0
1077760 2128.8
1077770 2125.5
1077780 2125.5
1077790 2123.0
1077800 2121.0
1077810 2121.0
1077820 2119.8
1077830 2119.6
1077840 2118.8
1077850 2118.8
1077860 2115.5
1077870 2109.0
1077880 2109.0
1077890 2099.2
1077900 2093.8
1077910 2093.8
1077920 2098.7
1077930 2093.7
1077940 2093.7
1077950 2090.7
1077960 2087.7
1077970 2087.7
1077980 2074.7
1077990 2067.3
1078000 2067.3
1078010 2063.4
1078020 2058.6
1078030 2058.6
1078040 2053.9
1078050 2049.2
1078060 2043.8
1078070 2043.8
1078080 2031.6
1078090 2029.2
1078100 2029.2
1078110 2028.0
1078120 2024.1
1078130 2024.1
1078140 2021.1
1078150 2017.6
1078160 2017.6
1078170 2014.8
1078180 2013.4
1078190 2013.4
1078200 2015.2
1078210 2015.3
1078220 2015.3
1078230 2014.9
1078240 2010.1
1078250 2010.1
1078260 2009.7
1078270 2010.7
1078280 2010.7
1078290 2009.3
1078300 2007.0
1078310 2004.4
1078320 2004.4
1078330 2003.1
1078340 2001.9
1078350 2001.9
1078360 1998.8
1078370 1995.0
1078380 1995.0
1078390 1991.1
1078400 1987.4
1078410 1987.4
1078420 1984.7
1078430 1982.6
1078440 1982.6
1078450 1980.6
1078460 1978.0
1078470 1978.0
1078480 1973.8
1078490 1970.3
1078500 1970.3
1078510 1966.8
1078520 1963.5
1078530 1961.1
1078540 1959.0
1078550 1957.5
1078560 1955.2
1078570 1955.2
1078580 1952.2
1078590 1949.0
1078600 1949.0
1078610 1947.9
1078620 1945.6
1078630 1945.6
1078640 1943.1
1078650 1939.9
1078660 1939.9
1078670 1937.1
1078680 1933.9
1078690 1933.9
1078700 1930.9
1078710 1929.0
1078720 1929.0
1078730 1927.6
1078740 1926.0
1078750 1925.0
1078760 1925.0
1078770 1925.0
1078780 1924.4
1078790 1924.4
1078800 1923.6
1078810 1923.7
1078820 1923.7
1078830 1926.3
1078840 1927.6
1078850 1924.1
1078860 1924.2
1078870 1924.1
1078880 1924.1
1078890 1923.4
1078900 1921.1
1078910 1921.1
1078920 1918.6
1078930 1917.4
1078940 1917.4
1078950 1916.9
1078960 1915.4
1078970 1915.4
1078980 1915.2
1078990 1914.8
1079000 1914.2
1079010 1914.2
1079020 1912.7
1079030 1912.5
1079040 1912.5
1079050 1911.7
1079060 1910.0
1079070 1910.0
1079080 1907.4
1079090 1903.6
1079100 1903.6
1079110 1899.9
1079120 1896.3
1079130 1896.3
1079140 1893.6
1079150 1890.6
1079160 1890.6
1079170 1886.3
1079180 1883.9
1079190 1883.9
1079200 1882.0
1079210 1879.9
1079220 1877.5
1079230 1877.5
1079240 1872.7
1079250 1868.0
1079260 1868.0
1079270 1864.0
1079280 1859.6
1079290 1859.6
1079300 1854.6
1079310 1849.0
1079320 1849.0
1079330 1843.6
1079340 1838.1
1079350 1838.1
1079360 1831.9
1079370 1825.7
1079380 1825.7
1079390 1818.2
1079400 1810.4
1079410 1810.4
1079420 1803.7
1079430 1797.3
1079440 1790.8
1079450 1790.8
1079460 1781.2
1079470 1771.5
1079480 1768.2
1079490 1760.9
1079500 1753.8
1079510 1753.8
1079520 1747.2
1079530 1740.7
1079540 1740.7
1079550 1734.5
1079560 1728.1
1079570 1728.1
1079580 1722.0
1079590 1716.7
1079600 1716.7
1079610 1711.7
1079620 1706.7
1079630 1706.7
1079640 1700.8
1079650 1692.3
1079660 1679.1
1079670 1679.1
1079680 1657.5
1079690 1652.8
1079700 1652.8
1079710 1651.5
1079720 1650.1
1079730 1650.1
1079740 1649.0
1079750 1647.3
1079760 1647.3
1079770 1646.0
1079780 1643.9
1079790 1646.5
1079800 1645.7
1079810 1645.0
1079820 1645.0
1079830 1643.8
1079840 1643.1
1079850 1643.1
1079860 1642.4
1079870 1643.1
1079880 1643.1
1079890 1642.2
1079900 1641.6
1079910 1640.2
1079920 1640.2
1079930 1639.2
1079940 1639.3
1079950 1639.3
1079960 1637.8
1079970 1636.9
1079980 1636.9
1079990 1637.0
