1069510 2090.4
1069520 2096.3
1069530 2096.3
1069540 2101.9
1069550 2107.2
1069560 2107.2
1069570 2112.9
1069580 2119.5
1069590 2119.5
1069600 2126.7
1069610 2134.1
1069620 2134.1
1069630 2143.7
1069640 2157.9
1069650 2157.9
1069660 2170.3
1069670 2183.7
1069680 2183.7
1069690 2194.7
1069700 2202.7
1069710 2216.0
1069720 2216.0
1069730 2229.7
1069740 2230.8
1069750 2230.8
1069760 2243.3
1069770 2255.5
1069780 2255.5
1069790 2265.0
1069800 2274.1
1069810 2274.1
1069820 2290.6
1069830 2302.2
1069840 2302.2
1069850 2315.2
1069860 2315.5
1069870 2315.5
1069880 2319.3
1069890 2327.7
1069900 2327.7
1069910 2336.1
1069920 2341.6
1069930 2346.7
1069940 2346.7
1069950 2346.8
1069960 2341.7
1069970 2341.7
1069980 2335.5
1069990 2329.0
1070000 2329.0
1070010 2323.5
1070020 2320.2
1070030 2320.2
1070040 2318.1
1070050 2313.8
1070060 2313.8
1070070 2307.4
1070080 2301.4
1070090 2301.4
1070100 2295.2
1070110 2289.1
1070120 2289.1
1070130 2284.1
1070140 2279.2
1070150 2273.2
1070160 2273.2
1070170 2267.2
1070180 2261.7
1070190 2261.7
1070200 2256.9
1070210 2251.8
1070220 2251.8
1070230 2245.3
1070240 2240.1
1070250 2240.1
1070260 2236.8
1070270 2232.8
1070280 2232.8
1070290 2231.3
1070300 2230.8
1070310 2230.8
1070320 2228.8
1070330 2224.7
1070340 2224.7
1070350 2219.8
1070360 2217.2
1070370 2217.2
1070380 2214.6
1070390 2212.5
1070400 2210.0
1070410 2210.0
1070420 2207.6
1070430 2205.4
1070440 2205.4
1070450 2201.9
1070460 2198.3
1070470 2198.3
1070480 2196.8
1070490 2194.4
1070500 2194.4
1070510 2191.8
1070520 2188.2
1070530 2188.2
1070540 2182.9
1070550 2179.7
1070560 2179.7
1070570 2178.0
1070580 2174.8
1070590 2174.8
1070600 2170.5
1070610 2166.2
1070620 2164.2
1070630 2164.2
1070640 2161.3
1070650 2159.9
1070660 2164.1
1070670 2162.0
1070680 2160.0
1070690 2160.0
1070700 2157.6
1070710 2155.6
1070720 2155.6
1070730 2154.1
1070740 2151.7
1070750 2151.7
1070760 2149.2
1070770 2147.2
1070780 2147.2
1070790 2145.9
1070800 2143.7
1070810 2143.7
1070820 2141.0
1070830 2138.5
1070840 2135.6
1070850 2135.6
1070860 2132.9
1070870 2131.1
1070880 2131.1
1070890 2131.0
1070900 2131.8
1070910 2131.8
1070920 2133.3
1070930 2136.5
1070940 2136.5
1070950 2143.7
1070960 2153.4
1070970 2161.9
1070980 2156.8
1070990 2146.9
1071000 2146.9
1071010 2132.5
1071020 2113.5
1071030 2113.5
1071040 2106.2
1071050 2104.9
1071060 2100.5
1071070 2100.5
1071080 2095.7
1071090 2089.2
1071100 2089.2
1071110 2080.8
1071120 2072.4
1071130 2072.4
1071140 2063.9
1071150 2055.8
1071160 2055.8
1071170 2046.7
1071180 2037.8
1071190 2037.8
1071200 2030.0
1071210 2021.8
1071220 2021.8
1071230 2013.3
1071240 2007.9
1071250 2007.9
1071260 2000.5
1071270 1992.4
1071280 1993.7
1071290 1988.2
1071300 1984.2
1071310 1980.3
1071320 1980.3
1071330 1975.7
1071340 1970.6
1071350 1970.6
1071360 1965.7
1071370 1961.0
1071380 1961.0
1071390 1955.4
1071400 1949.1
1071410 1949.1
1071420 1943.5
1071430 1938.1
1071440 1938.1
1071450 1932.4
1071460 1926.3
1071470 1926.3
1071480 1920.2
1071490 1914.4
1071500 1914.4
1071510 1908.6
1071520 1902.7
1071530 1896.7
1071540 1896.7
1071550 1891.2
1071560 1885.4
1071570 1885.4
1071580 1884.9
1071590 1880.0
1071600 1880.0
1071610 1874.4
1071620 1868.9
1071630 1868.9
1071640 1863.3
1071650 1857.5
1071660 1857.5
1071670 1851.5
1071680 1847.6
1071690 1847.6
1071700 1842.8
1071710 1837.3
1071720 1837.3
1071730 1832.0
1071740 1825.9
1071750 1819.9
1071760 1819.9
1071770 1814.0
1071780 1808.7
1071790 1808.7
1071800 1803.9
1071810 1799.0
1071820 1799.0
1071830 1793.9
1071840 1789.3
1071850 1789.3
1071860 1785.6
1071870 1782.8
1071880 1782.8
1071890 1780.5
1071900 1777.5
1071910 1777.5
1071920 1775.9
1071930 1774.3
1071940 1774.3
1071950 1772.0
1071960 1768.8
1071970 1768.8
1071980 1764.9
1071990 1761.4
1072000 1759.8
1072010 1759.8
1072020 1758.5
1072030 1756.6
1072040 1756.6
1072050 1755.0
1072060 1752.9
1072070 1752.9
1072080 1751.1
1072090 1749.5
1072100 1749.5
1072110 1747.8
1072120 1746.5
1072130 1746.5
1072140 1745.2
1072150 1744.1
1072160 1744.1
1072170 1742.8
1072180 1741.6
1072190 1741.6
1072200 1739.4
1072210 1738.1
1072220 1737.1
1072230 1737.1
1072240 1736.1
1072250 1735.4
1072260 1735.4
1072270 1735.1
1072280 1734.5
1072290 1734.5
1072300 1733.7
1072310 1732.1
1072320 1732.1
1072330 1730.5
1072340 1730.4
1072350 1730.4
1072360 1728.8
1072370 1726.0
1072380 1726.0
1072390 1724.4
1072400 1721.6
1072410 1721.6
1072420 1717.1
1072430 1711.6
1072440 1705.7
1072450 1705.7
1072460 1700.3
1072470 1695.1
1072480 1695.1
1072490 1689.1
1072500 1682.3
1072510 1684.5
1072520 1677.3
1072530 1670.7
1072540 1670.7
1072550 1664.4
1072560 1658.5
1072570 1658.5
1072580 1653.5
1072590 1648.9
1072600 1648.9
1072610 1644.8
1072620 1640.6
1072630 1640.6
1072640 1636.5
1072650 1633.0
1072660 1633.0
1072670 1629.9
1072680 1628.3
1072690 1627.6
1072700 1627.6
1072710 1627.4
1072720 1624.4
1072730 1624.4
1072740 1616.0
1072750 1608.4
1072760 1608.4
1072770 1601.4
1072780 1596.3
1072790 1596.3
1072800 1590.5
1072810 1578.9
1072820 1578.9
1072830 1571.7
1072840 1565.2
1072850 1565.2
1072860 1559.0
1072870 1553.8
1072880 1553.8
1072890 1549.8
1072900 1545.5
1072910 1540.9
1072920 1540.9
1072930 1536.0
1072940 1530.5
1072950 1530.5
1072960 1523.2
1072970 1515.9
1072980 1515.9
1072990 1508.1
1073000 1501.9
1073010 1501.9
1073020 1495.0
1073030 1487.9
1073040 1487.9
1073050 1480.5
1073060 1473.9
1073070 1473.9
1073080 1468.7
1073090 1463.4
1073100 1463.4
1073110 1457.1
1073120 1449.5
1073130 1443.4
1073140 1443.4
1073150 1436.6
1073160 1430.1
1073170 1430.1
1073180 1424.2
1073190 1418.4
1073200 1418.4
1073210 1412.6
1073220 1407.5
1073230 1407.5
1073240 1403.8
1073250 1400.4
1073260 1400.4
1073270 1396.7
1073280 1393.6
1073290 1393.6
1073300 1391.1
1073310 1388.7
1073320 1388.7
1073330 1387.1
1073340 1386.7
1073350 1386.7
1073360 1386.2
1073370 1384.8
1073380 1384.5
1073390 1384.5
1073400 1386.5
1073410 1387.8
1073420 1387.8
1073430 1389.9
1073440 1392.0
1073450 1392.0
1073460 1393.5
1073470 1395.1
1073480 1395.1
1073490 1397.4
1073500 1399.5
1073510 1399.5
1073520 1401.3
1073530 1403.5
1073540 1403.5
1073550 1405.6
1073560 1407.9
1073570 1407.9
1073580 1410.4
1073590 1413.4
1073600 1416.3
1073610 1416.3
1073620 1419.2
1073630 1422.6
1073640 1422.6
1073650 1426.3
1073660 1430.1
1073670 1430.1
1073680 1433.3
1073690 1436.7
1073700 1436.7
1073710 1439.6
1073720 1443.5
1073730 1443.5
1073740 1448.4
1073750 1452.3
1073760 1452.3
1073770 1456.6
1073780 1461.2
1073790 1461.2
1073800 1465.0
1073810 1468.9
1073820 1473.3
1073830 1473.3
1073840 1477.7
1073850 1481.5
1073860 1481.5
1073870 1485.8
1073880 1491.5
1073890 1491.5
1073900 1498.2
1073910 1505.5
1073920 1505.5
1073930 1512.5
1073940 1518.2
1073950 1518.2
1073960 1523.5
1073970 1528.6
1073980 1528.6
1073990 1534.0
1074000 1539.5
1074010 1539.5
1074020 1545.1
1074030 1551.5
1074040 1558.1
1074050 1562.9
1074060 1569.6
1074070 1578.7
1074080 1578.7
1074090 1595.1
1074100 1631.9
1074110 1631.9
1074120 1628.3
1074130 1643.8
1074140 1643.8
1074150 1655.3
1074160 1665.6
1074170 1665.6
1074180 1683.9
1074190 1703.4
1074200 1703.4
1074210 1715.8
1074220 1725.7
1074230 1725.7
1074240 1729.2
1074250 1728.2
1074260 1728.2
1074270 1722.0
1074280 1710.9
1074290 1698.0
1074300 1698.0
1074310 1687.9
1074320 1679.1
1074330 1679.1
1074340 1666.7
1074350 1655.2
1074360 1672.4
1074370 1662.2
1074380 1652.6
1074390 1652.6
1074400 1644.8
1074410 1643.7
1074420 1643.7
1074430 1645.5
1074440 1644.3
1074450 1644.3
1074460 1644.7
1074470 1647.4
1074480 1647.4
1074490 1643.1
1074500 1636.9
1074510 1631.4
1074520 1631.4
1074530 1649.4
1074540 1659.0
1074550 1659.0
1074560 1657.4
1074570 1657.1
1074580 1657.1
1074590 1653.8
1074600 1649.0
1074610 1649.0
1074620 1640.5
1074630 1632.9
1074640 1632.9
1074650 1626.7
1074660 1627.1
1074670 1635.4
1074680 1639.1
1074690 1635.8
1074700 1635.8
1074710 1629.5
1074720 1626.1
1074730 1620.9
1074740 1620.9
1074750 1614.8
1074760 1609.3
1074770 1609.3
1074780 1604.8
1074790 1600.5
1074800 1600.5
1074810 1597.0
1074820 1593.3
1074830 1593.3
1074840 1588.2
1074850 1583.9
1074860 1583.9
1074870 1584.2
1074880 1582.3
1074890 1582.3
1074900 1580.4
1074910 1576.6
1074920 1576.6
1074930 1572.8
1074940 1570.5
1074950 1570.5
1074960 1568.1
1074970 1565.0
1074980 1570.1
1074990 1570.1
1075000 1575.4
1075010 1575.2
1075020 1575.2
1075030 1573.9
1075040 1572.5
1075050 1572.5
1075060 1570.9
1075070 1572.0
1075080 1572.0
1075090 1572.7
1075100 1572.5
1075110 1572.5
1075120 1571.8
1075130 1571.3
1075140 1571.3
1075150 1570.5
1075160 1569.6
1075170 1569.6
1075180 1568.2
1075190 1566.8
1075200 1566.6
1075210 1566.6
1075220 1569.8
1075230 1573.8
1075240 1573.8
1075250 1581.7
1075260 1590.5
1075270 1590.5
1075280 1596.9
1075290 1612.3
1075300 1612.3
1075310 1623.4
1075320 1627.0
1075330 1627.0
1075340 1625.8
1075350 1621.6
1075360 1621.6
1075370 1617.1
1075380 1610.7
1075390 1610.7
1075400 1603.7
1075410 1597.4
1075420 1594.5
1075430 1594.5
1075440 1596.4
1075450 1599.6
1075460 1599.6
1075470 1599.1
1075480 1594.5
1075490 1594.5
1075500 1588.7
1075510 1584.2
1075520 1584.2
1075530 1582.2
1075540 1579.4
1075550 1579.4
1075560 1576.1
1075570 1575.4
1075580 1575.4
1075590 1575.2
1075600 1579.3
1075610 1579.3
1075620 1579.0
1075630 1581.1
1075640 1581.1
1075650 1584.0
1075660 1587.0
1075670 1587.1
1075680 1587.1
1075690 1589.3
1075700 1594.0
1075710 1594.0
1075720 1596.8
1075730 1598.1
1075740 1598.1
1075750 1598.6
1075760 1600.2
1075770 1600.2
1075780 1604.1
1075790 1610.2
1075800 1610.2
1075810 1617.5
1075820 1624.5
1075830 1624.5
1075840 1629.5
1075850 1631.3
1075860 1631.3
1075870 1630.8
1075880 1628.6
1075890 1626.1
1075900 1626.1
1075910 1632.8
1075920 1635.4
1075930 1635.4
1075940 1639.0
1075950 1641.7
1075960 1641.7
1075970 1642.7
1075980 1643.0
1075990 1643.0
1076000 1642.9
1076010 1642.6
1076020 1642.6
1076030 1642.5
1076040 1642.8
1076050 1642.8
1076060 1643.1
1076070 1643.6
1076080 1643.6
1076090 1645.1
1076100 1645.9
1076110 1648.2
1076120 1648.2
1076130 1651.9
1076140 1655.5
1076150 1655.5
1076160 1659.4
1076170 1664.2
1076180 1664.2
1076190 1670.3
1076200 1676.4
1076210 1676.4
1076220 1685.6
1076230 1687.6
1076240 1687.6
1076250 1686.4
1076260 1686.4
1076270 1686.4
1076280 1686.4
1076290 1685.7
1076300 1685.7
1076310 1687.5
1076320 1689.5
1076330 1691.4
1076340 1691.4
1076350 1695.2
1076360 1700.1
1076370 1700.1
1076380 1705.3
1076390 1710.2
1076400 1710.2
1076410 1715.3
1076420 1721.2
1076430 1721.2
1076440 1726.6
1076450 1731.8
1076460 1731.8
1076470 1737.3
1076480 1742.8
1076490 1742.8
1076500 1748.4
1076510 1753.9
1076520 1753.9
1076530 1758.0
1076540 1763.7
1076550 1763.7
1076560 1769.6
1076570 1775.6
1076580 1781.5
1076590 1781.5
1076600 1787.0
1076610 1793.2
1076620 1793.2
1076630 1798.7
1076640 1804.3
1076650 1804.3
1076660 1810.3
1076670 1815.9
1076680 1815.9
1076690 1821.5
1076700 1827.2
1076710 1827.2
1076720 1833.3
1076730 1839.3
1076740 1839.3
1076750 1845.7
1076760 1851.9
1076770 1851.9
1076780 1858.3
1076790 1865.0
1076800 1871.4
1076810 1871.4
1076820 1878.2
1076830 1884.7
1076840 1883.9
1076850 1890.5
1076860 1896.9
1076870 1896.9
1076880 1903.1
1076890 1909.5
1076900 1909.5
1076910 1915.9
1076920 1922.6
1076930 1922.6
1076940 1929.3
1076950 1936.0
1076960 1936.0
1076970 1943.0
1076980 1950.1
1076990 1950.1
1077000 1957.0
1077010 1964.0
1077020 1971.1
1077030 1971.1
1077040 1978.4
1077050 1987.8
1077060 1987.8
1077070 1995.6
1077080 2001.9
1077090 2001.9
1077100 2008.6
1077110 2016.0
1077120 2016.0
1077130 2033.6
1077140 2052.9
1077150 2036.4
1077160 2051.7
1077170 2070.9
1077180 2070.9
1077190 2091.6
1077200 2109.6
1077210 2109.6
1077220 2124.3
1077230 2133.7
1077240 2133.7
1077250 2150.3
1077260 2193.4
1077270 2224.7
1077280 2224.7
1077290 2249.6
1077300 2268.0
1077310 2268.0
1077320 2300.7
1077330 2311.6
1077340 2311.6
1077350 2315.3
1077360 2312.6
1077370 2312.6
1077380 2306.5
1077390 2297.9
1077400 2297.9
1077410 2286.8
1077420 2274.9
1077430 2274.9
1077440 2263.6
1077450 2254.9
1077460 2256.6
1077470 2247.2
1077480 2238.3
1077490 2231.0
1077500 2231.0
1077510 2223.3
1077520 2213.4
1077530 2213.4
1077540 2203.9
1077550 2191.7
1077560 2191.7
1077570 2182.1
1077580 2172.9
1077590 2172.9
1077600 2164.3
1077610 2153.0
1077620 2153.0
1077630 2143.7
1077640 2136.1
1077650 2136.1
1077660 2128.5
1077670 2120.4
1077680 2120.4
1077690 2112.2
1077700 2104.6
1077710 2098.6
1077720 2098.6
1077730 2094.0
1077740 2090.2
1077750 2090.2
1077760 2085.8
1077770 2081.3
1077780 2076.2
1077790 2071.3
1077800 2066.1
1077810 2066.1
1077820 2060.7
1077830 2055.5
1077840 2055.5
1077850 2050.3
1077860 2045.0
1077870 2045.0
1077880 2040.0
1077890 2035.0
1077900 2035.0
1077910 2030.5
1077920 2026.4
1077930 2022.1
1077940 2022.1
1077950 2018.2
1077960 2015.2
1077970 2015.2
1077980 2011.9
1077990 2006.1
1078000 2006.1
1078010 2002.1
1078020 2000.8
1078030 2000.8
1078040 2000.5
1078050 2000.4
1078060 2000.4
1078070 2000.4
1078080 1999.9
1078090 2000.4
1078100 1999.2
1078110 1997.9
1078120 1997.9
1078130 1997.2
1078140 1998.0
1078150 1998.0
1078160 1997.7
1078170 1998.7
1078180 2000.6
1078190 2000.6
1078200 2001.4
1078210 2001.8
1078220 2001.8
1078230 2001.7
1078240 2002.2
1078250 2002.2
1078260 2002.3
1078270 2001.1
1078280 2001.1
1078290 1999.3
1078300 1998.3
1078310 1998.3
1078320 1998.4
1078330 1997.4
1078340 1997.4
1078350 1998.5
1078360 1998.4
1078370 1998.4
1078380 1994.8
1078390 1990.6
1078400 1989.8
1078410 1989.8
1078420 1986.9
1078430 1984.9
1078440 1984.9
1078450 1982.6
1078460 1981.1
1078470 1981.1
1078480 1979.5
1078490 1978.1
1078500 1978.1
1078510 1976.1
1078520 1969.8
1078530 1969.8
1078540 1966.8
1078550 1965.2
1078560 1965.2
1078570 1962.4
1078580 1959.6
1078590 1959.6
1078600 1954.7
1078610 1951.0
1078620 1947.5
1078630 1947.5
1078640 1944.8
1078650 1942.6
1078660 1942.6
1078670 1943.0
1078680 1942.8
1078690 1942.8
1078700 1941.1
1078710 1938.9
1078720 1938.9
1078730 1935.4
1078740 1931.6
1078750 1931.6
1078760 1928.2
1078770 1924.4
1078780 1924.4
1078790 1921.2
1078800 1919.4
1078810 1919.4
1078820 1917.5
1078830 1915.8
1078840 1915.8
1078850 1913.7
1078860 1910.2
1078870 1906.3
1078880 1906.3
1078890 1903.1
1078900 1899.7
1078910 1899.7
1078920 1895.9
1078930 1892.5
1078940 1892.5
1078950 1890.4
1078960 1888.7
1078970 1888.7
1078980 1887.5
1078990 1885.6
1079000 1885.6
1079010 1885.4
1079020 1886.5
1079030 1886.8
1079040 1886.4
1079050 1886.2
1079060 1886.2
1079070 1885.4
1079080 1883.9
1079090 1882.1
1079100 1882.1
1079110 1877.6
1079120 1871.5
1079130 1871.5
1079140 1865.3
1079150 1859.2
1079160 1859.2
1079170 1852.1
1079180 1844.7
1079190 1844.7
1079200 1835.3
1079210 1826.5
1079220 1826.5
1079230 1819.4
1079240 1813.5
1079250 1813.5
1079260 1807.9
1079270 1801.7
1079280 1801.7
1079290 1795.5
1079300 1789.4
1079310 1782.4
1079320 1782.4
1079330 1776.9
1079340 1769.6
1079350 1769.6
1079360 1765.0
1079370 1761.2
1079380 1761.2
1079390 1757.5
1079400 1754.2
1079410 1754.2
1079420 1751.1
1079430 1747.8
1079440 1747.8
1079450 1744.6
1079460 1741.4
1079470 1741.4
1079480 1740.0
1079490 1738.9
1079500 1738.9
1079510 1737.4
1079520 1735.6
1079530 1731.8
1079540 1731.8
1079550 1729.1
1079560 1728.1
1079570 1728.1
1079580 1728.5
1079590 1727.7
1079600 1727.7
1079610 1727.5
1079620 1727.2
1079630 1727.2
1079640 1725.9
1079650 1728.7
1079660 1728.7
1079670 1728.9
1079680 1728.9
1079690 1728.9
1079700 1728.3
1079710 1727.7
1079720 1727.7
1079730 1727.3
1079740 1726.3
1079750 1726.3
1079760 1726.1
1079770 1725.3
1079780 1722.7
1079790 1722.7
1079800 1722.9
1079810 1720.9
1079820 1720.9
1079830 1720.9
1079840 1719.7
1079850 1719.7
1079860 1718.4
1079870 1718.0
1079880 1718.0
1079890 1717.7
1079900 1716.8
1079910 1716.8
1079920 1718.2
1079930 1719.5
1079940 1719.5
1079950 1720.2
1079960 1721.1
1079970 1725.4
1079980 1726.2
1079990 1726.3
