1069680 2295.8
1069690 2295.8
1069700 2301.0
1069710 2306.2
1069720 2306.2
1069730 2311.0
1069740 2313.9
1069750 2313.9
1069760 2319.6
1069770 2325.6
1069780 2325.6
1069790 2333.0
1069800 2341.2
1069810 2341.2
1069820 2348.7
1069830 2354.6
1069840 2355.8
1069850 2355.8
1069860 2354.5
1069870 2353.4
1069880 2353.4
1069890 2353.5
1069900 2352.0
1069910 2352.0
1069920 2348.8
1069930 2345.0
1069940 2345.0
1069950 2341.6
1069960 2341.1
1069970 2341.1
1069980 2337.9
1069990 2336.9
1070000 2336.9
1070010 2335.8
1070020 2334.7
1070030 2334.7
1070040 2333.6
1070050 2332.2
1070060 2330.8
1070070 2330.8
1070080 2328.7
1070090 2326.2
1070100 2326.2
1070110 2323.6
1070120 2321.9
1070130 2321.9
1070140 2321.1
1070150 2321.0
1070160 2321.0
1070170 2319.8
1070180 2317.3
1070190 2317.3
1070200 2313.7
1070210 2308.6
1070220 2308.6
1070280 2288.8
1070290 2288.8
1070300 2287.5
1070620 2168.7
1070630 2168.7
1070640 2165.7
1070650 2163.2
1070660 2163.2
1070670 2160.8
1070680 2158.3
1070690 2158.3
1070700 2155.7
1070710 2153.9
1070720 2153.9
1070730 2151.1
1070740 2141.9
1070750 2126.3
1070760 2126.3
1070770 2121.3
1070780 2112.2
1070790 2112.2
1070800 2105.2
1070810 2106.4
1070820 2106.4
1070830 2103.5
1070840 2088.8
1070850 2088.8
1070860 2070.3
1070870 2060.4
1070880 2060.4
1070890 2053.7
1070900 2048.8
1070910 2048.8
1070920 2038.9
1070930 2023.8
1070940 2023.8
1070950 1999.8
1070960 1993.1
1070970 1987.1
1070980 1987.1
1070990 1981.4
1071000 1976.7
1071010 1976.7
1071020 1973.2
1071030 1968.8
1071040 1968.8
1071050 1964.4
1071060 1960.3
1071070 1960.3
1071080 1955.9
1071090 1951.8
1071100 1951.8
1071110 1949.1
1071120 1946.6
1071130 1946.6
1071140 1943.6
1071150 1940.6
1071160 1940.6
1071170 1937.6
1071180 1934.2
1071190 1934.2
1071200 1932.1
1071210 1929.5
1071220 1926.8
1071230 1926.8
1071240 1924.2
1071250 1921.1
1071260 1921.1
1071270 1918.7
1071280 1915.8
1071290 1915.8
1071300 1913.9
1071310 1912.4
1071320 1912.4
1071330 1911.1
1071340 1910.1
1071350 1910.1
1071360 1908.6
1071370 1905.0
1071380 1905.0
1071390 1900.5
1071400 1900.7
1071410 1900.7
1071420 1901.1
1071430 1901.1
1071440 1901.3
1071450 1901.3
1071460 1900.5
1071470 1898.3
1071480 1898.3
1071490 1897.5
1071500 1896.0
1071510 1894.9
1071520 1892.8
1071530 1889.2
1071540 1889.2
1071550 1886.2
1071560 1884.0
1071570 1884.0
1071580 1881.9
1071590 1880.1
1071600 1880.1
1071610 1878.9
1071620 1875.1
1071630 1875.1
1071640 1872.5
1071650 1868.6
1071660 1866.2
1071670 1866.2
1071680 1863.5
1071690 1859.2
1071700 1859.2
1071710 1853.9
1071720 1848.9
1071730 1848.9
1071740 1844.6
1071750 1840.7
1071760 1840.7
1071770 1839.2
1071780 1838.1
1071790 1838.1
1071800 1835.4
1071810 1835.1
1071820 1833.6
1071830 1833.5
1071840 1834.5
1071850 1834.5
1071860 1834.3
1071870 1833.4
1071880 1833.4
1071890 1832.7
1071900 1832.0
1071910 1831.7
1071920 1831.7
1071930 1831.4
1071940 1830.5
1071950 1830.5
1071960 1828.9
1071970 1824.3
1071980 1824.3
1071990 1818.0
1072000 1812.7
1072010 1812.7
1072020 1809.5
1072030 1806.0
1072040 1806.0
1072050 1802.9
1072060 1801.3
1072070 1801.3
1072080 1799.5
1072090 1797.8
1072100 1797.8
1072110 1796.1
1072120 1793.6
1072130 1786.4
1072140 1786.4
1072150 1783.1
1072160 1780.3
1072170 1780.3
1072180 1779.3
1072190 1778.7
1072200 1778.7
1072210 1777.9
1072220 1776.3
1072230 1776.3
1072240 1774.3
1072250 1771.6
1072260 1771.6
1072270 1768.6
1072280 1766.3
1072290 1766.3
1072300 1763.6
1072310 1760.9
1072320 1760.9
1072330 1758.4
1072340 1755.1
1072350 1750.1
1072360 1750.1
1072370 1745.6
1072380 1740.7
1072390 1740.7
1072400 1736.2
1072410 1733.5
1072420 1733.5
1072430 1727.7
1072440 1725.4
1072450 1725.4
1072460 1722.8
1072470 1719.7
1072480 1719.7
1072490 1715.9
1072500 1712.6
1072510 1712.6
1072520 1709.6
1072530 1706.5
1072540 1706.5
1072550 1704.0
1072560 1702.7
1072570 1702.7
1072580 1702.2
1072590 1701.3
1072600 1699.3
1072610 1699.3
1072620 1697.6
1072630 1697.1
1072640 1697.1
1072650 1697.9
1072660 1698.4
1072670 1698.4
1072680 1697.8
1072690 1696.1
1072700 1696.1
1072710 1693.0
1072720 1685.5
1072730 1685.5
1072740 1681.8
1072750 1673.2
1072760 1673.2
1072770 1661.4
1072780 1650.2
1072790 1650.2
1072800 1642.1
1072810 1635.1
1072820 1629.4
1072830 1629.4
1072840 1622.0
1072850 1614.3
1072860 1614.3
1072870 1604.8
1072880 1596.0
1072890 1596.0
1072900 1586.4
1072910 1576.4
1072920 1576.4
1072930 1568.4
1072940 1562.2
1072950 1562.2
1072960 1555.8
1072970 1550.0
1072980 1550.0
1072990 1546.0
1073000 1542.5
1073010 1542.5
1073020 1536.8
1073030 1529.8
1073040 1522.2
1073050 1520.2
1073060 1513.3
1073070 1505.6
1073080 1505.6
1073090 1498.3
1073100 1491.7
1073110 1491.7
1073120 1485.4
1073130 1478.8
1073140 1478.8
1073150 1471.8
1073160 1464.6
1073170 1464.6
1073180 1457.7
1073190 1450.8
1073200 1450.8
1073210 1444.6
1073220 1438.8
1073230 1438.8
1073240 1432.7
1073250 1426.7
1073260 1426.7
1073270 1420.8
1073280 1415.1
1073290 1409.0
1073300 1409.0
1073310 1404.1
1073320 1399.9
1073330 1399.9
1073340 1395.5
1073350 1391.3
1073360 1390.8
1073370 1387.8
1073380 1384.5
1073390 1384.5
1073400 1381.5
1073410 1379.1
1073420 1379.1
1073430 1376.3
1073440 1374.7
1073450 1374.7
1073460 1374.5
1073470 1373.0
1073480 1373.0
1073490 1371.6
1073500 1371.6
1073510 1372.4
1073520 1372.4
1073530 1373.1
1073540 1374.3
1073550 1374.3
1073560 1375.2
1073570 1377.0
1073580 1377.0
1073590 1379.1
1073600 1380.6
1073610 1380.6
1073620 1381.6
1073630 1382.6
1073640 1382.6
1073650 1383.3
1073660 1384.1
1073670 1386.0
1073680 1386.8
1073690 1387.1
1073700 1387.1
1073710 1388.6
1073720 1389.1
1073730 1389.1
1073740 1389.1
1073750 1389.4
1073760 1390.1
1073770 1390.1
1073780 1390.2
1073790 1390.6
1073800 1390.6
1073810 1391.1
1073820 1391.2
1073830 1391.2
1073840 1391.0
1073850 1390.7
1073860 1390.7
1073870 1390.5
1073880 1390.4
1073890 1390.4
1073900 1390.7
1073910 1392.0
1073920 1392.0
1073930 1394.7
1073940 1397.4
1073950 1400.1
1073960 1400.1
1073970 1403.9
1073980 1413.3
1073990 1413.3
1074000 1415.9
1074010 1418.6
1074020 1418.6
1074030 1420.6
1074040 1421.1
1074050 1421.1
1074060 1423.5
1074070 1428.5
1074080 1428.5
1074090 1433.1
1074100 1437.5
1074110 1437.5
1074120 1439.6
1074130 1440.8
1074140 1440.8
1074150 1446.6
1074160 1451.1
1074170 1451.1
1074180 1454.8
1074190 1457.5
1074200 1458.2
1074210 1458.2
1074220 1458.5
1074230 1457.8
1074240 1457.8
1074250 1454.5
1074260 1451.4
1074270 1451.4
1074280 1450.0
1074290 1455.7
1074300 1455.7
1074310 1455.8
1074320 1456.2
1074330 1456.2
1074340 1455.5
1074350 1456.2
1074360 1456.2
1074370 1457.4
1074380 1457.9
1074390 1457.9
1074400 1459.4
1074410 1460.0
1074420 1461.4
1074430 1461.4
1074440 1462.0
1074450 1462.4
1074460 1462.4
1074470 1462.3
1074480 1462.5
1074490 1462.5
1074500 1462.3
1074510 1461.9
1074520 1461.9
1074530 1460.2
1074540 1459.2
1074550 1459.2
1074560 1458.2
1074570 1457.5
1074580 1457.5
1074590 1456.3
1074600 1457.7
1074610 1457.7
1074620 1455.0
1074630 1452.7
1074640 1451.1
1074650 1451.1
1074660 1451.3
1074670 1454.2
1074680 1454.2
1074690 1456.5
1074700 1456.5
1074710 1456.5
1074720 1456.3
1074730 1457.7
1074740 1457.7
1074750 1458.0
1074760 1458.1
1074770 1458.1
1074780 1458.1
1074790 1457.4
1074800 1457.4
1074810 1455.7
1074820 1455.2
1074830 1455.2
1074840 1455.1
1074850 1455.0
1074860 1455.0
1074870 1454.5
1074880 1454.0
1074890 1453.7
1074900 1453.7
1074910 1456.3
1074920 1456.4
1074930 1456.4
1074940 1456.7
1074950 1457.6
1074960 1457.6
1074970 1458.7
1074980 1459.3
1074990 1459.3
1075000 1459.4
1075010 1458.1
1075020 1458.1
1075030 1457.7
1075040 1456.6
1075050 1456.6
1075060 1455.8
1075070 1454.6
1075080 1454.6
1075090 1453.6
1075100 1455.5
1075110 1458.7
1075120 1458.7
1075130 1461.6
1075140 1464.7
1075150 1464.7
1075160 1467.2
1075170 1472.5
1075180 1472.5
1075190 1477.1
1075200 1481.4
1075210 1481.4
1075220 1482.9
1075230 1486.7
1075240 1486.7
1075250 1488.6
1075260 1489.3
1075270 1489.3
1075280 1490.2
1075290 1491.9
1075300 1491.9
1075310 1495.0
1075320 1499.5
1075330 1503.1
1075340 1503.1
1075350 1505.9
1075360 1508.1
1075370 1508.1
1075380 1510.6
1075390 1511.5
1075400 1511.5
1075410 1512.5
1075420 1512.2
1075430 1512.2
1075440 1511.8
1075450 1513.2
1075460 1513.2
1075470 1515.4
1075480 1517.4
1075490 1517.4
1075500 1520.0
1075510 1523.1
1075520 1523.1
1075530 1527.0
1075540 1530.0
1075550 1530.0
1075560 1532.6
1075570 1534.8
1075580 1537.9
1075590 1537.9
1075600 1540.2
1075610 1543.7
1075620 1543.7
1075630 1550.4
1075640 1556.5
1075650 1556.5
1075660 1563.2
1075670 1569.5
1075680 1569.5
1075690 1575.6
1075700 1581.4
1075710 1581.4
1075720 1586.0
1075730 1589.8
1075740 1589.8
1075750 1593.9
1075760 1598.6
1075770 1598.6
1075780 1603.3
1075790 1608.4
1075800 1612.6
1075810 1612.6
1075820 1616.3
1075830 1622.1
1075840 1612.3
1075850 1616.2
1075860 1619.3
1075870 1619.3
1075880 1621.4
1075890 1622.9
1075900 1622.9
1075910 1625.1
1075920 1626.6
1075930 1626.6
1075940 1628.6
1075950 1631.3
1075960 1631.3
1075970 1633.2
1075980 1633.8
1075990 1633.8
1076000 1634.8
1076010 1638.1
1076020 1642.0
1076030 1642.0
1076040 1645.4
1076050 1648.2
1076060 1648.2
1076070 1652.0
1076080 1656.2
1076090 1656.2
1076100 1662.6
1076110 1667.7
1076120 1667.7
1076130 1671.0
1076140 1674.9
1076150 1670.9
1076160 1678.8
1076170 1687.7
1076180 1687.7
1076190 1695.8
1076200 1701.8
1076210 1701.8
1076220 1704.8
1076230 1708.1
1076240 1708.1
1076250 1712.2
1076260 1714.6
1076270 1716.2
1076280 1716.2
1076290 1719.9
1076300 1726.3
1076310 1726.3
1076320 1732.3
1076330 1738.3
1076340 1738.3
1076350 1745.2
1076360 1751.6
1076370 1751.6
1076380 1757.3
1076390 1759.9
1076400 1759.9
1076410 1761.0
1076420 1763.6
1076430 1763.6
1076440 1768.1
1076450 1772.5
1076460 1769.2
1076470 1774.0
1076480 1779.6
1076490 1785.1
1076500 1785.1
1076510 1790.1
1076520 1795.1
1076530 1795.1
1076540 1800.4
1076550 1806.7
1076560 1806.7
1076570 1813.3
1076580 1818.8
1076590 1818.8
1076600 1824.0
1076610 1829.9
1076620 1829.9
1076630 1836.8
1076640 1844.3
1076650 1844.3
1076660 1851.1
1076670 1857.3
1076680 1857.3
1076690 1863.3
1076700 1869.1
1076710 1875.1
1076720 1875.1
1076730 1881.5
1076740 1888.0
1076750 1888.0
1076760 1894.6
1076770 1901.8
1076780 1901.8
1076790 1907.9
1076800 1914.8
1076810 1914.8
1076820 1921.8
1076830 1928.7
1076840 1928.7
1076850 1935.9
1076860 1942.5
1076870 1942.5
1076880 1949.3
1076890 1955.9
1076900 1955.9
1076910 1962.6
1076920 1969.2
1076930 1969.2
1076940 1976.3
1076950 1983.7
1076960 1991.0
1076970 1991.0
1076980 1998.4
1076990 2005.4
1077000 2005.4
1077010 2012.5
1077020 2019.5
1077030 2019.5
1077040 2025.9
1077050 2032.1
1077060 2032.1
1077070 2038.3
1077080 2045.1
1077090 2045.1
1077100 2053.8
1077110 2063.3
1077120 2063.3
1077130 2074.0
1077140 2101.3
1077150 2101.3
1077160 2134.1
1077170 2150.9
1077180 2156.4
1077190 2156.4
1077200 2170.7
1077210 2186.2
1077220 2186.2
1077230 2196.0
1077240 2209.4
1077250 2209.4
1077260 2223.9
1077270 2233.0
1077280 2233.0
1077290 2232.4
1077300 2230.7
1077310 2230.7
1077320 2226.0
1077330 2219.8
1077340 2219.8
1077350 2212.5
1077360 2207.9
1077370 2207.9
1077380 2205.7
1077390 2208.0
1077400 2202.8
1077410 2202.8
1077420 2197.9
1077430 2193.1
1077440 2193.1
1077450 2189.3
1077460 2186.8
1077470 2186.8
1077480 2184.6
1077490 2181.6
1077500 2181.6
1077510 2178.4
1077520 2174.6
1077530 2174.6
1077540 2171.4
1077550 2168.9
1077560 2168.9
1077570 2166.3
1077580 2164.2
1077590 2164.2
1077600 2161.5
1077610 2157.4
1077620 2152.5
1077630 2152.5
1077640 2148.1
1077650 2146.7
1077660 2146.7
1077670 2145.3
1077680 2145.3
1077690 2145.3
1077700 2141.3
1077710 2140.4
1077720 2140.4
1077730 2137.8
1077740 2134.3
1077750 2134.3
1077760 2130.6
1077770 2127.3
1077780 2127.3
1077790 2124.6
1077800 2122.1
1077810 2122.1
1077820 2119.9
1077830 2119.3
1077840 2119.3
1077850 2118.7
1077860 2116.8
1077870 2113.7
1077880 2113.7
1077890 2107.2
1077900 2101.9
1077910 2101.9
1077920 2098.7
1077930 2093.7
1077940 2093.7
1077950 2090.7
1077960 2087.7
1077970 2087.7
1077980 2074.7
1077990 2067.3
1078000 2067.3
1078010 2063.4
1078020 2064.0
1078030 2064.0
1078040 2057.8
1078050 2052.0
1078060 2052.0
1078070 2048.1
1078080 2039.9
1078090 2037.4
1078100 2037.4
1078110 2035.1
1078120 2031.4
1078130 2031.4
1078140 2027.3
1078150 2023.6
1078160 2023.6
1078170 2020.5
1078180 2018.6
1078190 2018.6
1078200 2019.4
1078210 2020.1
1078220 2020.1
1078230 2014.9
1078240 2010.1
1078250 2010.1
1078260 2009.7
1078270 2010.7
1078280 2010.7
1078290 2009.3
1078300 2007.0
1078310 2004.4
1078320 2004.4
1078330 2003.6
1078340 2002.5
1078350 2002.5
1078360 1999.2
1078370 1995.5
1078380 1995.5
1078390 1991.3
1078400 1987.5
1078410 1987.5
1078420 1984.3
1078430 1981.4
1078440 1981.4
1078450 1979.0
1078460 1977.4
1078470 1977.4
1078480 1973.6
1078490 1969.3
1078500 1969.3
1078510 1965.5
1078520 1962.0
1078530 1962.0
1078540 1959.0
1078550 1957.5
1078560 1955.2
1078570 1955.2
1078580 1952.2
1078590 1949.0
1078600 1949.0
1078610 1947.9
1078620 1945.6
1078630 1945.6
1078640 1942.3
1078650 1940.0
1078660 1940.0
1078670 1937.5
1078680 1934.4
1078690 1934.4
1078700 1931.9
1078710 1929.6
1078720 1929.6
1078730 1927.3
1078740 1925.9
1078750 1925.9
1078760 1924.1
1078770 1922.2
1078780 1922.1
1078790 1922.1
1078800 1921.9
1078810 1921.8
1078820 1921.8
1078830 1923.6
1078840 1924.1
1078850 1924.1
1078860 1924.2
1078870 1924.1
1078880 1924.1
1078890 1923.4
1078900 1921.1
1078910 1921.1
1078920 1918.6
1078930 1917.4
1078940 1917.4
1078950 1913.9
1078960 1912.1
1078970 1912.1
1078980 1911.2
1078990 1911.8
1079000 1912.3
1079010 1912.3
1079020 1911.8
1079030 1911.8
1079040 1911.8
1079050 1910.5
1079060 1908.9
1079070 1908.9
1079080 1906.6
1079090 1903.4
1079100 1903.4
1079110 1900.1
1079120 1896.1
1079130 1896.1
1079140 1892.9
1079150 1889.9
1079160 1889.9
1079170 1886.3
1079180 1883.9
1079190 1883.9
1079200 1882.0
1079210 1879.9
1079220 1879.9
1079230 1877.5
1079240 1872.7
1079250 1868.0
1079260 1868.0
1079270 1862.2
1079280 1857.1
1079290 1857.1
1079300 1851.4
1079310 1845.6
1079320 1845.6
1079330 1840.0
1079340 1834.3
1079350 1834.3
1079360 1828.3
1079370 1821.9
1079380 1821.9
1079390 1814.8
1079400 1807.5
1079410 1807.5
1079420 1800.3
1079430 1792.7
1079440 1792.7
1079450 1785.4
1079460 1776.5
1079470 1768.2
1079480 1768.2
1079490 1760.9
1079500 1753.8
1079510 1753.8
1079520 1747.2
1079530 1740.7
1079540 1740.7
1079550 1734.5
1079560 1728.1
1079570 1728.1
1079580 1724.7
1079590 1719.2
1079600 1719.2
1079610 1713.9
1079620 1707.9
1079630 1707.9
1079640 1700.7
1079650 1693.1
1079660 1693.1
1079670 1679.0
1079680 1659.3
1079690 1655.0
1079700 1655.0
1079710 1654.1
1079720 1652.8
1079730 1652.8
1079740 1651.1
1079750 1649.2
1079760 1649.2
1079770 1647.3
1079780 1646.5
1079790 1646.5
1079800 1645.7
1079810 1645.0
1079820 1645.0
1079830 1643.8
1079840 1643.1
1079850 1643.1
1079860 1642.4
1079870 1643.1
1079880 1643.1
1079890 1644.1
1079900 1643.6
1079910 1642.4
1079920 1642.4
1079930 1642.3
1079940 1641.5
1079950 1641.5
1079960 1640.4
1079970 1639.3
1079980 1639.3
1079990 1639.6
