1069530 2135.1
1069540 2135.1
1069550 2145.6
1069560 2154.4
1069570 2154.4
1069580 2156.8
1069590 2164.8
1069600 2164.8
1069610 2168.4
1069620 2175.0
1069630 2175.0
1069640 2185.2
1069650 2188.4
1069660 2188.4
1069670 2200.1
1069680 2218.0
1069690 2225.4
1069700 2225.4
1069710 2234.8
1069720 2246.0
1069730 2246.0
1069740 2259.1
1069750 2273.5
1069760 2273.5
1069770 2282.3
1069780 2290.1
1069790 2290.1
1069800 2302.9
1069810 2308.0
1069820 2308.0
1069830 2313.9
1069840 2326.0
1069850 2326.0
1069860 2336.7
1069870 2341.1
1069880 2341.1
1069890 2345.5
1069900 2352.3
1069910 2359.9
1069920 2359.9
1069930 2362.2
1069940 2356.0
1069950 2356.0
1069960 2348.2
1069970 2340.4
1069980 2340.4
1069990 2333.0
1070000 2324.8
1070010 2324.8
1070020 2316.0
1070030 2307.8
1070040 2307.8
1070050 2300.3
1070060 2292.8
1070070 2292.8
1070080 2285.8
1070090 2280.0
1070100 2280.0
1070110 2274.2
1070120 2268.3
1070130 2263.3
1070140 2263.3
1070150 2261.0
1070160 2259.3
1070170 2259.3
1070180 2255.5
1070190 2249.8
1070200 2249.8
1070210 2246.9
1070220 2245.3
1070230 2245.3
1070240 2242.5
1070250 2240.3
1070260 2240.3
1070270 2237.8
1070280 2235.1
1070290 2235.1
1070300 2232.9
1070310 2229.3
1070320 2229.3
1070330 2226.1
1070340 2222.4
1070350 2222.4
1070360 2219.1
1070370 2215.8
1070380 2210.7
1070390 2210.7
1070400 2203.1
1070410 2196.2
1070420 2196.2
1070430 2190.7
1070440 2187.8
1070450 2187.8
1070460 2187.8
1070470 2188.2
1070480 2188.2
1070490 2185.0
1070500 2176.0
1070510 2176.0
1070520 2171.7
1070530 2170.8
1070540 2170.8
1070550 2171.8
1070560 2173.0
1070570 2173.0
1070580 2172.6
1070590 2167.3
1070600 2161.4
1070610 2161.4
1070620 2156.3
1070630 2151.9
1070640 2151.9
1070650 2149.2
1070660 2147.1
1070670 2147.1
1070680 2144.4
1070690 2142.1
1070700 2142.1
1070710 2139.5
1070720 2135.9
1070730 2135.9
1070740 2131.6
1070750 2127.2
1070760 2127.2
1070770 2123.8
1070780 2121.4
1070790 2121.4
1070800 2118.6
1070810 2115.1
1070820 2112.7
1070830 2112.7
1070840 2109.9
1070850 2106.7
1070860 2106.7
1070870 2104.2
1070880 2103.4
1070890 2103.4
1070900 2104.7
1070910 2106.0
1070920 2106.0
1070930 2104.9
1070940 2104.2
1070950 2104.2
1070960 2103.5
1070970 2092.4
1070980 2092.4
1070990 2073.7
1071000 2069.9
1071010 2069.9
1071020 2056.2
1071030 2039.1
1071040 2039.1
1071050 2036.2
1071060 2034.4
1071070 2023.1
1071080 2023.1
1071090 2013.9
1071100 2009.0
1071110 2014.1
1071120 2008.2
1071130 2003.2
1071140 2003.2
1071150 1999.1
1071160 1995.0
1071170 1995.0
1071180 1989.4
1071190 1982.8
1071200 1982.8
1071210 1977.8
1071220 1973.5
1071230 1973.5
1071240 1967.8
1071250 1963.1
1071260 1963.1
1071270 1958.8
1071280 1956.1
1071290 1954.1
1071300 1954.1
1071310 1949.6
1071320 1942.8
1071330 1942.8
1071340 1935.0
1071350 1928.3
1071360 1928.3
1071370 1922.8
1071380 1919.7
1071390 1919.7
1071400 1916.1
1071410 1911.3
1071420 1916.1
1071430 1909.2
1071440 1902.5
1071450 1902.5
1071460 1896.7
1071470 1890.8
1071480 1890.8
1071490 1885.6
1071500 1880.6
1071510 1874.7
1071520 1874.7
1071530 1868.3
1071540 1862.7
1071550 1862.7
1071560 1857.7
1071570 1852.8
1071580 1852.8
1071590 1848.0
1071600 1843.4
1071610 1843.4
1071620 1839.0
1071630 1834.9
1071640 1834.9
1071650 1831.2
1071660 1827.5
1071670 1827.5
1071680 1823.6
1071690 1820.0
1071700 1820.0
1071710 1816.9
1071720 1814.4
1071730 1813.3
1071740 1810.4
1071750 1807.3
1071760 1804.1
1071770 1804.1
1071780 1800.8
1071790 1797.9
1071800 1797.9
1071810 1795.9
1071820 1794.5
1071830 1794.5
1071840 1792.4
1071850 1790.5
1071860 1790.5
1071870 1789.5
1071880 1788.9
1071890 1788.9
1071900 1788.4
1071910 1788.5
1071920 1788.5
1071930 1788.3
1071940 1787.4
1071950 1787.4
1071960 1785.2
1071970 1783.2
1071980 1781.5
1071990 1781.5
1072000 1779.9
1072010 1778.0
1072020 1778.0
1072030 1774.4
1072040 1769.4
1072050 1769.4
1072060 1764.8
1072070 1760.3
1072080 1760.3
1072090 1757.1
1072100 1754.6
1072110 1754.6
1072120 1752.6
1072130 1750.9
1072140 1750.9
1072150 1749.3
1072160 1747.9
1072170 1747.9
1072180 1746.3
1072190 1744.0
1072200 1741.1
1072210 1741.1
1072220 1737.5
1072230 1734.6
1072240 1734.6
1072250 1733.4
1072260 1731.8
1072270 1731.8
1072280 1729.8
1072290 1727.6
1072300 1727.6
1072310 1726.5
1072320 1725.8
1072330 1725.8
1072340 1725.1
1072350 1722.6
1072360 1722.6
1072370 1720.5
1072380 1718.4
1072390 1718.4
1072400 1716.4
1072410 1714.4
1072420 1711.2
1072430 1711.2
1072440 1708.6
1072450 1706.3
1072460 1706.3
1072470 1703.3
1072480 1699.0
1072490 1699.0
1072500 1695.1
1072510 1690.9
1072520 1690.9
1072530 1688.1
1072540 1684.4
1072550 1684.4
1072560 1680.2
1072570 1675.8
1072580 1675.8
1072590 1671.6
1072600 1668.2
1072610 1668.2
1072620 1666.7
1072630 1665.4
1072640 1665.4
1072650 1659.5
1072660 1657.1
1072670 1654.4
1072680 1654.4
1072690 1651.3
1072700 1647.0
1072710 1647.0
1072720 1640.8
1072730 1637.5
1072740 1637.5
1072750 1635.4
1072760 1635.4
1072770 1635.4
1072780 1635.3
1072790 1625.2
1072800 1625.2
1072810 1613.9
1072820 1605.6
1072830 1605.6
1072840 1598.6
1072850 1591.7
1072860 1591.7
1072870 1584.8
1072880 1578.2
1072890 1570.3
1072900 1570.3
1072910 1562.6
1072920 1554.9
1072930 1554.9
1072940 1547.1
1072950 1540.8
1072960 1538.1
1072970 1532.5
1072980 1525.6
1072990 1525.6
1073000 1518.9
1073010 1512.3
1073020 1512.3
1073030 1505.6
1073040 1499.0
1073050 1499.0
1073060 1491.9
1073070 1484.9
1073080 1484.9
1073090 1477.9
1073100 1470.9
1073110 1464.0
1073120 1464.0
1073130 1456.8
1073140 1449.8
1073150 1449.8
1073160 1442.9
1073170 1435.7
1073180 1435.7
1073190 1429.0
1073200 1422.6
1073210 1422.6
1073220 1416.4
1073230 1410.6
1073240 1410.6
1073250 1405.3
1073260 1400.6
1073270 1398.2
1073280 1393.5
1073290 1389.6
1073300 1389.6
1073310 1386.1
1073320 1383.5
1073330 1383.5
1073340 1383.3
1073350 1382.8
1073360 1382.4
1073370 1382.4
1073380 1382.0
1073390 1381.4
1073400 1381.4
1073410 1382.3
1073420 1382.5
1073430 1382.5
1073440 1382.9
1073450 1383.8
1073460 1383.8
1073470 1385.9
1073480 1390.3
1073490 1390.3
1073500 1393.1
1073510 1394.6
1073520 1394.6
1073530 1396.5
1073540 1398.8
1073550 1398.8
1073560 1401.1
1073570 1403.2
1073580 1407.0
1073590 1407.0
1073600 1409.7
1073610 1412.7
1073620 1412.7
1073630 1415.3
1073640 1417.7
1073650 1417.7
1073660 1420.2
1073670 1423.0
1073680 1423.0
1073690 1425.8
1073700 1428.3
1073710 1428.3
1073720 1430.7
1073730 1433.1
1073740 1433.1
1073750 1435.0
1073760 1435.5
1073770 1435.5
1073780 1436.1
1073790 1436.5
1073800 1438.8
1073810 1438.8
1073820 1443.9
1073830 1448.7
1073840 1448.7
1073850 1453.1
1073860 1457.2
1073870 1457.2
1073880 1465.9
1073890 1469.6
1073900 1469.6
1073910 1473.1
1073920 1477.2
1073930 1477.2
1073940 1481.8
1073950 1486.1
1073960 1486.1
1073970 1491.3
1073980 1496.0
1073990 1496.0
1074000 1499.5
1074010 1502.3
1074020 1502.3
1074030 1510.1
1074040 1520.9
1074050 1537.6
1074060 1537.6
1074070 1550.3
1074080 1556.4
1074090 1556.4
1074100 1547.3
1074110 1550.3
1074120 1550.3
1074130 1555.4
1074140 1559.9
1074150 1559.9
1074160 1573.3
1074170 1590.5
1074180 1590.5
1074190 1618.0
1074200 1634.0
1074210 1634.0
1074220 1649.4
1074230 1669.8
1074240 1669.8
1074250 1672.1
1074260 1663.4
1074270 1648.9
1074280 1648.9
1074290 1632.5
1074300 1620.9
1074310 1620.9
1074320 1608.8
1074330 1599.1
1074340 1599.1
1074350 1594.6
1074360 1591.4
1074370 1591.4
1074380 1584.8
1074390 1579.3
1074400 1579.3
1074410 1575.1
1074420 1571.2
1074430 1571.2
1074440 1569.8
1074450 1566.9
1074460 1566.9
1074470 1565.1
1074480 1562.8
1074490 1571.5
1074500 1575.9
1074510 1583.0
1074520 1580.8
1074530 1580.8
1074540 1576.7
1074550 1572.8
1074560 1572.8
1074570 1574.1
1074580 1577.3
1074590 1577.3
1074600 1580.3
1074610 1580.3
1074620 1580.3
1074630 1575.6
1074640 1569.6
1074650 1569.6
1074660 1562.6
1074670 1554.4
1074680 1554.4
1074690 1555.8
1074700 1557.0
1074710 1557.0
1074720 1550.5
1074730 1541.0
1074740 1542.4
1074750 1542.4
1074760 1543.7
1074770 1543.4
1074780 1543.4
1074790 1541.8
1074800 1538.9
1074810 1546.8
1074820 1544.7
1074830 1541.2
1074840 1541.2
1074850 1537.7
1074860 1534.8
1074870 1534.8
1074880 1534.6
1074890 1533.5
1074900 1533.5
1074910 1531.6
1074920 1529.7
1074930 1529.7
1074940 1526.9
1074950 1524.6
1074960 1524.1
1074970 1524.1
1074980 1523.8
1074990 1522.6
1075000 1522.6
1075010 1522.6
1075020 1522.8
1075030 1522.8
1075040 1523.5
1075050 1523.7
1075060 1523.7
1075070 1522.9
1075080 1521.9
1075090 1521.9
1075100 1520.7
1075110 1519.9
1075120 1525.3
1075130 1524.5
1075140 1523.3
1075150 1523.3
1075160 1522.6
1075170 1520.9
1075180 1519.4
1075190 1519.4
1075200 1518.8
1075210 1517.5
1075220 1517.5
1075230 1515.1
1075240 1517.1
1075250 1517.1
1075260 1522.6
1075270 1526.8
1075280 1526.8
1075290 1534.1
1075300 1542.5
1075310 1542.5
1075320 1553.0
1075330 1558.3
1075340 1558.3
1075350 1559.7
1075360 1559.6
1075370 1559.6
1075380 1559.9
1075390 1557.7
1075400 1553.2
1075410 1553.2
1075420 1551.8
1075430 1560.8
1075440 1560.8
1075450 1562.8
1075460 1559.8
1075470 1559.8
1075480 1555.7
1075490 1552.0
1075500 1552.0
1075510 1548.3
1075520 1545.5
1075530 1545.5
1075540 1544.7
1075550 1543.8
1075560 1543.8
1075570 1543.8
1075580 1544.4
1075590 1544.4
1075600 1545.2
1075610 1545.6
1075620 1545.6
1075630 1546.5
1075640 1548.4
1075650 1551.8
1075660 1551.8
1075670 1556.4
1075680 1561.5
1075690 1561.5
1075700 1566.0
1075710 1568.7
1075720 1568.7
1075730 1569.5
1075740 1574.5
1075750 1574.5
1075760 1576.8
1075770 1579.5
1075780 1579.5
1075790 1581.9
1075800 1583.6
1075810 1583.6
1075820 1585.2
1075830 1587.2
1075840 1587.2
1075850 1588.5
1075860 1588.7
1075870 1591.3
1075880 1591.3
1075890 1597.7
1075900 1604.5
1075910 1604.5
1075920 1606.6
1075930 1608.5
1075940 1608.5
1075950 1610.3
1075960 1612.6
1075970 1612.6
1075980 1616.1
1075990 1620.6
1076000 1620.6
1076010 1625.4
1076020 1630.9
1076030 1630.9
1076040 1636.6
1076050 1640.9
1076060 1640.9
1076070 1647.3
1076080 1653.6
1076090 1659.9
1076100 1659.9
1076110 1665.2
1076120 1669.2
1076130 1669.2
1076140 1673.4
1076150 1677.7
1076160 1677.7
1076170 1679.6
1076180 1682.8
1076190 1682.8
1076200 1684.6
1076210 1685.6
1076220 1685.6
1076230 1687.2
1076240 1689.5
1076250 1689.5
1076260 1691.3
1076270 1693.8
1076280 1693.8
1076290 1696.9
1076300 1698.8
1076310 1698.8
1076320 1701.5
1076330 1704.7
1076340 1708.3
1076350 1708.3
1076360 1711.1
1076370 1715.7
1076380 1715.7
1076390 1720.8
1076400 1725.6
1076410 1725.6
1076420 1731.1
1076430 1736.5
1076440 1736.5
1076450 1741.8
1076460 1747.3
1076470 1747.3
1076480 1752.7
1076490 1757.6
1076500 1757.6
1076510 1763.0
1076520 1768.2
1076530 1768.2
1076540 1774.1
1076550 1779.9
1076560 1786.0
1076570 1786.0
1076580 1792.0
1076590 1798.2
1076600 1798.2
1076610 1803.9
1076620 1810.3
1076630 1810.3
1076640 1816.3
1076650 1821.8
1076660 1821.8
1076670 1827.6
1076680 1832.6
1076690 1832.6
1076700 1838.5
1076710 1844.5
1076720 1844.5
1076730 1850.6
1076740 1856.7
1076750 1856.7
1076760 1862.8
1076770 1869.2
1076780 1875.7
1076790 1875.7
1076800 1882.3
1076810 1888.7
1076820 1888.7
1076830 1895.2
1076840 1901.8
1076850 1901.8
1076860 1908.4
1076870 1915.0
1076880 1915.0
1076890 1922.3
1076900 1931.3
1076910 1931.3
1076920 1944.2
1076930 1950.7
1076940 1950.7
1076950 1955.8
1076960 1963.7
1076970 1963.7
1076980 1972.2
1076990 1976.2
1077000 1976.2
1077010 1984.5
1077020 1994.3
1077030 2002.8
1077040 2002.8
1077050 2018.8
1077060 2028.4
1077070 2028.4
1077080 2032.2
1077090 2035.5
1077100 2035.5
1077110 2042.5
1077120 2060.3
1077130 2060.3
1077140 2081.6
1077150 2092.4
1077160 2092.4
1077170 2101.0
1077180 2113.0
1077190 2113.0
1077200 2125.0
1077210 2141.8
1077220 2141.8
1077230 2155.7
1077240 2170.9
1077250 2188.1
1077260 2188.1
1077270 2202.8
1077280 2219.8
1077290 2219.8
1077300 2229.6
1077310 2245.1
1077320 2245.1
1077330 2262.3
1077340 2277.3
1077350 2277.3
1077360 2273.6
1077370 2266.2
1077380 2266.2
1077390 2258.4
1077400 2249.2
1077410 2249.2
1077420 2238.9
1077430 2229.9
1077440 2229.9
1077450 2222.8
1077460 2216.1
1077470 2209.3
1077480 2209.3
1077490 2203.0
1077500 2197.4
1077510 2197.4
1077520 2192.7
1077530 2188.4
1077540 2188.4
1077550 2184.5
1077560 2180.9
1077570 2180.9
1077580 2174.9
1077590 2170.3
1077600 2170.3
1077610 2165.7
1077620 2161.3
1077630 2161.3
1077640 2157.8
1077650 2152.2
1077660 2152.2
1077670 2147.0
1077680 2141.4
1077690 2136.3
1077700 2136.3
1077710 2130.6
1077720 2124.8
1077730 2124.8
1077740 2118.4
1077750 2113.1
1077760 2113.1
1077770 2107.8
1077780 2102.4
1077790 2102.4
1077800 2098.3
1077810 2092.5
1077820 2092.5
1077830 2086.2
1077840 2079.3
1077850 2079.3
1077860 2072.8
1077870 2067.0
1077880 2067.0
1077890 2060.8
1077900 2054.0
1077910 2054.0
1077920 2044.3
1077930 2036.6
1077940 2030.6
1077950 2030.6
1077960 2026.3
1077970 2022.6
1077980 2022.6
1077990 2017.6
1078000 2012.8
1078010 2012.8
1078020 2008.7
1078030 2005.7
1078040 2005.7
1078050 2002.3
1078060 1999.5
1078070 1999.5
1078080 1998.8
1078090 1998.2
1078100 1998.2
1078110 1999.7
1078120 2001.5
1078130 2001.5
1078140 2000.8
1078150 2003.0
1078160 2005.1
1078170 2005.1
1078180 2006.2
1078190 2006.4
1078200 2006.4
1078210 2004.3
1078220 2004.0
1078230 2002.0
1078240 2001.7
1078250 2000.5
1078260 2000.5
1078270 1999.0
1078280 1997.8
1078290 1997.8
1078300 1996.9
1078310 1994.7
1078320 1994.7
1078330 1992.8
1078340 1990.2
1078350 1990.2
1078360 1989.1
1078370 1988.3
1078380 1989.9
1078390 1989.9
1078400 1990.3
1078410 1992.0
1078420 1992.0
1078430 1993.1
1078440 1992.2
1078450 1992.2
1078460 1987.7
1078470 1981.3
1078480 1981.3
1078490 1978.6
1078500 1976.7
1078510 1976.7
1078520 1976.4
1078530 1975.3
1078540 1975.3
1078550 1969.8
1078560 1967.4
1078570 1967.4
1078580 1964.1
1078590 1960.5
1078600 1960.5
1078610 1956.8
1078620 1954.1
1078630 1951.3
1078640 1951.3
1078650 1949.2
1078660 1947.3
1078670 1947.3
1078680 1944.0
1078690 1941.2
1078700 1941.2
1078710 1939.2
1078720 1939.3
1078730 1939.3
1078740 1937.4
1078750 1934.1
1078760 1934.1
1078770 1930.2
1078780 1926.1
1078790 1926.1
1078800 1922.8
1078810 1919.9
1078820 1919.9
1078830 1916.9
1078840 1913.9
1078850 1910.6
1078860 1908.8
1078870 1905.7
1078880 1903.2
1078890 1903.2
1078900 1901.1
1078910 1899.1
1078920 1899.1
1078930 1897.4
1078940 1896.1
1078950 1896.1
1078960 1894.8
1078970 1893.6
1078980 1893.6
1078990 1892.7
1079000 1891.5
1079010 1891.5
1079020 1890.4
1079030 1889.3
1079040 1889.3
1079050 1888.6
1079060 1887.5
1079070 1886.2
1079080 1886.2
1079090 1883.4
1079100 1879.0
1079110 1879.0
1079120 1873.3
1079130 1867.7
1079140 1867.7
1079150 1862.2
1079160 1857.1
1079170 1857.0
1079180 1851.5
1079190 1845.4
1079200 1845.4
1079210 1839.1
1079220 1832.9
1079230 1832.9
1079240 1827.3
1079250 1821.2
1079260 1821.2
1079270 1814.5
1079280 1808.0
1079290 1802.1
1079300 1802.1
1079310 1792.2
1079320 1784.6
1079330 1784.6
1079340 1777.4
1079350 1770.0
1079360 1770.0
1079370 1763.2
1079380 1757.4
1079390 1757.4
1079400 1751.9
1079410 1747.1
1079420 1747.1
1079430 1742.5
1079440 1738.2
1079450 1738.2
1079460 1734.3
1079470 1731.2
1079480 1731.2
1079490 1727.6
1079500 1724.7
1079510 1724.7
1079520 1722.2
1079530 1720.2
1079540 1717.8
1079550 1717.8
1079560 1714.5
1079570 1711.3
1079580 1711.3
1079590 1708.3
1079600 1705.5
1079610 1705.5
1079620 1703.4
1079630 1702.6
1079640 1702.6
1079650 1701.2
1079660 1700.4
1079670 1700.4
1079680 1699.8
1079690 1699.2
1079700 1699.2
1079710 1698.0
1079720 1697.5
1079730 1697.5
1079740 1696.1
1079750 1696.1
1079760 1695.9
1079770 1695.9
1079780 1695.0
1079790 1694.4
1079800 1698.2
1079810 1697.1
1079820 1696.5
1079830 1696.5
1079840 1694.7
1079850 1694.8
1079860 1694.8
1079870 1694.3
1079880 1693.5
1079890 1693.5
1079900 1692.6
1079910 1691.8
1079920 1691.8
1079930 1691.7
1079940 1691.9
1079950 1691.9
1079960 1691.8
1079970 1692.0
1079980 1691.3
1079990 1691.3
