1069510 2095.7
1069520 2102.7
1069530 2102.7
1069540 2108.8
1069550 2114.5
1069560 2114.5
1069570 2120.6
1069580 2127.7
1069590 2127.7
1069600 2137.5
1069610 2147.2
1069620 2162.0
1069630 2162.0
1069640 2178.2
1069650 2184.2
1069660 2184.2
1069670 2195.3
1069680 2201.8
1069690 2201.8
1069700 2212.8
1069710 2226.3
1069720 2226.3
1069730 2228.5
1069740 2231.6
1069750 2244.1
1069760 2246.4
1069770 2253.5
1069780 2253.5
1069790 2269.2
1069800 2273.2
1069810 2273.2
1069820 2281.6
1069830 2294.1
1069840 2294.1
1069850 2306.3
1069860 2314.8
1069870 2323.9
1069880 2323.9
1069890 2335.7
1069900 2342.8
1069910 2342.8
1069920 2348.7
1069930 2351.6
1069940 2351.6
1069950 2347.7
1069960 2341.7
1069970 2341.7
1069980 2337.8
1069990 2331.7
1070000 2331.7
1070010 2325.5
1070020 2320.1
1070030 2320.1
1070040 2315.1
1070050 2307.8
1070060 2311.7
1070070 2304.6
1070080 2296.9
1070090 2288.6
1070100 2288.6
1070110 2281.4
1070120 2274.5
1070130 2274.5
1070140 2268.7
1070150 2263.6
1070160 2263.6
1070170 2258.9
1070180 2254.7
1070190 2254.7
1070200 2250.0
1070210 2246.0
1070220 2246.0
1070230 2243.5
1070240 2241.9
1070250 2241.9
1070260 2240.5
1070270 2238.0
1070280 2238.0
1070290 2235.6
1070300 2233.2
1070310 2228.5
1070320 2228.5
1070330 2223.4
1070340 2218.0
1070350 2218.0
1070360 2213.6
1070370 2208.8
1070380 2208.8
1070390 2203.7
1070400 2201.1
1070410 2201.1
1070420 2198.2
1070430 2195.2
1070440 2195.2
1070450 2191.5
1070460 2187.9
1070470 2187.9
1070480 2186.0
1070490 2184.0
1070500 2184.0
1070510 2183.3
1070520 2182.4
1070530 2182.4
1070540 2178.6
1070550 2174.3
1070560 2169.5
1070570 2169.5
1070580 2165.7
1070590 2164.2
1070600 2164.2
1070610 2160.0
1070620 2155.7
1070630 2155.7
1070640 2153.9
1070650 2152.4
1070660 2152.4
1070670 2153.7
1070680 2151.0
1070690 2151.0
1070700 2148.2
1070710 2145.4
1070720 2145.4
1070730 2143.7
1070740 2141.4
1070750 2141.4
1070760 2139.1
1070770 2136.5
1070780 2135.3
1070790 2135.3
1070800 2134.0
1070810 2131.7
1070820 2131.7
1070830 2129.0
1070840 2126.7
1070850 2126.7
1070860 2124.2
1070870 2122.0
1070880 2122.0
1070890 2120.4
1070900 2121.1
1070910 2121.1
1070920 2122.6
1070930 2123.9
1070940 2123.9
1070950 2124.6
1070960 2126.8
1070970 2126.8
1070980 2130.3
1070990 2117.5
1071000 2109.0
1071010 2109.0
1071020 2094.5
1071030 2082.6
1071040 2082.6
1071050 2087.9
1071060 2092.6
1071070 2092.6
1071080 2086.8
1071090 2075.9
1071100 2075.9
1071110 2068.5
1071120 2061.4
1071130 2061.4
1071140 2055.7
1071150 2044.7
1071160 2044.7
1071170 2037.8
1071180 2035.8
1071190 2035.8
1071200 2029.9
1071210 2022.8
1071220 2022.8
1071230 2010.3
1071240 1999.4
1071250 1991.6
1071260 1991.6
1071270 1984.8
1071280 1979.2
1071290 1983.4
1071300 1975.2
1071310 1968.8
1071320 1968.8
1071330 1964.0
1071340 1961.2
1071350 1961.2
1071360 1956.8
1071370 1951.0
1071380 1951.0
1071390 1945.7
1071400 1940.1
1071410 1940.1
1071420 1934.0
1071430 1927.7
1071440 1927.7
1071450 1921.3
1071460 1915.2
1071470 1909.1
1071480 1909.1
1071490 1903.4
1071500 1898.2
1071510 1898.2
1071520 1892.5
1071530 1887.4
1071540 1887.4
1071550 1880.8
1071560 1874.7
1071570 1874.7
1071580 1868.9
1071590 1868.0
1071600 1868.0
1071610 1862.4
1071620 1856.4
1071630 1856.4
1071640 1851.2
1071650 1846.1
1071660 1846.1
1071670 1841.3
1071680 1836.8
1071690 1832.9
1071700 1832.9
1071710 1828.6
1071720 1823.8
1071730 1823.8
1071740 1818.4
1071750 1813.7
1071760 1813.7
1071770 1808.9
1071780 1803.9
1071790 1803.9
1071800 1798.8
1071810 1794.1
1071820 1794.1
1071830 1790.5
1071840 1788.1
1071850 1788.1
1071860 1785.7
1071870 1783.6
1071880 1783.6
1071890 1781.3
1071900 1779.2
1071910 1777.0
1071920 1777.0
1071930 1774.6
1071940 1772.0
1071950 1772.0
1071960 1769.7
1071970 1767.6
1071980 1767.6
1071990 1766.3
1072000 1764.7
1072010 1764.7
1072020 1762.1
1072030 1758.7
1072040 1758.7
1072050 1756.9
1072060 1755.0
1072070 1755.0
1072080 1753.4
1072090 1752.2
1072100 1752.2
1072110 1751.5
1072120 1751.3
1072130 1751.3
1072140 1750.9
1072150 1749.8
1072160 1747.6
1072170 1747.6
1072180 1744.6
1072190 1741.6
1072200 1741.6
1072210 1739.9
1072220 1739.7
1072230 1739.7
1072240 1739.3
1072250 1738.4
1072260 1738.4
1072270 1737.1
1072280 1735.1
1072290 1735.1
1072300 1733.4
1072310 1731.9
1072320 1731.9
1072330 1729.9
1072340 1728.2
1072350 1728.2
1072360 1726.4
1072370 1724.1
1072380 1722.2
1072390 1722.2
1072400 1720.6
1072410 1716.2
1072420 1716.2
1072430 1711.0
1072440 1705.4
1072450 1705.4
1072460 1699.4
1072470 1693.9
1072480 1693.9
1072490 1688.4
1072500 1682.6
1072510 1682.6
1072520 1675.1
1072530 1669.7
1072540 1669.7
1072550 1664.4
1072560 1660.5
1072570 1660.5
1072580 1657.5
1072590 1654.2
1072600 1650.3
1072610 1650.3
1072620 1646.1
1072630 1641.9
1072640 1641.9
1072650 1639.1
1072660 1635.8
1072670 1635.8
1072680 1634.9
1072690 1633.8
1072700 1633.8
1072710 1629.1
1072720 1620.8
1072730 1620.8
1072740 1615.5
1072750 1612.8
1072760 1612.8
1072770 1606.9
1072780 1604.3
1072790 1604.3
1072800 1600.4
1072810 1592.6
1072820 1592.6
1072830 1580.3
1072840 1574.0
1072850 1567.9
1072860 1567.9
1072870 1561.6
1072880 1555.4
1072890 1555.4
1072900 1548.2
1072910 1541.6
1072920 1541.6
1072930 1535.1
1072940 1527.8
1072950 1527.8
1072960 1520.7
1072970 1514.1
1072980 1514.1
1072990 1508.6
1073000 1503.3
1073010 1503.3
1073020 1498.4
1073030 1493.7
1073040 1493.7
1073050 1487.9
1073060 1481.2
1073070 1474.6
1073080 1474.6
1073090 1468.0
1073100 1461.1
1073110 1461.1
1073120 1454.3
1073130 1445.8
1073140 1445.8
1073150 1438.9
1073160 1432.6
1073170 1432.6
1073180 1426.3
1073190 1420.4
1073200 1420.4
1073210 1414.0
1073220 1407.7
1073230 1407.7
1073240 1402.1
1073250 1397.1
1073260 1397.1
1073270 1393.4
1073280 1390.9
1073290 1389.2
1073300 1389.2
1073310 1387.3
1073320 1386.3
1073330 1386.3
1073340 1386.1
1073350 1385.4
1073360 1385.4
1073370 1384.4
1073380 1383.2
1073390 1383.2
1073400 1384.4
1073410 1386.0
1073420 1386.0
1073430 1387.0
1073440 1390.3
1073450 1390.3
1073460 1391.9
1073470 1393.3
1073480 1393.3
1073490 1394.9
1073500 1396.6
1073510 1396.6
1073520 1398.6
1073530 1400.8
1073540 1403.4
1073550 1403.4
1073560 1406.4
1073570 1409.2
1073580 1409.2
1073590 1412.0
1073600 1414.8
1073610 1414.8
1073620 1417.7
1073630 1420.8
1073640 1420.8
1073650 1424.2
1073660 1427.8
1073670 1427.8
1073680 1431.2
1073690 1434.3
1073700 1434.3
1073710 1437.3
1073720 1440.9
1073730 1440.9
1073740 1444.7
1073750 1449.6
1073760 1453.5
1073770 1453.5
1073780 1457.4
1073790 1461.3
1073800 1461.3
1073810 1465.2
1073820 1469.3
1073830 1469.3
1073840 1473.7
1073850 1478.7
1073860 1478.7
1073870 1484.4
1073880 1490.1
1073890 1490.1
1073900 1495.2
1073910 1499.9
1073920 1499.9
1073930 1504.4
1073940 1508.9
1073950 1508.9
1073960 1513.6
1073970 1518.8
1073980 1523.7
1073990 1523.7
1074000 1529.0
1074010 1535.1
1074020 1535.1
1074030 1541.1
1074040 1549.0
1074050 1549.0
1074060 1565.8
1074070 1588.7
1074080 1588.7
1074090 1607.0
1074100 1608.9
1074110 1608.9
1074120 1605.5
1074130 1618.7
1074140 1618.7
1074150 1627.5
1074160 1640.7
1074170 1640.7
1074180 1654.0
1074190 1676.5
1074200 1702.2
1074210 1702.2
1074220 1716.8
1074230 1722.5
1074240 1722.5
1074250 1719.5
1074260 1711.8
1074270 1711.8
1074280 1688.4
1074290 1672.8
1074300 1672.8
1074310 1661.5
1074320 1652.3
1074330 1652.3
1074340 1643.5
1074350 1636.5
1074360 1636.5
1074370 1636.0
1074380 1629.1
1074390 1629.1
1074400 1624.1
1074410 1619.9
1074420 1619.9
1074430 1618.3
1074440 1622.8
1074450 1626.7
1074460 1626.7
1074470 1628.2
1074480 1622.8
1074490 1622.8
1074500 1616.3
1074510 1615.1
1074520 1615.1
1074530 1634.0
1074540 1641.9
1074550 1641.9
1074560 1643.0
1074570 1644.3
1074580 1644.3
1074590 1642.9
1074600 1641.7
1074610 1641.7
1074620 1637.6
1074630 1629.9
1074640 1629.9
1074650 1621.5
1074660 1613.7
1074670 1615.0
1074680 1623.8
1074690 1623.4
1074700 1617.6
1074710 1617.6
1074720 1611.7
1074730 1607.5
1074740 1607.5
1074750 1602.0
1074760 1595.0
1074770 1595.0
1074780 1589.8
1074790 1585.3
1074800 1585.3
1074810 1582.6
1074820 1580.1
1074830 1580.1
1074840 1577.6
1074850 1573.3
1074860 1573.3
1074870 1569.6
1074880 1568.5
1074890 1567.7
1074900 1567.7
1074910 1562.8
1074920 1558.2
1074930 1558.2
1074940 1556.1
1074950 1556.8
1074960 1556.8
1074970 1554.2
1074980 1552.3
1074990 1558.5
1075000 1563.1
1075010 1562.7
1075020 1562.7
1075030 1561.5
1075040 1559.0
1075050 1559.0
1075060 1558.4
1075070 1558.6
1075080 1558.6
1075090 1558.6
1075100 1558.2
1075110 1558.2
1075120 1557.4
1075130 1557.0
1075140 1556.2
1075150 1556.2
1075160 1555.5
1075170 1553.9
1075180 1553.9
1075190 1552.6
1075200 1552.1
1075210 1552.1
1075220 1553.8
1075230 1560.3
1075240 1560.3
1075250 1567.2
1075260 1571.5
1075270 1571.5
1075280 1575.3
1075290 1588.6
1075300 1595.8
1075310 1609.7
1075320 1609.6
1075330 1609.6
1075340 1610.9
1075350 1608.5
1075360 1603.0
1075370 1603.0
1075380 1598.8
1075390 1594.2
1075400 1594.2
1075410 1588.4
1075420 1584.0
1075430 1584.0
1075440 1583.6
1075450 1587.8
1075460 1587.8
1075470 1589.2
1075480 1584.7
1075490 1584.7
1075500 1579.6
1075510 1575.8
1075520 1575.8
1075530 1571.5
1075540 1568.3
1075550 1568.3
1075560 1565.2
1075570 1563.9
1075580 1562.5
1075590 1562.5
1075600 1562.4
1075610 1568.9
1075620 1568.9
1075630 1572.1
1075640 1575.1
1075650 1575.1
1075660 1576.0
1075670 1577.8
1075680 1577.8
1075690 1582.1
1075700 1587.6
1075710 1587.6
1075720 1591.5
1075730 1592.3
1075740 1592.3
1075750 1592.8
1075760 1594.7
1075770 1594.7
1075780 1599.2
1075790 1605.2
1075800 1605.2
1075810 1613.4
1075820 1619.3
1075830 1620.8
1075840 1620.8
1075850 1619.0
1075860 1616.9
1075870 1616.9
1075880 1614.2
1075890 1613.5
1075900 1613.5
1075910 1614.7
1075920 1622.0
1075930 1622.0
1075940 1624.6
1075950 1626.6
1075960 1626.6
1075970 1628.5
1075980 1630.8
1075990 1630.8
1076000 1631.8
1076010 1631.5
1076020 1631.5
1076030 1632.7
1076040 1633.4
1076050 1634.8
1076060 1634.8
1076070 1637.4
1076080 1640.9
1076090 1640.9
1076100 1643.8
1076110 1648.1
1076120 1648.1
1076130 1653.3
1076140 1659.4
1076150 1659.4
1076160 1664.3
1076170 1667.0
1076180 1667.0
1076190 1668.7
1076200 1670.7
1076210 1670.7
1076220 1675.9
1076230 1683.7
1076240 1683.7
1076250 1685.2
1076260 1685.1
1076270 1685.7
1076280 1685.7
1076290 1687.9
1076300 1690.5
1076310 1690.5
1076320 1692.9
1076330 1696.7
1076340 1696.7
1076350 1699.5
1076360 1703.8
1076370 1703.8
1076380 1707.5
1076390 1711.2
1076400 1711.2
1076410 1716.1
1076420 1720.6
1076430 1720.6
1076440 1726.5
1076450 1732.2
1076460 1732.2
1076470 1737.7
1076480 1743.3
1076490 1749.2
1076500 1749.2
1076510 1755.2
1076520 1761.3
1076530 1761.3
1076540 1766.3
1076550 1772.0
1076560 1772.0
1076570 1777.7
1076580 1783.1
1076590 1783.1
1076600 1788.1
1076610 1793.4
1076620 1793.4
1076630 1799.8
1076640 1806.1
1076650 1806.1
1076660 1812.2
1076670 1817.7
1076680 1817.7
1076690 1823.7
1076700 1829.5
1076710 1829.5
1076720 1834.9
1076730 1841.1
1076740 1847.0
1076750 1847.0
1076760 1853.4
1076770 1859.9
1076780 1859.9
1076790 1866.4
1076800 1872.9
1076810 1872.9
1076820 1879.5
1076830 1885.9
1076840 1885.9
1076850 1891.7
1076860 1898.3
1076870 1898.3
1076880 1905.1
1076890 1911.8
1076900 1911.8
1076910 1918.6
1076920 1925.3
1076930 1925.3
1076940 1932.0
1076950 1938.5
1076960 1945.1
1076970 1945.1
1076980 1951.3
1076990 1957.8
1077000 1957.8
1077010 1964.6
1077020 1973.2
1077030 1973.2
1077040 1983.3
1077050 2001.0
1077060 2001.0
1077070 2014.7
1077080 2016.5
1077090 2016.5
1077100 2019.1
1077110 2036.4
1077120 2036.4
1077130 2051.4
1077140 2069.0
1077150 2069.0
1077160 2073.3
1077170 2081.5
1077180 2105.9
1077190 2105.9
1077200 2123.1
1077210 2142.7
1077220 2142.7
1077230 2154.9
1077240 2163.9
1077250 2163.9
1077260 2169.2
1077270 2182.5
1077280 2182.5
1077290 2218.5
1077300 2236.7
1077310 2236.7
1077320 2257.9
1077330 2290.8
1077340 2290.8
1077350 2305.0
1077360 2303.5
1077370 2303.5
1077380 2297.2
1077390 2289.2
1077400 2289.2
1077410 2274.4
1077420 2263.3
1077430 2254.5
1077440 2254.5
1077450 2246.2
1077460 2237.5
1077470 2237.5
1077480 2232.2
1077490 2223.8
1077500 2223.8
1077510 2216.5
1077520 2206.5
1077530 2206.5
1077540 2195.7
1077550 2183.2
1077560 2183.2
1077570 2174.8
1077580 2167.2
1077590 2167.2
1077600 2159.8
1077610 2152.5
1077620 2152.5
1077630 2144.5
1077640 2136.0
1077650 2126.8
1077660 2126.8
1077670 2120.3
1077680 2116.2
1077690 2116.2
1077700 2112.1
1077710 2107.3
1077720 2107.3
1077730 2103.5
1077740 2100.6
1077750 2100.6
1077760 2097.1
1077770 2092.8
1077780 2092.8
1077790 2080.5
1077800 2074.3
1077810 2074.3
1077820 2068.0
1077830 2061.1
1077840 2061.1
1077850 2054.0
1077860 2047.6
1077870 2041.4
1077880 2041.4
1077890 2036.1
1077900 2031.3
1077910 2031.3
1077920 2027.2
1077930 2023.5
1077940 2023.5
1077950 2020.1
1077960 2015.4
1077970 2015.4
1077980 2012.6
1077990 2012.7
1078000 2012.7
1078010 2011.4
1078020 2009.2
1078030 2009.2
1078040 2007.2
1078050 2004.3
1078060 2004.3
1078070 2001.8
1078080 1999.4
1078090 1999.4
1078100 1997.5
1078110 1996.5
1078120 1995.1
1078130 1995.1
1078140 1994.3
1078150 1994.8
1078160 1994.8
1078170 1994.7
1078180 1995.4
1078190 1995.4
1078200 1996.5
1078210 1996.4
1078220 1996.4
1078230 1996.3
1078240 1996.5
1078250 1996.5
1078260 1996.9
1078270 1996.7
1078280 1996.7
1078290 1996.3
1078300 1995.1
1078310 1995.1
1078320 1994.0
1078330 1993.6
1078340 1993.3
1078350 1993.3
1078360 1994.2
1078370 1992.4
1078380 1992.4
1078390 1989.1
1078400 1990.2
1078410 1989.7
1078420 1989.4
1078430 1987.7
1078440 1987.7
1078450 1985.7
1078460 1982.8
1078470 1982.8
1078480 1981.1
1078490 1979.8
1078500 1979.8
1078510 1974.1
1078520 1971.4
1078530 1971.4
1078540 1970.2
1078550 1968.0
1078560 1964.3
1078570 1964.3
1078580 1956.9
1078590 1952.9
1078600 1952.9
1078610 1951.8
1078620 1948.6
1078630 1948.6
1078640 1944.6
1078650 1941.2
1078660 1941.2
1078670 1940.4
1078680 1940.7
1078690 1940.7
1078700 1940.9
1078710 1939.4
1078720 1938.7
1078730 1935.5
1078740 1931.3
1078750 1931.3
1078760 1927.3
1078770 1924.5
1078780 1921.4
1078790 1921.4
1078800 1919.6
1078810 1918.5
1078820 1918.5
1078830 1915.6
1078840 1911.7
1078850 1911.7
1078860 1908.0
1078870 1904.0
1078880 1904.0
1078890 1899.8
1078900 1895.5
1078910 1895.5
1078920 1891.7
1078930 1888.8
1078940 1888.8
1078950 1887.7
1078960 1887.6
1078970 1887.6
1078980 1887.3
1078990 1887.1
1079000 1887.1
1079010 1887.1
1079020 1888.0
1079030 1888.7
1079040 1887.8
1079050 1888.0
1079060 1887.7
1079070 1887.7
1079080 1886.2
1079090 1884.5
1079100 1884.5
1079110 1880.3
1079120 1874.0
1079130 1874.0
1079140 1867.3
1079150 1860.6
1079160 1860.6
1079170 1853.3
1079180 1845.9
1079190 1845.9
1079200 1838.2
1079210 1830.5
1079220 1830.5
1079230 1823.6
1079240 1817.3
1079250 1811.0
1079260 1811.0
1079270 1804.9
1079280 1798.4
1079290 1798.4
1079300 1793.1
1079310 1787.7
1079320 1787.7
1079330 1781.5
1079340 1774.7
1079350 1772.6
1079360 1767.0
1079370 1762.4
1079380 1762.4
1079390 1758.2
1079400 1753.5
1079410 1753.5
1079420 1748.4
1079430 1744.5
1079440 1744.5
1079450 1741.4
1079460 1738.4
1079470 1735.6
1079480 1735.6
1079490 1734.1
1079500 1732.6
1079510 1732.6
1079520 1730.7
1079530 1727.9
1079540 1727.9
1079550 1724.9
1079560 1722.4
1079570 1722.4
1079580 1722.3
1079590 1721.7
1079600 1721.7
1079610 1720.5
1079620 1720.3
1079630 1720.3
1079640 1719.1
1079650 1718.2
1079660 1721.6
1079670 1721.2
1079680 1721.2
1079690 1721.2
1079700 1720.7
1079710 1720.3
1079720 1719.3
1079730 1719.3
1079740 1718.5
1079750 1718.2
1079760 1718.2
1079770 1717.7
1079780 1716.6
1079790 1716.6
1079800 1716.5
1079810 1715.6
1079820 1715.6
1079830 1712.7
1079840 1712.8
1079850 1712.8
1079860 1711.8
1079870 1711.1
1079880 1711.1
1079890 1710.0
1079900 1709.6
1079910 1709.6
1079920 1710.5
1079930 1711.3
1079940 1711.9
1079950 1711.9
1079960 1712.7
1079970 1713.1
1079980 1717.4
1079990 1717.0
