1071980 1888.7
1071990 1888.7
1072000 1886.9
1072010 1881.1
1072020 1881.1
1072030 1876.0
1072040 1871.9
1072050 1871.9
1072060 1868.3
1072070 1862.1
1072080 1862.1
1072090 1856.0
1072100 1850.9
1072110 1850.9
1072120 1845.6
1072130 1840.1
1072140 1840.1
1072150 1836.0
1072160 1833.6
1072170 1833.0
1072180 1833.0
1072190 1830.1
1072200 1824.9
1072210 1824.9
1072220 1820.3
1072230 1815.8
1072240 1815.8
1072250 1812.5
1072260 1810.0
1072270 1810.0
1072280 1807.2
1072290 1803.7
1072300 1803.7
1072310 1805.2
1072320 1801.3
1072330 1801.3
1072340 1796.6
1072350 1792.3
1072360 1792.3
1072370 1788.7
1072380 1784.2
1072390 1777.2
1072400 1777.2
1072410 1772.1
1072420 1768.8
1072430 1768.8
1072440 1764.8
1072450 1758.8
1072460 1758.8
1072470 1750.4
1072480 1741.8
1072490 1741.8
1072500 1734.5
1072510 1726.5
1072520 1726.5
1072530 1718.9
1072540 1713.3
1072550 1713.3
1072560 1707.7
1072570 1702.4
1072580 1702.4
1072590 1698.0
1072600 1693.3
1072610 1695.1
1072620 1689.8
1072630 1684.2
1072640 1675.5
1072650 1675.5
1072660 1666.3
1072670 1658.4
1072680 1658.4
1072690 1652.5
1072700 1649.2
1072710 1649.2
1072720 1646.0
1072730 1643.1
1072740 1643.1
1072750 1638.2
1072760 1629.7
1072770 1629.7
1072780 1620.9
1072790 1613.2
1072800 1613.2
1072810 1607.8
1072820 1604.1
1072830 1604.1
1072840 1599.5
1072850 1595.7
1072860 1591.7
1072870 1591.7
1072880 1588.0
1072890 1584.5
1072900 1584.5
1072910 1581.4
1072920 1578.4
1072930 1578.4
1072940 1574.9
1072950 1569.7
1072960 1569.7
1072970 1564.6
1072980 1558.6
1072990 1558.6
1073000 1550.9
1073010 1544.6
1073020 1544.6
1073030 1539.5
1073040 1535.2
1073050 1535.2
1073060 1531.0
1073070 1526.1
1073080 1520.2
1073090 1520.2
1073100 1513.2
1073110 1506.3
1073120 1506.3
1073130 1500.9
1073140 1495.6
1073150 1495.6
1073160 1488.5
1073170 1478.9
1073180 1478.9
1073190 1472.1
1073200 1468.2
1073210 1468.2
1073220 1464.9
1073230 1460.6
1073240 1460.6
1073250 1456.7
1073260 1453.4
1073270 1453.4
1073280 1449.9
1073290 1446.2
1073300 1446.2
1073310 1442.4
1073320 1438.6
1073330 1435.2
1073340 1435.2
1073350 1431.9
1073360 1428.7
1073370 1428.7
1073380 1425.4
1073390 1422.2
1073400 1422.2
1073410 1419.3
1073420 1416.1
1073430 1416.1
1073440 1413.0
1073450 1409.9
1073460 1409.9
1073470 1406.9
1073480 1403.8
1073490 1403.8
1073500 1400.9
1073510 1397.9
1073520 1397.9
1073530 1395.2
1073540 1395.9
1073550 1394.8
1073560 1394.8
1073570 1393.8
1073580 1393.0
1073590 1393.0
1073600 1392.1
1073610 1391.7
1073620 1391.7
1073630 1391.5
1073640 1390.6
1073650 1390.6
1073660 1388.6
1073670 1386.0
1073680 1386.0
1073690 1383.4
1073700 1378.7
1073710 1378.7
1073720 1372.7
1073730 1365.8
1073740 1365.8
1073750 1357.7
1073760 1348.7
1073770 1348.7
1073780 1340.5
1073790 1334.4
1073800 1330.8
1073810 1330.8
1073820 1331.9
1073830 1338.6
1073840 1338.6
1073850 1344.0
1073860 1348.5
1073870 1348.5
1073880 1352.1
1073890 1353.7
1073900 1353.7
1073910 1356.5
1073920 1359.3
1073930 1359.3
1073940 1362.1
1073950 1363.6
1073960 1363.6
1073970 1364.0
1073980 1364.3
1073990 1364.3
1074000 1364.6
1074010 1364.0
1074020 1362.6
1074030 1362.6
1074040 1361.0
1074050 1359.1
1074060 1359.1
1074070 1357.6
1074080 1356.7
1074090 1356.7
1074100 1357.3
1074110 1358.2
1074120 1358.2
1074130 1359.4
1074140 1359.7
1074150 1359.7
1074160 1360.2
1074170 1359.9
1074180 1359.9
1074190 1359.9
1074200 1359.6
1074210 1359.6
1074220 1359.2
1074230 1358.5
1074240 1357.6
1074250 1357.6
1074260 1356.8
1074270 1355.6
1074280 1355.6
1074290 1354.3
1074300 1354.4
1074310 1354.4
1074320 1354.9
1074330 1355.1
1074340 1355.1
1074350 1355.4
1074360 1355.9
1074370 1355.9
1074380 1356.3
1074390 1354.8
1074400 1354.8
1074410 1354.6
1074420 1355.8
1074430 1355.8
1074440 1356.5
1074450 1357.0
1074460 1357.0
1074470 1357.7
1074480 1357.8
1074490 1358.3
1074500 1358.3
1074510 1359.6
1074520 1364.0
1074530 1364.0
1074540 1368.6
1074550 1372.9
1074560 1372.9
1074570 1376.9
1074580 1381.3
1074590 1381.3
1074600 1385.3
1074610 1389.4
1074620 1389.4
1074630 1393.8
1074640 1398.3
1074650 1398.3
1074660 1403.4
1074670 1408.9
1074680 1408.9
1074690 1414.6
1074700 1422.1
1074710 1430.7
1074720 1430.7
1074730 1438.5
1074740 1445.6
1074750 1445.6
1074760 1452.4
1074770 1458.1
1074780 1458.5
1074790 1464.3
1074800 1470.6
1074810 1470.6
1074820 1477.0
1074830 1482.7
1074840 1482.7
1074850 1489.1
1074860 1495.8
1074870 1495.8
1074880 1503.2
1074890 1510.1
1074900 1510.1
1074910 1517.1
1074920 1524.4
1074930 1532.3
1074940 1532.3
1074950 1540.4
1074960 1548.3
1074970 1548.3
1074980 1556.1
1074990 1564.3
1075000 1564.3
1075010 1573.5
1075020 1581.9
1075030 1581.9
1075040 1593.8
1075050 1603.6
1075060 1603.6
1075070 1617.7
1075080 1624.6
1075090 1627.1
1075100 1633.2
1075110 1638.9
1075120 1638.9
1075130 1644.4
1075140 1650.4
1075150 1650.4
1075160 1656.7
1075170 1664.0
1075180 1670.7
1075190 1670.7
1075200 1677.4
1075210 1684.5
1075220 1684.5
1075230 1691.9
1075240 1699.7
1075250 1699.7
1075260 1707.9
1075270 1714.9
1075280 1714.9
1075290 1721.1
1075300 1729.5
1075310 1729.5
1075320 1737.9
1075330 1746.2
1075340 1746.2
1075350 1757.5
1075360 1773.3
1075370 1773.3
1075380 1782.5
1075390 1783.8
1075400 1795.4
1075410 1795.4
1075420 1792.6
1075430 1790.2
1075440 1790.2
1075450 1786.1
1075460 1778.2
1075470 1778.2
1075480 1772.8
1075490 1768.4
1075500 1768.4
1075510 1766.2
1075520 1761.7
1075530 1761.7
1075540 1751.4
1075550 1746.1
1075560 1746.1
1075570 1745.2
1075580 1744.8
1075590 1744.8
1075600 1743.8
1075610 1742.5
1075620 1740.8
1075630 1740.8
1075640 1738.9
1075650 1736.8
1075660 1736.8
1075670 1735.1
1075680 1733.7
1075690 1733.7
1075700 1732.2
1075710 1738.3
1075720 1738.3
1075730 1736.8
1075740 1734.8
1075750 1734.8
1075760 1733.1
1075770 1732.6
1075780 1732.6
1075790 1732.7
1075800 1733.8
1075810 1733.8
1075820 1735.5
1075830 1736.8
1075840 1736.8
1075850 1737.0
1075860 1738.8
1075870 1741.2
1075880 1741.2
1075890 1742.6
1075900 1742.8
1075910 1742.8
1075920 1742.9
1075930 1743.2
1075940 1743.2
1075950 1743.6
1075960 1744.0
1075970 1744.0
1075980 1744.0
1075990 1744.8
1076000 1744.8
1076010 1746.8
1076020 1755.4
1076030 1755.4
1076040 1757.7
1076050 1760.7
1076060 1760.7
1076070 1765.2
1076080 1770.3
1076090 1774.9
1076100 1774.9
1076110 1777.3
1076120 1778.9
1076130 1778.9
1076140 1780.9
1076150 1783.1
1076160 1783.1
1076170 1783.2
1076180 1783.2
1076190 1783.2
1076200 1783.1
1076210 1783.9
1076220 1783.9
1076230 1784.4
1076240 1786.0
1076250 1786.0
1076260 1787.5
1076270 1787.9
1076280 1787.9
1076290 1790.3
1076300 1793.0
1076310 1795.4
1076320 1795.4
1076330 1802.6
1076340 1806.9
1076350 1806.9
1076360 1811.7
1076370 1816.5
1076380 1816.5
1076390 1820.8
1076400 1825.0
1076410 1825.0
1076420 1828.7
1076430 1831.8
1076440 1831.8
1076450 1834.5
1076460 1836.7
1076470 1836.7
1076480 1839.6
1076490 1842.9
1076500 1842.9
1076510 1846.5
1076520 1849.8
1076530 1849.8
1076540 1850.8
1076550 1853.7
1076560 1857.4
1076570 1857.4
1076580 1862.1
1076590 1866.8
1076600 1866.8
1076610 1871.3
1076620 1876.4
1076630 1876.4
1076640 1886.8
1076650 1892.2
1076660 1892.2
1076670 1897.2
1076680 1902.3
1076690 1902.3
1076700 1905.6
1076710 1907.9
1076720 1907.9
1076730 1910.1
1076740 1912.2
1076750 1912.2
1076760 1914.7
1076770 1916.8
1076780 1919.5
1076790 1919.5
1076800 1926.0
1076810 1930.1
1076820 1930.1
1076830 1931.8
1076840 1933.9
1076850 1933.9
1076860 1936.3
1076870 1938.9
1076880 1938.9
1076890 1941.5
1076900 1944.3
1076910 1944.3
1076920 1947.5
1076930 1950.5
1076940 1950.5
1076950 1955.6
1076960 1959.2
1076970 1959.2
1076980 1964.0
1076990 1969.3
1077000 1974.0
1077010 1974.0
1077020 1977.8
1077030 1980.9
1077040 1980.9
1077050 1984.6
1077060 1989.6
1077070 1989.6
1077080 1997.6
1077090 2005.9
1077100 2005.9
1077110 2013.6
1077120 2021.5
1077130 2021.5
1077140 2031.3
1077150 2041.7
1077160 2041.7
1077170 2048.2
1077180 2055.5
1077190 2055.5
1077200 2062.6
1077210 2069.5
1077220 2069.5
1077230 2075.8
1077240 2081.8
1077250 2089.0
1077260 2086.5
1077270 2094.7
1077280 2099.2
1077290 2099.2
1077300 2102.6
1077310 2108.1
1077320 2108.1
1077330 2115.2
1077340 2122.8
1077350 2122.8
1077360 2130.2
1077370 2137.2
1077380 2137.2
1077390 2143.8
1077400 2151.7
1077410 2151.7
1077420 2160.8
1077430 2170.5
1077440 2170.5
1077450 2180.3
1077460 2175.3
1077470 2166.0
1077480 2166.0
1077490 2160.9
1077500 2156.6
1077510 2156.6
1077520 2148.9
1077530 2142.0
1077540 2142.0
1077550 2130.6
1077560 2119.1
1077570 2127.4
1077580 2121.6
1077590 2112.7
1077600 2112.7
1077610 2096.6
1077620 2084.6
1077630 2084.6
1077640 2076.5
1077650 2067.6
1077660 2067.6
1077670 2060.9
1077680 2055.0
1077690 2049.7
1077700 2049.7
1077710 2044.6
1077720 2039.3
1077730 2039.3
1077740 2033.6
1077750 2027.8
1077760 2027.8
1077770 2022.1
1077780 2016.2
1077790 2016.2
1077800 2010.4
1077810 2004.9
1077820 2004.9
1077830 1999.4
1077840 1993.8
1077850 1993.8
1077860 1988.2
1077870 1982.7
1077880 1982.7
1077890 1977.5
1077900 1972.9
1077910 1972.9
1077920 1968.6
1077930 1964.8
1077940 1962.0
1077950 1962.0
1077960 1960.0
1077970 1957.5
1077980 1957.5
1077990 1954.4
1078000 1950.3
1078010 1950.3
1078020 1945.6
1078030 1941.1
1078040 1941.1
1078050 1937.1
1078060 1933.8
1078070 1933.8
1078080 1930.1
1078090 1928.2
1078100 1928.2
1078110 1928.2
1078120 1928.1
1078130 1928.1
1078140 1926.7
1078150 1926.8
1078160 1927.1
1078170 1927.1
1078180 1927.0
1078190 1927.6
1078200 1932.3
1078210 1933.5
1078220 1933.6
1078230 1933.6
1078240 1933.4
1078250 1933.3
1078260 1933.3
1078270 1932.6
1078280 1931.5
1078290 1931.5
1078300 1931.9
1078310 1931.4
1078320 1931.4
1078330 1929.5
1078340 1928.3
1078350 1928.3
1078360 1927.6
1078370 1926.3
1078380 1926.3
1078390 1924.3
1078400 1921.1
1078410 1917.4
1078420 1917.4
1078430 1914.1
1078440 1912.2
1078450 1912.2
1078460 1910.2
1078470 1908.3
1078480 1908.3
1078490 1906.1
1078500 1903.3
1078510 1908.9
1078520 1905.6
1078530 1902.8
1078540 1902.8
1078550 1900.4
1078560 1896.9
1078570 1896.9
1078580 1893.0
1078590 1889.5
1078600 1889.5
1078610 1886.6
1078620 1884.4
1078630 1882.0
1078640 1882.0
1078650 1879.8
1078660 1879.3
1078670 1879.3
1078680 1878.2
1078690 1876.4
1078700 1876.4
1078710 1876.3
1078720 1878.6
1078730 1878.6
1078740 1880.7
1078750 1882.4
1078760 1882.4
1078770 1883.3
1078780 1884.2
1078790 1884.2
1078800 1884.7
1078810 1884.4
1078820 1890.8
1078830 1889.7
1078840 1888.5
1078850 1886.8
1078860 1886.8
1078870 1884.9
1078880 1882.6
1078890 1882.6
1078900 1881.5
1078910 1881.4
1078920 1881.4
1078930 1880.7
1078940 1879.2
1078950 1879.2
1078960 1876.6
1078970 1874.5
1078980 1874.5
1078990 1872.2
1079000 1869.1
1079010 1869.1
1079020 1865.9
1079030 1862.9
1079040 1862.9
1079050 1859.5
1079060 1855.2
1079070 1855.2
1079080 1850.8
1079090 1846.7
1079100 1843.7
1079110 1843.7
1079120 1840.9
1079130 1837.3
1079140 1841.3
1079150 1837.2
1079160 1832.4
1079170 1832.4
1079180 1827.3
1079190 1822.3
1079200 1822.3
1079210 1816.8
1079220 1811.7
1079230 1811.7
1079240 1806.7
1079250 1801.6
1079260 1801.6
1079270 1797.1
1079280 1793.6
1079290 1793.6
1079300 1790.3
1079310 1786.5
1079320 1782.3
1079330 1782.3
1079340 1778.9
1079350 1775.3
1079360 1775.3
1079370 1772.3
1079380 1768.9
1079390 1768.9
1079400 1765.6
1079410 1762.2
1079420 1762.2
1079430 1757.7
1079440 1753.0
1079450 1758.0
1079460 1754.7
1079470 1750.8
1079480 1750.8
1079490 1746.9
1079500 1743.4
1079510 1743.4
1079520 1739.9
1079530 1735.8
1079540 1731.0
1079550 1731.0
1079560 1726.5
1079570 1722.2
1079580 1722.2
1079590 1717.9
1079600 1712.8
1079610 1712.8
1079620 1708.7
1079630 1705.6
1079640 1705.6
1079650 1702.0
1079660 1697.2
1079670 1697.2
1079680 1691.9
1079690 1686.8
1079700 1686.8
1079710 1680.8
1079720 1674.8
1079730 1674.8
1079740 1668.4
1079750 1661.9
1079760 1665.5
1079770 1658.8
1079780 1652.5
1079790 1646.6
1079800 1646.6
1079810 1640.8
1079820 1634.7
1079830 1634.7
1079840 1628.9
1079850 1623.9
1079860 1623.9
1079870 1619.3
1079880 1613.9
1079890 1613.9
1079900 1608.5
1079910 1603.1
1079920 1603.1
1079930 1598.6
1079940 1594.2
1079950 1594.2
1079960 1590.1
1079970 1585.0
1079980 1585.0
1079990 1578.3
