1072160 1859.0
1072170 1859.0
1072180 1854.3
1072190 1850.1
1072200 1850.1
1072210 1846.3
1072220 1843.6
1072230 1843.6
1072240 1840.5
1072250 1835.3
1072260 1835.3
1072270 1829.9
1072280 1826.0
1072290 1826.0
1072300 1824.4
1072310 1821.1
1072320 1821.1
1072330 1818.5
1072340 1814.6
1072350 1814.6
1072360 1810.3
1072370 1806.4
1072380 1802.5
1072390 1802.5
1072400 1798.9
1072410 1795.9
1072420 1795.9
1072430 1793.4
1072440 1791.3
1072450 1791.3
1072460 1789.1
1072470 1786.7
1072480 1786.7
1072490 1784.0
1072500 1781.1
1072510 1781.1
1072520 1777.8
1072530 1772.7
1072540 1772.7
1072550 1766.7
1072560 1760.6
1072570 1760.6
1072580 1754.0
1072590 1747.0
1072600 1738.7
1072610 1737.5
1072620 1725.8
1072630 1712.6
1072640 1712.6
1072650 1700.6
1072660 1690.5
1072670 1690.5
1072680 1673.6
1072690 1664.1
1072700 1664.1
1072710 1661.3
1072720 1660.5
1072730 1660.5
1072740 1653.5
1072750 1644.6
1072760 1644.6
1072770 1637.3
1072780 1629.9
1072790 1629.9
1072800 1618.4
1072810 1612.7
1072820 1611.7
1072830 1611.7
1072840 1608.2
1072850 1605.3
1072860 1605.3
1072870 1599.7
1072880 1596.3
1072890 1596.3
1072900 1595.9
1072910 1587.7
1072920 1598.7
1072930 1591.7
1072940 1581.2
1072950 1581.2
1072960 1575.9
1072970 1572.9
1072980 1572.9
1072990 1568.8
1073000 1567.5
1073010 1567.5
1073020 1568.5
1073030 1562.2
1073040 1562.2
1073050 1557.5
1073060 1554.0
1073070 1550.8
1073080 1550.8
1073090 1551.3
1073100 1551.6
1073110 1551.6
1073120 1545.0
1073130 1538.3
1073140 1538.3
1073150 1532.0
1073160 1525.1
1073170 1525.1
1073180 1517.7
1073190 1509.8
1073200 1509.8
1073210 1502.3
1073220 1494.5
1073230 1492.3
1073240 1484.6
1073250 1477.8
1073260 1477.8
1073270 1471.5
1073280 1466.0
1073290 1460.8
1073300 1460.8
1073310 1456.9
1073320 1451.7
1073330 1451.7
1073340 1446.9
1073350 1442.1
1073360 1442.1
1073370 1436.4
1073380 1430.3
1073390 1430.3
1073400 1424.0
1073410 1417.6
1073420 1417.6
1073430 1409.8
1073440 1402.6
1073450 1402.6
1073460 1397.4
1073470 1393.1
1073480 1393.1
1073490 1388.3
1073500 1383.7
1073510 1378.8
1073520 1378.8
1073530 1374.0
1073540 1369.9
1073550 1369.9
1073560 1366.8
1073570 1365.3
1073580 1365.3
1073590 1363.0
1073600 1360.2
1073610 1360.2
1073620 1357.6
1073630 1355.6
1073640 1355.6
1073650 1353.3
1073660 1351.0
1073670 1351.0
1073680 1349.1
1073690 1347.3
1073700 1347.3
1073710 1344.9
1073720 1342.9
1073730 1342.9
1073740 1340.3
1073750 1338.0
1073760 1335.6
1073770 1335.6
1073780 1333.2
1073790 1331.0
1073800 1331.0
1073810 1328.5
1073820 1326.6
1073830 1326.6
1073840 1321.8
1073850 1317.8
1073860 1317.8
1073870 1316.1
1073880 1318.1
1073890 1318.1
1073900 1324.4
1073910 1330.9
1073920 1330.9
1073930 1337.5
1073940 1343.9
1073950 1343.9
1073960 1344.8
1073970 1343.6
1073980 1342.3
1073990 1342.3
1074000 1340.1
1074010 1336.8
1074020 1336.8
1074030 1335.0
1074040 1333.8
1074050 1333.8
1074060 1334.9
1074070 1337.4
1074080 1337.4
1074090 1342.3
1074100 1345.8
1074110 1345.8
1074120 1346.0
1074130 1343.9
1074140 1343.9
1074150 1341.8
1074160 1340.1
1074170 1340.1
1074180 1339.9
1074190 1339.6
1074200 1339.6
1074210 1337.1
1074220 1334.7
1074230 1333.5
1074240 1333.5
1074250 1331.3
1074260 1327.8
1074270 1327.8
1074280 1330.0
1074290 1332.4
1074300 1332.4
1074310 1333.7
1074320 1335.4
1074330 1335.4
1074340 1337.7
1074350 1339.5
1074360 1339.5
1074370 1341.0
1074380 1343.1
1074390 1343.1
1074400 1344.9
1074410 1346.6
1074420 1346.6
1074430 1348.4
1074440 1350.2
1074450 1352.0
1074460 1352.3
1074470 1354.4
1074480 1356.6
1074490 1356.6
1074500 1358.8
1074510 1361.1
1074520 1361.1
1074530 1363.7
1074540 1365.9
1074550 1365.9
1074560 1368.6
1074570 1371.4
1074580 1371.4
1074590 1373.3
1074600 1375.2
1074610 1375.2
1074620 1378.6
1074630 1381.6
1074640 1381.6
1074650 1383.3
1074660 1385.9
1074670 1388.8
1074680 1388.8
1074690 1391.8
1074700 1394.6
1074710 1394.6
1074720 1397.4
1074730 1400.5
1074740 1400.5
1074750 1405.6
1074760 1413.0
1074770 1409.4
1074780 1414.2
1074790 1419.3
1074800 1419.3
1074810 1423.2
1074820 1428.4
1074830 1428.4
1074840 1435.4
1074850 1442.3
1074860 1442.3
1074870 1452.5
1074880 1461.8
1074890 1461.8
1074900 1466.2
1074910 1470.5
1074920 1472.1
1074930 1472.1
1074940 1472.5
1074950 1474.1
1074960 1474.1
1074970 1476.1
1074980 1478.7
1074990 1478.7
1075000 1484.6
1075010 1492.5
1075020 1492.5
1075030 1498.4
1075040 1499.5
1075050 1499.5
1075060 1502.8
1075070 1506.7
1075080 1504.5
1075090 1506.1
1075100 1507.3
1075110 1507.3
1075120 1510.7
1075130 1515.4
1075140 1522.9
1075150 1522.9
1075160 1531.3
1075170 1537.8
1075180 1537.8
1075190 1543.2
1075200 1546.1
1075210 1546.1
1075220 1547.6
1075230 1550.8
1075240 1550.8
1075250 1552.1
1075260 1555.8
1075270 1555.8
1075280 1560.5
1075290 1565.2
1075300 1565.2
1075310 1570.5
1075320 1576.9
1075330 1576.9
1075340 1585.0
1075350 1593.6
1075360 1600.8
1075370 1600.8
1075380 1602.1
1075390 1605.0
1075400 1605.0
1075410 1598.7
1075420 1593.2
1075430 1593.2
1075440 1597.8
1075450 1604.8
1075460 1604.8
1075470 1612.5
1075480 1619.7
1075490 1619.7
1075500 1627.0
1075510 1633.0
1075520 1633.0
1075530 1638.6
1075540 1643.6
1075550 1643.6
1075560 1647.8
1075570 1651.2
1075580 1651.2
1075590 1655.1
1075600 1659.1
1075610 1663.8
1075620 1663.8
1075630 1668.5
1075640 1672.7
1075650 1672.7
1075660 1675.3
1075670 1679.2
1075680 1679.2
1075690 1683.5
1075700 1686.0
1075710 1686.0
1075720 1688.3
1075730 1691.2
1075740 1691.2
1075750 1694.6
1075760 1697.8
1075770 1697.8
1075780 1700.2
1075790 1703.5
1075800 1703.5
1075810 1707.4
1075820 1711.2
1075830 1715.2
1075840 1715.2
1075850 1719.2
1075860 1723.3
1075870 1723.3
1075880 1727.0
1075890 1730.2
1075900 1730.2
1075910 1733.4
1075920 1737.1
1075930 1737.1
1075940 1740.8
1075950 1744.2
1075960 1744.2
1075970 1747.5
1075980 1750.8
1075990 1750.8
1076000 1754.1
1076010 1753.5
1076020 1753.5
1076030 1756.6
1076040 1759.6
1076050 1759.6
1076060 1763.1
1076070 1766.8
1076080 1769.8
1076090 1769.8
1076100 1772.5
1076110 1774.8
1076120 1774.8
1076130 1778.0
1076140 1781.3
1076150 1781.3
1076160 1784.3
1076170 1786.9
1076180 1786.9
1076190 1790.0
1076200 1793.2
1076210 1793.2
1076220 1795.8
1076230 1798.3
1076240 1798.3
1076250 1800.4
1076260 1802.7
1076270 1802.7
1076280 1805.0
1076290 1807.6
1076300 1809.6
1076310 1809.6
1076320 1811.4
1076330 1815.5
1076340 1815.5
1076350 1820.5
1076360 1824.7
1076370 1824.7
1076380 1828.8
1076390 1832.9
1076400 1832.9
1076410 1837.2
1076420 1841.6
1076430 1841.6
1076440 1846.1
1076450 1851.1
1076460 1851.1
1076470 1856.4
1076480 1862.2
1076490 1862.2
1076500 1867.9
1076510 1873.6
1076520 1879.2
1076530 1879.2
1076540 1884.9
1076550 1890.2
1076560 1890.2
1076570 1895.7
1076580 1901.1
1076590 1901.1
1076600 1906.8
1076610 1912.6
1076620 1912.6
1076630 1918.1
1076640 1922.9
1076650 1922.9
1076660 1929.8
1076670 1937.8
1076680 1937.8
1076690 1947.9
1076700 1958.6
1076710 1958.6
1076720 1964.0
1076730 1968.9
1076740 1968.9
1076750 1975.0
1076760 1984.4
1076770 2001.0
1076780 2001.0
1076790 2009.7
1076800 2018.3
1076810 2018.3
1076820 2024.9
1076830 2032.7
1076840 2032.7
1076850 2040.1
1076860 2049.8
1076870 2049.8
1076880 2062.0
1076890 2072.7
1076900 2072.7
1076910 2079.5
1076920 2087.7
1076930 2087.7
1076940 2092.9
1076950 2094.3
1076960 2094.3
1076970 2096.1
1076980 2098.4
1076990 2100.1
1077000 2100.1
1077010 2101.9
1077020 2104.5
1077030 2104.5
1077040 2107.0
1077050 2107.7
1077060 2107.7
1077070 2107.5
1077080 2107.2
1077090 2107.2
1077100 2104.3
1077110 2105.1
1077120 2105.1
1077130 2113.2
1077140 2118.0
1077150 2118.0
1077160 2129.0
1077170 2142.3
1077180 2142.3
1077190 2153.5
1077200 2157.7
1077210 2160.2
1077220 2160.2
1077230 2162.9
1077240 2167.8
1077250 2167.8
1077260 2178.3
1077270 2188.9
1077280 2188.9
1077290 2199.2
1077300 2206.5
1077310 2206.5
1077320 2209.6
1077330 2213.0
1077340 2213.0
1077350 2218.9
1077360 2221.9
1077370 2221.9
1077380 2228.0
1077390 2233.5
1077400 2233.5
1077410 2235.4
1077420 2236.5
1077430 2236.5
1077440 2233.4
1077450 2227.3
1077460 2222.8
1077470 2222.8
1077480 2219.7
1077490 2212.2
1077500 2212.2
1077510 2206.4
1077520 2204.3
1077530 2204.3
1077540 2199.5
1077550 2202.0
1077560 2202.0
1077570 2194.7
1077580 2190.6
1077590 2190.6
1077600 2186.0
1077610 2181.0
1077620 2181.0
1077630 2179.3
1077640 2180.0
1077650 2180.0
1077660 2179.9
1077670 2177.4
1077680 2169.9
1077690 2169.9
1077700 2160.3
1077710 2152.2
1077720 2152.2
1077730 2148.6
1077740 2146.5
1077750 2146.5
1077760 2143.8
1077770 2142.3
1077780 2142.3
1077790 2140.7
1077800 2136.0
1077810 2136.0
1077820 2130.5
1077830 2125.4
1077840 2125.4
1077850 2121.4
1077860 2116.6
1077870 2116.6
1077880 2106.8
1077890 2104.5
1077900 2104.5
1077910 2102.6
1077920 2096.7
1077930 2089.9
1077940 2089.9
1077950 2083.2
1077960 2079.2
1077970 2079.2
1077980 2078.9
1077990 2077.8
1078000 2077.8
1078010 2073.2
1078020 2066.7
1078030 2066.7
1078040 2060.8
1078050 2056.0
1078060 2056.0
1078070 2051.5
1078080 2046.1
1078090 2046.1
1078100 2042.1
1078110 2039.3
1078120 2039.3
1078130 2035.4
1078140 2031.9
1078150 2028.8
1078160 2028.8
1078170 2025.9
1078180 2023.3
1078190 2017.0
1078200 2014.6
1078210 2011.4
1078220 2011.4
1078230 2008.0
1078240 2004.6
1078250 2004.6
1078260 2000.8
1078270 1997.2
1078280 1997.2
1078290 1993.5
1078300 1990.1
1078310 1990.1
1078320 1987.8
1078330 1984.8
1078340 1984.8
1078350 1981.0
1078360 1977.0
1078370 1972.7
1078380 1972.7
1078390 1968.5
1078400 1963.7
1078410 1963.7
1078420 1959.3
1078430 1954.8
1078440 1954.8
1078450 1950.6
1078460 1946.7
1078470 1946.7
1078480 1943.1
1078490 1939.9
1078500 1939.9
1078510 1931.6
1078520 1928.0
1078530 1928.0
1078540 1924.3
1078550 1921.4
1078560 1921.4
1078570 1918.3
1078580 1914.6
1078590 1914.6
1078600 1910.8
1078610 1906.6
1078620 1902.5
1078630 1902.5
1078640 1899.1
1078650 1895.8
1078660 1895.8
1078670 1892.4
1078680 1889.3
1078690 1889.3
1078700 1886.4
1078710 1883.4
1078720 1883.4
1078730 1880.4
1078740 1877.0
1078750 1877.0
1078760 1873.2
1078770 1869.4
1078780 1869.4
1078790 1865.9
1078800 1863.4
1078810 1863.4
1078820 1862.9
1078830 1859.7
1078840 1855.7
1078850 1855.7
1078860 1852.7
1078870 1849.4
1078880 1849.4
1078890 1846.3
1078900 1842.5
1078910 1842.5
1078920 1838.8
1078930 1834.8
1078940 1834.8
1078950 1831.2
1078960 1827.7
1078970 1827.7
1078980 1826.6
1078990 1824.4
1079000 1824.4
1079010 1821.8
1079020 1818.8
1079030 1818.8
1079040 1815.7
1079050 1814.4
1079060 1811.9
1079070 1811.9
1079080 1809.2
1079090 1805.1
1079100 1805.1
1079110 1802.0
1079120 1799.2
1079130 1800.0
1079140 1798.7
1079150 1795.9
1079160 1795.9
1079170 1792.6
1079180 1790.9
1079190 1790.9
1079200 1788.9
1079210 1785.5
1079220 1785.5
1079230 1782.1
1079240 1778.6
1079250 1778.6
1079260 1772.3
1079270 1764.9
1079280 1764.9
1079290 1758.3
1079300 1752.4
1079310 1746.9
1079320 1746.9
1079330 1741.5
1079340 1737.0
1079350 1737.0
1079360 1732.8
1079370 1728.8
1079380 1728.8
1079390 1726.0
1079400 1721.5
1079410 1721.5
1079420 1715.6
1079430 1710.4
1079440 1710.4
1079450 1710.1
1079460 1706.9
1079470 1706.9
1079480 1702.1
1079490 1698.0
1079500 1698.0
1079510 1694.7
1079520 1692.0
1079530 1689.2
1079540 1689.2
1079550 1687.1
1079560 1685.2
1079570 1685.2
1079580 1683.7
1079590 1681.4
1079600 1681.4
1079610 1678.5
1079620 1676.3
1079630 1676.3
1079640 1674.1
1079650 1672.2
1079660 1672.2
1079670 1670.9
1079680 1669.4
1079690 1669.4
1079700 1667.9
1079710 1666.6
1079720 1666.6
1079730 1665.9
1079740 1664.1
1079750 1664.1
1079760 1663.2
1079770 1661.7
1079780 1659.7
1079790 1659.7
1079800 1657.1
1079810 1654.7
1079820 1654.7
1079830 1652.7
1079840 1650.7
1079850 1650.7
1079860 1647.8
1079870 1643.4
1079880 1643.4
1079890 1638.2
1079900 1634.1
1079910 1634.1
1079920 1632.0
1079930 1628.4
1079940 1628.4
1079950 1623.7
1079960 1619.5
1079970 1619.5
1079980 1616.0
1079990 1612.2
