1071930 1949.8
1071940 1949.8
1071950 1943.1
1071960 1936.1
1071970 1936.1
1071980 1932.9
1071990 1930.3
1072000 1930.3
1072010 1926.7
1072020 1922.8
1072030 1922.8
1072040 1917.9
1072050 1911.4
1072060 1911.4
1072070 1902.5
1072080 1895.0
1072090 1890.1
1072100 1890.1
1072110 1885.6
1072120 1882.2
1072130 1882.2
1072140 1880.9
1072150 1877.6
1072160 1877.6
1072170 1872.8
1072180 1866.9
1072190 1866.9
1072200 1861.8
1072210 1857.1
1072220 1857.1
1072230 1852.3
1072240 1847.6
1072250 1847.6
1072260 1842.6
1072270 1837.1
1072280 1837.1
1072290 1831.4
1072300 1824.1
1072310 1817.2
1072320 1817.2
1072330 1811.4
1072340 1804.9
1072350 1804.9
1072360 1799.0
1072370 1790.7
1072380 1790.7
1072390 1780.9
1072400 1772.1
1072410 1772.1
1072420 1764.1
1072430 1756.4
1072440 1756.4
1072450 1751.4
1072460 1744.4
1072470 1744.4
1072480 1737.4
1072490 1730.4
1072500 1730.4
1072510 1723.5
1072520 1716.7
1072530 1716.7
1072540 1710.3
1072550 1703.7
1072560 1696.9
1072570 1696.9
1072580 1690.0
1072590 1683.4
1072600 1683.4
1072610 1678.1
1072620 1673.3
1072630 1673.3
1072640 1668.3
1072650 1663.9
1072660 1663.9
1072670 1659.5
1072680 1654.9
1072690 1654.9
1072700 1649.6
1072710 1645.1
1072720 1645.1
1072730 1640.6
1072740 1637.0
1072750 1639.4
1072760 1636.1
1072770 1632.6
1072780 1629.0
1072790 1629.0
1072800 1625.5
1072810 1619.7
1072820 1619.7
1072830 1613.6
1072840 1610.1
1072850 1610.1
1072860 1605.5
1072870 1599.8
1072880 1599.8
1072890 1594.6
1072900 1590.4
1072910 1590.4
1072920 1587.9
1072930 1585.0
1072940 1585.0
1072950 1581.0
1072960 1575.7
1072970 1575.7
1072980 1569.5
1072990 1563.6
1073000 1558.1
1073010 1558.1
1073020 1553.1
1073030 1549.7
1073040 1549.7
1073050 1544.5
1073060 1539.2
1073070 1539.2
1073080 1534.7
1073090 1531.3
1073100 1531.3
1073110 1524.9
1073120 1517.2
1073130 1517.2
1073140 1509.3
1073150 1502.1
1073160 1502.1
1073170 1493.9
1073180 1486.0
1073190 1486.0
1073200 1480.6
1073210 1475.3
1073220 1475.3
1073230 1468.7
1073240 1461.9
1073250 1457.2
1073260 1457.2
1073270 1455.0
1073280 1454.0
1073290 1454.0
1073300 1453.8
1073310 1452.9
1073320 1452.9
1073330 1452.0
1073340 1452.1
1073350 1452.1
1073360 1451.3
1073370 1447.7
1073380 1447.7
1073390 1447.8
1073400 1447.6
1073410 1447.6
1073420 1446.4
1073430 1445.5
1073440 1445.5
1073450 1444.1
1073460 1442.6
1073470 1441.8
1073480 1441.8
1073490 1440.8
1073500 1439.6
1073510 1439.6
1073520 1438.7
1073530 1437.5
1073540 1437.5
1073550 1436.2
1073560 1436.5
1073570 1436.5
1073580 1434.8
1073590 1431.5
1073600 1431.5
1073610 1427.6
1073620 1422.8
1073630 1422.8
1073640 1418.4
1073650 1414.1
1073660 1414.1
1073670 1409.6
1073680 1403.2
1073690 1397.3
1073700 1397.3
1073710 1391.1
1073720 1384.7
1073730 1384.7
1073740 1378.2
1073750 1372.4
1073760 1372.4
1073770 1366.2
1073780 1359.1
1073790 1359.1
1073800 1351.8
1073810 1344.8
1073820 1344.8
1073830 1338.5
1073840 1336.9
1073850 1336.9
1073860 1339.0
1073870 1344.3
1073880 1344.3
1073890 1348.6
1073900 1354.2
1073910 1354.2
1073920 1361.0
1073930 1365.3
1073940 1365.5
1073950 1365.5
1073960 1363.4
1073970 1359.9
1073980 1359.9
1073990 1357.4
1074000 1357.8
1074010 1357.8
1074020 1358.6
1074030 1359.6
1074040 1359.6
1074050 1360.1
1074060 1361.1
1074070 1361.1
1074080 1361.6
1074090 1361.7
1074100 1361.7
1074110 1361.2
1074120 1359.5
1074130 1359.5
1074140 1358.8
1074150 1358.2
1074160 1358.2
1074170 1358.2
1074180 1358.3
1074190 1358.7
1074200 1358.7
1074210 1358.7
1074220 1358.9
1074230 1358.9
1074240 1359.2
1074250 1359.4
1074260 1359.4
1074270 1359.8
1074280 1360.3
1074290 1360.3
1074300 1361.1
1074310 1361.5
1074320 1361.5
1074330 1361.3
1074340 1361.4
1074350 1361.4
1074360 1361.6
1074370 1362.2
1074380 1362.2
1074390 1362.7
1074400 1362.8
1074410 1361.7
1074420 1361.7
1074430 1361.9
1074440 1362.4
1074450 1362.4
1074460 1363.1
1074470 1363.6
1074480 1363.6
1074490 1363.9
1074500 1364.4
1074510 1364.4
1074520 1364.9
1074530 1364.9
1074540 1364.9
1074550 1365.4
1074560 1369.4
1074570 1369.4
1074580 1375.8
1074590 1381.9
1074600 1381.9
1074610 1387.3
1074620 1393.6
1074630 1399.9
1074640 1399.9
1074650 1406.4
1074660 1412.7
1074670 1412.7
1074680 1419.5
1074690 1426.1
1074700 1426.1
1074710 1432.8
1074720 1439.5
1074730 1439.5
1074740 1446.7
1074750 1454.7
1074760 1454.7
1074770 1462.7
1074780 1471.0
1074790 1471.0
1074800 1487.2
1074810 1498.7
1074820 1498.7
1074830 1506.4
1074840 1513.9
1074850 1521.6
1074860 1521.6
1074870 1530.1
1074880 1538.1
1074890 1538.1
1074900 1546.2
1074910 1553.7
1074920 1557.3
1074930 1564.9
1074940 1571.6
1074950 1571.6
1074960 1578.3
1074970 1584.5
1074980 1584.5
1074990 1591.0
1075000 1597.5
1075010 1597.5
1075020 1604.6
1075030 1612.3
1075040 1612.3
1075050 1619.8
1075060 1628.6
1075070 1628.6
1075080 1641.6
1075090 1650.3
1075100 1657.2
1075110 1657.2
1075120 1664.1
1075130 1671.4
1075140 1671.4
1075150 1677.6
1075160 1682.6
1075170 1682.6
1075180 1687.1
1075190 1692.2
1075200 1692.2
1075210 1698.0
1075220 1704.5
1075230 1704.3
1075240 1710.7
1075250 1717.3
1075260 1717.3
1075270 1723.7
1075280 1730.6
1075290 1730.6
1075300 1737.5
1075310 1744.3
1075320 1751.8
1075330 1751.8
1075340 1758.1
1075350 1764.4
1075360 1764.4
1075370 1770.6
1075380 1777.1
1075390 1777.1
1075400 1783.2
1075410 1789.0
1075420 1789.0
1075430 1794.3
1075440 1798.8
1075450 1798.8
1075460 1802.7
1075470 1806.2
1075480 1806.2
1075490 1809.9
1075500 1815.8
1075510 1815.8
1075520 1821.3
1075530 1828.1
1075540 1830.3
1075550 1830.3
1075560 1835.2
1075570 1838.3
1075580 1838.3
1075590 1841.2
1075600 1843.5
1075610 1843.5
1075620 1844.6
1075630 1845.1
1075640 1845.1
1075650 1845.1
1075660 1844.6
1075670 1844.6
1075680 1844.8
1075690 1847.0
1075700 1847.0
1075710 1850.6
1075720 1855.3
1075730 1855.3
1075740 1859.5
1075750 1857.4
1075760 1857.4
1075770 1849.8
1075780 1842.6
1075790 1837.2
1075800 1837.2
1075810 1832.9
1075820 1831.4
1075830 1831.4
1075840 1830.4
1075850 1837.8
1075860 1837.8
1075870 1835.5
1075880 1835.5
1075890 1835.5
1075900 1834.1
1075910 1831.8
1075920 1831.8
1075930 1829.1
1075940 1830.1
1075950 1830.1
1075960 1830.9
1075970 1830.5
1075980 1830.5
1075990 1830.7
1076000 1831.4
1076010 1830.9
1076020 1830.9
1076030 1830.4
1076040 1829.3
1076050 1829.3
1076060 1828.9
1076070 1829.4
1076080 1829.4
1076090 1830.8
1076100 1831.9
1076110 1831.9
1076120 1831.9
1076130 1831.7
1076140 1831.7
1076150 1833.5
1076160 1840.7
1076170 1840.7
1076180 1840.1
1076190 1839.5
1076200 1839.5
1076210 1838.6
1076220 1839.2
1076230 1842.3
1076240 1842.3
1076250 1843.8
1076260 1846.3
1076270 1846.3
1076280 1850.4
1076290 1855.7
1076300 1855.7
1076310 1859.7
1076320 1860.9
1076330 1860.9
1076340 1862.4
1076350 1864.8
1076360 1864.8
1076370 1869.5
1076380 1874.8
1076390 1874.8
1076400 1881.3
1076410 1888.7
1076420 1888.7
1076430 1892.3
1076440 1900.5
1076450 1900.5
1076460 1904.5
1076470 1911.6
1076480 1923.2
1076490 1923.2
1076500 1926.1
1076510 1923.8
1076520 1923.8
1076530 1922.2
1076540 1925.0
1076550 1925.0
1076560 1925.2
1076570 1928.8
1076580 1928.8
1076590 1932.3
1076600 1933.4
1076610 1933.4
1076620 1935.0
1076630 1936.2
1076640 1936.2
1076650 1935.6
1076660 1933.5
1076670 1933.5
1076680 1934.4
1076690 1942.5
1076700 1949.4
1076710 1949.4
1076720 1953.4
1076730 1955.8
1076740 1955.8
1076750 1957.5
1076760 1958.7
1076770 1958.7
1076780 1967.5
1076790 1971.4
1076800 1971.4
1076810 1975.2
1076820 1979.6
1076830 1979.6
1076840 1983.8
1076850 1986.2
1076860 1986.2
1076870 1987.2
1076880 1991.6
1076890 1991.6
1076900 1996.4
1076910 2002.1
1076920 2005.2
1076930 2005.2
1076940 2005.6
1076950 2006.6
1076960 2006.6
1076970 2006.5
1076980 2009.7
1076990 2009.7
1077000 2012.5
1077010 2013.6
1077020 2013.6
1077030 2013.5
1077040 2013.9
1077050 2013.9
1077060 2013.8
1077070 2013.9
1077080 2013.9
1077090 2020.3
1077100 2021.0
1077110 2021.0
1077120 2022.3
1077130 2024.9
1077140 2024.9
1077150 2028.2
1077160 2032.2
1077170 2037.1
1077180 2037.1
1077190 2042.6
1077200 2048.5
1077210 2048.5
1077220 2054.7
1077230 2061.1
1077240 2061.1
1077250 2067.4
1077260 2073.6
1077270 2073.6
1077280 2079.8
1077290 2086.7
1077300 2086.7
1077310 2093.4
1077320 2100.2
1077330 2100.2
1077340 2107.3
1077350 2116.5
1077360 2116.5
1077370 2133.8
1077380 2147.0
1077390 2162.2
1077400 2165.9
1077410 2183.7
1077420 2194.9
1077430 2194.9
1077440 2203.0
1077450 2216.1
1077460 2216.1
1077470 2224.2
1077480 2223.3
1077490 2223.3
1077500 2214.3
1077510 2206.3
1077520 2206.3
1077530 2193.2
1077540 2175.8
1077550 2175.8
1077560 2165.1
1077570 2156.8
1077580 2156.8
1077590 2146.8
1077600 2134.9
1077610 2126.8
1077620 2126.8
1077630 2119.6
1077640 2112.4
1077650 2112.4
1077660 2105.4
1077670 2098.6
1077680 2098.6
1077690 2091.5
1077700 2084.8
1077710 2084.8
1077720 2081.4
1077730 2073.8
1077740 2073.8
1077750 2066.1
1077760 2059.0
1077770 2059.0
1077780 2053.5
1077790 2047.9
1077800 2047.9
1077810 2042.5
1077820 2037.4
1077830 2037.4
1077840 2032.5
1077850 2027.9
1077860 2023.0
1077870 2023.0
1077880 2017.5
1077890 2012.2
1077900 2012.2
1077910 2007.2
1077920 2002.6
1077930 2002.6
1077940 1998.6
1077950 1995.6
1077960 1995.6
1077970 1993.2
1077980 1991.5
1077990 1991.5
1078000 1991.3
1078010 1991.5
1078020 1991.5
1078030 1997.1
1078040 1995.6
1078050 1995.6
1078060 1996.0
1078070 1996.7
1078080 1997.8
1078090 1997.8
1078100 1997.9
1078110 1998.3
1078120 1998.3
1078130 1998.7
1078140 1999.3
1078150 1999.3
1078160 2000.4
1078170 2001.1
1078180 2001.1
1078190 2001.6
1078200 2003.1
1078210 2003.1
1078220 2005.4
1078230 2007.4
1078240 2007.4
1078250 2008.4
1078260 2008.9
1078270 2008.9
1078280 2007.7
1078290 2010.1
1078300 2019.2
1078310 2019.2
1078320 2028.0
1078330 2030.5
1078340 2049.4
1078350 2054.3
1078360 2049.5
1078370 2049.5
1078380 2037.6
1078390 2019.9
1078400 2019.9
1078410 2008.8
1078420 2001.1
1078430 2001.1
1078440 1998.9
1078450 2003.0
1078460 2003.0
1078470 2009.4
1078480 2008.7
1078490 2008.7
1078500 2007.4
1078510 2010.0
1078520 2010.0
1078530 2001.0
1078540 1990.3
1078550 1985.8
1078560 1985.8
1078570 1977.8
1078580 1974.9
1078590 1974.9
1078600 1976.1
1078610 1981.4
1078620 1981.4
1078630 1981.5
1078640 1976.6
1078650 1999.2
1078660 1998.0
1078670 1995.1
1078680 1995.1
1078690 1985.6
1078700 1982.4
1078710 1982.4
1078720 1988.2
1078730 1990.2
1078740 1990.2
1078750 1985.8
1078760 1980.5
1078770 1977.0
1078780 1977.0
1078790 1973.2
1078800 1972.4
1078810 1972.4
1078820 1970.0
1078830 1970.6
1078840 1970.6
1078850 1975.9
1078860 1979.7
1078870 1979.7
1078880 1975.3
1078890 1965.1
1078900 1965.1
1078910 1959.6
1078920 1957.2
1078930 1957.2
1078940 1954.1
1078950 1950.4
1078960 1950.4
1078970 1954.0
1078980 1948.8
1078990 1942.6
1079000 1942.6
1079010 1938.1
1079020 1935.2
1079030 1935.2
1079040 1930.1
1079050 1925.6
1079060 1925.6
1079070 1921.2
1079080 1916.3
1079090 1916.3
1079100 1909.8
1079110 1903.5
1079120 1903.5
1079130 1897.2
1079140 1892.4
1079150 1892.4
1079160 1887.2
1079170 1882.9
1079180 1882.9
1079190 1880.1
1079200 1876.8
1079210 1876.8
1079220 1874.1
1079230 1870.4
1079240 1866.1
1079250 1866.1
1079260 1862.3
1079270 1858.7
1079280 1864.4
1079290 1860.3
1079300 1856.0
1079310 1856.0
1079320 1852.1
1079330 1848.5
1079340 1848.5
1079350 1845.2
1079360 1841.9
1079370 1841.9
1079380 1838.0
1079390 1834.6
1079400 1834.6
1079410 1832.3
1079420 1830.1
1079430 1830.1
1079440 1827.0
1079450 1824.1
1079460 1823.4
1079470 1823.4
1079480 1823.2
1079490 1822.6
1079500 1822.6
1079510 1822.2
1079520 1818.7
1079530 1818.7
1079540 1813.8
1079550 1808.8
1079560 1808.8
1079570 1802.9
1079580 1795.5
1079590 1790.2
1079600 1784.2
1079610 1772.3
1079620 1772.3
1079630 1761.0
1079640 1752.6
1079650 1752.6
1079660 1743.5
1079670 1732.2
1079680 1719.8
1079690 1719.8
1079700 1713.5
1079710 1710.1
1079720 1710.1
1079730 1697.3
1079740 1682.1
1079750 1682.1
1079760 1672.4
1079770 1663.9
1079780 1663.9
1079790 1655.3
1079800 1646.9
1079810 1646.9
1079820 1639.0
1079830 1631.0
1079840 1631.0
1079850 1622.8
1079860 1615.2
1079870 1615.2
1079880 1607.8
1079890 1600.3
1079900 1600.3
1079910 1593.5
1079920 1586.4
1079930 1579.4
1079940 1579.4
1079950 1572.4
1079960 1565.3
1079970 1565.3
1079980 1558.3
1079990 1551.1
