1072180 1832.5
1072190 1832.1
1072200 1832.1
1072210 1837.1
1072220 1837.2
1072230 1836.3
1072240 1828.5
1072250 1821.2
1072260 1821.2
1072270 1813.1
1072280 1805.8
1072290 1805.8
1072300 1797.9
1072310 1789.5
1072320 1789.5
1072330 1780.5
1072340 1780.6
1072350 1780.6
1072360 1776.0
1072370 1769.5
1072380 1769.5
1072390 1765.3
1072400 1759.5
1072410 1749.3
1072420 1749.3
1072430 1740.3
1072440 1734.4
1072450 1734.4
1072460 1730.4
1072470 1725.6
1072480 1725.6
1072490 1720.3
1072500 1716.7
1072510 1716.7
1072520 1711.8
1072530 1706.1
1072540 1712.2
1072550 1708.7
1072560 1705.2
1072570 1705.2
1072580 1702.7
1072590 1699.8
1072600 1699.8
1072610 1695.1
1072620 1689.6
1072630 1683.9
1072640 1683.9
1072650 1679.4
1072660 1674.5
1072670 1674.5
1072680 1667.9
1072690 1661.2
1072700 1661.2
1072710 1654.7
1072720 1649.7
1072730 1649.7
1072740 1644.7
1072750 1640.0
1072760 1640.0
1072770 1635.5
1072780 1631.4
1072790 1631.4
1072800 1625.9
1072810 1619.8
1072820 1619.8
1072830 1615.2
1072840 1611.4
1072850 1620.9
1072860 1618.1
1072870 1614.8
1072880 1611.5
1072890 1611.5
1072900 1609.3
1072910 1607.1
1072920 1607.1
1072930 1602.8
1072940 1595.9
1072950 1595.9
1072960 1591.5
1072970 1592.1
1072980 1592.1
1072990 1590.5
1073000 1587.3
1073010 1587.3
1073020 1584.5
1073030 1579.3
1073040 1579.3
1073050 1571.9
1073060 1566.2
1073070 1566.2
1073080 1564.1
1073090 1560.2
1073100 1554.9
1073110 1554.9
1073120 1549.6
1073130 1543.2
1073140 1543.2
1073150 1536.5
1073160 1523.6
1073170 1523.6
1073180 1517.1
1073190 1511.5
1073200 1511.5
1073210 1506.6
1073220 1502.4
1073230 1502.4
1073240 1497.8
1073250 1492.0
1073260 1492.0
1073270 1485.6
1073280 1478.7
1073290 1478.7
1073300 1471.9
1073310 1464.8
1073320 1458.2
1073330 1458.2
1073340 1451.1
1073350 1444.1
1073360 1444.1
1073370 1437.3
1073380 1430.1
1073390 1430.1
1073400 1423.6
1073410 1415.6
1073420 1415.6
1073430 1410.1
1073440 1402.9
1073450 1402.9
1073460 1395.6
1073470 1387.1
1073480 1387.1
1073490 1380.6
1073500 1374.0
1073510 1374.0
1073520 1367.4
1073530 1361.4
1073540 1361.4
1073550 1356.3
1073560 1351.7
1073570 1346.0
1073580 1346.0
1073590 1340.0
1073600 1334.3
1073610 1334.3
1073620 1332.4
1073630 1331.8
1073640 1331.8
1073650 1330.0
1073660 1328.3
1073670 1328.3
1073680 1326.5
1073690 1324.6
1073700 1324.6
1073710 1322.7
1073720 1320.9
1073730 1320.9
1073740 1319.3
1073750 1317.8
1073760 1317.8
1073770 1316.4
1073780 1315.6
1073790 1314.3
1073800 1314.3
1073810 1313.2
1073820 1312.0
1073830 1312.0
1073840 1311.0
1073850 1310.0
1073860 1310.0
1073870 1309.1
1073880 1308.2
1073890 1308.2
1073900 1307.3
1073910 1306.5
1073920 1306.5
1073930 1305.7
1073940 1304.8
1073950 1304.8
1073960 1304.0
1073970 1303.2
1073980 1303.2
1073990 1302.4
1074000 1301.9
1074010 1301.9
1074020 1301.1
1074030 1300.4
1074040 1299.8
1074050 1299.8
1074060 1299.2
1074070 1298.7
1074080 1298.7
1074090 1298.3
1074100 1297.8
1074110 1297.8
1074120 1297.5
1074130 1297.1
1074140 1297.1
1074150 1297.1
1074160 1298.7
1074170 1298.7
1074180 1299.6
1074190 1297.1
1074200 1297.1
1074210 1294.1
1074220 1292.3
1074230 1292.3
1074240 1291.5
1074250 1291.3
1074260 1291.0
1074270 1291.0
1074280 1289.2
1074290 1285.2
1074300 1285.2
1074310 1283.8
1074320 1283.3
1074330 1283.3
1074340 1282.8
1074350 1282.9
1074360 1282.9
1074370 1282.8
1074380 1282.8
1074390 1282.8
1074400 1286.0
1074410 1289.4
1074420 1289.4
1074430 1292.5
1074440 1295.6
1074450 1295.6
1074460 1296.6
1074470 1299.1
1074480 1299.1
1074490 1302.2
1074500 1304.9
1074510 1308.5
1074520 1308.5
1074530 1314.2
1074540 1320.8
1074550 1320.8
1074560 1327.6
1074570 1334.4
1074580 1334.4
1074590 1338.9
1074600 1340.1
1074610 1340.1
1074620 1340.8
1074630 1341.6
1074640 1341.6
1074650 1343.5
1074660 1347.4
1074670 1347.4
1074680 1353.0
1074690 1357.0
1074700 1360.3
1074710 1363.3
1074720 1363.9
1074730 1363.3
1074740 1363.3
1074750 1361.6
1074760 1361.4
1074770 1361.4
1074780 1362.7
1074790 1364.1
1074800 1364.1
1074810 1365.8
1074820 1369.0
1074830 1369.0
1074840 1372.8
1074850 1376.5
1074860 1376.5
1074870 1380.7
1074880 1385.2
1074890 1385.2
1074900 1389.5
1074910 1394.2
1074920 1394.2
1074930 1399.0
1074940 1402.3
1074950 1406.7
1074960 1406.7
1074970 1412.9
1074980 1420.9
1074990 1420.9
1075000 1428.7
1075010 1437.0
1075020 1437.0
1075030 1448.7
1075040 1459.8
1075050 1459.8
1075060 1473.5
1075070 1480.7
1075080 1480.7
1075090 1487.0
1075100 1493.2
1075110 1493.2
1075120 1499.7
1075130 1506.2
1075140 1506.2
1075150 1512.4
1075160 1518.0
1075170 1518.0
1075180 1524.0
1075190 1530.6
1075200 1537.6
1075210 1537.6
1075220 1545.4
1075230 1553.5
1075240 1553.5
1075250 1558.0
1075260 1562.9
1075270 1562.9
1075280 1568.9
1075290 1575.1
1075300 1575.1
1075310 1582.3
1075320 1592.6
1075330 1592.6
1075340 1600.1
1075350 1607.7
1075360 1607.7
1075370 1614.6
1075380 1620.6
1075390 1620.6
1075400 1629.3
1075410 1642.8
1075420 1651.6
1075430 1651.6
1075440 1656.6
1075450 1659.9
1075460 1659.9
1075470 1659.3
1075480 1659.6
1075490 1659.6
1075500 1660.8
1075510 1662.9
1075520 1662.9
1075530 1667.6
1075540 1671.7
1075550 1671.7
1075560 1674.2
1075570 1677.7
1075580 1677.7
1075590 1680.2
1075600 1683.2
1075610 1683.2
1075620 1685.0
1075630 1687.0
1075640 1697.6
1075650 1701.4
1075660 1715.7
1075670 1721.3
1075680 1721.3
1075690 1716.6
1075700 1721.8
1075710 1721.8
1075720 1725.2
1075730 1726.4
1075740 1726.4
1075750 1731.7
1075760 1736.3
1075770 1736.3
1075780 1738.7
1075790 1739.1
1075800 1739.1
1075810 1737.9
1075820 1736.6
1075830 1736.6
1075840 1734.7
1075850 1731.9
1075860 1731.9
1075870 1729.4
1075880 1726.4
1075890 1723.2
1075900 1723.2
1075910 1721.6
1075920 1722.5
1075930 1722.5
1075940 1724.6
1075950 1730.3
1075960 1730.3
1075970 1730.6
1075980 1730.0
1075990 1730.0
1076000 1728.0
1076010 1725.1
1076020 1725.1
1076030 1721.2
1076040 1717.8
1076050 1717.8
1076060 1714.1
1076070 1711.2
1076080 1711.2
1076090 1709.7
1076100 1707.3
1076110 1704.4
1076120 1704.4
1076130 1702.9
1076140 1700.5
1076150 1700.5
1076160 1698.4
1076170 1696.3
1076180 1696.3
1076190 1693.8
1076200 1694.4
1076210 1694.4
1076220 1695.4
1076230 1696.4
1076240 1696.4
1076250 1697.3
1076260 1699.8
1076270 1699.8
1076280 1700.6
1076290 1701.4
1076300 1701.4
1076310 1702.1
1076320 1702.9
1076330 1702.9
1076340 1704.8
1076350 1705.7
1076360 1707.4
1076370 1707.4
1076380 1709.0
1076390 1710.8
1076400 1710.8
1076410 1712.7
1076420 1714.5
1076430 1714.5
1076440 1716.3
1076450 1719.4
1076460 1719.4
1076470 1724.3
1076480 1729.8
1076490 1729.8
1076500 1734.1
1076510 1737.6
1076520 1737.6
1076530 1741.1
1076540 1745.4
1076550 1745.4
1076560 1749.5
1076570 1750.4
1076580 1754.7
1076590 1754.7
1076600 1759.9
1076610 1766.5
1076620 1766.5
1076630 1772.5
1076640 1777.6
1076650 1777.6
1076660 1782.8
1076670 1787.7
1076680 1787.7
1076690 1792.6
1076700 1798.0
1076710 1798.0
1076720 1803.9
1076730 1809.0
1076740 1809.0
1076750 1813.4
1076760 1817.8
1076770 1817.8
1076780 1822.9
1076790 1828.2
1076800 1828.2
1076810 1833.7
1076820 1839.2
1076830 1846.0
1076840 1846.0
1076850 1852.5
1076860 1857.2
1076870 1857.2
1076880 1865.5
1076890 1870.5
1076900 1870.5
1076910 1876.5
1076920 1880.7
1076930 1880.7
1076940 1884.3
1076950 1890.3
1076960 1890.3
1076970 1896.0
1076980 1902.2
1076990 1902.2
1077000 1908.1
1077010 1913.5
1077020 1913.5
1077030 1919.6
1077040 1924.9
1077050 1930.9
1077060 1930.9
1077070 1937.4
1077080 1943.3
1077090 1943.3
1077100 1948.8
1077110 1954.4
1077120 1954.4
1077130 1959.8
1077140 1964.1
1077150 1964.1
1077160 1962.8
1077170 1958.6
1077180 1958.6
1077190 1969.0
1077200 1967.7
1077210 1967.7
1077220 1969.1
1077230 1968.6
1077240 1968.6
1077250 1966.9
1077260 1966.6
1077270 1966.6
1077280 1966.6
1077290 1967.4
1077300 1970.6
1077310 1970.6
1077320 1973.8
1077330 1977.3
1077340 1977.3
1077350 1983.9
1077360 1988.7
1077370 1988.7
1077380 1989.6
1077390 1990.0
1077400 1990.0
1077410 1991.4
1077420 1996.3
1077430 1996.3
1077440 1999.8
1077450 1998.1
1077460 1998.1
1077470 1998.3
1077480 2005.1
1077490 2005.1
1077500 2017.0
1077510 2026.9
1077520 2040.2
1077530 2040.2
1077540 2059.6
1077550 2075.8
1077560 2075.8
1077570 2086.0
1077580 2096.4
1077590 2096.4
1077600 2111.7
1077610 2125.1
1077620 2125.1
1077630 2131.6
1077640 2136.4
1077650 2136.4
1077660 2143.6
1077670 2151.0
1077680 2151.0
1077690 2156.1
1077700 2161.1
1077710 2161.1
1077720 2171.2
1077730 2177.7
1077740 2182.6
1077750 2182.6
1077760 2186.5
1077770 2187.5
1077780 2187.5
1077790 2189.3
1077800 2189.6
1077810 2199.5
1077820 2200.0
1077830 2205.5
1077840 2205.5
1077850 2209.1
1077860 2212.2
1077870 2212.2
1077880 2217.1
1077890 2222.6
1077900 2222.6
1077910 2228.5
1077920 2233.2
1077930 2233.2
1077940 2235.8
1077950 2233.0
1077960 2233.0
1077970 2226.7
1077980 2220.9
1077990 2215.4
1078000 2215.4
1078010 2210.1
1078020 2204.2
1078030 2204.2
1078040 2199.5
1078050 2193.9
1078060 2193.9
1078070 2189.1
1078080 2184.4
1078090 2184.4
1078100 2179.6
1078110 2174.9
1078120 2174.9
1078130 2165.8
1078140 2162.2
1078150 2162.2
1078160 2158.2
1078170 2154.3
1078180 2154.3
1078190 2150.2
1078200 2146.4
1078210 2143.2
1078220 2143.2
1078230 2139.2
1078240 2135.0
1078250 2135.0
1078260 2130.9
1078270 2127.8
1078280 2127.8
1078290 2124.5
1078300 2120.8
1078310 2120.8
1078320 2117.1
1078330 2113.2
1078340 2113.2
1078350 2108.8
1078360 2103.9
1078370 2103.9
1078380 2099.1
1078390 2095.6
1078400 2095.6
1078410 2092.3
1078420 2089.9
1078430 2089.9
1078440 2082.2
1078450 2079.2
1078460 2076.3
1078470 2076.3
1078480 2073.3
1078490 2070.0
1078500 2070.0
1078510 2067.0
1078520 2063.9
1078530 2063.9
1078540 2060.8
1078550 2058.0
1078560 2058.0
1078570 2055.3
1078580 2052.1
1078590 2052.1
1078600 2048.5
1078610 2046.1
1078620 2046.1
1078630 2045.3
1078640 2044.8
1078650 2044.8
1078660 2046.5
1078670 2048.4
1078680 2049.5
1078690 2049.5
1078700 2051.3
1078710 2053.3
1078720 2053.3
1078730 2055.2
1078740 2057.1
1078750 2050.2
1078760 2053.0
1078770 2054.5
1078780 2054.5
1078790 2054.8
1078800 2053.4
1078810 2053.4
1078820 2050.0
1078830 2046.7
1078840 2046.7
1078850 2043.5
1078860 2040.1
1078870 2040.1
1078880 2036.0
1078890 2031.0
1078900 2026.8
1078910 2026.8
1078920 2023.6
1078930 2021.3
1078940 2021.3
1078950 2018.7
1078960 2013.3
1078970 2013.3
1078980 2008.6
1078990 2006.4
1079000 2006.4
1079010 2004.6
1079020 2003.5
1079030 2003.5
1079040 2003.1
1079050 2002.0
1079060 2006.1
1079070 2004.6
1079080 2001.5
1079090 2001.5
1079100 1999.8
1079110 1997.9
1079120 1997.9
1079130 1996.0
1079140 1994.8
1079150 1984.9
1079160 1984.9
1079170 1970.5
1079180 1961.3
1079190 1961.3
1079200 1952.8
1079210 1945.9
1079220 1945.9
1079230 1939.5
1079240 1934.2
1079250 1934.2
1079260 1927.7
1079270 1919.8
1079280 1919.8
1079290 1912.6
1079300 1905.4
1079310 1905.4
1079320 1897.3
1079330 1890.0
1079340 1890.0
1079350 1883.6
1079360 1876.7
1079370 1869.8
1079380 1868.6
1079390 1861.5
1079400 1856.1
1079410 1856.1
1079420 1850.2
1079430 1842.4
1079440 1842.4
1079450 1834.9
1079460 1834.4
1079470 1834.4
1079480 1841.9
1079490 1846.8
1079500 1846.8
1079510 1847.1
1079520 1847.9
1079530 1847.9
1079540 1849.7
1079550 1851.8
1079560 1851.8
1079570 1853.8
1079580 1855.8
1079590 1855.8
1079600 1857.5
1079610 1858.8
1079620 1861.5
1079630 1861.5
1079640 1863.3
1079650 1863.5
1079660 1863.5
1079670 1865.9
1079680 1868.8
1079690 1861.6
1079700 1864.9
1079710 1870.1
1079720 1870.1
1079730 1876.1
1079740 1881.2
1079750 1881.2
1079760 1887.0
1079770 1895.7
1079780 1895.7
1079790 1901.2
1079800 1901.9
1079810 1901.9
1079820 1902.5
1079830 1905.1
1079840 1906.7
1079850 1906.7
1079860 1906.4
1079870 1905.7
1079880 1905.7
1079890 1905.9
1079900 1904.7
1079910 1904.7
1079920 1900.4
1079930 1895.1
1079940 1895.1
1079950 1889.8
1079960 1884.8
1079970 1884.8
1079980 1879.9
1079990 1875.1
