1072190 1847.4
1072200 1847.4
1072210 1845.8
1072220 1841.6
1072230 1845.6
1072240 1840.3
1072250 1834.8
1072260 1834.8
1072270 1829.4
1072280 1823.9
1072290 1823.9
1072300 1818.2
1072310 1812.1
1072320 1812.1
1072330 1804.9
1072340 1798.3
1072350 1792.5
1072360 1792.5
1072370 1785.9
1072380 1782.6
1072390 1782.6
1072400 1780.0
1072410 1777.0
1072420 1777.0
1072430 1773.1
1072440 1769.3
1072450 1769.3
1072460 1765.8
1072470 1762.1
1072480 1762.1
1072490 1757.8
1072500 1753.3
1072510 1753.3
1072520 1750.0
1072530 1746.2
1072540 1753.0
1072550 1743.2
1072560 1732.9
1072570 1726.2
1072580 1726.2
1072590 1722.2
1072600 1720.5
1072610 1720.5
1072620 1720.0
1072630 1717.9
1072640 1717.9
1072650 1710.2
1072660 1691.5
1072670 1691.5
1072680 1683.0
1072690 1676.0
1072700 1676.0
1072710 1672.1
1072720 1669.0
1072730 1669.0
1072740 1662.5
1072750 1654.8
1072760 1654.8
1072770 1646.4
1072780 1639.5
1072790 1632.6
1072800 1632.6
1072810 1625.4
1072820 1618.2
1072830 1618.2
1072840 1610.6
1072850 1605.6
1072860 1605.6
1072870 1600.1
1072880 1594.5
1072890 1594.5
1072900 1587.3
1072910 1580.4
1072920 1580.4
1072930 1577.7
1072940 1575.9
1072950 1575.9
1072960 1570.1
1072970 1565.3
1072980 1565.3
1072990 1561.6
1073000 1558.4
1073010 1558.4
1073020 1554.0
1073030 1550.0
1073040 1546.1
1073050 1546.1
1073060 1541.2
1073070 1536.5
1073080 1536.5
1073090 1531.8
1073100 1528.0
1073110 1528.0
1073120 1523.3
1073130 1519.9
1073140 1519.9
1073150 1519.4
1073160 1533.3
1073170 1533.3
1073180 1531.1
1073190 1525.6
1073200 1525.6
1073210 1515.5
1073220 1506.6
1073230 1506.6
1073240 1501.3
1073250 1499.5
1073260 1492.6
1073270 1492.6
1073280 1484.1
1073290 1475.5
1073300 1475.5
1073310 1466.7
1073320 1458.6
1073330 1458.6
1073340 1451.6
1073350 1443.2
1073360 1443.2
1073370 1433.6
1073380 1425.3
1073390 1425.3
1073400 1417.5
1073410 1410.6
1073420 1410.6
1073430 1402.9
1073440 1395.7
1073450 1395.7
1073460 1392.8
1073470 1385.3
1073480 1385.3
1073490 1378.9
1073500 1372.5
1073510 1366.0
1073520 1366.0
1073530 1358.9
1073540 1352.3
1073550 1352.3
1073560 1350.6
1073570 1349.2
1073580 1349.2
1073590 1347.4
1073600 1345.6
1073610 1345.6
1073620 1343.7
1073630 1341.6
1073640 1341.6
1073650 1339.7
1073660 1337.9
1073670 1337.9
1073680 1336.2
1073690 1334.3
1073700 1334.3
1073710 1332.4
1073720 1330.6
1073730 1328.7
1073740 1328.7
1073750 1326.9
1073760 1325.0
1073770 1326.0
1073780 1324.1
1073790 1322.3
1073800 1322.3
1073810 1320.7
1073820 1319.3
1073830 1319.3
1073840 1318.0
1073850 1316.3
1073860 1316.3
1073870 1314.5
1073880 1313.1
1073890 1313.1
1073900 1311.8
1073910 1310.5
1073920 1310.5
1073930 1309.2
1073940 1307.7
1073950 1306.1
1073960 1306.1
1073970 1304.5
1073980 1303.5
1073990 1303.5
1074000 1303.7
1074010 1304.4
1074020 1304.4
1074030 1300.9
1074040 1298.3
1074050 1298.3
1074060 1296.9
1074070 1295.9
1074080 1295.5
1074090 1295.4
1074100 1296.7
1074110 1296.7
1074120 1300.3
1074130 1300.7
1074140 1300.7
1074150 1300.9
1074160 1301.4
1074170 1301.4
1074180 1302.2
1074190 1303.1
1074200 1303.2
1074210 1303.2
1074220 1302.4
1074230 1302.3
1074240 1302.3
1074250 1302.8
1074260 1302.8
1074270 1302.8
1074280 1303.2
1074290 1303.9
1074300 1303.9
1074310 1304.9
1074320 1306.5
1074330 1306.5
1074340 1307.9
1074350 1308.6
1074360 1308.6
1074370 1308.8
1074380 1310.4
1074390 1311.0
1074400 1312.4
1074410 1314.2
1074420 1315.6
1074430 1315.6
1074440 1316.6
1074450 1318.7
1074460 1318.7
1074470 1320.8
1074480 1323.5
1074490 1323.5
1074500 1328.1
1074510 1333.8
1074520 1333.8
1074530 1339.4
1074540 1344.6
1074550 1344.6
1074560 1348.9
1074570 1352.3
1074580 1352.3
1074590 1354.7
1074600 1356.4
1074610 1356.4
1074620 1358.2
1074630 1360.1
1074640 1360.1
1074650 1361.9
1074660 1364.5
1074670 1368.0
1074680 1368.0
1074690 1372.5
1074700 1375.7
1074710 1375.7
1074720 1380.6
1074730 1385.1
1074740 1385.1
1074750 1386.8
1074760 1385.7
1074770 1385.7
1074780 1383.7
1074790 1384.3
1074800 1384.3
1074810 1388.1
1074820 1393.7
1074830 1393.7
1074840 1400.9
1074850 1406.2
1074860 1406.2
1074870 1411.0
1074880 1414.6
1074890 1419.5
1074900 1419.5
1074910 1425.8
1074920 1433.5
1074930 1433.5
1074940 1441.4
1074950 1449.4
1074960 1449.4
1074970 1457.9
1074980 1466.2
1074990 1466.2
1075000 1475.4
1075010 1479.1
1075020 1479.1
1075030 1491.6
1075040 1501.4
1075050 1501.4
1075060 1507.4
1075070 1514.3
1075080 1514.3
1075090 1521.2
1075100 1528.0
1075110 1534.6
1075120 1534.6
1075130 1542.0
1075140 1549.4
1075150 1549.4
1075160 1557.5
1075170 1565.1
1075180 1565.1
1075190 1572.4
1075200 1579.9
1075210 1579.9
1075220 1587.9
1075230 1596.4
1075240 1596.4
1075250 1605.6
1075260 1614.4
1075270 1614.4
1075280 1623.4
1075290 1630.2
1075300 1630.2
1075310 1635.8
1075320 1640.8
1075330 1640.8
1075340 1646.3
1075350 1651.3
1075360 1655.9
1075370 1655.9
1075380 1661.0
1075390 1665.5
1075400 1665.5
1075410 1670.3
1075420 1674.9
1075430 1674.9
1075440 1679.4
1075450 1683.6
1075460 1683.6
1075470 1687.9
1075480 1692.2
1075490 1692.2
1075500 1697.2
1075510 1702.1
1075520 1702.1
1075530 1706.9
1075540 1712.6
1075550 1712.6
1075560 1718.3
1075570 1723.4
1075580 1729.4
1075590 1729.4
1075600 1735.8
1075610 1742.9
1075620 1742.9
1075630 1749.1
1075640 1756.6
1075650 1756.6
1075660 1763.8
1075670 1770.7
1075680 1770.7
1075690 1777.0
1075700 1782.0
1075710 1782.0
1075720 1786.5
1075730 1790.3
1075740 1790.3
1075750 1793.4
1075760 1795.9
1075770 1795.9
1075780 1799.1
1075790 1801.8
1075800 1801.8
1075810 1802.3
1075820 1802.5
1075830 1803.3
1075840 1803.3
1075850 1803.3
1075860 1800.6
1075870 1800.6
1075880 1795.7
1075890 1792.0
1075900 1792.0
1075910 1788.9
1075920 1786.2
1075930 1786.2
1075940 1787.7
1075950 1785.8
1075960 1785.8
1075970 1781.7
1075980 1779.0
1075990 1779.0
1076000 1776.7
1076010 1775.6
1076020 1775.6
1076030 1775.8
1076040 1774.5
1076050 1772.3
1076060 1772.3
1076070 1770.3
1076080 1767.4
1076090 1767.4
1076100 1764.6
1076110 1763.5
1076120 1763.5
1076130 1764.2
1076140 1762.8
1076150 1762.8
1076160 1762.1
1076170 1758.9
1076180 1758.9
1076190 1758.8
1076200 1756.9
1076210 1756.9
1076220 1756.6
1076230 1757.9
1076240 1757.9
1076250 1762.1
1076260 1761.8
1076270 1758.2
1076280 1758.2
1076290 1753.6
1076300 1758.6
1076310 1758.6
1076320 1764.2
1076330 1767.9
1076340 1767.9
1076350 1767.1
1076360 1765.9
1076370 1765.9
1076380 1769.0
1076390 1771.7
1076400 1771.7
1076410 1772.7
1076420 1773.4
1076430 1773.4
1076440 1771.1
1076450 1771.1
1076460 1771.1
1076470 1776.4
1076480 1782.7
1076490 1782.7
1076500 1788.9
1076510 1794.2
1076520 1798.4
1076530 1798.4
1076540 1802.2
1076550 1805.3
1076560 1810.8
1076570 1814.1
1076580 1818.2
1076590 1818.2
1076600 1824.4
1076610 1840.9
1076620 1840.9
1076630 1853.8
1076640 1851.5
1076650 1851.5
1076660 1855.6
1076670 1864.1
1076680 1864.1
1076690 1872.3
1076700 1884.3
1076710 1884.3
1076720 1893.0
1076730 1899.7
1076740 1905.3
1076750 1905.3
1076760 1910.6
1076770 1916.0
1076780 1916.0
1076790 1921.6
1076800 1926.3
1076810 1926.3
1076820 1927.2
1076830 1926.9
1076840 1926.9
1076850 1929.4
1076860 1933.0
1076870 1933.0
1076880 1939.4
1076890 1938.7
1076900 1938.7
1076910 1941.5
1076920 1942.0
1076930 1942.0
1076940 1941.9
1076950 1948.6
1076960 1948.6
1076970 1954.6
1076980 1957.3
1076990 1957.6
1077000 1957.6
1077010 1956.9
1077020 1964.3
1077030 1964.3
1077040 1971.6
1077050 1978.1
1077060 1978.1
1077070 1987.3
1077080 1998.6
1077090 1998.6
1077100 2008.0
1077110 2017.2
1077120 2017.2
1077130 2026.2
1077140 2035.0
1077150 2035.0
1077160 2042.6
1077170 2047.9
1077180 2047.9
1077190 2061.2
1077200 2072.6
1077210 2078.2
1077220 2078.2
1077230 2080.7
1077240 2084.5
1077250 2084.5
1077260 2090.5
1077270 2096.3
1077280 2096.3
1077290 2100.1
1077300 2102.5
1077310 2102.5
1077320 2108.4
1077330 2117.6
1077340 2117.6
1077350 2127.1
1077360 2134.8
1077370 2134.8
1077380 2142.1
1077390 2150.0
1077400 2150.0
1077410 2157.3
1077420 2167.0
1077430 2175.0
1077440 2175.0
1077450 2181.2
1077460 2188.5
1077470 2188.5
1077480 2194.2
1077490 2200.0
1077500 2201.5
1077510 2208.6
1077520 2215.5
1077530 2215.5
1077540 2222.6
1077550 2230.2
1077560 2230.2
1077570 2243.5
1077580 2257.9
1077590 2257.9
1077600 2262.1
1077610 2264.3
1077620 2264.3
1077630 2264.9
1077640 2260.0
1077650 2260.0
1077660 2252.9
1077670 2244.9
1077680 2238.2
1077690 2238.2
1077700 2230.8
1077710 2223.6
1077720 2223.6
1077730 2216.4
1077740 2209.6
1077750 2209.6
1077760 2203.8
1077770 2198.3
1077780 2198.3
1077790 2192.9
1077800 2187.9
1077810 2184.1
1077820 2179.2
1077830 2173.9
1077840 2173.9
1077850 2169.4
1077860 2164.9
1077870 2164.9
1077880 2160.2
1077890 2155.5
1077900 2151.3
1077910 2151.3
1077920 2147.1
1077930 2142.2
1077940 2142.2
1077950 2137.9
1077960 2134.2
1077970 2134.2
1077980 2130.3
1077990 2125.7
1078000 2125.7
1078010 2120.6
1078020 2116.5
1078030 2116.5
1078040 2113.3
1078050 2109.7
1078060 2109.7
1078070 2105.9
1078080 2102.5
1078090 2102.5
1078100 2099.1
1078110 2095.8
1078120 2091.0
1078130 2087.7
1078140 2084.4
1078150 2081.4
1078160 2081.4
1078170 2078.3
1078180 2074.5
1078190 2074.5
1078200 2070.8
1078210 2067.2
1078220 2067.2
1078230 2063.5
1078240 2059.5
1078250 2059.5
1078260 2055.3
1078270 2051.1
1078280 2051.1
1078290 2046.9
1078300 2042.2
1078310 2042.2
1078320 2038.0
1078330 2035.6
1078340 2035.6
1078350 2032.3
1078360 2029.5
1078370 2027.5
1078380 2027.5
1078390 2023.4
1078400 2018.8
1078410 2018.8
1078420 2015.1
1078430 2011.1
1078440 2011.1
1078450 2005.9
1078460 2001.1
1078470 2001.1
1078480 1997.2
1078490 1993.3
1078500 1993.3
1078510 1988.6
1078520 1984.4
1078530 1984.4
1078540 1981.2
1078550 1979.3
1078560 1979.3
1078570 1977.9
1078580 1976.9
1078590 1975.9
1078600 1975.9
1078610 1974.8
1078620 1973.7
1078630 1973.7
1078640 1972.2
1078650 1970.9
1078660 1970.9
1078670 1970.3
1078680 1969.8
1078690 1969.8
1078700 1969.0
1078710 1968.6
1078720 1968.6
1078730 1967.9
1078740 1966.1
1078750 1961.9
1078760 1959.8
1078770 1956.4
1078780 1956.4
1078790 1952.3
1078800 1948.7
1078810 1948.7
1078820 1946.1
1078830 1943.2
1078840 1939.6
1078850 1939.6
1078860 1937.5
1078870 1935.3
1078880 1935.3
1078890 1934.1
1078900 1934.0
1078910 1934.0
1078920 1934.3
1078930 1934.2
1078940 1934.2
1078950 1935.1
1078960 1937.0
1078970 1937.0
1078980 1938.5
1078990 1940.7
1079000 1940.7
1079010 1943.3
1079020 1944.3
1079030 1944.3
1079040 1944.8
1079050 1944.0
1079060 1934.4
1079070 1934.4
1079080 1929.4
1079090 1925.4
1079100 1925.4
1079110 1925.1
1079120 1926.2
1079130 1926.2
1079140 1927.7
1079150 1925.5
1079160 1925.5
1079170 1919.3
1079180 1914.1
1079190 1914.1
1079200 1912.0
1079210 1919.6
1079220 1919.6
1079230 1911.4
1079240 1900.3
1079250 1900.3
1079260 1893.4
1079270 1886.9
1079280 1886.9
1079290 1879.7
1079300 1872.2
1079310 1864.9
1079320 1864.9
1079330 1858.0
1079340 1851.0
1079350 1851.0
1079360 1843.4
1079370 1832.8
1079380 1832.8
1079390 1825.2
1079400 1819.3
1079410 1819.3
1079420 1813.3
1079430 1807.7
1079440 1807.7
1079450 1801.8
1079460 1797.2
1079470 1797.2
1079480 1793.0
1079490 1788.9
1079500 1788.9
1079510 1783.9
1079520 1777.4
1079530 1770.7
1079540 1770.7
1079550 1764.1
1079560 1758.0
1079570 1758.0
1079580 1752.3
1079590 1747.2
1079600 1747.2
1079610 1740.2
1079620 1732.1
1079630 1732.1
1079640 1730.8
1079650 1732.8
1079660 1732.8
1079670 1734.2
1079680 1734.1
1079690 1727.1
1079700 1734.1
1079710 1736.9
1079720 1736.9
1079730 1740.1
1079740 1742.4
1079750 1745.2
1079760 1745.2
1079770 1747.8
1079780 1751.6
1079790 1751.6
1079800 1756.0
1079810 1756.4
1079820 1756.4
1079830 1753.9
1079840 1751.6
1079850 1751.6
1079860 1748.1
1079870 1745.7
1079880 1745.7
1079890 1744.8
1079900 1743.8
1079910 1743.8
1079920 1743.1
1079930 1741.7
1079940 1741.7
1079950 1741.1
1079960 1738.3
1079970 1738.3
1079980 1739.3
1079990 1739.1
