1071600 1819.1
1071610 1819.2
1071620 1819.2
1071630 1822.2
1071640 1827.8
1071650 1827.8
1071660 1823.6
1071670 1817.9
1071680 1817.9
1071690 1817.1
1071700 1814.5
1071710 1814.5
1071720 1811.9
1071730 1808.9
1071740 1808.9
1071750 1806.7
1071760 1803.4
1071770 1803.4
1071780 1800.4
1071790 1798.0
1071800 1798.0
1071810 1792.1
1071820 1790.6
1071830 1788.3
1071840 1788.3
1071850 1785.5
1071860 1781.7
1071870 1781.7
1071880 1779.4
1071890 1776.7
1071900 1776.7
1071910 1773.0
1071920 1769.1
1071930 1769.1
1071940 1765.2
1071950 1762.4
1071960 1762.4
1071970 1758.3
1071980 1755.3
1071990 1755.3
1072000 1751.8
1072010 1747.9
1072020 1747.9
1072030 1743.4
1072040 1739.8
1072050 1739.8
1072060 1736.6
1072070 1732.9
1072080 1729.2
1072090 1729.2
1072100 1724.1
1072110 1719.4
1072120 1715.7
1072130 1709.6
1072140 1699.6
1072150 1699.6
1072160 1691.1
1072170 1684.2
1072180 1684.2
1072190 1676.5
1072200 1667.9
1072210 1667.9
1072220 1659.7
1072230 1655.4
1072240 1655.4
1072250 1659.9
1072260 1662.7
1072270 1662.7
1072280 1661.6
1072290 1660.7
1072300 1658.0
1072310 1658.0
1072320 1655.4
1072330 1654.0
1072340 1654.0
1072350 1654.6
1072360 1655.2
1072370 1655.2
1072380 1654.9
1072390 1653.7
1072400 1653.7
1072410 1653.0
1072420 1651.3
1072430 1647.4
1072440 1645.7
1072450 1643.6
1072460 1643.6
1072470 1642.5
1072480 1642.1
1072490 1642.1
1072500 1639.9
1072510 1635.1
1072520 1635.1
1072530 1630.6
1072540 1627.1
1072550 1624.3
1072560 1624.3
1072570 1621.8
1072580 1619.7
1072590 1619.7
1072600 1616.0
1072610 1611.7
1072620 1611.7
1072630 1607.2
1072640 1604.4
1072650 1604.4
1072660 1602.6
1072670 1600.8
1072680 1600.8
1072690 1599.2
1072700 1596.1
1072710 1596.1
1072720 1596.6
1072730 1597.1
1072740 1591.6
1072750 1589.6
1072760 1587.2
1072770 1585.1
1072780 1585.1
1072790 1582.0
1072800 1580.8
1072810 1580.8
1072820 1577.5
1072830 1575.3
1072840 1575.3
1072850 1574.2
1072860 1572.8
1072870 1572.8
1072880 1572.9
1072890 1572.8
1072900 1572.8
1072910 1566.0
1072920 1557.1
1072930 1557.1
1072940 1548.4
1072950 1544.0
1072960 1544.0
1072970 1542.7
1072980 1542.1
1072990 1542.1
1073000 1542.7
1073010 1544.8
1073020 1547.6
1073030 1547.6
1073040 1549.8
1073050 1545.2
1073060 1545.2
1073070 1546.4
1073080 1547.1
1073090 1547.1
1073100 1547.2
1073110 1546.2
1073120 1546.2
1073130 1544.7
1073140 1543.5
1073150 1543.5
1073160 1542.0
1073170 1539.9
1073180 1539.9
1073190 1536.5
1073200 1532.2
1073210 1532.2
1073220 1526.9
1073230 1519.9
1073240 1515.9
1073250 1515.9
1073260 1508.0
1073270 1506.5
1073280 1506.5
1073290 1512.9
1073300 1511.3
1073310 1511.3
1073320 1487.7
1073330 1502.8
1073340 1502.8
1073350 1519.2
1073360 1491.0
1073370 1491.0
1073380 1480.8
1073390 1484.5
1073400 1484.5
1073410 1479.1
1073420 1477.1
1073430 1477.1
1073440 1481.2
1073450 1484.4
1073460 1484.4
1073470 1506.1
1073480 1518.4
1073490 1513.8
1073500 1513.8
1073510 1505.8
1073520 1497.8
1073530 1497.8
1073540 1495.8
1073550 1485.5
1073560 1485.5
1073570 1466.6
1073580 1457.3
1073590 1457.3
1073600 1451.5
1073610 1448.8
1073620 1448.8
1073630 1443.2
1073640 1440.1
1073650 1440.1
1073660 1422.5
1073670 1415.2
1073680 1415.2
1073690 1408.7
1073700 1401.8
1073710 1397.0
1073720 1397.0
1073730 1392.8
1073740 1385.4
1073750 1385.4
1073760 1379.0
1073770 1373.4
1073780 1373.4
1073790 1367.2
1073800 1361.5
1073810 1361.5
1073820 1355.8
1073830 1350.4
1073840 1350.4
1073850 1345.1
1073860 1339.8
1073870 1339.8
1073880 1333.6
1073890 1328.0
1073900 1328.0
1073910 1322.9
1073920 1317.5
1073930 1317.5
1073940 1312.7
1073950 1307.9
1073960 1303.0
1073970 1302.6
1073980 1298.0
1073990 1293.6
1074000 1293.6
1074010 1292.0
1074020 1291.7
1074030 1291.7
1074040 1290.6
1074050 1290.6
1074060 1290.6
1074070 1290.6
1074080 1290.1
1074090 1290.1
1074100 1289.3
1074110 1288.2
1074120 1288.2
1074130 1287.3
1074140 1286.7
1074150 1286.7
1074160 1286.0
1074170 1284.3
1074180 1282.1
1074190 1282.1
1074200 1280.6
1074210 1280.2
1074220 1280.2
1074230 1279.4
1074240 1278.9
1074250 1278.9
1074260 1277.9
1074270 1277.1
1074280 1277.5
1074290 1276.7
1074300 1275.6
1074310 1275.6
1074320 1274.7
1074330 1273.8
1074340 1273.8
1074350 1272.7
1074360 1271.3
1074370 1271.3
1074380 1269.9
1074390 1269.2
1074400 1269.2
1074410 1268.0
1074420 1266.6
1074430 1265.3
1074440 1265.3
1074450 1264.2
1074460 1263.2
1074470 1263.2
1074480 1262.1
1074490 1260.6
1074500 1260.6
1074510 1257.5
1074520 1254.5
1074530 1254.5
1074540 1253.5
1074550 1253.5
1074560 1253.5
1074570 1252.9
1074580 1254.9
1074590 1255.9
1074600 1260.2
1074610 1263.3
1074620 1263.3
1074630 1264.3
1074640 1266.0
1074650 1267.2
1074660 1267.2
1074670 1266.4
1074680 1267.4
1074690 1267.4
1074700 1267.6
1074710 1267.1
1074720 1267.1
1074730 1266.4
1074740 1267.0
1074750 1267.0
1074760 1267.9
1074770 1269.2
1074780 1269.2
1074790 1274.6
1074800 1280.6
1074810 1280.6
1074820 1284.4
1074830 1288.6
1074840 1288.6
1074850 1293.4
1074860 1298.2
1074870 1303.3
1074880 1303.3
1074890 1308.4
1074900 1316.3
1074910 1316.3
1074920 1321.6
1074930 1327.8
1074940 1327.8
1074950 1334.3
1074960 1341.0
1074970 1341.0
1074980 1347.9
1074990 1354.7
1075000 1354.7
1075010 1361.3
1075020 1367.0
1075030 1367.0
1075040 1371.8
1075050 1378.2
1075060 1378.2
1075070 1385.7
1075080 1394.2
1075090 1394.2
1075100 1403.0
1075110 1414.9
1075120 1429.8
1075130 1429.8
1075140 1441.5
1075150 1451.0
1075160 1451.0
1075170 1464.0
1075180 1476.6
1075190 1476.6
1075200 1487.9
1075210 1520.3
1075220 1520.3
1075230 1535.0
1075240 1543.4
1075250 1543.4
1075260 1556.9
1075270 1581.8
1075280 1581.8
1075290 1599.7
1075300 1605.0
1075310 1605.0
1075320 1604.0
1075330 1609.6
1075340 1618.6
1075350 1618.6
1075360 1630.1
1075370 1635.5
1075380 1635.5
1075390 1645.3
1075400 1659.5
1075410 1659.5
1075420 1670.0
1075430 1676.8
1075440 1676.8
1075450 1684.5
1075460 1692.5
1075470 1692.5
1075480 1698.6
1075490 1704.1
1075500 1704.1
1075510 1708.9
1075520 1717.7
1075530 1717.7
1075540 1723.1
1075550 1729.2
1075560 1729.2
1075570 1736.1
1075580 1743.2
1075590 1751.3
1075600 1751.3
1075610 1759.0
1075620 1770.8
1075630 1770.8
1075640 1784.3
1075650 1793.4
1075660 1793.4
1075670 1797.9
1075680 1802.9
1075690 1802.9
1075700 1805.7
1075710 1811.0
1075720 1811.0
1075730 1811.8
1075740 1807.4
1075750 1807.4
1075760 1805.1
1075770 1791.8
1075780 1791.8
1075790 1775.7
1075800 1772.3
1075810 1771.2
1075820 1771.2
1075830 1758.3
1075840 1760.3
1075850 1760.3
1075860 1758.5
1075870 1758.6
1075880 1758.6
1075890 1753.4
1075900 1750.4
1075910 1750.4
1075920 1751.2
1075930 1752.1
1075940 1752.1
1075950 1751.5
1075960 1746.9
1075970 1746.9
1075980 1749.6
1075990 1750.2
1076000 1750.2
1076010 1751.7
1076020 1753.7
1076030 1753.7
1076040 1754.2
1076050 1756.3
1076060 1754.8
1076070 1754.8
1076080 1756.5
1076090 1758.8
1076100 1758.8
1076110 1760.2
1076120 1757.8
1076130 1757.8
1076140 1738.6
1076150 1735.0
1076160 1735.0
1076170 1743.4
1076180 1741.5
1076190 1741.5
1076200 1741.3
1076210 1744.7
1076220 1744.7
1076230 1740.2
1076240 1743.3
1076250 1743.3
1076260 1743.6
1076270 1749.0
1076280 1747.9
1076290 1747.9
1076300 1751.5
1076310 1750.8
1076320 1750.8
1076330 1741.9
1076340 1745.7
1076350 1745.7
1076360 1748.9
1076370 1735.6
1076380 1735.6
1076390 1744.4
1076400 1744.0
1076410 1744.0
1076420 1745.5
1076430 1744.0
1076440 1744.0
1076450 1749.7
1076460 1755.6
1076470 1755.6
1076480 1759.0
1076490 1761.5
1076500 1761.5
1076510 1782.4
1076520 1792.3
1076530 1790.9
1076540 1790.9
1076550 1794.4
1076560 1794.0
1076570 1794.0
1076580 1790.5
1076590 1788.6
1076600 1788.6
1076610 1789.9
1076620 1789.8
1076630 1789.8
1076640 1790.3
1076650 1787.6
1076660 1787.6
1076670 1789.6
1076680 1798.0
1076690 1798.0
1076700 1804.8
1076710 1811.7
1076720 1811.7
1076730 1818.5
1076740 1826.7
1076750 1831.8
1076760 1831.8
1076770 1830.6
1076780 1832.2
1076790 1832.2
1076800 1834.9
1076810 1836.5
1076820 1836.5
1076830 1834.4
1076840 1832.6
1076850 1832.6
1076860 1828.6
1076870 1823.7
1076880 1823.7
1076890 1831.3
1076900 1838.9
1076910 1838.9
1076920 1846.5
1076930 1854.7
1076940 1854.7
1076950 1862.1
1076960 1865.2
1076970 1865.2
1076980 1867.0
1076990 1869.2
1077000 1871.7
1077010 1871.7
1077020 1874.0
1077030 1875.5
1077040 1875.5
1077050 1876.7
1077060 1877.6
1077070 1877.6
1077080 1871.7
1077090 1872.9
1077100 1872.9
1077110 1871.8
1077120 1867.9
1077130 1867.9
1077140 1870.9
1077150 1873.3
1077160 1873.3
1077170 1873.7
1077180 1876.5
1077190 1876.5
1077200 1883.3
1077210 1885.8
1077220 1886.3
1077230 1886.3
1077240 1887.8
1077250 1889.7
1077260 1889.7
1077270 1891.1
1077280 1892.8
1077290 1892.8
1077300 1896.3
1077310 1897.9
1077320 1897.9
1077330 1896.2
1077340 1901.4
1077350 1901.4
1077360 1908.8
1077370 1912.2
1077380 1912.2
1077390 1912.8
1077400 1915.2
1077410 1915.2
1077420 1919.2
1077430 1922.4
1077440 1922.4
1077450 1925.3
1077460 1929.3
1077470 1934.0
1077480 1934.0
1077490 1938.6
1077500 1943.3
1077510 1943.3
1077520 1948.5
1077530 1953.8
1077540 1953.8
1077550 1959.2
1077560 1964.9
1077570 1964.9
1077580 1970.5
1077590 1976.5
1077600 1976.5
1077610 1983.0
1077620 1989.0
1077630 1989.0
1077640 1994.9
1077650 2001.7
1077660 2001.7
1077670 2009.2
1077680 2016.9
1077690 2024.5
1077700 2027.5
1077710 2034.0
1077720 2040.3
1077730 2040.3
1077740 2046.6
1077750 2052.9
1077760 2052.9
1077770 2058.6
1077780 2064.3
1077790 2064.3
1077800 2069.7
1077810 2073.1
1077820 2073.1
1077830 2072.2
1077840 2071.3
1077850 2071.3
1077860 2075.4
1077870 2076.2
1077880 2076.2
1077890 2068.8
1077900 2056.0
1077910 2038.3
1077920 2038.3
1077930 2026.7
1077940 2018.9
1077950 2018.9
1077960 2012.6
1077970 2007.1
1077980 2007.1
1077990 2002.5
1078000 1997.5
1078010 2001.6
1078020 1995.2
1078030 1989.5
1078040 1989.5
1078050 1985.3
1078060 1986.0
1078070 1986.0
1078080 1986.8
1078090 1985.8
1078100 1985.8
1078110 1985.9
1078120 1985.9
1078130 1985.9
1078140 1985.7
1078150 1985.0
1078160 1983.8
1078170 1983.8
1078180 1980.5
1078190 1976.7
1078200 1976.7
1078210 1972.9
1078220 1970.2
1078230 1970.2
1078240 1969.7
1078250 1968.9
1078260 1968.9
1078270 1967.6
1078280 1966.6
1078290 1966.6
1078300 1965.7
1078310 1965.8
1078320 1969.7
1078330 1970.3
1078340 1971.5
1078350 1971.5
1078360 1973.1
1078370 1973.1
1078380 1971.5
1078390 1971.5
1078400 1968.8
1078410 1966.2
1078420 1966.2
1078430 1964.1
1078440 1962.2
1078450 1962.2
1078460 1960.3
1078470 1960.7
1078480 1960.7
1078490 1961.9
1078500 1962.3
1078510 1962.3
1078520 1962.1
1078530 1961.2
1078540 1961.2
1078550 1959.8
1078560 1958.4
1078570 1958.4
1078580 1956.8
1078590 1955.1
1078600 1955.1
1078610 1952.9
1078620 1950.6
1078630 1946.6
1078640 1949.4
1078650 1949.4
1078660 1947.7
1078670 1947.7
1078680 1946.3
1078690 1945.4
1078700 1945.4
1078710 1943.9
1078720 1941.5
1078730 1941.5
1078740 1937.5
1078750 1932.8
1078760 1932.8
1078770 1928.8
1078780 1925.7
1078790 1925.7
1078800 1921.8
1078810 1917.7
1078820 1917.7
1078830 1914.9
1078840 1909.3
1078850 1903.1
1078860 1903.1
1078870 1897.9
1078880 1891.9
1078890 1891.9
1078900 1886.0
1078910 1879.2
1078920 1879.2
1078930 1872.0
1078940 1866.5
1078950 1869.7
1078960 1867.9
1078970 1868.3
1078980 1868.3
1078990 1869.1
1079000 1869.3
1079010 1869.3
1079020 1868.8
1079030 1868.1
1079040 1868.1
1079050 1866.5
1079060 1864.9
1079070 1864.9
1079080 1862.2
1079090 1858.6
1079100 1855.4
1079110 1855.4
1079120 1851.4
1079130 1847.8
1079140 1847.8
1079150 1844.2
1079160 1840.7
1079170 1840.7
1079180 1837.5
1079190 1834.5
1079200 1834.5
1079210 1831.5
1079220 1829.3
1079230 1829.3
1079240 1827.9
1079250 1826.2
1079260 1828.9
1079270 1826.6
1079280 1824.2
1079290 1824.2
1079300 1821.7
1079310 1819.2
1079320 1816.2
1079330 1816.2
1079340 1813.8
1079350 1812.2
1079360 1812.2
1079370 1810.1
1079380 1808.1
1079390 1808.1
1079400 1806.0
1079410 1803.8
1079420 1803.8
1079430 1801.5
1079440 1799.3
1079450 1799.3
1079460 1797.3
1079470 1795.7
1079480 1795.7
1079490 1795.1
1079500 1795.0
1079510 1795.0
1079520 1794.1
1079530 1792.3
1079540 1792.3
1079550 1789.3
1079560 1785.3
1079570 1781.2
1079580 1779.8
1079590 1777.6
1079600 1775.8
1079610 1775.8
1079620 1773.6
1079630 1771.1
1079640 1771.1
1079650 1768.4
1079660 1765.3
1079670 1765.3
1079680 1761.9
1079690 1759.4
1079700 1759.4
1079710 1759.7
1079720 1760.5
1079730 1760.5
1079740 1758.3
1079750 1754.7
1079760 1754.7
1079770 1751.8
1079780 1747.9
1079790 1744.1
1079800 1744.1
1079810 1741.3
1079820 1737.3
1079830 1737.3
1079840 1736.7
1079850 1736.2
1079860 1736.2
1079870 1734.4
1079880 1732.6
1079890 1734.5
1079900 1733.4
1079910 1731.7
1079920 1731.7
1079930 1730.2
1079940 1730.0
1079950 1730.0
1079960 1730.6
1079970 1731.4
1079980 1731.4
1079990 1729.2
