1071940 1709.8
1071950 1707.9
1071960 1707.9
1071970 1703.3
1071980 1697.7
1071990 1697.7
1072000 1692.9
1072010 1688.3
1072020 1688.3
1072030 1686.0
1072040 1680.9
1072050 1680.9
1072060 1669.7
1072070 1661.7
1072080 1661.7
1072090 1655.6
1072100 1650.8
1072110 1650.8
1072120 1647.3
1072130 1643.6
1072140 1643.6
1072150 1640.0
1072160 1636.8
1072170 1634.0
1072180 1634.0
1072190 1629.7
1072200 1630.5
1072210 1630.5
1072220 1626.8
1072230 1619.9
1072240 1619.9
1072250 1613.3
1072260 1609.5
1072270 1609.5
1072280 1605.4
1072290 1599.8
1072300 1599.8
1072310 1592.0
1072320 1587.7
1072330 1587.7
1072340 1576.0
1072350 1570.5
1072360 1570.5
1072370 1565.8
1072380 1560.4
1072390 1560.4
1072400 1554.3
1072410 1548.7
1072420 1543.4
1072430 1543.4
1072440 1537.6
1072450 1531.1
1072460 1531.1
1072470 1527.5
1072480 1525.9
1072490 1525.9
1072500 1522.2
1072510 1523.0
1072520 1523.0
1072530 1523.4
1072540 1523.1
1072550 1523.1
1072560 1523.1
1072570 1521.6
1072580 1521.6
1072590 1517.3
1072600 1511.5
1072610 1511.5
1072620 1506.7
1072630 1500.3
1072640 1493.2
1072650 1493.2
1072660 1487.9
1072670 1489.6
1072680 1489.6
1072690 1487.2
1072700 1482.9
1072710 1482.9
1072720 1478.9
1072730 1474.0
1072740 1474.0
1072750 1465.4
1072760 1462.2
1072770 1462.2
1072780 1462.4
1072790 1461.1
1072800 1461.1
1072810 1455.1
1072820 1458.4
1072830 1458.4
1072840 1460.1
1072850 1459.4
1072860 1457.4
1072870 1457.4
1072880 1455.3
1072890 1455.0
1072900 1455.0
1072910 1454.4
1072920 1455.9
1072930 1455.9
1072940 1458.7
1072950 1458.9
1072960 1458.9
1072970 1456.9
1072980 1454.0
1072990 1454.0
1073000 1450.9
1073010 1447.5
1073020 1447.5
1073030 1442.8
1073040 1436.4
1073050 1436.4
1073060 1428.2
1073070 1432.7
1073080 1432.7
1073090 1433.9
1073100 1432.3
1073110 1431.0
1073120 1427.8
1073130 1426.6
1073140 1424.5
1073150 1424.5
1073160 1422.7
1073170 1421.7
1073180 1421.7
1073190 1421.6
1073200 1427.8
1073210 1427.8
1073220 1432.4
1073230 1426.5
1073240 1426.5
1073250 1421.1
1073260 1418.5
1073270 1418.5
1073280 1415.9
1073290 1411.0
1073300 1411.0
1073310 1407.1
1073320 1402.0
1073330 1398.6
1073340 1398.6
1073350 1395.3
1073360 1390.1
1073370 1390.1
1073380 1387.7
1073390 1385.4
1073400 1385.4
1073410 1384.3
1073420 1381.2
1073430 1378.7
1073440 1377.7
1073450 1377.1
1073460 1377.1
1073470 1376.0
1073480 1375.7
1073490 1375.7
1073500 1373.4
1073510 1370.9
1073520 1370.9
1073530 1373.0
1073540 1372.6
1073550 1372.6
1073560 1372.2
1073570 1370.1
1073580 1367.9
1073590 1367.9
1073600 1367.2
1073610 1366.2
1073620 1366.2
1073630 1364.6
1073640 1361.9
1073650 1361.9
1073660 1357.7
1073670 1354.0
1073680 1354.0
1073690 1351.4
1073700 1348.1
1073710 1348.1
1073720 1344.0
1073730 1339.9
1073740 1339.9
1073750 1334.2
1073760 1330.6
1073770 1330.6
1073780 1330.1
1073790 1329.1
1073800 1328.0
1073810 1328.0
1073820 1326.5
1073830 1325.0
1073840 1325.0
1073850 1325.9
1073860 1325.1
1073870 1325.1
1073880 1324.0
1073890 1322.6
1073900 1322.6
1073910 1320.9
1073920 1319.5
1073930 1319.5
1073940 1317.7
1073950 1316.0
1073960 1316.0
1073970 1314.5
1073980 1312.9
1073990 1312.9
1074000 1311.5
1074010 1310.2
1074020 1310.2
1074030 1308.8
1074040 1307.5
1074050 1306.0
1074060 1306.0
1074070 1304.6
1074080 1302.8
1074090 1302.8
1074100 1301.3
1074110 1300.0
1074120 1300.0
1074130 1298.4
1074140 1296.9
1074150 1296.9
1074160 1295.4
1074170 1293.9
1074180 1293.9
1074190 1292.4
1074200 1291.0
1074210 1291.0
1074220 1289.6
1074230 1288.3
1074240 1288.3
1074250 1287.0
1074260 1285.6
1074270 1284.6
1074280 1284.6
1074290 1283.7
1074300 1282.5
1074310 1282.5
1074320 1281.6
1074330 1280.6
1074340 1280.6
1074350 1279.4
1074360 1278.1
1074370 1278.1
1074380 1276.8
1074390 1275.5
1074400 1275.5
1074410 1274.4
1074420 1270.8
1074430 1270.8
1074440 1266.1
1074450 1264.9
1074460 1264.9
1074470 1265.9
1074480 1269.5
1074490 1269.5
1074500 1271.6
1074510 1272.3
1074520 1273.6
1074530 1273.6
1074540 1274.9
1074550 1276.2
1074560 1276.2
1074570 1277.9
1074580 1280.0
1074590 1280.0
1074600 1284.1
1074610 1286.9
1074620 1286.9
1074630 1286.7
1074640 1286.5
1074650 1286.5
1074660 1286.4
1074670 1287.7
1074680 1287.7
1074690 1288.9
1074700 1291.2
1074710 1291.2
1074720 1294.5
1074730 1297.2
1074740 1297.5
1074750 1297.5
1074760 1298.0
1074770 1299.3
1074780 1299.3
1074790 1300.8
1074800 1302.2
1074810 1302.2
1074820 1303.6
1074830 1305.1
1074840 1305.1
1074850 1308.7
1074860 1315.9
1074870 1315.9
1074880 1324.7
1074890 1332.8
1074900 1332.8
1074910 1341.3
1074920 1348.8
1074930 1348.8
1074940 1356.1
1074950 1362.0
1074960 1366.6
1074970 1366.6
1074980 1366.9
1074990 1367.7
1075000 1367.7
1075010 1369.7
1075020 1379.4
1075030 1379.4
1075040 1386.9
1075050 1388.3
1075060 1388.3
1075070 1389.8
1075080 1395.0
1075090 1395.0
1075100 1400.2
1075110 1404.9
1075120 1404.9
1075130 1411.1
1075140 1416.9
1075150 1416.9
1075160 1423.1
1075170 1429.1
1075180 1429.1
1075190 1433.0
1075200 1436.1
1075210 1435.7
1075220 1435.7
1075230 1438.0
1075240 1440.8
1075250 1440.8
1075260 1442.9
1075270 1447.5
1075280 1447.5
1075290 1440.7
1075300 1444.6
1075310 1444.6
1075320 1452.1
1075330 1450.5
1075340 1450.5
1075350 1449.7
1075360 1450.8
1075370 1450.8
1075380 1448.0
1075390 1452.2
1075400 1452.2
1075410 1456.9
1075420 1463.2
1075430 1467.1
1075440 1467.1
1075450 1467.8
1075460 1467.5
1075470 1467.5
1075480 1466.3
1075490 1463.9
1075500 1463.9
1075510 1462.6
1075520 1460.2
1075530 1460.2
1075540 1460.8
1075550 1465.4
1075560 1465.4
1075570 1471.0
1075580 1476.6
1075590 1476.6
1075600 1489.1
1075610 1499.0
1075620 1499.0
1075630 1506.8
1075640 1511.1
1075650 1511.1
1075660 1514.7
1075670 1518.9
1075680 1523.7
1075690 1523.7
1075700 1530.0
1075710 1536.4
1075720 1536.4
1075730 1542.7
1075740 1549.1
1075750 1549.1
1075760 1550.0
1075770 1547.0
1075780 1547.0
1075790 1545.2
1075800 1542.2
1075810 1542.2
1075820 1538.2
1075830 1535.2
1075840 1535.2
1075850 1533.9
1075860 1536.8
1075870 1536.8
1075880 1539.2
1075890 1540.7
1075900 1542.2
1075910 1538.3
1075920 1538.6
1075930 1538.0
1075940 1538.0
1075950 1538.0
1075960 1539.6
1075970 1539.6
1075980 1544.4
1075990 1547.5
1076000 1547.5
1076010 1549.6
1076020 1549.6
1076030 1549.6
1076040 1548.0
1076050 1549.8
1076060 1549.8
1076070 1548.8
1076080 1545.3
1076090 1545.3
1076100 1545.3
1076110 1551.8
1076120 1551.8
1076130 1559.1
1076140 1563.3
1076150 1567.2
1076160 1567.2
1076170 1569.5
1076180 1572.1
1076190 1572.1
1076200 1575.6
1076210 1578.4
1076220 1575.5
1076230 1581.4
1076240 1587.5
1076250 1587.5
1076260 1593.9
1076270 1599.9
1076280 1599.9
1076290 1606.2
1076300 1612.0
1076310 1612.0
1076320 1615.8
1076330 1618.4
1076340 1618.4
1076350 1622.5
1076360 1626.4
1076370 1631.8
1076380 1631.8
1076390 1638.7
1076400 1644.5
1076410 1644.5
1076420 1647.4
1076430 1646.5
1076440 1646.5
1076450 1641.7
1076460 1643.4
1076470 1643.4
1076480 1653.1
1076490 1663.3
1076500 1663.3
1076510 1669.2
1076520 1672.9
1076530 1668.8
1076540 1676.0
1076550 1682.7
1076560 1682.7
1076570 1683.7
1076580 1685.0
1076590 1685.0
1076600 1688.6
1076610 1690.4
1076620 1691.7
1076630 1691.7
1076640 1694.4
1076650 1700.4
1076660 1700.4
1076670 1708.0
1076680 1713.2
1076690 1713.2
1076700 1710.5
1076710 1708.8
1076720 1708.8
1076730 1702.6
1076740 1703.3
1076750 1703.3
1076760 1711.5
1076770 1720.2
1076780 1720.2
1076790 1728.2
1076800 1734.0
1076810 1734.0
1076820 1737.7
1076830 1742.2
1076840 1742.1
1076850 1742.1
1076860 1745.7
1076870 1749.6
1076880 1749.6
1076890 1753.6
1076900 1757.3
1076910 1757.3
1076920 1760.0
1076930 1762.7
1076940 1762.7
1076950 1764.9
1076960 1767.3
1076970 1767.3
1076980 1769.9
1076990 1772.6
1077000 1772.6
1077010 1775.7
1077020 1776.1
1077030 1776.1
1077040 1780.8
1077050 1781.1
1077060 1781.6
1077070 1781.6
1077080 1783.4
1077090 1784.6
1077100 1784.6
1077110 1784.6
1077120 1781.8
1077130 1781.8
1077140 1784.6
1077150 1787.1
1077160 1787.1
1077170 1791.6
1077180 1795.9
1077190 1795.9
1077200 1800.1
1077210 1804.6
1077220 1804.6
1077230 1808.3
1077240 1811.2
1077250 1811.2
1077260 1812.3
1077270 1813.8
1077280 1813.8
1077290 1816.0
1077300 1816.8
1077310 1817.8
1077320 1817.8
1077330 1821.1
1077340 1825.9
1077350 1825.9
1077360 1835.6
1077370 1846.5
1077380 1846.5
1077390 1861.1
1077400 1873.4
1077410 1873.4
1077420 1883.3
1077430 1889.4
1077440 1889.4
1077450 1892.6
1077460 1897.8
1077470 1897.8
1077480 1897.1
1077490 1897.8
1077500 1897.8
1077510 1904.5
1077520 1909.0
1077530 1912.3
1077540 1912.3
1077550 1917.6
1077560 1923.6
1077570 1923.6
1077580 1930.7
1077590 1939.4
1077600 1939.4
1077610 1944.1
1077620 1951.7
1077630 1951.7
1077640 1965.7
1077650 1965.0
1077660 1965.0
1077670 1972.5
1077680 1981.6
1077690 1981.6
1077700 1987.3
1077710 1993.3
1077720 1993.3
1077730 1999.1
1077740 2005.3
1077750 2005.3
1077760 2011.3
1077770 2017.0
1077780 2025.0
1077790 2025.0
1077800 2031.2
1077810 2037.7
1077820 2037.7
1077830 2044.2
1077840 2050.8
1077850 2050.8
1077860 2057.4
1077870 2064.2
1077880 2064.2
1077890 2071.5
1077900 2078.9
1077910 2078.9
1077920 2085.8
1077930 2092.4
1077940 2092.4
1077950 2099.3
1077960 2106.6
1077970 2106.6
1077980 2113.3
1077990 2120.0
1078000 2126.2
1078010 2126.2
1078020 2132.7
1078030 2139.5
1078040 2139.5
1078050 2145.7
1078060 2151.8
1078070 2151.8
1078080 2157.7
1078090 2168.1
1078100 2168.1
1078110 2170.7
1078120 2165.6
1078130 2165.6
1078140 2159.3
1078150 2153.2
1078160 2153.2
1078170 2147.6
1078180 2150.5
1078190 2150.5
1078200 2158.6
1078210 2162.9
1078220 2162.9
1078230 2163.3
1078240 2159.1
1078250 2158.2
1078260 2158.2
1078270 2158.1
1078280 2151.8
1078290 2151.8
1078300 2143.8
1078310 2135.5
1078320 2135.5
1078330 2130.8
1078340 2128.7
1078350 2128.7
1078360 2135.3
1078370 2139.2
1078380 2139.2
1078390 2138.1
1078400 2137.1
1078410 2137.1
1078420 2133.6
1078430 2124.6
1078440 2124.6
1078450 2116.5
1078460 2120.7
1078470 2119.8
1078480 2119.8
1078490 2115.8
1078500 2122.5
1078510 2122.5
1078520 2125.1
1078530 2128.2
1078540 2128.2
1078550 2129.5
1078560 2130.2
1078570 2130.2
1078580 2128.7
1078590 2123.9
1078600 2123.9
1078610 2116.6
1078620 2109.4
1078630 2109.4
1078640 2107.5
1078650 2111.4
1078660 2111.4
1078670 2110.8
1078680 2114.2
1078690 2121.7
1078700 2121.7
1078710 2135.3
1078720 2129.7
1078730 2129.7
1078740 2116.7
1078750 2107.9
1078760 2107.9
1078770 2100.8
1078780 2091.6
1078790 2091.6
1078800 2082.9
1078810 2074.9
1078820 2074.9
1078830 2067.8
1078840 2061.8
1078850 2061.8
1078860 2059.2
1078870 2056.4
1078880 2056.4
1078890 2052.0
1078900 2047.4
1078910 2047.4
1078920 2043.8
1078930 2040.5
1078940 2035.9
1078950 2035.9
1078960 2030.8
1078970 2029.0
1078980 2029.0
1078990 2026.4
1079000 2019.5
1079010 2019.5
1079020 2013.6
1079030 2017.6
1079040 2017.6
1079050 2013.3
1079060 2010.4
1079070 2010.4
1079080 2007.9
1079090 2008.0
1079100 2008.0
1079110 2004.6
1079120 1998.9
1079130 1998.9
1079140 1992.7
1079150 1986.3
1079160 1981.5
1079170 1981.5
1079180 1978.6
1079190 1977.3
1079200 1977.3
1079210 1974.5
1079220 1972.0
1079230 1972.0
1079240 1967.9
1079250 1963.3
1079260 1963.3
1079270 1959.9
1079280 1958.7
1079290 1958.7
1079300 1957.1
1079310 1954.5
1079320 1954.5
1079330 1950.2
1079340 1954.8
1079350 1954.8
1079360 1948.9
1079370 1942.8
1079380 1942.8
1079390 1937.5
1079400 1933.2
1079410 1928.7
1079420 1928.7
1079430 1924.9
1079440 1921.5
1079450 1921.5
1079460 1918.7
1079470 1914.4
1079480 1914.4
1079490 1909.3
1079500 1905.4
1079510 1905.4
1079520 1900.2
1079530 1897.3
1079540 1897.3
1079550 1891.7
1079560 1885.1
1079570 1885.1
1079580 1881.5
1079590 1875.1
1079600 1875.1
1079610 1868.9
1079620 1863.6
1079630 1859.1
1079640 1859.1
1079650 1862.7
1079660 1859.4
1079670 1859.4
1079680 1854.9
1079690 1850.2
1079700 1850.2
1079710 1847.3
1079720 1845.9
1079730 1845.9
1079740 1846.7
1079750 1845.7
1079760 1845.7
1079770 1842.1
1079780 1837.7
1079790 1837.7
1079800 1834.4
1079810 1832.9
1079820 1832.9
1079830 1832.2
1079840 1831.0
1079850 1831.0
1079860 1829.1
1079870 1826.5
1079880 1825.0
1079890 1825.0
1079900 1824.7
1079910 1823.9
1079920 1823.9
1079930 1822.5
1079940 1821.0
1079950 1821.0
1079960 1819.7
1079970 1826.7
1079980 1826.7
1079990 1826.0
