1072160 1746.4
1072170 1741.2
1072180 1741.2
1072190 1733.4
1072200 1725.9
1072210 1725.9
1072220 1720.0
1072230 1714.1
1072240 1707.7
1072250 1707.7
1072260 1698.4
1072270 1689.1
1072280 1689.1
1072290 1686.6
1072300 1683.8
1072310 1683.8
1072320 1680.0
1072330 1675.1
1072340 1675.1
1072350 1670.3
1072360 1667.9
1072370 1667.9
1072380 1665.8
1072390 1663.7
1072400 1666.5
1072410 1666.0
1072420 1662.4
1072430 1662.4
1072440 1657.3
1072450 1652.5
1072460 1652.5
1072470 1652.0
1072480 1653.1
1072490 1652.7
1072500 1652.7
1072510 1650.1
1072520 1647.2
1072530 1647.2
1072540 1645.1
1072550 1643.2
1072560 1643.2
1072570 1639.9
1072580 1635.3
1072590 1635.3
1072600 1631.5
1072610 1628.1
1072620 1628.1
1072630 1624.0
1072640 1619.5
1072650 1619.5
1072660 1614.7
1072670 1611.0
1072680 1611.0
1072690 1607.2
1072700 1603.8
1072710 1602.0
1072720 1602.0
1072730 1599.1
1072740 1595.1
1072750 1595.1
1072760 1589.4
1072770 1584.6
1072780 1584.6
1072790 1581.4
1072800 1578.1
1072810 1578.1
1072820 1574.7
1072830 1570.9
1072840 1570.9
1072850 1567.3
1072860 1564.1
1072870 1564.1
1072880 1560.4
1072890 1556.8
1072900 1556.8
1072910 1553.5
1072920 1551.6
1072930 1551.6
1072940 1548.3
1072950 1544.3
1072960 1541.2
1072970 1541.2
1072980 1540.5
1072990 1539.2
1073000 1539.2
1073010 1537.7
1073020 1544.6
1073030 1544.6
1073040 1545.7
1073050 1545.0
1073060 1545.0
1073070 1542.8
1073080 1541.6
1073090 1541.6
1073100 1538.9
1073110 1536.3
1073120 1536.3
1073130 1534.4
1073140 1531.4
1073150 1531.4
1073160 1527.9
1073170 1522.1
1073180 1517.0
1073190 1517.0
1073200 1508.5
1073210 1501.8
1073220 1501.8
1073230 1494.0
1073240 1487.2
1073250 1487.2
1073260 1486.0
1073270 1485.0
1073280 1485.0
1073290 1479.4
1073300 1472.9
1073310 1472.9
1073320 1467.6
1073330 1461.6
1073340 1461.6
1073350 1454.4
1073360 1448.7
1073370 1448.7
1073380 1442.8
1073390 1435.5
1073400 1435.5
1073410 1430.1
1073420 1425.7
1073430 1421.2
1073440 1421.2
1073450 1416.9
1073460 1412.2
1073470 1412.2
1073480 1405.4
1073490 1401.9
1073500 1401.9
1073510 1397.5
1073520 1392.8
1073530 1392.8
1073540 1386.2
1073550 1378.3
1073560 1378.3
1073570 1371.0
1073580 1364.8
1073590 1364.8
1073600 1359.8
1073610 1355.9
1073620 1355.9
1073630 1351.3
1073640 1347.9
1073650 1344.4
1073660 1344.4
1073670 1339.4
1073680 1333.4
1073690 1333.4
1073700 1327.9
1073710 1322.4
1073720 1322.4
1073730 1317.3
1073740 1313.8
1073750 1313.8
1073760 1311.6
1073770 1310.8
1073780 1310.8
1073790 1310.2
1073800 1309.7
1073810 1309.7
1073820 1309.4
1073830 1308.8
1073840 1308.8
1073850 1308.3
1073860 1307.5
1073870 1306.8
1073880 1306.8
1073890 1306.4
1073900 1306.0
1073910 1306.0
1073920 1305.6
1073930 1305.2
1073940 1305.1
1073950 1304.9
1073960 1305.0
1073970 1305.0
1073980 1306.2
1073990 1306.0
1074000 1306.0
1074010 1303.3
1074020 1301.4
1074030 1301.4
1074040 1300.9
1074050 1300.5
1074060 1300.5
1074070 1300.5
1074080 1300.1
1074090 1300.1
1074100 1299.4
1074110 1297.4
1074120 1296.6
1074130 1296.6
1074140 1295.4
1074150 1293.4
1074160 1293.4
1074170 1291.6
1074180 1291.3
1074190 1291.3
1074200 1294.6
1074210 1295.8
1074220 1295.8
1074230 1295.5
1074240 1294.9
1074250 1295.0
1074260 1295.0
1074270 1295.0
1074280 1295.0
1074290 1295.4
1074300 1294.5
1074310 1294.5
1074320 1293.2
1074330 1292.8
1074340 1293.3
1074350 1293.3
1074360 1292.9
1074370 1291.9
1074380 1291.9
1074390 1290.6
1074400 1282.2
1074410 1282.2
1074420 1278.1
1074430 1278.1
1074440 1278.1
1074450 1278.5
1074460 1279.7
1074470 1279.7
1074480 1284.0
1074490 1290.7
1074500 1290.7
1074510 1298.3
1074520 1301.9
1074530 1301.9
1074540 1304.5
1074550 1306.3
1074560 1307.7
1074570 1309.9
1074580 1310.9
1074590 1312.2
1074600 1312.2
1074610 1314.2
1074620 1315.4
1074630 1315.4
1074640 1316.7
1074650 1318.7
1074660 1318.7
1074670 1321.0
1074680 1323.5
1074690 1323.5
1074700 1326.4
1074710 1329.2
1074720 1329.2
1074730 1332.2
1074740 1335.3
1074750 1335.3
1074760 1338.3
1074770 1341.5
1074780 1341.5
1074790 1344.7
1074800 1348.2
1074810 1351.6
1074820 1351.6
1074830 1355.4
1074840 1359.4
1074850 1359.4
1074860 1363.3
1074870 1367.6
1074880 1367.6
1074890 1371.5
1074900 1375.5
1074910 1375.5
1074920 1380.0
1074930 1384.5
1074940 1384.5
1074950 1389.5
1074960 1394.6
1074970 1394.6
1074980 1399.7
1074990 1404.8
1075000 1404.8
1075010 1410.3
1075020 1415.6
1075030 1415.6
1075040 1421.2
1075050 1427.6
1075060 1433.9
1075070 1433.9
1075080 1440.9
1075090 1448.5
1075100 1448.5
1075110 1455.9
1075120 1462.8
1075130 1462.8
1075140 1468.9
1075150 1474.5
1075160 1474.5
1075170 1478.9
1075180 1489.7
1075190 1489.7
1075200 1494.9
1075210 1501.1
1075220 1501.1
1075230 1509.0
1075240 1515.6
1075250 1515.6
1075260 1521.9
1075270 1528.8
1075280 1534.6
1075290 1534.6
1075300 1539.7
1075310 1544.2
1075320 1544.2
1075330 1548.9
1075340 1546.4
1075350 1546.4
1075360 1542.7
1075370 1537.8
1075380 1537.8
1075390 1538.0
1075400 1541.7
1075410 1541.7
1075420 1541.2
1075430 1550.0
1075440 1550.0
1075450 1559.3
1075460 1561.0
1075470 1561.0
1075480 1564.0
1075490 1573.4
1075500 1575.9
1075510 1575.9
1075520 1576.9
1075530 1573.7
1075540 1573.7
1075550 1577.9
1075560 1588.6
1075570 1588.6
1075580 1596.3
1075590 1602.7
1075600 1602.7
1075610 1606.7
1075620 1609.0
1075630 1609.0
1075640 1612.0
1075650 1615.1
1075660 1615.1
1075670 1616.7
1075680 1616.1
1075690 1616.1
1075700 1618.1
1075710 1623.3
1075720 1623.3
1075730 1627.6
1075740 1630.7
1075750 1636.9
1075760 1636.9
1075770 1639.8
1075780 1639.7
1075790 1639.7
1075800 1648.6
1075810 1649.5
1075820 1649.5
1075830 1653.4
1075840 1657.9
1075850 1657.9
1075860 1659.0
1075870 1657.1
1075880 1657.1
1075890 1665.0
1075900 1674.3
1075910 1674.3
1075920 1678.5
1075930 1681.6
1075940 1681.6
1075950 1686.1
1075960 1689.9
1075970 1692.0
1075980 1692.0
1075990 1694.5
1076000 1696.7
1076010 1696.7
1076020 1696.3
1076030 1695.9
1076040 1695.9
1076050 1695.2
1076060 1694.9
1076070 1694.9
1076080 1696.8
1076090 1698.4
1076100 1698.4
1076110 1700.0
1076120 1696.8
1076130 1696.8
1076140 1693.1
1076150 1690.9
1076160 1690.9
1076170 1689.0
1076180 1687.5
1076190 1687.5
1076200 1687.5
1076210 1686.2
1076220 1683.2
1076230 1683.2
1076240 1677.5
1076250 1673.1
1076260 1673.1
1076270 1673.6
1076280 1676.1
1076290 1676.1
1076300 1681.4
1076310 1684.4
1076320 1684.4
1076330 1686.3
1076340 1688.2
1076350 1688.2
1076360 1691.4
1076370 1696.1
1076380 1696.1
1076390 1701.0
1076400 1705.7
1076410 1705.7
1076420 1709.1
1076430 1712.6
1076440 1715.3
1076450 1715.3
1076460 1718.0
1076470 1720.7
1076480 1720.7
1076490 1720.1
1076500 1716.2
1076510 1716.2
1076520 1720.0
1076530 1727.2
1076540 1727.2
1076550 1734.3
1076560 1740.4
1076570 1740.4
1076580 1745.2
1076590 1749.3
1076600 1749.3
1076610 1753.1
1076620 1757.3
1076630 1757.3
1076640 1761.1
1076650 1764.2
1076660 1767.3
1076670 1767.3
1076680 1769.8
1076690 1771.9
1076700 1771.9
1076710 1773.8
1076720 1775.8
1076730 1775.8
1076740 1783.7
1076750 1785.5
1076760 1785.5
1076770 1786.8
1076780 1787.9
1076790 1787.9
1076800 1788.5
1076810 1788.9
1076820 1788.9
1076830 1788.8
1076840 1789.2
1076850 1789.2
1076860 1789.4
1076870 1789.2
1076880 1789.2
1076890 1791.4
1076900 1794.6
1076910 1799.1
1076920 1799.1
1076930 1802.9
1076940 1805.7
1076950 1805.7
1076960 1810.8
1076970 1816.8
1076980 1816.8
1076990 1821.5
1077000 1825.9
1077010 1825.9
1077020 1830.1
1077030 1833.0
1077040 1833.0
1077050 1850.6
1077060 1855.8
1077070 1855.8
1077080 1855.4
1077090 1879.0
1077100 1879.0
1077110 1889.0
1077120 1890.8
1077130 1888.4
1077140 1888.4
1077150 1886.6
1077160 1882.4
1077170 1882.4
1077180 1884.1
1077190 1889.2
1077200 1889.2
1077210 1895.0
1077220 1899.0
1077230 1899.0
1077240 1901.6
1077250 1904.1
1077260 1904.1
1077270 1906.7
1077280 1910.3
1077290 1910.3
1077300 1914.2
1077310 1914.9
1077320 1914.9
1077330 1912.6
1077340 1911.2
1077350 1911.2
1077360 1918.9
1077370 1919.6
1077380 1918.2
1077390 1918.2
1077400 1924.5
1077410 1933.7
1077420 1933.7
1077430 1942.7
1077440 1951.1
1077450 1951.1
1077460 1959.5
1077470 1968.7
1077480 1968.7
1077490 1976.4
1077500 1984.6
1077510 1984.6
1077520 1993.5
1077530 2002.9
1077540 2002.9
1077550 2013.6
1077560 2023.6
1077570 2023.6
1077580 2032.7
1077590 2041.6
1077600 2049.8
1077610 2049.8
1077620 2055.5
1077630 2059.0
1077640 2059.0
1077650 2061.4
1077660 2061.6
1077670 2070.0
1077680 2069.5
1077690 2076.4
1077700 2076.4
1077710 2084.7
1077720 2094.2
1077730 2094.2
1077740 2101.8
1077750 2109.7
1077760 2109.7
1077770 2120.0
1077780 2126.4
1077790 2126.4
1077800 2132.2
1077810 2139.0
1077820 2139.0
1077830 2147.1
1077840 2154.7
1077850 2163.4
1077860 2163.4
1077870 2174.2
1077880 2181.1
1077890 2181.1
1077900 2187.5
1077910 2194.8
1077920 2194.8
1077930 2202.5
1077940 2209.6
1077950 2209.6
1077960 2216.7
1077970 2224.3
1077980 2227.6
1077990 2234.9
1078000 2241.4
1078010 2241.4
1078020 2247.8
1078030 2253.7
1078040 2253.7
1078050 2255.8
1078060 2250.3
1078070 2243.9
1078080 2243.9
1078090 2237.5
1078100 2231.9
1078110 2231.9
1078120 2227.2
1078130 2222.8
1078140 2222.8
1078150 2218.6
1078160 2214.0
1078170 2214.0
1078180 2210.1
1078190 2205.9
1078200 2205.9
1078210 2202.4
1078220 2199.0
1078230 2199.0
1078240 2194.8
1078250 2189.7
1078260 2189.7
1078270 2186.0
1078280 2181.9
1078290 2172.7
1078300 2172.7
1078310 2168.8
1078320 2166.2
1078330 2166.2
1078340 2162.2
1078350 2161.1
1078360 2161.1
1078370 2158.0
1078380 2155.4
1078390 2155.4
1078400 2152.3
1078410 2150.2
1078420 2150.2
1078430 2147.8
1078440 2145.2
1078450 2145.2
1078460 2142.3
1078470 2138.9
1078480 2138.9
1078490 2137.0
1078500 2135.5
1078510 2135.5
1078520 2134.2
1078530 2133.2
1078540 2134.3
1078550 2134.3
1078560 2134.8
1078570 2133.9
1078580 2133.9
1078590 2132.9
1078600 2132.3
1078610 2126.1
1078620 2124.2
1078630 2118.4
1078640 2118.4
1078650 2111.9
1078660 2106.7
1078670 2106.7
1078680 2101.6
1078690 2097.6
1078700 2097.6
1078710 2093.5
1078720 2089.2
1078730 2089.2
1078740 2085.1
1078750 2082.0
1078760 2079.4
1078770 2079.4
1078780 2076.4
1078790 2073.0
1078800 2073.0
1078810 2068.3
1078820 2062.9
1078830 2062.9
1078840 2057.2
1078850 2051.1
1078860 2051.1
1078870 2044.6
1078880 2037.1
1078890 2037.1
1078900 2030.0
1078910 2023.4
1078920 2024.9
1078930 2017.5
1078940 2010.1
1078950 2010.1
1078960 2003.6
1078970 1997.5
1078980 1997.5
1078990 1990.6
1079000 1982.6
1079010 1979.1
1079020 1979.1
1079030 1974.8
1079040 1969.8
1079050 1969.8
1079060 1964.2
1079070 1958.9
1079080 1958.9
1079090 1954.1
1079100 1949.3
1079110 1949.3
1079120 1944.7
1079130 1940.0
1079140 1940.0
1079150 1935.3
1079160 1931.0
1079170 1931.0
1079180 1926.9
1079190 1922.4
1079200 1922.4
1079210 1917.5
1079220 1913.0
1079230 1907.4
1079240 1907.4
1079250 1903.0
1079260 1899.4
1079270 1899.4
1079280 1896.6
1079290 1893.7
1079300 1893.7
1079310 1891.2
1079320 1889.3
1079330 1889.3
1079340 1889.2
1079350 1889.5
1079360 1889.5
1079370 1888.7
1079380 1888.6
1079390 1888.6
1079400 1890.1
1079410 1891.6
1079420 1891.6
1079430 1894.1
1079440 1898.9
1079450 1905.9
1079460 1905.9
1079470 1913.0
1079480 1918.8
1079490 1918.8
1079500 1923.2
1079510 1927.0
1079520 1927.0
1079530 1931.4
1079540 1935.0
1079550 1929.4
1079560 1931.6
1079570 1935.2
1079580 1935.2
1079590 1938.1
1079600 1939.3
1079610 1939.3
1079620 1940.7
1079630 1944.5
1079640 1944.5
1079650 1947.0
1079660 1947.4
1079670 1947.4
1079680 1949.2
1079690 1949.9
1079700 1948.5
1079710 1948.5
1079720 1946.1
1079730 1943.8
1079740 1943.8
1079750 1941.7
1079760 1939.5
1079770 1939.5
1079780 1937.0
1079790 1934.1
1079800 1934.1
1079810 1930.6
1079820 1926.5
1079830 1926.5
1079840 1923.4
1079850 1921.3
1079860 1918.0
1079870 1915.0
1079880 1912.4
1079890 1912.4
1079900 1910.2
1079910 1908.8
1079920 1908.5
1079930 1908.5
1079940 1908.0
1079950 1906.9
1079960 1906.9
1079970 1905.5
1079980 1903.8
1079990 1903.8
