1072140 1733.0
1072150 1727.6
1072160 1727.6
1072170 1719.9
1072180 1711.5
1072190 1711.5
1072200 1702.6
1072210 1693.6
1072220 1693.6
1072230 1682.5
1072240 1677.5
1072250 1672.2
1072260 1672.2
1072270 1667.0
1072280 1662.0
1072290 1662.0
1072300 1657.4
1072310 1652.6
1072320 1652.6
1072330 1649.6
1072340 1644.3
1072350 1644.3
1072360 1640.3
1072370 1637.6
1072380 1637.6
1072390 1636.0
1072400 1635.4
1072410 1635.4
1072420 1634.4
1072430 1632.8
1072440 1632.8
1072450 1630.4
1072460 1627.0
1072470 1624.1
1072480 1624.1
1072490 1621.1
1072500 1617.1
1072510 1617.1
1072520 1612.9
1072530 1609.0
1072540 1611.1
1072550 1607.5
1072560 1604.2
1072570 1604.2
1072580 1602.0
1072590 1600.3
1072600 1600.3
1072610 1598.2
1072620 1596.4
1072630 1596.4
1072640 1594.5
1072650 1592.9
1072660 1592.9
1072670 1590.5
1072680 1585.6
1072690 1579.5
1072700 1579.5
1072710 1575.7
1072720 1572.8
1072730 1572.8
1072740 1567.9
1072750 1561.7
1072760 1561.7
1072770 1556.1
1072780 1552.1
1072790 1552.1
1072800 1548.5
1072810 1545.7
1072820 1545.7
1072830 1543.7
1072840 1541.3
1072850 1544.3
1072860 1541.1
1072870 1538.2
1072880 1538.2
1072890 1534.4
1072900 1530.2
1072910 1530.2
1072920 1526.8
1072930 1524.6
1072940 1522.2
1072950 1522.2
1072960 1519.8
1072970 1518.4
1072980 1518.4
1072990 1517.3
1073000 1515.6
1073010 1515.6
1073020 1513.4
1073030 1510.3
1073040 1510.3
1073050 1507.4
1073060 1502.6
1073070 1502.6
1073080 1497.7
1073090 1493.5
1073100 1493.5
1073110 1490.0
1073120 1486.9
1073130 1486.9
1073140 1485.9
1073150 1485.1
1073160 1488.0
1073170 1488.0
1073180 1482.1
1073190 1476.7
1073200 1476.7
1073210 1472.9
1073220 1468.6
1073230 1468.6
1073240 1461.7
1073250 1455.4
1073260 1455.4
1073270 1448.9
1073280 1442.3
1073290 1442.3
1073300 1436.2
1073310 1427.9
1073320 1427.9
1073330 1425.2
1073340 1425.4
1073350 1425.4
1073360 1423.1
1073370 1420.9
1073380 1420.9
1073390 1418.7
1073400 1415.1
1073410 1409.7
1073420 1409.7
1073430 1404.3
1073440 1400.3
1073450 1400.3
1073460 1396.5
1073470 1393.1
1073480 1393.1
1073490 1386.7
1073500 1380.3
1073510 1380.3
1073520 1373.2
1073530 1365.4
1073540 1365.4
1073550 1357.9
1073560 1351.2
1073570 1351.2
1073580 1346.0
1073590 1341.2
1073600 1341.2
1073610 1335.6
1073620 1330.6
1073630 1326.0
1073640 1326.0
1073650 1322.7
1073660 1320.9
1073670 1320.9
1073680 1319.5
1073690 1317.8
1073700 1317.8
1073710 1316.2
1073720 1314.9
1073730 1314.9
1073740 1313.9
1073750 1312.7
1073760 1312.7
1073770 1311.9
1073780 1311.3
1073790 1311.3
1073800 1310.7
1073810 1310.3
1073820 1310.3
1073830 1310.0
1073840 1309.7
1073850 1309.7
1073860 1309.4
1073870 1309.2
1073880 1309.1
1073890 1309.1
1073900 1309.3
1073910 1309.5
1073920 1309.5
1073930 1305.9
1073940 1303.2
1073950 1303.2
1073960 1305.2
1073970 1306.6
1073980 1306.6
1073990 1306.6
1074000 1304.7
1074010 1304.7
1074020 1304.1
1074030 1304.8
1074040 1304.8
1074050 1304.1
1074060 1303.4
1074070 1303.4
1074080 1301.8
1074090 1301.2
1074100 1299.4
1074110 1299.4
1074120 1296.4
1074130 1294.6
1074140 1294.6
1074150 1294.0
1074160 1294.0
1074170 1294.0
1074180 1292.8
1074190 1290.9
1074200 1290.9
1074210 1288.5
1074220 1286.1
1074230 1286.1
1074240 1285.1
1074250 1284.7
1074260 1284.7
1074270 1284.0
1074280 1283.3
1074290 1283.3
1074300 1283.0
1074310 1283.4
1074320 1283.8
1074330 1283.8
1074340 1284.0
1074350 1284.1
1074360 1284.1
1074370 1284.8
1074380 1282.6
1074390 1282.6
1074400 1277.6
1074410 1276.6
1074420 1276.6
1074430 1276.1
1074440 1278.1
1074450 1278.1
1074460 1284.8
1074470 1290.1
1074480 1290.1
1074490 1292.3
1074500 1294.2
1074510 1294.2
1074520 1296.4
1074530 1299.2
1074540 1299.2
1074550 1302.2
1074560 1303.9
1074570 1305.1
1074580 1305.1
1074590 1308.5
1074600 1313.1
1074610 1313.1
1074620 1316.3
1074630 1318.2
1074640 1318.2
1074650 1319.7
1074660 1321.2
1074670 1321.2
1074680 1322.9
1074690 1324.7
1074700 1324.7
1074710 1328.6
1074720 1330.4
1074730 1330.4
1074740 1333.8
1074750 1338.3
1074760 1338.3
1074770 1342.9
1074780 1348.3
1074790 1353.7
1074800 1353.7
1074810 1360.0
1074820 1366.0
1074830 1366.0
1074840 1372.2
1074850 1378.1
1074860 1378.1
1074870 1384.3
1074880 1390.5
1074890 1390.5
1074900 1396.6
1074910 1402.7
1074920 1402.7
1074930 1408.1
1074940 1411.6
1074950 1411.6
1074960 1415.8
1074970 1421.3
1074980 1421.3
1074990 1426.9
1075000 1429.9
1075010 1429.9
1075020 1433.1
1075030 1437.1
1075040 1441.0
1075050 1441.0
1075060 1444.2
1075070 1445.9
1075080 1445.9
1075090 1447.2
1075100 1445.3
1075110 1445.3
1075120 1442.5
1075130 1442.8
1075140 1442.8
1075150 1444.4
1075160 1445.6
1075170 1445.6
1075180 1445.9
1075190 1446.0
1075200 1446.0
1075210 1446.3
1075220 1445.8
1075230 1445.8
1075240 1445.9
1075250 1447.6
1075260 1448.8
1075270 1448.8
1075280 1448.4
1075290 1449.8
1075300 1449.8
1075310 1452.8
1075320 1454.1
1075330 1464.5
1075340 1464.2
1075350 1464.1
1075360 1464.1
1075370 1469.1
1075380 1467.2
1075390 1467.2
1075400 1475.0
1075410 1479.6
1075420 1479.6
1075430 1484.1
1075440 1486.2
1075450 1486.2
1075460 1491.7
1075470 1493.9
1075480 1493.9
1075490 1490.7
1075500 1487.4
1075510 1491.3
1075520 1491.3
1075530 1503.4
1075540 1513.6
1075550 1513.6
1075560 1522.2
1075570 1530.0
1075580 1530.0
1075590 1537.6
1075600 1548.2
1075610 1548.2
1075620 1556.2
1075630 1556.4
1075640 1564.0
1075650 1567.0
1075660 1570.9
1075670 1570.9
1075680 1577.5
1075690 1582.9
1075700 1582.9
1075710 1586.1
1075720 1588.5
1075730 1589.5
1075740 1589.5
1075750 1588.5
1075760 1579.0
1075770 1579.0
1075780 1576.0
1075790 1585.9
1075800 1585.9
1075810 1592.9
1075820 1587.7
1075830 1587.7
1075840 1591.4
1075850 1604.8
1075860 1604.8
1075870 1616.8
1075880 1623.0
1075890 1623.0
1075900 1626.4
1075910 1622.4
1075920 1622.4
1075930 1625.6
1075940 1629.8
1075950 1641.6
1075960 1641.6
1075970 1641.4
1075980 1634.3
1075990 1634.3
1076000 1628.4
1076010 1632.8
1076020 1632.8
1076030 1633.9
1076040 1639.1
1076050 1639.1
1076060 1644.7
1076070 1652.3
1076080 1652.3
1076090 1664.1
1076100 1669.8
1076110 1669.8
1076120 1672.9
1076130 1674.5
1076140 1674.5
1076150 1674.1
1076160 1673.2
1076170 1673.2
1076180 1671.3
1076190 1669.4
1076200 1666.9
1076210 1666.9
1076220 1661.3
1076230 1658.8
1076240 1658.8
1076250 1656.5
1076260 1660.1
1076270 1660.1
1076280 1665.7
1076290 1666.8
1076300 1666.8
1076310 1668.3
1076320 1671.9
1076330 1671.9
1076340 1676.7
1076350 1682.1
1076360 1682.1
1076370 1686.3
1076380 1688.9
1076390 1688.9
1076400 1690.2
1076410 1692.5
1076420 1695.1
1076430 1695.1
1076440 1696.5
1076450 1699.1
1076460 1699.1
1076470 1701.4
1076480 1703.3
1076490 1703.3
1076500 1706.1
1076510 1709.9
1076520 1709.9
1076530 1713.2
1076540 1716.4
1076550 1716.4
1076560 1719.5
1076570 1724.8
1076580 1724.8
1076590 1727.6
1076600 1729.9
1076610 1729.9
1076620 1732.4
1076630 1734.4
1076640 1734.4
1076650 1736.1
1076660 1737.4
1076670 1738.6
1076680 1738.6
1076690 1739.8
1076700 1740.7
1076710 1740.7
1076720 1741.3
1076730 1741.7
1076740 1741.7
1076750 1741.8
1076760 1741.7
1076770 1741.7
1076780 1741.8
1076790 1742.0
1076800 1742.0
1076810 1741.8
1076820 1741.4
1076830 1741.4
1076840 1741.6
1076850 1742.0
1076860 1742.0
1076870 1742.1
1076880 1748.8
1076890 1750.0
1076900 1750.0
1076910 1750.7
1076920 1750.8
1076930 1750.8
1076940 1752.5
1076950 1755.6
1076960 1755.6
1076970 1758.4
1076980 1761.6
1076990 1761.6
1077000 1765.5
1077010 1769.7
1077020 1769.7
1077030 1773.1
1077040 1773.5
1077050 1773.5
1077060 1781.9
1077070 1791.3
1077080 1791.3
1077090 1800.1
1077100 1807.0
1077110 1812.5
1077120 1812.5
1077130 1817.0
1077140 1821.5
1077150 1821.5
1077160 1825.2
1077170 1829.6
1077180 1829.6
1077190 1845.6
1077200 1848.8
1077210 1848.8
1077220 1851.1
1077230 1853.2
1077240 1853.2
1077250 1856.0
1077260 1859.6
1077270 1859.6
1077280 1864.5
1077290 1865.4
1077300 1865.4
1077310 1862.2
1077320 1865.0
1077330 1865.0
1077340 1875.2
1077350 1884.5
1077360 1893.6
1077370 1893.6
1077380 1901.5
1077390 1911.3
1077400 1911.3
1077410 1921.1
1077420 1928.0
1077430 1928.0
1077440 1934.2
1077450 1940.9
1077460 1940.9
1077470 1948.2
1077480 1956.6
1077490 1956.6
1077500 1967.8
1077510 1975.2
1077520 1975.2
1077530 1981.9
1077540 1988.1
1077550 1988.1
1077560 1989.6
1077570 1989.9
1077580 1999.0
1077590 1999.0
1077600 2006.3
1077610 2012.2
1077620 2012.2
1077630 2017.9
1077640 2023.6
1077650 2023.6
1077660 2031.2
1077670 2038.7
1077680 2038.7
1077690 2045.8
1077700 2053.8
1077710 2053.8
1077720 2061.8
1077730 2068.4
1077740 2068.4
1077750 2075.3
1077760 2081.9
1077770 2081.9
1077780 2087.9
1077790 2095.7
1077800 2095.7
1077810 2104.8
1077820 2117.4
1077830 2124.3
1077840 2124.3
1077850 2129.8
1077860 2135.4
1077870 2135.4
1077880 2139.4
1077890 2144.7
1077900 2144.7
1077910 2152.3
1077920 2161.5
1077930 2161.5
1077940 2169.5
1077950 2177.2
1077960 2177.2
1077970 2186.2
1077980 2196.2
1077990 2196.2
1078000 2202.8
1078010 2210.7
1078020 2210.7
1078030 2220.8
1078040 2229.2
1078050 2235.8
1078060 2235.8
1078070 2242.8
1078080 2250.0
1078090 2250.0
1078100 2257.1
1078110 2264.5
1078120 2264.5
1078130 2270.5
1078140 2271.2
1078150 2271.2
1078160 2266.1
1078170 2259.7
1078180 2259.7
1078190 2253.2
1078200 2249.2
1078210 2249.2
1078220 2245.4
1078230 2243.2
1078240 2243.2
1078250 2240.6
1078260 2234.4
1078270 2234.4
1078280 2228.7
1078290 2224.4
1078300 2220.7
1078310 2220.7
1078320 2217.4
1078330 2215.1
1078340 2215.1
1078350 2212.2
1078360 2209.6
1078370 2209.6
1078380 2207.6
1078390 2205.7
1078400 2205.7
1078410 2203.1
1078420 2199.7
1078430 2199.7
1078440 2190.2
1078450 2188.6
1078460 2188.6
1078470 2187.5
1078480 2187.1
1078490 2187.1
1078500 2186.1
1078510 2185.0
1078520 2183.3
1078530 2183.3
1078540 2177.5
1078550 2170.2
1078560 2170.2
1078570 2162.9
1078580 2156.1
1078590 2156.1
1078600 2150.1
1078610 2144.9
1078620 2144.9
1078630 2140.1
1078640 2135.2
1078650 2135.2
1078660 2130.3
1078670 2124.9
1078680 2124.9
1078690 2119.8
1078700 2115.2
1078710 2115.2
1078720 2110.9
1078730 2106.2
1078740 2101.5
1078750 2098.5
1078760 2093.8
1078770 2088.7
1078780 2088.7
1078790 2082.2
1078800 2076.1
1078810 2076.1
1078820 2069.9
1078830 2062.6
1078840 2062.6
1078850 2056.2
1078860 2050.3
1078870 2050.3
1078880 2044.4
1078890 2039.0
1078900 2039.0
1078910 2033.6
1078920 2028.5
1078930 2028.5
1078940 2023.3
1078950 2017.5
1078960 2017.5
1078970 2011.8
1078980 2006.7
1078990 2002.0
1079000 2002.0
1079010 1997.1
1079020 1991.6
1079030 1991.6
1079040 1985.2
1079050 1979.5
1079060 1979.5
1079070 1972.3
1079080 1967.3
1079090 1967.3
1079100 1962.5
1079110 1957.2
1079120 1957.2
1079130 1952.1
1079140 1948.4
1079150 1948.4
1079160 1944.6
1079170 1940.3
1079180 1940.3
1079190 1935.9
1079200 1931.8
1079210 1927.5
1079220 1927.5
1079230 1923.7
1079240 1920.7
1079250 1920.7
1079260 1918.9
1079270 1917.9
1079280 1917.9
1079290 1916.8
1079300 1916.3
1079310 1916.3
1079320 1916.5
1079330 1921.1
1079340 1921.1
1079350 1923.4
1079360 1924.3
1079370 1924.3
1079380 1919.5
1079390 1921.3
1079400 1921.3
1079410 1923.5
1079420 1924.5
1079430 1924.5
1079440 1925.7
1079450 1929.1
1079460 1933.8
1079470 1933.8
1079480 1939.3
1079490 1946.4
1079500 1946.4
1079510 1952.9
1079520 1956.4
1079530 1956.4
1079540 1959.7
1079550 1964.8
1079560 1964.8
1079570 1969.1
1079580 1970.2
1079590 1970.2
1079600 1970.2
1079610 1971.0
1079620 1971.0
1079630 1974.3
1079640 1973.4
1079650 1973.4
1079660 1973.5
1079670 1976.5
1079680 1978.2
1079690 1974.9
1079700 1973.8
1079710 1973.3
1079720 1973.3
1079730 1971.9
1079740 1968.9
1079750 1968.9
1079760 1966.7
1079770 1966.3
1079780 1966.3
1079790 1965.2
1079800 1963.4
1079810 1963.4
1079820 1961.7
1079830 1959.9
1079840 1959.9
1079850 1957.9
1079860 1956.5
1079870 1956.5
1079880 1955.4
1079890 1955.0
1079900 1955.0
1079910 1954.6
1079920 1954.4
1079930 1953.5
1079940 1953.5
1079950 1953.1
1079960 1953.0
1079970 1953.0
1079980 1952.9
1079990 1952.8
