1072120 1733.1
1072130 1728.0
1072140 1728.0
1072150 1719.3
1072160 1712.7
1072170 1712.7
1072180 1709.6
1072190 1707.4
1072200 1679.1
1072210 1679.1
1072220 1660.7
1072230 1654.2
1072240 1654.2
1072250 1644.3
1072260 1633.3
1072270 1633.3
1072280 1632.7
1072290 1627.9
1072300 1627.9
1072310 1622.1
1072320 1616.2
1072330 1616.2
1072340 1610.2
1072350 1604.3
1072360 1604.3
1072370 1599.6
1072380 1596.5
1072390 1596.5
1072400 1594.4
1072410 1593.0
1072420 1592.2
1072430 1592.2
1072440 1591.2
1072450 1589.5
1072460 1589.5
1072470 1588.0
1072480 1587.0
1072490 1587.0
1072500 1586.2
1072510 1584.1
1072520 1584.1
1072530 1580.0
1072540 1576.2
1072550 1576.2
1072560 1574.6
1072570 1571.7
1072580 1571.7
1072590 1572.5
1072600 1567.9
1072610 1567.9
1072620 1564.5
1072630 1560.4
1072640 1560.4
1072650 1556.5
1072660 1553.6
1072670 1552.5
1072680 1552.5
1072690 1550.6
1072700 1548.5
1072710 1548.5
1072720 1546.1
1072730 1541.8
1072740 1541.8
1072750 1538.7
1072760 1536.0
1072770 1536.0
1072780 1532.3
1072790 1528.3
1072800 1528.3
1072810 1523.5
1072820 1520.9
1072830 1520.9
1072840 1516.8
1072850 1514.1
1072860 1514.1
1072870 1512.3
1072880 1511.1
1072890 1508.7
1072900 1511.2
1072910 1508.1
1072920 1506.3
1072930 1506.3
1072940 1504.4
1072950 1501.4
1072960 1501.4
1072970 1498.7
1072980 1496.7
1072990 1496.7
1073000 1494.5
1073010 1490.6
1073020 1490.6
1073030 1485.4
1073040 1478.5
1073050 1478.5
1073060 1472.0
1073070 1465.8
1073080 1465.8
1073090 1460.4
1073100 1455.3
1073110 1455.3
1073120 1454.8
1073130 1454.8
1073140 1451.3
1073150 1451.3
1073160 1444.9
1073170 1439.6
1073180 1439.6
1073190 1440.1
1073200 1446.0
1073210 1451.0
1073220 1451.2
1073230 1446.7
1073240 1446.7
1073250 1442.2
1073260 1435.5
1073270 1435.5
1073280 1427.7
1073290 1418.4
1073300 1418.4
1073310 1410.0
1073320 1403.5
1073330 1403.5
1073340 1397.6
1073350 1392.8
1073360 1389.0
1073370 1389.0
1073380 1386.0
1073390 1382.8
1073400 1382.8
1073410 1379.3
1073420 1376.3
1073430 1376.3
1073440 1373.1
1073450 1369.5
1073460 1369.5
1073470 1365.6
1073480 1361.6
1073490 1361.6
1073500 1358.4
1073510 1355.8
1073520 1355.0
1073530 1352.3
1073540 1349.1
1073550 1349.1
1073560 1345.9
1073570 1343.4
1073580 1343.4
1073590 1340.5
1073600 1339.1
1073610 1339.7
1073620 1339.7
1073630 1339.6
1073640 1339.1
1073650 1339.1
1073660 1338.3
1073670 1335.4
1073680 1335.4
1073690 1331.9
1073700 1329.7
1073710 1329.7
1073720 1327.3
1073730 1324.0
1073740 1324.0
1073750 1321.3
1073760 1323.0
1073770 1323.0
1073780 1322.4
1073790 1320.5
1073800 1320.5
1073810 1318.2
1073820 1313.7
1073830 1312.7
1073840 1312.7
1073850 1312.8
1073860 1312.7
1073870 1312.7
1073880 1312.5
1073890 1312.2
1073900 1312.2
1073910 1311.8
1073920 1311.0
1073930 1311.0
1073940 1310.2
1073950 1309.7
1073960 1309.7
1073970 1309.2
1073980 1308.7
1073990 1308.7
1074000 1307.9
1074010 1307.0
1074020 1307.0
1074030 1306.1
1074040 1305.4
1074050 1304.7
1074060 1304.7
1074070 1304.0
1074080 1303.4
1074090 1303.4
1074100 1302.8
1074110 1302.0
1074120 1302.0
1074130 1299.6
1074140 1297.2
1074150 1297.2
1074160 1295.8
1074170 1295.2
1074180 1295.2
1074190 1295.0
1074200 1294.3
1074210 1294.3
1074220 1293.1
1074230 1292.0
1074240 1292.0
1074250 1290.9
1074260 1289.8
1074270 1289.8
1074280 1288.8
1074290 1287.7
1074300 1286.4
1074310 1286.4
1074320 1285.3
1074330 1284.5
1074340 1284.5
1074350 1283.6
1074360 1281.9
1074370 1281.9
1074380 1280.6
1074390 1278.1
1074400 1278.1
1074410 1273.4
1074420 1272.9
1074430 1272.9
1074440 1273.5
1074450 1274.1
1074460 1274.1
1074470 1274.1
1074480 1276.6
1074490 1276.6
1074500 1282.2
1074510 1285.7
1074520 1290.6
1074530 1290.6
1074540 1295.7
1074550 1300.1
1074560 1300.1
1074570 1303.2
1074580 1303.6
1074590 1303.6
1074600 1304.5
1074610 1305.5
1074620 1305.5
1074630 1306.5
1074640 1308.1
1074650 1308.1
1074660 1309.6
1074670 1311.2
1074680 1311.2
1074690 1312.6
1074700 1314.3
1074710 1314.3
1074720 1318.0
1074730 1323.2
1074740 1323.2
1074750 1328.6
1074760 1332.5
1074770 1337.4
1074780 1337.4
1074790 1342.8
1074800 1348.6
1074810 1348.6
1074820 1354.1
1074830 1360.2
1074840 1360.2
1074850 1366.1
1074860 1371.7
1074870 1371.7
1074880 1376.9
1074890 1381.3
1074900 1381.3
1074910 1384.0
1074920 1386.1
1074930 1386.1
1074940 1387.8
1074950 1388.4
1074960 1388.4
1074970 1386.6
1074980 1385.1
1074990 1387.4
1075000 1387.4
1075010 1391.2
1075020 1394.4
1075030 1394.4
1075040 1398.1
1075050 1401.8
1075060 1405.7
1075070 1407.7
1075080 1403.6
1075090 1403.6
1075100 1396.5
1075110 1390.5
1075120 1390.5
1075130 1385.7
1075140 1383.8
1075150 1383.8
1075160 1384.1
1075170 1385.8
1075180 1385.8
1075190 1388.3
1075200 1389.2
1075210 1389.2
1075220 1390.1
1075230 1391.4
1075240 1392.4
1075250 1392.4
1075260 1393.5
1075270 1395.5
1075280 1395.5
1075290 1397.1
1075300 1398.2
1075310 1398.2
1075320 1402.1
1075330 1404.3
1075340 1404.3
1075350 1405.6
1075360 1406.9
1075370 1413.2
1075380 1415.1
1075390 1417.5
1075400 1417.5
1075410 1420.2
1075420 1423.0
1075430 1423.0
1075440 1427.1
1075450 1433.9
1075460 1441.4
1075470 1441.4
1075480 1449.5
1075490 1456.3
1075500 1456.3
1075510 1459.7
1075520 1461.3
1075530 1461.3
1075540 1462.2
1075550 1465.2
1075560 1465.2
1075570 1473.5
1075580 1476.8
1075590 1476.8
1075600 1477.6
1075610 1480.2
1075620 1480.2
1075630 1482.7
1075640 1484.7
1075650 1484.7
1075660 1489.5
1075670 1502.6
1075680 1513.9
1075690 1513.9
1075700 1522.9
1075710 1533.9
1075720 1533.9
1075730 1530.6
1075740 1518.5
1075750 1518.5
1075760 1506.8
1075770 1509.7
1075780 1509.7
1075790 1523.1
1075800 1534.6
1075810 1534.6
1075820 1547.5
1075830 1556.0
1075840 1556.0
1075850 1562.9
1075860 1566.5
1075870 1566.5
1075880 1569.2
1075890 1562.1
1075900 1562.1
1075910 1552.0
1075920 1550.9
1075930 1552.8
1075940 1552.8
1075950 1552.0
1075960 1549.6
1075970 1549.6
1075980 1547.6
1075990 1557.8
1076000 1557.8
1076010 1557.3
1076020 1562.1
1076030 1562.1
1076040 1569.6
1076050 1577.1
1076060 1577.1
1076070 1590.7
1076080 1602.0
1076090 1602.0
1076100 1611.1
1076110 1618.5
1076120 1618.5
1076130 1623.1
1076140 1633.6
1076150 1641.3
1076160 1641.3
1076170 1645.7
1076180 1649.8
1076190 1649.8
1076200 1654.0
1076210 1657.3
1076220 1657.3
1076230 1660.3
1076240 1658.5
1076250 1658.5
1076260 1657.7
1076270 1663.5
1076280 1663.5
1076290 1662.0
1076300 1668.7
1076310 1668.7
1076320 1668.0
1076330 1671.3
1076340 1671.3
1076350 1677.6
1076360 1680.3
1076370 1680.3
1076380 1680.6
1076390 1679.0
1076400 1676.7
1076410 1676.7
1076420 1677.3
1076430 1680.5
1076440 1680.5
1076450 1687.1
1076460 1694.4
1076470 1694.4
1076480 1698.5
1076490 1701.3
1076500 1701.3
1076510 1703.1
1076520 1703.8
1076530 1703.8
1076540 1705.2
1076550 1706.6
1076560 1706.6
1076570 1707.5
1076580 1708.4
1076590 1708.4
1076600 1708.9
1076610 1709.4
1076620 1715.0
1076630 1715.0
1076640 1715.4
1076650 1715.3
1076660 1715.3
1076670 1715.2
1076680 1715.0
1076690 1715.0
1076700 1714.7
1076710 1713.9
1076720 1713.9
1076730 1713.3
1076740 1712.4
1076750 1712.4
1076760 1711.9
1076770 1712.4
1076780 1712.4
1076790 1713.6
1076800 1714.9
1076810 1714.9
1076820 1716.4
1076830 1718.3
1076840 1718.3
1076850 1720.8
1076860 1723.2
1076870 1724.8
1076880 1724.8
1076890 1726.4
1076900 1726.5
1076910 1726.5
1076920 1724.2
1076930 1727.6
1076940 1727.6
1076950 1728.1
1076960 1733.1
1076970 1733.1
1076980 1737.0
1076990 1740.5
1077000 1740.5
1077010 1743.3
1077020 1747.4
1077030 1747.4
1077040 1751.9
1077050 1756.4
1077060 1756.4
1077070 1760.8
1077080 1765.0
1077090 1768.9
1077100 1768.9
1077110 1773.4
1077120 1778.1
1077130 1778.1
1077140 1782.5
1077150 1786.8
1077160 1786.8
1077170 1791.2
1077180 1795.2
1077190 1795.2
1077200 1797.0
1077210 1796.1
1077220 1796.1
1077230 1795.6
1077240 1805.0
1077250 1805.0
1077260 1807.9
1077270 1812.9
1077280 1812.9
1077290 1821.8
1077300 1836.5
1077310 1845.3
1077320 1845.3
1077330 1862.4
1077340 1875.2
1077350 1875.2
1077360 1877.6
1077370 1884.2
1077380 1884.2
1077390 1892.1
1077400 1901.4
1077410 1901.4
1077420 1913.0
1077430 1925.1
1077440 1925.1
1077450 1929.4
1077460 1936.2
1077470 1936.2
1077480 1942.7
1077490 1946.0
1077500 1946.0
1077510 1949.5
1077520 1953.3
1077530 1953.3
1077540 1957.7
1077550 1961.4
1077560 1966.0
1077570 1966.0
1077580 1970.7
1077590 1975.6
1077600 1975.6
1077610 1980.3
1077620 1987.0
1077630 1987.0
1077640 1994.4
1077650 2001.5
1077660 2001.5
1077670 2009.2
1077680 2017.9
1077690 2017.9
1077700 2027.6
1077710 2036.9
1077720 2036.9
1077730 2044.1
1077740 2051.1
1077750 2051.1
1077760 2057.9
1077770 2064.6
1077780 2071.4
1077790 2071.4
1077800 2079.1
1077810 2086.2
1077820 2086.2
1077830 2093.7
1077840 2101.5
1077850 2101.5
1077860 2111.8
1077870 2120.0
1077880 2120.0
1077890 2127.8
1077900 2135.7
1077910 2135.7
1077920 2144.2
1077930 2152.2
1077940 2152.2
1077950 2157.8
1077960 2163.9
1077970 2163.9
1077980 2171.1
1077990 2177.9
1078000 2177.9
1078010 2185.4
1078020 2192.9
1078030 2200.7
1078040 2200.7
1078050 2208.4
1078060 2218.0
1078070 2218.0
1078080 2227.1
1078090 2235.6
1078100 2235.6
1078110 2242.8
1078120 2250.6
1078130 2250.6
1078140 2262.0
1078150 2268.7
1078160 2268.7
1078170 2273.6
1078180 2286.3
1078190 2286.3
1078200 2293.4
1078210 2300.9
1078220 2300.9
1078230 2306.7
1078240 2305.2
1078250 2302.1
1078260 2302.1
1078270 2298.1
1078280 2294.3
1078290 2294.3
1078300 2289.8
1078310 2287.5
1078320 2287.5
1078330 2283.4
1078340 2280.0
1078350 2280.0
1078360 2277.5
1078370 2276.3
1078380 2276.3
1078390 2272.4
1078400 2269.1
1078410 2269.1
1078420 2264.3
1078430 2258.5
1078440 2258.5
1078450 2251.9
1078460 2244.7
1078470 2244.7
1078480 2236.5
1078490 2225.1
1078500 2217.3
1078510 2217.3
1078520 2208.9
1078530 2201.4
1078540 2201.4
1078550 2195.0
1078560 2190.0
1078570 2190.0
1078580 2184.5
1078590 2179.7
1078600 2179.7
1078610 2173.5
1078620 2166.0
1078630 2166.0
1078640 2160.6
1078650 2155.6
1078660 2155.6
1078670 2149.8
1078680 2143.9
1078690 2143.9
1078700 2138.3
1078710 2132.8
1078720 2125.9
1078730 2125.9
1078740 2118.5
1078750 2111.6
1078760 2111.6
1078770 2105.5
1078780 2099.2
1078790 2099.2
1078800 2091.5
1078810 2084.5
1078820 2084.5
1078830 2078.7
1078840 2072.7
1078850 2072.7
1078860 2066.7
1078870 2061.4
1078880 2061.4
1078890 2055.7
1078900 2049.7
1078910 2049.7
1078920 2043.0
1078930 2037.2
1078940 2031.0
1078950 2031.0
1078960 2025.7
1078970 2021.7
1078980 2021.7
1078990 2016.9
1079000 2012.9
1079010 2012.9
1079020 2009.1
1079030 2005.1
1079040 2005.1
1079050 2001.5
1079060 1998.2
1079070 1998.2
1079080 1994.1
1079090 1989.4
1079100 1989.4
1079110 1983.1
1079120 1980.9
1079130 1980.9
1079140 1979.2
1079150 1976.3
1079160 1976.3
1079170 1973.2
1079180 1971.4
1079190 1968.9
1079200 1968.9
1079210 1967.6
1079220 1965.7
1079230 1965.7
1079240 1963.8
1079250 1962.8
1079260 1962.8
1079270 1964.2
1079280 1966.0
1079290 1966.0
1079300 1966.9
1079310 1967.2
1079320 1967.2
1079330 1968.2
1079340 1970.2
1079350 1970.2
1079360 1971.1
1079370 1973.6
1079380 1973.6
1079390 1977.3
1079400 1981.9
1079410 1985.1
1079420 1985.1
1079430 1981.9
1079440 1982.1
1079450 1982.1
1079460 1982.0
1079470 1988.6
1079480 1988.6
1079490 1992.4
1079500 1997.0
1079510 1997.0
1079520 2000.9
1079530 2003.4
1079540 2003.4
1079550 2003.5
1079560 2002.6
1079570 2002.6
1079580 2002.0
1079590 2003.1
1079600 2003.1
1079610 2006.6
1079620 2008.4
1079630 2008.4
1079640 2007.9
1079650 2008.4
1079660 2006.8
1079670 2006.8
1079680 2005.3
1079690 2006.3
1079700 2006.3
1079710 2006.9
1079720 2006.5
1079730 2006.5
1079740 2001.5
1079750 2000.5
1079760 2000.5
1079770 1999.5
1079780 1999.1
1079790 1999.1
1079800 1999.0
1079810 1998.7
1079820 1998.7
1079830 1998.5
1079840 1998.5
1079850 1998.5
1079860 1998.6
1079870 1998.5
1079880 1998.8
1079890 1998.8
1079900 1999.2
1079910 1999.0
1079920 1999.0
1079930 1997.7
1079940 1997.2
1079950 1997.2
1079960 1997.3
1079970 1997.5
1079980 1997.5
1079990 1997.5
