1070680 1950.3
1070690 1952.2
1070700 1952.2
1070710 1953.9
1070720 1956.5
1070730 1956.5
1070740 1962.5
1070750 1969.5
1070760 1969.5
1070770 1976.0
1070780 1982.9
1070790 1982.9
1070800 1987.6
1070810 1992.2
1070820 1992.2
1070830 2002.9
1070840 2014.0
1070850 2014.0
1070860 2027.8
1070870 2042.5
1070880 2042.5
1070890 2034.2
1070900 2046.0
1070910 2046.0
1070920 2067.3
1070930 2085.7
1070940 2080.5
1070950 2080.5
1070960 2085.2
1070970 2094.1
1070980 2094.1
1070990 2105.6
1071000 2136.5
1071010 2136.5
1071020 2148.6
1071030 2144.1
1071040 2144.1
1071050 2134.6
1071060 2131.4
1071070 2131.4
1071080 2138.7
1071090 2142.0
1071100 2142.0
1071110 2146.6
1071120 2163.1
1071130 2163.1
1071140 2175.2
1071150 2174.7
1071160 2177.2
1071170 2177.2
1071180 2185.3
1071190 2196.5
1071200 2196.5
1071210 2198.6
1071220 2197.4
1071230 2197.4
1071240 2192.3
1071250 2186.6
1071260 2186.6
1071270 2180.2
1071280 2174.4
1071290 2174.4
1071300 2167.9
1071310 2161.5
1071320 2161.5
1071330 2154.6
1071340 2148.6
1071350 2148.6
1071360 2141.4
1071370 2134.9
1071380 2134.9
1071390 2129.4
1071400 2123.9
1071410 2119.6
1071420 2119.6
1071430 2115.9
1071440 2112.9
1071450 2112.9
1071460 2110.1
1071470 2106.4
1071480 2106.4
1071490 2101.7
1071500 2103.4
1071510 2103.4
1071520 2097.1
1071530 2093.2
1071540 2093.2
1071550 2089.5
1071560 2085.6
1071570 2085.6
1071580 2081.1
1071590 2077.4
1071600 2077.4
1071610 2075.4
1071620 2074.2
1071630 2072.9
1071640 2072.9
1071650 2070.7
1071660 2068.1
1071670 2068.1
1071680 2065.8
1071690 2064.3
1071700 2064.3
1071710 2063.7
1071720 2062.3
1071730 2062.3
1071740 2059.6
1071750 2056.8
1071760 2056.8
1071770 2053.6
1071780 2050.1
1071790 2050.1
1071800 2046.6
1071810 2049.9
1071820 2049.9
1071830 2046.8
1071840 2043.7
1071850 2043.7
1071860 2040.8
1071870 2036.8
1071880 2035.4
1071890 2035.4
1071900 2031.0
1071910 2031.0
1071920 2031.0
1071930 2029.9
1071940 2025.1
1071950 2025.1
1071960 2015.6
1071970 2010.4
1071980 2010.4
1071990 2006.5
1072000 2003.0
1072010 2003.0
1072020 2001.6
1072030 1999.8
1072040 1999.8
1072050 1998.6
1072060 1996.6
1072070 1996.6
1072080 1994.3
1072090 1991.6
1072100 1988.6
1072110 1988.6
1072120 1992.5
1072130 1990.1
1072140 1990.1
1072150 1988.5
1072160 1986.1
1072170 1986.1
1072180 1983.7
1072190 1981.9
1072200 1981.9
1072210 1978.9
1072220 1976.6
1072230 1976.6
1072240 1974.6
1072250 1972.9
1072260 1972.9
1072270 1970.2
1072280 1967.8
1072290 1967.8
1072300 1965.1
1072310 1962.0
1072320 1962.0
1072330 1959.7
1072340 1956.2
1072350 1952.2
1072360 1952.2
1072370 1948.9
1072380 1946.2
1072390 1946.2
1072400 1942.8
1072410 1938.7
1072420 1944.3
1072430 1939.6
1072440 1936.4
1072450 1936.4
1072460 1934.8
1072470 1933.0
1072480 1933.0
1072490 1929.6
1072500 1928.1
1072510 1928.1
1072520 1926.9
1072530 1923.4
1072540 1923.4
1072550 1920.0
1072560 1916.9
1072570 1913.5
1072580 1913.5
1072590 1911.8
1072600 1911.0
1072610 1911.0
1072620 1908.7
1072630 1906.5
1072640 1906.5
1072650 1904.4
1072660 1901.5
1072670 1901.5
1072680 1897.5
1072690 1893.6
1072700 1893.6
1072710 1896.6
1072720 1897.2
1072730 1904.6
1072740 1897.5
1072750 1892.9
1072760 1892.9
1072770 1888.7
1072780 1885.9
1072790 1885.9
1072800 1874.2
1072810 1868.5
1072820 1861.6
1072830 1861.6
1072840 1854.4
1072850 1848.0
1072860 1848.0
1072870 1844.6
1072880 1843.1
1072890 1843.1
1072900 1839.2
1072910 1834.8
1072920 1834.8
1072930 1831.6
1072940 1834.4
1072950 1834.4
1072960 1832.7
1072970 1828.4
1072980 1828.4
1072990 1817.8
1073000 1806.1
1073010 1806.1
1073020 1798.0
1073030 1792.8
1073040 1802.1
1073050 1802.1
1073060 1793.4
1073070 1787.9
1073080 1787.9
1073090 1778.4
1073100 1768.5
1073110 1768.5
1073120 1763.1
1073130 1762.8
1073140 1762.8
1073150 1759.9
1073160 1753.6
1073170 1753.6
1073180 1750.1
1073190 1751.2
1073200 1751.2
1073210 1752.8
1073220 1764.0
1073230 1764.0
1073240 1764.3
1073250 1761.2
1073260 1761.2
1073270 1757.5
1073280 1750.9
1073290 1743.2
1073300 1743.2
1073310 1735.2
1073320 1727.5
1073330 1727.5
1073340 1720.2
1073350 1709.1
1073360 1709.1
1073370 1704.0
1073380 1704.7
1073390 1704.7
1073400 1702.7
1073410 1695.2
1073420 1695.2
1073430 1681.6
1073440 1670.3
1073450 1670.3
1073460 1662.3
1073470 1655.5
1073480 1655.5
1073490 1652.6
1073500 1653.3
1073510 1644.7
1073520 1644.7
1073530 1626.2
1073540 1614.9
1073550 1614.9
1073560 1603.4
1073570 1593.8
1073580 1593.8
1073590 1586.8
1073600 1579.5
1073610 1579.5
1073620 1571.6
1073630 1565.5
1073640 1565.5
1073650 1556.3
1073660 1540.3
1073670 1540.3
1073680 1532.9
1073690 1525.8
1073700 1525.8
1073710 1516.8
1073720 1507.6
1073730 1507.6
1073740 1500.1
1073750 1493.0
1073760 1484.9
1073770 1484.9
1073780 1475.2
1073790 1467.0
1073800 1467.0
1073810 1455.8
1073820 1443.6
1073830 1443.6
1073840 1430.1
1073850 1410.3
1073860 1410.3
1073870 1399.1
1073880 1391.3
1073890 1391.3
1073900 1383.6
1073910 1375.8
1073920 1375.8
1073930 1368.1
1073940 1361.0
1073950 1361.0
1073960 1353.9
1073970 1345.2
1073980 1338.3
1073990 1338.3
1074000 1331.8
1074010 1325.3
1074020 1325.3
1074030 1319.0
1074040 1312.9
1074050 1312.9
1074060 1307.0
1074070 1301.2
1074080 1301.2
1074090 1295.5
1074100 1289.9
1074110 1289.9
1074120 1284.3
1074130 1278.9
1074140 1278.9
1074150 1273.3
1074160 1267.2
1074170 1267.2
1074180 1262.1
1074190 1256.5
1074200 1256.5
1074210 1251.4
1074220 1246.7
1074230 1242.4
1074240 1242.4
1074250 1238.2
1074260 1233.6
1074270 1233.6
1074280 1231.8
1074290 1228.5
1074300 1228.5
1074310 1226.2
1074320 1225.7
1074330 1225.7
1074340 1225.6
1074350 1225.2
1074360 1225.2
1074370 1225.1
1074380 1225.4
1074390 1225.4
1074400 1225.4
1074410 1225.5
1074420 1225.5
1074430 1225.5
1074440 1225.4
1074450 1225.2
1074460 1225.2
1074470 1224.5
1074480 1222.9
1074490 1222.9
1074500 1222.9
1074510 1223.0
1074520 1223.0
1074530 1222.8
1074540 1222.9
1074550 1222.9
1074560 1222.9
1074570 1222.8
1074580 1222.8
1074590 1223.1
1074600 1223.1
1074610 1223.1
1074620 1223.1
1074630 1221.8
1074640 1221.8
1074650 1221.4
1074660 1222.0
1074670 1222.0
1074680 1223.5
1074690 1225.2
1074700 1225.9
1074710 1225.9
1074720 1227.1
1074730 1228.1
1074740 1228.1
1074750 1229.2
1074760 1231.1
1074770 1231.1
1074780 1233.2
1074790 1235.0
1074800 1235.0
1074810 1237.4
1074820 1238.9
1074830 1238.9
1074840 1240.8
1074850 1241.9
1074860 1241.9
1074870 1243.2
1074880 1244.5
1074890 1244.5
1074900 1249.8
1074910 1252.1
1074920 1254.1
1074930 1254.1
1074940 1255.4
1074950 1257.8
1074960 1257.8
1074970 1260.2
1074980 1264.3
1074990 1264.3
1075000 1269.1
1075010 1272.8
1075020 1272.8
1075030 1275.3
1075040 1279.5
1075050 1279.5
1075060 1285.4
1075070 1292.0
1075080 1292.0
1075090 1298.1
1075100 1306.3
1075110 1306.3
1075120 1317.3
1075130 1331.2
1075140 1331.2
1075150 1339.7
1075160 1347.4
1075170 1355.0
1075180 1355.0
1075190 1362.5
1075200 1373.0
1075210 1375.7
1075220 1390.0
1075230 1400.2
1075240 1400.2
1075250 1411.4
1075260 1420.0
1075270 1420.0
1075280 1425.2
1075290 1431.4
1075300 1431.4
1075310 1438.5
1075320 1445.4
1075330 1445.4
1075340 1453.5
1075350 1463.2
1075360 1463.2
1075370 1471.6
1075380 1480.0
1075390 1488.7
1075400 1488.7
1075410 1498.2
1075420 1505.2
1075430 1505.2
1075440 1511.6
1075450 1518.4
1075460 1518.4
1075470 1526.5
1075480 1535.7
1075490 1535.7
1075500 1542.3
1075510 1548.4
1075520 1559.0
1075530 1566.1
1075540 1571.1
1075550 1571.1
1075560 1574.1
1075570 1576.8
1075580 1576.8
1075590 1583.0
1075600 1592.6
1075610 1592.6
1075620 1602.9
1075630 1611.8
1075640 1623.0
1075650 1623.0
1075660 1631.0
1075670 1649.7
1075680 1649.7
1075690 1666.7
1075700 1683.6
1075710 1683.6
1075720 1697.4
1075730 1703.0
1075740 1703.0
1075750 1709.8
1075760 1714.2
1075770 1714.2
1075780 1719.3
1075790 1734.7
1075800 1734.7
1075810 1764.9
1075820 1777.0
1075830 1783.6
1075840 1791.6
1075850 1801.7
1075860 1812.8
1075870 1812.8
1075880 1823.1
1075890 1827.6
1075900 1827.6
1075910 1833.3
1075920 1839.8
1075930 1839.8
1075940 1842.5
1075950 1840.0
1075960 1840.0
1075970 1843.0
1075980 1845.0
1075990 1845.0
1076000 1847.5
1076010 1850.9
1076020 1850.9
1076030 1854.9
1076040 1860.1
1076050 1860.1
1076060 1865.5
1076070 1877.1
1076080 1877.1
1076090 1885.8
1076100 1895.7
1076110 1906.7
1076120 1906.7
1076130 1910.9
1076140 1924.9
1076150 1924.9
1076160 1931.1
1076170 1936.7
1076180 1936.7
1076190 1944.6
1076200 1953.5
1076210 1953.5
1076220 1963.1
1076230 1974.4
1076240 1974.4
1076250 1984.7
1076260 1991.6
1076270 1991.6
1076280 1998.4
1076290 2004.7
1076300 2004.7
1076310 2010.9
1076320 2017.3
1076330 2024.8
1076340 2024.8
1076350 2028.1
1076360 2033.7
1076370 2033.7
1076380 2039.6
1076390 2047.6
1076400 2047.6
1076410 2058.0
1076420 2069.6
1076430 2069.6
1076440 2077.1
1076450 2082.1
1076460 2082.1
1076470 2091.8
1076480 2103.6
1076490 2103.6
1076500 2111.7
1076510 2120.0
1076520 2120.0
1076530 2128.1
1076540 2137.4
1076550 2137.4
1076560 2146.4
1076570 2156.1
1076580 2166.8
1076590 2166.8
1076600 2176.2
1076610 2188.8
1076620 2188.8
1076630 2197.0
1076640 2207.1
1076650 2207.1
1076660 2222.3
1076670 2253.6
1076680 2253.6
1076690 2260.4
1076700 2257.1
1076710 2257.1
1076720 2251.4
1076730 2244.1
1076740 2244.1
1076750 2241.3
1076760 2240.7
1076770 2240.7
1076780 2235.4
1076790 2252.5
1076800 2249.7
1076810 2249.7
1076820 2255.4
1076830 2271.0
1076840 2271.0
1076850 2265.9
1076860 2267.7
1076870 2267.7
1076880 2254.1
1076890 2252.3
1076900 2252.3
1076910 2259.3
1076920 2264.9
1076930 2264.9
1076940 2272.4
1076950 2280.8
1076960 2280.8
1076970 2271.0
1076980 2256.8
1076990 2256.8
1077000 2259.6
1077010 2274.3
1077020 2274.3
1077030 2283.6
1077040 2282.7
1077050 2280.5
1077060 2280.5
1077070 2267.9
1077080 2290.6
1077090 2290.6
1077100 2296.1
1077110 2284.6
1077120 2284.6
1077130 2270.5
1077140 2260.7
1077150 2260.7
1077160 2248.8
1077170 2236.2
1077180 2236.2
1077190 2228.4
1077200 2229.2
1077210 2229.2
1077220 2228.0
1077230 2231.8
1077240 2231.8
1077250 2242.2
1077260 2249.0
1077270 2243.4
1077280 2243.4
1077290 2246.8
1077300 2252.6
1077310 2252.6
1077320 2259.7
1077330 2266.8
1077340 2266.8
1077350 2267.8
1077360 2268.0
1077370 2268.0
1077380 2260.9
1077390 2260.5
1077400 2260.5
1077410 2259.6
1077420 2258.0
1077430 2258.0
1077440 2251.3
1077450 2243.6
1077460 2243.6
1077470 2238.6
1077480 2234.8
1077490 2234.8
1077500 2236.1
1077510 2236.2
1077520 2237.3
1077530 2237.3
1077540 2238.1
1077550 2239.3
1077560 2239.3
1077570 2237.5
1077580 2230.9
1077590 2230.9
1077600 2235.6
1077610 2240.6
1077620 2240.6
1077630 2225.8
1077640 2226.2
1077650 2226.2
1077660 2231.3
1077670 2231.1
1077680 2231.1
1077690 2235.4
1077700 2233.4
1077710 2233.4
1077720 2220.2
1077730 2212.3
1077740 2224.4
1077750 2224.4
1077760 2229.2
1077770 2226.8
1077780 2226.8
1077790 2215.8
1077800 2172.1
1077810 2172.1
1077820 2166.6
1077830 2172.5
1077840 2172.5
1077850 2177.6
1077860 2173.9
1077870 2173.9
1077880 2157.0
1077890 2133.2
1077900 2133.2
1077910 2119.0
1077920 2111.2
1077930 2111.2
1077940 2112.3
1077950 2109.6
1077960 2109.6
1077970 2088.2
1077980 2090.5
1077990 2082.4
1078000 2082.4
1078010 2059.5
1078020 2054.1
1078030 2054.1
1078040 2050.6
1078050 2047.2
1078060 2047.2
1078070 2043.7
1078080 2045.7
1078090 2045.7
1078100 2038.3
1078110 2032.9
1078120 2032.9
1078130 2029.1
1078140 2023.6
1078150 2023.6
1078160 2016.3
1078170 2013.6
1078180 2013.6
1078190 2010.4
1078200 2005.9
1078210 2001.3
1078220 2001.3
1078230 1996.8
1078240 1993.9
1078250 1993.9
1078260 1988.3
1078270 1984.0
1078280 1984.0
1078290 1980.2
1078300 1975.6
1078310 1975.6
1078320 1966.4
1078330 1962.4
1078340 1962.4
1078350 1961.8
1078360 1961.5
1078370 1961.5
1078380 1960.5
1078390 1959.1
1078400 1959.1
1078410 1957.2
1078420 1955.7
1078430 1955.7
1078440 1954.9
1078450 1954.2
1078460 1953.9
1078470 1953.9
1078480 1953.2
1078490 1951.9
1078500 1951.9
1078510 1950.9
1078520 1949.0
1078530 1949.0
1078540 1948.2
1078550 1949.3
1078560 1949.3
1078570 1951.4
1078580 1952.9
1078590 1952.9
1078600 1954.7
1078610 1955.7
1078620 1955.7
1078630 1950.5
1078640 1950.5
1078650 1950.5
1078660 1950.9
1078670 1951.3
1078680 1950.4
1078690 1950.4
1078700 1949.9
1078710 1949.7
1078720 1949.7
1078730 1950.3
1078740 1950.8
1078750 1950.8
1078760 1950.1
1078770 1949.6
1078780 1949.6
1078790 1948.5
1078800 1947.8
1078810 1947.8
1078820 1948.3
1078830 1950.2
1078840 1950.2
1078850 1951.7
1078860 1952.4
1078870 1952.4
1078880 1952.7
1078890 1953.8
1078900 1953.8
1078910 1954.3
1078920 1953.9
1078930 1951.5
1078940 1946.2
1078950 1942.3
1078960 1938.8
1078970 1938.8
1078980 1935.6
1078990 1935.1
1079000 1935.1
1079010 1935.1
1079020 1934.4
1079030 1934.4
1079040 1934.1
1079050 1934.2
1079060 1934.2
1079070 1934.7
1079080 1934.7
1079090 1934.7
1079100 1932.1
1079110 1932.4
1079120 1932.4
1079130 1931.9
1079140 1930.7
1079150 1929.5
1079160 1929.5
1079170 1927.2
1079180 1924.7
1079190 1924.7
1079200 1921.6
1079210 1919.4
1079220 1919.4
1079230 1917.5
1079240 1916.0
1079250 1916.0
1079260 1911.7
1079270 1910.9
1079280 1910.9
1079290 1910.9
1079300 1910.1
1079310 1910.1
1079320 1908.8
1079330 1908.3
1079340 1908.3
1079350 1907.8
1079360 1907.5
1079370 1907.5
1079380 1908.3
1079390 1908.8
1079400 1909.3
1079410 1909.3
1079420 1910.0
1079430 1910.2
1079440 1910.2
1079450 1910.4
1079460 1910.3
1079470 1910.3
1079480 1910.1
1079490 1910.2
1079500 1910.2
1079510 1910.5
1079520 1910.8
1079530 1910.8
1079540 1911.2
1079550 1912.1
1079560 1912.1
1079570 1910.5
1079580 1910.8
1079590 1910.8
1079600 1911.0
1079610 1910.8
1079620 1910.5
1079630 1910.5
1079640 1910.0
1079650 1908.9
1079660 1908.9
1079670 1907.8
1079680 1907.1
1079690 1907.1
1079700 1906.1
1079710 1905.3
1079720 1905.3
1079730 1904.6
1079740 1903.7
1079750 1903.7
1079760 1902.7
1079770 1901.9
1079780 1901.9
1079790 1900.7
1079800 1899.4
1079810 1899.4
1079820 1898.9
1079830 1899.6
1079840 1899.6
1079850 1900.0
1079860 1900.0
1079870 1899.3
1079880 1897.6
1079890 1897.0
1079900 1896.1
1079910 1896.1
1079920 1894.7
1079930 1893.2
1079940 1893.2
1079950 1892.2
1079960 1892.2
1079970 1892.2
1079980 1892.9
1079990 1893.7
