1070900 1993.0
1070910 1993.0
1070920 1989.7
1070930 1978.1
1070940 1972.4
1070950 1972.4
1070960 1977.4
1070970 1977.4
1070980 1977.4
1070990 1984.0
1071000 2033.5
1071010 2033.5
1071020 2028.0
1071030 2036.4
1071040 2036.4
1071050 2052.9
1071060 2028.6
1071070 2028.6
1071080 2016.5
1071090 2015.3
1071100 2015.3
1071110 2018.6
1071120 2017.4
1071130 2017.4
1071140 2015.7
1071150 2015.1
1071160 2014.3
1071170 2014.3
1071180 2007.4
1071190 2006.7
1071200 2006.7
1071210 2006.7
1071220 2009.0
1071230 2009.0
1071240 2008.6
1071250 2006.3
1071260 2006.3
1071270 2004.5
1071280 2003.3
1071290 2003.3
1071300 2000.6
1071310 1996.7
1071320 1996.7
1071330 1995.6
1071340 1994.1
1071350 1994.1
1071360 1990.7
1071370 1990.8
1071380 1990.8
1071390 1991.9
1071400 1991.6
1071410 1991.2
1071420 1991.2
1071430 1992.4
1071440 1992.3
1071450 1992.3
1071460 1991.2
1071470 1991.9
1071480 1991.9
1071490 1983.0
1071500 1980.6
1071510 1980.6
1071520 1978.3
1071530 1976.8
1071540 1976.8
1071550 1975.1
1071560 1973.7
1071570 1973.7
1071580 1973.6
1071590 1972.2
1071600 1972.2
1071610 1966.7
1071620 1967.2
1071630 1969.4
1071640 1969.4
1071650 1967.5
1071660 1966.5
1071670 1966.5
1071680 1973.4
1071690 1975.3
1071700 1975.3
1071710 1974.2
1071720 1975.4
1071730 1975.4
1071740 1974.5
1071750 1973.2
1071760 1973.2
1071770 1976.3
1071780 1971.2
1071790 1971.2
1071800 1957.1
1071810 1962.3
1071820 1962.3
1071830 1969.4
1071840 1970.1
1071850 1970.1
1071860 1965.9
1071870 1968.3
1071880 1960.3
1071890 1960.3
1071900 1953.8
1071910 1935.1
1071920 1935.1
1071930 1934.2
1071940 1942.7
1071950 1942.7
1071960 1953.1
1071970 1958.1
1071980 1958.1
1071990 1956.9
1072000 1954.4
1072010 1954.4
1072020 1957.1
1072030 1964.9
1072040 1964.9
1072050 1974.0
1072060 1979.8
1072070 1979.8
1072080 1984.2
1072090 1991.2
1072100 1990.6
1072110 1990.6
1072120 1993.3
1072130 1991.7
1072140 1991.7
1072150 1988.6
1072160 1982.9
1072170 1982.9
1072180 1977.1
1072190 1982.6
1072200 1982.6
1072210 1996.8
1072220 2003.6
1072230 2003.6
1072240 2000.7
1072250 1993.3
1072260 1993.3
1072270 1987.5
1072280 1991.7
1072290 1991.7
1072300 2000.1
1072310 2001.2
1072320 2001.2
1072330 2002.3
1072340 2002.6
1072350 2000.9
1072360 2000.9
1072370 1997.0
1072380 1989.6
1072390 1989.6
1072400 1982.4
1072410 1973.8
1072420 1973.8
1072430 1966.0
1072440 1959.1
1072450 1959.1
1072460 1955.6
1072470 1954.3
1072480 1954.3
1072490 1956.4
1072500 1957.7
1072510 1957.7
1072520 1950.3
1072530 1943.2
1072540 1943.2
1072550 1940.5
1072560 1936.7
1072570 1929.7
1072580 1929.7
1072590 1922.0
1072600 1914.8
1072610 1914.8
1072620 1911.0
1072630 1917.7
1072640 1917.7
1072650 1920.8
1072660 1916.6
1072670 1916.6
1072680 1911.2
1072690 1913.3
1072700 1913.3
1072710 1918.9
1072720 1909.7
1072730 1909.7
1072740 1918.1
1072750 1920.3
1072760 1920.3
1072770 1912.1
1072780 1912.6
1072790 1912.6
1072800 1913.2
1072810 1909.2
1072820 1904.4
1072830 1904.4
1072840 1907.2
1072850 1910.6
1072860 1910.6
1072870 1910.4
1072880 1901.8
1072890 1901.8
1072900 1895.0
1072910 1893.7
1072920 1893.7
1072930 1897.4
1072940 1896.4
1072950 1896.4
1072960 1897.5
1072970 1901.9
1072980 1901.9
1072990 1912.2
1073000 1909.7
1073010 1909.7
1073020 1897.5
1073030 1878.7
1073040 1871.1
1073050 1871.1
1073060 1857.7
1073070 1850.2
1073080 1850.2
1073090 1851.2
1073100 1858.4
1073110 1858.4
1073120 1862.0
1073130 1862.1
1073140 1862.1
1073150 1864.2
1073160 1871.4
1073170 1871.4
1073180 1858.9
1073190 1842.1
1073200 1842.1
1073210 1833.9
1073220 1828.6
1073230 1828.6
1073240 1820.8
1073250 1812.2
1073260 1812.2
1073270 1801.8
1073280 1794.9
1073290 1787.8
1073300 1787.8
1073310 1779.5
1073320 1771.6
1073330 1771.6
1073340 1770.1
1073350 1760.2
1073360 1760.2
1073370 1749.1
1073380 1733.6
1073390 1733.6
1073400 1709.7
1073410 1697.5
1073420 1697.5
1073430 1682.7
1073440 1660.5
1073450 1660.5
1073460 1647.2
1073470 1634.4
1073480 1634.4
1073490 1616.9
1073500 1605.6
1073510 1605.9
1073520 1605.9
1073530 1596.4
1073540 1583.3
1073550 1583.3
1073560 1570.0
1073570 1559.5
1073580 1559.5
1073590 1550.6
1073600 1532.5
1073610 1532.5
1073620 1511.7
1073630 1504.2
1073640 1504.2
1073650 1493.3
1073660 1485.7
1073670 1485.7
1073680 1475.3
1073690 1466.4
1073700 1466.4
1073710 1458.2
1073720 1450.6
1073730 1450.6
1073740 1439.2
1073750 1430.0
1073760 1424.2
1073770 1424.2
1073780 1417.4
1073790 1410.2
1073800 1410.2
1073810 1402.5
1073820 1391.4
1073830 1391.4
1073840 1380.1
1073850 1370.6
1073860 1370.6
1073870 1366.1
1073880 1362.5
1073890 1362.5
1073900 1358.6
1073910 1354.8
1073920 1354.8
1073930 1349.9
1073940 1344.6
1073950 1343.6
1073960 1338.8
1073970 1334.1
1073980 1328.6
1073990 1328.6
1074000 1323.4
1074010 1318.5
1074020 1318.5
1074030 1313.3
1074040 1308.1
1074050 1308.1
1074060 1302.9
1074070 1298.2
1074080 1298.2
1074090 1293.3
1074100 1288.8
1074110 1288.8
1074120 1284.1
1074130 1279.5
1074140 1279.5
1074150 1275.3
1074160 1270.9
1074170 1270.9
1074180 1266.9
1074190 1262.3
1074200 1262.3
1074210 1257.9
1074220 1253.8
1074230 1250.4
1074240 1250.4
1074250 1246.7
1074260 1245.7
1074270 1245.7
1074280 1245.3
1074290 1244.9
1074300 1244.9
1074310 1244.4
1074320 1243.7
1074330 1243.7
1074340 1243.5
1074350 1243.4
1074360 1243.4
1074370 1243.1
1074380 1243.7
1074390 1243.7
1074400 1243.6
1074410 1242.7
1074420 1242.7
1074430 1240.8
1074440 1239.8
1074450 1239.3
1074460 1239.3
1074470 1239.0
1074480 1238.7
1074490 1238.7
1074500 1237.9
1074510 1237.2
1074520 1237.2
1074530 1236.6
1074540 1235.8
1074550 1235.8
1074560 1235.3
1074570 1235.1
1074580 1235.1
1074590 1234.7
1074600 1233.1
1074610 1233.1
1074620 1233.7
1074630 1232.8
1074640 1232.8
1074650 1231.8
1074660 1233.4
1074670 1233.4
1074680 1235.4
1074690 1243.2
1074700 1247.7
1074710 1247.7
1074720 1251.1
1074730 1253.9
1074740 1253.9
1074750 1257.3
1074760 1261.3
1074770 1261.3
1074780 1265.4
1074790 1269.2
1074800 1269.2
1074810 1272.1
1074820 1274.8
1074830 1274.8
1074840 1278.8
1074850 1282.6
1074860 1282.6
1074870 1285.8
1074880 1286.9
1074890 1286.9
1074900 1290.1
1074910 1293.1
1074920 1296.7
1074930 1296.7
1074940 1300.8
1074950 1304.6
1074960 1304.6
1074970 1308.8
1074980 1312.9
1074990 1312.9
1075000 1317.0
1075010 1321.0
1075020 1321.0
1075030 1324.8
1075040 1328.8
1075050 1328.8
1075060 1333.0
1075070 1337.3
1075080 1337.3
1075090 1341.4
1075100 1347.4
1075110 1347.4
1075120 1356.2
1075130 1362.0
1075140 1362.0
1075150 1367.5
1075160 1374.1
1075170 1380.5
1075180 1380.5
1075190 1390.9
1075200 1394.8
1075210 1394.8
1075220 1402.7
1075230 1411.3
1075240 1411.3
1075250 1417.5
1075260 1426.1
1075270 1426.1
1075280 1435.4
1075290 1440.5
1075300 1440.5
1075310 1444.2
1075320 1448.9
1075330 1448.9
1075340 1452.9
1075350 1458.3
1075360 1458.3
1075370 1465.4
1075380 1476.5
1075390 1485.8
1075400 1485.8
1075410 1500.1
1075420 1510.9
1075430 1510.9
1075440 1522.5
1075450 1535.3
1075460 1535.3
1075470 1545.5
1075480 1554.1
1075490 1554.1
1075500 1554.8
1075510 1559.8
1075520 1559.8
1075530 1565.5
1075540 1578.5
1075550 1578.5
1075560 1596.5
1075570 1605.2
1075580 1605.2
1075590 1610.7
1075600 1615.6
1075610 1615.6
1075620 1615.9
1075630 1619.3
1075640 1627.5
1075650 1627.5
1075660 1633.2
1075670 1637.9
1075680 1637.9
1075690 1642.7
1075700 1647.9
1075710 1647.9
1075720 1653.8
1075730 1660.3
1075740 1660.3
1075750 1666.9
1075760 1675.6
1075770 1675.6
1075780 1683.9
1075790 1697.1
1075800 1697.1
1075810 1706.8
1075820 1715.2
1075830 1715.2
1075840 1725.1
1075850 1731.1
1075860 1737.5
1075870 1737.5
1075880 1742.1
1075890 1749.1
1075900 1749.1
1075910 1754.2
1075920 1760.5
1075930 1760.5
1075940 1766.7
1075950 1773.9
1075960 1773.9
1075970 1786.7
1075980 1809.0
1075990 1809.0
1076000 1839.0
1076010 1860.0
1076020 1860.0
1076030 1869.0
1076040 1878.9
1076050 1878.9
1076060 1885.3
1076070 1893.7
1076080 1893.7
1076090 1907.7
1076100 1900.0
1076110 1911.4
1076120 1920.6
1076130 1925.3
1076140 1930.6
1076150 1930.6
1076160 1934.5
1076170 1937.4
1076180 1937.4
1076190 1946.1
1076200 1954.8
1076210 1954.8
1076220 1961.2
1076230 1967.5
1076240 1967.5
1076250 1973.3
1076260 1978.4
1076270 1978.4
1076280 1985.9
1076290 1995.0
1076300 1995.0
1076310 2002.9
1076320 2011.8
1076330 2021.3
1076340 2021.3
1076350 2029.1
1076360 2035.0
1076370 2035.0
1076380 2040.8
1076390 2048.3
1076400 2048.3
1076410 2057.5
1076420 2057.6
1076430 2057.6
1076440 2048.6
1076450 2051.2
1076460 2051.2
1076470 2065.1
1076480 2073.2
1076490 2073.2
1076500 2073.8
1076510 2067.2
1076520 2067.2
1076530 2062.5
1076540 2066.2
1076550 2066.2
1076560 2060.6
1076570 2055.8
1076580 2055.4
1076590 2055.4
1076600 2056.3
1076610 2055.6
1076620 2055.6
1076630 2060.5
1076640 2068.2
1076650 2068.2
1076660 2075.3
1076670 2082.2
1076680 2082.2
1076690 2089.2
1076700 2089.7
1076710 2089.7
1076720 2085.3
1076730 2080.1
1076740 2080.1
1076750 2071.5
1076760 2074.8
1076770 2074.8
1076780 2078.6
1076790 2082.8
1076800 2089.4
1076810 2089.4
1076820 2093.0
1076830 2083.1
1076840 2083.1
1076850 2079.2
1076860 2085.5
1076870 2085.5
1076880 2094.8
1076890 2099.5
1076900 2099.5
1076910 2097.3
1076920 2088.5
1076930 2088.5
1076940 2082.3
1076950 2083.9
1076960 2083.9
1076970 2088.2
1076980 2091.8
1076990 2091.8
1077000 2095.9
1077010 2096.3
1077020 2106.0
1077030 2106.0
1077040 2107.0
1077050 2102.1
1077060 2094.5
1077070 2093.0
1077080 2091.9
1077090 2091.9
1077100 2091.0
1077110 2085.9
1077120 2085.9
1077130 2069.2
1077140 2074.5
1077150 2074.5
1077160 2081.4
1077170 2080.9
1077180 2080.9
1077190 2085.0
1077200 2090.2
1077210 2090.2
1077220 2093.8
1077230 2097.2
1077240 2097.2
1077250 2101.1
1077260 2104.8
1077270 2108.7
1077280 2108.7
1077290 2112.1
1077300 2114.4
1077310 2114.4
1077320 2115.1
1077330 2116.3
1077340 2116.3
1077350 2118.1
1077360 2119.7
1077370 2112.2
1077380 2113.4
1077390 2113.6
1077400 2113.6
1077410 2113.7
1077420 2113.7
1077430 2113.7
1077440 2113.4
1077450 2112.8
1077460 2112.8
1077470 2111.4
1077480 2109.1
1077490 2103.2
1077500 2103.2
1077510 2096.4
1077520 2090.3
1077530 2090.3
1077540 2088.5
1077550 2094.5
1077560 2094.5
1077570 2100.6
1077580 2102.7
1077590 2102.7
1077600 2102.5
1077610 2100.5
1077620 2100.5
1077630 2095.2
1077640 2092.7
1077650 2092.7
1077660 2088.8
1077670 2078.3
1077680 2072.4
1077690 2065.7
1077700 2062.3
1077710 2062.3
1077720 2057.6
1077730 2052.5
1077740 2047.5
1077750 2047.5
1077760 2041.7
1077770 2035.6
1077780 2035.6
1077790 2029.8
1077800 2024.8
1077810 2024.8
1077820 2022.7
1077830 2020.7
1077840 2020.7
1077850 2018.7
1077860 2016.2
1077870 2016.2
1077880 2013.5
1077890 2009.6
1077900 2009.6
1077910 2006.5
1077920 2003.1
1077930 2003.1
1077940 1999.5
1077950 1995.6
1077960 1991.8
1077970 1991.8
1077980 1987.9
1077990 1981.5
1078000 1981.5
1078010 1977.6
1078020 1974.1
1078030 1974.1
1078040 1970.5
1078050 1966.3
1078060 1966.3
1078070 1964.0
1078080 1963.5
1078090 1963.5
1078100 1962.6
1078110 1960.9
1078120 1960.9
1078130 1957.7
1078140 1953.0
1078150 1953.0
1078160 1947.1
1078170 1941.2
1078180 1941.2
1078190 1936.2
1078200 1931.0
1078210 1926.5
1078220 1926.5
1078230 1922.2
1078240 1920.5
1078250 1920.5
1078260 1918.9
1078270 1915.6
1078280 1915.6
1078290 1912.0
1078300 1908.7
1078310 1908.0
1078320 1903.8
1078330 1899.9
1078340 1899.9
1078350 1898.6
1078360 1894.9
1078370 1894.9
1078380 1889.2
1078390 1886.5
1078400 1886.5
1078410 1885.4
1078420 1882.9
1078430 1879.9
1078440 1879.9
1078450 1879.2
1078460 1878.7
1078470 1878.7
1078480 1878.4
1078490 1878.1
1078500 1878.1
1078510 1877.3
1078520 1876.8
1078530 1876.8
1078540 1876.0
1078550 1875.0
1078560 1875.0
1078570 1873.5
1078580 1872.9
1078590 1872.9
1078600 1872.9
1078610 1873.7
1078620 1871.5
1078630 1872.2
1078640 1871.5
1078650 1871.5
1078660 1872.0
1078670 1873.5
1078680 1874.1
1078690 1874.1
1078700 1873.1
1078710 1871.2
1078720 1871.2
1078730 1869.8
1078740 1866.7
1078750 1866.7
1078760 1862.4
1078770 1859.2
1078780 1859.2
1078790 1856.0
1078800 1853.9
1078810 1853.9
1078820 1853.1
1078830 1853.7
1078840 1853.7
1078850 1855.4
1078860 1857.6
1078870 1857.6
1078880 1859.3
1078890 1860.5
1078900 1861.6
1078910 1861.6
1078920 1862.0
1078930 1858.5
1078940 1858.5
1078950 1859.1
1078960 1859.5
1078970 1859.5
1078980 1860.1
1078990 1859.7
1079000 1859.7
1079010 1858.6
1079020 1857.5
1079030 1857.5
1079040 1856.5
1079050 1855.9
1079060 1855.9
1079070 1856.4
1079080 1856.8
1079090 1856.8
1079100 1855.8
1079110 1854.8
1079120 1854.8
1079130 1854.0
1079140 1854.5
1079150 1854.8
1079160 1854.8
1079170 1854.4
1079180 1852.8
1079190 1852.8
1079200 1850.8
1079210 1849.0
1079220 1849.0
1079230 1845.1
1079240 1839.1
1079250 1839.1
1079260 1839.3
1079270 1839.0
1079280 1839.0
1079290 1837.2
1079300 1835.6
1079310 1835.6
1079320 1835.6
1079330 1835.0
1079340 1835.0
1079350 1831.5
1079360 1833.0
1079370 1832.3
1079380 1832.3
1079390 1831.0
1079400 1830.4
1079410 1830.4
1079420 1829.5
1079430 1829.2
1079440 1829.2
1079450 1829.4
1079460 1830.1
1079470 1830.1
1079480 1829.8
1079490 1829.3
1079500 1829.3
1079510 1830.2
1079520 1831.3
1079530 1831.3
1079540 1831.8
1079550 1831.7
1079560 1829.4
1079570 1829.8
1079580 1829.0
1079590 1829.0
1079600 1829.6
1079610 1829.1
1079620 1828.7
1079630 1828.7
1079640 1828.0
1079650 1827.6
1079660 1827.6
1079670 1827.2
1079680 1826.2
1079690 1826.2
1079700 1827.3
1079710 1827.6
1079720 1827.6
1079730 1828.2
1079740 1829.1
1079750 1829.1
1079760 1828.7
1079770 1828.9
1079780 1828.9
1079790 1828.5
1079800 1827.3
1079810 1827.3
1079820 1825.6
1079830 1824.2
1079840 1823.7
1079850 1823.7
1079860 1822.6
1079870 1819.0
1079880 1819.0
1079890 1817.5
1079900 1816.3
1079910 1816.3
1079920 1815.9
1079930 1815.7
1079940 1815.7
1079950 1815.1
1079960 1814.1
1079970 1814.1
1079980 1813.3
1079990 1814.4
