1070630 2003.0
1070640 2003.0
1070650 1998.4
1070660 2005.5
1070670 2005.5
1070680 2013.6
1070690 2016.2
1070700 2007.9
1070710 2007.9
1070720 2002.3
1070730 2004.6
1070740 2004.6
1070750 2013.5
1070760 2030.6
1070770 2030.6
1070780 2044.6
1070790 2045.4
1070800 2045.4
1070810 2052.2
1070820 2078.6
1070830 2078.6
1070840 2090.5
1070850 2092.1
1070860 2092.1
1070870 2107.9
1070880 2120.8
1070890 2120.8
1070900 2119.6
1070910 2115.8
1070920 2115.8
1070930 2118.8
1070940 2125.4
1070950 2130.6
1070960 2130.6
1070970 2143.1
1070980 2155.8
1070990 2155.8
1071000 2164.0
1071010 2170.6
1071020 2170.6
1071030 2177.7
1071040 2184.8
1071050 2184.8
1071060 2191.6
1071070 2198.4
1071080 2198.4
1071090 2205.4
1071100 2209.6
1071110 2209.6
1071120 2207.3
1071130 2199.9
1071140 2199.9
1071150 2193.3
1071160 2188.0
1071170 2180.2
1071180 2180.2
1071190 2173.2
1071200 2167.0
1071210 2167.0
1071220 2160.6
1071230 2154.3
1071240 2154.3
1071250 2148.7
1071260 2143.1
1071270 2143.1
1071280 2137.6
1071290 2131.8
1071300 2131.8
1071310 2125.5
1071320 2119.5
1071330 2119.5
1071340 2113.9
1071350 2108.8
1071360 2108.8
1071370 2103.6
1071380 2098.4
1071390 2098.4
1071400 2093.4
1071410 2088.5
1071420 2082.6
1071430 2082.6
1071440 2083.2
1071450 2078.2
1071460 2078.2
1071470 2073.5
1071480 2068.4
1071490 2068.4
1071500 2064.0
1071510 2059.6
1071520 2059.6
1071530 2054.9
1071540 2050.1
1071550 2050.1
1071560 2047.0
1071570 2043.7
1071580 2043.7
1071590 2040.8
1071600 2037.3
1071610 2037.3
1071620 2033.8
1071630 2031.9
1071640 2033.6
1071650 2033.6
1071660 2034.5
1071670 2032.8
1071680 2032.8
1071690 2030.8
1071700 2029.6
1071710 2029.6
1071720 2028.0
1071730 2025.5
1071740 2029.0
1071750 2025.9
1071760 2022.8
1071770 2022.8
1071780 2018.7
1071790 2013.1
1071800 2013.1
1071810 2008.7
1071820 2006.1
1071830 2006.1
1071840 2003.8
1071850 2001.4
1071860 2001.4
1071870 1998.0
1071880 1994.6
1071890 1990.5
1071900 1990.5
1071910 1985.3
1071920 1979.6
1071930 1979.6
1071940 1974.5
1071950 1970.7
1071960 1970.7
1071970 1967.1
1071980 1963.6
1071990 1963.6
1072000 1960.4
1072010 1958.3
1072020 1958.3
1072030 1956.8
1072040 1955.3
1072050 1959.6
1072060 1957.3
1072070 1955.0
1072080 1955.0
1072090 1953.2
1072100 1951.4
1072110 1949.4
1072120 1949.4
1072130 1947.2
1072140 1945.0
1072150 1945.0
1072160 1943.1
1072170 1942.0
1072180 1942.0
1072190 1941.2
1072200 1940.0
1072210 1940.0
1072220 1937.7
1072230 1935.5
1072240 1935.5
1072250 1933.5
1072260 1931.5
1072270 1931.5
1072280 1929.6
1072290 1927.5
1072300 1927.5
1072310 1926.3
1072320 1925.2
1072330 1925.2
1072340 1923.1
1072350 1919.6
1072360 1917.5
1072370 1917.5
1072380 1913.2
1072390 1909.6
1072400 1909.6
1072410 1906.9
1072420 1904.2
1072430 1904.2
1072440 1900.9
1072450 1897.4
1072460 1897.4
1072470 1895.3
1072480 1893.2
1072490 1893.2
1072500 1890.3
1072510 1888.2
1072520 1888.2
1072530 1885.6
1072540 1883.4
1072550 1883.4
1072560 1881.0
1072570 1879.1
1072580 1877.4
1072590 1877.4
1072600 1875.5
1072610 1873.9
1072620 1873.9
1072630 1872.7
1072640 1871.2
1072650 1871.2
1072660 1869.3
1072670 1866.9
1072680 1866.9
1072690 1863.8
1072700 1859.9
1072710 1859.9
1072720 1856.1
1072730 1852.5
1072740 1852.5
1072750 1848.9
1072760 1844.8
1072770 1844.8
1072780 1840.9
1072790 1836.9
1072800 1836.9
1072810 1834.0
1072820 1832.0
1072830 1828.8
1072840 1828.8
1072850 1824.0
1072860 1817.4
1072870 1817.4
1072880 1810.4
1072890 1805.4
1072900 1805.4
1072910 1800.5
1072920 1795.4
1072930 1795.4
1072940 1790.0
1072950 1784.6
1072960 1784.6
1072970 1784.0
1072980 1779.6
1072990 1779.6
1073000 1774.9
1073010 1769.6
1073020 1769.6
1073030 1764.4
1073040 1759.0
1073050 1753.4
1073060 1753.4
1073070 1747.4
1073080 1741.9
1073090 1741.9
1073100 1736.6
1073110 1731.2
1073120 1731.2
1073130 1725.9
1073140 1720.8
1073150 1720.8
1073160 1716.1
1073170 1712.5
1073180 1712.5
1073190 1709.4
1073200 1706.0
1073210 1706.0
1073220 1702.1
1073230 1699.1
1073240 1699.1
1073250 1695.1
1073260 1690.3
1073270 1690.3
1073280 1689.8
1073290 1686.0
1073300 1683.2
1073310 1683.2
1073320 1678.7
1073330 1677.9
1073340 1677.9
1073350 1672.1
1073360 1667.8
1073370 1667.8
1073380 1663.5
1073390 1658.6
1073400 1658.6
1073410 1653.5
1073420 1649.3
1073430 1649.3
1073440 1644.9
1073450 1641.1
1073460 1641.1
1073470 1636.4
1073480 1632.4
1073490 1632.4
1073500 1629.1
1073510 1628.0
1073520 1626.0
1073530 1626.0
1073540 1621.9
1073550 1616.2
1073560 1616.2
1073570 1610.4
1073580 1604.1
1073590 1607.1
1073600 1596.4
1073610 1588.8
1073620 1588.8
1073630 1577.6
1073640 1569.6
1073650 1569.6
1073660 1562.0
1073670 1554.2
1073680 1554.2
1073690 1545.0
1073700 1532.5
1073710 1532.5
1073720 1521.1
1073730 1510.4
1073740 1510.4
1073750 1501.8
1073760 1494.1
1073770 1486.6
1073780 1486.6
1073790 1479.6
1073800 1472.5
1073810 1472.5
1073820 1465.4
1073830 1458.7
1073840 1458.7
1073850 1451.9
1073860 1444.5
1073870 1444.5
1073880 1435.3
1073890 1425.3
1073900 1421.7
1073910 1413.6
1073920 1405.3
1073930 1405.3
1073940 1395.5
1073950 1381.5
1073960 1381.5
1073970 1367.0
1073980 1352.8
1073990 1344.0
1074000 1344.0
1074010 1335.3
1074020 1327.6
1074030 1327.6
1074040 1320.5
1074050 1314.7
1074060 1314.7
1074070 1309.0
1074080 1303.8
1074090 1303.8
1074100 1298.4
1074110 1292.7
1074120 1292.7
1074130 1286.8
1074140 1281.2
1074150 1281.2
1074160 1275.8
1074170 1270.5
1074180 1270.5
1074190 1265.4
1074200 1260.1
1074210 1257.4
1074220 1252.8
1074230 1247.9
1074240 1243.2
1074250 1243.2
1074260 1238.8
1074270 1234.7
1074280 1234.7
1074290 1231.0
1074300 1227.5
1074310 1227.5
1074320 1223.7
1074330 1221.3
1074340 1221.3
1074350 1221.2
1074360 1221.6
1074370 1221.6
1074380 1221.7
1074390 1221.7
1074400 1221.7
1074410 1221.7
1074420 1221.2
1074430 1221.2
1074440 1220.5
1074450 1220.2
1074460 1219.8
1074470 1219.8
1074480 1220.0
1074490 1220.3
1074500 1220.3
1074510 1220.1
1074520 1220.4
1074530 1220.4
1074540 1220.6
1074550 1220.4
1074560 1220.4
1074570 1219.9
1074580 1219.9
1074590 1219.9
1074600 1219.7
1074610 1219.4
1074620 1219.4
1074630 1218.5
1074640 1218.5
1074650 1218.5
1074660 1218.4
1074670 1218.3
1074680 1218.3
1074690 1217.8
1074700 1220.0
1074710 1221.0
1074720 1221.0
1074730 1221.1
1074740 1221.8
1074750 1221.8
1074760 1222.1
1074770 1222.3
1074780 1222.3
1074790 1222.3
1074800 1222.5
1074810 1222.5
1074820 1223.0
1074830 1225.6
1074840 1225.6
1074850 1228.1
1074860 1231.4
1074870 1231.4
1074880 1235.6
1074890 1239.8
1074900 1239.8
1074910 1243.6
1074920 1247.4
1074930 1251.4
1074940 1251.4
1074950 1256.0
1074960 1260.5
1074970 1260.5
1074980 1264.8
1074990 1269.5
1075000 1269.5
1075010 1274.3
1075020 1279.3
1075030 1279.3
1075040 1283.6
1075050 1288.5
1075060 1288.5
1075070 1293.6
1075080 1297.9
1075090 1297.9
1075100 1302.3
1075110 1307.2
1075120 1307.2
1075130 1312.4
1075140 1317.3
1075150 1317.3
1075160 1322.7
1075170 1331.7
1075180 1340.8
1075190 1340.8
1075200 1353.7
1075210 1364.4
1075220 1364.4
1075230 1367.7
1075240 1386.8
1075250 1386.8
1075260 1397.8
1075270 1410.6
1075280 1410.6
1075290 1412.4
1075300 1425.1
1075310 1425.1
1075320 1430.9
1075330 1438.0
1075340 1438.0
1075350 1446.5
1075360 1452.0
1075370 1452.0
1075380 1458.0
1075390 1465.5
1075400 1473.4
1075410 1473.4
1075420 1480.0
1075430 1486.9
1075440 1486.9
1075450 1495.6
1075460 1503.1
1075470 1503.1
1075480 1509.7
1075490 1521.3
1075500 1521.3
1075510 1534.8
1075520 1545.6
1075530 1545.6
1075540 1553.4
1075550 1561.2
1075560 1561.2
1075570 1571.0
1075580 1578.8
1075590 1578.8
1075600 1585.8
1075610 1593.6
1075620 1593.6
1075630 1602.0
1075640 1613.5
1075650 1623.5
1075660 1623.5
1075670 1642.0
1075680 1654.7
1075690 1654.7
1075700 1661.5
1075710 1669.5
1075720 1669.5
1075730 1670.7
1075740 1675.0
1075750 1675.0
1075760 1695.7
1075770 1707.8
1075780 1707.8
1075790 1722.3
1075800 1729.9
1075810 1729.9
1075820 1741.0
1075830 1748.6
1075840 1748.6
1075850 1749.8
1075860 1752.0
1075870 1753.0
1075880 1753.0
1075890 1754.2
1075900 1754.6
1075910 1754.6
1075920 1756.9
1075930 1756.2
1075940 1756.2
1075950 1766.1
1075960 1784.3
1075970 1784.3
1075980 1800.9
1075990 1811.5
1076000 1811.5
1076010 1815.3
1076020 1825.0
1076030 1825.0
1076040 1846.9
1076050 1859.5
1076060 1859.5
1076070 1866.4
1076080 1876.4
1076090 1876.4
1076100 1885.5
1076110 1892.0
1076120 1897.9
1076130 1897.9
1076140 1902.6
1076150 1908.7
1076160 1908.7
1076170 1914.1
1076180 1919.3
1076190 1919.3
1076200 1926.7
1076210 1931.8
1076220 1931.8
1076230 1937.1
1076240 1943.7
1076250 1943.7
1076260 1948.0
1076270 1952.4
1076280 1952.4
1076290 1958.2
1076300 1967.2
1076310 1967.2
1076320 1975.6
1076330 1983.2
1076340 1992.1
1076350 1992.1
1076360 2002.8
1076370 2020.0
1076380 2022.8
1076390 2030.7
1076400 2046.2
1076410 2046.2
1076420 2050.0
1076430 2059.1
1076440 2059.1
1076450 2066.1
1076460 2076.6
1076470 2076.6
1076480 2084.6
1076490 2093.8
1076500 2093.8
1076510 2105.9
1076520 2111.8
1076530 2111.8
1076540 2130.0
1076550 2141.7
1076560 2141.7
1076570 2144.7
1076580 2145.6
1076590 2149.3
1076600 2149.3
1076610 2155.2
1076620 2173.2
1076630 2173.2
1076640 2184.4
1076650 2185.2
1076660 2185.2
1076670 2197.1
1076680 2201.0
1076690 2209.6
1076700 2212.1
1076710 2222.9
1076720 2222.9
1076730 2225.2
1076740 2235.4
1076750 2235.4
1076760 2237.3
1076770 2244.3
1076780 2244.3
1076790 2260.1
1076800 2273.8
1076810 2294.4
1076820 2294.4
1076830 2305.3
1076840 2305.3
1076850 2305.3
1076860 2305.5
1076870 2314.6
1076880 2314.6
1076890 2318.9
1076900 2323.8
1076910 2323.8
1076920 2331.3
1076930 2330.8
1076940 2330.8
1076950 2317.1
1076960 2315.2
1076970 2315.2
1076980 2323.9
1076990 2329.1
1077000 2323.2
1077010 2329.1
1077020 2333.5
1077030 2333.5
1077040 2336.9
1077050 2335.0
1077060 2325.9
1077070 2325.9
1077080 2321.1
1077090 2321.9
1077100 2321.9
1077110 2319.4
1077120 2311.3
1077130 2311.3
1077140 2299.9
1077150 2289.4
1077160 2289.4
1077170 2280.5
1077180 2279.9
1077190 2279.9
1077200 2278.9
1077210 2278.1
1077220 2278.1
1077230 2280.6
1077240 2283.5
1077250 2283.5
1077260 2287.4
1077270 2292.7
1077280 2298.8
1077290 2298.8
1077300 2303.9
1077310 2307.5
1077320 2300.6
1077330 2305.7
1077340 2307.4
1077350 2307.4
1077360 2308.3
1077370 2308.4
1077380 2308.4
1077390 2307.3
1077400 2305.5
1077410 2305.5
1077420 2302.1
1077430 2298.3
1077440 2298.3
1077450 2297.1
1077460 2294.4
1077470 2294.4
1077480 2289.6
1077490 2287.8
1077500 2287.8
1077510 2287.8
1077520 2288.5
1077530 2288.3
1077540 2288.3
1077550 2288.1
1077560 2288.3
1077570 2288.3
1077580 2288.2
1077590 2288.3
1077600 2288.3
1077610 2292.2
1077620 2293.5
1077630 2288.1
1077640 2290.5
1077650 2290.8
1077660 2290.8
1077670 2287.6
1077680 2282.6
1077690 2282.6
1077700 2277.2
1077710 2272.8
1077720 2272.8
1077730 2271.8
1077740 2269.7
1077750 2261.1
1077760 2261.1
1077770 2261.1
1077780 2257.4
1077790 2257.4
1077800 2254.8
1077810 2243.1
1077820 2243.1
1077830 2237.3
1077840 2234.1
1077850 2234.1
1077860 2236.1
1077870 2232.8
1077880 2232.8
1077890 2225.7
1077900 2212.5
1077910 2212.5
1077920 2200.3
1077930 2200.5
1077940 2182.7
1077950 2173.0
1077960 2159.9
1077970 2159.9
1077980 2149.8
1077990 2136.2
1078000 2124.4
1078010 2124.4
1078020 2130.8
1078030 2135.1
1078040 2135.1
1078050 2139.3
1078060 2136.3
1078070 2136.3
1078080 2121.8
1078090 2105.8
1078100 2105.8
1078110 2091.5
1078120 2084.4
1078130 2084.4
1078140 2077.2
1078150 2061.2
1078160 2061.2
1078170 2051.5
1078180 2046.7
1078190 2046.7
1078200 2050.5
1078210 2055.5
1078220 2050.9
1078230 2050.9
1078240 2049.2
1078250 2039.6
1078260 2039.6
1078270 2039.6
1078280 2032.1
1078290 2032.1
1078300 2022.9
1078310 2018.9
1078320 2018.9
1078330 2014.8
1078340 2009.8
1078350 2009.8
1078360 2010.7
1078370 2003.8
1078380 2003.8
1078390 2000.4
1078400 1998.6
1078410 1998.6
1078420 1996.5
1078430 1996.0
1078440 1996.0
1078450 1995.4
1078460 1995.5
1078470 1995.0
1078480 1995.0
1078490 1995.2
1078500 1996.6
1078510 1996.6
1078520 1998.0
1078530 1998.0
1078540 1998.0
1078550 1995.9
1078560 1994.0
1078570 1986.0
1078580 1985.1
1078590 1985.8
1078600 1985.8
1078610 1988.3
1078620 1989.6
1078630 1989.6
1078640 1990.0
1078650 1988.9
1078660 1988.9
1078670 1987.7
1078680 1986.5
1078690 1985.7
1078700 1985.7
1078710 1984.1
1078720 1982.4
1078730 1982.4
1078740 1981.5
1078750 1981.4
1078760 1981.4
1078770 1979.7
1078780 1976.8
1078790 1976.8
1078800 1975.1
1078810 1972.2
1078820 1972.2
1078830 1970.3
1078840 1969.2
1078850 1969.2
1078860 1968.8
1078870 1967.3
1078880 1961.7
1078890 1960.1
1078900 1961.8
1078910 1961.8
1078920 1963.9
1078930 1965.1
1078940 1965.9
1078950 1965.9
1078960 1965.6
1078970 1964.0
1078980 1964.0
1078990 1962.8
1079000 1964.8
1079010 1964.8
1079020 1965.4
1079030 1964.0
1079040 1964.0
1079050 1961.3
1079060 1958.9
1079070 1958.9
1079080 1956.9
1079090 1955.3
1079100 1955.3
1079110 1954.4
1079120 1953.8
1079130 1953.8
1079140 1952.1
1079150 1950.7
1079160 1949.6
1079170 1949.6
1079180 1949.0
1079190 1948.0
1079200 1948.0
1079210 1948.4
1079220 1948.1
1079230 1948.1
1079240 1946.9
1079250 1944.5
1079260 1944.5
1079270 1941.4
1079280 1939.0
1079290 1939.0
1079300 1936.1
1079310 1933.6
1079320 1933.6
1079330 1931.6
1079340 1929.8
1079350 1929.8
1079360 1927.9
1079370 1925.6
1079380 1925.6
1079390 1923.3
1079400 1921.3
1079410 1918.7
1079420 1918.7
1079430 1915.6
1079440 1913.8
1079450 1913.8
1079460 1912.9
1079470 1911.9
1079480 1911.9
1079490 1910.9
1079500 1908.9
1079510 1908.9
1079520 1908.5
1079530 1908.7
1079540 1908.7
1079550 1909.3
1079560 1909.7
1079570 1909.7
1079580 1910.7
1079590 1911.8
1079600 1911.8
1079610 1912.4
1079620 1912.9
1079630 1913.5
1079640 1913.5
1079650 1914.2
1079660 1914.3
1079670 1914.3
1079680 1913.9
1079690 1914.1
1079700 1914.1
1079710 1914.2
1079720 1914.1
1079730 1914.1
1079740 1914.0
1079750 1913.7
1079760 1913.7
1079770 1913.2
1079780 1912.7
1079790 1912.7
1079800 1911.9
1079810 1910.8
1079820 1911.4
1079830 1910.3
1079840 1908.7
1079850 1908.7
1079860 1907.0
1079870 1906.3
1079880 1906.6
1079890 1906.6
1079900 1907.2
1079910 1907.3
1079920 1907.3
1079930 1907.1
1079940 1906.4
1079950 1906.4
1079960 1906.1
1079970 1905.4
1079980 1905.4
1079990 1904.6
