1070780 1920.9
1070790 1925.7
1070800 1925.7
1070810 1930.0
1070820 1937.4
1070830 1937.4
1070840 1950.2
1070850 1956.4
1070860 1963.2
1070870 1963.2
1070880 1980.0
1070890 2006.5
1070900 2006.5
1070910 2009.6
1070920 2044.2
1070930 2044.2
1070940 2058.3
1070950 2068.3
1070960 2068.3
1070970 2076.5
1070980 2085.0
1070990 2085.0
1071000 2092.7
1071010 2098.5
1071020 2098.5
1071030 2105.2
1071040 2110.7
1071050 2110.7
1071060 2115.5
1071070 2125.2
1071080 2125.2
1071090 2131.7
1071100 2130.2
1071110 2122.2
1071120 2122.2
1071130 2113.2
1071140 2090.1
1071150 2090.1
1071160 2084.2
1071170 2080.9
1071180 2080.9
1071190 2078.6
1071200 2079.0
1071210 2079.0
1071220 2077.0
1071230 2075.9
1071240 2075.9
1071250 2079.4
1071260 2081.7
1071270 2081.7
1071280 2082.9
1071290 2073.1
1071300 2073.1
1071310 2063.4
1071320 2058.5
1071330 2057.9
1071340 2057.9
1071350 2065.8
1071360 2069.7
1071370 2069.7
1071380 2065.3
1071390 2062.5
1071400 2062.5
1071410 2069.1
1071420 2065.3
1071430 2057.6
1071440 2056.2
1071450 2064.6
1071460 2064.6
1071470 2073.3
1071480 2079.3
1071490 2079.3
1071500 2078.3
1071510 2069.1
1071520 2069.1
1071530 2064.7
1071540 2066.4
1071550 2066.4
1071560 2063.7
1071570 2063.4
1071580 2066.6
1071590 2066.6
1071600 2055.4
1071610 2055.4
1071620 2055.4
1071630 2059.0
1071640 2056.5
1071650 2056.5
1071660 2070.1
1071670 2075.0
1071680 2075.0
1071690 2070.0
1071700 2058.4
1071710 2058.4
1071720 2051.4
1071730 2052.4
1071740 2039.8
1071750 2045.6
1071760 2048.5
1071770 2048.5
1071780 2043.0
1071790 2041.7
1071800 2039.5
1071810 2039.5
1071820 2047.6
1071830 2060.3
1071840 2060.3
1071850 2062.2
1071860 2062.6
1071870 2062.6
1071880 2056.6
1071890 2055.0
1071900 2055.0
1071910 2055.1
1071920 2052.2
1071930 2052.2
1071940 2051.0
1071950 2051.9
1071960 2051.9
1071970 2055.4
1071980 2054.8
1071990 2054.8
1072000 2052.3
1072010 2050.8
1072020 2050.8
1072030 2054.9
1072040 2054.4
1072050 2048.0
1072060 2048.0
1072070 2051.5
1072080 2052.5
1072090 2052.5
1072100 2056.8
1072110 2060.0
1072120 2060.0
1072130 2059.5
1072140 2065.0
1072150 2065.0
1072160 2072.0
1072170 2072.9
1072180 2072.9
1072190 2073.2
1072200 2077.4
1072210 2077.4
1072220 2079.1
1072230 2077.8
1072240 2077.8
1072250 2076.0
1072260 2075.9
1072270 2072.0
1072280 2072.0
1072290 2066.0
1072300 2062.1
1072310 2062.1
1072320 2056.7
1072330 2052.6
1072340 2052.6
1072350 2050.8
1072360 2047.1
1072370 2047.1
1072380 2049.9
1072390 2042.1
1072400 2042.1
1072410 2035.5
1072420 2030.7
1072430 2030.7
1072440 2024.4
1072450 2017.8
1072460 2017.8
1072470 2013.3
1072480 2006.0
1072490 2006.0
1072500 1997.9
1072510 1991.5
1072520 1988.4
1072530 1988.4
1072540 1990.6
1072550 2002.2
1072560 2002.2
1072570 2003.8
1072580 2005.2
1072590 2005.2
1072600 2009.0
1072610 2007.1
1072620 2007.1
1072630 2003.6
1072640 2002.2
1072650 2002.2
1072660 2004.5
1072670 1994.3
1072680 1994.3
1072690 1996.1
1072700 1994.7
1072710 1994.7
1072720 1998.8
1072730 2003.8
1072740 2001.7
1072750 2001.7
1072760 1999.2
1072770 1994.7
1072780 1994.7
1072790 1988.9
1072800 1987.8
1072810 1987.8
1072820 1984.2
1072830 1977.6
1072840 1977.6
1072850 1974.6
1072860 1972.9
1072870 1972.9
1072880 1970.9
1072890 1965.1
1072900 1965.1
1072910 1961.0
1072920 1954.8
1072930 1954.8
1072940 1947.4
1072950 1937.8
1072960 1937.8
1072970 1937.2
1072980 1931.9
1072990 1929.1
1073000 1929.1
1073010 1927.3
1073020 1919.2
1073030 1919.2
1073040 1907.4
1073050 1898.8
1073060 1898.8
1073070 1891.0
1073080 1886.2
1073090 1886.2
1073100 1881.8
1073110 1878.2
1073120 1878.2
1073130 1875.3
1073140 1872.2
1073150 1872.2
1073160 1870.0
1073170 1866.2
1073180 1866.2
1073190 1859.9
1073200 1853.2
1073210 1847.2
1073220 1847.2
1073230 1840.9
1073240 1832.9
1073250 1832.9
1073260 1823.0
1073270 1810.7
1073280 1811.8
1073290 1799.2
1073300 1787.4
1073310 1787.4
1073320 1778.1
1073330 1761.9
1073340 1761.9
1073350 1739.1
1073360 1727.0
1073370 1727.0
1073380 1716.6
1073390 1706.9
1073400 1706.9
1073410 1695.2
1073420 1688.6
1073430 1688.6
1073440 1689.5
1073450 1685.8
1073460 1660.9
1073470 1660.9
1073480 1638.7
1073490 1627.3
1073500 1627.3
1073510 1622.5
1073520 1608.8
1073530 1608.8
1073540 1594.0
1073550 1583.3
1073560 1583.3
1073570 1574.4
1073580 1566.2
1073590 1567.3
1073600 1560.0
1073610 1551.4
1073620 1551.4
1073630 1536.5
1073640 1528.0
1073650 1528.0
1073660 1519.2
1073670 1506.1
1073680 1492.2
1073690 1492.2
1073700 1470.7
1073710 1461.5
1073720 1461.5
1073730 1453.1
1073740 1444.6
1073750 1444.6
1073760 1436.4
1073770 1429.4
1073780 1429.4
1073790 1423.3
1073800 1417.0
1073810 1417.0
1073820 1410.4
1073830 1403.9
1073840 1403.9
1073850 1397.8
1073860 1391.7
1073870 1391.7
1073880 1385.5
1073890 1379.1
1073900 1376.8
1073910 1370.9
1073920 1364.6
1073930 1358.3
1073940 1358.3
1073950 1352.3
1073960 1346.1
1073970 1346.1
1073980 1339.6
1073990 1334.0
1074000 1334.0
1074010 1328.9
1074020 1324.1
1074030 1324.1
1074040 1319.6
1074050 1314.0
1074060 1314.0
1074070 1307.8
1074080 1301.9
1074090 1301.9
1074100 1296.3
1074110 1290.7
1074120 1290.7
1074130 1285.0
1074140 1279.6
1074150 1274.2
1074160 1274.2
1074170 1268.9
1074180 1263.6
1074190 1263.6
1074200 1258.2
1074210 1255.2
1074220 1255.2
1074230 1250.5
1074240 1245.8
1074250 1245.8
1074260 1241.6
1074270 1238.0
1074280 1238.0
1074290 1236.4
1074300 1236.2
1074310 1236.2
1074320 1235.9
1074330 1235.9
1074340 1235.9
1074350 1235.2
1074360 1234.6
1074370 1234.6
1074380 1234.5
1074390 1234.4
1074400 1234.2
1074410 1234.2
1074420 1233.9
1074430 1233.7
1074440 1233.7
1074450 1233.8
1074460 1233.8
1074470 1233.8
1074480 1233.5
1074490 1233.1
1074500 1233.1
1074510 1232.2
1074520 1232.0
1074530 1232.0
1074540 1229.8
1074550 1229.4
1074560 1229.4
1074570 1227.9
1074580 1226.9
1074590 1226.9
1074600 1228.6
1074610 1229.0
1074620 1229.8
1074630 1229.8
1074640 1232.2
1074650 1234.3
1074660 1234.3
1074670 1235.9
1074680 1236.3
1074690 1236.3
1074700 1237.7
1074710 1240.0
1074720 1240.0
1074730 1243.0
1074740 1246.5
1074750 1246.5
1074760 1249.6
1074770 1252.5
1074780 1252.5
1074790 1256.0
1074800 1259.4
1074810 1259.4
1074820 1262.2
1074830 1267.7
1074840 1267.7
1074850 1270.7
1074860 1274.4
1074870 1278.2
1074880 1278.2
1074890 1281.7
1074900 1284.1
1074910 1284.1
1074920 1287.8
1074930 1292.4
1074940 1292.4
1074950 1297.1
1074960 1298.9
1074970 1298.9
1074980 1302.8
1074990 1304.8
1075000 1304.8
1075010 1307.7
1075020 1311.3
1075030 1311.3
1075040 1315.6
1075050 1319.2
1075060 1319.2
1075070 1323.0
1075080 1328.2
1075090 1334.1
1075100 1334.1
1075110 1339.5
1075120 1344.5
1075130 1344.5
1075140 1352.8
1075150 1359.3
1075160 1359.3
1075170 1368.5
1075180 1381.8
1075190 1381.8
1075200 1395.2
1075210 1403.5
1075220 1403.5
1075230 1411.2
1075240 1418.0
1075250 1418.0
1075260 1424.3
1075270 1431.9
1075280 1431.9
1075290 1440.0
1075300 1447.9
1075310 1447.9
1075320 1457.1
1075330 1466.0
1075340 1474.3
1075350 1474.3
1075360 1482.4
1075370 1490.5
1075380 1490.5
1075390 1499.1
1075400 1510.1
1075410 1510.1
1075420 1525.4
1075430 1539.3
1075440 1539.3
1075450 1546.1
1075460 1554.0
1075470 1554.0
1075480 1562.3
1075490 1570.8
1075500 1570.8
1075510 1579.4
1075520 1588.3
1075530 1588.3
1075540 1596.5
1075550 1605.4
1075560 1614.4
1075570 1614.4
1075580 1626.9
1075590 1641.4
1075600 1641.4
1075610 1648.6
1075620 1655.6
1075630 1655.6
1075640 1674.2
1075650 1684.7
1075660 1684.7
1075670 1704.8
1075680 1716.5
1075690 1716.5
1075700 1719.3
1075710 1717.8
1075720 1717.8
1075730 1731.9
1075740 1742.1
1075750 1742.1
1075760 1754.3
1075770 1758.0
1075780 1758.0
1075790 1756.0
1075800 1752.6
1075810 1757.4
1075820 1757.4
1075830 1766.2
1075840 1775.1
1075850 1775.1
1075860 1784.6
1075870 1793.1
1075880 1793.1
1075890 1804.8
1075900 1813.4
1075910 1813.4
1075920 1823.2
1075930 1830.8
1075940 1830.8
1075950 1839.5
1075960 1847.5
1075970 1847.5
1075980 1855.6
1075990 1863.8
1076000 1863.8
1076010 1872.5
1076020 1886.2
1076030 1905.6
1076040 1905.6
1076050 1914.4
1076060 1910.8
1076070 1899.6
1076080 1909.0
1076090 1913.0
1076100 1913.0
1076110 1916.9
1076120 1921.1
1076130 1921.1
1076140 1924.5
1076150 1929.7
1076160 1929.7
1076170 1936.3
1076180 1943.6
1076190 1943.6
1076200 1951.2
1076210 1958.3
1076220 1958.3
1076230 1962.5
1076240 1964.4
1076250 1964.4
1076260 1967.7
1076270 1974.1
1076280 1983.1
1076290 1983.1
1076300 1993.5
1076310 2002.8
1076320 2002.8
1076330 2009.4
1076340 2017.1
1076350 2017.1
1076360 2026.0
1076370 2034.0
1076380 2035.5
1076390 2041.5
1076400 2049.3
1076410 2049.3
1076420 2056.9
1076430 2066.2
1076440 2066.2
1076450 2073.9
1076460 2081.8
1076470 2081.8
1076480 2090.9
1076490 2100.2
1076500 2109.0
1076510 2109.0
1076520 2116.3
1076530 2124.4
1076540 2124.4
1076550 2133.4
1076560 2143.8
1076570 2143.8
1076580 2141.3
1076590 2129.2
1076600 2129.2
1076610 2125.9
1076620 2126.3
1076630 2126.3
1076640 2132.4
1076650 2143.4
1076660 2143.4
1076670 2145.9
1076680 2153.4
1076690 2138.8
1076700 2148.8
1076710 2148.9
1076720 2148.9
1076730 2146.3
1076740 2144.6
1076750 2141.2
1076760 2141.2
1076770 2141.6
1076780 2146.2
1076790 2146.2
1076800 2155.9
1076810 2160.5
1076820 2160.5
1076830 2153.1
1076840 2148.2
1076850 2148.2
1076860 2146.8
1076870 2147.3
1076880 2147.3
1076890 2157.5
1076900 2160.7
1076910 2160.7
1076920 2157.7
1076930 2161.1
1076940 2161.1
1076950 2168.8
1076960 2175.5
1076970 2176.4
1076980 2176.4
1076990 2170.6
1077000 2157.1
1077010 2157.1
1077020 2160.3
1077030 2165.7
1077040 2165.7
1077050 2165.1
1077060 2162.0
1077070 2162.0
1077080 2155.9
1077090 2149.7
1077100 2149.7
1077110 2152.9
1077120 2152.4
1077130 2152.4
1077140 2140.4
1077150 2143.9
1077160 2143.9
1077170 2147.7
1077180 2145.7
1077190 2145.7
1077200 2143.9
1077210 2148.8
1077220 2154.1
1077230 2154.1
1077240 2160.1
1077250 2166.7
1077260 2166.7
1077270 2174.3
1077280 2181.2
1077290 2181.2
1077300 2184.2
1077310 2175.7
1077320 2175.7
1077330 2174.3
1077340 2176.2
1077350 2176.2
1077360 2180.3
1077370 2180.6
1077380 2180.6
1077390 2179.9
1077400 2178.8
1077410 2178.8
1077420 2177.4
1077430 2174.9
1077440 2171.5
1077450 2171.5
1077460 2167.6
1077470 2164.5
1077480 2164.5
1077490 2162.1
1077500 2160.3
1077510 2160.3
1077520 2159.7
1077530 2157.4
1077540 2157.4
1077550 2152.7
1077560 2157.7
1077570 2157.7
1077580 2162.3
1077590 2166.0
1077600 2166.0
1077610 2165.7
1077620 2156.2
1077630 2147.5
1077640 2140.6
1077650 2138.5
1077660 2138.5
1077670 2143.2
1077680 2144.7
1077690 2125.0
1077700 2125.0
1077710 2110.1
1077720 2101.0
1077730 2101.0
1077740 2096.8
1077750 2089.4
1077760 2089.4
1077770 2091.0
1077780 2092.8
1077790 2092.8
1077800 2083.0
1077810 2081.1
1077820 2081.1
1077830 2081.8
1077840 2089.3
1077850 2089.3
1077860 2096.4
1077870 2095.9
1077880 2095.9
1077890 2080.1
1077900 2052.2
1077910 2034.7
1077920 2034.7
1077930 2030.2
1077940 2021.8
1077950 2021.8
1077960 2019.0
1077970 2014.4
1077980 2014.4
1077990 2009.3
1078000 2003.2
1078010 2003.2
1078020 1996.9
1078030 1991.2
1078040 1991.2
1078050 1986.3
1078060 1982.2
1078070 1982.2
1078080 1979.4
1078090 1975.6
1078100 1975.6
1078110 1972.2
1078120 1969.1
1078130 1969.1
1078140 1965.2
1078150 1962.6
1078160 1958.5
1078170 1958.5
1078180 1955.2
1078190 1951.8
1078200 1951.8
1078210 1947.8
1078220 1945.1
1078230 1945.1
1078240 1941.3
1078250 1933.8
1078260 1933.8
1078270 1931.8
1078280 1928.5
1078290 1928.5
1078300 1924.6
1078310 1920.7
1078320 1920.7
1078330 1917.7
1078340 1916.8
1078350 1916.8
1078360 1914.8
1078370 1913.3
1078380 1911.1
1078390 1911.1
1078400 1910.0
1078410 1909.0
1078420 1909.0
1078430 1908.3
1078440 1906.7
1078450 1906.7
1078460 1906.2
1078470 1907.1
1078480 1907.1
1078490 1906.5
1078500 1906.0
1078510 1906.0
1078520 1904.8
1078530 1903.0
1078540 1903.0
1078550 1901.0
1078560 1896.8
1078570 1896.8
1078580 1896.8
1078590 1897.1
1078600 1897.1
1078610 1898.3
1078620 1898.7
1078630 1899.2
1078640 1899.2
1078650 1899.8
1078660 1899.0
1078670 1899.0
1078680 1898.9
1078690 1897.6
1078700 1897.6
1078710 1895.8
1078720 1896.5
1078730 1896.5
1078740 1898.5
1078750 1901.8
1078760 1901.8
1078770 1905.0
1078780 1905.1
1078790 1905.1
1078800 1902.9
1078810 1901.8
1078820 1901.8
1078830 1901.2
1078840 1900.4
1078850 1901.2
1078860 1901.2
1078870 1900.5
1078880 1892.8
1078890 1892.8
1078900 1892.8
1078910 1893.0
1078920 1893.0
1078930 1893.7
1078940 1894.1
1078950 1894.1
1078960 1894.6
1078970 1894.7
1078980 1894.7
1078990 1894.7
1079000 1895.5
1079010 1895.5
1079020 1896.2
1079030 1896.6
1079040 1896.6
1079050 1898.4
1079060 1899.2
1079070 1899.2
1079080 1899.4
1079090 1899.2
1079100 1898.0
1079110 1898.0
1079120 1896.7
1079130 1895.0
1079140 1895.0
1079150 1892.8
1079160 1890.9
1079170 1890.9
1079180 1888.3
1079190 1884.2
1079200 1884.2
1079210 1883.0
1079220 1884.3
1079230 1884.3
1079240 1884.2
1079250 1883.7
1079260 1883.7
1079270 1882.4
1079280 1880.6
1079290 1880.6
1079300 1878.1
1079310 1879.5
1079320 1880.0
1079330 1880.0
1079340 1879.4
1079350 1877.7
1079360 1877.7
1079370 1874.6
1079380 1872.1
1079390 1872.1
1079400 1870.6
1079410 1867.4
1079420 1867.4
1079430 1866.0
1079440 1865.3
1079450 1865.3
1079460 1863.9
1079470 1862.3
1079480 1862.3
1079490 1860.8
1079500 1856.0
1079510 1856.0
1079520 1854.8
1079530 1854.0
1079540 1854.0
1079550 1853.8
1079560 1854.3
1079570 1854.5
1079580 1854.5
1079590 1854.2
1079600 1853.7
1079610 1853.7
1079620 1853.2
1079630 1852.6
1079640 1852.6
1079650 1852.2
1079660 1852.8
1079670 1852.8
1079680 1853.4
1079690 1854.1
1079700 1854.1
1079710 1854.5
1079720 1854.4
1079730 1854.4
1079740 1854.0
1079750 1854.1
1079760 1854.1
1079770 1854.1
1079780 1854.5
1079790 1856.1
1079800 1856.1
1079810 1855.7
1079820 1850.7
1079830 1850.7
1079840 1849.0
1079850 1849.0
1079860 1849.0
1079870 1848.8
1079880 1848.5
1079890 1848.5
1079900 1850.0
1079910 1851.0
1079920 1851.0
1079930 1850.7
1079940 1850.7
1079950 1850.7
1079960 1850.7
1079970 1849.5
1079980 1849.5
1079990 1849.2
