1070560 2050.1
1070570 2052.3
1070580 2052.3
1070590 2057.1
1070600 2069.0
1070610 2069.0
1070620 2079.5
1070630 2087.5
1070640 2087.5
1070650 2104.2
1070660 2122.3
1070670 2122.3
1070680 2128.4
1070690 2126.2
1070700 2126.2
1070710 2123.5
1070720 2134.1
1070730 2134.1
1070740 2147.4
1070750 2154.9
1070760 2154.9
1070770 2160.4
1070780 2165.3
1070790 2165.3
1070800 2171.6
1070810 2177.1
1070820 2178.5
1070830 2178.5
1070840 2180.2
1070850 2184.5
1070860 2184.5
1070870 2187.9
1070880 2192.7
1070890 2192.7
1070900 2197.8
1070910 2202.3
1070920 2202.3
1070930 2208.4
1070940 2214.5
1070950 2214.5
1070960 2220.5
1070970 2226.6
1070980 2226.6
1070990 2231.9
1071000 2235.7
1071010 2235.7
1071020 2233.6
1071030 2228.7
1071040 2224.7
1071050 2224.7
1071060 2220.3
1071070 2215.7
1071080 2215.7
1071090 2210.5
1071100 2204.7
1071110 2204.7
1071120 2199.0
1071130 2193.3
1071140 2193.3
1071150 2187.1
1071160 2179.4
1071170 2179.4
1071180 2170.9
1071190 2162.7
1071200 2162.7
1071210 2155.6
1071220 2152.0
1071230 2152.0
1071240 2149.7
1071250 2139.7
1071260 2139.7
1071270 2130.4
1071280 2123.8
1071290 2118.8
1071300 2118.8
1071310 2113.7
1071320 2108.8
1071330 2106.3
1071340 2101.2
1071350 2096.3
1071360 2096.3
1071370 2091.1
1071380 2085.9
1071390 2085.9
1071400 2080.7
1071410 2075.8
1071420 2075.8
1071430 2070.7
1071440 2065.7
1071450 2065.7
1071460 2060.8
1071470 2056.0
1071480 2056.0
1071490 2050.8
1071500 2046.0
1071510 2041.6
1071520 2041.6
1071530 2037.4
1071540 2033.3
1071550 2033.3
1071560 2029.1
1071570 2025.7
1071580 2025.7
1071590 2022.2
1071600 2019.3
1071610 2019.3
1071620 2019.4
1071630 2018.1
1071640 2018.1
1071650 2016.8
1071660 2015.9
1071670 2015.9
1071680 2015.4
1071690 2014.8
1071700 2014.8
1071710 2012.1
1071720 2012.0
1071730 2012.0
1071740 2010.4
1071750 2008.5
1071760 2007.4
1071770 2007.4
1071780 2006.6
1071790 2006.7
1071800 2006.7
1071810 2008.3
1071820 2008.1
1071830 2008.1
1071840 2006.1
1071850 2004.4
1071860 2004.4
1071870 2003.9
1071880 2004.3
1071890 2004.3
1071900 2002.8
1071910 2000.9
1071920 2000.9
1071930 1999.8
1071940 1994.3
1071950 1994.3
1071960 1992.3
1071970 1985.9
1071980 1981.3
1071990 1981.3
1072000 1977.9
1072010 1973.2
1072020 1973.2
1072030 1969.3
1072040 1965.4
1072050 1965.4
1072060 1961.1
1072070 1957.1
1072080 1957.1
1072090 1952.9
1072100 1948.7
1072110 1948.7
1072120 1945.4
1072130 1944.8
1072140 1944.8
1072150 1945.1
1072160 1946.8
1072170 1946.8
1072180 1946.7
1072190 1943.6
1072200 1943.6
1072210 1941.6
1072220 1942.3
1072230 1941.1
1072240 1941.1
1072250 1939.0
1072260 1937.0
1072270 1937.0
1072280 1935.0
1072290 1932.4
1072300 1932.4
1072310 1930.9
1072320 1929.8
1072330 1929.8
1072340 1929.4
1072350 1929.3
1072360 1929.3
1072370 1929.6
1072380 1926.6
1072390 1926.6
1072400 1922.7
1072410 1918.5
1072420 1918.5
1072430 1915.7
1072440 1912.6
1072450 1907.1
1072460 1907.1
1072470 1903.3
1072480 1901.2
1072490 1901.2
1072500 1900.2
1072510 1898.7
1072520 1898.7
1072530 1897.2
1072540 1894.3
1072550 1894.3
1072560 1890.4
1072570 1887.3
1072580 1887.3
1072590 1883.2
1072600 1878.7
1072610 1878.7
1072620 1874.2
1072630 1871.2
1072640 1871.2
1072650 1868.9
1072660 1866.4
1072670 1866.4
1072680 1861.1
1072690 1855.3
1072700 1849.7
1072710 1849.7
1072720 1844.4
1072730 1840.3
1072740 1840.3
1072750 1836.0
1072760 1830.9
1072770 1830.9
1072780 1824.9
1072790 1818.3
1072800 1818.3
1072810 1813.8
1072820 1809.2
1072830 1809.2
1072840 1803.5
1072850 1798.1
1072860 1798.1
1072870 1786.3
1072880 1775.1
1072890 1775.1
1072900 1762.6
1072910 1748.4
1072920 1740.3
1072930 1740.3
1072940 1733.2
1072950 1726.7
1072960 1726.7
1072970 1720.2
1072980 1714.9
1072990 1714.9
1073000 1710.3
1073010 1706.7
1073020 1706.7
1073030 1703.9
1073040 1700.9
1073050 1700.9
1073060 1698.0
1073070 1695.1
1073080 1695.1
1073090 1691.2
1073100 1685.8
1073110 1685.8
1073120 1679.6
1073130 1673.7
1073140 1673.7
1073150 1667.3
1073160 1661.8
1073170 1657.3
1073180 1657.3
1073190 1652.1
1073200 1647.2
1073210 1647.2
1073220 1642.8
1073230 1638.5
1073240 1638.5
1073250 1634.3
1073260 1630.4
1073270 1630.4
1073280 1626.2
1073290 1621.5
1073300 1621.5
1073310 1616.7
1073320 1612.4
1073330 1612.4
1073340 1608.4
1073350 1604.5
1073360 1604.5
1073370 1601.1
1073380 1598.5
1073390 1593.9
1073400 1593.9
1073410 1588.9
1073420 1583.6
1073430 1583.6
1073440 1577.8
1073450 1571.9
1073460 1571.9
1073470 1566.5
1073480 1565.0
1073490 1565.0
1073500 1560.1
1073510 1555.3
1073520 1555.3
1073530 1550.4
1073540 1545.1
1073550 1545.1
1073560 1539.9
1073570 1534.3
1073580 1534.3
1073590 1528.4
1073600 1522.7
1073610 1522.7
1073620 1517.5
1073630 1512.5
1073640 1508.0
1073650 1508.0
1073660 1503.0
1073670 1498.4
1073680 1498.4
1073690 1495.3
1073700 1493.6
1073710 1493.6
1073720 1491.9
1073730 1489.7
1073740 1489.7
1073750 1486.8
1073760 1483.0
1073770 1483.0
1073780 1479.0
1073790 1479.0
1073800 1479.0
1073810 1473.9
1073820 1467.4
1073830 1467.4
1073840 1460.4
1073850 1453.4
1073860 1446.3
1073870 1446.3
1073880 1439.4
1073890 1432.8
1073900 1432.8
1073910 1426.3
1073920 1419.8
1073930 1419.8
1073940 1413.1
1073950 1406.5
1073960 1406.5
1073970 1399.8
1073980 1393.0
1073990 1393.0
1074000 1386.2
1074010 1379.4
1074020 1379.4
1074030 1372.8
1074040 1366.1
1074050 1366.1
1074060 1359.4
1074070 1352.6
1074080 1352.6
1074090 1345.8
1074100 1338.2
1074110 1331.9
1074120 1331.9
1074130 1325.6
1074140 1319.5
1074150 1319.5
1074160 1312.9
1074170 1306.7
1074180 1306.7
1074190 1301.3
1074200 1296.8
1074210 1296.8
1074220 1291.7
1074230 1288.8
1074240 1288.8
1074250 1286.1
1074260 1282.6
1074270 1282.6
1074280 1279.0
1074290 1275.2
1074300 1275.2
1074310 1271.3
1074320 1267.3
1074330 1267.3
1074340 1263.0
1074350 1258.4
1074360 1252.7
1074370 1252.7
1074380 1245.1
1074390 1237.6
1074400 1237.6
1074410 1228.0
1074420 1220.4
1074430 1220.4
1074440 1214.8
1074450 1213.4
1074460 1213.4
1074470 1212.7
1074480 1212.5
1074490 1212.5
1074500 1212.4
1074510 1212.4
1074520 1212.4
1074530 1212.8
1074540 1213.0
1074550 1213.0
1074560 1212.5
1074570 1211.6
1074580 1211.6
1074590 1211.6
1074600 1212.0
1074610 1211.7
1074620 1211.7
1074630 1211.9
1074640 1211.8
1074650 1211.8
1074660 1211.6
1074670 1211.9
1074680 1211.9
1074690 1212.4
1074700 1215.2
1074710 1215.2
1074720 1216.3
1074730 1217.8
1074740 1217.8
1074750 1219.7
1074760 1220.9
1074770 1220.9
1074780 1224.0
1074790 1228.3
1074800 1228.3
1074810 1230.0
1074820 1231.4
1074830 1235.1
1074840 1235.1
1074850 1239.0
1074860 1242.2
1074870 1242.2
1074880 1245.5
1074890 1249.1
1074900 1249.1
1074910 1251.8
1074920 1254.1
1074930 1254.1
1074940 1257.0
1074950 1260.7
1074960 1260.7
1074970 1263.5
1074980 1266.6
1074990 1266.6
1075000 1269.6
1075010 1272.5
1075020 1272.5
1075030 1271.7
1075040 1274.3
1075050 1276.9
1075060 1276.9
1075070 1280.3
1075080 1285.0
1075090 1285.0
1075100 1290.6
1075110 1296.1
1075120 1296.1
1075130 1301.7
1075140 1306.9
1075150 1306.9
1075160 1312.3
1075170 1318.0
1075180 1318.0
1075190 1323.4
1075200 1328.2
1075210 1328.2
1075220 1333.4
1075230 1339.3
1075240 1339.3
1075250 1347.9
1075260 1357.1
1075270 1357.1
1075280 1365.6
1075290 1374.7
1075300 1382.5
1075310 1382.5
1075320 1391.4
1075330 1396.7
1075340 1401.0
1075350 1405.9
1075360 1408.7
1075370 1408.7
1075380 1410.2
1075390 1411.3
1075400 1411.3
1075410 1421.4
1075420 1433.7
1075430 1433.7
1075440 1444.3
1075450 1446.3
1075460 1446.3
1075470 1452.1
1075480 1457.7
1075490 1457.7
1075500 1464.4
1075510 1477.1
1075520 1485.7
1075530 1485.7
1075540 1496.1
1075550 1507.4
1075560 1507.4
1075570 1518.1
1075580 1526.6
1075590 1526.6
1075600 1532.4
1075610 1540.0
1075620 1540.0
1075630 1548.0
1075640 1562.5
1075650 1569.0
1075660 1579.1
1075670 1588.4
1075680 1588.4
1075690 1596.6
1075700 1606.0
1075710 1606.0
1075720 1615.4
1075730 1625.1
1075740 1625.1
1075750 1635.5
1075760 1647.8
1075770 1657.6
1075780 1657.6
1075790 1660.0
1075800 1661.6
1075810 1661.6
1075820 1668.4
1075830 1675.8
1075840 1675.8
1075850 1683.7
1075860 1695.6
1075870 1695.6
1075880 1703.1
1075890 1704.2
1075900 1704.2
1075910 1706.7
1075920 1711.8
1075930 1711.8
1075940 1722.4
1075950 1736.7
1075960 1733.4
1075970 1745.5
1075980 1757.1
1075990 1768.5
1076000 1768.5
1076010 1778.1
1076020 1782.4
1076030 1782.4
1076040 1786.3
1076050 1793.2
1076060 1793.2
1076070 1796.8
1076080 1801.8
1076090 1801.8
1076100 1815.9
1076110 1838.6
1076120 1838.6
1076130 1858.1
1076140 1872.2
1076150 1872.2
1076160 1882.5
1076170 1891.4
1076180 1891.4
1076190 1902.5
1076200 1908.7
1076210 1908.7
1076220 1913.1
1076230 1924.4
1076240 1931.4
1076250 1931.4
1076260 1937.8
1076270 1949.2
1076280 1949.2
1076290 1956.9
1076300 1962.3
1076310 1962.3
1076320 1963.6
1076330 1969.3
1076340 1969.3
1076350 1970.4
1076360 1973.7
1076370 1973.7
1076380 1985.4
1076390 1995.9
1076400 1995.9
1076410 2000.5
1076420 2005.0
1076430 2005.0
1076440 2006.9
1076450 2014.1
1076460 2020.8
1076470 2020.8
1076480 2021.6
1076490 2026.3
1076500 2026.3
1076510 2039.5
1076520 2046.9
1076530 2046.9
1076540 2058.5
1076550 2066.1
1076560 2066.1
1076570 2073.4
1076580 2084.1
1076590 2084.1
1076600 2085.0
1076610 2084.8
1076620 2084.8
1076630 2085.4
1076640 2087.3
1076650 2087.3
1076660 2092.1
1076670 2093.9
1076680 2093.9
1076690 2103.9
1076700 2127.6
1076710 2166.2
1076720 2166.2
1076730 2177.8
1076740 2180.4
1076750 2180.4
1076760 2181.1
1076770 2179.8
1076780 2179.8
1076790 2184.6
1076800 2198.4
1076810 2198.4
1076820 2203.7
1076830 2203.0
1076840 2203.0
1076850 2202.6
1076860 2202.0
1076870 2202.0
1076880 2202.0
1076890 2210.7
1076900 2210.7
1076910 2211.0
1076920 2215.3
1076930 2236.8
1076940 2236.8
1076950 2255.0
1076960 2260.2
1076970 2260.2
1076980 2260.3
1076990 2265.5
1077000 2265.5
1077010 2276.7
1077020 2300.4
1077030 2300.4
1077040 2323.1
1077050 2333.9
1077060 2333.9
1077070 2341.7
1077080 2347.3
1077090 2347.3
1077100 2355.3
1077110 2363.7
1077120 2363.7
1077130 2374.0
1077140 2381.3
1077150 2381.3
1077160 2390.5
1077170 2395.8
1077180 2392.8
1077190 2392.8
1077200 2386.6
1077210 2381.7
1077220 2381.7
1077230 2368.0
1077240 2360.0
1077250 2360.0
1077260 2334.4
1077270 2319.7
1077280 2319.7
1077290 2300.7
1077300 2272.7
1077310 2272.7
1077320 2259.3
1077330 2256.2
1077340 2256.2
1077350 2252.6
1077360 2244.2
1077370 2244.2
1077380 2233.3
1077390 2223.2
1077400 2213.8
1077410 2213.8
1077420 2201.6
1077430 2194.3
1077440 2194.3
1077450 2184.1
1077460 2181.2
1077470 2181.2
1077480 2177.2
1077490 2172.3
1077500 2172.3
1077510 2166.5
1077520 2171.1
1077530 2171.1
1077540 2164.1
1077550 2133.4
1077560 2133.4
1077570 2110.9
1077580 2093.8
1077590 2093.8
1077600 2086.8
1077610 2085.7
1077620 2085.7
1077630 2083.7
1077640 2081.1
1077650 2078.6
1077660 2078.6
1077670 2076.1
1077680 2072.2
1077690 2072.2
1077700 2071.0
1077710 2069.5
1077720 2069.5
1077730 2067.8
1077740 2064.9
1077750 2064.9
1077760 2063.1
1077770 2061.3
1077780 2061.3
1077790 2058.7
1077800 2055.2
1077810 2055.2
1077820 2051.5
1077830 2053.7
1077840 2053.7
1077850 2048.2
1077860 2043.5
1077870 2043.6
1077880 2043.6
1077890 2045.9
1077900 2047.0
1077910 2047.0
1077920 2050.0
1077930 2054.9
1077940 2054.9
1077950 2061.2
1077960 2063.9
1077970 2063.9
1077980 2061.9
1077990 2059.2
1078000 2059.2
1078010 2056.9
1078020 2057.0
1078030 2057.0
1078040 2055.4
1078050 2053.8
1078060 2053.8
1078070 2055.4
1078080 2059.3
1078090 2059.3
1078100 2062.2
1078110 2065.2
1078120 2071.7
1078130 2071.7
1078140 2082.3
1078150 2086.0
1078160 2086.0
1078170 2088.1
1078180 2090.6
1078190 2090.6
1078200 2097.0
1078210 2106.1
1078220 2106.1
1078230 2116.5
1078240 2126.0
1078250 2126.0
1078260 2135.3
1078270 2156.3
1078280 2156.3
1078290 2169.2
1078300 2172.3
1078310 2172.3
1078320 2173.8
1078330 2173.6
1078340 2171.2
1078350 2171.2
1078360 2172.1
1078370 2166.3
1078380 2166.3
1078390 2158.4
1078400 2161.6
1078410 2161.6
1078420 2167.1
1078430 2170.8
1078440 2170.8
1078450 2158.3
1078460 2151.0
1078470 2151.0
1078480 2150.5
1078490 2149.2
1078500 2149.2
1078510 2145.7
1078520 2142.3
1078530 2142.3
1078540 2138.1
1078550 2131.4
1078560 2131.4
1078570 2126.0
1078580 2122.5
1078590 2120.8
1078600 2120.8
1078610 2120.5
1078620 2121.7
1078630 2121.7
1078640 2124.0
1078650 2125.8
1078660 2125.8
1078670 2129.3
1078680 2133.9
1078690 2133.9
1078700 2138.6
1078710 2144.0
1078720 2144.0
1078730 2145.3
1078740 2144.1
1078750 2144.1
1078760 2142.8
1078770 2134.5
1078780 2134.5
1078790 2131.0
1078800 2127.5
1078810 2123.8
1078820 2123.8
1078830 2120.7
1078840 2117.1
1078850 2117.1
1078860 2112.4
1078870 2105.3
1078880 2105.3
1078890 2098.8
1078900 2095.6
1078910 2095.6
1078920 2093.6
1078930 2093.9
1078940 2093.9
1078950 2091.2
1078960 2084.8
1078970 2084.8
1078980 2077.9
1078990 2069.1
1079000 2069.1
1079010 2062.9
1079020 2047.8
1079030 2047.8
1079040 2035.5
1079050 2026.8
1079060 2018.9
1079070 2018.9
1079080 2014.9
1079090 2008.3
1079100 2008.3
1079110 1996.2
1079120 1986.0
1079130 1986.0
1079140 1976.1
1079150 1971.2
1079160 1971.2
1079170 1967.3
1079180 1963.5
1079190 1963.5
1079200 1960.1
1079210 1952.4
1079220 1952.4
1079230 1948.9
1079240 1953.0
1079250 1953.0
1079260 1947.8
1079270 1940.5
1079280 1929.5
1079290 1929.5
1079300 1923.0
1079310 1915.6
1079320 1915.6
1079330 1909.1
1079340 1904.1
1079350 1904.1
1079360 1899.7
1079370 1896.0
1079380 1896.0
1079390 1906.0
1079400 1899.9
1079410 1899.9
1079420 1892.3
1079430 1883.1
1079440 1883.1
1079450 1877.1
1079460 1871.7
1079470 1871.7
1079480 1868.2
1079490 1864.2
1079500 1864.2
1079510 1861.8
1079520 1860.2
1079530 1853.5
1079540 1853.5
1079550 1843.6
1079560 1839.0
1079570 1839.0
1079580 1843.2
1079590 1849.3
1079600 1849.3
1079610 1850.2
1079620 1848.4
1079630 1848.4
1079640 1849.1
1079650 1850.8
1079660 1850.8
1079670 1846.4
1079680 1852.5
1079690 1852.5
1079700 1857.0
1079710 1859.4
1079720 1859.4
1079730 1850.7
1079740 1843.5
1079750 1838.2
1079760 1838.2
1079770 1835.0
1079780 1832.4
1079790 1832.4
1079800 1828.4
1079810 1821.9
1079820 1821.9
1079830 1818.5
1079840 1821.2
1079850 1821.2
1079860 1827.3
1079870 1831.7
1079880 1831.7
1079890 1833.6
1079900 1834.1
1079910 1834.1
1079920 1833.9
1079930 1833.2
1079940 1833.2
1079950 1832.7
1079960 1831.2
1079970 1831.2
1079980 1828.0
1079990 1827.9
