1070560 2071.3
1070570 2083.0
1070580 2083.0
1070590 2093.1
1070600 2105.2
1070610 2105.2
1070620 2110.4
1070630 2110.2
1070640 2108.7
1070650 2108.7
1070660 2105.2
1070670 2099.0
1070680 2099.0
1070690 2102.5
1070700 2105.8
1070710 2105.8
1070720 2105.8
1070730 2101.4
1070740 2101.4
1070750 2104.3
1070760 2104.0
1070770 2104.0
1070780 2110.3
1070790 2118.5
1070800 2118.5
1070810 2127.0
1070820 2143.6
1070830 2143.6
1070840 2173.8
1070850 2184.4
1070860 2185.9
1070870 2185.9
1070880 2191.5
1070890 2200.4
1070900 2200.4
1070910 2210.0
1070920 2228.0
1070930 2228.0
1070940 2238.7
1070950 2243.1
1070960 2243.1
1070970 2242.0
1070980 2237.5
1070990 2237.5
1071000 2235.6
1071010 2237.5
1071020 2237.5
1071030 2242.2
1071040 2243.1
1071050 2243.1
1071060 2238.9
1071070 2234.6
1071080 2234.6
1071090 2231.0
1071100 2228.0
1071110 2223.5
1071120 2223.5
1071130 2216.9
1071140 2209.6
1071150 2204.8
1071160 2197.5
1071170 2190.6
1071180 2190.6
1071190 2182.2
1071200 2174.8
1071210 2174.8
1071220 2167.2
1071230 2158.8
1071240 2158.8
1071250 2153.6
1071260 2150.0
1071270 2150.0
1071280 2145.4
1071290 2139.4
1071300 2139.4
1071310 2134.0
1071320 2129.3
1071330 2121.3
1071340 2121.3
1071350 2111.7
1071360 2104.0
1071370 2104.0
1071380 2097.9
1071390 2091.0
1071400 2091.0
1071410 2085.0
1071420 2080.5
1071430 2080.5
1071440 2076.1
1071450 2071.5
1071460 2068.3
1071470 2063.8
1071480 2059.1
1071490 2059.1
1071500 2055.1
1071510 2050.9
1071520 2050.9
1071530 2046.4
1071540 2041.2
1071550 2041.2
1071560 2037.4
1071570 2034.4
1071580 2031.5
1071590 2031.5
1071600 2029.6
1071610 2028.4
1071620 2028.4
1071630 2027.1
1071640 2025.9
1071650 2025.9
1071660 2025.5
1071670 2025.1
1071680 2025.1
1071690 2024.3
1071700 2024.0
1071710 2024.0
1071720 2023.7
1071730 2022.8
1071740 2022.8
1071750 2022.6
1071760 2022.3
1071770 2021.0
1071780 2022.6
1071790 2023.9
1071800 2023.6
1071810 2023.6
1071820 2022.0
1071830 2019.1
1071840 2019.1
1071850 2015.5
1071860 2013.7
1071870 2013.7
1071880 2013.6
1071890 2014.4
1071900 2014.4
1071910 2015.4
1071920 2016.4
1071930 2016.4
1071940 2016.8
1071950 2016.9
1071960 2016.9
1071970 2017.2
1071980 2016.6
1071990 2016.6
1072000 2015.4
1072010 2013.9
1072020 2013.9
1072030 2011.2
1072040 2009.1
1072050 2004.2
1072060 2004.2
1072070 1990.7
1072080 1975.6
1072090 1975.6
1072100 1966.8
1072110 1961.5
1072120 1961.5
1072130 1956.3
1072140 1954.2
1072150 1954.2
1072160 1954.2
1072170 1953.4
1072180 1953.4
1072190 1952.5
1072200 1950.4
1072210 1950.4
1072220 1947.2
1072230 1944.5
1072240 1944.5
1072250 1942.3
1072260 1939.2
1072270 1935.8
1072280 1935.8
1072290 1933.5
1072300 1931.9
1072310 1931.9
1072320 1930.7
1072330 1931.1
1072340 1931.1
1072350 1932.0
1072360 1930.9
1072370 1930.9
1072380 1929.2
1072390 1926.9
1072400 1926.9
1072410 1924.4
1072420 1918.6
1072430 1918.6
1072440 1914.1
1072450 1912.7
1072460 1912.7
1072470 1912.1
1072480 1908.4
1072490 1908.4
1072500 1903.0
1072510 1899.0
1072520 1897.1
1072530 1897.1
1072540 1893.7
1072550 1888.8
1072560 1888.8
1072570 1883.7
1072580 1880.1
1072590 1880.1
1072600 1876.9
1072610 1873.9
1072620 1873.9
1072630 1870.8
1072640 1866.5
1072650 1866.5
1072660 1862.6
1072670 1857.9
1072680 1857.9
1072690 1851.2
1072700 1845.3
1072710 1845.3
1072720 1841.1
1072730 1837.5
1072740 1833.0
1072750 1833.0
1072760 1829.4
1072770 1826.4
1072780 1826.4
1072790 1824.5
1072800 1822.2
1072810 1822.2
1072820 1817.5
1072830 1810.9
1072840 1810.9
1072850 1804.6
1072860 1798.3
1072870 1798.3
1072880 1788.8
1072890 1777.2
1072900 1777.2
1072910 1767.0
1072920 1757.2
1072930 1757.2
1072940 1749.3
1072950 1742.4
1072960 1742.4
1072970 1735.2
1072980 1728.2
1072990 1721.9
1073000 1719.4
1073010 1713.9
1073020 1708.5
1073030 1708.5
1073040 1703.7
1073050 1699.4
1073060 1699.4
1073070 1695.0
1073080 1690.1
1073090 1690.1
1073100 1684.3
1073110 1679.1
1073120 1679.1
1073130 1674.1
1073140 1669.7
1073150 1669.7
1073160 1665.4
1073170 1663.1
1073180 1663.1
1073190 1659.9
1073200 1655.0
1073210 1649.0
1073220 1649.0
1073230 1644.3
1073240 1638.7
1073250 1638.7
1073260 1632.9
1073270 1628.2
1073280 1628.2
1073290 1624.2
1073300 1620.2
1073310 1620.2
1073320 1616.0
1073330 1610.8
1073340 1610.8
1073350 1605.3
1073360 1600.4
1073370 1600.4
1073380 1594.6
1073390 1587.7
1073400 1587.7
1073410 1581.5
1073420 1576.0
1073430 1576.0
1073440 1570.1
1073450 1564.2
1073460 1558.4
1073470 1558.4
1073480 1553.3
1073490 1548.3
1073500 1548.3
1073510 1543.2
1073520 1538.3
1073530 1538.3
1073540 1533.1
1073550 1528.0
1073560 1528.0
1073570 1522.7
1073580 1517.3
1073590 1517.3
1073600 1511.8
1073610 1506.0
1073620 1505.6
1073630 1501.1
1073640 1497.2
1073650 1497.2
1073660 1492.9
1073670 1489.2
1073680 1486.6
1073690 1486.6
1073700 1483.3
1073710 1477.4
1073720 1477.4
1073730 1470.2
1073740 1464.5
1073750 1464.5
1073760 1461.3
1073770 1459.8
1073780 1459.8
1073790 1458.7
1073800 1456.0
1073810 1456.0
1073820 1451.7
1073830 1445.5
1073840 1445.5
1073850 1439.0
1073860 1433.9
1073870 1433.9
1073880 1429.5
1073890 1424.1
1073900 1424.1
1073910 1418.4
1073920 1414.4
1073930 1407.7
1073940 1407.7
1073950 1400.7
1073960 1394.0
1073970 1394.0
1073980 1387.7
1073990 1381.4
1074000 1381.4
1074010 1375.1
1074020 1368.5
1074030 1368.5
1074040 1362.1
1074050 1355.6
1074060 1355.6
1074070 1349.1
1074080 1342.7
1074090 1342.7
1074100 1336.6
1074110 1330.7
1074120 1330.7
1074130 1324.9
1074140 1320.3
1074150 1316.3
1074160 1316.3
1074170 1312.6
1074180 1308.6
1074190 1308.6
1074200 1303.0
1074210 1297.1
1074220 1297.1
1074230 1294.8
1074240 1286.8
1074250 1286.8
1074260 1280.9
1074270 1274.4
1074280 1274.4
1074290 1269.6
1074300 1265.7
1074310 1265.7
1074320 1262.8
1074330 1259.9
1074340 1259.9
1074350 1258.0
1074360 1253.8
1074370 1253.8
1074380 1248.1
1074390 1241.9
1074400 1236.1
1074410 1236.1
1074420 1230.9
1074430 1227.1
1074440 1227.1
1074450 1223.5
1074460 1218.8
1074470 1218.8
1074480 1215.4
1074490 1212.5
1074500 1212.5
1074510 1210.8
1074520 1210.6
1074530 1210.6
1074540 1210.7
1074550 1210.5
1074560 1210.5
1074570 1210.2
1074580 1210.2
1074590 1210.2
1074600 1209.8
1074610 1210.1
1074620 1210.4
1074630 1210.4
1074640 1210.3
1074650 1209.6
1074660 1209.6
1074670 1209.9
1074680 1210.1
1074690 1210.1
1074700 1212.2
1074710 1214.3
1074720 1214.3
1074730 1216.8
1074740 1219.1
1074750 1219.1
1074760 1221.4
1074770 1224.2
1074780 1224.2
1074790 1227.7
1074800 1230.5
1074810 1230.5
1074820 1233.8
1074830 1236.7
1074840 1236.7
1074850 1240.8
1074860 1244.6
1074870 1248.4
1074880 1248.4
1074890 1252.1
1074900 1255.4
1074910 1255.4
1074920 1258.6
1074930 1260.5
1074940 1260.5
1074950 1262.5
1074960 1264.9
1074970 1264.9
1074980 1267.8
1074990 1271.1
1075000 1271.1
1075010 1274.1
1075020 1276.8
1075030 1276.8
1075040 1279.9
1075050 1283.0
1075060 1283.0
1075070 1286.1
1075080 1289.3
1075090 1292.7
1075100 1292.7
1075110 1295.6
1075120 1297.8
1075130 1297.8
1075140 1301.9
1075150 1304.4
1075160 1306.4
1075170 1309.7
1075180 1313.0
1075190 1313.0
1075200 1316.2
1075210 1319.4
1075220 1319.4
1075230 1322.9
1075240 1326.4
1075250 1326.4
1075260 1337.9
1075270 1350.6
1075280 1350.6
1075290 1346.9
1075300 1356.2
1075310 1356.2
1075320 1370.6
1075330 1375.4
1075340 1381.4
1075350 1381.4
1075360 1384.3
1075370 1383.4
1075380 1383.4
1075390 1393.7
1075400 1406.3
1075410 1406.3
1075420 1413.7
1075430 1419.3
1075440 1419.3
1075450 1427.1
1075460 1433.4
1075470 1441.0
1075480 1448.3
1075490 1449.9
1075500 1449.9
1075510 1457.3
1075520 1472.5
1075530 1472.5
1075540 1481.9
1075550 1487.9
1075560 1487.9
1075570 1497.9
1075580 1507.6
1075590 1512.5
1075600 1512.5
1075610 1527.1
1075620 1543.0
1075630 1543.0
1075640 1553.0
1075650 1560.2
1075660 1560.2
1075670 1567.2
1075680 1574.7
1075690 1574.7
1075700 1581.7
1075710 1586.7
1075720 1586.7
1075730 1587.2
1075740 1590.1
1075750 1590.1
1075760 1605.8
1075770 1628.0
1075780 1629.4
1075790 1642.6
1075800 1647.9
1075810 1652.3
1075820 1652.3
1075830 1654.2
1075840 1656.6
1075850 1656.6
1075860 1668.8
1075870 1687.4
1075880 1687.4
1075890 1702.7
1075900 1711.3
1075910 1711.3
1075920 1714.0
1075930 1719.5
1075940 1719.5
1075950 1726.8
1075960 1732.8
1075970 1732.8
1075980 1739.3
1075990 1750.1
1076000 1750.1
1076010 1760.7
1076020 1773.4
1076030 1773.4
1076040 1783.1
1076050 1790.7
1076060 1795.7
1076070 1795.7
1076080 1799.6
1076090 1803.3
1076100 1815.1
1076110 1819.3
1076120 1828.0
1076130 1828.0
1076140 1849.9
1076150 1865.9
1076160 1865.9
1076170 1872.0
1076180 1876.8
1076190 1876.8
1076200 1878.9
1076210 1880.9
1076220 1880.9
1076230 1884.0
1076240 1884.5
1076250 1884.5
1076260 1890.7
1076270 1899.4
1076280 1905.0
1076290 1905.0
1076300 1908.2
1076310 1912.6
1076320 1912.6
1076330 1929.6
1076340 1935.1
1076350 1935.1
1076360 1941.4
1076370 1944.2
1076380 1944.2
1076390 1946.7
1076400 1952.0
1076410 1960.8
1076420 1963.6
1076430 1967.6
1076440 1967.6
1076450 1980.4
1076460 1995.1
1076470 1995.1
1076480 2002.6
1076490 2007.6
1076500 2007.6
1076510 2016.9
1076520 2023.1
1076530 2028.8
1076540 2028.8
1076550 2036.5
1076560 2037.8
1076570 2037.8
1076580 2038.2
1076590 2039.7
1076600 2039.7
1076610 2040.7
1076620 2040.9
1076630 2040.9
1076640 2045.0
1076650 2057.9
1076660 2057.9
1076670 2077.9
1076680 2102.6
1076690 2102.6
1076700 2106.2
1076710 2112.2
1076720 2125.7
1076730 2137.8
1076740 2141.3
1076750 2140.3
1076760 2140.3
1076770 2138.6
1076780 2137.0
1076790 2137.0
1076800 2140.9
1076810 2157.5
1076820 2157.5
1076830 2163.5
1076840 2162.0
1076850 2162.0
1076860 2161.3
1076870 2165.7
1076880 2165.7
1076890 2181.2
1076900 2185.9
1076910 2185.9
1076920 2199.6
1076930 2209.2
1076940 2209.2
1076950 2215.7
1076960 2236.5
1076970 2236.5
1076980 2261.0
1076990 2272.8
1077000 2283.7
1077010 2283.7
1077020 2298.0
1077030 2317.1
1077040 2317.1
1077050 2347.4
1077060 2351.7
1077070 2351.7
1077080 2354.3
1077090 2357.3
1077100 2357.3
1077110 2360.8
1077120 2365.1
1077130 2365.1
1077140 2362.9
1077150 2359.7
1077160 2359.7
1077170 2357.5
1077180 2356.2
1077190 2356.2
1077200 2353.9
1077210 2350.3
1077220 2346.8
1077230 2346.8
1077240 2337.1
1077250 2321.3
1077260 2321.3
1077270 2281.8
1077280 2265.0
1077290 2265.0
1077300 2257.4
1077310 2258.4
1077320 2258.4
1077330 2248.8
1077340 2221.9
1077350 2221.9
1077360 2208.1
1077370 2181.3
1077380 2181.3
1077390 2167.5
1077400 2164.6
1077410 2164.6
1077420 2162.7
1077430 2160.6
1077440 2160.6
1077450 2156.6
1077460 2152.5
1077470 2148.1
1077480 2148.1
1077490 2142.6
1077500 2137.2
1077510 2137.2
1077520 2134.4
1077530 2129.3
1077540 2129.3
1077550 2125.0
1077560 2119.8
1077570 2119.8
1077580 2073.9
1077590 2050.0
1077600 2050.0
1077610 2045.1
1077620 2043.1
1077630 2043.1
1077640 2040.3
1077650 2045.3
1077660 2045.3
1077670 2043.0
1077680 2039.7
1077690 2036.7
1077700 2036.7
1077710 2034.0
1077720 2032.8
1077730 2032.8
1077740 2031.8
1077750 2029.9
1077760 2029.9
1077770 2027.7
1077780 2025.8
1077790 2025.8
1077800 2023.5
1077810 2021.1
1077820 2021.1
1077830 2018.2
1077840 2015.5
1077850 2015.5
1077860 2011.7
1077870 2008.0
1077880 2008.0
1077890 2003.6
1077900 2003.8
1077910 2003.8
1077920 2007.3
1077930 2020.3
1077940 2019.6
1077950 2019.6
1077960 2027.8
1077970 2023.9
1077980 2023.9
1077990 2018.5
1078000 2014.0
1078010 2014.0
1078020 2014.5
1078030 2016.8
1078040 2016.8
1078050 2019.7
1078060 2023.0
1078070 2023.0
1078080 2026.6
1078090 2030.1
1078100 2030.1
1078110 2034.1
1078120 2038.4
1078130 2038.4
1078140 2041.9
1078150 2045.2
1078160 2048.2
1078170 2048.2
1078180 2051.2
1078190 2053.5
1078200 2053.5
1078210 2054.4
1078220 2058.2
1078230 2058.2
1078240 2074.4
1078250 2088.5
1078260 2088.5
1078270 2095.6
1078280 2113.9
1078290 2113.9
1078300 2113.8
1078310 2107.4
1078320 2107.4
1078330 2108.4
1078340 2119.4
1078350 2119.4
1078360 2130.1
1078370 2139.9
1078380 2139.9
1078390 2145.7
1078400 2144.2
1078410 2141.4
1078420 2141.4
1078430 2139.4
1078440 2137.6
1078450 2137.6
1078460 2133.7
1078470 2124.1
1078480 2124.1
1078490 2113.7
1078500 2108.8
1078510 2108.8
1078520 2104.2
1078530 2099.7
1078540 2099.7
1078550 2095.7
1078560 2092.0
1078570 2092.0
1078580 2089.7
1078590 2093.5
1078600 2093.5
1078610 2091.1
1078620 2091.0
1078630 2095.6
1078640 2095.6
1078650 2098.3
1078660 2100.5
1078670 2100.5
1078680 2105.7
1078690 2109.7
1078700 2109.7
1078710 2115.6
1078720 2120.2
1078730 2120.2
1078740 2123.4
1078750 2126.5
1078760 2126.5
1078770 2129.6
1078780 2129.4
1078790 2129.4
1078800 2119.7
1078810 2109.8
1078820 2109.8
1078830 2098.8
1078840 2085.3
1078850 2085.3
1078860 2078.4
1078870 2073.6
1078880 2064.4
1078890 2064.4
1078900 2075.9
1078910 2066.8
1078920 2066.8
1078930 2057.8
1078940 2050.9
1078950 2050.9
1078960 2049.9
1078970 2041.6
1078980 2041.6
1078990 2032.0
1079000 2019.8
1079010 2019.8
1079020 2009.4
1079030 2011.5
1079040 2011.5
1079050 2007.4
1079060 2000.6
1079070 2000.6
1079080 1993.9
1079090 1988.9
1079100 1971.1
1079110 1971.1
1079120 1963.4
1079130 1957.2
1079140 1957.2
1079150 1946.1
1079160 1938.4
1079170 1938.4
1079180 1930.1
1079190 1923.8
1079200 1923.8
1079210 1919.8
1079220 1921.3
1079230 1921.3
1079240 1916.6
1079250 1911.7
1079260 1911.7
1079270 1906.1
1079280 1900.9
1079290 1900.9
1079300 1895.9
1079310 1891.2
1079320 1891.2
1079330 1886.2
1079340 1880.4
1079350 1874.9
1079360 1874.9
1079370 1869.5
1079380 1864.3
1079390 1864.3
1079400 1860.0
1079410 1854.8
1079420 1854.8
1079430 1850.3
1079440 1845.6
1079450 1845.6
1079460 1840.7
1079470 1836.3
1079480 1836.3
1079490 1832.1
1079500 1827.8
1079510 1827.8
1079520 1823.5
1079530 1824.6
1079540 1824.6
1079550 1821.0
1079560 1817.4
1079570 1811.7
1079580 1811.7
1079590 1807.1
1079600 1805.4
1079610 1805.4
1079620 1808.4
1079630 1807.7
1079640 1807.7
1079650 1806.1
1079660 1805.6
1079670 1805.6
1079680 1805.4
1079690 1804.9
1079700 1804.9
1079710 1802.9
1079720 1801.1
1079730 1801.1
1079740 1798.6
1079750 1794.8
1079760 1794.8
1079770 1790.5
1079780 1786.8
1079790 1786.8
1079800 1784.9
1079810 1781.7
1079820 1786.2
1079830 1786.2
1079840 1795.1
1079850 1795.1
1079860 1795.1
1079870 1798.1
1079880 1801.1
1079890 1801.1
1079900 1803.4
1079910 1805.4
1079920 1805.4
1079930 1802.6
1079940 1799.6
1079950 1799.6
1079960 1802.6
1079970 1800.2
1079980 1800.2
1079990 1794.8
