1071310 1865.6
1071320 1870.1
1071330 1870.1
1071340 1875.6
1071350 1880.3
1071360 1880.3
1071370 1885.4
1071380 1891.4
1071390 1896.8
1071400 1896.8
1071410 1902.3
1071420 1908.1
1071430 1908.1
1071440 1914.1
1071450 1919.5
1071460 1919.5
1071470 1925.1
1071480 1931.6
1071490 1931.6
1071500 1938.0
1071510 1943.4
1071520 1943.4
1071530 1949.6
1071540 1956.5
1071550 1956.5
1071560 1964.5
1071570 1978.5
1071580 1978.5
1071590 1991.5
1071600 1997.7
1071610 1998.0
1071620 2003.0
1071630 2005.1
1071640 2011.1
1071650 2011.1
1071660 2017.2
1071670 2026.6
1071680 2026.6
1071690 2044.0
1071700 2055.9
1071710 2055.9
1071720 2064.9
1071730 2073.7
1071740 2073.7
1071750 2081.1
1071760 2087.4
1071770 2087.4
1071780 2098.3
1071790 2108.5
1071800 2108.5
1071810 2117.7
1071820 2125.6
1071830 2125.6
1071840 2133.1
1071850 2139.8
1071860 2139.8
1071870 2146.3
1071880 2150.0
1071890 2149.6
1071900 2149.6
1071910 2150.2
1071920 2136.4
1071930 2136.4
1071940 2131.1
1071950 2126.7
1071960 2126.7
1071970 2117.7
1071980 2113.7
1071990 2113.7
1072000 2105.2
1072010 2096.0
1072020 2096.0
1072030 2089.7
1072040 2083.2
1072050 2083.2
1072060 2076.6
1072070 2069.0
1072080 2069.0
1072090 2059.8
1072100 2049.3
1072110 2042.7
1072120 2042.7
1072130 2041.2
1072140 2036.2
1072150 2036.2
1072160 2029.6
1072170 2022.1
1072180 2022.1
1072190 2016.1
1072200 2010.9
1072210 2010.9
1072220 2004.4
1072230 1993.9
1072240 1993.9
1072250 1986.9
1072260 1980.6
1072270 1980.6
1072280 1973.1
1072290 1965.7
1072300 1965.7
1072310 1958.7
1072320 1951.5
1072330 1951.5
1072340 1944.5
1072350 1937.4
1072360 1931.1
1072370 1931.1
1072380 1924.6
1072390 1918.3
1072400 1918.3
1072410 1912.4
1072420 1905.5
1072430 1905.5
1072440 1899.0
1072450 1893.9
1072460 1893.9
1072470 1889.0
1072480 1883.9
1072490 1883.9
1072500 1878.9
1072510 1874.6
1072520 1874.6
1072530 1870.8
1072540 1866.6
1072550 1866.6
1072560 1863.8
1072570 1860.4
1072580 1856.9
1072590 1856.9
1072600 1853.9
1072610 1851.3
1072620 1851.3
1072630 1849.5
1072640 1848.9
1072650 1848.9
1072660 1848.5
1072670 1847.7
1072680 1847.7
1072690 1846.5
1072700 1844.5
1072710 1844.5
1072720 1842.0
1072730 1839.5
1072740 1839.5
1072750 1837.0
1072760 1835.2
1072770 1835.2
1072780 1835.2
1072790 1834.5
1072800 1834.5
1072810 1831.0
1072820 1826.0
1072830 1820.9
1072840 1820.9
1072850 1820.0
1072860 1815.9
1072870 1815.9
1072880 1811.5
1072890 1806.9
1072900 1806.9
1072910 1803.8
1072920 1799.1
1072930 1799.1
1072940 1793.9
1072950 1789.4
1072960 1789.4
1072970 1785.3
1072980 1781.2
1072990 1781.2
1073000 1776.9
1073010 1772.4
1073020 1772.4
1073030 1767.4
1073040 1762.1
1073050 1762.1
1073060 1758.1
1073070 1754.0
1073080 1750.4
1073090 1750.4
1073100 1747.1
1073110 1744.1
1073120 1744.1
1073130 1740.7
1073140 1736.6
1073150 1736.6
1073160 1734.2
1073170 1730.9
1073180 1730.9
1073190 1728.5
1073200 1725.7
1073210 1725.7
1073220 1722.5
1073230 1719.3
1073240 1719.3
1073250 1716.1
1073260 1713.3
1073270 1713.3
1073280 1710.2
1073290 1705.5
1073300 1700.6
1073310 1700.6
1073320 1696.9
1073330 1693.6
1073340 1693.6
1073350 1690.3
1073360 1687.2
1073370 1687.2
1073380 1683.7
1073390 1680.0
1073400 1680.0
1073410 1675.4
1073420 1670.9
1073430 1670.9
1073440 1666.7
1073450 1662.7
1073460 1664.4
1073470 1661.3
1073480 1657.8
1073490 1657.8
1073500 1653.9
1073510 1648.6
1073520 1648.6
1073530 1644.8
1073540 1642.8
1073550 1641.8
1073560 1641.8
1073570 1639.3
1073580 1637.1
1073590 1637.1
1073600 1634.6
1073610 1631.3
1073620 1631.3
1073630 1627.1
1073640 1622.7
1073650 1622.7
1073660 1618.0
1073670 1614.0
1073680 1614.0
1073690 1610.1
1073700 1606.9
1073710 1606.9
1073720 1604.1
1073730 1602.4
1073740 1602.4
1073750 1601.4
1073760 1599.6
1073770 1587.7
1073780 1587.7
1073790 1585.4
1073800 1582.7
1073810 1582.7
1073820 1581.5
1073830 1578.7
1073840 1578.7
1073850 1573.5
1073860 1568.4
1073870 1568.4
1073880 1562.8
1073890 1558.3
1073900 1558.3
1073910 1554.0
1073920 1549.4
1073930 1549.4
1073940 1545.5
1073950 1541.8
1073960 1541.8
1073970 1537.6
1073980 1534.0
1073990 1534.0
1074000 1528.7
1074010 1520.8
1074020 1513.9
1074030 1513.9
1074040 1507.2
1074050 1502.3
1074060 1502.3
1074070 1497.1
1074080 1490.9
1074090 1490.9
1074100 1488.0
1074110 1484.6
1074120 1484.6
1074130 1480.0
1074140 1473.5
1074150 1473.5
1074160 1469.3
1074170 1465.1
1074180 1465.1
1074190 1458.4
1074200 1453.1
1074210 1453.1
1074220 1447.3
1074230 1441.2
1074240 1441.2
1074250 1437.0
1074260 1432.2
1074270 1426.7
1074280 1426.7
1074290 1420.7
1074300 1416.5
1074310 1416.5
1074320 1412.1
1074330 1405.2
1074340 1405.2
1074350 1399.8
1074360 1395.5
1074370 1395.5
1074380 1391.9
1074390 1387.2
1074400 1387.2
1074410 1383.4
1074420 1378.6
1074430 1378.6
1074440 1373.4
1074450 1369.1
1074460 1369.1
1074470 1366.0
1074480 1363.0
1074490 1359.5
1074500 1359.5
1074510 1355.5
1074520 1351.8
1074530 1351.8
1074540 1346.8
1074550 1342.6
1074560 1342.6
1074570 1338.6
1074580 1333.0
1074590 1333.0
1074600 1328.2
1074610 1323.8
1074620 1323.8
1074630 1319.3
1074640 1315.0
1074650 1315.0
1074660 1309.7
1074670 1304.0
1074680 1304.0
1074690 1300.1
1074700 1295.5
1074710 1295.5
1074720 1290.6
1074730 1287.1
1074740 1283.2
1074750 1283.2
1074760 1278.0
1074770 1273.5
1074780 1273.5
1074790 1269.4
1074800 1265.3
1074810 1265.3
1074820 1260.7
1074830 1255.8
1074840 1255.8
1074850 1251.1
1074860 1246.2
1074870 1246.2
1074880 1241.2
1074890 1235.9
1074900 1235.9
1074910 1230.4
1074920 1224.1
1074930 1224.1
1074940 1216.1
1074950 1207.8
1074960 1199.5
1074970 1199.5
1074980 1191.5
1074990 1184.3
1075000 1184.3
1075010 1174.0
1075020 1171.2
1075030 1171.2
1075040 1171.1
1075050 1170.6
1075060 1170.6
1075070 1170.3
1075080 1169.4
1075090 1169.4
1075100 1168.9
1075110 1169.9
1075120 1169.9
1075130 1172.1
1075140 1176.8
1075150 1176.8
1075160 1184.1
1075170 1191.2
1075180 1191.2
1075190 1195.1
1075200 1196.4
1075210 1198.0
1075220 1198.0
1075230 1201.1
1075240 1203.9
1075250 1203.9
1075260 1204.1
1075270 1205.5
1075280 1205.5
1075290 1207.8
1075300 1211.3
1075310 1211.3
1075320 1217.2
1075330 1220.8
1075340 1220.8
1075350 1223.7
1075360 1227.0
1075370 1227.0
1075380 1230.7
1075390 1234.8
1075400 1234.8
1075410 1238.2
1075420 1242.6
1075430 1242.6
1075440 1247.4
1075450 1252.6
1075460 1257.9
1075470 1257.9
1075480 1263.6
1075490 1269.7
1075500 1269.7
1075510 1275.6
1075520 1281.9
1075530 1281.9
1075540 1287.9
1075550 1294.2
1075560 1294.2
1075570 1300.2
1075580 1306.6
1075590 1306.6
1075600 1313.0
1075610 1319.5
1075620 1319.5
1075630 1326.6
1075640 1333.2
1075650 1333.2
1075660 1339.7
1075670 1346.8
1075680 1354.6
1075690 1354.6
1075700 1363.6
1075710 1373.6
1075720 1373.6
1075730 1383.7
1075740 1390.5
1075750 1390.5
1075760 1399.1
1075770 1407.8
1075780 1407.8
1075790 1416.3
1075800 1426.5
1075810 1426.5
1075820 1436.0
1075830 1444.4
1075840 1444.4
1075850 1453.8
1075860 1461.8
1075870 1461.8
1075880 1468.7
1075890 1475.4
1075900 1475.4
1075910 1482.3
1075920 1489.0
1075930 1495.6
1075940 1496.7
1075950 1503.9
1075960 1510.9
1075970 1510.9
1075980 1518.0
1075990 1526.4
1076000 1526.4
1076010 1535.4
1076020 1544.3
1076030 1544.3
1076040 1552.2
1076050 1561.4
1076060 1561.4
1076070 1571.1
1076080 1583.2
1076090 1583.2
1076100 1592.6
1076110 1601.6
1076120 1601.6
1076130 1610.1
1076140 1622.5
1076150 1629.6
1076160 1629.6
1076170 1638.5
1076180 1651.0
1076190 1651.0
1076200 1659.9
1076210 1664.6
1076220 1664.6
1076230 1672.9
1076240 1682.2
1076250 1686.3
1076260 1695.1
1076270 1702.8
1076280 1702.8
1076290 1710.3
1076300 1719.6
1076310 1719.6
1076320 1727.5
1076330 1732.2
1076340 1732.2
1076350 1737.5
1076360 1744.9
1076370 1744.9
1076380 1757.1
1076390 1764.9
1076400 1770.2
1076410 1770.2
1076420 1772.6
1076430 1777.4
1076440 1777.4
1076450 1784.7
1076460 1792.8
1076470 1792.8
1076480 1801.4
1076490 1813.1
1076500 1813.1
1076510 1819.3
1076520 1825.2
1076530 1825.2
1076540 1831.6
1076550 1839.3
1076560 1839.3
1076570 1846.3
1076580 1853.9
1076590 1853.9
1076600 1861.1
1076610 1868.9
1076620 1868.9
1076630 1876.8
1076640 1883.1
1076650 1890.9
1076660 1890.9
1076670 1899.6
1076680 1906.7
1076690 1906.7
1076700 1915.9
1076710 1924.3
1076720 1924.3
1076730 1930.6
1076740 1938.5
1076750 1938.5
1076760 1945.4
1076770 1953.2
1076780 1953.2
1076790 1960.6
1076800 1966.1
1076810 1966.1
1076820 1972.9
1076830 1980.6
1076840 1980.6
1076850 1988.3
1076860 1994.9
1076870 2002.5
1076880 2004.6
1076890 2011.5
1076900 2018.4
1076910 2018.4
1076920 2027.5
1076930 2040.0
1076940 2040.0
1076950 2047.3
1076960 2048.7
1076970 2048.7
1076980 2046.8
1076990 2048.4
1077000 2048.4
1077010 2053.1
1077020 2055.2
1077030 2055.2
1077040 2057.9
1077050 2061.9
1077060 2061.9
1077070 2056.0
1077080 2037.0
1077090 2037.0
1077100 2021.9
1077110 2017.8
1077120 1998.5
1077130 1998.5
1077140 1989.1
1077150 1981.2
1077160 1981.2
1077170 1976.9
1077180 1964.3
1077190 1971.9
1077200 1965.2
1077210 1950.9
1077220 1950.9
1077230 1943.8
1077240 1922.8
1077250 1922.8
1077260 1898.5
1077270 1882.7
1077280 1882.7
1077290 1878.8
1077300 1878.0
1077310 1878.0
1077320 1877.4
1077330 1878.5
1077340 1880.7
1077350 1880.7
1077360 1879.1
1077370 1866.5
1077380 1866.5
1077390 1851.6
1077400 1836.0
1077410 1836.0
1077420 1830.7
1077430 1803.8
1077440 1803.8
1077450 1781.5
1077460 1776.9
1077470 1776.9
1077480 1771.7
1077490 1766.2
1077500 1770.3
1077510 1764.4
1077520 1758.2
1077530 1758.2
1077540 1752.2
1077550 1747.1
1077560 1747.1
1077570 1741.8
1077580 1736.6
1077590 1731.8
1077600 1731.8
1077610 1727.3
1077620 1723.2
1077630 1723.2
1077640 1720.3
1077650 1716.4
1077660 1716.4
1077670 1713.5
1077680 1709.3
1077690 1709.3
1077700 1706.2
1077710 1702.7
1077720 1702.7
1077730 1699.2
1077740 1695.5
1077750 1695.5
1077760 1692.4
1077770 1689.4
1077780 1689.4
1077790 1686.0
1077800 1682.3
1077810 1685.5
1077820 1681.4
1077830 1677.8
1077840 1673.9
1077850 1673.9
1077860 1670.0
1077870 1666.4
1077880 1666.4
1077890 1663.2
1077900 1659.8
1077910 1659.8
1077920 1657.4
1077930 1656.9
1077940 1656.9
1077950 1657.6
1077960 1657.1
1077970 1657.1
1077980 1656.7
1077990 1658.5
1078000 1658.5
1078010 1661.0
1078020 1664.4
1078030 1664.4
1078040 1666.7
1078050 1670.7
1078060 1675.9
1078070 1675.9
1078080 1680.1
1078090 1684.5
1078100 1684.5
1078110 1689.0
1078120 1693.9
1078130 1695.8
1078140 1700.8
1078150 1705.6
1078160 1705.6
1078170 1710.3
1078180 1715.3
1078190 1715.3
1078200 1720.2
1078210 1724.9
1078220 1724.9
1078230 1729.4
1078240 1733.0
1078250 1733.0
1078260 1737.9
1078270 1743.1
1078280 1743.1
1078290 1747.0
1078300 1751.9
1078310 1756.2
1078320 1756.2
1078330 1761.0
1078340 1766.9
1078350 1766.9
1078360 1774.9
1078370 1782.1
1078380 1782.1
1078390 1788.3
1078400 1795.8
1078410 1795.8
1078420 1803.1
1078430 1809.5
1078440 1810.9
1078450 1819.0
1078460 1827.8
1078470 1827.8
1078480 1834.8
1078490 1842.2
1078500 1842.2
1078510 1849.8
1078520 1857.1
1078530 1864.4
1078540 1864.4
1078550 1871.5
1078560 1879.1
1078570 1879.1
1078580 1886.0
1078590 1893.4
1078600 1893.4
1078610 1901.8
1078620 1904.2
1078630 1904.2
1078640 1899.7
1078650 1901.8
1078660 1901.8
1078670 1906.1
1078680 1910.7
1078690 1910.7
1078700 1915.5
1078710 1920.6
1078720 1920.6
1078730 1926.5
1078740 1932.2
1078750 1936.2
1078760 1941.6
1078770 1946.4
1078780 1951.5
1078790 1951.5
1078800 1956.4
1078810 1961.1
1078820 1961.1
1078830 1965.2
1078840 1968.6
1078850 1968.6
1078860 1971.7
1078870 1974.9
1078880 1974.9
1078890 1977.5
1078900 1979.6
1078910 1979.6
1078920 1982.7
1078930 1987.5
1078940 1987.5
1078950 1992.7
1078960 1998.7
1078970 1998.7
1078980 2003.6
1078990 2007.2
1079000 2011.7
1079010 2011.7
1079020 2014.8
1079030 2017.4
1079040 2017.4
1079050 2023.1
1079060 2027.4
1079070 2027.4
1079080 2036.5
1079090 2053.3
1079100 2053.3
1079110 2066.7
1079120 2067.4
1079130 2067.4
1079140 2052.4
1079150 2038.0
1079160 2038.0
1079170 2033.7
1079180 2027.6
1079190 2027.6
1079200 2022.3
1079210 2020.2
1079220 2020.2
1079230 2019.2
1079240 2016.6
1079250 2012.9
1079260 2012.9
1079270 2010.9
1079280 2006.7
1079290 2006.7
1079300 2003.4
1079310 2001.8
1079320 2001.8
1079330 2002.8
1079340 2002.6
1079350 2002.6
1079360 2001.6
1079370 2002.1
1079380 2009.3
1079390 2010.0
1079400 2009.7
1079410 2009.7
1079420 1995.8
1079430 1982.5
1079440 1982.5
1079450 1981.3
1079460 1982.1
1079470 1982.1
1079480 1983.2
1079490 1982.8
1079500 1980.1
1079510 1980.1
1079520 1978.9
1079530 1977.6
1079540 1977.6
1079550 1975.0
1079560 1972.2
1079570 1972.2
1079580 1972.6
1079590 1973.2
1079600 1973.2
1079610 1972.9
1079620 1972.8
1079630 1972.8
1079640 1972.7
1079650 1972.6
1079660 1972.6
1079670 1972.7
1079680 1973.9
1079690 1980.3
1079700 1980.4
1079710 1975.2
1079720 1975.2
1079730 1975.2
1079740 1970.5
1079750 1964.6
1079760 1964.6
1079770 1963.5
1079780 1963.7
1079790 1963.7
1079800 1962.6
1079810 1961.8
1079820 1961.8
1079830 1959.9
1079840 1957.8
1079850 1957.8
1079860 1957.0
1079870 1957.4
1079880 1957.4
1079890 1958.2
1079900 1960.2
1079910 1960.2
1079920 1964.4
1079930 1970.5
1079940 1970.5
1079950 1976.5
1079960 1982.6
1079970 1988.9
1079980 1988.9
1079990 1993.8
