1071030 1918.7
1071040 1918.7
1071050 1928.1
1071060 1936.9
1071070 1936.9
1071080 1940.3
1071090 1937.6
1071100 1937.6
1071110 1929.2
1071120 1941.8
1071130 1950.7
1071140 1950.7
1071150 1951.4
1071160 1949.0
1071170 1949.0
1071180 1956.3
1071190 1974.5
1071200 1974.5
1071210 1977.4
1071220 1978.1
1071230 1978.1
1071240 1988.0
1071250 1993.6
1071260 2004.4
1071270 2019.7
1071280 2032.2
1071290 2032.2
1071300 2037.8
1071310 2037.4
1071320 2037.4
1071330 2035.6
1071340 2037.8
1071350 2037.8
1071360 2034.8
1071370 2044.7
1071380 2049.4
1071390 2049.4
1071400 2046.6
1071410 2050.3
1071420 2050.3
1071430 2061.2
1071440 2076.8
1071450 2076.8
1071460 2091.1
1071470 2101.7
1071480 2101.7
1071490 2114.1
1071500 2120.8
1071510 2120.8
1071520 2120.6
1071530 2114.3
1071540 2114.3
1071550 2108.6
1071560 2105.1
1071570 2099.0
1071580 2093.2
1071590 2084.6
1071600 2076.4
1071610 2076.4
1071620 2069.2
1071630 2063.1
1071640 2063.1
1071650 2057.4
1071660 2050.9
1071670 2050.9
1071680 2045.0
1071690 2039.4
1071700 2039.4
1071710 2033.8
1071720 2028.1
1071730 2028.1
1071740 2021.5
1071750 2013.8
1071760 2013.8
1071770 2006.9
1071780 2001.5
1071790 2001.5
1071800 1998.0
1071810 1995.4
1071820 1995.4
1071830 1994.1
1071840 1990.2
1071850 1983.1
1071860 1983.1
1071870 1977.2
1071880 1967.8
1071890 1967.8
1071900 1963.3
1071910 1960.2
1071920 1960.2
1071930 1956.7
1071940 1952.9
1071950 1952.9
1071960 1949.0
1071970 1944.9
1071980 1944.9
1071990 1943.4
1072000 1942.1
1072010 1942.1
1072020 1941.2
1072030 1940.3
1072040 1940.3
1072050 1938.8
1072060 1936.0
1072070 1936.0
1072080 1934.0
1072090 1932.2
1072100 1930.4
1072110 1930.4
1072120 1931.4
1072130 1932.9
1072140 1932.9
1072150 1931.4
1072160 1933.0
1072170 1933.0
1072180 1933.5
1072190 1936.7
1072200 1936.7
1072210 1939.0
1072220 1938.6
1072230 1938.6
1072240 1938.4
1072250 1938.0
1072260 1938.0
1072270 1940.3
1072280 1940.5
1072290 1940.5
1072300 1938.9
1072310 1934.1
1072320 1926.8
1072330 1926.8
1072340 1920.4
1072350 1914.2
1072360 1914.2
1072370 1909.6
1072380 1904.1
1072390 1904.1
1072400 1900.2
1072410 1897.5
1072420 1897.5
1072430 1895.0
1072440 1893.2
1072450 1893.2
1072460 1892.5
1072470 1891.8
1072480 1891.8
1072490 1890.5
1072500 1888.5
1072510 1888.5
1072520 1888.0
1072530 1887.4
1072540 1887.4
1072550 1886.9
1072560 1885.9
1072570 1883.8
1072580 1883.8
1072590 1880.3
1072600 1877.0
1072610 1877.0
1072620 1874.0
1072630 1870.4
1072640 1870.4
1072650 1866.2
1072660 1861.1
1072670 1861.1
1072680 1856.3
1072690 1852.2
1072700 1852.2
1072710 1848.9
1072720 1846.3
1072730 1846.3
1072740 1843.3
1072750 1841.2
1072760 1841.2
1072770 1839.8
1072780 1837.3
1072790 1835.0
1072800 1838.0
1072810 1834.9
1072820 1834.8
1072830 1834.8
1072840 1836.9
1072850 1838.4
1072860 1838.4
1072870 1840.4
1072880 1842.1
1072890 1842.1
1072900 1844.1
1072910 1844.2
1072920 1844.2
1072930 1839.7
1072940 1835.1
1072950 1835.1
1072960 1830.8
1072970 1826.0
1072980 1826.0
1072990 1821.0
1073000 1817.2
1073010 1817.2
1073020 1814.1
1073030 1812.5
1073040 1811.9
1073050 1811.9
1073060 1807.2
1073070 1800.6
1073080 1800.6
1073090 1796.3
1073100 1791.7
1073110 1798.4
1073120 1795.5
1073130 1792.8
1073140 1792.8
1073150 1790.5
1073160 1788.5
1073170 1788.5
1073180 1786.4
1073190 1785.2
1073200 1785.2
1073210 1783.7
1073220 1782.4
1073230 1782.4
1073240 1779.8
1073250 1776.2
1073260 1776.2
1073270 1772.8
1073280 1769.3
1073290 1766.6
1073300 1766.6
1073310 1756.7
1073320 1747.8
1073330 1747.8
1073340 1743.8
1073350 1738.5
1073360 1738.5
1073370 1733.2
1073380 1728.9
1073390 1728.9
1073400 1724.6
1073410 1720.1
1073420 1725.7
1073430 1722.2
1073440 1718.2
1073450 1718.2
1073460 1713.9
1073470 1710.0
1073480 1710.0
1073490 1706.7
1073500 1704.9
1073510 1702.6
1073520 1702.6
1073530 1700.0
1073540 1699.3
1073550 1699.3
1073560 1698.5
1073570 1696.4
1073580 1696.4
1073590 1693.6
1073600 1690.7
1073610 1690.7
1073620 1688.6
1073630 1687.3
1073640 1687.3
1073650 1686.4
1073660 1685.0
1073670 1685.0
1073680 1684.9
1073690 1683.8
1073700 1683.8
1073710 1682.5
1073720 1683.9
1073730 1688.7
1073740 1683.1
1073750 1677.2
1073760 1671.5
1073770 1671.5
1073780 1666.4
1073790 1661.2
1073800 1661.2
1073810 1656.3
1073820 1651.4
1073830 1651.4
1073840 1646.3
1073850 1640.7
1073860 1640.7
1073870 1635.1
1073880 1629.7
1073890 1629.7
1073900 1624.2
1073910 1618.4
1073920 1618.4
1073930 1612.4
1073940 1606.9
1073950 1606.9
1073960 1600.9
1073970 1594.4
1073980 1586.9
1073990 1586.9
1074000 1578.1
1074010 1569.8
1074020 1569.8
1074030 1559.5
1074040 1541.0
1074050 1541.0
1074060 1527.4
1074070 1518.5
1074080 1518.5
1074090 1508.3
1074100 1498.4
1074110 1498.4
1074120 1492.5
1074130 1490.8
1074140 1490.8
1074150 1482.9
1074160 1468.2
1074170 1468.2
1074180 1455.9
1074190 1444.4
1074200 1444.4
1074210 1433.5
1074220 1423.3
1074230 1413.8
1074240 1413.8
1074250 1404.7
1074260 1396.5
1074270 1396.5
1074280 1387.8
1074290 1379.4
1074300 1379.4
1074310 1371.6
1074320 1364.7
1074330 1364.7
1074340 1358.0
1074350 1349.1
1074360 1349.1
1074370 1342.9
1074380 1336.9
1074390 1336.9
1074400 1330.9
1074410 1324.5
1074420 1324.5
1074430 1318.1
1074440 1311.7
1074450 1306.2
1074460 1306.2
1074470 1300.3
1074480 1294.6
1074490 1294.6
1074500 1288.9
1074510 1283.5
1074520 1283.5
1074530 1278.7
1074540 1273.4
1074550 1273.4
1074560 1268.6
1074570 1263.8
1074580 1263.8
1074590 1258.8
1074600 1254.3
1074610 1254.3
1074620 1249.5
1074630 1244.7
1074640 1244.7
1074650 1240.3
1074660 1235.9
1074670 1235.9
1074680 1231.5
1074690 1227.5
1074700 1223.8
1074710 1223.8
1074720 1220.4
1074730 1216.9
1074740 1216.9
1074750 1213.2
1074760 1210.4
1074770 1210.4
1074780 1208.1
1074790 1204.9
1074800 1204.9
1074810 1202.1
1074820 1197.3
1074830 1197.3
1074840 1192.6
1074850 1189.2
1074860 1189.2
1074870 1187.6
1074880 1186.1
1074890 1186.1
1074900 1184.3
1074910 1183.2
1074920 1183.2
1074930 1182.0
1074940 1180.4
1074950 1179.5
1074960 1179.5
1074970 1180.4
1074980 1183.2
1074990 1183.2
1075000 1188.8
1075010 1192.2
1075020 1192.2
1075030 1194.7
1075040 1197.0
1075050 1197.0
1075060 1200.6
1075070 1203.9
1075080 1203.9
1075090 1207.1
1075100 1210.6
1075110 1210.6
1075120 1214.0
1075130 1217.5
1075140 1217.5
1075150 1220.0
1075160 1222.7
1075170 1226.0
1075180 1226.0
1075190 1229.0
1075200 1232.3
1075210 1232.3
1075220 1235.3
1075230 1238.3
1075240 1238.3
1075250 1242.4
1075260 1246.0
1075270 1246.0
1075280 1250.1
1075290 1253.5
1075300 1253.5
1075310 1256.9
1075320 1260.3
1075330 1260.3
1075340 1263.7
1075350 1266.7
1075360 1266.7
1075370 1270.7
1075380 1275.0
1075390 1275.0
1075400 1279.5
1075410 1283.1
1075420 1287.7
1075430 1287.7
1075440 1292.1
1075450 1296.4
1075460 1296.4
1075470 1301.2
1075480 1305.9
1075490 1305.9
1075500 1310.8
1075510 1315.6
1075520 1315.6
1075530 1319.4
1075540 1323.6
1075550 1323.6
1075560 1327.6
1075570 1332.4
1075580 1332.4
1075590 1338.3
1075600 1343.7
1075610 1343.7
1075620 1349.5
1075630 1355.6
1075640 1361.5
1075650 1361.5
1075660 1367.3
1075670 1372.6
1075680 1372.6
1075690 1378.9
1075700 1387.4
1075710 1387.4
1075720 1395.6
1075730 1402.7
1075740 1402.7
1075750 1409.8
1075760 1416.3
1075770 1416.3
1075780 1421.7
1075790 1427.7
1075800 1427.7
1075810 1433.3
1075820 1439.2
1075830 1439.2
1075840 1445.1
1075850 1448.4
1075860 1448.4
1075870 1451.9
1075880 1453.7
1075890 1457.8
1075900 1467.6
1075910 1476.7
1075920 1483.8
1075930 1483.8
1075940 1491.3
1075950 1499.2
1075960 1499.2
1075970 1506.0
1075980 1510.5
1075990 1510.5
1076000 1515.5
1076010 1522.8
1076020 1522.8
1076030 1532.8
1076040 1548.6
1076050 1548.6
1076060 1561.9
1076070 1568.7
1076080 1568.7
1076090 1575.1
1076100 1583.0
1076110 1583.0
1076120 1593.4
1076130 1600.1
1076140 1607.7
1076150 1607.7
1076160 1615.7
1076170 1615.2
1076180 1615.2
1076190 1614.6
1076200 1620.2
1076210 1622.4
1076220 1631.7
1076230 1641.3
1076240 1641.3
1076250 1649.5
1076260 1654.4
1076270 1654.4
1076280 1660.3
1076290 1665.7
1076300 1665.7
1076310 1669.0
1076320 1672.5
1076330 1672.5
1076340 1679.2
1076350 1686.4
1076360 1694.9
1076370 1694.9
1076380 1702.5
1076390 1709.9
1076400 1709.9
1076410 1720.4
1076420 1729.0
1076430 1729.0
1076440 1744.9
1076450 1757.1
1076460 1757.1
1076470 1764.4
1076480 1772.7
1076490 1772.7
1076500 1780.7
1076510 1788.7
1076520 1786.4
1076530 1794.6
1076540 1801.9
1076550 1801.9
1076560 1809.3
1076570 1816.8
1076580 1816.8
1076590 1825.2
1076600 1832.0
1076610 1838.7
1076620 1838.7
1076630 1847.6
1076640 1855.2
1076650 1855.2
1076660 1863.3
1076670 1872.2
1076680 1872.2
1076690 1879.4
1076700 1886.7
1076710 1886.7
1076720 1893.3
1076730 1900.7
1076740 1900.7
1076750 1909.2
1076760 1921.0
1076770 1921.0
1076780 1931.1
1076790 1938.8
1076800 1938.8
1076810 1942.2
1076820 1947.9
1076830 1949.8
1076840 1949.8
1076850 1956.6
1076860 1963.1
1076870 1963.1
1076880 1969.4
1076890 1977.7
1076900 1977.7
1076910 1984.9
1076920 1992.9
1076930 1992.9
1076940 2001.0
1076950 2009.1
1076960 2009.1
1076970 2018.3
1076980 2032.7
1076990 2032.7
1077000 2048.4
1077010 2058.3
1077020 2058.3
1077030 2067.5
1077040 2072.8
1077050 2072.8
1077060 2081.2
1077070 2089.7
1077080 2086.8
1077090 2086.8
1077100 2066.3
1077110 2048.0
1077120 2048.0
1077130 2029.2
1077140 2022.5
1077150 2022.5
1077160 2015.2
1077170 2010.3
1077180 2010.3
1077190 2001.5
1077200 1995.2
1077210 1995.2
1077220 1992.3
1077230 1987.2
1077240 1987.2
1077250 1979.2
1077260 1971.9
1077270 1971.9
1077280 1961.2
1077290 1952.1
1077300 1944.5
1077310 1944.5
1077320 1939.3
1077330 1934.4
1077340 1934.4
1077350 1928.2
1077360 1922.6
1077370 1922.6
1077380 1920.4
1077390 1922.0
1077400 1922.0
1077410 1924.3
1077420 1921.0
1077430 1921.0
1077440 1924.2
1077450 1914.5
1077460 1928.2
1077470 1911.5
1077480 1897.6
1077490 1897.6
1077500 1891.5
1077510 1887.4
1077520 1887.4
1077530 1884.1
1077540 1868.9
1077550 1855.7
1077560 1855.7
1077570 1845.7
1077580 1842.4
1077590 1842.4
1077600 1832.2
1077610 1812.1
1077620 1812.1
1077630 1810.3
1077640 1798.8
1077650 1798.8
1077660 1787.4
1077670 1783.2
1077680 1783.2
1077690 1775.8
1077700 1758.4
1077710 1758.4
1077720 1750.2
1077730 1743.9
1077740 1743.9
1077750 1737.3
1077760 1730.4
1077770 1728.5
1077780 1721.7
1077790 1715.4
1077800 1708.5
1077810 1708.5
1077820 1701.5
1077830 1694.8
1077840 1694.8
1077850 1688.8
1077860 1683.2
1077870 1683.2
1077880 1678.4
1077890 1675.7
1077900 1675.7
1077910 1676.8
1077920 1679.3
1077930 1679.3
1077940 1680.4
1077950 1680.5
1077960 1680.5
1077970 1680.5
1077980 1680.6
1077990 1680.6
1078000 1681.3
1078010 1683.1
1078020 1685.6
1078030 1685.6
1078040 1686.6
1078050 1688.1
1078060 1688.1
1078070 1689.8
1078080 1691.7
1078090 1691.7
1078100 1694.4
1078110 1696.1
1078120 1696.1
1078130 1697.8
1078140 1699.5
1078150 1699.5
1078160 1701.2
1078170 1702.5
1078180 1702.5
1078190 1706.9
1078200 1712.7
1078210 1712.7
1078220 1719.2
1078230 1726.3
1078240 1726.3
1078250 1733.7
1078260 1740.8
1078270 1747.8
1078280 1747.8
1078290 1754.6
1078300 1761.3
1078310 1761.3
1078320 1767.5
1078330 1772.2
1078340 1772.2
1078350 1791.3
1078360 1820.8
1078370 1820.8
1078380 1831.4
1078390 1842.7
1078400 1842.7
1078410 1855.4
1078420 1865.2
1078430 1865.2
1078440 1887.7
1078450 1907.6
1078460 1907.6
1078470 1913.7
1078480 1923.2
1078490 1944.5
1078500 1944.5
1078510 1994.5
1078520 2004.0
1078530 2004.0
1078540 2008.6
1078550 2012.6
1078560 2012.6
1078570 2015.4
1078580 2018.9
1078590 2018.9
1078600 2020.5
1078610 2024.3
1078620 2024.3
1078630 2033.4
1078640 2037.4
1078650 2037.4
1078660 2029.3
1078670 2023.1
1078680 2023.1
1078690 2017.7
1078700 2021.5
1078710 2031.1
1078720 2051.0
1078730 2052.2
1078740 2049.5
1078750 2049.5
1078760 2060.9
1078770 2090.8
1078780 2090.8
1078790 2100.2
1078800 2113.3
1078810 2113.3
1078820 2115.5
1078830 2121.4
1078840 2121.4
1078850 2143.7
1078860 2153.8
1078870 2153.8
1078880 2155.2
1078890 2157.0
1078900 2157.0
1078910 2163.9
1078920 2175.5
1078930 2175.5
1078940 2191.9
1078950 2201.1
1078960 2206.3
1078970 2206.3
1078980 2207.5
1078990 2204.6
1079000 2204.6
1079010 2197.8
1079020 2199.9
1079030 2199.9
1079040 2196.4
1079050 2195.1
1079060 2195.1
1079070 2196.3
1079080 2195.8
1079090 2195.8
1079100 2193.2
1079110 2183.2
1079120 2183.2
1079130 2165.6
1079140 2164.3
1079150 2164.3
1079160 2163.3
1079170 2161.9
1079180 2161.9
1079190 2160.0
1079200 2160.2
1079210 2162.8
1079220 2162.8
1079230 2166.8
1079240 2171.9
1079250 2171.9
1079260 2177.8
1079270 2183.9
1079280 2183.9
1079290 2189.8
1079300 2195.4
1079310 2195.4
1079320 2200.5
1079330 2210.9
1079340 2210.9
1079350 2216.8
1079360 2221.8
1079370 2221.8
1079380 2221.3
1079390 2215.7
1079400 2215.7
1079410 2215.3
1079420 2217.3
1079430 2217.3
1079440 2222.6
1079450 2231.7
1079460 2235.1
1079470 2235.1
1079480 2222.3
1079490 2210.3
1079500 2210.3
1079510 2197.8
1079520 2188.8
1079530 2188.8
1079540 2189.0
1079550 2189.2
1079560 2189.2
1079570 2190.1
1079580 2189.8
1079590 2189.8
1079600 2190.1
1079610 2192.0
1079620 2192.0
1079630 2192.1
1079640 2187.3
1079650 2197.5
1079660 2190.4
1079670 2194.3
1079680 2190.1
1079690 2190.1
1079700 2185.5
1079710 2182.1
1079720 2182.1
1079730 2176.4
1079740 2163.5
1079750 2163.5
1079760 2157.3
1079770 2153.8
1079780 2153.8
1079790 2149.2
1079800 2142.9
1079810 2142.9
1079820 2134.7
1079830 2126.7
1079840 2126.7
1079850 2119.6
1079860 2111.9
1079870 2111.9
1079880 2103.7
1079890 2096.2
1079900 2096.2
1079910 2089.2
1079920 2083.0
1079930 2077.1
1079940 2077.1
1079950 2072.0
1079960 2061.9
1079970 2061.9
1079980 2061.4
1079990 2061.9
