1070990 1980.0
1071000 1987.1
1071010 1987.1
1071020 1991.7
1071030 1997.5
1071040 2005.0
1071050 2005.0
1071060 2012.3
1071070 2020.2
1071080 2020.2
1071090 2027.5
1071100 2034.7
1071110 2034.7
1071120 2041.8
1071130 2048.7
1071140 2048.7
1071150 2056.7
1071160 2064.2
1071170 2064.2
1071180 2071.3
1071190 2078.7
1071200 2078.7
1071210 2086.2
1071220 2093.4
1071230 2093.4
1071240 2100.5
1071250 2107.7
1071260 2107.7
1071270 2113.7
1071280 2119.6
1071290 2125.6
1071300 2125.6
1071310 2131.3
1071320 2137.3
1071330 2137.3
1071340 2143.1
1071350 2149.1
1071360 2149.1
1071370 2155.2
1071380 2161.3
1071390 2161.3
1071400 2167.0
1071410 2172.3
1071420 2172.3
1071430 2175.2
1071440 2169.2
1071450 2169.2
1071460 2159.7
1071470 2149.4
1071480 2149.4
1071490 2136.7
1071500 2120.1
1071510 2120.1
1071520 2108.5
1071530 2103.1
1071540 2092.1
1071550 2092.1
1071560 2077.2
1071570 2057.9
1071580 2057.9
1071590 2050.2
1071600 2043.7
1071610 2043.7
1071620 2037.0
1071630 2030.4
1071640 2030.4
1071650 2023.7
1071660 2017.2
1071670 2017.2
1071680 2010.7
1071690 2004.2
1071700 2004.2
1071710 1997.8
1071720 1991.6
1071730 1991.6
1071740 1985.7
1071750 1980.0
1071760 1974.4
1071770 1974.4
1071780 1969.0
1071790 1963.9
1071800 1963.9
1071810 1959.2
1071820 1954.3
1071830 1954.3
1071840 1950.1
1071850 1946.3
1071860 1946.3
1071870 1943.9
1071880 1941.9
1071890 1941.9
1071900 1942.4
1071910 1946.3
1071920 1946.3
1071930 1949.8
1071940 1952.3
1071950 1952.3
1071960 1953.7
1071970 1955.0
1071980 1955.0
1071990 1957.4
1072000 1960.0
1072010 1961.8
1072020 1961.8
1072030 1961.6
1072040 1958.9
1072050 1958.9
1072060 1954.8
1072070 1951.1
1072080 1951.1
1072090 1946.3
1072100 1945.8
1072110 1945.8
1072120 1945.1
1072130 1944.8
1072140 1944.8
1072150 1945.3
1072160 1945.9
1072170 1945.9
1072180 1946.6
1072190 1946.4
1072200 1946.4
1072210 1944.9
1072220 1941.2
1072230 1939.2
1072240 1939.2
1072250 1941.9
1072260 1943.8
1072270 1943.8
1072280 1943.5
1072290 1942.4
1072300 1942.4
1072310 1939.7
1072320 1937.7
1072330 1937.7
1072340 1935.5
1072350 1933.9
1072360 1933.9
1072370 1932.0
1072380 1934.5
1072390 1934.5
1072400 1935.0
1072410 1932.2
1072420 1932.2
1072430 1927.8
1072440 1925.9
1072450 1925.9
1072460 1922.7
1072470 1917.9
1072480 1912.8
1072490 1912.8
1072500 1908.8
1072510 1904.6
1072520 1904.6
1072530 1899.8
1072540 1895.9
1072550 1895.9
1072560 1893.5
1072570 1890.6
1072580 1890.6
1072590 1888.0
1072600 1885.7
1072610 1885.7
1072620 1884.1
1072630 1886.2
1072640 1886.2
1072650 1887.6
1072660 1888.6
1072670 1888.6
1072680 1888.2
1072690 1887.8
1072700 1887.9
1072710 1887.9
1072720 1883.4
1072730 1880.5
1072740 1880.5
1072750 1877.6
1072760 1872.6
1072770 1872.6
1072780 1871.9
1072790 1871.8
1072800 1871.8
1072810 1870.0
1072820 1867.6
1072830 1867.6
1072840 1863.4
1072850 1856.8
1072860 1856.8
1072870 1849.8
1072880 1842.4
1072890 1842.4
1072900 1835.7
1072910 1830.2
1072920 1830.2
1072930 1824.7
1072940 1817.9
1072950 1810.7
1072960 1810.7
1072970 1804.7
1072980 1800.7
1072990 1800.7
1073000 1797.2
1073010 1792.8
1073020 1792.8
1073030 1789.9
1073040 1788.6
1073050 1788.6
1073060 1789.3
1073070 1791.0
1073080 1791.0
1073090 1791.7
1073100 1790.5
1073110 1790.5
1073120 1788.4
1073130 1787.4
1073140 1787.4
1073150 1786.6
1073160 1784.3
1073170 1784.3
1073180 1783.3
1073190 1783.6
1073200 1784.2
1073210 1784.2
1073220 1784.5
1073230 1785.6
1073240 1785.6
1073250 1787.8
1073260 1790.9
1073270 1790.9
1073280 1793.9
1073290 1797.0
1073300 1797.0
1073310 1799.8
1073320 1797.0
1073330 1797.0
1073340 1797.2
1073350 1798.3
1073360 1798.3
1073370 1799.1
1073380 1799.3
1073390 1799.3
1073400 1799.3
1073410 1798.7
1073420 1798.2
1073430 1798.2
1073440 1796.8
1073450 1794.4
1073460 1794.4
1073470 1791.0
1073480 1786.6
1073490 1786.6
1073500 1781.3
1073510 1776.1
1073520 1776.1
1073530 1771.0
1073540 1764.7
1073550 1764.7
1073560 1758.3
1073570 1752.4
1073580 1752.4
1073590 1748.5
1073600 1742.7
1073610 1742.7
1073620 1733.4
1073630 1719.2
1073640 1719.2
1073650 1710.7
1073660 1702.5
1073670 1694.4
1073680 1694.4
1073690 1686.4
1073700 1679.5
1073710 1679.5
1073720 1672.1
1073730 1664.9
1073740 1664.9
1073750 1658.9
1073760 1653.0
1073770 1653.0
1073780 1647.1
1073790 1641.0
1073800 1641.0
1073810 1634.6
1073820 1628.0
1073830 1628.0
1073840 1621.8
1073850 1615.6
1073860 1615.6
1073870 1609.5
1073880 1604.1
1073890 1598.8
1073900 1598.8
1073910 1590.4
1073920 1581.6
1073930 1581.6
1073940 1572.6
1073950 1563.6
1073960 1563.6
1073970 1556.1
1073980 1548.4
1073990 1548.4
1074000 1541.5
1074010 1534.4
1074020 1534.4
1074030 1527.5
1074040 1519.3
1074050 1519.3
1074060 1507.7
1074070 1496.1
1074080 1496.1
1074090 1486.7
1074100 1478.6
1074110 1478.6
1074120 1471.4
1074130 1463.4
1074140 1454.2
1074150 1454.2
1074160 1445.8
1074170 1437.3
1074180 1437.3
1074190 1429.1
1074200 1421.5
1074210 1421.5
1074220 1414.2
1074230 1405.3
1074240 1405.3
1074250 1395.3
1074260 1387.5
1074270 1387.5
1074280 1380.1
1074290 1371.6
1074300 1371.6
1074310 1364.2
1074320 1357.5
1074330 1357.5
1074340 1350.8
1074350 1343.6
1074360 1336.7
1074370 1336.7
1074380 1330.4
1074390 1324.8
1074400 1324.8
1074410 1320.3
1074420 1315.5
1074430 1315.5
1074440 1310.7
1074450 1305.9
1074460 1305.9
1074470 1300.4
1074480 1296.0
1074490 1296.0
1074500 1291.1
1074510 1285.6
1074520 1285.6
1074530 1279.5
1074540 1273.1
1074550 1273.1
1074560 1267.7
1074570 1261.4
1074580 1261.4
1074590 1255.6
1074600 1250.0
1074610 1244.8
1074620 1244.8
1074630 1239.7
1074640 1235.2
1074650 1235.2
1074660 1230.5
1074670 1225.5
1074680 1225.5
1074690 1221.5
1074700 1217.1
1074710 1217.1
1074720 1213.3
1074730 1209.6
1074740 1209.6
1074750 1204.8
1074760 1196.3
1074770 1196.3
1074780 1188.9
1074790 1185.4
1074800 1185.4
1074810 1186.8
1074820 1186.2
1074830 1186.2
1074840 1185.5
1074850 1185.5
1074860 1185.9
1074870 1186.1
1074880 1185.8
1074890 1185.6
1074900 1185.6
1074910 1185.2
1074920 1184.8
1074930 1184.8
1074940 1185.0
1074950 1185.9
1074960 1185.9
1074970 1188.6
1074980 1191.9
1074990 1191.9
1075000 1195.9
1075010 1198.8
1075020 1198.8
1075030 1201.3
1075040 1206.2
1075050 1206.2
1075060 1209.9
1075070 1213.0
1075080 1216.5
1075090 1216.5
1075100 1220.6
1075110 1224.3
1075120 1224.3
1075130 1228.5
1075140 1232.4
1075150 1232.4
1075160 1236.8
1075170 1240.5
1075180 1240.3
1075190 1244.3
1075200 1248.5
1075210 1248.5
1075220 1252.5
1075230 1256.7
1075240 1256.7
1075250 1260.7
1075260 1264.4
1075270 1264.4
1075280 1268.6
1075290 1272.6
1075300 1272.6
1075310 1276.9
1075320 1280.8
1075330 1285.4
1075340 1285.4
1075350 1289.7
1075360 1293.5
1075370 1293.5
1075380 1297.4
1075390 1301.4
1075400 1301.4
1075410 1305.7
1075420 1310.0
1075430 1310.0
1075440 1312.8
1075450 1315.7
1075460 1315.7
1075470 1320.3
1075480 1325.1
1075490 1325.8
1075500 1329.5
1075510 1334.5
1075520 1334.5
1075530 1338.9
1075540 1342.3
1075550 1345.4
1075560 1345.4
1075570 1349.7
1075580 1354.7
1075590 1354.7
1075600 1359.7
1075610 1364.7
1075620 1364.7
1075630 1369.7
1075640 1374.1
1075650 1374.1
1075660 1378.1
1075670 1381.3
1075680 1381.3
1075690 1384.2
1075700 1388.0
1075710 1388.0
1075720 1393.9
1075730 1399.2
1075740 1399.2
1075750 1405.2
1075760 1413.4
1075770 1413.4
1075780 1424.1
1075790 1439.7
1075800 1437.8
1075810 1437.8
1075820 1450.6
1075830 1459.3
1075840 1459.3
1075850 1467.4
1075860 1473.1
1075870 1473.1
1075880 1478.8
1075890 1485.2
1075900 1485.2
1075910 1491.6
1075920 1497.7
1075930 1497.7
1075940 1504.5
1075950 1511.7
1075960 1511.7
1075970 1520.0
1075980 1526.3
1075990 1526.3
1076000 1534.7
1076010 1546.4
1076020 1554.4
1076030 1554.4
1076040 1561.6
1076050 1569.9
1076060 1569.9
1076070 1580.8
1076080 1592.4
1076090 1592.4
1076100 1600.9
1076110 1607.0
1076120 1607.0
1076130 1614.0
1076140 1622.6
1076150 1622.6
1076160 1631.3
1076170 1643.2
1076180 1643.2
1076190 1653.8
1076200 1660.9
1076210 1660.9
1076220 1669.0
1076230 1676.5
1076240 1676.5
1076250 1684.6
1076260 1693.0
1076270 1701.3
1076280 1701.3
1076290 1709.5
1076300 1717.2
1076310 1717.2
1076320 1724.8
1076330 1733.7
1076340 1733.7
1076350 1742.2
1076360 1751.7
1076370 1751.7
1076380 1765.1
1076390 1775.0
1076400 1775.0
1076410 1781.7
1076420 1783.4
1076430 1783.4
1076440 1790.3
1076450 1796.4
1076460 1796.4
1076470 1806.8
1076480 1814.6
1076490 1820.4
1076500 1820.4
1076510 1831.1
1076520 1841.0
1076530 1841.0
1076540 1846.7
1076550 1857.7
1076560 1857.7
1076570 1867.3
1076580 1870.1
1076590 1870.1
1076600 1874.6
1076610 1883.5
1076620 1883.5
1076630 1890.4
1076640 1895.7
1076650 1895.7
1076660 1901.6
1076670 1907.6
1076680 1907.6
1076690 1916.7
1076700 1929.0
1076710 1929.0
1076720 1937.1
1076730 1946.5
1076740 1955.0
1076750 1955.0
1076760 1966.3
1076770 1977.9
1076780 1977.9
1076790 1985.1
1076800 1994.4
1076810 1994.4
1076820 1998.9
1076830 2002.9
1076840 2002.9
1076850 2004.3
1076860 2008.1
1076870 2008.1
1076880 2013.0
1076890 2017.5
1076900 2017.5
1076910 2024.1
1076920 2029.4
1076930 2029.4
1076940 2036.0
1076950 2041.2
1076960 2041.2
1076970 2045.4
1076980 2048.8
1076990 2055.8
1077000 2055.8
1077010 2061.8
1077020 2066.8
1077030 2066.8
1077040 2078.9
1077050 2087.8
1077060 2087.8
1077070 2100.5
1077080 2111.7
1077090 2111.7
1077100 2123.1
1077110 2129.7
1077120 2129.7
1077130 2132.5
1077140 2135.4
1077150 2135.4
1077160 2140.8
1077170 2153.7
1077180 2153.7
1077190 2156.7
1077200 2140.9
1077210 2121.7
1077220 2121.7
1077230 2109.7
1077240 2089.5
1077250 2089.5
1077260 2083.4
1077270 2073.2
1077280 2073.2
1077290 2068.9
1077300 2071.4
1077310 2071.4
1077320 2074.5
1077330 2071.4
1077340 2071.4
1077350 2069.1
1077360 2079.6
1077370 2079.6
1077380 2080.4
1077390 2082.1
1077400 2082.1
1077410 2083.1
1077420 2084.1
1077430 2084.1
1077440 2069.6
1077450 2058.9
1077460 2031.5
1077470 2031.5
1077480 2009.1
1077490 1992.5
1077500 1992.5
1077510 1985.8
1077520 1975.1
1077530 1975.1
1077540 1957.9
1077550 1947.3
1077560 1947.3
1077570 1936.3
1077580 1919.2
1077590 1919.2
1077600 1907.6
1077610 1898.8
1077620 1898.8
1077630 1890.7
1077640 1884.4
1077650 1884.4
1077660 1869.9
1077670 1850.1
1077680 1813.7
1077690 1813.7
1077700 1783.4
1077710 1772.5
1077720 1772.5
1077730 1765.6
1077740 1758.5
1077750 1758.5
1077760 1751.3
1077770 1744.3
1077780 1744.3
1077790 1737.2
1077800 1730.2
1077810 1730.2
1077820 1723.7
1077830 1717.5
1077840 1717.5
1077850 1711.5
1077860 1705.8
1077870 1705.8
1077880 1700.6
1077890 1697.2
1077900 1697.2
1077910 1696.5
1077920 1696.0
1077930 1698.3
1077940 1698.3
1077950 1701.4
1077960 1703.7
1077970 1703.7
1077980 1706.0
1077990 1708.7
1078000 1708.7
1078010 1711.9
1078020 1714.5
1078030 1714.5
1078040 1717.6
1078050 1720.5
1078060 1720.5
1078070 1723.8
1078080 1726.5
1078090 1726.5
1078100 1729.2
1078110 1732.5
1078120 1732.5
1078130 1734.6
1078140 1735.0
1078150 1737.0
1078160 1737.0
1078170 1740.0
1078180 1743.1
1078190 1743.1
1078200 1746.5
1078210 1750.0
1078220 1750.0
1078230 1753.4
1078240 1757.5
1078250 1757.5
1078260 1762.1
1078270 1766.4
1078280 1766.4
1078290 1771.8
1078300 1778.3
1078310 1778.3
1078320 1783.7
1078330 1804.4
1078340 1804.4
1078350 1817.8
1078360 1828.3
1078370 1828.3
1078380 1840.6
1078390 1862.6
1078400 1878.0
1078410 1878.0
1078420 1889.5
1078430 1907.4
1078440 1907.4
1078450 1922.9
1078460 1948.1
1078470 1948.1
1078480 1977.1
1078490 2006.3
1078500 2006.3
1078510 2025.4
1078520 2030.3
1078530 2030.3
1078540 2034.0
1078550 2040.6
1078560 2040.6
1078570 2041.5
1078580 2040.8
1078590 2040.8
1078600 2041.1
1078610 2049.7
1078620 2049.7
1078630 2047.8
1078640 2044.1
1078650 2055.6
1078660 2055.6
1078670 2066.8
1078680 2078.1
1078690 2078.1
1078700 2088.5
1078710 2097.3
1078720 2097.3
1078730 2102.7
1078740 2112.4
1078750 2112.4
1078760 2126.3
1078770 2134.9
1078780 2134.9
1078790 2141.5
1078800 2144.2
1078810 2144.2
1078820 2144.3
1078830 2139.9
1078840 2139.9
1078850 2138.9
1078860 2138.0
1078870 2140.4
1078880 2140.4
1078890 2148.7
1078900 2158.1
1078910 2158.1
1078920 2169.5
1078930 2183.9
1078940 2183.9
1078950 2200.1
1078960 2208.5
1078970 2208.5
1078980 2215.2
1078990 2223.7
1079000 2223.7
1079010 2234.0
1079020 2244.5
1079030 2244.5
1079040 2250.5
1079050 2256.9
1079060 2256.9
1079070 2263.2
1079080 2263.8
1079090 2263.8
1079100 2268.5
1079110 2276.5
1079120 2287.5
1079130 2287.5
1079140 2299.7
1079150 2309.2
1079160 2309.2
1079170 2316.4
1079180 2314.9
1079190 2314.9
1079200 2307.7
1079210 2287.3
1079220 2287.3
1079230 2270.3
1079240 2270.0
1079250 2270.0
1079260 2273.7
1079270 2275.6
1079280 2275.6
1079290 2277.0
1079300 2258.3
1079310 2258.3
1079320 2243.0
1079330 2252.1
1079340 2267.3
1079350 2267.3
1079360 2254.4
1079370 2240.2
1079380 2240.2
1079390 2253.2
1079400 2248.9
1079410 2248.9
1079420 2228.5
1079430 2208.8
1079440 2208.8
1079450 2198.7
1079460 2189.8
1079470 2189.8
1079480 2181.6
1079490 2175.3
1079500 2175.3
1079510 2166.2
1079520 2159.9
1079530 2159.9
1079540 2152.3
1079550 2140.6
1079560 2140.6
1079570 2122.2
1079580 2112.6
1079590 2111.5
1079600 2111.5
1079610 2118.3
1079620 2130.3
1079630 2130.3
1079640 2131.7
1079650 2135.6
1079660 2135.6
1079670 2128.5
1079680 2104.3
1079690 2104.3
1079700 2096.1
1079710 2076.1
1079720 2076.1
1079730 2064.9
1079740 2060.3
1079750 2060.3
1079760 2052.1
1079770 2053.1
1079780 2053.1
1079790 2055.2
1079800 2041.6
1079810 2027.6
1079820 2027.6
1079830 2021.9
1079840 2010.9
1079850 2010.9
1079860 1994.6
1079870 1985.6
1079880 1985.6
1079890 1986.4
1079900 1991.5
1079910 1991.5
1079920 1997.2
1079930 1988.8
1079940 1988.8
1079950 1983.1
1079960 1980.8
1079970 1980.8
1079980 1983.8
1079990 1981.0
