1071010 1982.2
1071020 1984.9
1071030 1984.9
1071040 1979.4
1071050 1980.5
1071060 1980.5
1071070 1985.9
1071080 1993.7
1071090 1993.7
1071100 2002.6
1071110 1999.5
1071120 1999.5
1071130 2001.3
1071140 2004.6
1071150 2004.6
1071160 2012.2
1071170 2018.2
1071180 2018.2
1071190 2024.6
1071200 2033.3
1071210 2048.5
1071220 2048.5
1071230 2053.7
1071240 2060.9
1071250 2060.9
1071260 2068.7
1071270 2072.6
1071280 2072.6
1071290 2074.5
1071300 2080.0
1071310 2080.0
1071320 2088.4
1071330 2090.7
1071340 2090.7
1071350 2090.0
1071360 2096.9
1071370 2096.9
1071380 2108.4
1071390 2120.0
1071400 2120.0
1071410 2128.6
1071420 2135.2
1071430 2140.8
1071440 2140.8
1071450 2152.8
1071460 2159.7
1071470 2159.7
1071480 2155.0
1071490 2138.1
1071500 2138.1
1071510 2122.2
1071520 2107.7
1071530 2107.7
1071540 2090.6
1071550 2081.0
1071560 2081.0
1071570 2073.1
1071580 2066.2
1071590 2066.2
1071600 2060.0
1071610 2053.4
1071620 2053.4
1071630 2043.8
1071640 2037.4
1071650 2037.4
1071660 2030.9
1071670 2024.1
1071680 2017.5
1071690 2017.5
1071700 2011.1
1071710 2005.2
1071720 2005.2
1071730 1997.7
1071740 1992.0
1071750 1992.0
1071760 1986.4
1071770 1980.0
1071780 1980.0
1071790 1974.0
1071800 1968.8
1071810 1968.8
1071820 1963.6
1071830 1958.6
1071840 1958.6
1071850 1954.2
1071860 1950.0
1071870 1950.0
1071880 1946.3
1071890 1943.2
1071900 1941.2
1071910 1941.2
1071920 1940.4
1071930 1936.0
1071940 1936.0
1071950 1934.0
1071960 1932.4
1071970 1932.4
1071980 1932.6
1071990 1937.1
1072000 1937.1
1072010 1941.4
1072020 1946.2
1072030 1946.2
1072040 1951.3
1072050 1955.9
1072060 1955.9
1072070 1958.7
1072080 1959.7
1072090 1959.7
1072100 1960.4
1072110 1960.3
1072120 1960.3
1072130 1959.8
1072140 1958.4
1072150 1956.8
1072160 1956.8
1072170 1954.6
1072180 1953.9
1072190 1953.9
1072200 1951.4
1072210 1947.5
1072220 1947.5
1072230 1942.6
1072240 1944.1
1072250 1944.1
1072260 1947.5
1072270 1947.7
1072280 1947.7
1072290 1942.9
1072300 1937.1
1072310 1937.1
1072320 1932.2
1072330 1929.0
1072340 1929.0
1072350 1925.9
1072360 1923.6
1072370 1923.6
1072380 1922.0
1072390 1919.5
1072400 1915.6
1072410 1915.6
1072420 1911.3
1072430 1906.8
1072440 1906.8
1072450 1905.1
1072460 1903.8
1072470 1903.8
1072480 1903.9
1072490 1905.6
1072500 1905.6
1072510 1904.0
1072520 1898.4
1072530 1898.4
1072540 1892.1
1072550 1889.0
1072560 1889.0
1072570 1887.1
1072580 1883.9
1072590 1883.9
1072600 1880.5
1072610 1877.9
1072620 1878.1
1072630 1878.1
1072640 1876.6
1072650 1872.5
1072660 1872.5
1072670 1870.1
1072680 1868.9
1072690 1868.9
1072700 1868.2
1072710 1867.3
1072720 1867.3
1072730 1865.7
1072740 1864.6
1072750 1864.6
1072760 1863.8
1072770 1862.2
1072780 1862.2
1072790 1858.4
1072800 1855.7
1072810 1855.7
1072820 1853.5
1072830 1852.1
1072840 1852.1
1072850 1850.1
1072860 1847.3
1072870 1845.5
1072880 1845.5
1072890 1844.3
1072900 1846.1
1072910 1846.1
1072920 1844.9
1072930 1839.2
1072940 1839.2
1072950 1834.9
1072960 1831.6
1072970 1831.6
1072980 1827.4
1072990 1822.4
1073000 1822.4
1073010 1817.0
1073020 1812.3
1073030 1812.3
1073040 1808.1
1073050 1804.9
1073060 1804.9
1073070 1803.6
1073080 1804.2
1073090 1805.5
1073100 1805.5
1073110 1808.6
1073120 1811.8
1073130 1811.8
1073140 1815.4
1073150 1818.3
1073160 1818.3
1073170 1819.6
1073180 1822.3
1073190 1822.3
1073200 1825.6
1073210 1829.2
1073220 1829.2
1073230 1832.8
1073240 1835.4
1073250 1835.4
1073260 1837.4
1073270 1838.9
1073280 1838.9
1073290 1839.8
1073300 1837.1
1073310 1837.1
1073320 1833.3
1073330 1832.0
1073340 1827.4
1073350 1827.4
1073360 1819.6
1073370 1813.1
1073380 1813.1
1073390 1809.5
1073400 1810.4
1073410 1810.4
1073420 1808.5
1073430 1800.0
1073440 1800.0
1073450 1792.6
1073460 1789.0
1073470 1789.0
1073480 1786.0
1073490 1780.3
1073500 1780.3
1073510 1776.4
1073520 1774.3
1073530 1774.3
1073540 1775.7
1073550 1774.8
1073560 1774.8
1073570 1770.2
1073580 1763.1
1073590 1755.6
1073600 1755.6
1073610 1748.1
1073620 1740.8
1073630 1740.8
1073640 1733.1
1073650 1725.7
1073660 1725.7
1073670 1717.4
1073680 1709.5
1073690 1709.5
1073700 1704.4
1073710 1699.3
1073720 1699.3
1073730 1695.6
1073740 1690.9
1073750 1690.9
1073760 1685.1
1073770 1675.7
1073780 1672.9
1073790 1664.5
1073800 1655.7
1073810 1647.5
1073820 1647.5
1073830 1641.3
1073840 1635.7
1073850 1635.7
1073860 1628.3
1073870 1619.6
1073880 1619.6
1073890 1611.8
1073900 1604.7
1073910 1604.7
1073920 1597.9
1073930 1587.0
1073940 1587.0
1073950 1572.9
1073960 1562.8
1073970 1562.8
1073980 1553.8
1073990 1544.2
1074000 1544.2
1074010 1534.6
1074020 1526.4
1074030 1526.4
1074040 1516.3
1074050 1506.8
1074060 1498.7
1074070 1498.7
1074080 1489.5
1074090 1477.0
1074100 1477.0
1074110 1467.4
1074120 1460.1
1074130 1460.1
1074140 1453.0
1074150 1446.2
1074160 1446.2
1074170 1439.4
1074180 1433.3
1074190 1433.3
1074200 1426.9
1074210 1420.1
1074220 1420.1
1074230 1413.1
1074240 1405.1
1074250 1405.1
1074260 1396.5
1074270 1389.8
1074280 1383.3
1074290 1383.3
1074300 1377.0
1074310 1370.8
1074320 1370.8
1074330 1364.9
1074340 1358.9
1074350 1358.9
1074360 1353.0
1074370 1346.9
1074380 1346.9
1074390 1341.1
1074400 1334.5
1074410 1334.5
1074420 1328.8
1074430 1323.4
1074440 1323.4
1074450 1317.6
1074460 1311.6
1074470 1311.6
1074480 1305.7
1074490 1300.5
1074500 1300.5
1074510 1294.5
1074520 1288.7
1074530 1283.2
1074540 1283.2
1074550 1277.6
1074560 1272.4
1074570 1272.4
1074580 1267.0
1074590 1261.7
1074600 1261.7
1074610 1256.1
1074620 1250.4
1074630 1250.4
1074640 1244.6
1074650 1238.2
1074660 1238.2
1074670 1232.1
1074680 1226.3
1074690 1226.3
1074700 1220.9
1074710 1217.2
1074720 1217.2
1074730 1213.0
1074740 1208.9
1074750 1205.2
1074760 1205.2
1074770 1202.6
1074780 1199.5
1074790 1199.5
1074800 1192.6
1074810 1185.3
1074820 1185.3
1074830 1184.0
1074840 1183.2
1074850 1183.2
1074860 1182.8
1074870 1182.4
1074880 1182.4
1074890 1182.3
1074900 1182.5
1074910 1182.5
1074920 1182.4
1074930 1182.0
1074940 1182.0
1074950 1182.6
1074960 1185.5
1074970 1185.5
1074980 1188.6
1074990 1191.8
1075000 1194.7
1075010 1194.7
1075020 1198.5
1075030 1201.3
1075040 1201.3
1075050 1204.6
1075060 1208.5
1075070 1208.5
1075080 1212.3
1075090 1217.8
1075100 1217.8
1075110 1220.9
1075120 1223.3
1075130 1223.3
1075140 1227.5
1075150 1230.9
1075160 1230.9
1075170 1235.0
1075180 1239.4
1075190 1239.4
1075200 1242.8
1075210 1245.9
1075220 1245.9
1075230 1248.8
1075240 1252.4
1075250 1256.9
1075260 1256.9
1075270 1261.1
1075280 1264.7
1075290 1264.7
1075300 1268.5
1075310 1271.8
1075320 1271.8
1075330 1276.4
1075340 1280.2
1075350 1280.2
1075360 1283.9
1075370 1287.9
1075380 1287.9
1075390 1292.3
1075400 1296.5
1075410 1296.5
1075420 1300.6
1075430 1304.1
1075440 1304.1
1075450 1307.1
1075460 1310.5
1075470 1314.0
1075480 1314.0
1075490 1317.0
1075500 1320.0
1075510 1320.0
1075520 1323.4
1075530 1328.5
1075540 1328.5
1075550 1333.9
1075560 1339.8
1075570 1339.8
1075580 1345.8
1075590 1351.4
1075600 1351.4
1075610 1356.8
1075620 1362.8
1075630 1362.8
1075640 1370.9
1075650 1376.8
1075660 1376.8
1075670 1382.8
1075680 1388.8
1075690 1388.8
1075700 1395.2
1075710 1401.9
1075720 1409.1
1075730 1409.1
1075740 1417.3
1075750 1425.7
1075760 1425.7
1075770 1433.1
1075780 1440.6
1075790 1440.6
1075800 1447.4
1075810 1454.5
1075820 1454.5
1075830 1460.9
1075840 1467.0
1075850 1467.0
1075860 1473.3
1075870 1479.5
1075880 1479.5
1075890 1485.8
1075900 1492.2
1075910 1492.2
1075920 1498.6
1075930 1505.1
1075940 1511.2
1075950 1513.0
1075960 1519.4
1075970 1526.0
1075980 1526.0
1075990 1532.8
1076000 1540.3
1076010 1540.3
1076020 1549.4
1076030 1556.9
1076040 1556.9
1076050 1564.2
1076060 1571.6
1076070 1571.6
1076080 1578.5
1076090 1585.9
1076100 1585.9
1076110 1595.0
1076120 1603.7
1076130 1603.7
1076140 1614.9
1076150 1624.0
1076160 1624.0
1076170 1633.4
1076180 1642.4
1076190 1647.9
1076200 1647.9
1076210 1652.2
1076220 1657.7
1076230 1657.7
1076240 1665.7
1076250 1674.2
1076260 1674.2
1076270 1680.2
1076280 1688.2
1076290 1688.2
1076300 1695.3
1076310 1702.2
1076320 1702.2
1076330 1709.1
1076340 1716.5
1076350 1716.5
1076360 1724.5
1076370 1732.4
1076380 1732.4
1076390 1740.8
1076400 1749.3
1076410 1756.7
1076420 1756.7
1076430 1763.2
1076440 1769.2
1076450 1769.2
1076460 1775.2
1076470 1782.2
1076480 1782.2
1076490 1788.1
1076500 1791.8
1076510 1791.8
1076520 1798.4
1076530 1807.2
1076540 1807.2
1076550 1819.0
1076560 1827.4
1076570 1827.4
1076580 1840.2
1076590 1846.4
1076600 1846.4
1076610 1852.9
1076620 1859.1
1076630 1859.1
1076640 1864.8
1076650 1870.1
1076660 1874.8
1076670 1874.8
1076680 1878.8
1076690 1884.2
1076700 1884.2
1076710 1890.7
1076720 1897.5
1076730 1897.5
1076740 1901.5
1076750 1909.3
1076760 1909.3
1076770 1921.0
1076780 1928.3
1076790 1928.3
1076800 1933.1
1076810 1939.2
1076820 1939.2
1076830 1947.7
1076840 1958.5
1076850 1958.5
1076860 1968.4
1076870 1976.6
1076880 1976.6
1076890 1979.3
1076900 1988.3
1076910 1997.8
1076920 1997.8
1076930 2005.6
1076940 2016.5
1076950 2016.5
1076960 2028.2
1076970 2033.2
1076980 2033.2
1076990 2039.9
1077000 2048.5
1077010 2048.5
1077020 2056.4
1077030 2068.9
1077040 2068.9
1077050 2083.1
1077060 2091.2
1077070 2091.2
1077080 2097.0
1077090 2102.9
1077100 2102.9
1077110 2106.2
1077120 2098.6
1077130 2087.1
1077140 2087.1
1077150 2081.8
1077160 2078.5
1077170 2078.5
1077180 2081.0
1077190 2081.6
1077200 2089.9
1077210 2072.2
1077220 2047.6
1077230 2047.6
1077240 2035.9
1077250 2035.0
1077260 2035.0
1077270 2031.7
1077280 2026.0
1077290 2026.0
1077300 2017.0
1077310 2004.3
1077320 2004.3
1077330 1992.7
1077340 1992.6
1077350 1992.6
1077360 1993.0
1077370 1993.5
1077380 1993.4
1077390 1993.4
1077400 1996.2
1077410 2001.0
1077420 2001.0
1077430 2003.8
1077440 2006.1
1077450 2006.1
1077460 2009.2
1077470 2008.6
1077480 2008.6
1077490 1991.3
1077500 1976.2
1077510 1983.5
1077520 1969.3
1077530 1951.5
1077540 1951.5
1077550 1925.8
1077560 1920.2
1077570 1920.2
1077580 1916.1
1077590 1907.3
1077600 1892.2
1077610 1892.2
1077620 1866.8
1077630 1862.5
1077640 1862.5
1077650 1835.6
1077660 1824.7
1077670 1824.7
1077680 1817.3
1077690 1802.5
1077700 1802.5
1077710 1758.9
1077720 1747.8
1077730 1747.8
1077740 1741.1
1077750 1735.3
1077760 1735.3
1077770 1729.0
1077780 1722.4
1077790 1722.4
1077800 1716.0
1077810 1709.4
1077820 1710.1
1077830 1704.2
1077840 1698.2
1077850 1694.5
1077860 1694.5
1077870 1692.6
1077880 1689.0
1077890 1689.0
1077900 1689.0
1077910 1689.7
1077920 1689.7
1077930 1690.6
1077940 1692.2
1077950 1692.2
1077960 1694.4
1077970 1696.2
1077980 1696.2
1077990 1698.5
1078000 1701.5
1078010 1701.5
1078020 1703.4
1078030 1704.6
1078040 1704.6
1078050 1705.7
1078060 1707.2
1078070 1709.1
1078080 1709.1
1078090 1711.9
1078100 1713.4
1078110 1713.4
1078120 1715.4
1078130 1718.1
1078140 1721.1
1078150 1723.3
1078160 1724.5
1078170 1724.5
1078180 1726.1
1078190 1728.0
1078200 1728.0
1078210 1729.3
1078220 1733.0
1078230 1733.0
1078240 1736.9
1078250 1742.0
1078260 1742.0
1078270 1746.6
1078280 1752.0
1078290 1752.0
1078300 1758.8
1078310 1767.6
1078320 1776.9
1078330 1776.9
1078340 1787.5
1078350 1809.2
1078360 1809.2
1078370 1834.7
1078380 1875.4
1078390 1875.4
1078400 1910.9
1078410 1932.6
1078420 1932.6
1078430 1934.6
1078440 1933.1
1078450 1942.2
1078460 1942.5
1078470 1954.5
1078480 1954.5
1078490 1973.1
1078500 1982.1
1078510 1982.1
1078520 2022.4
1078530 2050.4
1078540 2061.8
1078550 2061.8
1078560 2074.3
1078570 2086.7
1078580 2086.7
1078590 2092.1
1078600 2094.5
1078610 2094.5
1078620 2102.5
1078630 2102.3
1078640 2102.3
1078650 2105.3
1078660 2105.7
1078670 2105.7
1078680 2104.1
1078690 2101.8
1078700 2101.8
1078710 2099.4
1078720 2114.9
1078730 2114.9
1078740 2118.9
1078750 2134.1
1078760 2136.6
1078770 2159.3
1078780 2160.3
1078790 2161.2
1078800 2161.2
1078810 2168.2
1078820 2194.9
1078830 2194.9
1078840 2207.1
1078850 2208.0
1078860 2208.0
1078870 2213.9
1078880 2209.4
1078890 2209.4
1078900 2213.9
1078910 2226.7
1078920 2226.7
1078930 2232.1
1078940 2234.1
1078950 2234.1
1078960 2235.1
1078970 2234.7
1078980 2234.7
1078990 2241.0
1079000 2247.3
1079010 2247.3
1079020 2254.1
1079030 2259.8
1079040 2262.7
1079050 2262.7
1079060 2263.0
1079070 2263.9
1079080 2263.9
1079090 2260.2
1079100 2253.6
1079110 2253.6
1079120 2247.3
1079130 2237.8
1079140 2237.8
1079150 2233.8
1079160 2229.1
1079170 2229.1
1079180 2226.1
1079190 2223.4
1079200 2223.4
1079210 2221.7
1079220 2221.5
1079230 2221.5
1079240 2222.2
1079250 2224.2
1079260 2226.8
1079270 2226.8
1079280 2231.2
1079290 2238.7
1079300 2238.7
1079310 2243.5
1079320 2249.3
1079330 2249.3
1079340 2256.1
1079350 2259.2
1079360 2259.2
1079370 2264.0
1079380 2269.4
1079390 2273.9
1079400 2277.8
1079410 2277.9
1079420 2277.9
1079430 2275.5
1079440 2271.8
1079450 2271.8
1079460 2268.6
1079470 2265.7
1079480 2265.7
1079490 2263.7
1079500 2248.3
1079510 2228.6
1079520 2228.6
1079530 2222.1
1079540 2229.1
1079550 2229.1
1079560 2235.2
1079570 2238.9
1079580 2238.9
1079590 2223.8
1079600 2198.8
1079610 2198.8
1079620 2183.8
1079630 2167.2
1079640 2167.2
1079650 2160.1
1079660 2153.7
1079670 2153.7
1079680 2148.3
1079690 2146.1
1079700 2139.3
1079710 2135.0
1079720 2126.7
1079730 2117.1
1079740 2117.1
1079750 2107.6
1079760 2103.3
1079770 2103.3
1079780 2094.8
1079790 2088.0
1079800 2088.0
1079810 2083.7
1079820 2076.3
1079830 2076.3
1079840 2071.2
1079850 2067.4
1079860 2067.4
1079870 2067.5
1079880 2067.0
1079890 2067.0
1079900 2059.0
1079910 2051.1
1079920 2051.1
1079930 2043.7
1079940 2033.9
1079950 2033.9
1079960 2025.1
1079970 2017.8
1079980 2011.2
1079990 2011.2
