1071840 1890.4
1071850 1891.8
1071860 1891.8
1071870 1893.2
1071880 1895.2
1071890 1897.8
1071900 1897.8
1071910 1900.0
1071920 1903.7
1071930 1903.7
1071940 1905.4
1071950 1903.6
1071960 1903.6
1071970 1903.3
1071980 1903.6
1071990 1903.6
1072000 1904.8
1072010 1906.1
1072020 1906.1
1072030 1909.0
1072040 1913.3
1072050 1913.3
1072060 1916.0
1072070 1918.5
1072080 1918.5
1072090 1921.0
1072100 1924.3
1072110 1924.3
1072120 1928.0
1072130 1932.3
1072140 1936.9
1072150 1936.9
1072160 1942.1
1072170 1947.6
1072180 1947.6
1072190 1953.6
1072200 1960.3
1072210 1960.3
1072220 1967.3
1072230 1974.3
1072240 1974.3
1072250 1981.1
1072260 1987.5
1072270 1987.5
1072280 1999.6
1072290 2009.1
1072300 2009.1
1072310 2016.3
1072320 2025.1
1072330 2025.1
1072340 2038.5
1072350 2057.4
1072360 2059.8
1072370 2059.8
1072380 2052.3
1072390 2042.8
1072400 2042.8
1072410 2033.2
1072420 2030.3
1072430 2030.3
1072440 2025.6
1072450 2014.9
1072460 2014.9
1072470 2006.9
1072480 1998.7
1072490 1998.7
1072500 1989.2
1072510 1983.3
1072520 1983.3
1072530 1975.6
1072540 1971.2
1072550 1971.2
1072560 1968.3
1072570 1961.9
1072580 1961.9
1072590 1957.6
1072600 1950.0
1072610 1944.3
1072620 1944.3
1072630 1940.4
1072640 1936.1
1072650 1936.1
1072660 1929.0
1072670 1925.1
1072680 1925.1
1072690 1920.4
1072700 1918.1
1072710 1918.1
1072720 1914.7
1072730 1910.7
1072740 1910.7
1072750 1908.5
1072760 1904.4
1072770 1904.4
1072780 1902.6
1072790 1903.6
1072800 1903.6
1072810 1899.7
1072820 1895.7
1072830 1895.7
1072840 1892.5
1072850 1889.6
1072860 1888.3
1072870 1888.3
1072880 1887.0
1072890 1883.0
1072900 1883.0
1072910 1878.2
1072920 1875.6
1072930 1875.6
1072940 1873.2
1072950 1873.0
1072960 1873.0
1072970 1865.4
1072980 1862.3
1072990 1862.3
1073000 1860.0
1073010 1858.1
1073020 1858.1
1073030 1857.2
1073040 1855.8
1073050 1855.8
1073060 1852.8
1073070 1847.2
1073080 1842.9
1073090 1842.9
1073100 1838.8
1073110 1835.2
1073120 1835.2
1073130 1829.8
1073140 1824.4
1073150 1824.4
1073160 1818.5
1073170 1811.2
1073180 1811.2
1073190 1803.5
1073200 1797.2
1073210 1797.2
1073220 1793.1
1073230 1791.3
1073240 1791.3
1073250 1789.9
1073260 1788.8
1073270 1788.8
1073280 1782.5
1073290 1781.4
1073300 1781.4
1073310 1780.5
1073320 1780.2
1073330 1778.7
1073340 1778.7
1073350 1777.3
1073360 1775.8
1073370 1775.8
1073380 1773.9
1073390 1771.7
1073400 1771.7
1073410 1769.9
1073420 1767.7
1073430 1767.7
1073440 1765.4
1073450 1762.7
1073460 1762.7
1073470 1759.4
1073480 1756.7
1073490 1756.7
1073500 1754.2
1073510 1751.1
1073520 1751.1
1073530 1748.1
1073540 1744.4
1073550 1744.4
1073560 1740.9
1073570 1737.1
1073580 1735.0
1073590 1732.4
1073600 1728.3
1073610 1724.5
1073620 1724.5
1073630 1720.4
1073640 1715.7
1073650 1715.7
1073660 1710.9
1073670 1707.2
1073680 1707.2
1073690 1703.6
1073700 1700.6
1073710 1700.6
1073720 1697.6
1073730 1693.7
1073740 1693.7
1073750 1690.2
1073760 1687.8
1073770 1687.8
1073780 1685.4
1073790 1682.8
1073800 1678.8
1073810 1678.8
1073820 1673.8
1073830 1668.3
1073840 1668.3
1073850 1663.7
1073860 1660.1
1073870 1660.1
1073880 1657.3
1073890 1655.0
1073900 1655.0
1073910 1651.8
1073920 1647.5
1073930 1647.5
1073940 1643.6
1073950 1640.0
1073960 1640.0
1073970 1635.8
1073980 1629.8
1073990 1629.8
1074000 1623.6
1074010 1617.2
1074020 1617.2
1074030 1610.7
1074040 1603.1
1074050 1597.5
1074060 1597.5
1074070 1594.4
1074080 1589.8
1074090 1589.8
1074100 1583.8
1074110 1575.4
1074120 1575.4
1074130 1566.6
1074140 1558.5
1074150 1558.5
1074160 1551.9
1074170 1546.5
1074180 1546.5
1074190 1544.5
1074200 1537.1
1074210 1537.1
1074220 1532.0
1074230 1528.0
1074240 1528.0
1074250 1524.8
1074260 1520.5
1074270 1512.5
1074280 1512.5
1074290 1504.1
1074300 1496.8
1074310 1496.8
1074320 1489.9
1074330 1483.6
1074340 1483.6
1074350 1478.2
1074360 1473.4
1074370 1473.4
1074380 1468.9
1074390 1463.8
1074400 1463.8
1074410 1456.7
1074420 1448.6
1074430 1448.6
1074440 1440.4
1074450 1431.1
1074460 1431.1
1074470 1423.8
1074480 1417.6
1074490 1417.6
1074500 1412.6
1074510 1408.4
1074520 1400.9
1074530 1400.9
1074540 1393.4
1074550 1386.4
1074560 1386.4
1074570 1378.4
1074580 1370.3
1074590 1370.3
1074600 1362.3
1074610 1353.9
1074620 1353.9
1074630 1344.9
1074640 1335.5
1074650 1335.5
1074660 1326.9
1074670 1318.7
1074680 1318.7
1074690 1310.8
1074700 1302.9
1074710 1302.9
1074720 1294.4
1074730 1288.3
1074740 1288.3
1074750 1284.7
1074760 1280.9
1074770 1276.4
1074780 1276.4
1074790 1272.4
1074800 1268.4
1074810 1268.4
1074820 1262.4
1074830 1258.8
1074840 1258.8
1074850 1255.0
1074860 1251.2
1074870 1251.2
1074880 1247.1
1074890 1243.1
1074900 1243.1
1074910 1239.2
1074920 1234.9
1074930 1234.9
1074940 1230.7
1074950 1226.4
1074960 1226.4
1074970 1222.6
1074980 1218.9
1074990 1215.5
1075000 1215.5
1075010 1211.9
1075020 1208.2
1075030 1208.2
1075040 1205.5
1075050 1203.8
1075060 1203.8
1075070 1202.1
1075080 1200.4
1075090 1200.4
1075100 1198.3
1075110 1196.8
1075120 1196.8
1075130 1194.5
1075140 1192.6
1075150 1192.6
1075160 1190.4
1075170 1188.7
1075180 1188.7
1075190 1185.9
1075200 1179.8
1075210 1179.8
1075220 1173.6
1075230 1167.3
1075240 1162.4
1075250 1162.4
1075260 1160.9
1075270 1160.2
1075280 1160.2
1075290 1158.3
1075300 1157.3
1075310 1157.3
1075320 1157.7
1075330 1158.0
1075340 1158.0
1075350 1160.2
1075360 1166.2
1075370 1166.2
1075380 1170.8
1075390 1173.4
1075400 1173.4
1075410 1176.5
1075420 1180.8
1075430 1180.8
1075440 1186.6
1075450 1188.5
1075460 1188.5
1075470 1191.9
1075480 1196.6
1075490 1201.5
1075500 1201.5
1075510 1206.9
1075520 1211.8
1075530 1211.8
1075540 1216.2
1075550 1220.5
1075560 1220.5
1075570 1225.3
1075580 1231.3
1075590 1231.3
1075600 1237.7
1075610 1243.9
1075620 1243.9
1075630 1250.5
1075640 1256.9
1075650 1256.9
1075660 1263.1
1075670 1269.3
1075680 1269.3
1075690 1275.7
1075700 1282.2
1075710 1289.0
1075720 1289.0
1075730 1296.9
1075740 1306.7
1075750 1311.5
1075760 1319.9
1075770 1327.8
1075780 1327.8
1075790 1336.6
1075800 1343.7
1075810 1343.7
1075820 1352.9
1075830 1362.2
1075840 1362.2
1075850 1370.5
1075860 1380.0
1075870 1380.0
1075880 1393.7
1075890 1398.6
1075900 1398.6
1075910 1405.3
1075920 1412.7
1075930 1412.7
1075940 1420.3
1075950 1426.8
1075960 1433.8
1075970 1433.8
1075980 1441.0
1075990 1446.8
1076000 1446.8
1076010 1452.3
1076020 1454.2
1076030 1454.2
1076040 1459.4
1076050 1463.9
1076060 1463.9
1076070 1478.6
1076080 1481.4
1076090 1481.4
1076100 1486.0
1076110 1489.8
1076120 1489.8
1076130 1490.7
1076140 1493.7
1076150 1493.7
1076160 1500.5
1076170 1507.4
1076180 1516.4
1076190 1516.4
1076200 1524.8
1076210 1529.8
1076220 1529.8
1076230 1535.8
1076240 1540.2
1076250 1540.2
1076260 1542.9
1076270 1544.4
1076280 1544.4
1076290 1545.0
1076300 1545.9
1076310 1545.9
1076320 1548.1
1076330 1550.5
1076340 1550.5
1076350 1553.2
1076360 1555.9
1076370 1555.9
1076380 1565.0
1076390 1567.6
1076400 1567.6
1076410 1570.1
1076420 1572.2
1076430 1575.2
1076440 1575.2
1076450 1579.5
1076460 1583.6
1076470 1583.6
1076480 1587.7
1076490 1592.4
1076500 1592.4
1076510 1597.6
1076520 1602.0
1076530 1602.0
1076540 1605.6
1076550 1609.8
1076560 1609.8
1076570 1612.6
1076580 1618.4
1076590 1618.4
1076600 1621.6
1076610 1624.5
1076620 1624.5
1076630 1629.9
1076640 1635.2
1076650 1635.2
1076660 1640.3
1076670 1644.8
1076680 1653.8
1076690 1660.1
1076700 1669.6
1076710 1676.1
1076720 1676.1
1076730 1679.9
1076740 1682.6
1076750 1682.6
1076760 1687.4
1076770 1694.7
1076780 1694.7
1076790 1701.5
1076800 1706.2
1076810 1706.2
1076820 1714.1
1076830 1720.3
1076840 1720.3
1076850 1725.1
1076860 1730.4
1076870 1730.4
1076880 1736.7
1076890 1743.2
1076900 1748.4
1076910 1748.4
1076920 1755.0
1076930 1763.0
1076940 1763.0
1076950 1770.7
1076960 1778.1
1076970 1778.1
1076980 1784.4
1076990 1786.7
1077000 1795.2
1077010 1798.5
1077020 1803.3
1077030 1803.3
1077040 1811.5
1077050 1816.4
1077060 1816.4
1077070 1817.2
1077080 1808.5
1077090 1808.5
1077100 1799.2
1077110 1791.3
1077120 1791.3
1077130 1782.4
1077140 1773.7
1077150 1767.1
1077160 1767.1
1077170 1759.8
1077180 1753.1
1077190 1753.1
1077200 1746.3
1077210 1738.7
1077220 1738.7
1077230 1730.6
1077240 1723.0
1077250 1723.0
1077260 1715.3
1077270 1708.1
1077280 1708.1
1077290 1700.4
1077300 1691.2
1077310 1691.9
1077320 1687.1
1077330 1685.1
1077340 1685.1
1077350 1682.0
1077360 1678.1
1077370 1678.1
1077380 1672.4
1077390 1666.0
1077400 1659.1
1077410 1659.1
1077420 1652.8
1077430 1646.3
1077440 1646.3
1077450 1639.0
1077460 1631.6
1077470 1631.6
1077480 1624.2
1077490 1617.2
1077500 1617.2
1077510 1610.3
1077520 1603.3
1077530 1603.3
1077540 1596.5
1077550 1589.8
1077560 1589.8
1077570 1582.8
1077580 1576.0
1077590 1576.0
1077600 1569.4
1077610 1562.8
1077620 1559.2
1077630 1559.2
1077640 1554.7
1077650 1550.5
1077660 1550.5
1077670 1546.6
1077680 1544.0
1077690 1544.0
1077700 1540.6
1077710 1536.0
1077720 1536.0
1077730 1531.6
1077740 1528.9
1077750 1528.9
1077760 1526.9
1077770 1525.8
1077780 1525.8
1077790 1523.8
1077800 1520.4
1077810 1520.4
1077820 1518.2
1077830 1517.9
1077840 1517.9
1077850 1520.1
1077860 1520.6
1077870 1520.1
1077880 1520.1
1077890 1521.4
1077900 1525.8
1077910 1525.8
1077920 1530.3
1077930 1534.8
1077940 1536.0
1077950 1540.2
1077960 1545.4
1077970 1545.4
1077980 1551.4
1077990 1557.1
1078000 1557.1
1078010 1562.3
1078020 1567.9
1078030 1567.9
1078040 1573.9
1078050 1580.0
1078060 1580.0
1078070 1585.9
1078080 1592.0
1078090 1598.2
1078100 1598.2
1078110 1604.8
1078120 1612.0
1078130 1612.0
1078140 1620.1
1078150 1629.7
1078160 1629.7
1078170 1637.6
1078180 1644.8
1078190 1644.8
1078200 1651.2
1078210 1658.7
1078220 1658.7
1078230 1663.9
1078240 1670.4
1078250 1676.6
1078260 1684.6
1078270 1690.0
1078280 1690.0
1078290 1696.6
1078300 1704.2
1078310 1704.2
1078320 1712.8
1078330 1722.6
1078340 1730.0
1078350 1730.0
1078360 1737.6
1078370 1745.5
1078380 1745.5
1078390 1754.8
1078400 1765.6
1078410 1765.6
1078420 1776.0
1078430 1784.9
1078440 1784.9
1078450 1790.6
1078460 1794.9
1078470 1794.9
1078480 1801.7
1078490 1810.1
1078500 1810.1
1078510 1816.5
1078520 1823.8
1078530 1823.8
1078540 1831.5
1078550 1840.3
1078560 1840.6
1078570 1850.1
1078580 1857.9
1078590 1867.5
1078600 1867.5
1078610 1876.0
1078620 1882.4
1078630 1882.4
1078640 1889.1
1078650 1896.2
1078660 1896.2
1078670 1904.2
1078680 1910.3
1078690 1910.3
1078700 1915.5
1078710 1920.2
1078720 1920.2
1078730 1925.4
1078740 1930.4
1078750 1930.4
1078760 1935.6
1078770 1940.0
1078780 1940.0
1078790 1939.8
1078800 1927.8
1078810 1916.9
1078820 1916.9
1078830 1906.9
1078840 1897.5
1078850 1897.5
1078860 1885.5
1078870 1883.1
1078880 1883.1
1078890 1879.8
1078900 1873.4
1078910 1873.4
1078920 1866.2
1078930 1860.4
1078940 1860.4
1078950 1855.5
1078960 1848.1
1078970 1848.1
1078980 1839.6
1078990 1833.2
1079000 1833.2
1079010 1828.5
1079020 1823.4
1079030 1823.4
1079040 1817.5
1079050 1812.0
1079060 1806.0
1079070 1806.0
1079080 1800.2
1079090 1794.8
1079100 1794.8
1079110 1790.2
1079120 1785.2
1079130 1785.2
1079140 1779.8
1079150 1774.9
1079160 1774.9
1079170 1771.4
1079180 1766.8
1079190 1770.0
1079200 1766.3
1079210 1762.1
1079220 1762.1
1079230 1758.9
1079240 1756.3
1079250 1756.3
1079260 1754.2
1079270 1751.4
1079280 1749.1
1079290 1749.1
1079300 1748.6
1079310 1748.6
1079320 1748.6
1079330 1749.3
1079340 1748.5
1079350 1748.5
1079360 1749.1
1079370 1750.5
1079380 1750.5
1079390 1752.7
1079400 1754.8
1079410 1754.8
1079420 1756.4
1079430 1758.2
1079440 1758.2
1079450 1759.8
1079460 1761.2
1079470 1761.2
1079480 1762.9
1079490 1765.8
1079500 1767.6
1079510 1770.7
1079520 1776.0
1079530 1781.5
1079540 1781.5
1079550 1787.1
1079560 1792.5
1079570 1792.5
1079580 1797.9
1079590 1803.6
1079600 1803.6
1079610 1810.0
1079620 1817.4
1079630 1817.4
1079640 1823.7
1079650 1830.4
1079660 1830.4
1079670 1836.5
1079680 1844.0
1079690 1844.0
1079700 1853.8
1079710 1861.7
1079720 1861.7
1079730 1870.2
1079740 1877.1
1079750 1877.1
1079760 1883.6
1079770 1893.4
1079780 1905.3
1079790 1905.3
1079800 1917.3
1079810 1929.8
1079820 1929.8
1079830 1940.4
1079840 1948.1
1079850 1948.1
1079860 1955.9
1079870 1960.6
1079880 1960.6
1079890 1968.2
1079900 1978.1
1079910 1978.1
1079920 1985.9
1079930 1988.6
1079940 1988.6
1079950 1985.8
1079960 1988.5
1079970 1988.5
1079980 1973.1
1079990 1948.5
