1071830 1892.6
1071840 1893.8
1071850 1895.7
1071860 1895.7
1071870 1897.1
1071880 1898.6
1071890 1898.6
1071900 1901.0
1071910 1903.3
1071920 1904.1
1071930 1904.1
1071940 1905.8
1071950 1906.2
1071960 1906.2
1071970 1906.1
1071980 1906.7
1071990 1906.7
1072000 1907.2
1072010 1908.5
1072020 1908.5
1072030 1910.5
1072040 1913.3
1072050 1913.3
1072060 1916.0
1072070 1918.5
1072080 1918.5
1072090 1921.0
1072100 1924.3
1072110 1924.3
1072120 1928.0
1072130 1932.3
1072140 1933.2
1072150 1938.0
1072160 1942.9
1072170 1948.6
1072180 1948.6
1072190 1954.5
1072200 1960.9
1072210 1960.9
1072220 1967.4
1072230 1973.9
1072240 1973.9
1072250 1980.6
1072260 1987.2
1072270 1987.2
1072280 2000.0
1072290 2017.1
1072300 2017.1
1072310 2022.8
1072320 2031.0
1072330 2031.0
1072340 2043.3
1072350 2057.4
1072360 2057.4
1072370 2059.8
1072380 2052.3
1072390 2042.8
1072400 2042.8
1072410 2033.2
1072420 2030.3
1072430 2030.3
1072440 2025.6
1072450 2009.7
1072460 2009.7
1072470 1999.6
1072480 1994.6
1072490 1994.6
1072500 1984.6
1072510 1977.7
1072520 1977.7
1072530 1971.4
1072540 1965.1
1072550 1965.1
1072560 1961.3
1072570 1955.1
1072580 1955.1
1072590 1950.4
1072600 1946.1
1072610 1946.1
1072620 1937.1
1072630 1933.2
1072640 1930.8
1072650 1930.8
1072660 1929.0
1072670 1925.1
1072680 1925.1
1072690 1920.4
1072700 1918.1
1072710 1918.1
1072720 1914.7
1072730 1910.7
1072740 1910.7
1072750 1908.5
1072760 1898.3
1072770 1898.3
1072780 1896.3
1072790 1896.7
1072800 1896.7
1072810 1895.1
1072820 1890.3
1072830 1890.3
1072840 1886.4
1072850 1882.1
1072860 1880.5
1072870 1880.5
1072880 1878.5
1072890 1874.3
1072900 1874.3
1072910 1869.9
1072920 1867.7
1072930 1867.7
1072940 1866.4
1072950 1866.5
1072960 1866.5
1072970 1865.4
1072980 1862.3
1072990 1862.3
1073000 1860.0
1073010 1858.1
1073020 1858.1
1073030 1857.2
1073040 1855.8
1073050 1855.8
1073060 1852.8
1073070 1840.8
1073080 1840.8
1073090 1838.0
1073100 1835.9
1073110 1833.0
1073120 1833.0
1073130 1829.6
1073140 1824.2
1073150 1824.2
1073160 1817.7
1073170 1810.2
1073180 1810.2
1073190 1802.1
1073200 1794.3
1073210 1794.3
1073220 1789.3
1073230 1786.1
1073240 1786.1
1073250 1785.0
1073260 1783.5
1073270 1783.5
1073280 1782.5
1073290 1781.4
1073300 1781.4
1073310 1780.5
1073320 1780.2
1073330 1780.2
1073340 1778.7
1073350 1777.3
1073360 1775.8
1073370 1775.8
1073380 1769.8
1073390 1767.9
1073400 1767.9
1073410 1765.5
1073420 1763.8
1073430 1763.8
1073440 1762.0
1073450 1759.8
1073460 1759.8
1073470 1757.1
1073480 1753.9
1073490 1753.9
1073500 1751.0
1073510 1748.2
1073520 1748.2
1073530 1745.3
1073540 1741.9
1073550 1741.9
1073560 1738.1
1073570 1734.8
1073580 1732.4
1073590 1732.4
1073600 1728.3
1073610 1724.5
1073620 1724.5
1073630 1720.4
1073640 1715.7
1073650 1715.7
1073660 1710.9
1073670 1707.2
1073680 1703.8
1073690 1700.0
1073700 1697.5
1073710 1697.5
1073720 1694.5
1073730 1691.1
1073740 1691.1
1073750 1687.9
1073760 1685.0
1073770 1685.0
1073780 1682.4
1073790 1680.3
1073800 1680.3
1073810 1675.9
1073820 1671.3
1073830 1666.6
1073840 1666.6
1073850 1662.5
1073860 1659.3
1073870 1659.3
1073880 1657.4
1073890 1655.0
1073900 1655.0
1073910 1651.8
1073920 1647.5
1073930 1647.5
1073940 1643.6
1073950 1640.0
1073960 1640.0
1073970 1635.8
1073980 1629.8
1073990 1629.5
1074000 1623.5
1074010 1617.4
1074020 1617.4
1074030 1611.0
1074040 1603.2
1074050 1603.2
1074060 1596.9
1074070 1590.2
1074080 1584.6
1074090 1584.6
1074100 1579.4
1074110 1572.2
1074120 1572.2
1074130 1564.3
1074140 1556.5
1074150 1556.5
1074160 1549.1
1074170 1542.5
1074180 1542.5
1074190 1540.5
1074200 1537.1
1074210 1537.1
1074220 1532.0
1074230 1528.0
1074240 1528.0
1074250 1524.8
1074260 1520.5
1074270 1520.5
1074280 1512.5
1074290 1504.1
1074300 1496.9
1074310 1496.9
1074320 1490.2
1074330 1485.2
1074340 1485.2
1074350 1480.7
1074360 1475.0
1074370 1475.0
1074380 1469.4
1074390 1464.5
1074400 1464.5
1074410 1458.4
1074420 1449.8
1074430 1449.8
1074440 1440.8
1074450 1432.0
1074460 1432.0
1074470 1424.4
1074480 1418.1
1074490 1418.1
1074500 1413.7
1074510 1408.4
1074520 1408.4
1074530 1400.9
1074540 1393.4
1074550 1386.4
1074560 1386.4
1074570 1378.4
1074580 1370.3
1074590 1370.3
1074600 1362.3
1074610 1353.9
1074620 1353.9
1074630 1345.3
1074640 1336.5
1074650 1336.5
1074660 1327.8
1074670 1319.3
1074680 1319.3
1074690 1310.5
1074700 1302.1
1074710 1302.1
1074720 1294.2
1074730 1286.6
1074740 1286.6
1074750 1281.6
1074760 1278.0
1074770 1274.4
1074780 1274.4
1074790 1270.3
1074800 1266.2
1074810 1266.2
1074820 1262.4
1074830 1258.8
1074840 1258.8
1074850 1255.0
1074860 1251.2
1074870 1251.2
1074880 1247.1
1074890 1243.1
1074900 1243.1
1074910 1239.2
1074920 1234.6
1074930 1234.6
1074940 1230.6
1074950 1226.6
1074960 1226.6
1074970 1222.6
1074980 1218.9
1074990 1218.9
1075000 1215.4
1075010 1212.0
1075020 1208.6
1075030 1208.6
1075040 1205.6
1075050 1202.7
1075060 1202.7
1075070 1200.7
1075080 1198.9
1075090 1198.9
1075100 1197.1
1075110 1195.9
1075120 1195.9
1075130 1194.5
1075140 1192.6
1075150 1192.6
1075160 1190.4
1075170 1188.7
1075180 1188.7
1075190 1185.9
1075200 1179.8
1075210 1179.8
1075220 1173.6
1075230 1167.5
1075240 1167.5
1075250 1163.3
1075260 1160.9
1075270 1160.3
1075280 1160.3
1075290 1157.9
1075300 1157.9
1075310 1157.9
1075320 1158.1
1075330 1158.8
1075340 1158.8
1075350 1160.9
1075360 1166.6
1075370 1166.6
1075380 1172.7
1075390 1176.1
1075400 1176.1
1075410 1179.7
1075420 1184.1
1075430 1184.1
1075440 1186.6
1075450 1188.5
1075460 1188.5
1075470 1191.9
1075480 1196.6
1075490 1201.5
1075500 1201.5
1075510 1206.9
1075520 1211.8
1075530 1211.8
1075540 1220.4
1075550 1225.3
1075560 1225.3
1075570 1229.3
1075580 1234.7
1075590 1234.7
1075600 1239.3
1075610 1246.2
1075620 1246.2
1075630 1252.9
1075640 1259.3
1075650 1259.3
1075660 1265.9
1075670 1272.6
1075680 1272.6
1075690 1279.3
1075700 1285.9
1075710 1285.9
1075720 1293.3
1075730 1302.5
1075740 1311.5
1075750 1311.5
1075760 1319.9
1075770 1327.8
1075780 1327.8
1075790 1336.6
1075800 1343.7
1075810 1343.7
1075820 1352.9
1075830 1362.2
1075840 1362.2
1075850 1378.4
1075860 1390.8
1075870 1390.8
1075880 1401.4
1075890 1407.4
1075900 1407.4
1075910 1411.5
1075920 1417.3
1075930 1417.3
1075940 1424.3
1075950 1430.8
1075960 1430.8
1075970 1438.5
1075980 1445.2
1075990 1451.4
1076000 1451.4
1076010 1457.7
1076020 1463.9
1076030 1463.9
1076040 1472.2
1076050 1476.0
1076060 1476.0
1076070 1478.6
1076080 1481.4
1076090 1481.4
1076100 1486.0
1076110 1489.8
1076120 1489.8
1076130 1490.7
1076140 1493.7
1076150 1493.7
1076160 1500.5
1076170 1515.3
1076180 1515.3
1076190 1522.7
1076200 1530.1
1076210 1535.4
1076220 1535.4
1076230 1540.7
1076240 1545.4
1076250 1545.4
1076260 1547.6
1076270 1549.2
1076280 1549.2
1076290 1550.2
1076300 1552.0
1076310 1552.0
1076320 1553.9
1076330 1556.3
1076340 1556.3
1076350 1559.3
1076360 1562.0
1076370 1562.0
1076380 1565.0
1076390 1567.6
1076400 1567.6
1076410 1570.1
1076420 1572.2
1076430 1572.2
1076440 1575.2
1076450 1579.5
1076460 1583.6
1076470 1583.6
1076480 1594.0
1076490 1597.6
1076500 1597.6
1076510 1602.4
1076520 1607.1
1076530 1607.1
1076540 1611.8
1076550 1615.8
1076560 1615.8
1076570 1619.1
1076580 1622.4
1076590 1622.4
1076600 1627.9
1076610 1632.6
1076620 1632.6
1076630 1640.3
1076640 1644.9
1076650 1644.9
1076660 1648.1
1076670 1651.5
1076680 1660.1
1076690 1660.1
1076700 1669.6
1076710 1676.1
1076720 1676.1
1076730 1679.9
1076740 1682.6
1076750 1682.6
1076760 1687.4
1076770 1694.7
1076780 1694.7
1076790 1709.5
1076800 1712.8
1076810 1712.8
1076820 1718.8
1076830 1726.5
1076840 1726.5
1076850 1735.9
1076860 1743.2
1076870 1743.2
1076880 1744.6
1076890 1746.4
1076900 1746.4
1076910 1751.5
1076920 1758.3
1076930 1765.1
1076940 1765.1
1076950 1773.1
1076960 1781.2
1076970 1781.2
1076980 1789.2
1076990 1795.2
1077000 1795.2
1077010 1798.5
1077020 1803.3
1077030 1803.3
1077040 1811.5
1077050 1816.4
1077060 1816.4
1077070 1817.2
1077080 1808.5
1077090 1808.5
1077100 1797.5
1077110 1789.0
1077120 1789.0
1077130 1782.4
1077140 1775.1
1077150 1775.1
1077160 1768.1
1077170 1762.2
1077180 1755.3
1077190 1755.3
1077200 1748.3
1077210 1740.7
1077220 1740.7
1077230 1733.3
1077240 1725.8
1077250 1725.8
1077260 1717.7
1077270 1709.2
1077280 1709.2
1077290 1700.9
1077300 1691.9
1077310 1691.9
1077320 1687.1
1077330 1685.1
1077340 1685.1
1077350 1682.0
1077360 1678.1
1077370 1678.1
1077380 1672.4
1077390 1666.0
1077400 1659.1
1077410 1663.2
1077420 1656.2
1077430 1648.8
1077440 1648.8
1077450 1641.6
1077460 1633.5
1077470 1633.5
1077480 1626.1
1077490 1618.4
1077500 1618.4
1077510 1611.5
1077520 1604.4
1077530 1604.4
1077540 1597.4
1077550 1590.5
1077560 1590.5
1077570 1583.2
1077580 1576.2
1077590 1576.2
1077600 1569.8
1077610 1564.6
1077620 1564.6
1077630 1559.2
1077640 1554.7
1077650 1550.5
1077660 1550.5
1077670 1546.6
1077680 1544.0
1077690 1544.0
1077700 1540.6
1077710 1536.0
1077720 1540.1
1077730 1536.0
1077740 1533.7
1077750 1533.7
1077760 1531.9
1077770 1530.1
1077780 1530.1
1077790 1527.1
1077800 1523.5
1077810 1523.5
1077820 1521.4
1077830 1520.8
1077840 1520.8
1077850 1522.0
1077860 1523.0
1077870 1523.0
1077880 1522.8
1077890 1523.4
1077900 1527.4
1077910 1527.4
1077920 1532.2
1077930 1536.0
1077940 1536.0
1077950 1540.2
1077960 1545.4
1077970 1545.4
1077980 1551.4
1077990 1557.1
1078000 1557.1
1078010 1562.3
1078020 1567.9
1078030 1567.9
1078040 1573.1
1078050 1578.7
1078060 1578.7
1078070 1584.3
1078080 1590.1
1078090 1590.1
1078100 1596.7
1078110 1604.7
1078120 1613.8
1078130 1613.8
1078140 1622.0
1078150 1631.7
1078160 1631.7
1078170 1639.5
1078180 1646.7
1078190 1646.7
1078200 1654.1
1078210 1661.8
1078220 1661.8
1078230 1669.2
1078240 1676.6
1078250 1676.6
1078260 1684.6
1078270 1690.0
1078280 1690.0
1078290 1696.6
1078300 1704.2
1078310 1704.2
1078320 1712.8
1078330 1722.6
1078340 1722.6
1078350 1731.2
1078360 1737.2
1078370 1743.4
1078380 1743.4
1078390 1750.5
1078400 1758.5
1078410 1758.5
1078420 1767.9
1078430 1777.3
1078440 1777.3
1078450 1786.3
1078460 1795.3
1078470 1795.3
1078480 1803.2
1078490 1811.6
1078500 1811.6
1078510 1819.6
1078520 1826.8
1078530 1826.8
1078540 1832.6
1078550 1840.6
1078560 1840.6
1078570 1850.1
1078580 1857.9
1078590 1867.5
1078600 1867.5
1078610 1876.0
1078620 1882.4
1078630 1882.4
1078640 1889.1
1078650 1896.2
1078660 1897.2
1078670 1905.8
1078680 1914.8
1078690 1914.8
1078700 1921.2
1078710 1926.9
1078720 1926.9
1078730 1931.9
1078740 1936.2
1078750 1936.2
1078760 1941.5
1078770 1945.5
1078780 1945.5
1078790 1942.4
1078800 1934.1
1078810 1934.1
1078820 1926.1
1078830 1916.1
1078840 1905.5
1078850 1905.5
1078860 1893.5
1078870 1883.1
1078880 1883.1
1078890 1879.8
1078900 1873.4
1078910 1873.4
1078920 1866.2
1078930 1860.4
1078940 1860.4
1078950 1855.5
1078960 1848.1
1078970 1849.5
1078980 1844.0
1078990 1839.1
1079000 1839.1
1079010 1833.0
1079020 1827.1
1079030 1827.1
1079040 1821.4
1079050 1815.6
1079060 1815.6
1079070 1809.3
1079080 1803.8
1079090 1799.0
1079100 1799.0
1079110 1794.0
1079120 1788.8
1079130 1788.8
1079140 1784.0
1079150 1779.7
1079160 1779.7
1079170 1775.1
1079180 1770.0
1079190 1770.0
1079200 1766.3
1079210 1762.1
1079220 1762.1
1079230 1758.9
1079240 1756.3
1079250 1756.3
1079260 1754.2
1079270 1751.4
1079280 1751.4
1079290 1752.8
1079300 1751.1
1079310 1750.5
1079320 1750.5
1079330 1750.6
1079340 1751.1
1079350 1751.1
1079360 1750.9
1079370 1751.8
1079380 1751.8
1079390 1753.9
1079400 1756.1
1079410 1756.1
1079420 1757.7
1079430 1759.6
1079440 1759.6
1079450 1761.3
1079460 1763.1
1079470 1763.1
1079480 1765.0
1079490 1767.6
1079500 1767.6
1079510 1770.7
1079520 1776.0
1079530 1776.0
1079540 1781.5
1079550 1787.1
1079560 1792.5
1079570 1792.5
1079580 1797.9
1079590 1803.6
1079600 1804.8
1079610 1810.6
1079620 1817.1
1079630 1817.1
1079640 1824.1
1079650 1831.1
1079660 1831.1
1079670 1837.6
1079680 1843.5
1079690 1843.5
1079700 1850.3
1079710 1858.3
1079720 1858.3
1079730 1866.2
1079740 1874.7
1079750 1874.7
1079760 1882.9
1079770 1892.4
1079780 1903.4
1079790 1903.4
1079800 1917.2
1079810 1929.8
1079820 1929.8
1079830 1940.4
1079840 1948.1
1079850 1948.1
1079860 1955.9
1079870 1960.6
1079880 1960.6
1079890 1968.2
1079900 1978.1
1079910 1966.6
1079920 1975.3
1079930 1980.6
1079940 1980.6
1079950 1979.1
1079960 1969.9
1079970 1969.9
1079980 1961.6
1079990 1952.5
