1071850 1878.5
1071860 1878.5
1071870 1880.6
1071880 1883.8
1071890 1883.8
1071900 1888.5
1071910 1892.5
1071920 1895.8
1071930 1895.8
1071940 1899.6
1071950 1903.0
1071960 1903.0
1071970 1906.1
1071980 1910.3
1071990 1910.3
1072000 1915.6
1072010 1920.7
1072020 1920.7
1072030 1925.6
1072040 1931.8
1072050 1931.8
1072060 1936.7
1072070 1942.5
1072080 1942.5
1072090 1950.1
1072100 1956.5
1072110 1956.5
1072120 1961.2
1072130 1966.3
1072140 1966.3
1072150 1972.7
1072160 1980.1
1072170 1987.1
1072180 1987.1
1072190 1995.0
1072200 1999.9
1072210 1999.9
1072220 2005.2
1072230 2011.1
1072240 2011.1
1072250 2017.5
1072260 2024.0
1072270 2024.0
1072280 2031.8
1072290 2039.3
1072300 2039.3
1072310 2047.0
1072320 2054.8
1072330 2054.8
1072340 2062.4
1072350 2070.5
1072360 2070.5
1072370 2077.6
1072380 2084.7
1072390 2089.1
1072400 2089.1
1072410 2092.2
1072420 2095.1
1072430 2095.1
1072440 2098.7
1072450 2102.9
1072460 2101.4
1072470 2104.3
1072480 2102.8
1072490 2102.8
1072500 2099.1
1072510 2097.8
1072520 2097.8
1072530 2098.5
1072540 2100.0
1072550 2100.0
1072560 2101.7
1072570 2105.3
1072580 2105.3
1072590 2103.1
1072600 2095.1
1072610 2095.1
1072620 2091.8
1072630 2094.0
1072640 2094.6
1072650 2094.6
1072660 2096.1
1072670 2091.8
1072680 2091.8
1072690 2085.4
1072700 2081.1
1072710 2081.1
1072720 2079.2
1072730 2082.8
1072740 2082.8
1072750 2087.2
1072760 2082.8
1072770 2078.8
1072780 2072.6
1072790 2065.1
1072800 2065.1
1072810 2057.2
1072820 2049.1
1072830 2049.1
1072840 2042.5
1072850 2037.7
1072860 2036.8
1072870 2036.8
1072880 2034.2
1072890 2025.1
1072900 2025.1
1072910 2011.6
1072920 1998.1
1072930 1998.1
1072940 1984.8
1072950 1975.5
1072960 1975.5
1072970 1967.6
1072980 1961.5
1072990 1961.5
1073000 1955.4
1073010 1948.1
1073020 1948.1
1073030 1940.7
1073040 1933.0
1073050 1933.0
1073060 1925.7
1073070 1919.5
1073080 1919.1
1073090 1911.9
1073100 1908.1
1073110 1908.9
1073120 1908.9
1073130 1906.6
1073140 1902.6
1073150 1902.6
1073160 1898.5
1073170 1893.8
1073180 1893.8
1073190 1888.8
1073200 1882.8
1073210 1882.8
1073220 1875.9
1073230 1868.7
1073240 1868.7
1073250 1861.4
1073260 1853.9
1073270 1853.9
1073280 1847.8
1073290 1841.9
1073300 1841.9
1073310 1835.7
1073320 1829.9
1073330 1829.9
1073340 1824.8
1073350 1818.8
1073360 1812.6
1073370 1812.6
1073380 1805.5
1073390 1794.7
1073400 1794.7
1073410 1788.8
1073420 1783.4
1073430 1783.4
1073440 1778.7
1073450 1774.3
1073460 1774.3
1073470 1770.6
1073480 1768.5
1073490 1768.5
1073500 1766.0
1073510 1761.7
1073520 1761.7
1073530 1757.6
1073540 1754.0
1073550 1754.0
1073560 1750.6
1073570 1747.4
1073580 1744.5
1073590 1744.5
1073600 1740.8
1073610 1736.3
1073620 1736.3
1073630 1731.9
1073640 1727.4
1073650 1727.4
1073660 1724.7
1073670 1720.5
1073680 1720.5
1073690 1715.6
1073700 1709.2
1073710 1709.2
1073720 1705.6
1073730 1702.2
1073740 1702.2
1073750 1699.4
1073760 1695.9
1073770 1695.9
1073780 1692.1
1073790 1688.0
1073800 1688.0
1073810 1683.9
1073820 1680.7
1073830 1678.4
1073840 1678.4
1073850 1675.1
1073860 1670.1
1073870 1670.1
1073880 1664.5
1073890 1659.5
1073900 1659.5
1073910 1655.2
1073920 1651.6
1073930 1651.6
1073940 1647.9
1073950 1644.2
1073960 1644.2
1073970 1640.9
1073980 1638.0
1073990 1638.0
1074000 1632.0
1074010 1625.8
1074020 1625.8
1074030 1620.8
1074040 1616.4
1074050 1616.4
1074060 1610.2
1074070 1602.3
1074080 1595.4
1074090 1595.4
1074100 1590.7
1074110 1585.5
1074120 1585.5
1074130 1579.3
1074140 1573.3
1074150 1573.3
1074160 1566.8
1074170 1559.7
1074180 1559.7
1074190 1554.4
1074200 1550.4
1074210 1550.4
1074220 1546.7
1074230 1544.0
1074240 1544.0
1074250 1540.8
1074260 1536.3
1074270 1536.3
1074280 1532.1
1074290 1527.6
1074300 1521.8
1074310 1520.7
1074320 1515.3
1074330 1509.6
1074340 1509.6
1074350 1500.9
1074360 1491.8
1074370 1491.8
1074380 1482.6
1074390 1472.3
1074400 1472.3
1074410 1463.1
1074420 1455.0
1074430 1455.0
1074440 1446.6
1074450 1438.5
1074460 1438.5
1074470 1430.8
1074480 1423.2
1074490 1423.2
1074500 1415.9
1074510 1408.8
1074520 1408.8
1074530 1401.7
1074540 1395.1
1074550 1388.5
1074560 1388.5
1074570 1382.0
1074580 1375.6
1074590 1375.6
1074600 1369.3
1074610 1362.8
1074620 1361.2
1074630 1355.1
1074640 1348.7
1074650 1348.7
1074660 1342.6
1074670 1336.5
1074680 1336.5
1074690 1330.4
1074700 1324.6
1074710 1324.6
1074720 1318.8
1074730 1312.5
1074740 1312.5
1074750 1306.8
1074760 1301.1
1074770 1301.1
1074780 1295.6
1074790 1290.3
1074800 1285.1
1074810 1285.1
1074820 1280.1
1074830 1275.2
1074840 1275.2
1074850 1270.6
1074860 1266.1
1074870 1266.1
1074880 1260.8
1074890 1255.9
1074900 1255.9
1074910 1250.6
1074920 1246.2
1074930 1244.6
1074940 1242.0
1074950 1239.2
1074960 1239.2
1074970 1235.1
1074980 1231.1
1074990 1231.1
1075000 1227.9
1075010 1225.4
1075020 1222.5
1075030 1222.5
1075040 1219.6
1075050 1217.2
1075060 1217.2
1075070 1214.8
1075080 1212.7
1075090 1212.7
1075100 1210.1
1075110 1208.7
1075120 1208.7
1075130 1207.3
1075140 1205.4
1075150 1205.4
1075160 1203.7
1075170 1201.7
1075180 1201.7
1075190 1199.9
1075200 1198.1
1075210 1198.1
1075220 1196.1
1075230 1194.2
1075240 1193.5
1075250 1191.7
1075260 1189.7
1075270 1187.9
1075280 1187.9
1075290 1185.8
1075300 1183.0
1075310 1183.0
1075320 1177.4
1075330 1169.9
1075340 1169.9
1075350 1165.4
1075360 1161.4
1075370 1161.4
1075380 1159.6
1075390 1157.7
1075400 1157.7
1075410 1155.9
1075420 1154.4
1075430 1154.4
1075440 1153.5
1075450 1152.0
1075460 1152.0
1075470 1150.2
1075480 1149.7
1075490 1150.8
1075500 1150.8
1075510 1151.2
1075520 1152.1
1075530 1152.1
1075540 1156.2
1075550 1167.2
1075560 1167.2
1075570 1175.8
1075580 1183.5
1075590 1183.5
1075600 1189.9
1075610 1195.9
1075620 1195.9
1075630 1201.6
1075640 1207.1
1075650 1207.1
1075660 1212.5
1075670 1217.6
1075680 1217.6
1075690 1222.9
1075700 1228.0
1075710 1228.0
1075720 1233.2
1075730 1238.2
1075740 1243.2
1075750 1243.2
1075760 1246.7
1075770 1250.8
1075780 1250.8
1075790 1255.4
1075800 1259.9
1075810 1259.9
1075820 1265.8
1075830 1273.2
1075840 1273.2
1075850 1280.3
1075860 1288.3
1075870 1295.9
1075880 1303.5
1075890 1312.6
1075900 1312.6
1075910 1319.3
1075920 1324.4
1075930 1324.4
1075940 1328.7
1075950 1332.8
1075960 1332.8
1075970 1336.1
1075980 1339.5
1075990 1342.4
1076000 1342.4
1076010 1345.0
1076020 1349.7
1076030 1349.7
1076040 1355.9
1076050 1360.1
1076060 1360.1
1076070 1363.2
1076080 1367.1
1076090 1367.1
1076100 1371.8
1076110 1377.9
1076120 1377.9
1076130 1384.3
1076140 1391.2
1076150 1391.2
1076160 1401.9
1076170 1414.6
1076180 1420.0
1076190 1430.8
1076200 1439.5
1076210 1441.6
1076220 1441.6
1076230 1442.6
1076240 1439.6
1076250 1439.6
1076260 1439.7
1076270 1443.1
1076280 1443.1
1076290 1443.1
1076300 1439.9
1076310 1439.9
1076320 1448.5
1076330 1452.3
1076340 1452.3
1076350 1455.6
1076360 1460.8
1076370 1460.8
1076380 1463.9
1076390 1467.3
1076400 1467.3
1076410 1471.2
1076420 1475.6
1076430 1475.6
1076440 1480.1
1076450 1485.5
1076460 1491.8
1076470 1491.8
1076480 1498.1
1076490 1506.1
1076500 1506.1
1076510 1512.2
1076520 1518.2
1076530 1518.2
1076540 1524.2
1076550 1530.3
1076560 1530.3
1076570 1536.4
1076580 1543.0
1076590 1543.0
1076600 1548.9
1076610 1554.4
1076620 1554.4
1076630 1559.6
1076640 1563.0
1076650 1563.0
1076660 1566.5
1076670 1569.0
1076680 1569.0
1076690 1572.2
1076700 1576.7
1076710 1582.8
1076720 1582.8
1076730 1589.4
1076740 1595.5
1076750 1595.5
1076760 1599.2
1076770 1603.2
1076780 1603.2
1076790 1609.1
1076800 1617.0
1076810 1617.0
1076820 1621.3
1076830 1623.8
1076840 1623.8
1076850 1626.8
1076860 1631.2
1076870 1631.2
1076880 1636.1
1076890 1643.1
1076900 1643.1
1076910 1644.1
1076920 1643.2
1076930 1644.9
1076940 1644.9
1076950 1648.8
1076960 1656.0
1076970 1656.0
1076980 1664.9
1076990 1675.1
1077000 1675.1
1077010 1683.2
1077020 1686.5
1077030 1686.5
1077040 1684.1
1077050 1681.5
1077060 1681.5
1077070 1678.3
1077080 1673.5
1077090 1673.5
1077100 1672.3
1077110 1678.8
1077120 1678.8
1077130 1678.4
1077140 1676.2
1077150 1676.2
1077160 1666.8
1077170 1655.7
1077180 1649.5
1077190 1649.5
1077200 1648.5
1077210 1651.4
1077220 1651.4
1077230 1650.2
1077240 1641.6
1077250 1641.6
1077260 1637.3
1077270 1632.4
1077280 1632.4
1077290 1629.8
1077300 1614.3
1077310 1614.3
1077320 1596.6
1077330 1588.1
1077340 1588.1
1077350 1582.0
1077360 1573.7
1077370 1573.7
1077380 1566.2
1077390 1560.2
1077400 1560.2
1077410 1555.4
1077420 1556.4
1077430 1552.1
1077440 1552.1
1077450 1548.4
1077460 1543.2
1077470 1543.2
1077480 1537.9
1077490 1532.8
1077500 1532.8
1077510 1529.1
1077520 1527.7
1077530 1527.7
1077540 1525.0
1077550 1521.7
1077560 1521.7
1077570 1519.4
1077580 1517.3
1077590 1517.3
1077600 1513.8
1077610 1509.3
1077620 1509.3
1077630 1505.9
1077640 1502.3
1077650 1499.2
1077660 1499.2
1077670 1495.4
1077680 1491.7
1077690 1491.7
1077700 1486.9
1077710 1482.0
1077720 1482.0
1077730 1481.3
1077740 1478.6
1077750 1478.6
1077760 1475.5
1077770 1472.8
1077780 1472.8
1077790 1474.4
1077800 1477.2
1077810 1477.2
1077820 1480.7
1077830 1484.7
1077840 1484.7
1077850 1490.2
1077860 1495.9
1077870 1495.9
1077880 1500.7
1077890 1505.1
1077900 1509.1
1077910 1509.1
1077920 1513.8
1077930 1518.8
1077940 1518.8
1077950 1522.3
1077960 1525.6
1077970 1525.6
1077980 1529.8
1077990 1536.7
1078000 1536.7
1078010 1549.1
1078020 1565.6
1078030 1565.6
1078040 1573.6
1078050 1575.4
1078060 1575.4
1078070 1581.5
1078080 1587.6
1078090 1587.6
1078100 1594.5
1078110 1600.5
1078120 1606.3
1078130 1606.3
1078140 1612.7
1078150 1619.6
1078160 1619.6
1078170 1625.6
1078180 1631.2
1078190 1631.2
1078200 1638.5
1078210 1646.5
1078220 1646.5
1078230 1655.0
1078240 1663.1
1078250 1663.1
1078260 1668.6
1078270 1672.7
1078280 1672.7
1078290 1677.4
1078300 1684.4
1078310 1684.4
1078320 1692.8
1078330 1701.1
1078340 1701.1
1078350 1709.1
1078360 1718.2
1078370 1727.2
1078380 1727.2
1078390 1735.6
1078400 1741.1
1078410 1741.1
1078420 1745.1
1078430 1752.5
1078440 1752.5
1078450 1760.2
1078460 1767.7
1078470 1767.7
1078480 1775.0
1078490 1780.1
1078500 1780.1
1078510 1783.8
1078520 1789.9
1078530 1789.9
1078540 1796.2
1078550 1802.8
1078560 1802.8
1078570 1809.0
1078580 1815.1
1078590 1815.1
1078600 1820.4
1078610 1824.9
1078620 1830.1
1078630 1830.1
1078640 1835.1
1078650 1840.6
1078660 1840.6
1078670 1851.6
1078680 1853.8
1078690 1853.8
1078700 1847.9
1078710 1840.7
1078720 1840.7
1078730 1842.6
1078740 1840.7
1078750 1840.7
1078760 1838.5
1078770 1837.2
1078780 1837.2
1078790 1834.2
1078800 1818.2
1078810 1818.2
1078820 1807.1
1078830 1793.4
1078840 1779.0
1078850 1779.0
1078860 1764.3
1078870 1751.2
1078880 1751.2
1078890 1745.3
1078900 1741.4
1078910 1741.4
1078920 1737.9
1078930 1734.7
1078940 1734.7
1078950 1731.4
1078960 1728.0
1078970 1728.0
1078980 1730.1
1078990 1726.9
1079000 1726.9
1079010 1723.9
1079020 1720.5
1079030 1720.5
1079040 1718.0
1079050 1718.5
1079060 1718.5
1079070 1717.8
1079080 1715.2
1079090 1716.2
1079100 1716.2
1079110 1718.9
1079120 1720.7
1079130 1720.7
1079140 1723.5
1079150 1725.7
1079160 1725.7
1079170 1727.8
1079180 1728.4
1079190 1728.4
1079200 1728.3
1079210 1727.2
1079220 1727.2
1079230 1726.8
1079240 1725.5
1079250 1725.5
1079260 1725.5
1079270 1726.1
1079280 1726.1
1079290 1726.1
1079300 1728.3
1079310 1728.3
1079320 1732.0
1079330 1737.5
1079340 1740.5
1079350 1740.5
1079360 1743.8
1079370 1747.4
1079380 1747.4
1079390 1749.0
1079400 1749.3
1079410 1749.3
1079420 1750.3
1079430 1752.8
1079440 1752.8
1079450 1751.0
1079460 1745.4
1079470 1745.4
1079480 1745.7
1079490 1751.6
1079500 1751.6
1079510 1757.9
1079520 1767.3
1079530 1767.3
1079540 1779.4
1079550 1790.1
1079560 1800.2
1079570 1800.2
1079580 1810.0
1079590 1818.2
1079600 1818.2
1079610 1822.5
1079620 1830.6
1079630 1830.6
1079640 1837.8
1079650 1845.1
1079660 1845.1
1079670 1852.7
1079680 1860.6
1079690 1860.6
1079700 1868.3
1079710 1875.9
1079720 1875.9
1079730 1883.5
1079740 1891.4
1079750 1891.4
1079760 1899.0
1079770 1907.7
1079780 1907.7
1079790 1918.4
1079800 1925.5
1079810 1938.5
1079820 1938.5
1079830 1944.8
1079840 1941.9
1079850 1941.9
1079860 1933.9
1079870 1923.4
1079880 1923.4
1079890 1917.5
1079900 1913.9
1079910 1913.9
1079920 1913.7
1079930 1921.8
1079940 1921.8
1079950 1922.1
1079960 1921.6
1079970 1921.6
1079980 1901.2
1079990 1878.7
