1070950 1776.6
1070960 1776.6
1070970 1777.7
1070980 1778.3
1070990 1778.3
1071000 1779.3
1071010 1780.0
1071020 1780.0
1071030 1780.7
1071040 1781.7
1071050 1782.9
1071060 1782.9
1071070 1783.7
1071080 1786.3
1071090 1786.3
1071100 1789.1
1071110 1792.6
1071120 1792.6
1071130 1796.5
1071140 1800.3
1071150 1800.3
1071160 1809.8
1071170 1825.2
1071180 1825.2
1071190 1824.4
1071200 1825.7
1071210 1825.7
1071220 1827.4
1071230 1827.9
1071240 1827.9
1071250 1830.8
1071260 1835.1
1071270 1840.6
1071280 1843.8
1071290 1850.6
1071300 1852.8
1071310 1852.8
1071320 1856.6
1071330 1862.6
1071340 1862.6
1071350 1869.4
1071360 1874.1
1071370 1874.1
1071380 1877.4
1071390 1878.0
1071400 1878.0
1071410 1880.1
1071420 1882.8
1071430 1882.8
1071440 1880.6
1071450 1875.1
1071460 1875.1
1071470 1875.0
1071480 1875.7
1071490 1875.7
1071500 1868.3
1071510 1861.0
1071520 1855.5
1071530 1855.5
1071540 1851.1
1071550 1846.2
1071560 1846.2
1071570 1836.1
1071580 1829.8
1071590 1832.8
1071600 1831.6
1071610 1834.3
1071620 1834.3
1071630 1835.3
1071640 1835.4
1071650 1835.4
1071660 1833.9
1071670 1831.4
1071680 1831.4
1071690 1828.7
1071700 1826.3
1071710 1826.3
1071720 1823.5
1071730 1821.2
1071740 1821.2
1071750 1819.8
1071760 1817.1
1071770 1814.0
1071780 1814.0
1071790 1809.8
1071800 1806.5
1071810 1806.5
1071820 1802.5
1071830 1799.4
1071840 1799.4
1071850 1795.0
1071860 1791.0
1071870 1791.0
1071880 1787.1
1071890 1782.8
1071900 1785.0
1071910 1781.4
1071920 1778.8
1071930 1778.8
1071940 1776.2
1071950 1775.1
1071960 1775.1
1071970 1771.9
1071980 1769.4
1071990 1769.4
1072000 1767.1
1072010 1765.0
1072020 1761.8
1072030 1761.8
1072040 1757.4
1072050 1754.3
1072060 1754.3
1072070 1758.7
1072080 1763.1
1072090 1763.1
1072100 1762.3
1072110 1762.1
1072120 1762.1
1072130 1761.8
1072140 1761.1
1072150 1761.1
1072160 1759.3
1072170 1759.1
1072180 1759.1
1072190 1758.9
1072200 1762.1
1072210 1762.1
1072220 1760.6
1072230 1759.5
1072240 1759.5
1072250 1759.5
1072260 1761.7
1072270 1763.5
1072280 1763.5
1072290 1765.4
1072300 1767.4
1072310 1767.4
1072320 1768.4
1072330 1767.7
1072340 1767.7
1072350 1770.6
1072360 1771.1
1072370 1771.1
1072380 1771.7
1072390 1773.3
1072400 1773.3
1072410 1775.4
1072420 1778.1
1072430 1778.1
1072440 1781.3
1072450 1783.0
1072460 1783.0
1072470 1786.0
1072480 1789.0
1072490 1791.5
1072500 1791.5
1072510 1799.2
1072520 1801.7
1072530 1801.7
1072540 1805.4
1072550 1809.9
1072560 1809.9
1072570 1814.4
1072580 1818.8
1072590 1818.8
1072600 1823.5
1072610 1827.4
1072620 1827.4
1072630 1829.6
1072640 1833.9
1072650 1833.9
1072660 1840.0
1072670 1845.9
1072680 1845.9
1072690 1853.5
1072700 1862.5
1072710 1862.5
1072720 1881.0
1072730 1898.2
1072740 1899.7
1072750 1899.7
1072760 1906.9
1072770 1915.3
1072780 1915.3
1072790 1921.3
1072800 1927.4
1072810 1927.4
1072820 1938.1
1072830 1945.1
1072840 1945.1
1072850 1952.0
1072860 1959.5
1072870 1959.5
1072880 1965.7
1072890 1969.5
1072900 1969.5
1072910 1974.1
1072920 1978.2
1072930 1978.2
1072940 1982.0
1072950 1988.4
1072960 1997.3
1072970 1997.3
1072980 2005.7
1072990 2012.4
1073000 2012.4
1073010 2018.1
1073020 2023.9
1073030 2023.9
1073040 2030.2
1073050 2037.5
1073060 2037.5
1073070 2046.2
1073080 2055.2
1073090 2055.2
1073100 2062.7
1073110 2071.4
1073120 2071.4
1073130 2079.9
1073140 2087.6
1073150 2087.6
1073160 2095.0
1073170 2102.5
1073180 2102.5
1073190 2109.8
1073200 2116.0
1073210 2116.7
1073220 2116.7
1073230 2110.2
1073240 2102.6
1073250 2102.6
1073260 2095.3
1073270 2088.6
1073280 2088.6
1073290 2083.3
1073300 2078.3
1073310 2078.3
1073320 2073.9
1073330 2070.7
1073340 2070.7
1073350 2068.3
1073360 2066.6
1073370 2066.6
1073380 2063.5
1073390 2057.8
1073400 2057.8
1073410 2051.3
1073420 2045.3
1073430 2045.3
1073440 2033.0
1073450 2026.8
1073460 2020.0
1073470 2020.0
1073480 2012.9
1073490 2005.6
1073500 2005.6
1073510 1998.8
1073520 1991.8
1073530 1991.8
1073540 1984.5
1073550 1977.9
1073560 1977.9
1073570 1972.5
1073580 1968.4
1073590 1968.4
1073600 1966.4
1073610 1962.5
1073620 1962.5
1073630 1957.9
1073640 1953.6
1073650 1953.6
1073660 1943.4
1073670 1932.6
1073680 1924.8
1073690 1924.8
1073700 1917.3
1073710 1910.4
1073720 1910.4
1073730 1907.4
1073740 1907.6
1073750 1897.2
1073760 1895.3
1073770 1889.3
1073780 1889.3
1073790 1882.1
1073800 1882.1
1073810 1882.1
1073820 1877.3
1073830 1871.9
1073840 1871.9
1073850 1862.6
1073860 1854.6
1073870 1854.6
1073880 1847.7
1073890 1840.0
1073900 1840.0
1073910 1833.8
1073920 1829.4
1073930 1823.6
1073940 1823.6
1073950 1817.5
1073960 1811.9
1073970 1811.9
1073980 1807.7
1073990 1802.8
1074000 1802.8
1074010 1798.2
1074020 1793.6
1074030 1793.6
1074040 1789.2
1074050 1784.7
1074060 1780.7
1074070 1776.2
1074080 1772.5
1074090 1772.5
1074100 1770.5
1074110 1767.7
1074120 1767.7
1074130 1764.1
1074140 1760.6
1074150 1760.6
1074160 1760.1
1074170 1763.0
1074180 1764.2
1074190 1764.2
1074200 1763.4
1074210 1761.9
1074220 1761.9
1074230 1761.4
1074240 1761.4
1074250 1761.4
1074260 1759.6
1074270 1755.2
1074280 1755.2
1074290 1748.5
1074300 1740.5
1074310 1740.5
1074320 1734.7
1074330 1731.4
1074340 1731.4
1074350 1729.3
1074360 1727.8
1074370 1718.6
1074380 1714.0
1074390 1703.7
1074400 1690.0
1074410 1690.0
1074420 1678.9
1074430 1666.1
1074440 1666.1
1074450 1651.1
1074460 1638.9
1074470 1638.9
1074480 1630.2
1074490 1620.5
1074500 1620.5
1074510 1612.1
1074520 1603.8
1074530 1603.8
1074540 1596.9
1074550 1590.7
1074560 1590.7
1074570 1586.1
1074580 1580.4
1074590 1580.4
1074600 1571.0
1074610 1558.8
1074620 1558.8
1074630 1548.4
1074640 1538.2
1074650 1522.6
1074660 1522.6
1074670 1507.6
1074680 1502.9
1074690 1502.9
1074700 1489.6
1074710 1482.6
1074720 1482.6
1074730 1478.2
1074740 1473.4
1074750 1473.4
1074760 1467.2
1074770 1460.2
1074780 1460.2
1074790 1452.7
1074800 1449.5
1074810 1449.5
1074820 1449.0
1074830 1447.8
1074840 1447.8
1074850 1441.3
1074860 1433.0
1074870 1433.0
1074880 1429.3
1074890 1430.1
1074900 1436.9
1074910 1436.9
1074920 1435.8
1074930 1436.7
1074940 1436.7
1074950 1430.2
1074960 1419.0
1074970 1419.0
1074980 1417.8
1074990 1410.5
1075000 1410.5
1075010 1412.0
1075020 1415.0
1075030 1415.0
1075040 1416.8
1075050 1421.9
1075060 1421.9
1075070 1420.8
1075080 1420.7
1075090 1420.7
1075100 1435.0
1075110 1439.4
1075120 1440.4
1075130 1440.4
1075140 1438.4
1075150 1433.6
1075160 1433.6
1075170 1427.2
1075180 1417.7
1075190 1417.7
1075200 1407.6
1075210 1401.1
1075220 1401.1
1075230 1395.3
1075240 1386.8
1075250 1386.8
1075260 1378.1
1075270 1370.7
1075280 1370.7
1075290 1364.7
1075300 1342.5
1075310 1342.5
1075320 1329.2
1075330 1322.7
1075340 1322.7
1075350 1319.3
1075360 1312.2
1075370 1302.3
1075380 1302.3
1075390 1294.6
1075400 1287.9
1075410 1287.9
1075420 1283.0
1075430 1279.8
1075440 1279.8
1075450 1277.3
1075460 1273.8
1075470 1273.8
1075480 1269.3
1075490 1264.7
1075500 1264.7
1075510 1260.1
1075520 1255.9
1075530 1255.9
1075540 1252.0
1075550 1248.4
1075560 1248.4
1075570 1244.6
1075580 1240.5
1075590 1240.5
1075600 1235.9
1075610 1228.6
1075620 1225.4
1075630 1225.4
1075640 1222.1
1075650 1219.4
1075660 1219.4
1075670 1218.6
1075680 1217.2
1075690 1217.2
1075700 1214.5
1075710 1211.4
1075720 1211.4
1075730 1208.4
1075740 1205.5
1075750 1205.5
1075760 1202.8
1075770 1199.8
1075780 1199.8
1075790 1197.0
1075800 1192.8
1075810 1192.8
1075820 1189.7
1075830 1186.1
1075840 1186.1
1075850 1181.4
1075860 1178.2
1075870 1176.7
1075880 1176.7
1075890 1172.7
1075900 1168.6
1075910 1168.6
1075920 1160.6
1075930 1156.3
1075940 1156.3
1075950 1150.5
1075960 1144.2
1075970 1144.2
1075980 1141.4
1075990 1138.9
1076000 1138.9
1076010 1134.8
1076020 1132.4
1076030 1132.4
1076040 1129.1
1076050 1127.1
1076060 1127.1
1076070 1131.6
1076080 1139.0
1076090 1143.0
1076100 1143.0
1076110 1143.2
1076120 1143.1
1076130 1143.1
1076140 1143.4
1076150 1142.8
1076160 1142.8
1076170 1143.4
1076180 1144.8
1076190 1144.8
1076200 1145.7
1076210 1145.5
1076220 1145.5
1076230 1148.3
1076240 1149.2
1076250 1149.2
1076260 1149.0
1076270 1149.3
1076280 1149.3
1076290 1149.9
1076300 1151.1
1076310 1151.1
1076320 1149.6
1076330 1152.4
1076340 1155.1
1076350 1155.1
1076360 1154.7
1076370 1155.6
1076380 1155.6
1076390 1155.0
1076400 1155.1
1076410 1155.1
1076420 1156.7
1076430 1158.2
1076440 1158.2
1076450 1160.3
1076460 1161.9
1076470 1161.9
1076480 1163.3
1076490 1164.9
1076500 1164.9
1076510 1166.9
1076520 1170.0
1076530 1170.0
1076540 1176.8
1076550 1180.9
1076560 1180.9
1076570 1184.0
1076580 1186.0
1076590 1188.8
1076600 1188.8
1076610 1192.7
1076620 1197.4
1076630 1197.4
1076640 1201.4
1076650 1205.7
1076660 1205.7
1076670 1209.3
1076680 1212.2
1076690 1212.2
1076700 1214.8
1076710 1217.5
1076720 1217.5
1076730 1220.5
1076740 1223.8
1076750 1223.8
1076760 1227.2
1076770 1230.7
1076780 1230.7
1076790 1233.8
1076800 1236.6
1076810 1239.1
1076820 1239.1
1076830 1241.0
1076840 1242.3
1076850 1249.5
1076860 1249.8
1076870 1251.8
1076880 1251.8
1076890 1255.1
1076900 1258.4
1076910 1258.4
1076920 1260.9
1076930 1263.5
1076940 1263.5
1076950 1266.1
1076960 1268.8
1076970 1268.8
1076980 1272.5
1076990 1275.0
1077000 1275.0
1077010 1277.7
1077020 1280.6
1077030 1280.6
1077040 1283.7
1077050 1286.9
1077060 1290.4
1077070 1290.4
1077080 1293.8
1077090 1296.1
1077100 1296.1
1077110 1298.3
1077120 1301.2
1077130 1301.2
1077140 1304.5
1077150 1306.2
1077160 1313.5
1077170 1314.4
1077180 1314.5
1077190 1314.5
1077200 1314.5
1077210 1315.7
1077220 1315.7
1077230 1317.4
1077240 1318.1
1077250 1318.1
1077260 1317.7
1077270 1316.4
1077280 1316.4
1077290 1314.7
1077300 1312.2
1077310 1309.6
1077320 1309.6
1077330 1307.8
1077340 1307.1
1077350 1307.1
1077360 1304.6
1077370 1300.8
1077380 1300.8
1077390 1300.6
1077400 1299.4
1077410 1299.4
1077420 1291.1
1077430 1283.7
1077440 1283.7
1077450 1276.3
1077460 1272.6
1077470 1279.8
1077480 1276.6
1077490 1277.2
1077500 1277.2
1077510 1283.8
1077520 1289.8
1077530 1297.6
1077540 1297.6
1077550 1306.9
1077560 1315.0
1077570 1315.0
1077580 1321.4
1077590 1327.4
1077600 1327.4
1077610 1333.6
1077620 1340.2
1077630 1340.2
1077640 1346.9
1077650 1353.8
1077660 1353.8
1077670 1360.0
1077680 1366.4
1077690 1366.4
1077700 1369.8
1077710 1371.7
1077720 1371.7
1077730 1374.5
1077740 1377.3
1077750 1377.3
1077760 1378.3
1077770 1376.6
1077780 1375.2
1077790 1375.2
1077800 1374.9
1077810 1377.6
1077820 1377.6
1077830 1380.7
1077840 1385.6
1077850 1385.6
1077860 1390.7
1077870 1395.8
1077880 1395.8
1077890 1400.5
1077900 1404.9
1077910 1404.9
1077920 1409.7
1077930 1415.0
1077940 1415.0
1077950 1420.1
1077960 1425.1
1077970 1425.1
1077980 1430.2
1077990 1435.6
1078000 1435.6
1078010 1441.4
1078020 1447.8
1078030 1454.2
1078040 1454.2
1078050 1460.7
1078060 1466.4
1078070 1466.4
1078080 1472.0
1078090 1477.9
1078100 1480.4
1078110 1486.2
1078120 1492.2
1078130 1492.2
1078140 1498.7
1078150 1505.1
1078160 1505.1
1078170 1511.6
1078180 1518.8
1078190 1518.8
1078200 1525.6
1078210 1532.2
1078220 1532.2
1078230 1539.1
1078240 1546.0
1078250 1552.9
1078260 1552.9
1078270 1559.8
1078280 1566.6
1078290 1566.6
1078300 1573.6
1078310 1579.9
1078320 1579.9
1078330 1586.1
1078340 1592.5
1078350 1592.5
1078360 1599.5
1078370 1607.8
1078380 1607.8
1078390 1614.9
1078400 1618.8
1078410 1623.1
1078420 1626.0
1078430 1627.3
1078440 1627.3
1078450 1627.4
1078460 1623.7
1078470 1623.7
1078480 1617.9
1078490 1610.8
1078500 1602.3
1078510 1602.3
1078520 1593.8
1078530 1586.1
1078540 1586.1
1078550 1579.3
1078560 1571.2
1078570 1571.2
1078580 1564.0
1078590 1558.3
1078600 1558.3
1078610 1552.4
1078620 1546.6
1078630 1546.6
1078640 1540.8
1078650 1534.9
1078660 1534.9
1078670 1529.4
1078680 1523.8
1078690 1523.8
1078700 1518.4
1078710 1514.1
1078720 1518.7
1078730 1515.2
1078740 1513.2
1078750 1514.6
1078760 1514.6
1078770 1515.2
1078780 1513.6
1078790 1513.6
1078800 1511.1
1078810 1511.2
1078820 1511.2
1078830 1508.9
1078840 1505.3
1078850 1505.3
1078860 1501.2
1078870 1497.9
1078880 1497.9
1078890 1495.4
1078900 1494.7
1078910 1494.7
1078920 1494.4
1078930 1492.0
1078940 1492.0
1078950 1489.4
1078960 1489.3
1078970 1490.4
1078980 1490.4
1078990 1493.5
1079000 1498.7
1079010 1498.7
1079020 1504.3
1079030 1509.4
1079040 1511.8
1079050 1517.8
1079060 1523.6
1079070 1523.6
1079080 1531.2
1079090 1538.9
1079100 1538.9
1079110 1547.4
1079120 1557.1
1079130 1557.1
1079140 1572.7
1079150 1585.7
1079160 1585.7
1079170 1593.1
1079180 1599.4
1079190 1599.4
1079200 1605.8
1079210 1612.3
1079220 1619.1
1079230 1619.1
1079240 1626.1
1079250 1633.2
1079260 1633.2
1079270 1641.8
1079280 1649.9
1079290 1649.9
1079300 1658.3
1079310 1667.2
1079320 1667.2
1079330 1676.2
1079340 1683.5
1079350 1685.1
1079360 1695.1
1079370 1704.5
1079380 1704.5
1079390 1688.8
1079400 1657.9
1079410 1657.9
1079420 1646.2
1079430 1634.6
1079440 1634.6
1079450 1625.7
1079460 1619.3
1079470 1612.4
1079480 1612.4
1079490 1605.9
1079500 1599.7
1079510 1599.7
1079520 1593.7
1079530 1587.5
1079540 1587.5
1079550 1581.5
1079560 1575.3
1079570 1575.3
1079580 1569.6
1079590 1565.1
1079600 1565.1
1079610 1563.3
1079620 1561.3
1079630 1561.3
1079640 1561.4
1079650 1565.2
1079660 1567.8
1079670 1571.9
1079680 1575.7
1079690 1574.7
1079700 1574.7
1079710 1574.3
1079720 1574.3
1079730 1574.3
1079740 1573.0
1079750 1573.1
1079760 1573.1
1079770 1576.5
1079780 1581.4
1079790 1581.4
1079800 1585.4
1079810 1587.6
1079820 1587.6
1079830 1586.8
1079840 1585.3
1079850 1585.3
1079860 1585.2
1079870 1585.8
1079880 1585.8
1079890 1585.6
1079900 1583.8
1079910 1583.8
1079920 1582.7
1079930 1583.4
1079940 1587.0
1079950 1587.0
1079960 1590.5
1079970 1594.3
1079980 1595.6
1079990 1599.4
