1071040 1855.5
1071050 1855.5
1071060 1853.6
1071070 1850.9
1071080 1850.9
1071090 1845.0
1071100 1839.7
1071110 1839.7
1071120 1838.1
1071130 1837.3
1071140 1837.3
1071150 1837.2
1071160 1838.1
1071170 1838.1
1071180 1835.2
1071190 1830.3
1071200 1826.2
1071210 1826.2
1071220 1824.8
1071230 1827.5
1071240 1827.5
1071250 1832.0
1071260 1837.2
1071270 1837.2
1071280 1840.9
1071290 1844.0
1071300 1844.0
1071310 1845.5
1071320 1845.2
1071330 1845.2
1071340 1844.4
1071350 1844.2
1071360 1844.2
1071370 1843.8
1071380 1844.8
1071390 1844.8
1071400 1845.5
1071410 1845.7
1071420 1846.0
1071430 1846.0
1071440 1845.4
1071450 1843.9
1071460 1843.9
1071470 1843.5
1071480 1845.2
1071490 1845.2
1071500 1848.1
1071510 1851.0
1071520 1851.0
1071530 1855.9
1071540 1859.7
1071550 1859.7
1071560 1857.0
1071570 1861.6
1071580 1861.6
1071590 1867.2
1071600 1872.6
1071610 1872.6
1071620 1877.3
1071630 1882.4
1071640 1882.4
1071650 1887.3
1071660 1892.0
1071670 1894.6
1071680 1894.6
1071690 1896.3
1071700 1898.4
1071710 1898.4
1071720 1902.3
1071730 1905.9
1071740 1905.9
1071750 1904.4
1071760 1901.0
1071770 1901.0
1071780 1899.1
1071790 1896.5
1071800 1896.5
1071810 1895.5
1071820 1896.3
1071830 1896.3
1071840 1897.7
1071850 1899.2
1071860 1904.8
1071870 1903.5
1071880 1902.1
1071890 1902.1
1071900 1898.8
1071910 1900.9
1071920 1914.6
1071930 1914.6
1071940 1909.6
1071950 1895.6
1071960 1895.6
1071970 1890.8
1071980 1889.2
1071990 1889.2
1072000 1886.7
1072010 1886.9
1072020 1886.9
1072030 1896.0
1072040 1904.0
1072050 1904.0
1072060 1896.8
1072070 1889.5
1072080 1889.5
1072090 1887.8
1072100 1883.6
1072110 1883.6
1072120 1888.7
1072130 1891.4
1072140 1889.5
1072150 1889.5
1072160 1887.9
1072170 1893.3
1072180 1893.3
1072190 1892.5
1072200 1890.8
1072210 1890.8
1072220 1887.4
1072230 1883.7
1072240 1883.7
1072250 1880.2
1072260 1877.9
1072270 1877.9
1072280 1876.4
1072290 1876.1
1072300 1876.1
1072310 1876.9
1072320 1878.8
1072330 1878.8
1072340 1879.7
1072350 1880.9
1072360 1880.9
1072370 1882.0
1072380 1884.1
1072390 1884.9
1072400 1884.9
1072410 1886.2
1072420 1888.4
1072430 1888.4
1072440 1890.4
1072450 1893.4
1072460 1893.4
1072470 1895.7
1072480 1904.1
1072490 1904.1
1072500 1906.6
1072510 1909.4
1072520 1909.4
1072530 1914.1
1072540 1920.0
1072550 1920.0
1072560 1930.5
1072570 1940.5
1072580 1940.5
1072590 1948.9
1072600 1957.0
1072610 1957.0
1072620 1963.9
1072630 1970.6
1072640 1973.9
1072650 1973.9
1072660 1972.3
1072670 1974.2
1072680 1974.2
1072690 1980.3
1072700 1988.3
1072710 1988.3
1072720 1994.1
1072730 1995.1
1072740 1995.1
1072750 2006.4
1072760 2009.8
1072770 2009.8
1072780 2014.1
1072790 2038.6
1072800 2038.6
1072810 2045.3
1072820 2050.9
1072830 2050.9
1072840 2058.2
1072850 2067.8
1072860 2075.1
1072870 2075.1
1072880 2078.7
1072890 2086.6
1072900 2086.6
1072910 2088.8
1072920 2086.7
1072930 2086.7
1072940 2093.4
1072950 2106.3
1072960 2106.3
1072970 2114.4
1072980 2116.1
1072990 2116.1
1073000 2107.6
1073010 2096.2
1073020 2096.2
1073030 2088.2
1073040 2081.8
1073050 2081.8
1073060 2076.1
1073070 2072.5
1073080 2072.5
1073090 2068.7
1073100 2054.2
1073110 2050.4
1073120 2050.4
1073130 2043.1
1073140 2038.7
1073150 2038.7
1073160 2033.1
1073170 2028.1
1073180 2028.1
1073190 2023.3
1073200 2018.0
1073210 2018.0
1073220 2012.1
1073230 2006.6
1073240 2006.6
1073250 2000.1
1073260 1990.8
1073270 1990.8
1073280 1979.3
1073290 1970.2
1073300 1970.2
1073310 1964.2
1073320 1961.8
1073330 1961.8
1073340 1955.8
1073350 1950.4
1073360 1944.1
1073370 1944.1
1073380 1938.1
1073390 1932.3
1073400 1932.3
1073410 1921.6
1073420 1917.3
1073430 1917.3
1073440 1907.7
1073450 1896.6
1073460 1896.6
1073470 1889.1
1073480 1884.2
1073490 1884.2
1073500 1879.4
1073510 1873.9
1073520 1873.9
1073530 1867.9
1073540 1861.6
1073550 1861.6
1073560 1855.1
1073570 1849.0
1073580 1843.2
1073590 1843.2
1073600 1837.5
1073610 1831.9
1073620 1831.9
1073630 1826.7
1073640 1821.4
1073650 1821.4
1073660 1816.2
1073670 1811.5
1073680 1811.5
1073690 1806.9
1073700 1803.7
1073710 1803.7
1073720 1797.3
1073730 1794.4
1073740 1794.4
1073750 1790.8
1073760 1788.0
1073770 1788.0
1073780 1785.4
1073790 1782.1
1073800 1782.1
1073810 1777.7
1073820 1773.3
1073830 1769.8
1073840 1769.8
1073850 1765.9
1073860 1763.2
1073870 1763.2
1073880 1759.8
1073890 1755.5
1073900 1755.5
1073910 1753.0
1073920 1750.3
1073930 1750.3
1073940 1748.0
1073950 1745.8
1073960 1745.8
1073970 1745.1
1073980 1744.5
1073990 1744.5
1074000 1739.4
1074010 1733.7
1074020 1729.0
1074030 1723.1
1074040 1717.9
1074050 1717.9
1074060 1711.6
1074070 1701.6
1074080 1693.5
1074090 1693.5
1074100 1686.9
1074110 1680.5
1074120 1680.5
1074130 1674.1
1074140 1668.3
1074150 1668.3
1074160 1662.5
1074170 1657.5
1074180 1657.5
1074190 1652.5
1074200 1646.6
1074210 1646.6
1074220 1642.0
1074230 1637.5
1074240 1637.5
1074250 1631.7
1074260 1624.4
1074270 1624.4
1074280 1617.3
1074290 1611.0
1074300 1605.2
1074310 1605.2
1074320 1600.1
1074330 1594.7
1074340 1594.7
1074350 1588.8
1074360 1581.4
1074370 1581.4
1074380 1571.9
1074390 1565.9
1074400 1565.9
1074410 1561.4
1074420 1555.5
1074430 1555.5
1074440 1547.7
1074450 1541.7
1074460 1541.7
1074470 1537.0
1074480 1533.2
1074490 1533.2
1074500 1530.7
1074510 1528.7
1074520 1528.7
1074530 1525.0
1074540 1520.5
1074550 1514.4
1074560 1514.4
1074570 1510.6
1074580 1508.3
1074590 1508.3
1074600 1503.8
1074610 1499.4
1074620 1499.4
1074630 1494.8
1074640 1486.0
1074650 1486.0
1074660 1481.6
1074670 1475.8
1074680 1475.8
1074690 1471.4
1074700 1464.4
1074710 1464.4
1074720 1456.0
1074730 1448.7
1074740 1448.7
1074750 1443.6
1074760 1440.2
1074770 1440.2
1074780 1434.4
1074790 1425.4
1074800 1411.5
1074810 1411.5
1074820 1402.1
1074830 1392.3
1074840 1392.3
1074850 1380.2
1074860 1371.8
1074870 1371.8
1074880 1364.8
1074890 1357.7
1074900 1357.7
1074910 1350.7
1074920 1344.2
1074930 1344.2
1074940 1339.7
1074950 1331.8
1074960 1331.8
1074970 1327.9
1074980 1324.3
1074990 1324.3
1075000 1320.7
1075010 1316.5
1075020 1312.3
1075030 1312.3
1075040 1308.2
1075050 1304.4
1075060 1304.4
1075070 1303.2
1075080 1302.3
1075090 1302.3
1075100 1301.1
1075110 1301.3
1075120 1301.3
1075130 1300.2
1075140 1297.7
1075150 1297.7
1075160 1294.0
1075170 1289.6
1075180 1289.6
1075190 1284.5
1075200 1279.3
1075210 1279.3
1075220 1274.3
1075230 1270.1
1075240 1270.1
1075250 1266.8
1075260 1262.1
1075270 1259.3
1075280 1259.3
1075290 1256.5
1075300 1253.0
1075310 1253.0
1075320 1249.6
1075330 1246.9
1075340 1246.9
1075350 1245.3
1075360 1243.2
1075370 1243.2
1075380 1240.2
1075390 1236.5
1075400 1236.5
1075410 1232.4
1075420 1228.4
1075430 1228.4
1075440 1224.2
1075450 1220.1
1075460 1220.1
1075470 1216.3
1075480 1212.3
1075490 1212.3
1075500 1208.4
1075510 1204.3
1075520 1200.1
1075530 1200.1
1075540 1195.5
1075550 1191.3
1075560 1191.3
1075570 1187.3
1075580 1184.1
1075590 1184.1
1075600 1181.1
1075610 1177.9
1075620 1177.9
1075630 1174.8
1075640 1172.1
1075650 1172.1
1075660 1169.6
1075670 1166.6
1075680 1166.6
1075690 1163.2
1075700 1160.0
1075710 1160.0
1075720 1156.9
1075730 1150.3
1075740 1142.7
1075750 1142.7
1075760 1139.6
1075770 1139.4
1075780 1139.4
1075790 1139.1
1075800 1138.9
1075810 1138.9
1075820 1138.8
1075830 1138.3
1075840 1138.3
1075850 1136.5
1075860 1136.6
1075870 1136.6
1075880 1138.7
1075890 1141.2
1075900 1141.2
1075910 1142.3
1075920 1147.6
1075930 1147.6
1075940 1152.3
1075950 1155.4
1075960 1155.4
1075970 1158.1
1075980 1161.3
1075990 1168.6
1076000 1168.6
1076010 1177.6
1076020 1181.2
1076030 1181.2
1076040 1182.7
1076050 1184.0
1076060 1184.0
1076070 1185.7
1076080 1187.1
1076090 1187.1
1076100 1188.4
1076110 1189.9
1076120 1189.9
1076130 1191.0
1076140 1191.8
1076150 1191.8
1076160 1193.2
1076170 1196.0
1076180 1196.0
1076190 1199.0
1076200 1202.9
1076210 1202.9
1076220 1205.8
1076230 1208.4
1076240 1211.5
1076250 1211.5
1076260 1215.7
1076270 1220.1
1076280 1220.1
1076290 1224.1
1076300 1228.6
1076310 1228.6
1076320 1234.3
1076330 1240.5
1076340 1240.5
1076350 1245.2
1076360 1248.3
1076370 1248.3
1076380 1252.4
1076390 1257.7
1076400 1257.7
1076410 1261.8
1076420 1263.7
1076430 1263.7
1076440 1266.6
1076450 1271.0
1076460 1272.6
1076470 1272.6
1076480 1274.1
1076490 1280.5
1076500 1280.5
1076510 1288.8
1076520 1293.7
1076530 1293.7
1076540 1300.7
1076550 1307.2
1076560 1307.2
1076570 1312.5
1076580 1320.5
1076590 1320.5
1076600 1326.9
1076610 1335.5
1076620 1335.5
1076630 1344.1
1076640 1354.7
1076650 1354.7
1076660 1364.4
1076670 1373.2
1076680 1373.2
1076690 1379.7
1076700 1386.6
1076710 1393.3
1076720 1393.3
1076730 1399.0
1076740 1403.5
1076750 1403.5
1076760 1408.5
1076770 1416.6
1076780 1416.6
1076790 1427.0
1076800 1436.5
1076810 1436.5
1076820 1449.7
1076830 1456.6
1076840 1456.6
1076850 1463.2
1076860 1470.1
1076870 1470.1
1076880 1477.9
1076890 1486.1
1076900 1486.1
1076910 1494.8
1076920 1505.6
1076930 1505.6
1076940 1516.4
1076950 1525.7
1076960 1532.6
1076970 1532.6
1076980 1537.8
1076990 1542.1
1077000 1542.1
1077010 1544.3
1077020 1544.7
1077030 1544.7
1077040 1543.7
1077050 1541.5
1077060 1541.5
1077070 1538.4
1077080 1534.1
1077090 1534.1
1077100 1528.4
1077110 1522.1
1077120 1522.1
1077130 1516.8
1077140 1510.3
1077150 1510.3
1077160 1503.8
1077170 1496.6
1077180 1488.8
1077190 1488.8
1077200 1481.3
1077210 1473.8
1077220 1473.8
1077230 1466.4
1077240 1458.4
1077250 1458.4
1077260 1449.3
1077270 1439.7
1077280 1439.7
1077290 1430.2
1077300 1422.7
1077310 1422.7
1077320 1415.9
1077330 1408.2
1077340 1408.2
1077350 1401.1
1077360 1394.8
1077370 1394.8
1077380 1386.1
1077390 1381.1
1077400 1381.1
1077410 1385.3
1077420 1388.8
1077430 1385.5
1077440 1394.4
1077450 1396.9
1077460 1399.4
1077470 1399.4
1077480 1394.3
1077490 1390.4
1077500 1390.4
1077510 1383.8
1077520 1377.4
1077530 1377.4
1077540 1372.4
1077550 1365.0
1077560 1365.0
1077570 1366.5
1077580 1365.2
1077590 1365.2
1077600 1359.6
1077610 1355.2
1077620 1355.2
1077630 1350.1
1077640 1343.5
1077650 1343.5
1077660 1344.6
1077670 1350.8
1077680 1358.0
1077690 1358.0
1077700 1365.8
1077710 1373.9
1077720 1373.9
1077730 1381.8
1077740 1385.9
1077750 1388.2
1077760 1389.7
1077770 1390.4
1077780 1390.4
1077790 1392.3
1077800 1394.9
1077810 1394.9
1077820 1398.9
1077830 1401.0
1077840 1401.0
1077850 1402.2
1077860 1405.6
1077870 1405.6
1077880 1410.6
1077890 1416.0
1077900 1422.1
1077910 1422.1
1077920 1428.8
1077930 1435.4
1077940 1435.4
1077950 1442.1
1077960 1448.5
1077970 1448.5
1077980 1455.4
1077990 1461.9
1078000 1461.9
1078010 1469.0
1078020 1476.0
1078030 1476.0
1078040 1483.1
1078050 1489.3
1078060 1489.3
1078070 1499.3
1078080 1505.4
1078090 1505.4
1078100 1511.7
1078110 1521.7
1078120 1521.7
1078130 1532.4
1078140 1540.9
1078150 1550.9
1078160 1550.9
1078170 1560.4
1078180 1574.4
1078190 1574.4
1078200 1583.4
1078210 1591.2
1078220 1591.2
1078230 1599.7
1078240 1615.1
1078250 1615.1
1078260 1627.0
1078270 1633.6
1078280 1633.6
1078290 1640.8
1078300 1650.1
1078310 1650.1
1078320 1664.4
1078330 1673.6
1078340 1673.6
1078350 1684.2
1078360 1697.6
1078370 1697.6
1078380 1711.1
1078390 1727.1
1078400 1735.9
1078410 1735.9
1078420 1741.4
1078430 1744.1
1078440 1744.1
1078450 1744.1
1078460 1744.5
1078470 1744.5
1078480 1739.5
1078490 1726.5
1078500 1726.5
1078510 1712.9
1078520 1704.4
1078530 1704.4
1078540 1697.7
1078550 1690.7
1078560 1690.7
1078570 1684.1
1078580 1677.7
1078590 1677.7
1078600 1671.1
1078610 1664.7
1078620 1658.4
1078630 1658.4
1078640 1652.0
1078650 1645.3
1078660 1645.3
1078670 1638.9
1078680 1632.6
1078690 1636.5
1078700 1630.1
1078710 1624.0
1078720 1624.0
1078730 1618.0
1078740 1612.3
1078750 1612.3
1078760 1606.9
1078770 1601.9
1078780 1601.9
1078790 1598.8
1078800 1600.3
1078810 1600.3
1078820 1604.9
1078830 1606.3
1078840 1606.3
1078850 1606.4
1078860 1604.2
1078870 1601.3
1078880 1601.3
1078890 1598.4
1078900 1594.3
1078910 1594.3
1078920 1591.6
1078930 1594.2
1078940 1594.2
1078950 1597.7
1078960 1600.8
1078970 1600.8
1078980 1601.6
1078990 1601.3
1079000 1601.3
1079010 1603.6
1079020 1604.6
1079030 1604.6
1079040 1602.2
1079050 1599.1
1079060 1599.1
1079070 1595.1
1079080 1591.6
1079090 1591.6
1079100 1589.1
1079110 1586.6
1079120 1589.0
1079130 1589.0
1079140 1595.8
1079150 1601.2
1079160 1601.2
1079170 1604.1
1079180 1604.6
1079190 1604.6
1079200 1604.6
1079210 1607.0
1079220 1607.0
1079230 1612.4
1079240 1618.7
1079250 1618.7
1079260 1625.0
1079270 1631.2
1079280 1631.2
1079290 1638.5
1079300 1645.8
1079310 1645.8
1079320 1655.4
1079330 1663.5
1079340 1675.4
1079350 1675.4
1079360 1685.9
1079370 1692.8
1079380 1692.8
1079390 1697.8
1079400 1704.3
1079410 1704.3
1079420 1713.1
1079430 1721.2
1079440 1721.2
1079450 1730.7
1079460 1732.3
1079470 1732.3
1079480 1723.6
1079490 1721.2
1079500 1721.2
1079510 1717.5
1079520 1712.4
1079530 1712.4
1079540 1704.4
1079550 1689.0
1079560 1689.0
1079570 1681.1
1079580 1676.2
1079590 1671.8
1079600 1671.8
1079610 1666.8
1079620 1662.2
1079630 1667.4
1079640 1663.7
1079650 1660.6
1079660 1660.6
1079670 1655.7
1079680 1650.8
1079690 1650.8
1079700 1647.7
1079710 1646.3
1079720 1646.3
1079730 1645.8
1079740 1646.8
1079750 1646.8
1079760 1646.8
1079770 1645.4
1079780 1645.4
1079790 1646.2
1079800 1647.8
1079810 1647.8
1079820 1648.5
1079830 1649.6
1079840 1649.3
1079850 1649.3
1079860 1649.4
1079870 1649.2
1079880 1649.2
1079890 1650.0
1079900 1650.9
1079910 1650.9
1079920 1651.1
1079930 1650.8
1079940 1650.8
1079950 1651.6
1079960 1654.2
1079970 1654.2
1079980 1655.4
1079990 1653.7
