1070950 1767.1
1070960 1767.8
1070970 1767.8
1070980 1768.1
1070990 1768.7
1071000 1771.1
1071010 1771.1
1071020 1774.0
1071030 1778.8
1071040 1778.8
1071050 1782.4
1071060 1786.7
1071070 1786.7
1071080 1791.2
1071090 1795.8
1071100 1795.8
1071110 1801.8
1071120 1806.5
1071130 1806.5
1071140 1812.2
1071150 1818.4
1071160 1818.4
1071170 1824.6
1071180 1830.7
1071190 1830.7
1071200 1836.7
1071210 1843.5
1071220 1843.5
1071230 1851.1
1071240 1858.5
1071250 1867.1
1071260 1867.1
1071270 1876.1
1071280 1884.6
1071290 1884.6
1071300 1891.8
1071310 1899.2
1071320 1899.2
1071330 1905.3
1071340 1913.5
1071350 1913.5
1071360 1921.6
1071370 1929.4
1071380 1929.4
1071390 1936.6
1071400 1942.2
1071410 1942.2
1071420 1941.4
1071430 1935.0
1071440 1935.0
1071450 1929.8
1071460 1924.1
1071470 1916.3
1071480 1916.3
1071490 1909.9
1071500 1903.1
1071510 1903.1
1071520 1896.4
1071530 1890.1
1071540 1890.1
1071550 1884.1
1071560 1877.5
1071570 1877.5
1071580 1868.9
1071590 1859.9
1071600 1859.9
1071610 1853.8
1071620 1847.8
1071630 1847.8
1071640 1837.9
1071650 1833.6
1071660 1833.6
1071670 1829.3
1071680 1824.1
1071690 1824.1
1071700 1817.4
1071710 1811.8
1071720 1808.1
1071730 1808.1
1071740 1803.9
1071750 1799.3
1071760 1799.3
1071770 1794.3
1071780 1790.3
1071790 1790.3
1071800 1785.5
1071810 1780.8
1071820 1780.8
1071830 1777.0
1071840 1773.2
1071850 1773.2
1071860 1769.1
1071870 1764.3
1071880 1764.3
1071890 1758.4
1071900 1754.5
1071910 1754.5
1071920 1749.6
1071930 1745.3
1071940 1745.3
1071950 1745.4
1071960 1741.4
1071970 1736.1
1071980 1736.1
1071990 1729.9
1072000 1723.8
1072010 1723.8
1072020 1720.5
1072030 1721.3
1072040 1721.3
1072050 1721.0
1072060 1721.0
1072070 1721.0
1072080 1720.6
1072090 1719.3
1072100 1719.3
1072110 1717.7
1072120 1716.0
1072130 1716.0
1072140 1713.6
1072150 1710.4
1072160 1710.4
1072170 1706.9
1072180 1705.7
1072190 1705.7
1072200 1702.0
1072210 1700.2
1072220 1699.0
1072230 1699.0
1072240 1697.5
1072250 1695.4
1072260 1697.4
1072270 1699.0
1072280 1702.3
1072290 1702.3
1072300 1704.2
1072310 1704.1
1072320 1704.1
1072330 1703.0
1072340 1701.9
1072350 1701.9
1072360 1702.9
1072370 1703.9
1072380 1703.9
1072390 1707.3
1072400 1710.5
1072410 1710.5
1072420 1710.9
1072430 1710.3
1072440 1708.8
1072450 1708.8
1072460 1707.1
1072470 1706.2
1072480 1706.2
1072490 1706.3
1072500 1707.2
1072510 1707.2
1072520 1706.7
1072530 1708.7
1072540 1708.7
1072550 1709.1
1072560 1713.7
1072570 1713.7
1072580 1714.6
1072590 1715.6
1072600 1715.6
1072610 1719.3
1072620 1722.4
1072630 1722.4
1072640 1726.3
1072650 1730.7
1072660 1730.7
1072670 1734.2
1072680 1737.8
1072690 1740.4
1072700 1740.4
1072710 1742.9
1072720 1747.1
1072730 1747.1
1072740 1752.0
1072750 1756.8
1072760 1756.8
1072770 1761.4
1072780 1766.3
1072790 1766.3
1072800 1772.8
1072810 1781.0
1072820 1781.0
1072830 1794.0
1072840 1822.6
1072850 1822.6
1072860 1838.0
1072870 1850.9
1072880 1850.9
1072890 1848.2
1072900 1848.8
1072910 1848.8
1072920 1853.4
1072930 1867.3
1072940 1869.2
1072950 1869.2
1072960 1875.0
1072970 1881.4
1072980 1881.4
1072990 1891.1
1073000 1903.5
1073010 1903.5
1073020 1915.2
1073030 1921.2
1073040 1921.2
1073050 1925.0
1073060 1928.9
1073070 1928.9
1073080 1932.7
1073090 1935.1
1073100 1935.1
1073110 1937.3
1073120 1939.6
1073130 1939.6
1073140 1942.4
1073150 1944.4
1073160 1951.1
1073170 1951.1
1073180 1961.8
1073190 1964.7
1073200 1964.7
1073210 1968.7
1073220 1975.4
1073230 1975.4
1073240 1980.7
1073250 1986.2
1073260 1986.2
1073270 1991.3
1073280 1995.9
1073290 1995.9
1073300 2000.2
1073310 2004.4
1073320 2004.4
1073330 2007.2
1073340 2009.9
1073350 2009.9
1073360 2009.1
1073370 2005.4
1073380 2005.4
1073390 2001.8
1073400 1998.1
1073410 1996.7
1073420 1996.7
1073430 1995.2
1073440 1991.7
1073450 1991.7
1073460 1987.2
1073470 1982.2
1073480 1982.2
1073490 1979.9
1073500 1974.3
1073510 1974.3
1073520 1969.2
1073530 1964.1
1073540 1964.1
1073550 1959.7
1073560 1956.0
1073570 1956.0
1073580 1953.2
1073590 1950.4
1073600 1950.4
1073610 1947.6
1073620 1945.2
1073630 1945.2
1073640 1942.9
1073650 1941.6
1073660 1940.1
1073670 1940.1
1073680 1937.5
1073690 1934.3
1073700 1934.3
1073710 1932.7
1073720 1931.8
1073730 1931.8
1073740 1932.9
1073750 1933.4
1073760 1933.4
1073770 1934.1
1073780 1936.6
1073790 1936.6
1073800 1944.8
1073810 1946.7
1073820 1946.7
1073830 1948.6
1073840 1951.1
1073850 1951.1
1073860 1954.0
1073870 1957.8
1073880 1962.1
1073890 1962.1
1073900 1968.5
1073910 1975.6
1073920 1975.6
1073930 1986.6
1073940 1991.3
1073950 1991.3
1073960 1989.2
1073970 1984.1
1073980 1984.1
1073990 1978.8
1074000 1973.7
1074010 1973.7
1074020 1968.2
1074030 1962.7
1074040 1962.7
1074050 1957.1
1074060 1950.9
1074070 1950.9
1074080 1939.0
1074090 1922.5
1074100 1922.5
1074110 1906.7
1074120 1898.5
1074130 1890.5
1074140 1890.5
1074150 1882.8
1074160 1875.3
1074170 1875.3
1074180 1868.1
1074190 1860.6
1074200 1860.6
1074210 1857.3
1074220 1855.7
1074230 1855.7
1074240 1846.2
1074250 1833.6
1074260 1833.6
1074270 1821.9
1074280 1812.6
1074290 1812.6
1074300 1805.2
1074310 1797.7
1074320 1797.7
1074330 1789.9
1074340 1782.4
1074350 1782.4
1074360 1775.2
1074370 1769.0
1074380 1761.8
1074390 1761.8
1074400 1754.9
1074410 1748.2
1074420 1746.0
1074430 1739.8
1074440 1733.2
1074450 1733.2
1074460 1725.6
1074470 1717.7
1074480 1717.7
1074490 1711.1
1074500 1709.0
1074510 1709.0
1074520 1709.2
1074530 1708.3
1074540 1708.3
1074550 1707.5
1074560 1707.0
1074570 1707.0
1074580 1706.5
1074590 1705.3
1074600 1705.3
1074610 1701.7
1074620 1694.2
1074630 1687.8
1074640 1687.8
1074650 1690.5
1074660 1694.4
1074670 1694.4
1074680 1696.4
1074690 1697.8
1074700 1697.8
1074710 1699.8
1074720 1703.1
1074730 1695.7
1074740 1697.9
1074750 1699.8
1074760 1699.8
1074770 1701.3
1074780 1703.0
1074790 1703.0
1074800 1703.6
1074810 1702.4
1074820 1702.4
1074830 1701.2
1074840 1698.4
1074850 1690.6
1074860 1690.6
1074870 1695.3
1074880 1700.6
1074890 1700.6
1074900 1705.9
1074910 1706.2
1074920 1706.2
1074930 1703.0
1074940 1699.4
1074950 1699.4
1074960 1693.9
1074970 1686.3
1074980 1686.3
1074990 1676.7
1075000 1659.8
1075010 1659.8
1075020 1659.1
1075030 1655.7
1075040 1643.9
1075050 1638.7
1075060 1628.6
1075070 1628.6
1075080 1620.7
1075090 1612.9
1075100 1602.0
1075110 1602.0
1075120 1589.5
1075130 1581.0
1075140 1581.0
1075150 1575.3
1075160 1569.7
1075170 1569.7
1075180 1562.6
1075190 1555.0
1075200 1555.0
1075210 1549.1
1075220 1545.2
1075230 1545.2
1075240 1540.8
1075250 1534.7
1075260 1534.7
1075270 1528.2
1075280 1521.3
1075290 1521.3
1075300 1513.2
1075310 1501.5
1075320 1501.5
1075330 1483.5
1075340 1471.2
1075350 1455.2
1075360 1455.2
1075370 1445.3
1075380 1434.3
1075390 1434.3
1075400 1429.1
1075410 1424.4
1075420 1424.4
1075430 1418.3
1075440 1409.2
1075450 1409.2
1075460 1401.3
1075470 1399.9
1075480 1399.9
1075490 1400.4
1075500 1398.3
1075510 1398.3
1075520 1393.4
1075530 1387.2
1075540 1387.2
1075550 1380.7
1075560 1373.8
1075570 1367.3
1075580 1367.3
1075590 1361.7
1075600 1357.6
1075610 1357.6
1075620 1355.1
1075630 1351.8
1075640 1351.8
1075650 1348.1
1075660 1339.3
1075670 1339.3
1075680 1334.9
1075690 1332.0
1075700 1332.0
1075710 1329.5
1075720 1325.3
1075730 1325.3
1075740 1319.4
1075750 1313.3
1075760 1313.3
1075770 1307.6
1075780 1302.6
1075790 1302.6
1075800 1298.1
1075810 1293.0
1075820 1287.1
1075830 1287.1
1075840 1282.0
1075850 1277.2
1075860 1277.2
1075870 1272.0
1075880 1267.4
1075890 1267.4
1075900 1262.8
1075910 1258.1
1075920 1258.1
1075930 1252.4
1075940 1247.3
1075950 1247.3
1075960 1245.8
1075970 1240.9
1075980 1240.9
1075990 1239.3
1076000 1236.4
1076010 1236.4
1076020 1232.5
1076030 1229.4
1076040 1229.4
1076050 1227.3
1076060 1225.1
1076070 1223.5
1076080 1223.5
1076090 1220.9
1076100 1217.7
1076110 1217.7
1076120 1215.5
1076130 1213.4
1076140 1213.4
1076150 1211.3
1076160 1207.2
1076170 1207.2
1076180 1202.9
1076190 1202.1
1076200 1202.1
1076210 1200.7
1076220 1198.4
1076230 1198.4
1076240 1196.1
1076250 1193.6
1076260 1193.6
1076270 1190.9
1076280 1186.7
1076290 1184.3
1076300 1184.3
1076310 1181.8
1076320 1179.6
1076330 1179.6
1076340 1176.4
1076350 1174.0
1076360 1174.0
1076370 1171.2
1076380 1166.7
1076390 1166.7
1076400 1161.5
1076410 1157.7
1076420 1157.7
1076430 1152.9
1076440 1146.9
1076450 1146.9
1076460 1140.6
1076470 1133.5
1076480 1133.5
1076490 1128.2
1076500 1124.8
1076510 1124.8
1076520 1120.3
1076530 1115.2
1076540 1113.4
1076550 1113.4
1076560 1109.9
1076570 1109.6
1076580 1109.6
1076590 1117.2
1076600 1121.6
1076610 1121.6
1076620 1127.0
1076630 1132.6
1076640 1132.6
1076650 1138.0
1076660 1144.0
1076670 1144.0
1076680 1148.2
1076690 1146.8
1076700 1146.8
1076710 1147.0
1076720 1148.6
1076730 1148.6
1076740 1152.0
1076750 1155.8
1076760 1155.8
1076770 1157.8
1076780 1160.8
1076790 1164.4
1076800 1164.4
1076810 1168.7
1076820 1172.8
1076830 1172.8
1076840 1179.3
1076850 1186.8
1076860 1186.8
1076870 1191.2
1076880 1192.3
1076890 1192.3
1076900 1194.3
1076910 1195.2
1076920 1195.2
1076930 1196.1
1076940 1197.1
1076950 1197.1
1076960 1198.4
1076970 1199.8
1076980 1199.8
1076990 1200.9
1077000 1202.6
1077010 1202.6
1077020 1204.3
1077030 1205.8
1077040 1207.0
1077050 1207.0
1077060 1208.5
1077070 1209.6
1077080 1209.6
1077090 1210.7
1077100 1212.0
1077110 1212.0
1077120 1213.2
1077130 1214.7
1077140 1214.7
1077150 1215.4
1077160 1215.7
1077170 1215.7
1077180 1216.1
1077190 1216.9
1077200 1216.9
1077210 1217.5
1077220 1220.1
1077230 1220.1
1077240 1217.4
1077250 1210.6
1077260 1204.3
1077270 1204.3
1077280 1203.4
1077290 1206.1
1077300 1206.1
1077310 1212.6
1077320 1217.7
1077330 1217.7
1077340 1223.5
1077350 1229.9
1077360 1229.9
1077370 1237.1
1077380 1244.6
1077390 1244.6
1077400 1249.4
1077410 1251.5
1077420 1251.5
1077430 1251.4
1077440 1251.7
1077450 1251.7
1077460 1252.2
1077470 1252.3
1077480 1252.3
1077490 1253.3
1077500 1255.0
1077510 1256.9
1077520 1256.9
1077530 1262.8
1077540 1265.6
1077550 1265.6
1077560 1268.3
1077570 1270.0
1077580 1270.0
1077590 1273.3
1077600 1279.1
1077610 1279.1
1077620 1285.7
1077630 1292.3
1077640 1292.3
1077650 1298.9
1077660 1307.0
1077670 1307.0
1077680 1318.2
1077690 1324.5
1077700 1324.5
1077710 1331.0
1077720 1342.2
1077730 1342.2
1077740 1358.9
1077750 1374.1
1077760 1381.1
1077770 1381.1
1077780 1385.7
1077790 1390.4
1077800 1390.4
1077810 1394.3
1077820 1398.1
1077830 1398.1
1077840 1404.4
1077850 1407.9
1077860 1407.9
1077870 1411.1
1077880 1414.8
1077890 1414.8
1077900 1418.1
1077910 1421.3
1077920 1421.3
1077930 1424.6
1077940 1428.1
1077950 1428.1
1077960 1432.1
1077970 1436.1
1077980 1439.5
1077990 1439.5
1078000 1442.4
1078010 1446.9
1078020 1446.9
1078030 1451.2
1078040 1455.4
1078050 1455.4
1078060 1460.6
1078070 1467.1
1078080 1467.1
1078090 1473.7
1078100 1479.9
1078110 1479.9
1078120 1486.4
1078130 1491.2
1078140 1491.2
1078150 1494.3
1078160 1496.3
1078170 1496.3
1078180 1498.3
1078190 1500.2
1078200 1500.2
1078210 1502.8
1078220 1505.9
1078230 1508.9
1078240 1508.9
1078250 1512.6
1078260 1517.1
1078270 1517.1
1078280 1520.8
1078290 1523.9
1078300 1523.9
1078310 1526.3
1078320 1528.0
1078330 1528.0
1078340 1529.8
1078350 1531.0
1078360 1531.0
1078370 1531.9
1078380 1532.8
1078390 1532.8
1078400 1533.3
1078410 1533.3
1078420 1533.3
1078430 1533.7
1078440 1534.0
1078450 1534.0
1078460 1534.5
1078470 1538.1
1078480 1538.1
1078490 1538.1
1078500 1537.0
1078510 1532.9
1078520 1532.9
1078530 1527.2
1078540 1519.7
1078550 1519.7
1078560 1511.9
1078570 1503.8
1078580 1503.8
1078590 1496.6
1078600 1488.8
1078610 1488.8
1078620 1480.5
1078630 1472.2
1078640 1472.2
1078650 1463.8
1078660 1455.3
1078670 1455.3
1078680 1447.6
1078690 1438.9
1078700 1430.9
1078710 1430.9
1078720 1424.2
1078730 1418.0
1078740 1418.0
1078750 1411.2
1078760 1404.9
1078770 1404.9
1078780 1400.2
1078790 1397.2
1078800 1397.2
1078810 1396.9
1078820 1394.6
1078830 1394.6
1078840 1389.0
1078850 1383.5
1078860 1383.5
1078870 1377.9
1078880 1371.9
1078890 1371.9
1078900 1365.8
1078910 1361.0
1078920 1361.0
1078930 1362.7
1078940 1365.0
1078950 1367.8
1078960 1367.8
1078970 1371.7
1078980 1374.7
1078990 1374.7
1079000 1378.0
1079010 1381.0
1079020 1381.0
1079030 1382.7
1079040 1385.3
1079050 1385.3
1079060 1388.6
1079070 1392.0
1079080 1392.0
1079090 1401.2
1079100 1403.8
1079110 1403.8
1079120 1406.8
1079130 1411.1
1079140 1411.1
1079150 1414.9
1079160 1418.2
1079170 1418.2
1079180 1421.1
1079190 1424.3
1079200 1431.2
1079210 1431.2
1079220 1438.1
1079230 1432.8
1079240 1432.8
1079250 1429.5
1079260 1432.2
1079270 1432.2
1079280 1437.6
1079290 1434.1
1079300 1434.1
1079310 1437.7
1079320 1437.2
1079330 1437.2
1079340 1429.7
1079350 1420.8
1079360 1420.8
1079370 1417.1
1079380 1417.1
1079390 1417.1
1079400 1426.4
1079410 1421.7
1079420 1421.1
1079430 1421.1
1079440 1419.5
1079450 1416.9
1079460 1416.9
1079470 1414.1
1079480 1413.2
1079490 1413.2
1079500 1414.6
1079510 1416.6
1079520 1416.6
1079530 1417.2
1079540 1416.6
1079550 1416.6
1079560 1415.6
1079570 1414.3
1079580 1414.3
1079590 1413.1
1079600 1412.9
1079610 1412.9
1079620 1413.1
1079630 1414.8
1079640 1414.8
1079650 1418.9
1079660 1423.4
1079670 1428.7
1079680 1428.7
1079690 1434.5
1079700 1439.5
1079710 1439.5
1079720 1448.9
1079730 1454.5
1079740 1454.5
1079750 1460.1
1079760 1466.3
1079770 1466.3
1079780 1472.5
1079790 1479.1
1079800 1479.1
1079810 1486.0
1079820 1492.9
1079830 1492.9
1079840 1500.0
1079850 1507.6
1079860 1507.6
1079870 1516.0
1079880 1531.1
1079890 1531.1
1079900 1552.0
1079910 1569.1
1079920 1577.6
1079930 1577.6
1079940 1584.6
1079950 1595.3
1079960 1595.3
1079970 1603.7
1079980 1609.9
1079990 1609.9
