1070770 1713.8
1070780 1715.8
1070790 1715.8
1070800 1719.3
1070810 1722.0
1070820 1722.0
1070830 1724.3
1070840 1726.6
1070850 1726.6
1070860 1731.6
1070870 1735.9
1070880 1741.0
1070890 1741.0
1070900 1745.8
1070910 1750.8
1070920 1750.8
1070930 1757.2
1070940 1762.3
1070950 1762.3
1070960 1767.2
1070970 1772.0
1070980 1772.0
1070990 1776.6
1071000 1782.5
1071010 1782.5
1071020 1788.9
1071030 1795.3
1071040 1795.3
1071050 1802.1
1071060 1808.4
1071070 1808.4
1071080 1814.4
1071090 1820.0
1071100 1824.8
1071110 1824.8
1071120 1828.9
1071130 1833.3
1071140 1833.3
1071150 1837.7
1071160 1841.9
1071170 1844.8
1071180 1849.2
1071190 1852.6
1071200 1852.6
1071210 1855.1
1071220 1857.2
1071230 1857.2
1071240 1858.3
1071250 1858.5
1071260 1858.5
1071270 1858.2
1071280 1856.2
1071290 1856.2
1071300 1849.9
1071310 1845.0
1071320 1845.0
1071330 1840.6
1071340 1836.5
1071350 1832.4
1071360 1832.4
1071370 1827.7
1071380 1824.6
1071390 1824.6
1071400 1819.8
1071410 1814.0
1071420 1814.0
1071430 1808.1
1071440 1804.3
1071450 1804.3
1071460 1803.2
1071470 1801.2
1071480 1797.7
1071490 1796.0
1071500 1792.6
1071510 1792.6
1071520 1790.1
1071530 1786.3
1071540 1786.3
1071550 1782.4
1071560 1778.8
1071570 1778.8
1071580 1774.9
1071590 1771.2
1071600 1765.9
1071610 1765.9
1071620 1761.8
1071630 1760.1
1071640 1760.1
1071650 1758.8
1071660 1755.6
1071670 1755.6
1071680 1751.6
1071690 1747.1
1071700 1747.1
1071710 1742.7
1071720 1739.7
1071730 1739.7
1071740 1737.5
1071750 1737.2
1071760 1737.2
1071770 1736.6
1071780 1736.0
1071790 1733.3
1071800 1732.4
1071810 1731.9
1071820 1731.9
1071830 1731.7
1071840 1730.9
1071850 1729.8
1071860 1729.8
1071870 1727.6
1071880 1725.8
1071890 1725.8
1071900 1723.6
1071910 1720.2
1071920 1720.2
1071930 1719.1
1071940 1719.1
1071950 1719.1
1071960 1716.9
1071970 1714.3
1071980 1714.3
1071990 1712.1
1072000 1709.3
1072010 1709.3
1072020 1708.2
1072030 1704.4
1072040 1704.4
1072050 1698.3
1072060 1695.5
1072070 1698.7
1072080 1698.7
1072090 1696.5
1072100 1693.7
1072110 1693.7
1072120 1691.1
1072130 1690.2
1072140 1690.2
1072150 1689.6
1072160 1686.6
1072170 1686.6
1072180 1684.3
1072190 1680.2
1072200 1680.2
1072210 1676.2
1072220 1672.4
1072230 1672.4
1072240 1668.9
1072250 1665.0
1072260 1665.0
1072270 1661.4
1072280 1660.0
1072290 1660.0
1072300 1658.9
1072310 1656.1
1072320 1653.2
1072330 1653.2
1072340 1648.1
1072350 1644.2
1072360 1644.2
1072370 1641.2
1072380 1635.4
1072390 1635.4
1072400 1628.9
1072410 1623.9
1072420 1623.9
1072430 1618.8
1072440 1614.0
1072450 1614.0
1072460 1609.5
1072470 1604.9
1072480 1604.9
1072490 1601.6
1072500 1598.3
1072510 1598.3
1072520 1593.9
1072530 1589.3
1072540 1589.3
1072550 1586.2
1072560 1582.9
1072570 1579.4
1072580 1579.4
1072590 1574.5
1072600 1569.0
1072610 1569.0
1072620 1563.9
1072630 1559.0
1072640 1559.0
1072650 1556.6
1072660 1554.6
1072670 1554.6
1072680 1550.8
1072690 1548.0
1072700 1548.0
1072710 1541.4
1072720 1539.9
1072730 1539.9
1072740 1544.1
1072750 1548.4
1072760 1548.4
1072770 1549.8
1072780 1551.8
1072790 1551.8
1072800 1555.8
1072810 1560.5
1072820 1564.8
1072830 1564.8
1072840 1568.8
1072850 1571.8
1072860 1571.8
1072870 1574.6
1072880 1577.0
1072890 1577.0
1072900 1578.4
1072910 1581.1
1072920 1581.1
1072930 1581.7
1072940 1584.6
1072950 1584.6
1072960 1588.6
1072970 1590.5
1072980 1590.5
1072990 1591.0
1073000 1592.5
1073010 1592.5
1073020 1598.1
1073030 1601.5
1073040 1603.5
1073050 1603.5
1073060 1604.1
1073070 1604.9
1073080 1604.9
1073090 1606.9
1073100 1610.6
1073110 1610.6
1073120 1615.1
1073130 1618.7
1073140 1618.7
1073150 1621.6
1073160 1624.9
1073170 1624.9
1073180 1627.5
1073190 1630.6
1073200 1630.6
1073210 1633.6
1073220 1637.7
1073230 1637.7
1073240 1641.7
1073250 1644.6
1073260 1644.6
1073270 1646.1
1073280 1647.8
1073290 1650.8
1073300 1650.8
1073310 1654.4
1073320 1658.8
1073330 1665.1
1073340 1668.5
1073350 1671.7
1073360 1671.7
1073370 1673.7
1073380 1674.8
1073390 1674.8
1073400 1676.2
1073410 1679.0
1073420 1679.0
1073430 1681.3
1073440 1681.8
1073450 1681.8
1073460 1681.2
1073470 1680.0
1073480 1680.0
1073490 1679.2
1073500 1678.6
1073510 1678.6
1073520 1678.5
1073530 1678.6
1073540 1678.6
1073550 1678.6
1073560 1678.0
1073570 1677.7
1073580 1677.7
1073590 1678.8
1073600 1678.9
1073610 1678.9
1073620 1679.0
1073630 1678.8
1073640 1680.8
1073650 1680.0
1073660 1681.3
1073670 1681.3
1073680 1682.2
1073690 1682.7
1073700 1682.7
1073710 1684.7
1073720 1688.6
1073730 1688.6
1073740 1692.9
1073750 1697.2
1073760 1697.2
1073770 1702.4
1073780 1707.3
1073790 1712.7
1073800 1712.7
1073810 1719.1
1073820 1726.2
1073830 1726.2
1073840 1733.5
1073850 1740.8
1073860 1740.8
1073870 1746.8
1073880 1752.9
1073890 1752.9
1073900 1758.6
1073910 1764.2
1073920 1764.2
1073930 1770.2
1073940 1775.7
1073950 1780.5
1073960 1786.2
1073970 1791.9
1073980 1791.9
1073990 1797.3
1074000 1802.8
1074010 1807.5
1074020 1807.5
1074030 1811.8
1074040 1815.9
1074050 1815.9
1074060 1819.2
1074070 1821.7
1074080 1821.7
1074090 1824.7
1074100 1827.0
1074110 1827.0
1074120 1829.3
1074130 1833.2
1074140 1833.2
1074150 1836.3
1074160 1840.1
1074170 1840.1
1074180 1844.2
1074190 1848.1
1074200 1848.1
1074210 1852.7
1074220 1858.7
1074230 1858.7
1074240 1865.3
1074250 1872.2
1074260 1881.0
1074270 1881.0
1074280 1887.8
1074290 1894.2
1074300 1894.2
1074310 1900.3
1074320 1905.4
1074330 1905.4
1074340 1910.1
1074350 1914.0
1074360 1914.0
1074370 1917.5
1074380 1919.3
1074390 1919.3
1074400 1921.0
1074410 1922.7
1074420 1922.7
1074430 1924.1
1074440 1925.3
1074450 1925.3
1074460 1926.6
1074470 1928.0
1074480 1928.0
1074490 1929.7
1074500 1931.3
1074510 1932.8
1074520 1932.8
1074530 1934.6
1074540 1936.7
1074550 1936.7
1074560 1939.4
1074570 1949.2
1074580 1949.2
1074590 1952.2
1074600 1954.6
1074610 1954.6
1074620 1957.1
1074630 1959.9
1074640 1959.9
1074650 1962.7
1074660 1965.7
1074670 1965.7
1074680 1968.4
1074690 1970.5
1074700 1970.5
1074710 1969.3
1074720 1962.5
1074730 1962.5
1074740 1953.6
1074750 1939.9
1074760 1929.2
1074770 1929.2
1074780 1920.5
1074790 1913.7
1074800 1913.7
1074810 1903.6
1074820 1894.8
1074830 1894.8
1074840 1887.8
1074850 1881.0
1074860 1881.0
1074870 1874.2
1074880 1866.2
1074890 1866.2
1074900 1860.2
1074910 1852.1
1074920 1852.1
1074930 1844.9
1074940 1837.5
1074950 1837.5
1074960 1830.5
1074970 1824.1
1074980 1818.1
1074990 1818.1
1075000 1812.2
1075010 1806.4
1075020 1806.4
1075030 1801.3
1075040 1796.3
1075050 1796.3
1075060 1791.8
1075070 1787.0
1075080 1787.0
1075090 1782.3
1075100 1777.8
1075110 1777.8
1075120 1773.7
1075130 1770.4
1075140 1770.4
1075150 1768.1
1075160 1764.9
1075170 1764.9
1075180 1762.0
1075190 1754.4
1075200 1754.4
1075210 1751.1
1075220 1747.2
1075230 1744.0
1075240 1744.0
1075250 1741.1
1075260 1738.1
1075270 1738.1
1075280 1735.0
1075290 1732.9
1075300 1732.9
1075310 1730.0
1075320 1727.0
1075330 1727.0
1075340 1725.2
1075350 1723.9
1075360 1723.9
1075370 1720.6
1075380 1717.7
1075390 1717.7
1075400 1715.0
1075410 1711.8
1075420 1711.8
1075430 1710.3
1075440 1710.3
1075450 1710.3
1075460 1710.5
1075470 1711.2
1075480 1712.5
1075490 1712.5
1075500 1709.9
1075510 1709.6
1075520 1709.6
1075530 1704.6
1075540 1702.8
1075550 1702.8
1075560 1702.2
1075570 1697.5
1075580 1697.5
1075590 1691.4
1075600 1689.9
1075610 1689.9
1075620 1685.9
1075630 1677.2
1075640 1677.2
1075650 1672.5
1075660 1673.6
1075670 1673.6
1075680 1673.1
1075690 1673.3
1075700 1673.3
1075710 1674.5
1075720 1675.4
1075730 1675.1
1075740 1675.1
1075750 1675.0
1075760 1675.5
1075770 1675.5
1075780 1677.2
1075790 1678.3
1075800 1678.3
1075810 1671.6
1075820 1671.3
1075830 1671.3
1075840 1671.1
1075850 1670.2
1075860 1670.2
1075870 1666.1
1075880 1660.2
1075890 1660.2
1075900 1654.6
1075910 1648.9
1075920 1648.9
1075930 1643.4
1075940 1638.6
1075950 1632.9
1075960 1632.9
1075970 1626.0
1075980 1619.3
1075990 1619.3
1076000 1611.4
1076010 1599.9
1076020 1599.9
1076030 1589.6
1076040 1578.3
1076050 1578.3
1076060 1564.7
1076070 1557.8
1076080 1557.8
1076090 1565.4
1076100 1566.6
1076110 1566.6
1076120 1542.1
1076130 1547.9
1076140 1547.9
1076150 1550.8
1076160 1556.8
1076170 1556.8
1076180 1560.5
1076190 1558.6
1076200 1554.4
1076210 1554.4
1076220 1550.2
1076230 1547.1
1076240 1547.1
1076250 1543.0
1076260 1538.1
1076270 1538.1
1076280 1531.8
1076290 1522.6
1076300 1522.6
1076310 1511.6
1076320 1497.2
1076330 1497.2
1076340 1487.0
1076350 1486.3
1076360 1486.3
1076370 1486.9
1076380 1484.8
1076390 1484.8
1076400 1483.6
1076410 1488.8
1076420 1488.8
1076430 1486.4
1076440 1492.9
1076450 1502.5
1076460 1502.5
1076470 1506.8
1076480 1505.8
1076490 1505.8
1076500 1501.1
1076510 1494.7
1076520 1494.7
1076530 1488.3
1076540 1483.4
1076550 1483.4
1076560 1478.0
1076570 1473.1
1076580 1473.1
1076590 1468.7
1076600 1464.2
1076610 1464.2
1076620 1459.5
1076630 1457.7
1076640 1457.7
1076650 1452.3
1076660 1444.4
1076670 1444.4
1076680 1434.2
1076690 1425.3
1076700 1414.9
1076710 1414.9
1076720 1405.8
1076730 1397.6
1076740 1394.2
1076750 1384.4
1076760 1379.2
1076770 1379.2
1076780 1374.5
1076790 1370.3
1076800 1370.3
1076810 1369.0
1076820 1359.6
1076830 1359.6
1076840 1349.9
1076850 1341.7
1076860 1341.7
1076870 1334.2
1076880 1329.9
1076890 1329.9
1076900 1325.1
1076910 1317.7
1076920 1311.2
1076930 1311.2
1076940 1306.1
1076950 1300.5
1076960 1300.5
1076970 1293.8
1076980 1287.3
1076990 1287.3
1077000 1281.7
1077010 1275.3
1077020 1275.3
1077030 1268.7
1077040 1262.5
1077050 1257.9
1077060 1252.1
1077070 1246.4
1077080 1246.4
1077090 1241.1
1077100 1235.0
1077110 1235.0
1077120 1229.1
1077130 1223.3
1077140 1223.3
1077150 1216.7
1077160 1207.9
1077170 1202.2
1077180 1202.2
1077190 1203.2
1077200 1205.4
1077210 1205.4
1077220 1207.5
1077230 1205.5
1077240 1205.5
1077250 1201.7
1077260 1199.0
1077270 1199.0
1077280 1196.0
1077290 1192.7
1077300 1192.7
1077310 1189.9
1077320 1185.2
1077330 1185.2
1077340 1177.7
1077350 1170.4
1077360 1170.4
1077370 1159.9
1077380 1153.1
1077390 1153.1
1077400 1146.4
1077410 1139.6
1077420 1133.8
1077430 1133.8
1077440 1127.1
1077450 1121.8
1077460 1121.8
1077470 1119.7
1077480 1118.4
1077490 1118.4
1077500 1112.3
1077510 1106.3
1077520 1106.3
1077530 1100.6
1077540 1097.4
1077550 1097.4
1077560 1095.2
1077570 1092.4
1077580 1092.4
1077590 1089.3
1077600 1087.3
1077610 1087.3
1077620 1084.9
1077630 1081.0
1077640 1081.0
1077650 1075.6
1077660 1070.7
1077670 1067.0
1077680 1061.8
1077690 1058.7
1077700 1051.6
1077710 1051.6
1077720 1040.5
1077730 1031.9
1077740 1031.9
1077750 1026.6
1077760 1021.0
1077770 1021.0
1077780 1018.9
1077790 1014.9
1077800 1014.9
1077810 1009.0
1077820 1001.3
1077830 1001.3
1077840 995.4
1077850 992.9
1077860 992.9
1077870 991.8
1077880 990.5
1077890 987.5
1077900 987.5
1077910 984.0
1077920 982.9
1077930 982.9
1077940 983.5
1077950 987.3
1077960 987.3
1077970 992.0
1077980 993.9
1077990 1000.1
1078000 1004.4
1078010 1008.8
1078020 1008.8
1078030 1012.5
1078040 1016.4
1078050 1016.4
1078060 1021.8
1078070 1031.0
1078080 1031.0
1078090 1038.2
1078100 1050.9
1078110 1050.9
1078120 1063.0
1078130 1067.2
1078140 1078.6
1078150 1078.6
1078160 1087.2
1078170 1090.3
1078180 1090.3
1078190 1094.9
1078200 1103.5
1078210 1103.5
1078220 1108.4
1078230 1112.0
1078240 1112.0
1078250 1115.1
1078260 1118.9
1078270 1118.9
1078280 1123.8
1078290 1128.5
1078300 1133.0
1078310 1137.6
1078320 1141.7
1078330 1141.7
1078340 1144.5
1078350 1147.1
1078360 1147.1
1078370 1151.2
1078380 1154.4
1078390 1158.0
1078400 1158.0
1078410 1163.1
1078420 1166.9
1078430 1166.9
1078440 1169.6
1078450 1174.1
1078460 1174.1
1078470 1180.4
1078480 1183.8
1078490 1183.8
1078500 1186.0
1078510 1188.1
1078520 1188.1
1078530 1189.7
1078540 1190.3
1078550 1190.3
1078560 1191.0
1078570 1192.2
1078580 1192.2
1078590 1192.6
1078600 1193.3
1078610 1200.4
1078620 1200.4
1078630 1196.1
1078640 1195.6
1078650 1195.6
1078660 1196.7
1078670 1194.9
1078680 1194.9
1078690 1195.4
1078700 1195.4
1078710 1195.4
1078720 1194.9
1078730 1194.7
1078740 1194.7
1078750 1196.1
1078760 1194.2
1078770 1194.2
1078780 1195.4
1078790 1196.8
1078800 1196.8
1078810 1198.1
1078820 1198.7
1078830 1198.7
1078840 1198.8
1078850 1196.2
1078860 1184.1
1078870 1184.1
1078880 1176.1
1078890 1171.8
1078900 1171.8
1078910 1166.9
1078920 1156.2
1078930 1160.0
1078940 1151.2
1078950 1135.8
1078960 1135.8
1078970 1123.1
1078980 1115.9
1078990 1115.9
1079000 1108.4
1079010 1103.8
1079020 1103.8
1079030 1101.3
1079040 1098.6
1079050 1098.6
1079060 1096.5
1079070 1098.1
1079080 1098.1
1079090 1097.8
1079100 1094.2
1079110 1097.5
1079120 1097.5
1079130 1104.4
1079140 1112.4
1079150 1112.4
1079160 1120.6
1079170 1127.1
1079180 1127.1
1079190 1132.2
1079200 1138.7
1079210 1138.7
1079220 1146.0
1079230 1153.4
1079240 1155.8
1079250 1161.8
1079260 1167.7
1079270 1167.7
1079280 1173.8
1079290 1180.4
1079300 1180.4
1079310 1187.4
1079320 1194.7
1079330 1194.7
1079340 1201.8
1079350 1207.9
1079360 1212.5
1079370 1212.5
1079380 1214.8
1079390 1216.4
1079400 1216.4
1079410 1217.7
1079420 1219.6
1079430 1219.6
1079440 1222.1
1079450 1225.2
1079460 1225.2
1079470 1230.0
1079480 1234.1
1079490 1234.1
1079500 1237.2
1079510 1240.6
1079520 1240.6
1079530 1243.9
1079540 1247.1
1079550 1253.2
1079560 1255.9
1079570 1258.7
1079580 1262.8
1079590 1262.8
1079600 1268.8
1079610 1275.8
1079620 1275.8
1079630 1283.2
1079640 1290.9
1079650 1290.9
1079660 1298.2
1079670 1305.0
1079680 1305.0
1079690 1310.7
1079700 1315.9
1079710 1315.9
1079720 1321.6
1079730 1327.3
1079740 1327.3
1079750 1332.9
1079760 1338.5
1079770 1338.5
1079780 1344.0
1079790 1349.8
1079800 1349.8
1079810 1355.9
1079820 1362.3
1079830 1368.6
1079840 1368.6
1079850 1375.0
1079860 1381.4
1079870 1381.7
1079880 1387.9
1079890 1394.8
1079900 1394.8
1079910 1401.4
1079920 1408.3
1079930 1408.3
1079940 1415.8
1079950 1422.1
1079960 1422.1
1079970 1428.7
1079980 1436.0
1079990 1436.0
