1068710 1875.3
1068720 1879.4
1068730 1879.4
1068740 1883.7
1068750 1898.3
1068760 1898.3
1068770 1896.9
1068780 1896.7
1068790 1896.7
1068800 1912.6
1068810 1916.1
1068820 1916.1
1068830 1917.4
1068840 1924.3
1068850 1924.3
1068860 1930.3
1068870 1937.6
1068880 1937.6
1068890 1945.2
1068900 1949.9
1068910 1949.9
1068920 1955.1
1068930 1962.3
1068940 1962.3
1068950 1972.9
1068960 1982.6
1068970 1992.1
1068980 1992.1
1068990 1998.9
1069000 2003.6
1069010 2003.6
1069020 2002.7
1069030 1991.4
1069040 1991.4
1069050 1998.8
1069060 1983.2
1069070 1983.2
1069080 1967.2
1069090 1950.1
1069100 1950.1
1069110 1944.4
1069120 1937.4
1069130 1937.4
1069140 1934.2
1069150 1905.9
1069160 1905.9
1069170 1874.4
1069180 1867.2
1069190 1862.2
1069200 1862.2
1069210 1867.0
1069220 1874.6
1069230 1874.6
1069240 1868.8
1069250 1867.4
1069260 1867.4
1069270 1845.6
1069280 1833.0
1069290 1833.0
1069300 1807.8
1069310 1797.4
1069320 1797.4
1069330 1789.7
1069340 1781.8
1069350 1781.8
1069360 1774.3
1069370 1767.0
1069380 1767.0
1069390 1760.9
1069400 1755.0
1069410 1755.0
1069420 1749.6
1069430 1743.8
1069440 1737.8
1069450 1737.8
1069460 1732.9
1069470 1729.1
1069480 1729.1
1069490 1725.1
1069500 1722.3
1069510 1722.3
1069520 1721.0
1069530 1718.3
1069540 1718.3
1069550 1715.0
1069560 1711.5
1069570 1711.5
1069580 1709.8
1069590 1707.0
1069600 1707.0
1069610 1704.1
1069620 1701.6
1069630 1701.6
1069640 1698.6
1069650 1696.3
1069660 1696.3
1069670 1699.5
1069680 1698.7
1069690 1698.2
1069700 1698.2
1069710 1698.2
1069720 1700.2
1069730 1700.2
1069740 1703.6
1069750 1705.3
1069760 1705.3
1069770 1705.6
1069780 1706.8
1069790 1706.8
1069800 1708.5
1069810 1708.9
1069820 1708.9
1069830 1711.0
1069840 1712.9
1069850 1712.9
1069860 1715.3
1069870 1717.4
1069880 1717.4
1069890 1720.0
1069900 1722.6
1069910 1722.6
1069920 1726.2
1069930 1730.2
1069940 1734.3
1069950 1734.3
1069960 1737.6
1069970 1743.3
1069980 1743.3
1069990 1747.3
1070000 1750.8
1070010 1750.8
1070020 1754.6
1070030 1759.0
1070040 1759.0
1070050 1764.0
1070060 1768.7
1070070 1768.7
1070080 1774.0
1070090 1779.4
1070100 1779.4
1070110 1784.6
1070120 1789.6
1070130 1789.6
1070140 1794.9
1070150 1799.6
1070160 1799.6
1070170 1804.6
1070180 1809.7
1070190 1815.0
1070200 1815.0
1070210 1818.3
1070220 1820.8
1070230 1820.8
1070240 1825.6
1070250 1831.3
1070260 1831.3
1070270 1836.2
1070280 1843.8
1070290 1843.8
1070300 1849.2
1070310 1855.5
1070320 1855.5
1070330 1862.9
1070340 1869.9
1070350 1869.9
1070360 1879.7
1070370 1895.7
1070380 1895.7
1070390 1901.5
1070400 1908.1
1070410 1908.1
1070420 1914.4
1070430 1918.6
1070440 1923.7
1070450 1923.7
1070460 1932.2
1070470 1943.4
1070480 1943.4
1070490 1955.6
1070500 1968.2
1070510 1968.2
1070520 1978.8
1070530 1987.5
1070540 1987.5
1070550 1993.7
1070560 2001.3
1070570 2001.3
1070580 2007.8
1070590 2018.0
1070600 2018.0
1070610 2025.1
1070620 2036.3
1070630 2036.3
1070640 2048.3
1070650 2058.1
1070660 2064.0
1070670 2064.0
1070680 2075.1
1070690 2083.2
1070700 2083.2
1070710 2089.7
1070720 2095.8
1070730 2095.8
1070740 2102.8
1070750 2110.1
1070760 2110.1
1070770 2116.9
1070780 2124.1
1070790 2124.1
1070800 2131.4
1070810 2139.0
1070820 2139.0
1070830 2146.5
1070840 2153.7
1070850 2153.7
1070860 2161.4
1070870 2169.7
1070880 2169.7
1070890 2179.5
1070900 2184.4
1070910 2185.9
1070920 2185.9
1070930 2185.2
1070940 2184.1
1070950 2184.1
1070960 2183.6
1070970 2183.3
1070980 2183.3
1070990 2183.0
1071000 2181.9
1071010 2181.9
1071020 2181.3
1071030 2178.3
1071040 2178.3
1071050 2169.6
1071060 2166.6
1071070 2166.6
1071080 2159.4
1071090 2129.7
1071100 2129.7
1071110 2105.0
1071120 2099.1
1071130 2099.1
1071140 2094.0
1071150 2086.3
1071160 2070.8
1071170 2070.8
1071180 2056.2
1071190 2045.9
1071200 2060.1
1071210 2049.7
1071220 2042.9
1071230 2042.9
1071240 2033.6
1071250 2031.3
1071260 2031.3
1071270 2031.7
1071280 2027.0
1071290 2027.0
1071300 2026.7
1071310 2027.6
1071320 2027.6
1071330 2010.2
1071340 1977.2
1071350 1977.2
1071360 1959.1
1071370 1934.6
1071380 1934.6
1071390 1929.5
1071400 1928.1
1071410 1928.1
1071420 1928.1
1071430 1928.4
1071440 1932.6
1071450 1932.6
1071460 1939.4
1071470 1935.1
1071480 1935.1
1071490 1930.4
1071500 1918.2
1071510 1930.3
1071520 1915.5
1071530 1906.6
1071540 1906.6
1071550 1897.2
1071560 1878.9
1071570 1878.9
1071580 1868.1
1071590 1859.8
1071600 1859.8
1071610 1852.9
1071620 1852.2
1071630 1852.2
1071640 1847.9
1071650 1841.9
1071660 1842.2
1071670 1842.2
1071680 1839.6
1071690 1823.8
1071700 1823.8
1071710 1817.8
1071720 1812.5
1071730 1812.5
1071740 1808.9
1071750 1811.8
1071760 1811.8
1071770 1807.5
1071780 1807.8
1071790 1807.8
1071800 1803.8
1071810 1800.2
1071820 1811.2
1071830 1806.9
1071840 1800.2
1071850 1800.2
1071860 1797.2
1071870 1797.2
1071880 1797.2
1071890 1800.5
1071900 1804.9
1071910 1803.6
1071920 1803.6
1071930 1801.6
1071940 1799.8
1071950 1799.8
1071960 1801.4
1071970 1802.9
1071980 1802.9
1071990 1803.0
1072000 1798.9
1072010 1798.9
1072020 1798.1
1072030 1802.3
1072040 1802.3
1072050 1806.0
1072060 1811.0
1072070 1811.0
1072080 1816.5
1072090 1818.2
1072100 1818.2
1072110 1816.1
1072120 1808.4
1072130 1808.1
1072140 1808.1
1072150 1806.0
1072160 1802.6
1072170 1802.6
1072180 1799.3
1072190 1799.5
1072200 1799.5
1072210 1799.6
1072220 1798.0
1072230 1798.0
1072240 1795.6
1072250 1793.4
1072260 1793.4
1072270 1790.7
1072280 1787.3
1072290 1787.3
1072300 1784.5
1072310 1780.5
1072320 1780.5
1072330 1773.9
1072340 1769.9
1072350 1769.9
1072360 1764.7
1072370 1767.6
1072380 1767.0
1072390 1767.0
1072400 1764.3
1072410 1760.6
1072420 1760.6
1072430 1752.5
1072440 1750.6
1072450 1750.6
1072460 1753.5
1072470 1754.5
1072480 1754.5
1072490 1758.9
1072500 1759.4
1072510 1759.4
1072520 1758.3
1072530 1753.8
1072540 1753.8
1072550 1746.6
1072560 1742.9
1072570 1742.9
1072580 1742.7
1072590 1744.7
1072600 1744.7
1072610 1742.5
1072620 1736.1
1072630 1736.2
1072640 1736.2
1072650 1739.1
1072660 1739.7
1072670 1739.7
1072680 1739.0
1072690 1736.3
1072700 1736.3
1072710 1732.7
1072720 1723.9
1072730 1723.9
1072740 1713.6
1072750 1713.5
1072760 1713.5
1072770 1707.6
1072780 1699.8
1072790 1699.8
1072800 1692.2
1072810 1685.5
1072820 1685.5
1072830 1681.1
1072840 1679.6
1072850 1679.6
1072860 1672.3
1072870 1660.2
1072880 1648.6
1072890 1648.6
1072900 1645.9
1072910 1646.4
1072920 1646.4
1072930 1649.9
1072940 1637.8
1072950 1637.8
1072960 1632.7
1072970 1630.9
1072980 1630.9
1072990 1631.7
1073000 1642.9
1073010 1642.9
1073020 1626.5
1073030 1623.6
1073040 1623.6
1073050 1618.9
1073060 1619.4
1073070 1619.4
1073080 1621.1
1073090 1635.3
1073100 1635.3
1073110 1624.9
1073120 1615.0
1073130 1612.1
1073140 1612.1
1073150 1606.1
1073160 1600.8
1073170 1600.8
1073180 1595.3
1073190 1589.0
1073200 1589.0
1073210 1585.5
1073220 1583.9
1073230 1583.9
1073240 1596.2
1073250 1599.9
1073260 1599.9
1073270 1584.2
1073280 1571.7
1073290 1571.7
1073300 1565.3
1073310 1559.9
1073320 1559.9
1073330 1554.2
1073340 1551.0
1073350 1548.2
1073360 1542.8
1073370 1539.7
1073380 1537.7
1073390 1537.7
1073400 1538.2
1073410 1538.1
1073420 1538.1
1073430 1537.9
1073440 1536.4
1073450 1536.4
1073460 1535.1
1073470 1533.5
1073480 1533.5
1073490 1531.3
1073500 1529.7
1073510 1529.7
1073520 1527.2
1073530 1525.7
1073540 1525.7
1073550 1523.6
1073560 1521.3
1073570 1521.3
1073580 1519.1
1073590 1517.0
1073600 1515.6
1073610 1515.6
1073620 1513.5
1073630 1511.2
1073640 1511.2
1073650 1509.4
1073660 1506.8
1073670 1505.6
1073680 1502.9
1073690 1501.1
1073700 1501.1
1073710 1499.1
1073720 1497.2
1073730 1497.2
1073740 1495.8
1073750 1494.3
1073760 1494.3
1073770 1492.6
1073780 1490.8
1073790 1490.8
1073800 1488.8
1073810 1486.9
1073820 1486.9
1073830 1484.8
1073840 1482.6
1073850 1480.6
1073860 1480.6
1073870 1478.8
1073880 1475.8
1073890 1475.8
1073900 1469.0
1073910 1468.6
1073920 1468.6
1073930 1471.7
1073940 1470.4
1073950 1470.4
1073960 1463.8
1073970 1458.9
1073980 1453.2
1073990 1449.3
1074000 1447.2
1074010 1447.2
1074020 1446.3
1074030 1445.6
1074040 1445.6
1074050 1448.9
1074060 1452.0
1074070 1452.0
1074080 1451.3
1074090 1451.6
1074100 1452.7
1074110 1452.7
1074120 1448.4
1074130 1440.5
1074140 1440.5
1074150 1437.3
1074160 1441.9
1074170 1441.9
1074180 1447.0
1074190 1450.4
1074200 1450.4
1074210 1453.5
1074220 1455.9
1074230 1455.9
1074240 1457.4
1074250 1458.6
1074260 1458.6
1074270 1458.9
1074280 1459.7
1074290 1463.7
1074300 1464.9
1074310 1465.0
1074320 1465.0
1074330 1463.7
1074340 1463.2
1074350 1464.5
1074360 1464.5
1074370 1464.0
1074380 1463.7
1074390 1463.7
1074400 1464.0
1074410 1461.8
1074420 1461.8
1074430 1460.5
1074440 1462.8
1074450 1462.8
1074460 1471.3
1074470 1474.6
1074480 1474.6
1074490 1476.8
1074500 1477.8
1074510 1477.8
1074520 1478.1
1074530 1478.7
1074540 1478.7
1074550 1478.8
1074560 1481.9
1074570 1481.9
1074580 1485.1
1074590 1487.0
1074600 1492.8
1074610 1492.8
1074620 1494.3
1074630 1496.9
1074640 1496.9
1074650 1498.1
1074660 1498.7
1074670 1498.7
1074680 1500.4
1074690 1502.5
1074700 1502.5
1074710 1504.5
1074720 1507.9
1074730 1507.9
1074740 1515.5
1074750 1523.3
1074760 1523.3
1074770 1528.3
1074780 1530.9
1074790 1530.9
1074800 1534.3
1074810 1537.8
1074820 1541.1
1074830 1541.1
1074840 1543.6
1074850 1546.8
1074860 1546.8
1074870 1550.5
1074880 1552.7
1074890 1552.7
1074900 1555.6
1074910 1563.1
1074920 1563.1
1074930 1565.9
1074940 1567.6
1074950 1567.6
1074960 1569.1
1074970 1573.6
1074980 1573.6
1074990 1576.2
1075000 1578.8
1075010 1578.8
1075020 1581.2
1075030 1583.5
1075040 1583.5
1075050 1586.5
1075060 1589.7
1075070 1591.4
1075080 1591.4
1075090 1595.0
1075100 1597.2
1075110 1597.2
1075120 1599.3
1075130 1601.6
1075140 1601.6
1075150 1602.9
1075160 1602.8
1075170 1602.8
1075180 1602.2
1075190 1601.6
1075200 1601.6
1075210 1607.2
1075220 1613.9
1075230 1613.9
1075240 1618.1
1075250 1620.7
1075260 1620.7
1075270 1622.7
1075280 1624.5
1075290 1624.5
1075300 1625.7
1075310 1626.5
1075320 1626.2
1075330 1626.2
1075340 1625.5
1075350 1625.2
1075360 1625.2
1075370 1626.6
1075380 1626.9
1075390 1626.9
1075400 1626.9
1075410 1629.8
1075420 1629.8
1075430 1633.9
1075440 1635.8
1075450 1635.8
1075460 1637.5
1075470 1639.1
1075480 1639.1
1075490 1640.7
1075500 1643.1
1075510 1643.1
1075520 1645.6
1075530 1651.2
1075540 1651.2
1075550 1653.5
1075560 1655.4
1075570 1657.4
1075580 1657.4
1075590 1659.0
1075600 1660.9
1075610 1660.9
1075620 1662.7
1075630 1664.6
1075640 1664.6
1075650 1666.1
1075660 1669.3
1075670 1669.3
1075680 1674.2
1075690 1679.0
1075700 1679.0
1075710 1683.9
1075720 1688.9
1075730 1688.9
1075740 1693.9
1075750 1698.5
1075760 1698.5
1075770 1703.1
1075780 1707.7
1075790 1707.7
1075800 1712.2
1075810 1716.4
1075820 1720.8
1075830 1720.8
1075840 1730.0
1075850 1733.8
1075860 1733.8
1075870 1737.5
1075880 1740.9
1075890 1740.9
1075900 1744.2
1075910 1747.4
1075920 1747.4
1075930 1750.3
1075940 1753.0
1075950 1753.0
1075960 1755.5
1075970 1757.8
1075980 1757.8
1075990 1759.7
1076000 1761.2
1076010 1761.2
1076020 1762.5
1076030 1763.6
1076040 1763.9
1076050 1763.9
1076060 1763.9
1076070 1762.5
1076080 1762.5
1076090 1760.1
1076100 1759.6
1076110 1759.6
1076120 1760.8
1076130 1763.0
1076140 1763.0
1076150 1772.2
1076160 1776.0
1076170 1776.0
1076180 1779.4
1076190 1782.4
1076200 1782.4
1076210 1784.8
1076220 1787.1
1076230 1787.1
1076240 1789.1
1076250 1790.4
1076260 1790.4
1076270 1791.5
1076280 1792.4
1076290 1792.7
1076300 1792.7
1076310 1792.1
1076320 1789.8
1076330 1789.8
1076340 1777.1
1076350 1765.4
1076360 1765.4
1076370 1756.9
1076380 1747.9
1076390 1747.9
1076400 1741.6
1076410 1737.0
1076420 1737.0
1076430 1730.5
1076440 1717.6
1076450 1717.6
1076460 1711.4
1076470 1702.6
1076480 1702.6
1076490 1692.1
1076500 1685.0
1076510 1685.0
1076520 1677.3
1076530 1659.7
1076540 1644.7
1076550 1644.7
1076560 1636.3
1076570 1629.9
1076580 1629.9
1076590 1624.1
1076600 1619.1
1076610 1619.1
1076620 1614.6
1076630 1608.8
1076640 1608.8
1076650 1603.2
1076660 1598.6
1076670 1598.6
1076680 1594.1
1076690 1589.6
1076700 1589.6
1076710 1585.8
1076720 1582.1
1076730 1582.1
1076740 1578.5
1076750 1575.7
1076760 1575.7
1076770 1576.1
1076780 1572.9
1076790 1569.3
1076800 1569.3
1076810 1564.8
1076820 1558.8
1076830 1558.8
1076840 1554.5
1076850 1552.1
1076860 1552.1
1076870 1552.4
1076880 1553.7
1076890 1553.7
1076900 1554.3
1076910 1553.4
1076920 1553.4
1076930 1550.5
1076940 1549.5
1076950 1549.5
1076960 1548.5
1076970 1548.8
1076980 1548.8
1076990 1552.7
1077000 1557.4
1077010 1557.4
1077020 1563.2
1077030 1568.5
1077040 1579.7
1077050 1579.7
1077060 1590.6
1077070 1599.3
1077080 1607.6
1077090 1614.1
1077100 1620.2
1077110 1620.2
1077120 1625.4
1077130 1632.3
1077140 1632.3
1077150 1643.6
1077160 1653.8
1077170 1653.8
1077180 1662.6
1077190 1671.7
1077200 1671.7
1077210 1677.6
1077220 1686.0
1077230 1686.0
1077240 1693.3
1077250 1703.0
1077260 1709.3
1077270 1709.3
1077280 1709.9
1077290 1707.0
1077300 1707.0
1077310 1709.8
1077320 1719.1
1077330 1719.1
1077340 1709.4
1077350 1702.2
1077360 1702.2
1077370 1693.2
1077380 1694.0
1077390 1694.0
1077400 1707.2
1077410 1712.0
1077420 1712.0
1077430 1709.4
1077440 1700.8
1077450 1700.8
1077460 1683.9
1077470 1679.4
1077480 1679.4
1077490 1671.4
1077500 1654.1
1077510 1651.3
1077520 1651.3
1077530 1644.1
1077540 1640.5
1077550 1640.5
1077560 1639.4
1077570 1637.9
1077580 1637.9
1077590 1625.3
1077600 1603.9
1077610 1603.9
1077620 1597.0
1077630 1589.0
1077640 1589.0
1077650 1567.2
1077660 1515.9
1077670 1515.9
1077680 1498.6
1077690 1495.3
1077700 1495.3
1077710 1511.1
1077720 1516.9
1077730 1516.9
1077740 1521.1
1077750 1515.0
1077760 1506.4
1077770 1506.4
1077780 1495.7
1077790 1485.5
1077800 1485.5
1077810 1477.2
1077820 1466.7
1077830 1466.7
1077840 1441.9
1077850 1421.2
1077860 1421.2
1077870 1411.9
1077880 1404.5
1077890 1404.5
1077900 1396.6
1077910 1388.6
1077920 1388.6
1077930 1380.2
1077940 1372.6
1077950 1372.6
1077960 1366.0
1077970 1359.4
1077980 1359.4
1077990 1352.3
1078000 1344.6
1078010 1335.8
1078020 1336.8
1078030 1327.8
1078040 1318.2
1078050 1318.2
1078060 1307.0
1078070 1295.9
1078080 1295.9
1078090 1285.1
1078100 1273.8
1078110 1273.8
1078120 1262.0
1078130 1252.7
1078140 1252.7
1078150 1243.5
1078160 1235.1
1078170 1235.1
1078180 1228.0
1078190 1220.8
1078200 1220.8
1078210 1211.2
1078220 1201.3
1078230 1201.3
1078240 1192.4
1078250 1183.9
1078260 1176.1
1078270 1176.1
1078280 1168.8
1078290 1162.6
1078300 1162.6
1078310 1155.9
1078320 1149.3
1078330 1151.0
1078340 1145.4
1078350 1138.0
1078360 1138.0
1078370 1130.9
1078380 1123.8
1078390 1123.8
1078400 1116.8
1078410 1109.6
1078420 1109.6
1078430 1103.4
1078440 1097.3
1078450 1097.3
1078460 1090.8
1078470 1084.4
1078480 1084.4
1078490 1078.6
1078500 1072.7
1078510 1066.3
1078520 1066.3
1078530 1059.8
1078540 1053.4
1078550 1053.4
1078560 1046.5
1078570 1039.8
1078580 1039.8
1078590 1032.7
1078600 1027.3
1078610 1027.3
1078620 1022.3
1078630 1019.1
1078640 1019.1
1078650 1009.2
1078660 1006.7
1078670 1006.7
1078680 1004.5
1078690 1001.8
1078700 1001.8
1078710 992.7
1078720 988.8
1078730 987.2
1078740 987.2
1078750 988.5
1078760 996.9
1078770 996.9
1078780 997.0
1078790 991.9
1078800 991.9
1078810 985.9
1078820 975.8
1078830 975.8
1078840 964.3
1078850 942.6
1078860 942.6
1078870 913.2
1078880 904.2
1078890 904.2
1078900 896.2
1078910 889.1
1078920 889.1
1078930 885.3
1078940 885.7
1078950 885.7
1078960 893.0
1078970 898.4
1078980 904.7
1078990 904.7
1079000 910.2
1079010 916.8
1079020 916.8
1079030 922.1
1079040 930.5
1079050 930.5
1079060 938.7
1079070 948.9
1079080 948.9
1079090 957.0
1079100 968.4
1079110 968.4
1079120 976.1
1079130 983.9
1079140 983.9
1079150 990.7
1079160 998.1
1079170 998.1
1079180 1006.9
1079190 1014.6
1079200 1014.6
1079210 1017.7
1079220 1017.1
1079230 1019.6
1079240 1019.6
1079250 1024.9
1079260 1026.9
1079270 1027.8
1079280 1021.3
1079290 1014.5
1079300 1014.5
1079310 1010.3
1079320 1011.4
1079330 1011.4
1079340 1014.3
1079350 1014.0
1079360 1014.0
1079370 1006.3
1079380 989.0
1079390 989.0
1079400 996.5
1079410 1002.9
1079420 1002.9
1079430 1007.4
1079440 1012.0
1079450 1012.0
1079460 1015.9
1079470 1020.2
1079480 1023.0
1079490 1023.0
1079500 1025.2
1079510 1028.2
1079520 1028.2
1079530 1030.9
1079540 1034.0
1079550 1034.0
1079560 1036.8
1079570 1039.6
1079580 1039.6
1079590 1033.9
1079600 1036.7
1079610 1036.7
1079620 1039.4
1079630 1041.8
1079640 1041.8
1079650 1044.5
1079660 1046.6
1079670 1046.6
1079680 1049.4
1079690 1052.1
1079700 1052.1
1079710 1054.4
1079720 1056.4
1079730 1058.0
1079740 1058.0
1079750 1059.3
1079760 1061.0
1079770 1061.0
1079780 1061.9
1079790 1064.1
1079800 1064.1
1079810 1068.9
1079820 1073.6
1079830 1073.6
1079840 1076.1
1079850 1079.5
1079860 1079.5
1079870 1082.8
1079880 1086.2
1079890 1086.2
1079900 1083.6
1079910 1087.1
1079920 1087.1
1079930 1091.0
1079940 1094.4
1079950 1095.9
1079960 1095.9
1079970 1097.0
1079980 1099.5
1079990 1099.5
