1068980 1876.2
1068990 1872.1
1069000 1874.5
1069010 1880.4
1069020 1880.4
1069030 1885.2
1069040 1888.4
1069050 1888.4
1069060 1891.1
1069070 1892.3
1069080 1894.8
1069090 1894.8
1069100 1893.6
1069110 1895.0
1069120 1895.0
1069130 1900.6
1069140 1908.6
1069150 1908.6
1069160 1915.8
1069170 1919.2
1069180 1919.2
1069190 1921.8
1069200 1925.5
1069210 1925.5
1069220 1928.8
1069230 1934.2
1069240 1934.2
1069250 1938.9
1069260 1941.6
1069270 1941.6
1069280 1944.1
1069290 1946.5
1069300 1939.8
1069310 1942.0
1069320 1944.5
1069330 1948.4
1069340 1948.4
1069350 1952.5
1069360 1956.8
1069370 1956.8
1069380 1958.6
1069390 1958.7
1069400 1958.7
1069410 1961.3
1069420 1962.0
1069430 1962.0
1069440 1945.4
1069450 1936.9
1069460 1936.9
1069470 1929.2
1069480 1926.5
1069490 1926.5
1069500 1925.1
1069510 1927.7
1069520 1927.7
1069530 1931.5
1069540 1926.7
1069550 1926.7
1069560 1925.3
1069570 1917.6
1069580 1914.2
1069590 1914.2
1069600 1908.7
1069610 1892.5
1069620 1892.5
1069630 1886.2
1069640 1879.1
1069650 1879.1
1069660 1871.2
1069670 1869.7
1069680 1869.7
1069690 1876.7
1069700 1875.3
1069710 1875.3
1069720 1870.7
1069730 1865.5
1069740 1865.5
1069750 1862.1
1069760 1862.3
1069770 1862.3
1069780 1859.8
1069790 1857.3
1069800 1855.9
1069810 1855.9
1069820 1856.9
1069830 1858.3
1069840 1858.3
1069850 1859.8
1069860 1863.4
1069870 1863.4
1069880 1865.7
1069890 1866.5
1069900 1866.5
1069910 1887.4
1069920 1891.1
1069930 1891.1
1069940 1890.2
1069950 1879.0
1069960 1879.0
1069970 1875.8
1069980 1879.5
1069990 1879.5
1070000 1886.0
1070010 1900.4
1070020 1900.4
1070030 1910.2
1070040 1917.1
1070050 1922.0
1070060 1922.0
1070070 1920.9
1070080 1909.4
1070090 1909.4
1070100 1902.4
1070110 1904.2
1070120 1904.2
1070130 1905.4
1070140 1906.0
1070150 1906.0
1070160 1910.9
1070170 1915.0
1070180 1915.0
1070190 1920.3
1070200 1923.9
1070210 1923.9
1070220 1934.9
1070230 1938.9
1070240 1938.9
1070250 1942.6
1070260 1948.0
1070270 1948.0
1070280 1953.6
1070290 1960.2
1070300 1963.9
1070310 1963.9
1070320 1968.0
1070330 1974.3
1070340 1974.3
1070350 1980.3
1070360 1982.5
1070370 1982.5
1070380 1987.6
1070390 1995.6
1070400 1995.6
1070410 2002.2
1070420 2010.4
1070430 2010.4
1070440 2019.7
1070450 2026.6
1070460 2026.6
1070470 2030.8
1070480 2036.1
1070490 2036.1
1070500 2041.1
1070510 2044.3
1070520 2044.3
1070530 2039.7
1070540 2039.2
1070550 2039.5
1070560 2039.5
1070570 2040.4
1070580 2040.8
1070590 2040.8
1070600 2041.2
1070610 2040.9
1070620 2040.9
1070630 2040.4
1070640 2040.1
1070650 2040.1
1070660 2040.3
1070670 2040.6
1070680 2040.6
1070690 2041.5
1070700 2042.1
1070710 2042.1
1070720 2043.1
1070730 2043.9
1070740 2043.9
1070750 2045.9
1070760 2049.4
1070770 2049.4
1070780 2050.6
1070790 2051.0
1070800 2050.2
1070810 2050.2
1070820 2049.3
1070830 2042.9
1070840 2042.9
1070850 2040.7
1070860 2038.8
1070870 2038.8
1070880 2036.0
1070890 2031.0
1070900 2031.0
1070910 2025.2
1070920 2019.8
1070930 2019.8
1070940 2015.4
1070950 2010.4
1070960 2010.4
1070970 2006.5
1070980 2002.1
1070990 2002.1
1071000 1999.0
1071010 1997.6
1071020 1998.0
1071030 1998.0
1071040 1998.5
1071050 2000.3
1071060 2000.3
1071070 2002.7
1071080 2006.8
1071090 2006.8
1071100 2011.7
1071110 2016.6
1071120 2016.6
1071130 2021.7
1071140 2022.2
1071150 2022.2
1071160 2027.1
1071170 2032.1
1071180 2032.1
1071190 2034.1
1071200 2030.4
1071210 2030.4
1071220 2027.7
1071230 2011.6
1071240 2011.6
1071250 2006.2
1071260 2000.2
1071270 1991.5
1071280 1991.5
1071290 1977.8
1071300 1964.4
1071310 1964.4
1071320 1958.2
1071330 1951.2
1071340 1951.2
1071350 1941.7
1071360 1935.4
1071370 1935.4
1071380 1918.0
1071390 1906.2
1071400 1906.2
1071410 1900.0
1071420 1894.7
1071430 1894.7
1071440 1889.4
1071450 1882.2
1071460 1882.2
1071470 1876.5
1071480 1871.2
1071490 1871.2
1071500 1866.0
1071510 1860.9
1071520 1856.7
1071530 1856.7
1071540 1853.0
1071550 1848.7
1071560 1848.7
1071570 1844.7
1071580 1840.4
1071590 1840.4
1071600 1836.4
1071610 1832.8
1071620 1832.8
1071630 1829.7
1071640 1826.3
1071650 1826.3
1071660 1823.7
1071670 1820.1
1071680 1820.1
1071690 1816.7
1071700 1814.3
1071710 1814.3
1071720 1812.3
1071730 1809.9
1071740 1809.9
1071750 1809.6
1071760 1811.4
1071770 1811.2
1071780 1811.2
1071790 1810.5
1071800 1809.4
1071810 1809.4
1071820 1809.1
1071830 1807.7
1071840 1807.7
1071850 1805.0
1071860 1804.0
1071870 1804.0
1071880 1802.7
1071890 1800.2
1071900 1800.2
1071910 1797.7
1071920 1792.4
1071930 1792.4
1071940 1787.8
1071950 1788.2
1071960 1788.2
1071970 1788.0
1071980 1788.9
1071990 1788.9
1072000 1788.3
1072010 1786.2
1072020 1779.6
1072030 1779.6
1072040 1772.2
1072050 1764.6
1072060 1764.0
1072070 1757.0
1072080 1752.6
1072090 1752.6
1072100 1751.3
1072110 1750.8
1072120 1750.8
1072130 1749.9
1072140 1747.9
1072150 1747.9
1072160 1745.8
1072170 1743.5
1072180 1743.5
1072190 1740.1
1072200 1738.5
1072210 1738.5
1072220 1738.4
1072230 1737.0
1072240 1734.3
1072250 1734.3
1072260 1731.5
1072270 1728.7
1072280 1728.7
1072290 1726.2
1072300 1723.8
1072310 1723.8
1072320 1720.8
1072330 1717.6
1072340 1717.6
1072350 1714.6
1072360 1712.5
1072370 1711.0
1072380 1710.8
1072390 1710.3
1072400 1710.3
1072410 1706.4
1072420 1701.0
1072430 1701.0
1072440 1694.1
1072450 1687.2
1072460 1687.2
1072470 1682.3
1072480 1678.9
1072490 1675.8
1072500 1675.8
1072510 1671.2
1072520 1665.2
1072530 1665.2
1072540 1660.2
1072550 1657.7
1072560 1657.7
1072570 1655.5
1072580 1654.6
1072590 1654.6
1072600 1655.5
1072610 1655.1
1072620 1655.1
1072630 1651.9
1072640 1650.0
1072650 1650.0
1072660 1646.1
1072670 1645.4
1072680 1648.4
1072690 1646.3
1072700 1642.5
1072710 1642.5
1072720 1641.6
1072730 1640.0
1072740 1638.5
1072750 1638.5
1072760 1635.6
1072770 1632.4
1072780 1632.4
1072790 1630.4
1072800 1628.7
1072810 1628.7
1072820 1625.7
1072830 1622.0
1072840 1622.0
1072850 1617.0
1072860 1612.1
1072870 1612.1
1072880 1608.2
1072890 1604.6
1072900 1604.6
1072910 1599.2
1072920 1594.3
1072930 1594.3
1072940 1589.0
1072950 1583.9
1072960 1583.9
1072970 1579.2
1072980 1576.0
1072990 1573.7
1073000 1573.7
1073010 1569.2
1073020 1564.2
1073030 1564.2
1073040 1559.3
1073050 1555.5
1073060 1555.5
1073070 1552.1
1073080 1548.4
1073090 1548.4
1073100 1546.2
1073110 1545.1
1073120 1545.1
1073130 1543.5
1073140 1540.4
1073150 1540.4
1073160 1538.0
1073170 1537.1
1073180 1537.1
1073190 1535.2
1073200 1532.5
1073210 1532.5
1073220 1531.7
1073230 1529.8
1073240 1527.0
1073250 1527.0
1073260 1524.2
1073270 1519.5
1073280 1519.5
1073290 1514.6
1073300 1507.0
1073310 1507.0
1073320 1505.0
1073330 1504.6
1073340 1504.6
1073350 1504.6
1073360 1504.5
1073370 1504.5
1073380 1504.0
1073390 1502.7
1073400 1502.7
1073410 1500.8
1073420 1499.1
1073430 1499.1
1073440 1497.6
1073450 1495.7
1073460 1493.9
1073470 1493.9
1073480 1492.1
1073490 1490.4
1073500 1490.4
1073510 1488.8
1073520 1486.9
1073530 1486.9
1073540 1485.1
1073550 1483.5
1073560 1483.5
1073570 1481.4
1073580 1479.2
1073590 1479.2
1073600 1476.5
1073610 1470.0
1073620 1470.0
1073630 1469.7
1073640 1469.8
1073650 1469.8
1073660 1469.6
1073670 1470.5
1073680 1470.5
1073690 1474.7
1073700 1479.9
1073710 1484.9
1073720 1484.9
1073730 1488.0
1073740 1489.6
1073750 1489.6
1073760 1492.4
1073770 1495.7
1073780 1495.7
1073790 1498.7
1073800 1500.2
1073810 1500.2
1073820 1499.8
1073830 1498.1
1073840 1498.1
1073850 1499.8
1073860 1501.8
1073870 1501.8
1073880 1504.4
1073890 1505.8
1073900 1505.8
1073910 1504.6
1073920 1507.5
1073930 1507.5
1073940 1508.9
1073950 1510.0
1073960 1513.4
1073970 1513.4
1073980 1516.3
1073990 1516.9
1074000 1516.9
1074010 1518.7
1074020 1523.3
1074030 1523.3
1074040 1526.1
1074050 1526.3
1074060 1526.3
1074070 1527.9
1074080 1530.9
1074090 1530.9
1074100 1532.9
1074110 1536.4
1074120 1536.4
1074130 1538.5
1074140 1538.3
1074150 1538.3
1074160 1537.2
1074170 1540.2
1074180 1540.2
1074190 1541.6
1074200 1541.4
1074210 1543.0
1074220 1543.0
1074230 1551.7
1074240 1555.1
1074250 1555.1
1074260 1558.0
1074270 1561.0
1074280 1561.0
1074290 1564.2
1074300 1566.2
1074310 1566.2
1074320 1568.2
1074330 1568.1
1074340 1568.1
1074350 1569.6
1074360 1571.6
1074370 1571.6
1074380 1572.9
1074390 1574.8
1074400 1574.8
1074410 1577.6
1074420 1579.9
1074430 1579.9
1074440 1581.7
1074450 1581.4
1074460 1579.0
1074470 1579.0
1074480 1578.3
1074490 1577.5
1074500 1577.5
1074510 1576.0
1074520 1576.2
1074530 1576.2
1074540 1581.6
1074550 1583.0
1074560 1583.0
1074570 1581.6
1074580 1582.1
1074590 1582.1
1074600 1586.3
1074610 1590.2
1074620 1590.2
1074630 1592.7
1074640 1593.7
1074650 1593.7
1074660 1594.6
1074670 1596.7
1074680 1597.5
1074690 1597.5
1074700 1598.5
1074710 1601.3
1074720 1601.3
1074730 1606.1
1074740 1609.4
1074750 1609.4
1074760 1609.5
1074770 1608.4
1074780 1608.4
1074790 1611.7
1074800 1613.1
1074810 1613.1
1074820 1614.2
1074830 1616.6
1074840 1616.6
1074850 1622.3
1074860 1628.1
1074870 1628.1
1074880 1630.6
1074890 1631.6
1074900 1631.6
1074910 1632.8
1074920 1632.7
1074930 1634.2
1074940 1634.2
1074950 1635.7
1074960 1637.1
1074970 1637.1
1074980 1639.2
1074990 1640.8
1075000 1640.8
1075010 1643.2
1075020 1645.7
1075030 1645.7
1075040 1646.2
1075050 1647.2
1075060 1647.2
1075070 1650.1
1075080 1652.6
1075090 1652.6
1075100 1654.9
1075110 1656.7
1075120 1656.7
1075130 1659.4
1075140 1662.4
1075150 1662.4
1075160 1668.6
1075170 1670.7
1075180 1673.7
1075190 1673.7
1075200 1677.5
1075210 1681.8
1075220 1681.8
1075230 1685.9
1075240 1689.2
1075250 1689.2
1075260 1692.3
1075270 1695.4
1075280 1695.4
1075290 1697.7
1075300 1701.4
1075310 1701.4
1075320 1703.7
1075330 1705.8
1075340 1705.8
1075350 1710.7
1075360 1714.9
1075370 1714.9
1075380 1715.8
1075390 1716.7
1075400 1716.7
1075410 1720.7
1075420 1724.9
1075430 1728.9
1075440 1728.9
1075450 1734.1
1075460 1738.9
1075470 1741.5
1075480 1746.2
1075490 1750.9
1075500 1750.9
1075510 1755.4
1075520 1759.5
1075530 1759.5
1075540 1763.4
1075550 1767.0
1075560 1767.0
1075570 1770.4
1075580 1773.8
1075590 1773.8
1075600 1777.2
1075610 1780.0
1075620 1780.0
1075630 1783.2
1075640 1788.2
1075650 1788.2
1075660 1792.5
1075670 1797.9
1075680 1803.2
1075690 1803.2
1075700 1808.4
1075710 1815.0
1075720 1815.0
1075730 1821.5
1075740 1828.0
1075750 1828.0
1075760 1834.4
1075770 1840.9
1075780 1843.5
1075790 1849.8
1075800 1855.9
1075810 1855.9
1075820 1862.2
1075830 1867.4
1075840 1867.4
1075850 1872.4
1075860 1876.5
1075870 1876.5
1075880 1880.3
1075890 1882.7
1075900 1884.7
1075910 1884.7
1075920 1886.2
1075930 1887.7
1075940 1887.7
1075950 1889.4
1075960 1892.1
1075970 1892.1
1075980 1895.7
1075990 1899.0
1076000 1899.0
1076010 1903.2
1076020 1906.9
1076030 1906.9
1076040 1910.2
1076050 1914.7
1076060 1914.7
1076070 1918.6
1076080 1923.0
1076090 1927.2
1076100 1931.3
1076110 1933.9
1076120 1933.9
1076130 1933.9
1076140 1931.3
1076150 1924.3
1076160 1924.3
1076170 1920.5
1076180 1917.3
1076190 1917.3
1076200 1911.2
1076210 1903.9
1076220 1903.9
1076230 1895.0
1076240 1886.8
1076250 1886.8
1076260 1879.8
1076270 1873.0
1076280 1873.0
1076290 1866.1
1076300 1858.4
1076310 1858.4
1076320 1850.4
1076330 1840.3
1076340 1840.3
1076350 1832.1
1076360 1824.5
1076370 1824.5
1076380 1816.4
1076390 1809.0
1076400 1802.2
1076410 1802.2
1076420 1795.1
1076430 1788.6
1076440 1788.6
1076450 1782.1
1076460 1775.9
1076470 1775.9
1076480 1770.6
1076490 1765.5
1076500 1765.5
1076510 1761.3
1076520 1757.3
1076530 1757.3
1076540 1754.5
1076550 1752.8
1076560 1752.8
1076570 1751.7
1076580 1742.5
1076590 1742.5
1076600 1731.9
1076610 1726.5
1076620 1726.5
1076630 1722.8
1076640 1716.0
1076650 1708.0
1076660 1708.0
1076670 1703.4
1076680 1701.0
1076690 1701.0
1076700 1698.5
1076710 1709.1
1076720 1709.1
1076730 1707.0
1076740 1701.7
1076750 1701.7
1076760 1695.6
1076770 1691.5
1076780 1691.5
1076790 1687.6
1076800 1688.0
1076810 1688.0
1076820 1686.9
1076830 1685.1
1076840 1685.1
1076850 1683.0
1076860 1679.3
1076870 1679.3
1076880 1677.2
1076890 1677.2
1076900 1679.4
1076910 1679.4
1076920 1681.1
1076930 1689.3
1076940 1689.3
1076950 1691.8
1076960 1702.7
1076970 1702.7
1076980 1711.2
1076990 1716.9
1077000 1716.9
1077010 1721.3
1077020 1738.9
1077030 1738.9
1077040 1750.1
1077050 1762.3
1077060 1762.3
1077070 1770.7
1077080 1774.5
1077090 1774.5
1077100 1773.4
1077110 1769.2
1077120 1769.4
1077130 1769.4
1077140 1767.2
1077150 1763.1
1077160 1763.1
1077170 1758.8
1077180 1751.4
1077190 1751.4
1077200 1744.0
1077210 1738.0
1077220 1738.0
1077230 1732.8
1077240 1727.3
1077250 1727.3
1077260 1721.2
1077270 1707.9
1077280 1707.9
1077290 1690.2
1077300 1680.0
1077310 1680.0
1077320 1668.8
1077330 1672.0
1077340 1672.0
1077350 1671.2
1077360 1660.7
1077370 1641.5
1077380 1641.5
1077390 1604.0
1077400 1598.9
1077410 1598.9
1077420 1591.1
1077430 1578.2
1077440 1578.2
1077450 1570.2
1077460 1565.5
1077470 1565.5
1077480 1569.7
1077490 1578.7
1077500 1578.7
1077510 1562.3
1077520 1556.7
1077530 1556.7
1077540 1546.7
1077550 1536.2
1077560 1536.2
1077570 1527.4
1077580 1520.0
1077590 1520.0
1077600 1513.5
1077610 1506.7
1077620 1499.6
1077630 1499.6
1077640 1492.6
1077650 1488.9
1077660 1488.9
1077670 1484.8
1077680 1478.8
1077690 1478.8
1077700 1472.8
1077710 1464.2
1077720 1464.2
1077730 1453.9
1077740 1441.3
1077750 1441.3
1077760 1419.2
1077770 1396.7
1077780 1396.7
1077790 1388.5
1077800 1381.9
1077810 1381.9
1077820 1376.7
1077830 1370.9
1077840 1370.9
1077850 1367.0
1077860 1363.4
1077870 1360.7
1077880 1360.7
1077890 1361.7
1077900 1358.8
1077910 1358.8
1077920 1351.5
1077930 1350.6
1077940 1350.6
1077950 1352.0
1077960 1346.4
1077970 1346.4
1077980 1348.3
1077990 1349.9
1078000 1349.9
1078010 1343.6
1078020 1327.9
1078030 1327.9
1078040 1317.3
1078050 1306.5
1078060 1306.5
1078070 1294.7
1078080 1286.3
1078090 1286.3
1078100 1278.7
1078110 1271.2
1078120 1263.8
1078130 1263.8
1078140 1254.8
1078150 1245.9
1078160 1245.9
1078170 1239.0
1078180 1232.2
1078190 1232.2
1078200 1225.6
1078210 1218.5
1078220 1218.5
1078230 1211.3
1078240 1204.1
1078250 1204.1
1078260 1196.9
1078270 1187.9
1078280 1187.9
1078290 1180.9
1078300 1174.1
1078310 1174.1
1078320 1167.5
1078330 1161.4
1078340 1156.4
1078350 1156.4
1078360 1151.9
1078370 1147.3
1078380 1147.3
1078390 1142.5
1078400 1137.4
1078410 1137.4
1078420 1132.4
1078430 1127.3
1078440 1127.3
1078450 1122.6
1078460 1117.6
1078470 1117.6
1078480 1112.9
1078490 1107.8
1078500 1107.8
1078510 1102.8
1078520 1097.6
1078530 1097.6
1078540 1091.9
1078550 1085.3
1078560 1085.3
1078570 1076.4
1078580 1070.5
1078590 1063.2
1078600 1063.2
1078610 1056.4
1078620 1049.2
1078630 1049.2
1078640 1039.9
1078650 1029.1
1078660 1029.1
1078670 1017.5
1078680 1009.0
1078690 1009.0
1078700 1000.6
1078710 991.6
1078720 991.6
1078730 982.9
1078740 975.1
1078750 975.1
1078760 967.9
1078770 959.1
1078780 959.1
1078790 949.2
1078800 936.5
1078810 936.5
1078820 922.2
1078830 915.2
1078840 912.8
1078850 912.8
1078860 916.5
1078870 922.3
1078880 922.3
1078890 923.0
1078900 928.1
1078910 928.1
1078920 930.6
1078930 933.0
1078940 933.0
1078950 937.6
1078960 941.7
1078970 941.7
1078980 945.0
1078990 948.9
1079000 948.9
1079010 953.1
1079020 958.6
1079030 958.6
1079040 964.1
1079050 970.0
1079060 970.0
1079070 976.5
1079080 979.8
1079090 984.7
1079100 984.7
1079110 990.9
1079120 996.0
1079130 996.0
1079140 999.3
1079150 1004.1
1079160 1004.1
1079170 1007.9
1079180 1010.7
1079190 1010.7
1079200 1013.0
1079210 1010.3
1079220 1010.3
1079230 1013.5
1079240 1017.8
1079250 1017.8
1079260 1020.7
1079270 1023.7
1079280 1023.7
1079290 1026.6
1079300 1029.2
1079310 1030.0
1079320 1030.0
1079330 1031.3
1079340 1034.6
1079350 1034.6
1079360 1038.3
1079370 1042.8
1079380 1042.8
1079390 1048.1
1079400 1052.7
1079410 1052.7
1079420 1058.1
1079430 1064.3
1079440 1064.3
1079450 1071.1
1079460 1077.9
1079470 1077.9
1079480 1085.5
1079490 1092.3
1079500 1092.3
1079510 1097.8
1079520 1108.6
1079530 1108.6
1079540 1116.3
1079550 1125.2
1079560 1126.0
1079570 1126.0
1079580 1124.0
1079590 1127.1
1079600 1127.1
1079610 1132.3
1079620 1138.3
1079630 1138.3
1079640 1144.3
1079650 1147.6
1079660 1147.6
1079670 1147.9
1079680 1148.3
1079690 1148.3
1079700 1152.9
1079710 1158.5
1079720 1158.5
1079730 1160.7
1079740 1161.9
1079750 1161.9
1079760 1167.6
1079770 1173.1
1079780 1173.1
1079790 1175.3
1079800 1175.7
1079810 1178.4
1079820 1178.4
1079830 1181.5
1079840 1190.6
1079850 1190.6
1079860 1194.0
1079870 1198.0
1079880 1198.0
1079890 1200.9
1079900 1202.5
1079910 1202.5
1079920 1205.6
1079930 1210.2
1079940 1210.2
1079950 1212.6
1079960 1214.1
1079970 1214.1
1079980 1215.3
1079990 1215.0
