1068710 1839.9
1068720 1854.1
1068730 1854.1
1068740 1860.2
1068750 1868.8
1068760 1868.8
1068770 1874.2
1068780 1883.5
1068790 1883.5
1068800 1892.0
1068810 1896.2
1068820 1896.2
1068830 1899.9
1068840 1907.3
1068850 1909.6
1068860 1909.6
1068870 1923.0
1068880 1930.5
1068890 1930.5
1068900 1937.0
1068910 1943.5
1068920 1943.5
1068930 1948.8
1068940 1953.3
1068950 1953.3
1068960 1960.3
1068970 1970.1
1068980 1970.1
1068990 1971.1
1069000 1951.2
1069010 1951.2
1069020 1929.2
1069030 1918.0
1069040 1918.0
1069050 1908.9
1069060 1900.1
1069070 1891.9
1069080 1891.9
1069090 1884.0
1069100 1876.8
1069110 1876.8
1069120 1869.3
1069130 1861.8
1069140 1861.8
1069150 1859.2
1069160 1864.0
1069170 1871.7
1069180 1856.8
1069190 1849.8
1069200 1849.8
1069210 1838.7
1069220 1832.5
1069230 1832.5
1069240 1835.5
1069250 1842.7
1069260 1842.7
1069270 1832.2
1069280 1817.3
1069290 1817.3
1069300 1804.7
1069310 1797.6
1069320 1791.0
1069330 1791.0
1069340 1785.0
1069350 1776.0
1069360 1776.0
1069370 1762.5
1069380 1749.8
1069390 1749.8
1069400 1740.1
1069410 1731.7
1069420 1731.7
1069430 1726.3
1069440 1722.5
1069450 1722.5
1069460 1718.0
1069470 1712.4
1069480 1716.7
1069490 1711.5
1069500 1707.7
1069510 1707.7
1069520 1705.0
1069530 1703.6
1069540 1703.6
1069550 1701.0
1069560 1697.8
1069570 1696.7
1069580 1696.7
1069590 1694.4
1069600 1691.4
1069610 1691.4
1069620 1689.0
1069630 1688.2
1069640 1688.2
1069650 1688.6
1069660 1690.6
1069670 1690.6
1069680 1692.5
1069690 1694.6
1069700 1694.6
1069710 1695.9
1069720 1697.3
1069730 1697.3
1069740 1696.7
1069750 1695.8
1069760 1695.8
1069770 1690.7
1069780 1688.9
1069790 1692.8
1069800 1699.1
1069810 1703.7
1069820 1705.8
1069830 1705.8
1069840 1706.3
1069850 1708.3
1069860 1708.3
1069870 1711.0
1069880 1713.4
1069890 1713.4
1069900 1716.7
1069910 1719.5
1069920 1719.5
1069930 1723.0
1069940 1727.2
1069950 1727.2
1069960 1731.1
1069970 1735.8
1069980 1735.8
1069990 1740.1
1070000 1744.7
1070010 1744.7
1070020 1749.8
1070030 1754.7
1070040 1754.7
1070050 1759.9
1070060 1764.3
1070070 1769.6
1070080 1769.6
1070090 1775.2
1070100 1780.6
1070110 1780.6
1070120 1785.8
1070130 1790.7
1070140 1790.7
1070150 1795.1
1070160 1799.8
1070170 1799.8
1070180 1804.2
1070190 1808.8
1070200 1808.8
1070210 1814.4
1070220 1823.2
1070230 1823.2
1070240 1832.0
1070250 1840.2
1070260 1840.2
1070270 1846.3
1070280 1854.9
1070290 1854.9
1070300 1860.9
1070310 1868.2
1070320 1877.8
1070330 1877.8
1070340 1889.4
1070350 1895.6
1070360 1895.6
1070370 1902.2
1070380 1909.9
1070390 1909.9
1070400 1903.9
1070410 1909.0
1070420 1909.0
1070430 1912.8
1070440 1924.3
1070450 1924.3
1070460 1932.8
1070470 1938.7
1070480 1938.7
1070490 1945.1
1070500 1957.9
1070510 1957.9
1070520 1965.1
1070530 1971.3
1070540 1987.0
1070550 1987.0
1070560 1993.0
1070570 1996.8
1070580 1996.8
1070590 2006.4
1070600 2014.7
1070610 2014.7
1070620 2023.6
1070630 2034.5
1070640 2034.5
1070650 2045.3
1070660 2055.2
1070670 2055.2
1070680 2062.9
1070690 2068.2
1070700 2068.2
1070710 2079.0
1070720 2083.8
1070730 2083.8
1070740 2090.1
1070750 2098.5
1070760 2098.5
1070770 2107.7
1070780 2116.8
1070790 2125.1
1070800 2125.1
1070810 2130.8
1070820 2136.1
1070830 2136.1
1070840 2144.5
1070850 2151.1
1070860 2151.1
1070870 2156.8
1070880 2162.1
1070890 2162.1
1070900 2167.4
1070910 2175.2
1070920 2175.2
1070930 2183.8
1070940 2191.0
1070950 2191.0
1070960 2193.9
1070970 2187.9
1070980 2187.9
1070990 2178.4
1071000 2167.3
1071010 2179.2
1071020 2173.1
1071030 2144.5
1071040 2133.4
1071050 2133.4
1071060 2109.6
1071070 2099.8
1071080 2099.8
1071090 2091.2
1071100 2082.1
1071110 2082.1
1071120 2077.1
1071130 2068.0
1071140 2068.0
1071150 2060.0
1071160 2051.3
1071170 2051.3
1071180 2045.0
1071190 2039.4
1071200 2039.4
1071210 2039.2
1071220 2032.2
1071230 2032.2
1071240 2017.9
1071250 2004.0
1071260 2004.0
1071270 2001.3
1071280 2000.0
1071290 1992.1
1071300 1992.1
1071310 1984.7
1071320 1987.2
1071330 1987.2
1071340 1955.4
1071350 1935.6
1071360 1935.6
1071370 1909.3
1071380 1906.5
1071390 1906.5
1071400 1904.6
1071410 1902.1
1071420 1902.1
1071430 1904.5
1071440 1904.0
1071450 1904.0
1071460 1894.4
1071470 1884.5
1071480 1884.5
1071490 1873.8
1071500 1867.1
1071510 1867.1
1071520 1863.2
1071530 1859.0
1071540 1854.1
1071550 1854.1
1071560 1850.0
1071570 1839.7
1071580 1839.7
1071590 1827.9
1071600 1818.5
1071610 1818.5
1071620 1814.8
1071630 1816.4
1071640 1816.4
1071650 1810.4
1071660 1807.5
1071670 1807.5
1071680 1803.3
1071690 1798.3
1071700 1798.3
1071710 1797.6
1071720 1795.4
1071730 1795.4
1071740 1791.8
1071750 1788.2
1071760 1788.2
1071770 1783.5
1071780 1779.4
1071790 1774.5
1071800 1774.5
1071810 1769.7
1071820 1767.1
1071830 1767.1
1071840 1766.8
1071850 1767.2
1071860 1767.2
1071870 1766.4
1071880 1764.3
1071890 1764.3
1071900 1763.9
1071910 1764.4
1071920 1764.4
1071930 1767.0
1071940 1775.9
1071950 1775.9
1071960 1778.2
1071970 1780.0
1071980 1780.0
1071990 1778.9
1072000 1776.4
1072010 1783.2
1072020 1783.2
1072030 1790.3
1072040 1796.9
1072050 1796.9
1072060 1803.7
1072070 1811.8
1072080 1811.8
1072090 1814.8
1072100 1814.8
1072110 1814.8
1072120 1814.0
1072130 1815.1
1072140 1815.1
1072150 1817.8
1072160 1817.3
1072170 1817.3
1072180 1819.2
1072190 1822.3
1072200 1822.3
1072210 1824.7
1072220 1825.3
1072230 1825.3
1072240 1818.1
1072250 1815.6
1072260 1811.2
1072270 1811.2
1072280 1807.8
1072290 1801.8
1072300 1801.8
1072310 1794.8
1072320 1788.8
1072330 1788.8
1072340 1783.4
1072350 1783.7
1072360 1783.7
1072370 1787.7
1072380 1787.5
1072390 1787.5
1072400 1782.4
1072410 1779.5
1072420 1779.5
1072430 1775.0
1072440 1777.1
1072450 1777.1
1072460 1778.3
1072470 1777.5
1072480 1777.5
1072490 1781.7
1072500 1784.0
1072510 1780.7
1072520 1780.7
1072530 1775.9
1072540 1770.3
1072550 1764.5
1072560 1761.0
1072570 1761.3
1072580 1761.3
1072590 1760.2
1072600 1756.1
1072610 1756.1
1072620 1752.7
1072630 1753.4
1072640 1753.4
1072650 1759.0
1072660 1759.3
1072670 1759.3
1072680 1755.9
1072690 1747.3
1072700 1747.3
1072710 1742.8
1072720 1737.0
1072730 1737.0
1072740 1727.0
1072750 1718.5
1072760 1710.5
1072770 1710.5
1072780 1702.8
1072790 1695.1
1072800 1695.1
1072810 1687.9
1072820 1682.8
1072830 1682.8
1072840 1678.0
1072850 1674.2
1072860 1669.5
1072870 1664.7
1072880 1664.2
1072890 1664.2
1072900 1658.5
1072910 1654.6
1072920 1654.6
1072930 1649.3
1072940 1644.9
1072950 1644.9
1072960 1643.9
1072970 1641.4
1072980 1641.4
1072990 1638.5
1073000 1635.9
1073010 1633.8
1073020 1633.8
1073030 1633.5
1073040 1638.2
1073050 1638.2
1073060 1657.6
1073070 1666.3
1073080 1666.3
1073090 1662.1
1073100 1658.0
1073110 1658.0
1073120 1651.2
1073130 1648.1
1073140 1648.1
1073150 1640.7
1073160 1626.2
1073170 1618.6
1073180 1617.5
1073190 1615.7
1073200 1615.7
1073210 1608.1
1073220 1614.5
1073230 1614.8
1073240 1614.8
1073250 1615.2
1073260 1610.2
1073270 1610.2
1073280 1600.3
1073290 1590.6
1073300 1590.6
1073310 1582.6
1073320 1582.5
1073330 1582.5
1073340 1588.9
1073350 1579.4
1073360 1579.4
1073370 1566.1
1073380 1554.9
1073390 1554.9
1073400 1551.7
1073410 1550.5
1073420 1550.5
1073430 1550.0
1073440 1548.5
1073450 1548.5
1073460 1547.7
1073470 1545.6
1073480 1539.9
1073490 1539.9
1073500 1536.5
1073510 1534.1
1073520 1534.1
1073530 1531.5
1073540 1527.9
1073550 1527.9
1073560 1525.8
1073570 1524.5
1073580 1524.5
1073590 1523.1
1073600 1521.0
1073610 1521.0
1073620 1518.6
1073630 1516.2
1073640 1516.2
1073650 1513.7
1073660 1512.2
1073670 1512.2
1073680 1510.4
1073690 1508.7
1073700 1508.7
1073710 1507.1
1073720 1505.6
1073730 1503.4
1073740 1503.4
1073750 1501.3
1073760 1499.5
1073770 1499.5
1073780 1497.7
1073790 1494.0
1073800 1494.0
1073810 1492.1
1073820 1489.5
1073830 1489.5
1073840 1486.2
1073850 1482.0
1073860 1482.0
1073870 1478.9
1073880 1480.5
1073890 1480.5
1073900 1480.2
1073910 1478.3
1073920 1478.3
1073930 1476.5
1073940 1474.6
1073950 1474.6
1073960 1473.0
1073970 1471.3
1073980 1470.0
1073990 1470.0
1074000 1468.3
1074010 1466.3
1074020 1466.3
1074030 1464.4
1074040 1462.2
1074050 1462.2
1074060 1460.4
1074070 1459.0
1074080 1459.0
1074090 1454.6
1074100 1447.6
1074110 1447.6
1074120 1437.5
1074130 1435.5
1074140 1435.5
1074150 1440.0
1074160 1443.6
1074170 1443.6
1074180 1447.0
1074190 1449.1
1074200 1449.1
1074210 1449.7
1074220 1449.3
1074230 1449.1
1074240 1449.1
1074250 1449.7
1074260 1449.4
1074270 1449.4
1074280 1448.9
1074290 1450.9
1074300 1450.9
1074310 1451.7
1074320 1451.7
1074330 1451.7
1074340 1451.2
1074350 1449.7
1074360 1449.7
1074370 1447.6
1074380 1446.8
1074390 1446.8
1074400 1444.6
1074410 1444.8
1074420 1444.8
1074430 1448.8
1074440 1454.9
1074450 1454.9
1074460 1460.9
1074470 1461.4
1074480 1465.4
1074490 1465.4
1074500 1468.5
1074510 1468.9
1074520 1468.9
1074530 1466.9
1074540 1470.0
1074550 1470.0
1074560 1471.7
1074570 1472.2
1074580 1472.2
1074590 1474.8
1074600 1476.9
1074610 1476.9
1074620 1476.7
1074630 1476.7
1074640 1476.7
1074650 1477.7
1074660 1477.7
1074670 1477.7
1074680 1477.9
1074690 1478.8
1074700 1481.8
1074710 1481.8
1074720 1492.0
1074730 1501.6
1074740 1501.6
1074750 1508.7
1074760 1511.7
1074770 1511.7
1074780 1514.4
1074790 1517.6
1074800 1517.6
1074810 1520.1
1074820 1525.6
1074830 1525.6
1074840 1529.8
1074850 1532.0
1074860 1532.0
1074870 1533.5
1074880 1537.4
1074890 1537.4
1074900 1540.5
1074910 1541.5
1074920 1541.5
1074930 1544.6
1074940 1548.2
1074950 1550.1
1074960 1550.1
1074970 1553.6
1074980 1555.5
1074990 1555.5
1075000 1557.2
1075010 1560.0
1075020 1560.0
1075030 1569.7
1075040 1572.6
1075050 1572.6
1075060 1576.6
1075070 1579.9
1075080 1579.9
1075090 1582.9
1075100 1585.3
1075110 1585.3
1075120 1587.3
1075130 1588.5
1075140 1588.5
1075150 1588.8
1075160 1586.5
1075170 1586.5
1075180 1589.8
1075190 1594.6
1075200 1598.4
1075210 1598.4
1075220 1602.3
1075230 1605.0
1075240 1605.0
1075250 1607.2
1075260 1608.7
1075270 1608.7
1075280 1609.7
1075290 1610.4
1075300 1610.4
1075310 1611.4
1075320 1612.1
1075330 1612.1
1075340 1614.3
1075350 1613.3
1075360 1613.3
1075370 1612.5
1075380 1615.4
1075390 1615.4
1075400 1618.5
1075410 1621.3
1075420 1621.3
1075430 1623.9
1075440 1626.6
1075450 1629.5
1075460 1629.5
1075470 1632.1
1075480 1634.5
1075490 1634.5
1075500 1636.8
1075510 1638.8
1075520 1638.8
1075530 1640.2
1075540 1641.5
1075550 1641.5
1075560 1643.1
1075570 1645.0
1075580 1645.0
1075590 1645.7
1075600 1645.3
1075610 1645.3
1075620 1646.3
1075630 1651.3
1075640 1651.3
1075650 1658.1
1075660 1662.0
1075670 1662.0
1075680 1665.9
1075690 1669.7
1075700 1673.7
1075710 1673.7
1075720 1677.3
1075730 1681.4
1075740 1681.4
1075750 1686.0
1075760 1690.0
1075770 1690.0
1075780 1693.6
1075790 1697.8
1075800 1697.8
1075810 1701.8
1075820 1705.8
1075830 1705.8
1075840 1709.6
1075850 1713.1
1075860 1713.1
1075870 1716.2
1075880 1719.6
1075890 1719.6
1075900 1722.8
1075910 1725.7
1075920 1725.7
1075930 1728.1
1075940 1730.1
1075950 1732.6
1075960 1738.1
1075970 1740.4
1075980 1741.6
1075990 1741.6
1076000 1743.1
1076010 1743.7
1076020 1743.7
1076030 1744.8
1076040 1745.4
1076050 1745.4
1076060 1745.3
1076070 1743.0
1076080 1743.0
1076090 1740.9
1076100 1741.8
1076110 1741.8
1076120 1743.2
1076130 1746.2
1076140 1746.2
1076150 1749.4
1076160 1752.4
1076170 1755.4
1076180 1755.4
1076190 1757.7
1076200 1759.9
1076210 1759.9
1076220 1761.6
1076230 1762.9
1076240 1762.9
1076250 1764.1
1076260 1764.4
1076270 1771.4
1076280 1771.7
1076290 1771.5
1076300 1771.5
1076310 1771.4
1076320 1770.0
1076330 1770.0
1076340 1764.9
1076350 1756.7
1076360 1756.7
1076370 1747.7
1076380 1740.4
1076390 1740.4
1076400 1731.8
1076410 1723.1
1076420 1710.6
1076430 1710.6
1076440 1699.0
1076450 1691.5
1076460 1691.5
1076470 1687.9
1076480 1686.4
1076490 1686.4
1076500 1681.4
1076510 1678.4
1076520 1678.4
1076530 1657.1
1076540 1641.1
1076550 1641.1
1076560 1632.8
1076570 1624.1
1076580 1623.2
1076590 1616.1
1076600 1609.3
1076610 1609.3
1076620 1603.2
1076630 1597.4
1076640 1597.4
1076650 1592.6
1076660 1587.4
1076670 1582.4
1076680 1582.4
1076690 1579.5
1076700 1575.9
1076710 1575.9
1076720 1572.1
1076730 1569.2
1076740 1569.2
1076750 1567.7
1076760 1565.9
1076770 1565.9
1076780 1561.3
1076790 1556.0
1076800 1556.0
1076810 1550.3
1076820 1546.0
1076830 1546.0
1076840 1543.7
1076850 1541.2
1076860 1541.2
1076870 1538.9
1076880 1536.6
1076890 1538.2
1076900 1536.4
1076910 1535.4
1076920 1535.3
1076930 1535.3
1076940 1534.4
1076950 1534.0
1076960 1534.0
1076970 1535.6
1076980 1539.7
1076990 1539.7
1077000 1544.0
1077010 1549.6
1077020 1549.6
1077030 1555.3
1077040 1561.2
1077050 1561.2
1077060 1567.1
1077070 1574.5
1077080 1574.5
1077090 1582.2
1077100 1589.3
1077110 1589.3
1077120 1594.5
1077130 1599.3
1077140 1599.3
1077150 1605.0
1077160 1611.0
1077170 1616.6
1077180 1616.6
1077190 1620.3
1077200 1623.7
1077210 1635.5
1077220 1646.1
1077230 1651.5
1077240 1651.5
1077250 1658.2
1077260 1662.2
1077270 1662.2
1077280 1665.5
1077290 1675.2
1077300 1675.2
1077310 1684.0
1077320 1681.4
1077330 1681.4
1077340 1676.5
1077350 1665.6
1077360 1665.6
1077370 1666.7
1077380 1672.1
1077390 1674.7
1077400 1674.7
1077410 1672.6
1077420 1665.3
1077430 1665.3
1077440 1660.3
1077450 1652.5
1077460 1652.5
1077470 1648.1
1077480 1644.4
1077490 1644.4
1077500 1634.4
1077510 1622.5
1077520 1627.2
1077530 1621.3
1077540 1615.5
1077550 1615.5
1077560 1614.3
1077570 1615.1
1077580 1615.1
1077590 1620.4
1077600 1615.7
1077610 1615.7
1077620 1608.5
1077630 1597.8
1077640 1592.0
1077650 1592.0
1077660 1570.1
1077670 1517.9
1077680 1517.9
1077690 1489.9
1077700 1477.4
1077710 1477.4
1077720 1460.3
1077730 1463.6
1077740 1463.6
1077750 1479.5
1077760 1484.0
1077770 1484.0
1077780 1481.3
1077790 1465.1
1077800 1465.1
1077810 1453.3
1077820 1454.6
1077830 1461.5
1077840 1447.7
1077850 1436.5
1077860 1436.5
1077870 1428.3
1077880 1403.6
1077890 1382.2
1077900 1382.2
1077910 1377.3
1077920 1371.5
1077930 1371.5
1077940 1364.4
1077950 1355.7
1077960 1355.7
1077970 1347.1
1077980 1338.3
1077990 1338.3
1078000 1329.1
1078010 1319.9
1078020 1319.9
1078030 1310.8
1078040 1299.9
1078050 1299.9
1078060 1290.2
1078070 1281.0
1078080 1281.0
1078090 1273.3
1078100 1265.8
1078110 1265.8
1078120 1257.3
1078130 1249.8
1078140 1239.7
1078150 1239.7
1078160 1230.0
1078170 1224.3
1078180 1224.3
1078190 1217.5
1078200 1209.8
1078210 1209.8
1078220 1203.0
1078230 1196.7
1078240 1196.7
1078250 1190.4
1078260 1182.8
1078270 1182.8
1078280 1175.5
1078290 1169.1
1078300 1169.1
1078310 1161.9
1078320 1154.6
1078330 1154.6
1078340 1147.8
1078350 1140.9
1078360 1140.9
1078370 1133.9
1078380 1126.8
1078390 1119.9
1078400 1119.9
1078410 1113.2
1078420 1107.7
1078430 1107.7
1078440 1102.3
1078450 1096.5
1078460 1092.8
1078470 1087.4
1078480 1082.0
1078490 1082.0
1078500 1075.2
1078510 1070.3
1078520 1070.3
1078530 1066.3
1078540 1060.0
1078550 1060.0
1078560 1053.8
1078570 1049.1
1078580 1049.1
1078590 1044.9
1078600 1042.1
1078610 1036.3
1078620 1036.3
1078630 1031.9
1078640 1028.9
1078650 1028.9
1078660 1027.0
1078670 1025.3
1078680 1025.3
1078690 1026.0
1078700 1028.7
1078710 1028.7
1078720 1027.5
1078730 1024.2
1078740 1024.2
1078750 1019.2
1078760 1012.0
1078770 1008.8
1078780 1002.0
1078790 996.3
1078800 996.3
1078810 989.0
1078820 979.4
1078830 979.4
1078840 962.4
1078850 952.6
1078860 942.0
1078870 942.0
1078880 921.2
1078890 902.9
1078900 902.9
1078910 890.7
1078920 884.1
1078930 884.1
1078940 883.3
1078950 883.9
1078960 883.9
1078970 887.6
1078980 895.5
1078990 895.5
1079000 905.7
1079010 915.0
1079020 915.0
1079030 922.0
1079040 931.6
1079050 931.6
1079060 944.5
1079070 956.5
1079080 953.8
1079090 966.1
1079100 975.9
1079110 981.9
1079120 981.9
1079130 988.4
1079140 994.4
1079150 994.4
1079160 1001.0
1079170 1004.0
1079180 1004.0
1079190 1003.4
1079200 1002.3
1079210 1002.3
1079220 1006.6
1079230 1012.6
1079240 1012.6
1079250 1017.5
1079260 1015.1
1079270 1015.1
1079280 1008.2
1079290 1001.3
1079300 1001.3
1079310 998.7
1079320 979.5
1079330 979.5
1079340 978.0
1079350 975.5
1079360 980.5
1079370 980.5
1079380 989.7
1079390 996.9
1079400 992.6
1079410 1000.8
1079420 1008.7
1079430 1008.7
1079440 1016.7
1079450 1021.7
1079460 1021.7
1079470 1025.3
1079480 1028.9
1079490 1028.9
1079500 1033.2
1079510 1037.2
1079520 1037.2
1079530 1041.5
1079540 1046.1
1079550 1046.1
1079560 1050.3
1079570 1054.5
1079580 1054.5
1079590 1059.0
1079600 1063.0
1079610 1066.3
1079620 1066.3
1079630 1070.0
1079640 1072.8
1079650 1072.8
1079660 1076.4
1079670 1080.4
1079680 1080.4
1079690 1083.2
1079700 1084.3
1079710 1077.0
1079720 1077.9
1079730 1079.3
1079740 1079.3
1079750 1080.8
1079760 1082.3
1079770 1082.3
1079780 1084.3
1079790 1088.2
1079800 1088.2
1079810 1092.0
1079820 1095.6
1079830 1099.2
1079840 1099.2
1079850 1103.4
1079860 1107.9
1079870 1107.9
1079880 1111.6
1079890 1113.8
1079900 1113.8
1079910 1116.6
1079920 1119.1
1079930 1119.1
1079940 1122.5
1079950 1125.7
1079960 1125.7
1079970 1128.7
1079980 1130.8
1079990 1130.8
