1068450 1585.5
1068460 1585.5
1068470 1592.1
1068480 1604.9
1068490 1604.9
1068500 1615.3
1068510 1621.7
1068520 1621.7
1068530 1626.9
1068540 1636.3
1068550 1636.3
1068560 1643.6
1068570 1650.6
1068580 1650.6
1068590 1658.1
1068600 1666.3
1068610 1666.3
1068620 1675.0
1068630 1683.6
1068640 1691.1
1068650 1691.1
1068660 1696.7
1068670 1702.5
1068680 1702.5
1068690 1708.2
1068700 1714.3
1068710 1708.6
1068720 1715.6
1068730 1721.8
1068740 1721.8
1068750 1727.5
1068760 1733.7
1068770 1733.7
1068780 1738.9
1068790 1744.1
1068800 1744.1
1068810 1748.9
1068820 1740.9
1068830 1740.9
1068840 1724.6
1068850 1708.3
1068860 1709.3
1068870 1709.3
1068880 1725.6
1068890 1727.8
1068900 1727.8
1068910 1715.5
1068920 1710.1
1068930 1710.1
1068940 1705.2
1068950 1703.3
1068960 1703.3
1068970 1699.6
1068980 1694.0
1068990 1694.0
1069000 1689.8
1069010 1666.7
1069020 1666.7
1069030 1653.4
1069040 1637.6
1069050 1637.6
1069060 1624.4
1069070 1623.6
1069080 1623.6
1069090 1622.8
1069100 1615.6
1069110 1605.0
1069120 1605.0
1069130 1597.6
1069140 1588.5
1069150 1588.5
1069160 1579.0
1069170 1575.6
1069180 1575.6
1069190 1570.2
1069200 1567.4
1069210 1567.4
1069220 1563.3
1069230 1558.0
1069240 1558.0
1069250 1552.3
1069260 1546.5
1069270 1546.5
1069280 1541.0
1069290 1537.1
1069300 1537.1
1069310 1537.1
1069320 1541.0
1069330 1541.0
1069340 1540.5
1069350 1539.6
1069360 1536.7
1069370 1536.7
1069380 1534.7
1069390 1533.6
1069400 1533.6
1069410 1533.3
1069420 1533.7
1069430 1533.7
1069440 1533.1
1069450 1532.8
1069460 1532.8
1069470 1533.2
1069480 1534.5
1069490 1534.5
1069500 1535.5
1069510 1536.8
1069520 1536.8
1069530 1539.8
1069540 1542.4
1069550 1542.4
1069560 1545.5
1069570 1548.8
1069580 1548.8
1069590 1551.5
1069600 1553.9
1069610 1556.3
1069620 1559.2
1069630 1562.1
1069640 1564.9
1069650 1564.9
1069660 1568.3
1069670 1571.4
1069680 1571.4
1069690 1574.2
1069700 1577.3
1069710 1577.3
1069720 1579.8
1069730 1583.8
1069740 1583.8
1069750 1587.9
1069760 1592.0
1069770 1592.0
1069780 1596.5
1069790 1601.2
1069800 1601.2
1069810 1603.8
1069820 1603.4
1069830 1603.4
1069840 1605.0
1069850 1611.1
1069860 1617.5
1069870 1617.5
1069880 1623.3
1069890 1626.7
1069900 1626.7
1069910 1631.4
1069920 1638.3
1069930 1640.7
1069940 1646.1
1069950 1652.1
1069960 1652.1
1069970 1657.3
1069980 1662.9
1069990 1662.9
1070000 1668.4
1070010 1673.8
1070020 1673.8
1070030 1679.6
1070040 1685.1
1070050 1685.1
1070060 1690.6
1070070 1696.0
1070080 1696.0
1070090 1701.5
1070100 1707.8
1070110 1715.1
1070120 1715.1
1070130 1723.0
1070140 1730.4
1070150 1730.4
1070160 1738.4
1070170 1746.0
1070180 1746.0
1070190 1753.2
1070200 1760.2
1070210 1760.2
1070220 1767.5
1070230 1776.2
1070240 1777.6
1070250 1785.0
1070260 1792.3
1070270 1792.3
1070280 1800.1
1070290 1811.2
1070300 1811.2
1070310 1830.7
1070320 1838.5
1070330 1838.5
1070340 1848.5
1070350 1856.3
1070360 1861.9
1070370 1861.9
1070380 1867.0
1070390 1873.7
1070400 1873.7
1070410 1880.8
1070420 1887.1
1070430 1887.1
1070440 1893.5
1070450 1903.5
1070460 1903.5
1070470 1914.3
1070480 1922.1
1070490 1922.1
1070500 1929.6
1070510 1938.4
1070520 1938.4
1070530 1945.9
1070540 1953.4
1070550 1953.4
1070560 1960.7
1070570 1970.3
1070580 1970.3
1070590 1978.6
1070600 1985.0
1070610 1990.5
1070620 1990.5
1070630 1994.8
1070640 2002.0
1070650 2002.0
1070660 2006.9
1070670 2012.8
1070680 2012.8
1070690 2010.4
1070700 2012.2
1070710 2012.2
1070720 2012.8
1070730 2016.0
1070740 2016.0
1070750 2019.9
1070760 2020.4
1070770 2020.4
1070780 2019.6
1070790 2013.2
1070800 2013.2
1070810 2023.2
1070820 2034.8
1070830 2044.8
1070840 2044.8
1070850 2070.0
1070860 2070.2
1070870 2070.2
1070880 2063.9
1070890 2057.4
1070900 2057.4
1070910 2055.3
1070920 2054.6
1070930 2054.6
1070940 2050.5
1070950 2052.0
1070960 2052.0
1070970 2043.0
1070980 2014.9
1070990 2014.9
1071000 1996.0
1071010 1983.1
1071020 1983.1
1071030 1975.1
1071040 1963.4
1071050 1963.4
1071060 1941.3
1071070 1932.1
1071080 1925.9
1071090 1925.9
1071100 1920.5
1071110 1915.3
1071120 1915.3
1071130 1912.1
1071140 1913.1
1071150 1913.1
1071160 1901.8
1071170 1884.6
1071180 1884.6
1071190 1861.1
1071200 1853.3
1071210 1853.3
1071220 1846.2
1071230 1839.5
1071240 1839.5
1071250 1832.9
1071260 1826.5
1071270 1826.5
1071280 1820.3
1071290 1814.2
1071300 1814.2
1071310 1808.1
1071320 1802.2
1071330 1796.6
1071340 1796.6
1071350 1790.9
1071360 1785.1
1071370 1785.1
1071380 1778.9
1071390 1772.6
1071400 1772.6
1071410 1766.4
1071420 1760.6
1071430 1760.6
1071440 1754.8
1071450 1749.0
1071460 1750.2
1071470 1744.4
1071480 1739.0
1071490 1739.0
1071500 1733.8
1071510 1728.7
1071520 1728.7
1071530 1724.3
1071540 1719.4
1071550 1719.4
1071560 1714.6
1071570 1709.7
1071580 1704.9
1071590 1704.9
1071600 1700.4
1071610 1696.3
1071620 1696.3
1071630 1692.2
1071640 1688.2
1071650 1688.2
1071660 1684.6
1071670 1681.3
1071680 1681.3
1071690 1678.8
1071700 1676.1
1071710 1676.1
1071720 1672.5
1071730 1667.7
1071740 1667.7
1071750 1663.0
1071760 1657.7
1071770 1656.0
1071780 1652.2
1071790 1647.8
1071800 1647.8
1071810 1644.1
1071820 1640.1
1071830 1635.8
1071840 1635.8
1071850 1631.4
1071860 1627.6
1071870 1627.6
1071880 1624.7
1071890 1622.5
1071900 1622.5
1071910 1620.0
1071920 1617.3
1071930 1617.3
1071940 1614.5
1071950 1612.2
1071960 1612.2
1071970 1610.2
1071980 1608.2
1071990 1608.2
1072000 1606.6
1072010 1605.9
1072020 1605.9
1072030 1606.1
1072040 1609.6
1072050 1609.6
1072060 1610.0
1072070 1608.6
1072080 1607.9
1072090 1607.9
1072100 1607.5
1072110 1608.0
1072120 1608.0
1072130 1607.6
1072140 1607.1
1072150 1607.1
1072160 1605.8
1072170 1604.5
1072180 1604.5
1072190 1603.6
1072200 1603.5
1072210 1603.5
1072220 1603.6
1072230 1603.2
1072240 1603.2
1072250 1604.4
1072260 1603.8
1072270 1603.8
1072280 1601.0
1072290 1598.3
1072300 1598.3
1072310 1595.9
1072320 1594.3
1072330 1595.5
1072340 1595.5
1072350 1598.3
1072360 1601.6
1072370 1601.6
1072380 1605.0
1072390 1614.0
1072400 1614.0
1072410 1617.2
1072420 1620.0
1072430 1620.0
1072440 1623.5
1072450 1626.8
1072460 1626.8
1072470 1629.4
1072480 1632.3
1072490 1632.3
1072500 1634.9
1072510 1636.8
1072520 1636.8
1072530 1638.1
1072540 1643.6
1072550 1649.1
1072560 1649.1
1072570 1656.6
1072580 1660.2
1072590 1660.2
1072600 1663.0
1072610 1668.1
1072620 1668.1
1072630 1673.9
1072640 1675.6
1072650 1675.6
1072660 1673.9
1072670 1682.1
1072680 1682.1
1072690 1691.8
1072700 1702.4
1072710 1702.4
1072720 1702.3
1072730 1716.1
1072740 1716.1
1072750 1724.8
1072760 1727.4
1072770 1727.4
1072780 1732.2
1072790 1735.3
1072800 1739.2
1072810 1739.2
1072820 1742.4
1072830 1746.7
1072840 1746.7
1072850 1749.4
1072860 1754.1
1072870 1754.1
1072880 1756.5
1072890 1760.6
1072900 1760.6
1072910 1764.3
1072920 1768.0
1072930 1768.0
1072940 1771.4
1072950 1774.8
1072960 1774.8
1072970 1779.1
1072980 1783.4
1072990 1783.4
1073000 1787.3
1073010 1797.2
1073020 1797.2
1073030 1801.0
1073040 1805.2
1073050 1810.5
1073060 1810.5
1073070 1815.5
1073080 1820.3
1073090 1820.3
1073100 1825.1
1073110 1828.8
1073120 1828.8
1073130 1830.0
1073140 1828.0
1073150 1828.0
1073160 1825.1
1073170 1821.7
1073180 1821.7
1073190 1818.1
1073200 1814.3
1073210 1814.3
1073220 1810.0
1073230 1806.0
1073240 1806.0
1073250 1802.7
1073260 1799.6
1073270 1799.6
1073280 1796.4
1073290 1794.3
1073300 1789.4
1073310 1789.4
1073320 1774.8
1073330 1776.6
1073340 1776.6
1073350 1775.7
1073360 1773.7
1073370 1773.7
1073380 1772.9
1073390 1767.6
1073400 1767.6
1073410 1760.3
1073420 1754.4
1073430 1754.4
1073440 1755.0
1073450 1753.0
1073460 1753.0
1073470 1749.8
1073480 1741.5
1073490 1741.5
1073500 1735.2
1073510 1727.1
1073520 1727.1
1073530 1721.2
1073540 1717.7
1073550 1716.5
1073560 1716.5
1073570 1711.5
1073580 1704.7
1073590 1704.7
1073600 1698.2
1073610 1690.3
1073620 1685.9
1073630 1678.2
1073640 1675.1
1073650 1675.1
1073660 1670.9
1073670 1662.5
1073680 1662.5
1073690 1653.1
1073700 1644.5
1073710 1644.5
1073720 1637.3
1073730 1631.3
1073740 1631.3
1073750 1627.2
1073760 1625.7
1073770 1625.7
1073780 1622.7
1073790 1621.6
1073800 1615.1
1073810 1615.1
1073820 1610.7
1073830 1607.8
1073840 1607.8
1073850 1604.9
1073860 1601.3
1073870 1601.3
1073880 1598.0
1073890 1595.7
1073900 1595.7
1073910 1592.8
1073920 1588.6
1073930 1584.1
1073940 1580.2
1073950 1578.7
1073960 1578.7
1073970 1577.8
1073980 1575.8
1073990 1575.8
1074000 1573.3
1074010 1570.7
1074020 1570.7
1074030 1569.7
1074040 1567.8
1074050 1563.3
1074060 1563.3
1074070 1562.2
1074080 1560.5
1074090 1560.5
1074100 1558.2
1074110 1556.2
1074120 1556.2
1074130 1553.8
1074140 1550.9
1074150 1550.9
1074160 1547.9
1074170 1544.5
1074180 1544.5
1074190 1540.2
1074200 1536.3
1074210 1536.3
1074220 1531.2
1074230 1526.2
1074240 1524.8
1074250 1520.2
1074260 1515.9
1074270 1513.7
1074280 1513.7
1074290 1511.5
1074300 1509.2
1074310 1509.2
1074320 1507.2
1074330 1505.5
1074340 1505.5
1074350 1505.8
1074360 1506.9
1074370 1506.9
1074380 1508.2
1074390 1509.1
1074400 1509.1
1074410 1509.5
1074420 1508.4
1074430 1508.4
1074440 1505.7
1074450 1502.6
1074460 1502.6
1074470 1499.5
1074480 1496.5
1074490 1496.5
1074500 1492.8
1074510 1489.0
1074520 1485.3
1074530 1485.3
1074540 1481.5
1074550 1472.6
1074560 1472.6
1074570 1468.4
1074580 1464.8
1074590 1464.8
1074600 1460.4
1074610 1454.8
1074620 1454.8
1074630 1449.0
1074640 1443.8
1074650 1443.8
1074660 1439.1
1074670 1434.8
1074680 1434.8
1074690 1431.3
1074700 1428.0
1074710 1428.0
1074720 1425.5
1074730 1422.3
1074740 1422.3
1074750 1419.0
1074760 1415.4
1074770 1412.7
1074780 1412.7
1074790 1409.3
1074800 1407.0
1074810 1407.0
1074820 1404.4
1074830 1400.9
1074840 1400.9
1074850 1399.7
1074860 1397.1
1074870 1397.1
1074880 1394.9
1074890 1392.5
1074900 1392.5
1074910 1391.6
1074920 1391.9
1074930 1391.9
1074940 1391.5
1074950 1392.1
1074960 1392.1
1074970 1394.0
1074980 1396.0
1074990 1396.0
1075000 1397.2
1075010 1398.5
1075020 1400.6
1075030 1400.6
1075040 1401.3
1075050 1405.5
1075060 1405.5
1075070 1410.3
1075080 1413.5
1075090 1413.5
1075100 1417.0
1075110 1423.3
1075120 1423.3
1075130 1427.7
1075140 1428.3
1075150 1428.3
1075160 1428.7
1075170 1430.5
1075180 1430.5
1075190 1432.1
1075200 1433.7
1075210 1433.7
1075220 1435.2
1075230 1435.9
1075240 1435.9
1075250 1436.8
1075260 1437.0
1075270 1436.7
1075280 1436.7
1075290 1440.7
1075300 1443.1
1075310 1443.1
1075320 1442.9
1075330 1443.1
1075340 1443.1
1075350 1444.5
1075360 1445.7
1075370 1445.7
1075380 1447.6
1075390 1448.3
1075400 1448.3
1075410 1449.0
1075420 1452.4
1075430 1452.4
1075440 1454.5
1075450 1455.4
1075460 1455.4
1075470 1455.9
1075480 1460.4
1075490 1460.4
1075500 1461.2
1075510 1460.6
1075520 1460.0
1075530 1460.0
1075540 1462.9
1075550 1464.1
1075560 1464.1
1075570 1464.8
1075580 1465.3
1075590 1465.3
1075600 1466.0
1075610 1466.1
1075620 1466.1
1075630 1463.7
1075640 1466.3
1075650 1466.3
1075660 1470.6
1075670 1472.7
1075680 1472.7
1075690 1473.9
1075700 1475.2
1075710 1475.2
1075720 1475.6
1075730 1476.3
1075740 1476.3
1075750 1479.0
1075760 1480.0
1075770 1480.0
1075780 1480.0
1075790 1482.3
1075800 1489.6
1075810 1489.6
1075820 1491.3
1075830 1491.8
1075840 1491.8
1075850 1493.7
1075860 1494.8
1075870 1494.8
1075880 1492.0
1075890 1489.0
1075900 1489.0
1075910 1489.3
1075920 1491.4
1075930 1491.4
1075940 1495.0
1075950 1499.0
1075960 1499.0
1075970 1499.8
1075980 1501.5
1075990 1505.3
1076000 1505.3
1076010 1507.9
1076020 1507.2
1076030 1507.2
1076040 1506.4
1076050 1503.9
1076060 1503.9
1076070 1500.9
1076080 1498.3
1076090 1498.3
1076100 1497.8
1076110 1497.8
1076120 1497.8
1076130 1491.7
1076140 1485.7
1076150 1485.7
1076160 1479.5
1076170 1472.8
1076180 1472.8
1076190 1470.1
1076200 1472.3
1076210 1472.3
1076220 1474.6
1076230 1476.4
1076240 1479.1
1076250 1479.1
1076260 1482.8
1076270 1481.1
1076280 1481.1
1076290 1480.2
1076300 1480.7
1076310 1480.7
1076320 1480.8
1076330 1479.3
1076340 1479.3
1076350 1477.0
1076360 1474.0
1076370 1474.0
1076380 1470.7
1076390 1467.4
1076400 1467.4
1076410 1463.7
1076420 1460.0
1076430 1460.0
1076440 1457.1
1076450 1453.6
1076460 1453.6
1076470 1449.8
1076480 1446.5
1076490 1444.1
1076500 1444.1
1076510 1441.9
1076520 1439.5
1076530 1439.5
1076540 1436.7
1076550 1433.7
1076560 1433.7
1076570 1431.9
1076580 1430.7
1076590 1430.7
1076600 1431.3
1076610 1432.5
1076620 1432.5
1076630 1431.9
1076640 1430.1
1076650 1430.1
1076660 1430.0
1076670 1427.6
1076680 1427.6
1076690 1423.5
1076700 1419.4
1076710 1419.4
1076720 1415.6
1076730 1415.7
1076740 1409.7
1076750 1409.7
1076760 1403.2
1076770 1398.1
1076780 1398.1
1076790 1393.7
1076800 1390.6
1076810 1390.6
1076820 1387.8
1076830 1381.9
1076840 1381.9
1076850 1375.8
1076860 1370.8
1076870 1370.8
1076880 1365.6
1076890 1359.0
1076900 1359.0
1076910 1351.5
1076920 1345.7
1076930 1345.7
1076940 1341.3
1076950 1338.8
1076960 1338.8
1076970 1335.2
1076980 1330.7
1076990 1323.4
1077000 1323.4
1077010 1315.7
1077020 1311.1
1077030 1311.1
1077040 1317.7
1077050 1318.5
1077060 1318.5
1077070 1319.1
1077080 1319.0
1077090 1319.0
1077100 1319.0
1077110 1319.9
1077120 1319.9
1077130 1313.6
1077140 1306.8
1077150 1306.8
1077160 1303.6
1077170 1303.4
1077180 1303.4
1077190 1305.2
1077200 1296.3
1077210 1296.3
1077220 1291.4
1077230 1280.4
1077240 1275.1
1077250 1275.1
1077260 1272.4
1077270 1269.9
1077280 1269.9
1077290 1266.4
1077300 1264.9
1077310 1264.9
1077320 1263.8
1077330 1262.0
1077340 1262.0
1077350 1265.9
1077360 1265.7
1077370 1265.7
1077380 1265.2
1077390 1264.3
1077400 1264.3
1077410 1262.5
1077420 1260.7
1077430 1260.7
1077440 1259.3
1077450 1260.0
1077460 1261.9
1077470 1261.9
1077480 1264.7
1077490 1265.5
1077500 1265.5
1077510 1262.7
1077520 1259.9
1077530 1259.9
1077540 1255.5
1077550 1250.7
1077560 1250.7
1077570 1247.7
1077580 1245.8
1077590 1245.8
1077600 1244.8
1077610 1242.5
1077620 1242.5
1077630 1241.8
1077640 1241.0
1077650 1241.0
1077660 1238.8
1077670 1239.9
1077680 1239.9
1077690 1235.2
1077700 1229.6
1077710 1224.7
1077720 1224.7
1077730 1219.7
1077740 1212.1
1077750 1212.1
1077760 1203.7
1077770 1196.4
1077780 1196.4
1077790 1186.3
1077800 1178.2
1077810 1178.2
1077820 1170.3
1077830 1163.4
1077840 1163.4
1077850 1156.3
1077860 1150.5
1077870 1150.5
1077880 1146.8
1077890 1141.4
1077900 1141.4
1077910 1135.5
1077920 1128.4
1077930 1128.4
1077940 1123.1
1077950 1118.7
1077960 1113.7
1077970 1113.7
1077980 1111.6
1077990 1109.2
1078000 1109.2
1078010 1106.2
1078020 1103.3
1078030 1103.3
1078040 1100.2
1078050 1097.9
1078060 1097.9
1078070 1095.4
1078080 1091.8
1078090 1091.8
1078100 1087.3
1078110 1083.3
1078120 1083.3
1078130 1080.4
1078140 1077.6
1078150 1077.6
1078160 1074.7
1078170 1071.1
1078180 1071.1
1078190 1067.5
1078200 1063.4
1078210 1058.9
1078220 1058.9
1078230 1055.3
1078240 1051.4
1078250 1051.4
1078260 1046.6
1078270 1043.3
1078280 1043.3
1078290 1040.9
1078300 1037.1
1078310 1037.1
1078320 1033.3
1078330 1027.8
1078340 1027.8
1078350 1023.3
1078360 1019.4
1078370 1019.4
1078380 1015.3
1078390 1012.6
1078400 1012.6
1078410 1008.3
1078420 1003.2
1078430 1003.2
1078440 999.9
1078450 995.8
1078460 994.5
1078470 994.5
1078480 991.4
1078490 986.6
1078500 986.6
1078510 981.5
1078520 976.5
1078530 976.5
1078540 972.7
1078550 967.9
1078560 967.9
1078570 963.4
1078580 960.7
1078590 960.7
1078600 952.3
1078610 948.5
1078620 948.5
1078630 944.6
1078640 942.0
1078650 942.0
1078660 941.2
1078670 937.7
1078680 937.7
1078690 933.7
1078700 930.4
1078710 930.3
1078720 930.3
1078730 930.2
1078740 929.3
1078750 929.3
1078760 929.2
1078770 923.9
1078780 923.9
1078790 916.0
1078800 906.2
1078810 906.2
1078820 898.5
1078830 893.7
1078840 893.7
1078850 887.0
1078860 878.2
1078870 878.2
1078880 873.7
1078890 860.6
1078900 860.6
1078910 842.8
1078920 838.2
1078930 838.2
1078940 844.4
1078950 848.9
1078960 860.5
1078970 860.5
1078980 876.7
1078990 887.1
1079000 887.1
1079010 895.5
1079020 904.4
1079030 904.4
1079040 913.4
1079050 918.7
1079060 918.7
1079070 926.6
1079080 937.2
1079090 937.2
1079100 959.5
1079110 953.1
1079120 953.1
1079130 951.2
1079140 947.9
1079150 947.9
1079160 947.8
1079170 952.3
1079180 957.5
1079190 957.5
1079200 961.9
1079210 972.3
1079220 972.3
1079230 983.0
1079240 991.4
1079250 991.4
1079260 1001.4
1079270 1009.6
1079280 1009.6
1079290 1014.1
1079300 1016.8
1079310 1016.8
1079320 1019.2
1079330 1022.3
1079340 1022.3
1079350 1024.8
1079360 1025.7
1079370 1025.7
1079380 1025.2
1079390 1027.6
1079400 1027.6
1079410 1030.8
1079420 1030.9
1079430 1026.3
1079440 1026.3
1079450 1017.9
1079460 1013.2
1079470 1013.2
1079480 1010.8
1079490 1016.6
1079500 1016.6
1079510 1016.1
1079520 1018.3
1079530 1018.3
1079540 1028.2
1079550 1029.5
1079560 1029.5
1079570 1029.1
1079580 1029.6
1079590 1029.6
1079600 1029.8
1079610 1030.3
1079620 1030.3
1079630 1030.7
1079640 1031.5
1079650 1031.5
1079660 1032.7
1079670 1035.3
1079680 1034.4
1079690 1034.4
1079700 1036.7
1079710 1040.4
1079720 1040.4
1079730 1042.1
1079740 1040.8
1079750 1040.8
1079760 1039.5
1079770 1039.0
1079780 1039.0
1079790 1038.8
1079800 1035.5
1079810 1035.5
1079820 1033.6
1079830 1032.8
1079840 1032.8
1079850 1033.2
1079860 1041.8
1079870 1041.8
1079880 1043.7
1079890 1045.3
1079900 1045.3
1079910 1047.2
1079920 1051.3
1079930 1055.9
1079940 1055.9
1079950 1058.6
1079960 1062.9
1079970 1062.9
1079980 1065.8
1079990 1066.9
