1068710 1721.7
1068720 1725.7
1068730 1725.7
1068740 1735.0
1068750 1743.5
1068760 1743.5
1068770 1753.3
1068780 1757.0
1068790 1757.0
1068800 1760.9
1068810 1767.0
1068820 1767.0
1068830 1776.8
1068840 1785.0
1068850 1785.0
1068860 1791.6
1068870 1798.7
1068880 1805.6
1068890 1805.6
1068900 1811.1
1068910 1816.8
1068920 1816.8
1068930 1823.2
1068940 1829.7
1068950 1829.7
1068960 1836.6
1068970 1844.2
1068980 1844.2
1068990 1850.4
1069000 1855.3
1069010 1855.3
1069020 1850.7
1069030 1840.8
1069040 1840.8
1069050 1827.0
1069060 1817.6
1069070 1808.4
1069080 1801.5
1069090 1790.6
1069100 1790.6
1069110 1780.4
1069120 1776.3
1069130 1771.8
1069140 1771.8
1069150 1756.1
1069160 1739.2
1069170 1739.2
1069180 1727.0
1069190 1725.3
1069200 1725.3
1069210 1719.8
1069220 1713.4
1069230 1713.4
1069240 1707.8
1069250 1702.7
1069260 1702.7
1069270 1697.5
1069280 1691.5
1069290 1691.5
1069300 1685.8
1069310 1681.2
1069320 1681.2
1069330 1677.7
1069340 1675.3
1069350 1675.3
1069360 1672.5
1069370 1670.4
1069380 1675.1
1069390 1675.1
1069400 1671.1
1069410 1667.4
1069420 1667.4
1069430 1664.1
1069440 1660.2
1069450 1660.2
1069460 1656.2
1069470 1652.3
1069480 1652.3
1069490 1650.5
1069500 1650.9
1069510 1650.9
1069520 1651.3
1069530 1651.3
1069540 1651.3
1069550 1651.1
1069560 1650.5
1069570 1650.5
1069580 1649.0
1069590 1646.7
1069600 1645.3
1069610 1645.3
1069620 1645.4
1069630 1646.8
1069640 1646.8
1069650 1646.3
1069660 1646.0
1069670 1646.0
1069680 1646.8
1069690 1645.0
1069700 1645.0
1069710 1644.7
1069720 1642.9
1069730 1642.9
1069740 1643.6
1069750 1645.6
1069760 1645.6
1069770 1648.0
1069780 1649.8
1069790 1649.8
1069800 1652.2
1069810 1655.3
1069820 1655.3
1069830 1659.0
1069840 1662.4
1069850 1666.8
1069860 1666.8
1069870 1671.1
1069880 1675.7
1069890 1675.7
1069900 1680.5
1069910 1685.5
1069920 1685.5
1069930 1690.4
1069940 1695.8
1069950 1695.8
1069960 1701.1
1069970 1706.4
1069980 1706.4
1069990 1711.1
1070000 1716.5
1070010 1716.5
1070020 1722.0
1070030 1727.6
1070040 1727.6
1070050 1733.2
1070060 1738.8
1070070 1738.8
1070080 1744.4
1070090 1750.3
1070100 1756.5
1070110 1756.5
1070120 1762.3
1070130 1768.2
1070140 1768.2
1070150 1774.0
1070160 1779.6
1070170 1779.6
1070180 1785.2
1070190 1790.9
1070200 1790.9
1070210 1796.6
1070220 1802.2
1070230 1802.2
1070240 1807.9
1070250 1813.7
1070260 1813.7
1070270 1819.6
1070280 1825.6
1070290 1825.6
1070300 1833.6
1070310 1839.2
1070320 1839.2
1070330 1844.7
1070340 1850.7
1070350 1857.5
1070360 1857.5
1070370 1865.3
1070380 1873.0
1070390 1873.0
1070400 1883.3
1070410 1886.8
1070420 1886.8
1070430 1894.9
1070440 1903.9
1070450 1903.9
1070460 1921.0
1070470 1929.4
1070480 1929.4
1070490 1936.3
1070500 1944.2
1070510 1944.2
1070520 1949.6
1070530 1950.3
1070540 1950.3
1070550 1953.5
1070560 1961.6
1070570 1961.6
1070580 1965.1
1070590 1970.7
1070600 1979.7
1070610 1979.7
1070620 1991.7
1070630 2005.7
1070640 2005.7
1070650 2014.6
1070660 2022.5
1070670 2022.5
1070680 2030.9
1070690 2038.0
1070700 2038.0
1070710 2045.0
1070720 2052.6
1070730 2052.6
1070740 2059.8
1070750 2068.0
1070760 2068.0
1070770 2075.2
1070780 2081.9
1070790 2081.9
1070800 2087.1
1070810 2088.5
1070820 2088.5
1070830 2092.4
1070840 2105.2
1070850 2116.1
1070860 2116.1
1070870 2122.7
1070880 2110.5
1070890 2110.5
1070900 2103.5
1070910 2121.8
1070920 2121.8
1070930 2128.2
1070940 2114.6
1070950 2114.6
1070960 2092.5
1070970 2086.0
1070980 2086.0
1070990 2071.0
1071000 2059.2
1071010 2059.2
1071020 2046.5
1071030 2029.8
1071040 2029.8
1071050 2012.7
1071060 2001.7
1071070 2001.7
1071080 1980.7
1071090 1970.3
1071100 1963.3
1071110 1963.3
1071120 1957.6
1071130 1953.7
1071140 1953.7
1071150 1952.9
1071160 1950.7
1071170 1950.7
1071180 1945.6
1071190 1939.5
1071200 1939.5
1071210 1925.4
1071220 1903.7
1071230 1903.7
1071240 1894.5
1071250 1885.5
1071260 1885.5
1071270 1879.8
1071280 1874.1
1071290 1874.1
1071300 1868.0
1071310 1862.3
1071320 1856.8
1071330 1856.8
1071340 1851.2
1071350 1845.9
1071360 1845.9
1071370 1841.1
1071380 1837.1
1071390 1837.1
1071400 1832.4
1071410 1827.3
1071420 1827.3
1071430 1821.5
1071440 1815.1
1071450 1815.1
1071460 1809.1
1071470 1803.7
1071480 1803.7
1071490 1798.1
1071500 1791.9
1071510 1791.9
1071520 1786.1
1071530 1783.4
1071540 1783.4
1071550 1778.5
1071560 1773.7
1071570 1768.9
1071580 1768.9
1071590 1764.7
1071600 1760.6
1071610 1760.6
1071620 1756.2
1071630 1751.6
1071640 1751.6
1071650 1746.4
1071660 1741.6
1071670 1741.6
1071680 1736.5
1071690 1732.0
1071700 1732.0
1071710 1727.6
1071720 1723.2
1071730 1723.2
1071740 1719.1
1071750 1714.9
1071760 1714.9
1071770 1710.2
1071780 1705.6
1071790 1705.6
1071800 1701.2
1071810 1696.7
1071820 1692.2
1071830 1694.1
1071840 1690.3
1071850 1686.1
1071860 1686.1
1071870 1685.7
1071880 1685.7
1071890 1685.7
1071900 1685.4
1071910 1684.8
1071920 1684.8
1071930 1684.1
1071940 1683.1
1071950 1683.1
1071960 1682.9
1071970 1680.8
1071980 1680.8
1071990 1678.8
1072000 1677.2
1072010 1677.2
1072020 1678.4
1072030 1679.0
1072040 1679.0
1072050 1679.3
1072060 1680.2
1072070 1679.7
1072080 1679.7
1072090 1679.8
1072100 1678.9
1072110 1678.9
1072120 1680.9
1072130 1683.4
1072140 1690.2
1072150 1692.8
1072160 1696.2
1072170 1696.2
1072180 1699.8
1072190 1702.1
1072200 1702.1
1072210 1705.3
1072220 1705.8
1072230 1705.8
1072240 1708.9
1072250 1710.0
1072260 1710.0
1072270 1712.5
1072280 1714.9
1072290 1714.9
1072300 1719.3
1072310 1725.8
1072320 1733.0
1072330 1733.0
1072340 1738.6
1072350 1740.3
1072360 1740.3
1072370 1744.3
1072380 1749.7
1072390 1749.7
1072400 1755.2
1072410 1757.4
1072420 1757.4
1072430 1763.3
1072440 1770.2
1072450 1773.1
1072460 1779.8
1072470 1788.4
1072480 1788.4
1072490 1796.3
1072500 1805.3
1072510 1805.3
1072520 1816.6
1072530 1824.7
1072540 1824.7
1072550 1830.2
1072560 1836.3
1072570 1841.7
1072580 1841.7
1072590 1847.4
1072600 1853.2
1072610 1853.2
1072620 1858.9
1072630 1859.2
1072640 1859.2
1072650 1849.1
1072660 1837.7
1072670 1837.7
1072680 1828.4
1072690 1819.8
1072700 1819.8
1072710 1812.3
1072720 1804.5
1072730 1804.5
1072740 1797.0
1072750 1788.6
1072760 1791.1
1072770 1779.4
1072780 1772.2
1072790 1764.8
1072800 1764.8
1072810 1758.2
1072820 1752.3
1072830 1752.3
1072840 1747.7
1072850 1743.8
1072860 1743.8
1072870 1740.4
1072880 1742.1
1072890 1742.1
1072900 1747.0
1072910 1747.3
1072920 1747.3
1072930 1744.2
1072940 1739.1
1072950 1739.1
1072960 1733.7
1072970 1730.3
1072980 1730.3
1072990 1728.8
1073000 1724.3
1073010 1724.3
1073020 1718.3
1073030 1711.7
1073040 1706.2
1073050 1706.2
1073060 1701.3
1073070 1692.7
1073080 1692.7
1073090 1688.0
1073100 1683.6
1073110 1683.6
1073120 1678.8
1073130 1674.3
1073140 1674.3
1073150 1670.8
1073160 1667.3
1073170 1667.3
1073180 1663.0
1073190 1658.8
1073200 1658.8
1073210 1654.2
1073220 1649.6
1073230 1649.6
1073240 1645.3
1073250 1641.5
1073260 1641.5
1073270 1637.6
1073280 1633.1
1073290 1628.4
1073300 1628.4
1073310 1623.1
1073320 1618.8
1073330 1618.8
1073340 1614.8
1073350 1610.5
1073360 1610.5
1073370 1607.6
1073380 1601.4
1073390 1601.4
1073400 1598.7
1073410 1594.0
1073420 1594.0
1073430 1589.5
1073440 1583.2
1073450 1583.2
1073460 1577.3
1073470 1579.0
1073480 1579.0
1073490 1580.7
1073500 1577.5
1073510 1577.5
1073520 1573.8
1073530 1570.5
1073540 1566.9
1073550 1566.9
1073560 1563.0
1073570 1559.9
1073580 1559.9
1073590 1555.7
1073600 1551.4
1073610 1551.4
1073620 1547.3
1073630 1544.8
1073640 1544.8
1073650 1543.5
1073660 1541.5
1073670 1541.5
1073680 1540.1
1073690 1536.2
1073700 1536.2
1073710 1535.4
1073720 1534.5
1073730 1534.5
1073740 1531.6
1073750 1527.1
1073760 1527.1
1073770 1523.9
1073780 1522.2
1073790 1522.1
1073800 1522.1
1073810 1521.2
1073820 1518.1
1073830 1518.1
1073840 1514.9
1073850 1512.0
1073860 1512.0
1073870 1510.3
1073880 1509.4
1073890 1509.4
1073900 1509.1
1073910 1507.3
1073920 1507.3
1073930 1505.7
1073940 1504.5
1073950 1504.5
1073960 1503.4
1073970 1504.2
1073980 1504.2
1073990 1502.5
1074000 1500.9
1074010 1500.9
1074020 1498.9
1074030 1497.6
1074040 1496.0
1074050 1496.0
1074060 1493.5
1074070 1491.3
1074080 1491.3
1074090 1489.1
1074100 1487.6
1074110 1487.6
1074120 1485.1
1074130 1484.1
1074140 1484.1
1074150 1482.7
1074160 1481.3
1074170 1481.3
1074180 1479.7
1074190 1478.0
1074200 1478.0
1074210 1476.4
1074220 1474.7
1074230 1474.7
1074240 1473.1
1074250 1471.3
1074260 1469.9
1074270 1469.9
1074280 1468.3
1074290 1466.3
1074300 1465.6
1074310 1463.7
1074320 1460.7
1074330 1460.7
1074340 1456.6
1074350 1455.1
1074360 1455.1
1074370 1454.0
1074380 1452.2
1074390 1452.2
1074400 1451.0
1074410 1449.0
1074420 1449.0
1074430 1446.7
1074440 1442.3
1074450 1442.3
1074460 1435.7
1074470 1429.5
1074480 1429.5
1074490 1425.6
1074500 1423.9
1074510 1424.4
1074520 1424.4
1074530 1425.1
1074540 1425.4
1074550 1425.4
1074560 1425.6
1074570 1423.5
1074580 1423.5
1074590 1419.6
1074600 1416.2
1074610 1414.1
1074620 1410.4
1074630 1409.4
1074640 1409.4
1074650 1409.1
1074660 1409.2
1074670 1409.2
1074680 1411.3
1074690 1414.6
1074700 1414.6
1074710 1417.9
1074720 1424.7
1074730 1424.7
1074740 1430.9
1074750 1435.4
1074760 1438.7
1074770 1438.7
1074780 1442.7
1074790 1445.3
1074800 1445.3
1074810 1443.2
1074820 1439.4
1074830 1439.4
1074840 1437.7
1074850 1439.5
1074860 1439.5
1074870 1443.1
1074880 1448.0
1074890 1448.0
1074900 1452.5
1074910 1456.2
1074920 1455.9
1074930 1460.0
1074940 1463.7
1074950 1463.7
1074960 1466.3
1074970 1467.6
1074980 1467.6
1074990 1470.2
1075000 1474.8
1075010 1479.0
1075020 1479.0
1075030 1482.6
1075040 1485.6
1075050 1485.6
1075060 1488.3
1075070 1491.0
1075080 1491.0
1075090 1493.3
1075100 1495.5
1075110 1495.5
1075120 1496.7
1075130 1498.0
1075140 1498.0
1075150 1501.1
1075160 1504.1
1075170 1504.1
1075180 1506.9
1075190 1509.6
1075200 1509.6
1075210 1510.0
1075220 1505.5
1075230 1513.1
1075240 1507.6
1075250 1508.2
1075260 1517.2
1075270 1517.2
1075280 1524.1
1075290 1529.0
1075300 1529.0
1075310 1533.2
1075320 1538.3
1075330 1538.3
1075340 1543.2
1075350 1547.2
1075360 1547.2
1075370 1550.6
1075380 1553.0
1075390 1553.0
1075400 1554.2
1075410 1554.8
1075420 1554.8
1075430 1554.2
1075440 1551.1
1075450 1551.1
1075460 1548.8
1075470 1554.3
1075480 1554.3
1075490 1560.8
1075500 1565.5
1075510 1568.9
1075520 1568.9
1075530 1571.3
1075540 1573.6
1075550 1576.4
1075560 1579.1
1075570 1581.8
1075580 1581.8
1075590 1584.7
1075600 1587.3
1075610 1587.3
1075620 1589.7
1075630 1592.2
1075640 1592.2
1075650 1594.6
1075660 1596.2
1075670 1596.2
1075680 1598.8
1075690 1601.3
1075700 1601.3
1075710 1603.8
1075720 1605.7
1075730 1607.5
1075740 1607.5
1075750 1609.5
1075760 1610.5
1075770 1610.5
1075780 1610.7
1075790 1611.9
1075800 1611.9
1075810 1614.7
1075820 1616.6
1075830 1616.6
1075840 1620.2
1075850 1622.8
1075860 1626.9
1075870 1629.1
1075880 1632.4
1075890 1632.4
1075900 1636.1
1075910 1638.8
1075920 1638.8
1075930 1640.8
1075940 1642.6
1075950 1642.6
1075960 1643.6
1075970 1644.3
1075980 1644.2
1075990 1644.2
1076000 1643.4
1076010 1642.1
1076020 1642.1
1076030 1639.6
1076040 1633.2
1076050 1633.2
1076060 1625.2
1076070 1618.6
1076080 1618.6
1076090 1617.3
1076100 1619.6
1076110 1619.6
1076120 1622.9
1076130 1625.8
1076140 1625.8
1076150 1627.6
1076160 1629.2
1076170 1636.0
1076180 1637.1
1076190 1636.8
1076200 1636.8
1076210 1636.4
1076220 1635.8
1076230 1636.7
1076240 1636.7
1076250 1639.3
1076260 1641.7
1076270 1641.7
1076280 1641.6
1076290 1638.9
1076300 1638.9
1076310 1635.7
1076320 1631.4
1076330 1631.4
1076340 1628.6
1076350 1625.2
1076360 1625.2
1076370 1619.3
1076380 1613.7
1076390 1613.7
1076400 1604.9
1076410 1595.1
1076420 1595.1
1076430 1585.4
1076440 1576.9
1076450 1576.9
1076460 1571.2
1076470 1568.0
1076480 1571.9
1076490 1571.9
1076500 1570.8
1076510 1568.6
1076520 1568.6
1076530 1565.4
1076540 1561.4
1076550 1561.4
1076560 1556.2
1076570 1549.5
1076580 1549.5
1076590 1541.1
1076600 1536.4
1076610 1536.4
1076620 1534.4
1076630 1530.5
1076640 1530.5
1076650 1528.8
1076660 1527.8
1076670 1527.8
1076680 1521.9
1076690 1516.6
1076700 1516.6
1076710 1509.6
1076720 1502.2
1076730 1497.5
1076740 1497.5
1076750 1493.4
1076760 1489.0
1076770 1489.0
1076780 1484.1
1076790 1487.2
1076800 1487.2
1076810 1483.6
1076820 1484.9
1076830 1484.9
1076840 1487.2
1076850 1486.2
1076860 1486.2
1076870 1485.1
1076880 1479.9
1076890 1479.9
1076900 1476.0
1076910 1470.0
1076920 1470.0
1076930 1464.7
1076940 1459.7
1076950 1459.7
1076960 1457.3
1076970 1459.1
1076980 1461.5
1076990 1461.5
1077000 1459.4
1077010 1458.1
1077020 1458.1
1077030 1462.6
1077040 1465.6
1077050 1465.6
1077060 1467.9
1077070 1470.1
1077080 1470.1
1077090 1472.2
1077100 1479.3
1077110 1479.3
1077120 1482.6
1077130 1488.2
1077140 1488.2
1077150 1492.6
1077160 1500.1
1077170 1500.1
1077180 1504.1
1077190 1506.3
1077200 1506.9
1077210 1506.9
1077220 1507.6
1077230 1509.6
1077240 1509.6
1077250 1514.1
1077260 1513.9
1077270 1513.9
1077280 1513.5
1077290 1516.0
1077300 1516.0
1077310 1512.3
1077320 1504.6
1077330 1504.6
1077340 1498.1
1077350 1494.3
1077360 1494.3
1077370 1491.7
1077380 1487.6
1077390 1487.6
1077400 1483.2
1077410 1483.0
1077420 1483.0
1077430 1481.8
1077440 1476.7
1077450 1473.6
1077460 1473.6
1077470 1471.2
1077480 1464.4
1077490 1464.4
1077500 1448.3
1077510 1442.4
1077520 1442.4
1077530 1438.5
1077540 1429.7
1077550 1429.7
1077560 1407.8
1077570 1393.8
1077580 1393.8
1077590 1385.5
1077600 1376.9
1077610 1376.9
1077620 1367.7
1077630 1359.9
1077640 1359.9
1077650 1351.4
1077660 1343.6
1077670 1343.6
1077680 1336.9
1077690 1333.4
1077700 1327.1
1077710 1327.1
1077720 1319.4
1077730 1322.2
1077740 1322.2
1077750 1317.9
1077760 1314.7
1077770 1314.7
1077780 1315.5
1077790 1311.7
1077800 1311.7
1077810 1304.7
1077820 1298.6
1077830 1298.6
1077840 1291.3
1077850 1284.6
1077860 1284.6
1077870 1279.9
1077880 1275.8
1077890 1275.8
1077900 1271.4
1077910 1265.9
1077920 1265.9
1077930 1259.6
1077940 1252.4
1077950 1244.8
1077960 1244.8
1077970 1239.4
1077980 1233.9
1077990 1233.9
1078000 1227.6
1078010 1220.9
1078020 1220.9
1078030 1214.1
1078040 1209.5
1078050 1209.5
1078060 1202.9
1078070 1195.6
1078080 1195.6
1078090 1188.2
1078100 1181.2
1078110 1181.2
1078120 1175.2
1078130 1170.9
1078140 1170.9
1078150 1165.6
1078160 1159.2
1078170 1159.2
1078180 1152.7
1078190 1147.3
1078200 1142.9
1078210 1142.9
1078220 1138.0
1078230 1135.2
1078240 1135.2
1078250 1132.3
1078260 1128.6
1078270 1128.6
1078280 1125.4
1078290 1122.1
1078300 1122.1
1078310 1117.2
1078320 1110.7
1078330 1110.7
1078340 1104.9
1078350 1101.6
1078360 1101.6
1078370 1098.0
1078380 1094.7
1078390 1094.7
1078400 1091.7
1078410 1087.9
1078420 1087.9
1078430 1084.0
1078440 1084.3
1078450 1084.0
1078460 1084.0
1078470 1081.9
1078480 1081.2
1078490 1081.2
1078500 1080.4
1078510 1077.3
1078520 1077.3
1078530 1073.9
1078540 1071.9
1078550 1071.9
1078560 1071.2
1078570 1068.4
1078580 1068.4
1078590 1064.0
1078600 1059.7
1078610 1059.7
1078620 1059.7
1078630 1060.2
1078640 1060.2
1078650 1057.4
1078660 1062.6
1078670 1060.6
1078680 1060.6
1078690 1053.1
1078700 1045.2
1078710 1045.2
1078720 1038.3
1078730 1031.5
1078740 1031.5
1078750 1024.2
1078760 1018.3
1078770 1018.3
1078780 1011.8
1078790 1003.9
1078800 1003.9
1078810 997.4
1078820 990.5
1078830 990.5
1078840 984.0
1078850 977.9
1078860 977.9
1078870 961.6
1078880 934.1
1078890 934.1
1078900 921.4
1078910 914.5
1078920 906.6
1078930 906.6
1078940 897.8
1078950 887.3
1078960 887.3
1078970 880.9
1078980 879.6
1078990 879.6
1079000 870.9
1079010 868.1
1079020 868.1
1079030 877.4
1079040 885.9
1079050 885.9
1079060 898.9
1079070 911.1
1079080 911.1
1079090 917.9
1079100 934.9
1079110 934.9
1079120 945.7
1079130 952.4
1079140 952.4
1079150 959.1
1079160 967.6
1079170 975.7
1079180 975.7
1079190 983.1
1079200 989.6
1079210 989.6
1079220 996.5
1079230 1003.6
1079240 1003.6
1079250 1011.3
1079260 1022.4
1079270 1022.4
1079280 1034.2
1079290 1037.9
1079300 1037.9
1079310 1043.9
1079320 1043.4
1079330 1043.4
1079340 1041.5
1079350 1045.2
1079360 1045.2
1079370 1050.2
1079380 1054.4
1079390 1054.4
1079400 1057.5
1079410 1060.5
1079420 1063.5
1079430 1063.5
1079440 1066.3
1079450 1068.8
1079460 1068.8
1079470 1071.8
1079480 1071.7
1079490 1071.7
1079500 1073.7
1079510 1077.6
1079520 1077.6
1079530 1078.9
1079540 1082.1
1079550 1082.1
1079560 1086.8
1079570 1091.8
1079580 1091.8
1079590 1096.8
1079600 1097.9
1079610 1097.9
1079620 1103.2
1079630 1107.9
1079640 1107.9
1079650 1113.0
1079660 1118.9
1079670 1124.6
1079680 1124.6
1079690 1131.1
1079700 1137.5
1079710 1137.5
1079720 1143.1
1079730 1147.3
1079740 1147.3
1079750 1149.8
1079760 1152.1
1079770 1152.1
1079780 1154.4
1079790 1156.9
1079800 1156.9
1079810 1159.8
1079820 1162.6
1079830 1162.6
1079840 1165.5
1079850 1168.1
1079860 1168.1
1079870 1170.7
1079880 1173.7
1079890 1176.6
1079900 1176.6
1079910 1178.8
1079920 1184.1
1079930 1184.1
1079940 1188.6
1079950 1194.5
1079960 1194.5
1079970 1200.1
1079980 1205.4
1079990 1205.4
