1068400 1576.8
1068410 1576.8
1068420 1582.7
1068430 1588.1
1068440 1588.1
1068450 1595.6
1068460 1605.0
1068470 1605.0
1068480 1617.9
1068490 1640.0
1068500 1640.0
1068510 1653.9
1068520 1654.9
1068530 1654.9
1068540 1656.9
1068550 1660.8
1068560 1660.8
1068570 1666.1
1068580 1672.4
1068590 1672.4
1068600 1678.6
1068610 1686.2
1068620 1694.7
1068630 1694.7
1068640 1706.6
1068650 1714.9
1068660 1714.9
1068670 1720.3
1068680 1723.8
1068690 1723.8
1068700 1731.5
1068710 1739.1
1068720 1739.1
1068730 1743.2
1068740 1738.8
1068750 1738.8
1068760 1731.0
1068770 1722.5
1068780 1722.5
1068790 1714.9
1068800 1701.6
1068810 1701.6
1068820 1693.8
1068830 1688.4
1068840 1688.4
1068850 1683.8
1068860 1683.8
1068870 1668.6
1068880 1668.6
1068890 1648.1
1068900 1639.3
1068910 1639.3
1068920 1648.4
1068930 1661.1
1068940 1672.3
1068950 1672.3
1068960 1664.2
1068970 1664.2
1068980 1653.0
1068990 1643.0
1069000 1643.0
1069010 1640.3
1069020 1628.9
1069030 1628.9
1069040 1613.0
1069050 1600.5
1069060 1600.5
1069070 1584.9
1069080 1574.1
1069090 1574.1
1069100 1564.9
1069110 1559.6
1069120 1554.4
1069130 1554.4
1069140 1543.1
1069150 1532.8
1069160 1532.8
1069170 1528.3
1069180 1524.1
1069190 1524.1
1069200 1523.3
1069210 1522.0
1069220 1522.0
1069230 1522.8
1069240 1520.9
1069250 1526.3
1069260 1522.9
1069270 1518.8
1069280 1518.8
1069290 1515.6
1069300 1512.6
1069310 1512.6
1069320 1512.0
1069330 1510.6
1069340 1510.6
1069350 1509.7
1069360 1509.0
1069370 1508.9
1069380 1508.9
1069390 1508.8
1069400 1509.3
1069410 1509.3
1069420 1510.4
1069430 1511.1
1069440 1511.1
1069450 1511.5
1069460 1514.7
1069470 1514.7
1069480 1518.5
1069490 1521.1
1069500 1521.1
1069510 1522.9
1069520 1525.2
1069530 1525.2
1069540 1527.0
1069550 1527.6
1069560 1530.5
1069570 1531.1
1069580 1532.2
1069590 1532.2
1069600 1534.4
1069610 1537.4
1069620 1539.9
1069630 1539.9
1069640 1543.1
1069650 1547.1
1069660 1547.1
1069670 1550.4
1069680 1553.8
1069690 1553.8
1069700 1554.8
1069710 1554.7
1069720 1554.7
1069730 1557.3
1069740 1562.6
1069750 1562.6
1069760 1568.1
1069770 1571.7
1069780 1571.7
1069790 1575.7
1069800 1579.5
1069810 1579.5
1069820 1583.9
1069830 1592.4
1069840 1592.4
1069850 1601.2
1069860 1610.4
1069870 1620.6
1069880 1620.6
1069890 1630.5
1069900 1639.1
1069910 1639.1
1069920 1646.8
1069930 1654.1
1069940 1654.1
1069950 1661.2
1069960 1668.8
1069970 1668.8
1069980 1676.5
1069990 1684.3
1070000 1684.3
1070010 1693.6
1070020 1703.8
1070030 1703.8
1070040 1712.4
1070050 1720.1
1070060 1720.1
1070070 1728.9
1070080 1736.5
1070090 1736.5
1070100 1743.8
1070110 1752.0
1070120 1759.6
1070130 1759.6
1070140 1765.2
1070150 1770.9
1070160 1770.9
1070170 1777.7
1070180 1778.5
1070190 1778.5
1070200 1778.0
1070210 1779.4
1070220 1779.4
1070230 1783.3
1070240 1787.8
1070250 1787.8
1070260 1794.8
1070270 1801.8
1070280 1801.8
1070290 1808.9
1070300 1816.6
1070310 1816.6
1070320 1823.3
1070330 1830.5
1070340 1830.5
1070350 1838.8
1070360 1847.0
1070370 1855.3
1070380 1855.3
1070390 1865.9
1070400 1875.8
1070410 1875.8
1070420 1886.2
1070430 1895.6
1070440 1895.6
1070450 1904.0
1070460 1911.0
1070470 1911.0
1070480 1915.3
1070490 1921.6
1070500 1921.6
1070510 1919.7
1070520 1920.4
1070530 1920.4
1070540 1920.2
1070550 1917.9
1070560 1917.9
1070570 1916.2
1070580 1914.4
1070590 1914.8
1070600 1914.8
1070610 1910.7
1070620 1905.8
1070630 1905.8
1070640 1909.0
1070650 1912.5
1070660 1912.5
1070670 1916.5
1070680 1915.1
1070690 1915.1
1070700 1909.7
1070710 1909.6
1070720 1909.6
1070730 1916.2
1070740 1919.9
1070750 1919.9
1070760 1925.2
1070770 1934.6
1070780 1943.4
1070790 1946.8
1070800 1948.5
1070810 1948.5
1070820 1955.7
1070830 1962.1
1070840 1963.9
1070850 1963.9
1070860 1965.7
1070870 1968.8
1070880 1968.8
1070890 1972.3
1070900 1977.9
1070910 1977.9
1070920 1985.5
1070930 1990.0
1070940 1990.0
1070950 1993.0
1070960 1989.0
1070970 1989.0
1070980 1983.8
1070990 1980.3
1071000 1980.3
1071010 1976.7
1071020 1973.1
1071030 1973.1
1071040 1970.4
1071050 1968.3
1071060 1968.3
1071070 1969.9
1071080 1969.4
1071090 1956.8
1071100 1956.8
1071110 1955.0
1071120 1953.9
1071130 1953.9
1071140 1948.3
1071150 1939.7
1071160 1939.7
1071170 1934.5
1071180 1917.4
1071190 1917.4
1071200 1891.3
1071210 1881.9
1071220 1881.9
1071230 1874.8
1071240 1870.3
1071250 1870.3
1071260 1865.3
1071270 1854.8
1071280 1854.8
1071290 1846.8
1071300 1832.1
1071310 1832.1
1071320 1814.4
1071330 1807.3
1071340 1802.7
1071350 1802.7
1071360 1796.1
1071370 1789.1
1071380 1789.1
1071390 1782.3
1071400 1773.3
1071410 1773.3
1071420 1767.2
1071430 1760.9
1071440 1760.9
1071450 1755.7
1071460 1751.9
1071470 1751.9
1071480 1746.6
1071490 1744.8
1071500 1744.8
1071510 1741.9
1071520 1736.7
1071530 1736.7
1071540 1732.2
1071550 1729.7
1071560 1729.7
1071570 1727.0
1071580 1722.1
1071590 1717.2
1071600 1717.2
1071610 1712.0
1071620 1706.8
1071630 1706.8
1071640 1702.3
1071650 1701.2
1071660 1701.2
1071670 1703.9
1071680 1707.0
1071690 1707.0
1071700 1708.7
1071710 1703.6
1071720 1703.6
1071730 1697.3
1071740 1690.3
1071750 1690.3
1071760 1684.2
1071770 1677.3
1071780 1677.3
1071790 1670.6
1071800 1663.9
1071810 1663.9
1071820 1657.7
1071830 1652.1
1071840 1646.9
1071850 1646.9
1071860 1641.8
1071870 1636.4
1071880 1636.4
1071890 1630.3
1071900 1624.9
1071910 1624.9
1071920 1619.3
1071930 1614.0
1071940 1614.0
1071950 1611.6
1071960 1609.9
1071970 1609.9
1071980 1608.0
1071990 1605.9
1072000 1605.9
1072010 1605.9
1072020 1603.3
1072030 1603.3
1072040 1600.2
1072050 1598.1
1072060 1598.1
1072070 1596.5
1072080 1595.6
1072090 1593.8
1072100 1593.8
1072110 1591.5
1072120 1589.8
1072130 1589.8
1072140 1588.4
1072150 1587.5
1072160 1587.5
1072170 1585.6
1072180 1584.0
1072190 1584.0
1072200 1583.0
1072210 1581.8
1072220 1581.8
1072230 1580.5
1072240 1579.7
1072250 1579.7
1072260 1578.4
1072270 1576.2
1072280 1576.2
1072290 1574.6
1072300 1573.3
1072310 1572.4
1072320 1574.9
1072330 1574.9
1072340 1574.5
1072350 1574.5
1072360 1575.4
1072370 1579.4
1072380 1579.4
1072390 1581.2
1072400 1582.2
1072410 1582.2
1072420 1583.8
1072430 1585.3
1072440 1585.3
1072450 1587.3
1072460 1588.5
1072470 1588.5
1072480 1590.6
1072490 1593.0
1072500 1593.0
1072510 1594.6
1072520 1597.5
1072530 1597.5
1072540 1601.7
1072550 1605.3
1072560 1608.2
1072570 1608.2
1072580 1608.2
1072590 1612.1
1072600 1612.1
1072610 1617.0
1072620 1621.2
1072630 1630.0
1072640 1633.0
1072650 1635.5
1072660 1635.5
1072670 1633.6
1072680 1637.9
1072690 1637.9
1072700 1645.4
1072710 1649.4
1072720 1649.4
1072730 1647.4
1072740 1653.4
1072750 1653.4
1072760 1665.8
1072770 1676.3
1072780 1676.3
1072790 1688.3
1072800 1689.9
1072810 1691.2
1072820 1691.2
1072830 1693.2
1072840 1698.0
1072850 1698.0
1072860 1704.1
1072870 1713.0
1072880 1713.0
1072890 1719.4
1072900 1723.0
1072910 1723.0
1072920 1727.4
1072930 1729.4
1072940 1737.3
1072950 1738.9
1072960 1743.7
1072970 1743.7
1072980 1749.0
1072990 1753.6
1073000 1753.6
1073010 1758.7
1073020 1764.8
1073030 1764.8
1073040 1769.3
1073050 1773.4
1073060 1778.0
1073070 1778.0
1073080 1780.0
1073090 1782.1
1073100 1782.1
1073110 1784.2
1073120 1786.9
1073130 1786.9
1073140 1788.1
1073150 1790.9
1073160 1790.9
1073170 1792.5
1073180 1794.1
1073190 1794.1
1073200 1795.4
1073210 1795.7
1073220 1795.7
1073230 1796.9
1073240 1798.8
1073250 1805.6
1073260 1807.4
1073270 1809.5
1073280 1809.5
1073290 1810.4
1073300 1812.2
1073310 1813.7
1073320 1813.7
1073330 1814.3
1073340 1814.4
1073350 1814.4
1073360 1814.6
1073370 1814.1
1073380 1814.1
1073390 1812.1
1073400 1809.0
1073410 1809.0
1073420 1801.9
1073430 1794.6
1073440 1794.6
1073450 1786.7
1073460 1778.3
1073470 1778.3
1073480 1770.8
1073490 1763.5
1073500 1763.5
1073510 1756.5
1073520 1749.4
1073530 1749.4
1073540 1741.5
1073550 1733.7
1073560 1725.4
1073570 1725.4
1073580 1717.0
1073590 1709.0
1073600 1709.0
1073610 1702.0
1073620 1695.7
1073630 1695.7
1073640 1688.9
1073650 1682.2
1073660 1682.2
1073670 1676.4
1073680 1671.4
1073690 1671.4
1073700 1667.6
1073710 1664.9
1073720 1664.9
1073730 1661.7
1073740 1658.6
1073750 1658.6
1073760 1656.3
1073770 1654.4
1073780 1654.4
1073790 1651.3
1073800 1649.2
1073810 1647.7
1073820 1647.7
1073830 1644.5
1073840 1640.7
1073850 1640.7
1073860 1637.4
1073870 1628.4
1073880 1628.4
1073890 1624.9
1073900 1623.1
1073910 1623.1
1073920 1621.3
1073930 1619.5
1073940 1619.5
1073950 1614.6
1073960 1609.2
1073970 1609.2
1073980 1604.1
1073990 1599.5
1074000 1599.5
1074010 1595.0
1074020 1591.4
1074030 1591.4
1074040 1587.0
1074050 1581.8
1074060 1577.1
1074070 1577.1
1074080 1572.7
1074090 1568.1
1074100 1568.1
1074110 1563.2
1074120 1558.7
1074130 1558.7
1074140 1555.2
1074150 1553.3
1074160 1553.3
1074170 1551.3
1074180 1545.3
1074190 1545.3
1074200 1543.0
1074210 1540.7
1074220 1540.7
1074230 1538.6
1074240 1536.1
1074250 1536.1
1074260 1536.7
1074270 1538.8
1074280 1542.4
1074290 1542.4
1074300 1549.4
1074310 1556.1
1074320 1556.1
1074330 1557.3
1074340 1556.5
1074350 1556.5
1074360 1558.5
1074370 1560.4
1074380 1560.4
1074390 1560.2
1074400 1558.3
1074410 1558.3
1074420 1557.9
1074430 1555.2
1074440 1555.2
1074450 1549.8
1074460 1544.9
1074470 1544.9
1074480 1539.9
1074490 1527.9
1074500 1527.9
1074510 1521.6
1074520 1515.9
1074530 1511.2
1074540 1511.2
1074550 1506.0
1074560 1498.9
1074570 1498.9
1074580 1491.5
1074590 1485.8
1074600 1485.8
1074610 1481.4
1074620 1477.9
1074630 1477.9
1074640 1472.8
1074650 1465.8
1074660 1465.8
1074670 1459.1
1074680 1452.9
1074690 1452.9
1074700 1446.2
1074710 1440.1
1074720 1440.1
1074730 1435.2
1074740 1431.0
1074750 1431.0
1074760 1427.5
1074770 1425.9
1074780 1428.0
1074790 1428.0
1074800 1428.5
1074810 1429.5
1074820 1429.5
1074830 1425.6
1074840 1420.8
1074850 1420.8
1074860 1419.0
1074870 1416.1
1074880 1416.1
1074890 1412.1
1074900 1406.8
1074910 1406.8
1074920 1404.4
1074930 1403.1
1074940 1403.1
1074950 1401.5
1074960 1399.4
1074970 1399.4
1074980 1397.8
1074990 1395.4
1075000 1395.4
1075010 1392.5
1075020 1390.1
1075030 1388.3
1075040 1388.3
1075050 1386.5
1075060 1386.5
1075070 1386.5
1075080 1389.8
1075090 1397.0
1075100 1397.0
1075110 1405.6
1075120 1407.1
1075130 1407.1
1075140 1408.7
1075150 1412.1
1075160 1412.1
1075170 1410.9
1075180 1414.7
1075190 1414.7
1075200 1420.4
1075210 1422.5
1075220 1422.5
1075230 1421.8
1075240 1419.1
1075250 1419.1
1075260 1417.6
1075270 1420.4
1075280 1422.3
1075290 1422.3
1075300 1423.3
1075310 1423.3
1075320 1423.3
1075330 1421.5
1075340 1421.0
1075350 1421.0
1075360 1422.7
1075370 1425.9
1075380 1425.9
1075390 1427.6
1075400 1428.6
1075410 1428.6
1075420 1433.7
1075430 1433.9
1075440 1433.9
1075450 1435.0
1075460 1434.3
1075470 1434.3
1075480 1430.0
1075490 1428.8
1075500 1428.8
1075510 1432.6
1075520 1435.5
1075530 1434.9
1075540 1434.9
1075550 1431.7
1075560 1427.8
1075570 1427.8
1075580 1427.7
1075590 1426.9
1075600 1426.9
1075610 1431.6
1075620 1435.7
1075630 1435.7
1075640 1439.9
1075650 1442.1
1075660 1442.1
1075670 1442.1
1075680 1444.2
1075690 1444.2
1075700 1445.3
1075710 1446.8
1075720 1446.8
1075730 1451.5
1075740 1452.7
1075750 1452.7
1075760 1453.7
1075770 1454.6
1075780 1455.0
1075790 1455.0
1075800 1456.5
1075810 1456.4
1075820 1456.4
1075830 1452.5
1075840 1450.0
1075850 1450.0
1075860 1450.0
1075870 1447.2
1075880 1447.2
1075890 1443.9
1075900 1443.8
1075910 1443.8
1075920 1446.0
1075930 1452.7
1075940 1452.7
1075950 1459.8
1075960 1462.9
1075970 1462.9
1075980 1466.2
1075990 1471.5
1076000 1472.8
1076010 1472.8
1076020 1471.3
1076030 1471.2
1076040 1475.7
1076050 1475.4
1076060 1473.3
1076070 1473.3
1076080 1473.1
1076090 1477.4
1076100 1477.4
1076110 1479.2
1076120 1479.8
1076130 1479.8
1076140 1478.8
1076150 1472.1
1076160 1472.1
1076170 1465.4
1076180 1459.5
1076190 1459.5
1076200 1452.6
1076210 1446.1
1076220 1446.1
1076230 1443.9
1076240 1445.5
1076250 1449.3
1076260 1449.3
1076270 1452.0
1076280 1446.5
1076290 1446.5
1076300 1440.8
1076310 1437.7
1076320 1437.7
1076330 1436.7
1076340 1437.4
1076350 1443.6
1076360 1444.2
1076370 1445.4
1076380 1445.4
1076390 1445.1
1076400 1439.9
1076410 1439.9
1076420 1433.5
1076430 1427.6
1076440 1427.6
1076450 1423.6
1076460 1421.7
1076470 1421.7
1076480 1421.4
1076490 1422.7
1076500 1424.5
1076510 1424.5
1076520 1426.9
1076530 1427.5
1076540 1427.5
1076550 1424.9
1076560 1421.0
1076570 1421.0
1076580 1418.0
1076590 1415.5
1076600 1415.5
1076610 1412.7
1076620 1409.5
1076630 1409.5
1076640 1408.1
1076650 1406.8
1076660 1409.9
1076670 1411.0
1076680 1409.6
1076690 1409.6
1076700 1403.3
1076710 1394.7
1076720 1394.7
1076730 1386.7
1076740 1378.7
1076750 1371.5
1076760 1371.5
1076770 1365.3
1076780 1360.0
1076790 1360.0
1076800 1355.6
1076810 1351.4
1076820 1351.4
1076830 1347.3
1076840 1344.3
1076850 1344.3
1076860 1346.0
1076870 1350.2
1076880 1350.2
1076890 1350.0
1076900 1346.4
1076910 1346.4
1076920 1340.5
1076930 1334.2
1076940 1334.2
1076950 1327.6
1076960 1319.8
1076970 1325.3
1076980 1318.6
1076990 1310.2
1077000 1300.9
1077010 1300.9
1077020 1293.0
1077030 1285.9
1077040 1285.9
1077050 1285.8
1077060 1284.9
1077070 1284.9
1077080 1275.9
1077090 1270.5
1077100 1270.5
1077110 1265.8
1077120 1260.4
1077130 1260.4
1077140 1256.1
1077150 1253.7
1077160 1253.7
1077170 1253.6
1077180 1253.2
1077190 1253.2
1077200 1253.6
1077210 1253.6
1077220 1253.6
1077230 1253.5
1077240 1250.7
1077250 1244.7
1077260 1244.7
1077270 1238.2
1077280 1232.1
1077290 1235.9
1077300 1233.2
1077310 1232.6
1077320 1232.6
1077330 1231.5
1077340 1231.3
1077350 1231.3
1077360 1231.0
1077370 1231.3
1077380 1231.3
1077390 1231.6
1077400 1231.4
1077410 1231.4
1077420 1231.2
1077430 1230.0
1077440 1230.0
1077450 1227.4
1077460 1225.1
1077470 1223.1
1077480 1223.1
1077490 1221.0
1077500 1218.9
1077510 1218.9
1077520 1218.6
1077530 1218.3
1077540 1218.3
1077550 1217.5
1077560 1216.3
1077570 1216.3
1077580 1214.6
1077590 1214.8
1077600 1218.0
1077610 1216.4
1077620 1214.0
1077630 1214.0
1077640 1211.6
1077650 1209.8
1077660 1209.8
1077670 1208.1
1077680 1207.7
1077690 1207.7
1077700 1204.1
1077710 1201.5
1077720 1198.7
1077730 1198.7
1077740 1193.8
1077750 1188.2
1077760 1188.2
1077770 1182.7
1077780 1178.6
1077790 1178.6
1077800 1175.5
1077810 1169.4
1077820 1169.4
1077830 1164.7
1077840 1158.3
1077850 1158.3
1077860 1151.9
1077870 1146.4
1077880 1146.4
1077890 1140.3
1077900 1135.3
1077910 1138.4
1077920 1132.3
1077930 1126.6
1077940 1126.6
1077950 1119.8
1077960 1112.2
1077970 1105.8
1077980 1105.8
1077990 1099.7
1078000 1094.8
1078010 1094.8
1078020 1091.6
1078030 1088.9
1078040 1088.9
1078050 1087.1
1078060 1086.1
1078070 1086.1
1078080 1085.2
1078090 1084.7
1078100 1084.7
1078110 1082.5
1078120 1077.1
1078130 1077.1
1078140 1069.9
1078150 1064.4
1078160 1064.4
1078170 1060.1
1078180 1055.2
1078190 1055.2
1078200 1050.6
1078210 1045.4
1078220 1038.8
1078230 1038.8
1078240 1034.4
1078250 1031.2
1078260 1031.2
1078270 1028.4
1078280 1024.2
1078290 1024.2
1078300 1017.9
1078310 1013.7
1078320 1013.7
1078330 1012.8
1078340 1012.9
1078350 1012.9
1078360 1012.1
1078370 1010.4
1078380 1010.4
1078390 1008.6
1078400 1006.7
1078410 1006.7
1078420 1003.5
1078430 999.6
1078440 999.6
1078450 997.4
1078460 996.6
1078470 993.9
1078480 993.9
1078490 989.9
1078500 986.2
1078510 986.2
1078520 983.4
1078530 986.6
1078540 986.6
1078550 982.3
1078560 977.8
1078570 977.8
1078580 976.0
1078590 971.8
1078600 971.8
1078610 966.7
1078620 960.9
1078630 960.9
1078640 955.9
1078650 950.6
1078660 950.6
1078670 946.3
1078680 941.6
1078690 941.6
1078700 937.2
1078710 931.7
1078720 924.6
1078730 924.6
1078740 916.4
1078750 907.9
1078760 907.9
1078770 901.2
1078780 895.7
1078790 895.7
1078800 888.7
1078810 883.2
1078820 883.2
1078830 879.2
1078840 866.3
1078850 866.2
1078860 843.0
1078870 831.0
1078880 831.0
1078890 836.4
1078900 852.8
1078910 852.8
1078920 858.8
1078930 871.1
1078940 871.1
1078950 877.3
1078960 884.6
1078970 896.7
1078980 896.7
1078990 907.7
1079000 914.5
1079010 914.5
1079020 922.2
1079030 921.9
1079040 921.9
1079050 914.5
1079060 908.5
1079070 908.5
1079080 902.2
1079090 896.9
1079100 896.9
1079110 903.3
1079120 906.7
1079130 906.7
1079140 904.3
1079150 905.2
1079160 908.7
1079170 913.3
1079180 915.9
1079190 927.6
1079200 927.6
1079210 938.9
1079220 940.6
1079230 940.6
1079240 947.8
1079250 960.2
1079260 960.2
1079270 972.3
1079280 980.7
1079290 980.7
1079300 981.2
1079310 968.3
1079320 968.3
1079330 957.7
1079340 954.5
1079350 954.5
1079360 953.0
1079370 952.8
1079380 952.8
1079390 954.9
1079400 958.4
1079410 958.4
1079420 962.8
1079430 968.3
1079440 974.0
1079450 974.0
1079460 979.3
1079470 983.9
1079480 975.9
1079490 980.1
1079500 984.8
1079510 984.8
1079520 989.5
1079530 992.6
1079540 992.6
1079550 994.8
1079560 996.8
1079570 996.8
1079580 1001.0
1079590 1008.2
1079600 1008.2
1079610 1013.6
1079620 1016.3
1079630 1016.3
1079640 1018.6
1079650 1021.0
1079660 1021.0
1079670 1022.9
1079680 1024.6
1079690 1026.8
1079700 1026.8
1079710 1029.0
1079720 1030.7
1079730 1030.7
1079740 1030.7
1079750 1030.8
1079760 1030.8
1079770 1033.3
1079780 1037.1
1079790 1030.2
1079800 1035.5
1079810 1040.1
1079820 1040.1
1079830 1044.2
1079840 1047.1
1079850 1047.1
1079860 1050.7
1079870 1054.0
1079880 1054.0
1079890 1056.0
1079900 1058.9
1079910 1058.9
1079920 1063.4
1079930 1069.3
1079940 1074.4
1079950 1074.4
1079960 1079.4
1079970 1082.5
1079980 1082.5
1079990 1083.6
