1068560 1601.4
1068570 1601.4
1068580 1607.5
1068590 1613.7
1068600 1613.7
1068610 1621.5
1068620 1630.0
1068630 1630.0
1068640 1631.2
1068650 1637.3
1068660 1637.3
1068670 1644.1
1068680 1650.9
1068690 1650.9
1068700 1658.1
1068710 1668.2
1068720 1668.2
1068730 1677.1
1068740 1685.4
1068750 1685.4
1068760 1693.6
1068770 1703.9
1068780 1703.9
1068790 1716.5
1068800 1725.9
1068810 1737.3
1068820 1737.3
1068830 1745.0
1068840 1751.6
1068850 1751.6
1068860 1758.0
1068870 1764.4
1068880 1764.4
1068890 1770.3
1068900 1775.3
1068910 1775.3
1068920 1777.0
1068930 1766.9
1068940 1766.9
1068950 1771.2
1068960 1765.5
1068970 1765.5
1068980 1757.9
1068990 1759.3
1069000 1759.3
1069010 1758.8
1069020 1759.5
1069030 1759.5
1069040 1753.0
1069050 1746.4
1069060 1740.6
1069070 1740.6
1069080 1737.1
1069090 1736.1
1069100 1736.1
1069110 1736.2
1069120 1730.1
1069130 1730.1
1069140 1725.2
1069150 1715.7
1069160 1715.7
1069170 1694.9
1069180 1680.0
1069190 1680.0
1069200 1673.7
1069210 1665.6
1069220 1665.6
1069230 1653.1
1069240 1643.6
1069250 1648.2
1069260 1642.0
1069270 1631.5
1069280 1631.5
1069290 1620.6
1069300 1609.4
1069310 1607.3
1069320 1607.3
1069330 1604.5
1069340 1599.7
1069350 1599.7
1069360 1596.1
1069370 1592.3
1069380 1592.3
1069390 1589.6
1069400 1587.7
1069410 1587.7
1069420 1585.3
1069430 1583.6
1069440 1583.6
1069450 1581.9
1069460 1579.9
1069470 1579.9
1069480 1577.9
1069490 1577.9
1069500 1577.9
1069510 1577.0
1069520 1574.4
1069530 1574.4
1069540 1573.9
1069550 1573.1
1069560 1578.2
1069570 1578.2
1069580 1579.6
1069590 1579.7
1069600 1579.7
1069610 1581.8
1069620 1584.4
1069630 1584.4
1069640 1588.2
1069650 1592.4
1069660 1592.4
1069670 1595.6
1069680 1599.2
1069690 1599.2
1069700 1603.2
1069710 1607.3
1069720 1607.3
1069730 1611.3
1069740 1614.9
1069750 1614.9
1069760 1618.5
1069770 1620.8
1069780 1620.8
1069790 1622.9
1069800 1626.9
1069810 1630.7
1069820 1630.7
1069830 1635.4
1069840 1640.2
1069850 1640.2
1069860 1644.6
1069870 1650.7
1069880 1650.7
1069890 1654.9
1069900 1658.8
1069910 1658.8
1069920 1662.9
1069930 1667.4
1069940 1667.4
1069950 1671.3
1069960 1675.9
1069970 1675.9
1069980 1680.9
1069990 1686.4
1070000 1686.4
1070010 1692.0
1070020 1697.6
1070030 1702.8
1070040 1702.8
1070050 1708.2
1070060 1713.7
1070070 1713.7
1070080 1719.1
1070090 1725.0
1070100 1725.0
1070110 1730.4
1070120 1736.2
1070130 1736.2
1070140 1741.9
1070150 1748.0
1070160 1748.0
1070170 1758.7
1070180 1765.0
1070190 1765.0
1070200 1770.7
1070210 1778.9
1070220 1778.9
1070230 1789.2
1070240 1797.6
1070250 1797.6
1070260 1802.3
1070270 1808.2
1070280 1814.3
1070290 1814.3
1070300 1816.3
1070310 1820.3
1070320 1820.3
1070330 1827.6
1070340 1835.9
1070350 1835.9
1070360 1844.5
1070370 1852.7
1070380 1852.7
1070390 1861.7
1070400 1870.6
1070410 1870.6
1070420 1878.2
1070430 1886.5
1070440 1886.5
1070450 1893.4
1070460 1901.1
1070470 1901.1
1070480 1910.2
1070490 1925.0
1070500 1925.0
1070510 1941.2
1070520 1954.2
1070530 1964.4
1070540 1964.4
1070550 1971.0
1070560 1976.5
1070570 1976.5
1070580 1981.9
1070590 1985.6
1070600 1985.6
1070610 1989.9
1070620 1995.3
1070630 1995.3
1070640 1997.6
1070650 2001.9
1070660 2001.9
1070670 2016.3
1070680 2029.1
1070690 2029.1
1070700 2037.2
1070710 2043.7
1070720 2043.7
1070730 2051.1
1070740 2059.2
1070750 2059.2
1070760 2066.5
1070770 2074.2
1070780 2084.8
1070790 2080.8
1070800 2087.3
1070810 2093.3
1070820 2093.3
1070830 2100.5
1070840 2108.0
1070850 2108.0
1070860 2113.4
1070870 2110.4
1070880 2110.4
1070890 2100.5
1070900 2080.0
1070910 2080.0
1070920 2065.1
1070930 2047.4
1070940 2047.4
1070950 2026.3
1070960 2020.7
1070970 2020.7
1070980 2011.8
1070990 2005.0
1071000 2005.0
1071010 2000.0
1071020 1996.3
1071030 1988.8
1071040 1988.8
1071050 1988.0
1071060 1980.3
1071070 1980.3
1071080 1963.5
1071090 1965.4
1071100 1965.4
1071110 1944.1
1071120 1919.6
1071130 1919.6
1071140 1896.9
1071150 1890.4
1071160 1890.4
1071170 1882.4
1071180 1875.8
1071190 1875.8
1071200 1869.5
1071210 1863.8
1071220 1863.8
1071230 1858.1
1071240 1852.6
1071250 1852.6
1071260 1847.1
1071270 1841.2
1071280 1835.9
1071290 1835.9
1071300 1830.2
1071310 1824.0
1071320 1824.0
1071330 1817.9
1071340 1811.8
1071350 1811.8
1071360 1805.9
1071370 1800.0
1071380 1800.0
1071390 1794.2
1071400 1789.6
1071410 1789.6
1071420 1783.8
1071430 1778.1
1071440 1778.1
1071450 1772.4
1071460 1767.1
1071470 1767.1
1071480 1762.4
1071490 1757.4
1071500 1757.4
1071510 1751.9
1071520 1746.4
1071530 1741.1
1071540 1741.1
1071550 1736.3
1071560 1731.7
1071570 1731.7
1071580 1726.9
1071590 1722.3
1071600 1722.3
1071610 1718.3
1071620 1714.1
1071630 1714.1
1071640 1709.9
1071650 1705.8
1071660 1705.8
1071670 1701.7
1071680 1697.6
1071690 1697.6
1071700 1693.9
1071710 1693.0
1071720 1693.0
1071730 1689.4
1071740 1686.0
1071750 1682.4
1071760 1682.4
1071770 1678.7
1071780 1674.4
1071790 1674.4
1071800 1670.7
1071810 1667.5
1071820 1667.5
1071830 1664.4
1071840 1661.1
1071850 1661.1
1071860 1658.1
1071870 1655.2
1071880 1655.2
1071890 1652.2
1071900 1649.1
1071910 1649.1
1071920 1646.4
1071930 1643.2
1071940 1643.2
1071950 1640.9
1071960 1637.6
1071970 1637.6
1071980 1632.8
1071990 1631.8
1072000 1628.4
1072010 1628.4
1072020 1627.4
1072030 1623.9
1072040 1623.9
1072050 1623.4
1072060 1623.1
1072070 1623.1
1072080 1623.4
1072090 1624.7
1072100 1624.7
1072110 1626.3
1072120 1627.7
1072130 1627.7
1072140 1629.1
1072150 1631.0
1072160 1631.0
1072170 1633.5
1072180 1636.3
1072190 1636.3
1072200 1637.4
1072210 1638.3
1072220 1638.3
1072230 1640.5
1072240 1642.3
1072250 1644.4
1072260 1644.4
1072270 1644.6
1072280 1646.1
1072290 1646.1
1072300 1649.8
1072310 1654.1
1072320 1654.1
1072330 1663.3
1072340 1667.8
1072350 1667.8
1072360 1671.3
1072370 1677.2
1072380 1677.2
1072390 1681.7
1072400 1692.4
1072410 1692.4
1072420 1699.5
1072430 1703.5
1072440 1703.5
1072450 1707.0
1072460 1707.6
1072470 1707.6
1072480 1707.7
1072490 1711.5
1072500 1715.0
1072510 1715.0
1072520 1719.6
1072530 1722.8
1072540 1722.8
1072550 1726.0
1072560 1731.2
1072570 1731.2
1072580 1734.0
1072590 1739.7
1072600 1739.7
1072610 1747.6
1072620 1755.9
1072630 1763.1
1072640 1771.3
1072650 1774.3
1072660 1774.3
1072670 1777.2
1072680 1780.2
1072690 1780.2
1072700 1783.2
1072710 1787.0
1072720 1787.0
1072730 1789.9
1072740 1792.7
1072750 1796.0
1072760 1796.0
1072770 1798.5
1072780 1801.2
1072790 1801.2
1072800 1804.1
1072810 1807.9
1072820 1807.9
1072830 1812.2
1072840 1819.0
1072850 1819.0
1072860 1824.4
1072870 1824.2
1072880 1824.2
1072890 1827.5
1072900 1831.8
1072910 1831.8
1072920 1833.1
1072930 1826.8
1072940 1816.9
1072950 1813.1
1072960 1802.0
1072970 1802.0
1072980 1798.0
1072990 1795.6
1073000 1790.6
1073010 1790.6
1073020 1782.2
1073030 1778.5
1073040 1778.5
1073050 1773.9
1073060 1764.3
1073070 1764.3
1073080 1760.4
1073090 1757.7
1073100 1757.7
1073110 1755.8
1073120 1748.6
1073130 1748.6
1073140 1742.0
1073150 1741.1
1073160 1741.1
1073170 1735.5
1073180 1737.1
1073190 1737.1
1073200 1735.4
1073210 1723.5
1073220 1723.5
1073230 1715.5
1073240 1712.4
1073250 1715.2
1073260 1715.2
1073270 1708.4
1073280 1697.2
1073290 1697.2
1073300 1686.1
1073310 1716.6
1073320 1716.6
1073330 1721.0
1073340 1699.5
1073350 1699.5
1073360 1683.6
1073370 1679.2
1073380 1679.2
1073390 1682.4
1073400 1684.3
1073410 1684.3
1073420 1681.6
1073430 1679.1
1073440 1679.1
1073450 1662.0
1073460 1651.9
1073470 1658.4
1073480 1658.4
1073490 1669.6
1073500 1669.8
1073510 1669.8
1073520 1656.9
1073530 1651.0
1073540 1651.0
1073550 1641.1
1073560 1630.2
1073570 1630.2
1073580 1627.9
1073590 1626.6
1073600 1626.6
1073610 1623.0
1073620 1614.3
1073630 1614.3
1073640 1606.6
1073650 1600.0
1073660 1600.0
1073670 1595.7
1073680 1592.4
1073690 1592.4
1073700 1590.2
1073710 1591.6
1073720 1595.7
1073730 1595.7
1073740 1594.3
1073750 1593.6
1073760 1593.6
1073770 1588.4
1073780 1582.8
1073790 1582.8
1073800 1576.2
1073810 1572.7
1073820 1572.7
1073830 1569.6
1073840 1567.4
1073850 1567.4
1073860 1564.4
1073870 1557.0
1073880 1557.0
1073890 1555.3
1073900 1552.0
1073910 1552.0
1073920 1548.8
1073930 1546.6
1073940 1546.6
1073950 1544.5
1073960 1542.2
1073970 1539.8
1073980 1539.8
1073990 1538.1
1074000 1535.5
1074010 1535.5
1074020 1531.5
1074030 1527.1
1074040 1527.1
1074050 1525.4
1074060 1525.7
1074070 1525.7
1074080 1525.4
1074090 1524.3
1074100 1524.3
1074110 1522.6
1074120 1521.7
1074130 1521.7
1074140 1521.0
1074150 1519.7
1074160 1519.7
1074170 1517.8
1074180 1513.3
1074190 1513.3
1074200 1510.6
1074210 1506.7
1074220 1503.3
1074230 1503.3
1074240 1501.0
1074250 1498.1
1074260 1498.1
1074270 1493.7
1074280 1488.5
1074290 1488.5
1074300 1485.3
1074310 1483.1
1074320 1483.1
1074330 1480.8
1074340 1478.7
1074350 1478.7
1074360 1476.4
1074370 1474.0
1074380 1474.0
1074390 1471.2
1074400 1469.5
1074410 1469.5
1074420 1468.4
1074430 1467.8
1074440 1467.8
1074450 1467.2
1074460 1465.7
1074470 1464.1
1074480 1464.1
1074490 1460.6
1074500 1459.1
1074510 1459.1
1074520 1457.2
1074530 1455.1
1074540 1455.1
1074550 1453.6
1074560 1451.8
1074570 1451.8
1074580 1449.4
1074590 1447.2
1074600 1447.2
1074610 1444.5
1074620 1442.4
1074630 1442.4
1074640 1440.4
1074650 1438.1
1074660 1438.1
1074670 1435.8
1074680 1433.5
1074690 1433.5
1074700 1432.3
1074710 1430.2
1074720 1427.7
1074730 1427.7
1074740 1425.1
1074750 1422.9
1074760 1422.9
1074770 1421.1
1074780 1417.6
1074790 1417.6
1074800 1415.0
1074810 1409.7
1074820 1409.7
1074830 1404.7
1074840 1400.2
1074850 1400.2
1074860 1398.4
1074870 1398.1
1074880 1398.1
1074890 1399.4
1074900 1404.0
1074910 1404.0
1074920 1407.4
1074930 1410.3
1074940 1414.3
1074950 1414.3
1074960 1418.9
1074970 1424.0
1074980 1424.0
1074990 1428.8
1075000 1432.3
1075010 1432.3
1075020 1437.0
1075030 1441.0
1075040 1441.0
1075050 1443.2
1075060 1445.1
1075070 1445.1
1075080 1446.7
1075090 1448.2
1075100 1448.2
1075110 1451.4
1075120 1451.2
1075130 1451.2
1075140 1450.3
1075150 1455.1
1075160 1455.1
1075170 1457.9
1075180 1460.2
1075190 1461.9
1075200 1461.9
1075210 1464.4
1075220 1467.7
1075230 1467.7
1075240 1470.4
1075250 1473.1
1075260 1473.1
1075270 1475.3
1075280 1477.3
1075290 1477.3
1075300 1479.3
1075310 1479.8
1075320 1479.8
1075330 1478.4
1075340 1477.0
1075350 1477.0
1075360 1480.0
1075370 1485.5
1075380 1485.5
1075390 1491.3
1075400 1496.1
1075410 1496.1
1075420 1501.2
1075430 1500.4
1075440 1502.7
1075450 1502.7
1075460 1506.2
1075470 1506.5
1075480 1506.5
1075490 1506.3
1075500 1511.4
1075510 1511.4
1075520 1515.5
1075530 1518.0
1075540 1518.0
1075550 1515.4
1075560 1512.3
1075570 1512.3
1075580 1513.2
1075590 1517.5
1075600 1517.5
1075610 1523.7
1075620 1530.3
1075630 1530.3
1075640 1534.1
1075650 1534.8
1075660 1534.8
1075670 1531.4
1075680 1529.0
1075690 1532.9
1075700 1532.9
1075710 1537.9
1075720 1540.2
1075730 1545.9
1075740 1548.6
1075750 1552.0
1075760 1552.0
1075770 1553.8
1075780 1555.5
1075790 1555.5
1075800 1557.0
1075810 1558.9
1075820 1558.9
1075830 1560.8
1075840 1562.4
1075850 1562.4
1075860 1563.9
1075870 1564.6
1075880 1564.6
1075890 1564.8
1075900 1564.5
1075910 1564.5
1075920 1563.7
1075930 1563.5
1075940 1563.0
1075950 1563.0
1075960 1562.3
1075970 1560.7
1075980 1560.7
1075990 1558.9
1076000 1557.1
1076010 1557.1
1076020 1555.0
1076030 1552.6
1076040 1556.2
1076050 1554.1
1076060 1551.8
1076070 1551.8
1076080 1549.2
1076090 1546.3
1076100 1546.3
1076110 1542.1
1076120 1537.2
1076130 1537.2
1076140 1538.3
1076150 1538.5
1076160 1538.5
1076170 1538.4
1076180 1538.0
1076190 1537.5
1076200 1537.5
1076210 1537.1
1076220 1536.1
1076230 1536.1
1076240 1535.5
1076250 1534.7
1076260 1534.7
1076270 1533.3
1076280 1531.5
1076290 1531.5
1076300 1529.0
1076310 1526.0
1076320 1526.0
1076330 1522.6
1076340 1518.2
1076350 1524.2
1076360 1519.7
1076370 1515.1
1076380 1515.1
1076390 1509.7
1076400 1503.4
1076410 1503.4
1076420 1498.1
1076430 1493.5
1076440 1489.6
1076450 1489.6
1076460 1484.2
1076470 1478.9
1076480 1478.9
1076490 1474.2
1076500 1470.3
1076510 1470.3
1076520 1467.9
1076530 1466.9
1076540 1466.9
1076550 1465.7
1076560 1462.7
1076570 1462.7
1076580 1459.4
1076590 1456.6
1076600 1456.6
1076610 1455.1
1076620 1453.8
1076630 1453.8
1076640 1453.4
1076650 1453.1
1076660 1455.8
1076670 1455.8
1076680 1455.4
1076690 1454.6
1076700 1454.6
1076710 1451.7
1076720 1449.7
1076730 1449.7
1076740 1447.2
1076750 1439.9
1076760 1439.9
1076770 1432.3
1076780 1424.7
1076790 1424.7
1076800 1416.9
1076810 1409.0
1076820 1409.0
1076830 1401.5
1076840 1394.4
1076850 1394.4
1076860 1388.4
1076870 1383.4
1076880 1383.4
1076890 1379.9
1076900 1378.1
1076910 1376.6
1076920 1376.6
1076930 1377.5
1076940 1375.0
1076950 1375.0
1076960 1369.4
1076970 1364.7
1076980 1368.2
1076990 1366.9
1077000 1366.6
1077010 1366.6
1077020 1369.2
1077030 1373.6
1077040 1373.6
1077050 1377.9
1077060 1379.1
1077070 1379.1
1077080 1375.6
1077090 1368.5
1077100 1368.5
1077110 1364.1
1077120 1364.1
1077130 1364.1
1077140 1364.1
1077150 1362.9
1077160 1363.6
1077170 1363.6
1077180 1363.7
1077190 1362.8
1077200 1362.8
1077210 1362.7
1077220 1361.8
1077230 1361.8
1077240 1360.6
1077250 1358.6
1077260 1358.6
1077270 1355.3
1077280 1352.5
1077290 1361.4
1077300 1363.8
1077310 1364.2
1077320 1364.2
1077330 1367.5
1077340 1363.9
1077350 1363.9
1077360 1358.3
1077370 1365.0
1077380 1365.0
1077390 1358.8
1077400 1352.0
1077410 1349.3
1077420 1349.3
1077430 1347.3
1077440 1344.7
1077450 1344.7
1077460 1342.1
1077470 1341.8
1077480 1341.8
1077490 1341.4
1077500 1338.0
1077510 1338.0
1077520 1336.9
1077530 1331.3
1077540 1331.3
1077550 1323.5
1077560 1315.7
1077570 1315.7
1077580 1308.1
1077590 1301.4
1077600 1304.9
1077610 1298.8
1077620 1292.5
1077630 1292.5
1077640 1287.7
1077650 1282.7
1077660 1277.1
1077670 1277.1
1077680 1270.9
1077690 1265.2
1077700 1265.2
1077710 1259.1
1077720 1253.1
1077730 1253.1
1077740 1247.0
1077750 1243.5
1077760 1243.5
1077770 1241.4
1077780 1234.8
1077790 1234.8
1077800 1226.2
1077810 1217.8
1077820 1217.8
1077830 1211.2
1077840 1206.8
1077850 1206.8
1077860 1201.4
1077870 1197.3
1077880 1197.3
1077890 1192.0
1077900 1183.9
1077910 1178.9
1077920 1178.9
1077930 1175.4
1077940 1173.4
1077950 1173.4
1077960 1171.9
1077970 1168.5
1077980 1168.5
1077990 1165.1
1078000 1161.3
1078010 1161.3
1078020 1156.4
1078030 1152.5
1078040 1152.5
1078050 1149.0
1078060 1144.7
1078070 1144.7
1078080 1140.2
1078090 1134.4
1078100 1134.4
1078110 1129.7
1078120 1125.4
1078130 1119.5
1078140 1119.5
1078150 1113.8
1078160 1109.1
1078170 1109.1
1078180 1105.4
1078190 1101.2
1078200 1101.2
1078210 1097.3
1078220 1093.7
1078230 1096.8
1078240 1091.1
1078250 1085.6
1078260 1085.6
1078270 1080.1
1078280 1074.6
1078290 1074.6
1078300 1070.1
1078310 1064.4
1078320 1064.4
1078330 1059.5
1078340 1055.6
1078350 1055.6
1078360 1050.7
1078370 1044.8
1078380 1040.4
1078390 1040.4
1078400 1037.6
1078410 1034.5
1078420 1034.5
1078430 1035.0
1078440 1034.3
1078450 1034.3
1078460 1032.3
1078470 1027.3
1078480 1027.3
1078490 1021.9
1078500 1017.4
1078510 1017.4
1078520 1015.7
1078530 1014.1
1078540 1020.6
1078550 1019.3
1078560 1018.0
1078570 1018.0
1078580 1015.6
1078590 1012.7
1078600 1012.7
1078610 1009.7
1078620 1007.7
1078630 1006.0
1078640 1006.0
1078650 1004.9
1078660 1003.0
1078670 1003.0
1078680 1000.9
1078690 997.4
1078700 997.4
1078710 992.8
1078720 988.5
1078730 988.5
1078740 984.8
1078750 982.3
1078760 982.3
1078770 980.0
1078780 977.4
1078790 977.4
1078800 975.1
1078810 972.5
1078820 972.5
1078830 970.1
1078840 967.6
1078850 962.4
1078860 941.1
1078870 922.7
1078880 913.6
1078890 913.6
1078900 904.5
1078910 894.2
1078920 894.2
1078930 884.9
1078940 876.7
1078950 876.7
1078960 869.6
1078970 864.2
1078980 864.2
1078990 862.3
1079000 877.9
1079010 877.9
1079020 887.8
1079030 896.7
1079040 896.7
1079050 907.9
1079060 915.5
1079070 915.5
1079080 925.8
1079090 932.8
1079100 932.8
1079110 939.2
1079120 945.7
1079130 952.3
1079140 952.3
1079150 963.2
1079160 960.7
1079170 960.7
1079180 970.2
1079190 982.8
1079200 982.8
1079210 993.7
1079220 991.9
1079230 991.9
1079240 998.8
1079250 1008.9
1079260 1008.9
1079270 1017.7
1079280 1026.9
1079290 1026.9
1079300 1034.5
1079310 1043.5
1079320 1043.5
1079330 1050.2
1079340 1056.1
1079350 1056.1
1079360 1062.3
1079370 1068.3
1079380 1072.5
1079390 1072.5
1079400 1075.7
1079410 1079.7
1079420 1079.7
1079430 1082.5
1079440 1085.4
1079450 1085.4
1079460 1087.5
1079470 1089.9
1079480 1093.2
1079490 1096.5
1079500 1098.8
1079510 1098.8
1079520 1100.1
1079530 1104.4
1079540 1104.4
1079550 1107.7
1079560 1110.7
1079570 1110.7
1079580 1112.8
1079590 1113.0
1079600 1112.0
1079610 1112.0
1079620 1111.3
1079630 1111.1
1079640 1111.1
1079650 1116.5
1079660 1122.1
1079670 1122.1
1079680 1123.8
1079690 1124.7
1079700 1124.7
1079710 1127.0
1079720 1129.8
1079730 1129.8
1079740 1131.8
1079750 1133.8
1079760 1133.8
1079770 1136.6
1079780 1139.8
1079790 1141.7
1079800 1145.1
1079810 1148.1
1079820 1148.1
1079830 1149.4
1079840 1149.4
1079850 1149.9
1079860 1149.9
1079870 1148.2
1079880 1144.2
1079890 1144.2
1079900 1135.5
1079910 1132.1
1079920 1132.1
1079930 1136.2
1079940 1139.9
1079950 1139.9
1079960 1143.9
1079970 1150.6
1079980 1150.6
1079990 1159.7
