1068710 1755.3
1068720 1755.3
1068730 1761.8
1068740 1768.6
1068750 1768.6
1068760 1771.4
1068770 1773.2
1068780 1773.2
1068790 1778.7
1068800 1787.7
1068810 1794.5
1068820 1794.5
1068830 1799.1
1068840 1809.2
1068850 1809.2
1068860 1814.0
1068870 1820.6
1068880 1820.6
1068890 1825.4
1068900 1830.6
1068910 1830.6
1068920 1836.3
1068930 1842.3
1068940 1842.3
1068950 1851.0
1068960 1860.4
1068970 1860.4
1068980 1865.3
1068990 1870.8
1069000 1870.8
1069010 1878.0
1069020 1884.3
1069030 1880.4
1069040 1880.4
1069050 1870.2
1069060 1859.9
1069070 1859.9
1069080 1847.1
1069090 1830.9
1069100 1830.9
1069110 1810.0
1069120 1791.1
1069130 1791.1
1069140 1778.9
1069150 1768.6
1069160 1768.6
1069170 1762.3
1069180 1762.0
1069190 1762.0
1069200 1763.2
1069210 1751.3
1069220 1751.3
1069230 1733.5
1069240 1724.3
1069250 1724.3
1069260 1721.3
1069270 1718.7
1069280 1716.3
1069290 1716.3
1069300 1715.2
1069310 1713.7
1069320 1713.7
1069330 1711.1
1069340 1707.7
1069350 1707.7
1069360 1704.3
1069370 1700.6
1069380 1700.6
1069390 1696.5
1069400 1692.0
1069410 1692.0
1069420 1686.1
1069430 1681.1
1069440 1681.1
1069450 1681.1
1069460 1677.6
1069470 1677.6
1069480 1674.3
1069490 1671.3
1069500 1671.3
1069510 1668.5
1069520 1666.9
1069530 1667.6
1069540 1667.6
1069550 1668.9
1069560 1670.3
1069570 1670.3
1069580 1672.0
1069590 1672.0
1069600 1672.0
1069610 1668.5
1069620 1662.5
1069630 1662.5
1069640 1656.5
1069650 1656.3
1069660 1656.3
1069670 1659.4
1069680 1659.9
1069690 1659.9
1069700 1660.2
1069710 1660.6
1069720 1660.6
1069730 1659.3
1069740 1656.8
1069750 1656.8
1069760 1660.9
1069770 1659.6
1069780 1660.5
1069790 1660.5
1069800 1662.6
1069810 1665.3
1069820 1665.3
1069830 1668.2
1069840 1671.4
1069850 1671.4
1069860 1674.4
1069870 1677.8
1069880 1677.8
1069890 1680.7
1069900 1683.5
1069910 1683.5
1069920 1686.8
1069930 1690.3
1069940 1690.3
1069950 1694.5
1069960 1699.3
1069970 1699.3
1069980 1703.9
1069990 1708.8
1070000 1708.8
1070010 1713.6
1070020 1718.6
1070030 1723.4
1070040 1723.4
1070050 1728.2
1070060 1733.3
1070070 1733.3
1070080 1742.5
1070090 1753.5
1070100 1753.5
1070110 1763.6
1070120 1771.6
1070130 1771.6
1070140 1780.6
1070150 1788.7
1070160 1788.7
1070170 1796.7
1070180 1802.7
1070190 1802.7
1070200 1808.3
1070210 1815.3
1070220 1815.3
1070230 1823.5
1070240 1830.3
1070250 1830.3
1070260 1837.3
1070270 1844.5
1070280 1849.5
1070290 1849.5
1070300 1851.1
1070310 1850.9
1070320 1850.9
1070330 1854.9
1070340 1860.8
1070350 1860.8
1070360 1867.0
1070370 1879.7
1070380 1879.7
1070390 1882.8
1070400 1888.9
1070410 1888.9
1070420 1895.2
1070430 1902.8
1070440 1902.8
1070450 1907.4
1070460 1912.0
1070470 1912.0
1070480 1918.1
1070490 1927.5
1070500 1927.5
1070510 1936.2
1070520 1941.6
1070530 1947.4
1070540 1947.4
1070550 1950.1
1070560 1954.5
1070570 1954.5
1070580 1961.4
1070590 1969.0
1070600 1969.0
1070610 1976.6
1070620 1983.8
1070630 1983.8
1070640 1991.2
1070650 1998.7
1070660 1998.7
1070670 2005.6
1070680 2014.3
1070690 2014.3
1070700 2022.1
1070710 2029.4
1070720 2029.4
1070730 2036.5
1070740 2043.5
1070750 2050.6
1070760 2050.6
1070770 2057.8
1070780 2064.7
1070790 2064.7
1070800 2071.6
1070810 2078.0
1070820 2078.0
1070830 2084.4
1070840 2093.8
1070850 2093.8
1070860 2112.6
1070870 2120.7
1070880 2120.7
1070890 2124.8
1070900 2129.9
1070910 2129.9
1070920 2134.9
1070930 2145.1
1070940 2145.1
1070950 2141.7
1070960 2131.0
1070970 2131.0
1070980 2104.8
1070990 2088.5
1071000 2084.1
1071010 2084.1
1071020 2059.2
1071030 2039.3
1071040 2039.3
1071050 2026.3
1071060 1985.5
1071070 1985.5
1071080 1975.4
1071090 1968.0
1071100 1968.0
1071110 1961.1
1071120 1954.5
1071130 1954.5
1071140 1948.1
1071150 1941.7
1071160 1941.7
1071170 1935.5
1071180 1929.2
1071190 1929.2
1071200 1922.8
1071210 1916.4
1071220 1916.4
1071230 1910.0
1071240 1903.4
1071250 1897.2
1071260 1897.2
1071270 1891.5
1071280 1885.7
1071290 1885.7
1071300 1882.2
1071310 1876.4
1071320 1876.4
1071330 1870.6
1071340 1864.4
1071350 1864.4
1071360 1858.5
1071370 1852.3
1071380 1852.3
1071390 1846.2
1071400 1840.4
1071410 1840.4
1071420 1834.1
1071430 1827.9
1071440 1827.9
1071450 1822.4
1071460 1817.1
1071470 1817.1
1071480 1811.7
1071490 1807.2
1071500 1802.6
1071510 1802.6
1071520 1798.1
1071530 1793.1
1071540 1793.1
1071550 1788.3
1071560 1783.4
1071570 1783.4
1071580 1778.2
1071590 1773.0
1071600 1774.4
1071610 1769.1
1071620 1764.3
1071630 1764.3
1071640 1759.0
1071650 1753.8
1071660 1753.8
1071670 1748.9
1071680 1743.9
1071690 1743.9
1071700 1738.6
1071710 1733.6
1071720 1733.6
1071730 1729.0
1071740 1724.7
1071750 1720.7
1071760 1720.7
1071770 1715.6
1071780 1711.1
1071790 1711.1
1071800 1706.9
1071810 1702.6
1071820 1702.6
1071830 1698.6
1071840 1696.5
1071850 1696.5
1071860 1696.2
1071870 1696.1
1071880 1696.1
1071890 1696.2
1071900 1695.9
1071910 1699.1
1071920 1699.2
1071930 1699.9
1071940 1699.9
1071950 1701.2
1071960 1701.7
1071970 1701.7
1071980 1700.3
1071990 1699.7
1072000 1700.2
1072010 1700.2
1072020 1702.6
1072030 1703.9
1072040 1703.9
1072050 1705.1
1072060 1705.2
1072070 1705.2
1072080 1704.9
1072090 1707.8
1072100 1707.8
1072110 1709.2
1072120 1713.3
1072130 1713.3
1072140 1716.8
1072150 1720.4
1072160 1720.4
1072170 1724.3
1072180 1729.3
1072190 1729.3
1072200 1733.8
1072210 1734.1
1072220 1743.7
1072230 1743.7
1072240 1744.9
1072250 1744.4
1072260 1744.4
1072270 1745.9
1072280 1745.0
1072290 1745.0
1072300 1748.8
1072310 1761.4
1072320 1761.4
1072330 1765.3
1072340 1771.0
1072350 1771.0
1072360 1775.6
1072370 1780.4
1072380 1780.4
1072390 1785.0
1072400 1789.7
1072410 1789.7
1072420 1794.3
1072430 1796.0
1072440 1796.0
1072450 1797.3
1072460 1800.2
1072470 1803.9
1072480 1803.9
1072490 1808.8
1072500 1816.4
1072510 1816.4
1072520 1825.8
1072530 1840.8
1072540 1840.8
1072550 1852.7
1072560 1860.0
1072570 1860.0
1072580 1861.3
1072590 1854.9
1072600 1854.9
1072610 1849.9
1072620 1838.0
1072630 1838.0
1072640 1828.0
1072650 1822.0
1072660 1822.0
1072670 1814.8
1072680 1811.1
1072690 1811.1
1072700 1805.1
1072710 1802.2
1072720 1798.6
1072730 1798.6
1072740 1785.4
1072750 1775.7
1072760 1775.7
1072770 1765.4
1072780 1758.5
1072790 1758.5
1072800 1751.8
1072810 1745.1
1072820 1745.1
1072830 1738.4
1072840 1728.7
1072850 1728.7
1072860 1723.1
1072870 1718.4
1072880 1718.4
1072890 1715.0
1072900 1712.7
1072910 1712.7
1072920 1711.6
1072930 1717.4
1072940 1717.4
1072950 1723.0
1072960 1718.1
1072970 1710.7
1072980 1710.7
1072990 1705.1
1073000 1698.4
1073010 1698.4
1073020 1693.8
1073030 1689.2
1073040 1689.2
1073050 1684.6
1073060 1679.7
1073070 1679.7
1073080 1674.6
1073090 1670.4
1073100 1670.4
1073110 1667.6
1073120 1664.9
1073130 1664.9
1073140 1661.2
1073150 1653.9
1073160 1653.9
1073170 1649.5
1073180 1645.8
1073190 1645.8
1073200 1642.1
1073210 1638.6
1073220 1635.3
1073230 1635.3
1073240 1631.5
1073250 1626.9
1073260 1626.9
1073270 1623.2
1073280 1619.3
1073290 1619.3
1073300 1614.4
1073310 1610.2
1073320 1610.2
1073330 1606.3
1073340 1603.4
1073350 1603.4
1073360 1600.3
1073370 1596.3
1073380 1596.3
1073390 1592.9
1073400 1588.8
1073410 1588.8
1073420 1584.3
1073430 1580.0
1073440 1580.0
1073450 1574.2
1073460 1570.2
1073470 1567.4
1073480 1567.4
1073490 1565.5
1073500 1564.9
1073510 1564.9
1073520 1561.3
1073530 1557.0
1073540 1557.0
1073550 1558.8
1073560 1558.4
1073570 1558.4
1073580 1556.1
1073590 1553.7
1073600 1553.7
1073610 1550.5
1073620 1546.8
1073630 1546.8
1073640 1543.5
1073650 1539.8
1073660 1539.8
1073670 1536.4
1073680 1533.7
1073690 1531.0
1073700 1531.0
1073710 1528.3
1073720 1525.5
1073730 1525.5
1073740 1523.3
1073750 1520.9
1073760 1520.3
1073770 1518.0
1073780 1515.9
1073790 1515.9
1073800 1514.1
1073810 1512.1
1073820 1512.1
1073830 1509.7
1073840 1507.7
1073850 1507.7
1073860 1506.5
1073870 1504.3
1073880 1504.3
1073890 1501.6
1073900 1500.3
1073910 1500.3
1073920 1498.4
1073930 1497.3
1073940 1496.1
1073950 1496.1
1073960 1494.7
1073970 1492.6
1073980 1492.6
1073990 1491.2
1074000 1489.1
1074010 1489.1
1074020 1488.1
1074030 1488.6
1074040 1488.6
1074050 1488.5
1074060 1487.3
1074070 1484.6
1074080 1482.6
1074090 1481.5
1074100 1481.5
1074110 1480.2
1074120 1478.5
1074130 1478.5
1074140 1476.6
1074150 1474.9
1074160 1474.9
1074170 1473.5
1074180 1471.9
1074190 1470.0
1074200 1470.0
1074210 1468.4
1074220 1466.8
1074230 1466.8
1074240 1465.7
1074250 1464.5
1074260 1464.5
1074270 1463.1
1074280 1461.2
1074290 1461.2
1074300 1460.1
1074310 1459.2
1074320 1459.2
1074330 1458.0
1074340 1457.2
1074350 1457.2
1074360 1456.0
1074370 1451.7
1074380 1449.3
1074390 1442.2
1074400 1435.7
1074410 1435.7
1074420 1430.0
1074430 1425.5
1074440 1422.5
1074450 1422.5
1074460 1419.1
1074470 1416.6
1074480 1416.6
1074490 1415.6
1074500 1415.6
1074510 1415.6
1074520 1415.3
1074530 1414.8
1074540 1414.8
1074550 1414.4
1074560 1414.3
1074570 1414.3
1074580 1415.4
1074590 1417.2
1074600 1417.2
1074610 1419.5
1074620 1421.5
1074630 1421.5
1074640 1426.0
1074650 1428.4
1074660 1428.4
1074670 1426.4
1074680 1428.1
1074690 1434.6
1074700 1434.6
1074710 1440.1
1074720 1445.9
1074730 1445.9
1074740 1449.9
1074750 1451.7
1074760 1451.7
1074770 1450.1
1074780 1450.2
1074790 1450.2
1074800 1453.0
1074810 1455.2
1074820 1455.2
1074830 1458.3
1074840 1458.9
1074850 1458.9
1074860 1460.1
1074870 1465.3
1074880 1465.3
1074890 1468.6
1074900 1469.3
1074910 1469.3
1074920 1474.0
1074930 1477.2
1074940 1478.6
1074950 1478.6
1074960 1476.8
1074970 1475.4
1074980 1475.4
1074990 1477.1
1075000 1482.8
1075010 1482.8
1075020 1486.1
1075030 1492.2
1075040 1492.2
1075050 1496.5
1075060 1500.7
1075070 1500.7
1075080 1504.4
1075090 1508.4
1075100 1508.4
1075110 1511.8
1075120 1514.8
1075130 1514.8
1075140 1518.3
1075150 1521.4
1075160 1523.9
1075170 1523.9
1075180 1526.7
1075190 1529.9
1075200 1529.9
1075210 1533.8
1075220 1536.8
1075230 1536.8
1075240 1537.5
1075250 1533.5
1075260 1533.5
1075270 1530.8
1075280 1531.6
1075290 1531.6
1075300 1540.7
1075310 1551.7
1075320 1551.7
1075330 1557.4
1075340 1561.0
1075350 1561.0
1075360 1563.6
1075370 1566.2
1075380 1566.2
1075390 1568.5
1075400 1569.8
1075410 1571.0
1075420 1571.0
1075430 1572.4
1075440 1573.7
1075450 1573.7
1075460 1574.9
1075470 1574.0
1075480 1574.0
1075490 1571.9
1075500 1575.3
1075510 1575.3
1075520 1579.6
1075530 1583.7
1075540 1583.7
1075550 1588.4
1075560 1592.5
1075570 1592.5
1075580 1596.1
1075590 1599.3
1075600 1599.3
1075610 1602.4
1075620 1609.1
1075630 1609.1
1075640 1611.8
1075650 1614.5
1075660 1617.0
1075670 1617.0
1075680 1619.5
1075690 1621.7
1075700 1621.7
1075710 1623.9
1075720 1625.9
1075730 1625.9
1075740 1628.6
1075750 1630.2
1075760 1630.2
1075770 1631.9
1075780 1633.4
1075790 1633.4
1075800 1634.9
1075810 1635.6
1075820 1635.6
1075830 1637.9
1075840 1640.1
1075850 1640.1
1075860 1642.7
1075870 1645.4
1075880 1645.4
1075890 1647.4
1075900 1649.5
1075910 1651.5
1075920 1651.5
1075930 1657.1
1075940 1659.2
1075950 1659.2
1075960 1661.3
1075970 1663.1
1075980 1663.1
1075990 1664.2
1076000 1664.5
1076010 1664.5
1076020 1663.6
1076030 1658.9
1076040 1658.9
1076050 1652.9
1076060 1648.2
1076070 1648.2
1076080 1646.8
1076090 1648.3
1076100 1648.3
1076110 1652.4
1076120 1656.6
1076130 1656.6
1076140 1660.5
1076150 1662.9
1076160 1664.0
1076170 1664.0
1076180 1664.8
1076190 1665.1
1076200 1665.1
1076210 1665.0
1076220 1665.1
1076230 1665.1
1076240 1664.9
1076250 1672.6
1076260 1672.6
1076270 1673.1
1076280 1674.0
1076290 1674.0
1076300 1673.3
1076310 1671.0
1076320 1671.0
1076330 1668.5
1076340 1664.8
1076350 1664.8
1076360 1658.8
1076370 1653.0
1076380 1653.0
1076390 1647.4
1076400 1640.8
1076410 1634.9
1076420 1634.9
1076430 1626.9
1076440 1619.3
1076450 1619.3
1076460 1611.6
1076470 1604.6
1076480 1604.6
1076490 1599.4
1076500 1595.5
1076510 1595.5
1076520 1590.9
1076530 1585.5
1076540 1585.5
1076550 1579.6
1076560 1578.6
1076570 1578.6
1076580 1573.0
1076590 1566.7
1076600 1566.7
1076610 1560.6
1076620 1555.5
1076630 1551.5
1076640 1551.5
1076650 1547.9
1076660 1545.0
1076670 1545.0
1076680 1541.5
1076690 1537.3
1076700 1537.3
1076710 1532.6
1076720 1527.7
1076730 1527.7
1076740 1523.7
1076750 1520.7
1076760 1520.7
1076770 1518.4
1076780 1517.7
1076790 1517.7
1076800 1517.5
1076810 1516.3
1076820 1516.3
1076830 1515.0
1076840 1512.0
1076850 1512.0
1076860 1507.9
1076870 1507.5
1076880 1502.8
1076890 1502.8
1076900 1496.7
1076910 1491.8
1076920 1491.8
1076930 1490.9
1076940 1492.7
1076950 1492.7
1076960 1494.2
1076970 1490.6
1076980 1490.6
1076990 1488.1
1077000 1489.3
1077010 1489.3
1077020 1489.9
1077030 1489.0
1077040 1489.0
1077050 1488.6
1077060 1492.5
1077070 1492.5
1077080 1497.4
1077090 1501.8
1077100 1501.8
1077110 1504.9
1077120 1508.2
1077130 1514.3
1077140 1514.3
1077150 1521.3
1077160 1526.9
1077170 1526.9
1077180 1542.1
1077190 1544.7
1077200 1544.7
1077210 1546.7
1077220 1547.3
1077230 1547.3
1077240 1550.1
1077250 1552.8
1077260 1552.8
1077270 1552.0
1077280 1550.3
1077290 1550.3
1077300 1546.6
1077310 1542.4
1077320 1542.4
1077330 1536.8
1077340 1528.1
1077350 1528.1
1077360 1517.7
1077370 1509.2
1077380 1499.8
1077390 1499.8
1077400 1491.4
1077410 1483.5
1077420 1483.5
1077430 1477.7
1077440 1471.8
1077450 1471.8
1077460 1466.1
1077470 1462.9
1077480 1462.9
1077490 1478.5
1077500 1474.9
1077510 1474.9
1077520 1472.3
1077530 1461.8
1077540 1461.8
1077550 1458.4
1077560 1463.2
1077570 1463.2
1077580 1458.4
1077590 1454.5
1077600 1454.5
1077610 1440.8
1077620 1424.9
1077630 1411.6
1077640 1411.6
1077650 1387.2
1077660 1374.1
1077670 1374.1
1077680 1384.5
1077690 1405.2
1077700 1405.2
1077710 1419.6
1077720 1417.1
1077730 1417.1
1077740 1409.0
1077750 1387.3
1077760 1387.3
1077770 1370.9
1077780 1367.1
1077790 1367.1
1077800 1347.2
1077810 1337.8
1077820 1337.8
1077830 1324.6
1077840 1315.4
1077850 1310.5
1077860 1310.5
1077870 1306.4
1077880 1298.3
1077890 1298.3
1077900 1293.1
1077910 1289.1
1077920 1289.1
1077930 1281.6
1077940 1274.5
1077950 1274.5
1077960 1268.4
1077970 1264.0
1077980 1264.0
1077990 1255.7
1078000 1251.2
1078010 1251.2
1078020 1245.7
1078030 1239.0
1078040 1239.0
1078050 1231.1
1078060 1221.6
1078070 1221.6
1078080 1215.1
1078090 1209.7
1078100 1203.9
1078110 1203.9
1078120 1199.9
1078130 1194.1
1078140 1194.1
1078150 1189.2
1078160 1185.8
1078170 1185.8
1078180 1180.1
1078190 1174.0
1078200 1174.0
1078210 1168.3
1078220 1162.8
1078230 1162.8
1078240 1158.6
1078250 1155.2
1078260 1155.2
1078270 1150.6
1078280 1145.1
1078290 1145.1
1078300 1139.1
1078310 1133.6
1078320 1133.6
1078330 1128.1
1078340 1125.0
1078350 1121.4
1078360 1121.4
1078370 1117.7
1078380 1117.4
1078390 1117.4
1078400 1113.7
1078410 1108.1
1078420 1108.1
1078430 1106.7
1078440 1111.2
1078450 1111.2
1078460 1111.8
1078470 1107.7
1078480 1107.7
1078490 1102.8
1078500 1098.0
1078510 1098.0
1078520 1092.6
1078530 1090.6
1078540 1090.6
1078550 1091.1
1078560 1089.4
1078570 1089.4
1078580 1088.4
1078590 1088.3
1078600 1087.1
1078610 1087.1
1078620 1085.7
1078630 1083.2
1078640 1083.2
1078650 1077.4
1078660 1070.3
1078670 1070.3
1078680 1062.9
1078690 1056.1
1078700 1056.1
1078710 1050.4
1078720 1045.0
1078730 1045.0
1078740 1042.3
1078750 1035.9
1078760 1035.9
1078770 1027.9
1078780 1020.9
1078790 1020.9
1078800 1017.9
1078810 1009.4
1078820 1009.4
1078830 998.5
1078840 987.8
1078850 976.0
1078860 976.0
1078870 950.6
1078880 931.4
1078890 931.4
1078900 920.7
1078910 912.7
1078920 912.7
1078930 904.2
1078940 894.3
1078950 894.3
1078960 888.0
1078970 882.2
1078980 882.2
1078990 876.9
1079000 873.8
1079010 873.8
1079020 875.0
1079030 877.5
1079040 877.5
1079050 880.6
1079060 888.4
1079070 888.4
1079080 890.9
1079090 903.0
1079100 925.0
1079110 925.0
1079120 942.7
1079130 950.0
1079140 950.0
1079150 960.1
1079160 968.1
1079170 968.1
1079180 972.0
1079190 977.9
1079200 977.9
1079210 984.3
1079220 991.2
1079230 991.2
1079240 998.7
1079250 1005.1
1079260 1005.1
1079270 1008.1
1079280 1009.1
1079290 1009.1
1079300 1010.3
1079310 1011.0
1079320 1014.5
1079330 1014.5
1079340 1019.0
1079350 1022.0
1079360 1022.0
1079370 1016.4
1079380 1018.9
1079390 1018.9
1079400 1022.9
1079410 1027.3
1079420 1027.3
1079430 1031.7
1079440 1036.1
1079450 1036.1
1079460 1040.4
1079470 1044.0
1079480 1044.0
1079490 1048.4
1079500 1053.2
1079510 1053.2
1079520 1058.4
1079530 1063.6
1079540 1063.6
1079550 1069.0
1079560 1074.3
1079570 1079.1
1079580 1079.1
1079590 1085.0
1079600 1089.7
1079610 1089.7
1079620 1094.7
1079630 1099.5
1079640 1099.5
1079650 1104.9
1079660 1110.5
1079670 1110.5
1079680 1119.1
1079690 1124.4
1079700 1124.4
1079710 1130.5
1079720 1136.7
1079730 1136.7
1079740 1143.1
1079750 1149.6
1079760 1149.6
1079770 1155.9
1079780 1161.8
1079790 1161.8
1079800 1165.2
1079810 1167.5
1079820 1171.0
1079830 1171.0
1079840 1173.9
1079850 1175.8
1079860 1175.8
1079870 1178.2
1079880 1181.6
1079890 1181.6
1079900 1185.2
1079910 1189.4
1079920 1189.4
1079930 1193.8
1079940 1198.2
1079950 1198.2
1079960 1201.5
1079970 1203.8
1079980 1203.8
1079990 1208.7
