1068410 1539.0
1068420 1539.0
1068430 1548.5
1068440 1561.5
1068450 1561.5
1068460 1583.0
1068470 1573.5
1068480 1573.5
1068490 1563.6
1068500 1574.7
1068510 1574.7
1068520 1589.7
1068530 1607.2
1068540 1607.2
1068550 1619.8
1068560 1637.9
1068570 1659.3
1068580 1672.8
1068590 1671.6
1068600 1671.6
1068610 1669.0
1068620 1666.5
1068630 1664.5
1068640 1664.5
1068650 1668.6
1068660 1677.9
1068670 1677.9
1068680 1683.6
1068690 1687.5
1068700 1687.5
1068710 1690.5
1068720 1696.7
1068730 1696.7
1068740 1710.6
1068750 1693.9
1068760 1693.9
1068770 1692.3
1068780 1685.1
1068790 1685.1
1068800 1669.0
1068810 1663.8
1068820 1663.8
1068830 1666.8
1068840 1661.1
1068850 1661.1
1068860 1649.4
1068870 1632.7
1068880 1607.1
1068890 1607.1
1068900 1602.8
1068910 1592.5
1068920 1592.5
1068930 1598.4
1068940 1612.9
1068950 1612.9
1068960 1619.2
1068970 1622.0
1068980 1622.0
1068990 1622.5
1069000 1616.8
1069010 1616.8
1069020 1610.3
1069030 1603.2
1069040 1603.2
1069050 1591.2
1069060 1575.5
1069070 1575.5
1069080 1561.0
1069090 1545.5
1069100 1545.5
1069110 1535.6
1069120 1526.5
1069130 1519.9
1069140 1519.9
1069150 1514.0
1069160 1507.5
1069170 1507.5
1069180 1504.1
1069190 1497.3
1069200 1497.3
1069210 1489.0
1069220 1486.0
1069230 1486.0
1069240 1485.6
1069250 1483.6
1069260 1483.6
1069270 1485.3
1069280 1487.5
1069290 1487.5
1069300 1486.2
1069310 1486.6
1069320 1486.6
1069330 1486.8
1069340 1483.6
1069350 1483.6
1069360 1484.3
1069370 1487.3
1069380 1483.1
1069390 1483.1
1069400 1483.5
1069410 1485.3
1069420 1485.3
1069430 1490.7
1069440 1496.3
1069450 1496.3
1069460 1499.0
1069470 1499.3
1069480 1499.3
1069490 1504.5
1069500 1505.2
1069510 1505.2
1069520 1503.6
1069530 1503.0
1069540 1503.0
1069550 1504.5
1069560 1506.4
1069570 1506.4
1069580 1509.1
1069590 1512.9
1069600 1512.9
1069610 1513.6
1069620 1511.9
1069630 1515.7
1069640 1515.7
1069650 1520.7
1069660 1523.6
1069670 1523.6
1069680 1527.5
1069690 1529.5
1069700 1529.5
1069710 1534.6
1069720 1542.6
1069730 1542.6
1069740 1550.2
1069750 1557.9
1069760 1557.9
1069770 1564.4
1069780 1570.5
1069790 1570.5
1069800 1578.0
1069810 1584.4
1069820 1584.4
1069830 1592.6
1069840 1598.8
1069850 1598.8
1069860 1605.5
1069870 1614.0
1069880 1621.5
1069890 1621.5
1069900 1630.1
1069910 1639.7
1069920 1639.7
1069930 1649.0
1069940 1659.2
1069950 1659.2
1069960 1667.5
1069970 1674.6
1069980 1674.6
1069990 1682.4
1070000 1690.9
1070010 1690.9
1070020 1700.4
1070030 1710.8
1070040 1710.8
1070050 1719.5
1070060 1729.0
1070070 1729.0
1070080 1736.5
1070090 1743.0
1070100 1744.1
1070110 1751.7
1070120 1757.5
1070130 1764.8
1070140 1764.8
1070150 1771.5
1070160 1777.8
1070170 1777.8
1070180 1784.6
1070190 1792.2
1070200 1792.2
1070210 1799.2
1070220 1805.9
1070230 1805.9
1070240 1812.6
1070250 1818.8
1070260 1818.8
1070270 1825.3
1070280 1832.8
1070290 1832.8
1070300 1839.6
1070310 1846.4
1070320 1846.4
1070330 1853.0
1070340 1859.1
1070350 1864.7
1070360 1864.7
1070370 1868.8
1070380 1868.8
1070390 1868.8
1070400 1864.6
1070410 1866.2
1070420 1866.2
1070430 1860.9
1070440 1860.7
1070450 1860.7
1070460 1861.7
1070470 1860.7
1070480 1860.7
1070490 1858.2
1070500 1858.9
1070510 1858.9
1070520 1857.5
1070530 1847.3
1070540 1847.3
1070550 1841.3
1070560 1843.5
1070570 1843.5
1070580 1848.5
1070590 1849.2
1070600 1846.7
1070610 1846.7
1070620 1854.8
1070630 1858.5
1070640 1858.5
1070650 1856.5
1070660 1865.0
1070670 1865.0
1070680 1874.0
1070690 1881.7
1070700 1881.7
1070710 1889.1
1070720 1902.0
1070730 1902.0
1070740 1905.0
1070750 1905.5
1070760 1905.5
1070770 1907.6
1070780 1909.4
1070790 1909.4
1070800 1908.5
1070810 1914.3
1070820 1914.3
1070830 1922.2
1070840 1928.7
1070850 1934.4
1070860 1934.4
1070870 1939.9
1070880 1946.4
1070890 1946.4
1070900 1953.6
1070910 1960.0
1070920 1960.0
1070930 1966.5
1070940 1971.6
1070950 1971.6
1070960 1976.1
1070970 1979.9
1070980 1979.9
1070990 1982.9
1071000 1982.5
1071010 1982.5
1071020 1993.5
1071030 1990.2
1071040 1990.2
1071050 1985.7
1071060 1978.9
1071070 1978.9
1071080 1974.9
1071090 1984.3
1071100 1984.1
1071110 1984.1
1071120 1978.7
1071130 1978.9
1071140 1978.9
1071150 1969.2
1071160 1959.8
1071170 1959.8
1071180 1933.4
1071190 1917.2
1071200 1917.2
1071210 1899.2
1071220 1878.9
1071230 1878.9
1071240 1875.7
1071250 1869.3
1071260 1869.3
1071270 1859.2
1071280 1845.5
1071290 1845.5
1071300 1839.6
1071310 1836.7
1071320 1836.7
1071330 1838.6
1071340 1820.4
1071350 1805.4
1071360 1805.4
1071370 1796.6
1071380 1789.6
1071390 1789.6
1071400 1781.2
1071410 1773.8
1071420 1773.8
1071430 1766.6
1071440 1758.5
1071450 1758.5
1071460 1751.8
1071470 1748.1
1071480 1748.1
1071490 1744.4
1071500 1743.6
1071510 1743.6
1071520 1742.5
1071530 1740.5
1071540 1740.5
1071550 1737.8
1071560 1731.7
1071570 1731.7
1071580 1726.4
1071590 1723.8
1071600 1720.3
1071610 1720.3
1071620 1714.8
1071630 1710.3
1071640 1713.9
1071650 1710.0
1071660 1706.4
1071670 1706.4
1071680 1705.7
1071690 1706.8
1071700 1706.8
1071710 1707.8
1071720 1708.7
1071730 1708.7
1071740 1709.0
1071750 1708.4
1071760 1708.4
1071770 1706.2
1071780 1701.4
1071790 1701.4
1071800 1695.8
1071810 1688.7
1071820 1688.7
1071830 1682.0
1071840 1676.3
1071850 1672.8
1071860 1672.8
1071870 1669.5
1071880 1656.0
1071890 1656.0
1071900 1646.5
1071910 1638.7
1071920 1638.7
1071930 1632.0
1071940 1625.9
1071950 1625.4
1071960 1619.7
1071970 1614.6
1071980 1614.6
1071990 1610.4
1072000 1607.6
1072010 1607.6
1072020 1604.4
1072030 1600.4
1072040 1600.4
1072050 1595.5
1072060 1591.7
1072070 1591.7
1072080 1588.9
1072090 1585.9
1072100 1583.0
1072110 1583.0
1072120 1580.0
1072130 1577.0
1072140 1577.0
1072150 1575.2
1072160 1574.0
1072170 1574.0
1072180 1573.3
1072190 1571.4
1072200 1571.4
1072210 1569.9
1072220 1568.9
1072230 1568.9
1072240 1568.7
1072250 1569.6
1072260 1569.6
1072270 1568.8
1072280 1568.2
1072290 1568.2
1072300 1567.5
1072310 1567.0
1072320 1565.2
1072330 1565.2
1072340 1563.8
1072350 1562.3
1072360 1562.3
1072370 1560.3
1072380 1558.9
1072390 1558.9
1072400 1558.6
1072410 1558.9
1072420 1558.9
1072430 1559.9
1072440 1559.8
1072450 1559.8
1072460 1560.5
1072470 1561.7
1072480 1561.7
1072490 1562.4
1072500 1562.9
1072510 1562.9
1072520 1564.8
1072530 1566.5
1072540 1566.5
1072550 1567.8
1072560 1574.3
1072570 1575.7
1072580 1575.7
1072590 1577.0
1072600 1579.5
1072610 1579.5
1072620 1580.2
1072630 1580.1
1072640 1580.1
1072650 1587.1
1072660 1596.2
1072670 1596.2
1072680 1604.5
1072690 1609.1
1072700 1609.1
1072710 1614.8
1072720 1615.4
1072730 1615.4
1072740 1613.9
1072750 1619.2
1072760 1619.2
1072770 1616.2
1072780 1611.8
1072790 1611.8
1072800 1618.7
1072810 1634.4
1072820 1641.2
1072830 1641.2
1072840 1645.7
1072850 1646.2
1072860 1646.2
1072870 1655.6
1072880 1660.3
1072890 1660.3
1072900 1663.2
1072910 1667.5
1072920 1667.5
1072930 1675.5
1072940 1687.7
1072950 1687.7
1072960 1704.5
1072970 1711.3
1072980 1711.3
1072990 1715.8
1073000 1718.9
1073010 1718.9
1073020 1721.4
1073030 1723.8
1073040 1723.8
1073050 1726.0
1073060 1727.8
1073070 1728.3
1073080 1728.3
1073090 1731.5
1073100 1732.5
1073110 1732.5
1073120 1733.7
1073130 1735.3
1073140 1735.3
1073150 1737.0
1073160 1738.3
1073170 1738.3
1073180 1748.4
1073190 1749.5
1073200 1749.5
1073210 1751.6
1073220 1753.7
1073230 1753.7
1073240 1754.6
1073250 1756.1
1073260 1756.1
1073270 1756.8
1073280 1758.3
1073290 1758.3
1073300 1754.9
1073310 1754.9
1073320 1762.8
1073330 1762.8
1073340 1764.8
1073350 1765.0
1073360 1765.0
1073370 1765.3
1073380 1767.9
1073390 1767.9
1073400 1774.3
1073410 1776.4
1073420 1776.4
1073430 1785.9
1073440 1790.5
1073450 1790.5
1073460 1792.1
1073470 1798.6
1073480 1798.6
1073490 1797.1
1073500 1783.1
1073510 1783.1
1073520 1769.3
1073530 1761.2
1073540 1761.2
1073550 1753.8
1073560 1746.9
1073570 1741.9
1073580 1741.9
1073590 1735.8
1073600 1739.8
1073610 1739.8
1073620 1735.7
1073630 1722.5
1073640 1722.5
1073650 1716.8
1073660 1713.7
1073670 1713.7
1073680 1710.0
1073690 1707.4
1073700 1707.4
1073710 1707.6
1073720 1713.2
1073730 1713.2
1073740 1712.1
1073750 1708.0
1073760 1708.0
1073770 1704.1
1073780 1699.8
1073790 1699.8
1073800 1689.1
1073810 1686.0
1073820 1680.2
1073830 1680.2
1073840 1674.1
1073850 1668.9
1073860 1668.9
1073870 1666.3
1073880 1662.0
1073890 1662.0
1073900 1658.3
1073910 1653.9
1073920 1653.9
1073930 1649.1
1073940 1643.7
1073950 1643.7
1073960 1637.5
1073970 1632.0
1073980 1632.0
1073990 1626.9
1074000 1621.7
1074010 1621.7
1074020 1616.8
1074030 1612.1
1074040 1608.6
1074050 1608.6
1074060 1605.5
1074070 1598.1
1074080 1598.1
1074090 1593.9
1074100 1591.1
1074110 1586.8
1074120 1582.8
1074130 1579.6
1074140 1579.6
1074150 1576.9
1074160 1573.8
1074170 1573.8
1074180 1570.6
1074190 1567.5
1074200 1567.5
1074210 1565.8
1074220 1564.9
1074230 1564.9
1074240 1564.1
1074250 1563.9
1074260 1563.9
1074270 1565.4
1074280 1569.4
1074290 1574.3
1074300 1574.3
1074310 1579.2
1074320 1583.0
1074330 1583.0
1074340 1584.0
1074350 1583.2
1074360 1583.2
1074370 1582.7
1074380 1582.1
1074390 1582.1
1074400 1582.6
1074410 1584.7
1074420 1587.0
1074430 1586.5
1074440 1582.5
1074450 1582.5
1074460 1578.7
1074470 1574.3
1074480 1574.3
1074490 1570.0
1074500 1563.8
1074510 1563.8
1074520 1557.2
1074530 1549.8
1074540 1542.2
1074550 1542.2
1074560 1538.0
1074570 1531.4
1074580 1531.4
1074590 1523.2
1074600 1518.1
1074610 1518.1
1074620 1512.2
1074630 1505.2
1074640 1505.2
1074650 1500.8
1074660 1497.9
1074670 1497.9
1074680 1494.4
1074690 1489.8
1074700 1489.8
1074710 1483.6
1074720 1476.9
1074730 1469.3
1074740 1461.2
1074750 1455.5
1074760 1455.5
1074770 1448.5
1074780 1445.2
1074790 1442.7
1074800 1442.7
1074810 1441.5
1074820 1439.6
1074830 1439.6
1074840 1437.1
1074850 1436.9
1074860 1436.9
1074870 1437.4
1074880 1436.5
1074890 1436.5
1074900 1433.5
1074910 1430.0
1074920 1430.0
1074930 1426.2
1074940 1424.3
1074950 1424.3
1074960 1424.7
1074970 1423.1
1074980 1423.1
1074990 1419.0
1075000 1416.3
1075010 1416.3
1075020 1414.1
1075030 1411.2
1075040 1403.6
1075050 1403.6
1075060 1400.9
1075070 1398.1
1075080 1398.1
1075090 1395.2
1075100 1390.9
1075110 1390.9
1075120 1386.4
1075130 1383.4
1075140 1383.4
1075150 1381.4
1075160 1382.8
1075170 1382.8
1075180 1391.5
1075190 1397.5
1075200 1397.5
1075210 1398.3
1075220 1394.4
1075230 1394.4
1075240 1386.7
1075250 1380.3
1075260 1380.3
1075270 1379.7
1075280 1385.2
1075290 1383.3
1075300 1383.3
1075310 1381.0
1075320 1379.6
1075330 1379.6
1075340 1382.4
1075350 1391.7
1075360 1391.7
1075370 1393.4
1075380 1395.0
1075390 1395.0
1075400 1396.3
1075410 1399.4
1075420 1399.4
1075430 1399.5
1075440 1398.7
1075450 1398.7
1075460 1398.0
1075470 1396.5
1075480 1396.5
1075490 1398.5
1075500 1400.9
1075510 1400.9
1075520 1400.1
1075530 1397.5
1075540 1397.8
1075550 1397.8
1075560 1399.3
1075570 1402.6
1075580 1402.6
1075590 1405.4
1075600 1407.7
1075610 1407.7
1075620 1411.1
1075630 1413.3
1075640 1413.3
1075650 1413.8
1075660 1420.0
1075670 1420.0
1075680 1419.1
1075690 1416.2
1075700 1416.2
1075710 1414.4
1075720 1415.1
1075730 1415.1
1075740 1417.8
1075750 1420.1
1075760 1420.1
1075770 1422.9
1075780 1424.0
1075790 1419.8
1075800 1419.8
1075810 1414.8
1075820 1410.5
1075830 1410.5
1075840 1408.0
1075850 1407.8
1075860 1407.8
1075870 1409.5
1075880 1409.3
1075890 1409.3
1075900 1410.3
1075910 1414.3
1075920 1414.3
1075930 1416.9
1075940 1420.0
1075950 1420.0
1075960 1423.5
1075970 1433.8
1075980 1433.8
1075990 1435.3
1076000 1434.2
1076010 1433.6
1076020 1433.6
1076030 1431.4
1076040 1431.1
1076050 1431.1
1076060 1434.4
1076070 1439.9
1076080 1439.9
1076090 1444.9
1076100 1446.6
1076110 1446.6
1076120 1443.3
1076130 1438.1
1076140 1438.1
1076150 1436.4
1076160 1435.4
1076170 1435.4
1076180 1433.2
1076190 1430.9
1076200 1430.9
1076210 1428.4
1076220 1424.7
1076230 1424.7
1076240 1422.8
1076250 1423.3
1076260 1424.5
1076270 1424.5
1076280 1431.1
1076290 1432.6
1076300 1432.6
1076310 1432.4
1076320 1427.2
1076330 1427.2
1076340 1420.4
1076350 1414.4
1076360 1414.4
1076370 1409.2
1076380 1406.6
1076390 1406.6
1076400 1405.7
1076410 1403.5
1076420 1403.5
1076430 1401.2
1076440 1397.8
1076450 1397.8
1076460 1393.0
1076470 1388.0
1076480 1388.0
1076490 1383.3
1076500 1380.9
1076510 1382.4
1076520 1382.4
1076530 1384.6
1076540 1385.7
1076550 1385.7
1076560 1387.8
1076570 1388.7
1076580 1388.7
1076590 1394.9
1076600 1392.3
1076610 1392.3
1076620 1390.1
1076630 1392.0
1076640 1392.0
1076650 1393.0
1076660 1390.6
1076670 1390.6
1076680 1386.5
1076690 1384.6
1076700 1384.6
1076710 1385.6
1076720 1383.0
1076730 1383.0
1076740 1375.2
1076750 1367.3
1076760 1360.0
1076770 1360.0
1076780 1353.7
1076790 1348.2
1076800 1348.2
1076810 1343.5
1076820 1339.2
1076830 1339.2
1076840 1337.6
1076850 1334.0
1076860 1334.0
1076870 1329.7
1076880 1326.7
1076890 1326.7
1076900 1316.8
1076910 1314.7
1076920 1314.7
1076930 1312.5
1076940 1309.4
1076950 1309.4
1076960 1306.5
1076970 1303.4
1076980 1303.4
1076990 1297.1
1077000 1288.2
1077010 1282.7
1077020 1282.7
1077030 1280.5
1077040 1276.4
1077050 1276.4
1077060 1269.1
1077070 1257.0
1077080 1257.0
1077090 1249.5
1077100 1242.1
1077110 1242.1
1077120 1235.2
1077130 1229.7
1077140 1229.7
1077150 1221.5
1077160 1214.9
1077170 1214.9
1077180 1208.8
1077190 1204.3
1077200 1204.3
1077210 1200.3
1077220 1206.0
1077230 1206.0
1077240 1204.9
1077250 1204.1
1077260 1203.8
1077270 1203.8
1077280 1207.4
1077290 1207.8
1077300 1207.8
1077310 1202.5
1077320 1195.2
1077330 1195.2
1077340 1192.0
1077350 1191.0
1077360 1191.0
1077370 1191.1
1077380 1193.4
1077390 1193.4
1077400 1195.5
1077410 1196.3
1077420 1196.3
1077430 1198.2
1077440 1198.0
1077450 1198.0
1077460 1196.0
1077470 1193.6
1077480 1190.5
1077490 1190.5
1077500 1187.8
1077510 1186.4
1077520 1186.4
1077530 1188.7
1077540 1188.2
1077550 1188.2
1077560 1187.8
1077570 1187.6
1077580 1187.6
1077590 1187.5
1077600 1186.4
1077610 1186.4
1077620 1184.1
1077630 1185.3
1077640 1185.3
1077650 1185.9
1077660 1184.1
1077670 1184.1
1077680 1184.9
1077690 1187.7
1077700 1187.7
1077710 1190.4
1077720 1190.5
1077730 1187.6
1077740 1187.6
1077750 1185.5
1077760 1180.5
1077770 1180.5
1077780 1176.7
1077790 1174.0
1077800 1174.0
1077810 1171.2
1077820 1170.2
1077830 1170.2
1077840 1165.2
1077850 1162.4
1077860 1162.4
1077870 1159.2
1077880 1154.6
1077890 1154.6
1077900 1151.3
1077910 1148.0
1077920 1148.0
1077930 1144.2
1077940 1140.7
1077950 1140.7
1077960 1137.5
1077970 1134.6
1077980 1130.2
1077990 1130.2
1078000 1123.2
1078010 1115.7
1078020 1115.7
1078030 1108.6
1078040 1101.2
1078050 1101.2
1078060 1094.9
1078070 1088.3
1078080 1088.3
1078090 1081.6
1078100 1074.7
1078110 1074.7
1078120 1068.1
1078130 1062.6
1078140 1062.6
1078150 1062.4
1078160 1056.6
1078170 1056.6
1078180 1050.4
1078190 1045.6
1078200 1045.6
1078210 1041.8
1078220 1037.3
1078230 1033.3
1078240 1033.3
1078250 1029.0
1078260 1026.1
1078270 1026.1
1078280 1022.8
1078290 1017.9
1078300 1017.9
1078310 1015.7
1078320 1012.7
1078330 1012.7
1078340 1009.7
1078350 1006.2
1078360 1006.2
1078370 1002.7
1078380 999.9
1078390 999.9
1078400 996.9
1078410 993.8
1078420 993.8
1078430 991.3
1078440 988.6
1078450 988.6
1078460 987.0
1078470 982.5
1078480 980.4
1078490 980.4
1078500 978.8
1078510 977.8
1078520 977.8
1078530 976.9
1078540 975.7
1078550 975.7
1078560 975.3
1078570 973.2
1078580 973.2
1078590 970.9
1078600 970.2
1078610 970.2
1078620 970.2
1078630 970.2
1078640 970.2
1078650 968.7
1078660 967.6
1078670 967.6
1078680 966.2
1078690 964.5
1078700 964.5
1078710 960.3
1078720 954.0
1078730 946.9
1078740 946.9
1078750 939.5
1078760 929.4
1078770 929.4
1078780 918.8
1078790 910.8
1078800 910.8
1078810 902.9
1078820 894.4
1078830 894.4
1078840 881.1
1078850 873.3
1078860 873.3
1078870 859.6
1078880 844.4
1078890 844.4
1078900 831.1
1078910 825.0
1078920 825.0
1078930 827.7
1078940 838.4
1078950 838.4
1078960 858.0
1078970 870.4
1078980 877.4
1078990 877.4
1079000 878.6
1079010 878.6
1079020 878.6
1079030 871.7
1079040 869.7
1079050 869.7
1079060 881.9
1079070 889.7
1079080 889.7
1079090 897.4
1079100 904.4
1079110 904.4
1079120 913.5
1079130 921.7
1079140 921.7
1079150 930.8
1079160 942.3
1079170 942.3
1079180 954.9
1079190 959.3
1079200 963.0
1079210 963.0
1079220 967.3
1079230 968.3
1079240 968.3
1079250 969.5
1079260 971.9
1079270 971.9
1079280 974.3
1079290 976.0
1079300 976.0
1079310 980.0
1079320 985.2
1079330 985.2
1079340 988.6
1079350 991.2
1079360 991.2
1079370 994.4
1079380 999.6
1079390 999.6
1079400 1004.7
1079410 1005.8
1079420 1005.8
1079430 1010.2
1079440 1012.3
1079450 1013.8
1079460 1013.8
1079470 1016.4
1079480 1017.6
1079490 1017.6
1079500 1020.2
1079510 1024.1
1079520 1024.1
1079530 1028.2
1079540 1034.2
1079550 1034.2
1079560 1040.7
1079570 1045.6
1079580 1045.6
1079590 1048.4
1079600 1050.8
1079610 1050.8
1079620 1054.4
1079630 1059.7
1079640 1059.7
1079650 1063.0
1079660 1066.1
1079670 1066.1
1079680 1069.5
1079690 1072.7
1079700 1076.8
1079710 1076.8
1079720 1072.4
1079730 1074.3
1079740 1074.3
1079750 1075.1
1079760 1076.2
1079770 1076.2
1079780 1077.7
1079790 1079.6
1079800 1079.6
1079810 1082.2
1079820 1084.8
1079830 1084.8
1079840 1087.9
1079850 1089.9
1079860 1089.9
1079870 1090.8
1079880 1092.0
1079890 1092.0
1079900 1092.3
1079910 1091.4
1079920 1091.4
1079930 1093.8
1079940 1099.3
1079950 1106.5
1079960 1106.5
1079970 1110.7
1079980 1113.2
1079990 1113.2
