1068660 1688.1
1068670 1688.1
1068680 1693.6
1068690 1702.3
1068700 1706.6
1068710 1706.6
1068720 1714.0
1068730 1721.5
1068740 1721.5
1068750 1728.5
1068760 1735.2
1068770 1735.2
1068780 1741.7
1068790 1746.9
1068800 1746.9
1068810 1751.5
1068820 1757.2
1068830 1757.2
1068840 1765.8
1068850 1773.3
1068860 1773.3
1068870 1780.4
1068880 1787.6
1068890 1787.6
1068900 1794.4
1068910 1801.1
1068920 1801.1
1068930 1808.5
1068940 1815.7
1068950 1823.9
1068960 1823.9
1068970 1830.0
1068980 1835.8
1068990 1840.4
1069000 1843.9
1069010 1828.4
1069020 1828.4
1069030 1804.8
1069040 1792.3
1069050 1792.3
1069060 1781.0
1069070 1769.2
1069080 1769.2
1069090 1757.0
1069100 1738.6
1069110 1738.6
1069120 1730.1
1069130 1721.8
1069140 1721.8
1069150 1713.0
1069160 1706.0
1069170 1706.0
1069180 1701.8
1069190 1698.9
1069200 1693.0
1069210 1693.0
1069220 1686.4
1069230 1680.8
1069240 1680.8
1069250 1679.0
1069260 1674.2
1069270 1674.2
1069280 1669.8
1069290 1665.0
1069300 1669.7
1069310 1664.7
1069320 1660.0
1069330 1660.0
1069340 1655.7
1069350 1651.2
1069360 1651.2
1069370 1647.3
1069380 1645.0
1069390 1645.0
1069400 1642.8
1069410 1640.4
1069420 1640.4
1069430 1637.3
1069440 1633.7
1069450 1630.8
1069460 1630.8
1069470 1628.5
1069480 1626.4
1069490 1626.4
1069500 1624.9
1069510 1622.5
1069520 1622.5
1069530 1620.0
1069540 1619.4
1069550 1619.4
1069560 1619.4
1069570 1619.1
1069580 1619.1
1069590 1620.7
1069600 1622.8
1069610 1628.9
1069620 1630.8
1069630 1631.0
1069640 1631.0
1069650 1630.6
1069660 1628.6
1069670 1628.6
1069680 1627.2
1069690 1627.1
1069700 1627.5
1069710 1627.5
1069720 1628.5
1069730 1631.3
1069740 1631.3
1069750 1634.6
1069760 1638.2
1069770 1638.2
1069780 1642.0
1069790 1646.2
1069800 1646.2
1069810 1650.1
1069820 1654.3
1069830 1654.3
1069840 1659.3
1069850 1664.3
1069860 1664.3
1069870 1669.2
1069880 1674.1
1069890 1674.1
1069900 1678.5
1069910 1685.2
1069920 1685.2
1069930 1689.8
1069940 1694.6
1069950 1699.7
1069960 1699.7
1069970 1704.8
1069980 1709.8
1069990 1709.8
1070000 1714.9
1070010 1720.0
1070020 1720.0
1070030 1725.3
1070040 1729.9
1070050 1729.9
1070060 1734.3
1070070 1738.7
1070080 1738.7
1070090 1743.3
1070100 1747.7
1070110 1747.7
1070120 1752.0
1070130 1755.6
1070140 1755.6
1070150 1761.2
1070160 1769.0
1070170 1781.0
1070180 1781.0
1070190 1791.6
1070200 1800.1
1070210 1800.1
1070220 1806.8
1070230 1814.2
1070240 1814.2
1070250 1820.9
1070260 1827.3
1070270 1827.3
1070280 1831.9
1070290 1837.2
1070300 1837.2
1070310 1841.5
1070320 1847.3
1070330 1847.3
1070340 1853.2
1070350 1860.4
1070360 1860.4
1070370 1868.7
1070380 1876.7
1070390 1876.7
1070400 1885.0
1070410 1893.5
1070420 1902.1
1070430 1902.1
1070440 1910.9
1070450 1919.4
1070460 1919.4
1070470 1930.9
1070480 1938.2
1070490 1938.2
1070500 1947.5
1070510 1954.7
1070520 1954.7
1070530 1964.4
1070540 1978.0
1070550 1978.0
1070560 1986.3
1070570 1994.0
1070580 1994.0
1070590 1999.4
1070600 2005.3
1070610 2005.3
1070620 2012.4
1070630 2019.3
1070640 2019.3
1070650 2026.2
1070660 2033.2
1070670 2039.5
1070680 2039.5
1070690 2046.3
1070700 2052.5
1070710 2052.5
1070720 2058.5
1070730 2065.8
1070740 2065.8
1070750 2074.4
1070760 2082.9
1070770 2082.9
1070780 2090.7
1070790 2098.9
1070800 2098.9
1070810 2107.1
1070820 2114.0
1070830 2109.2
1070840 2115.1
1070850 2117.1
1070860 2117.1
1070870 2105.3
1070880 2093.4
1070890 2093.4
1070900 2091.6
1070910 2076.6
1070920 2063.5
1070930 2063.5
1070940 2054.1
1070950 2043.5
1070960 2043.5
1070970 2037.5
1070980 2031.0
1070990 2031.0
1071000 2022.8
1071010 2017.2
1071020 2017.2
1071030 2000.6
1071040 1978.4
1071050 1978.4
1071060 1962.2
1071070 1950.9
1071080 1950.9
1071090 1953.4
1071100 1955.6
1071110 1955.6
1071120 1957.1
1071130 1967.4
1071140 1976.6
1071150 1980.7
1071160 1976.8
1071170 1970.0
1071180 1970.0
1071190 1957.8
1071200 1951.5
1071210 1951.5
1071220 1916.7
1071230 1877.2
1071240 1877.2
1071250 1863.3
1071260 1857.4
1071270 1857.4
1071280 1853.0
1071290 1849.3
1071300 1849.3
1071310 1845.3
1071320 1840.2
1071330 1840.2
1071340 1835.4
1071350 1830.3
1071360 1830.3
1071370 1824.5
1071380 1819.3
1071390 1819.3
1071400 1814.3
1071410 1808.8
1071420 1803.8
1071430 1803.8
1071440 1798.8
1071450 1798.9
1071460 1798.9
1071470 1794.7
1071480 1790.0
1071490 1790.0
1071500 1784.6
1071510 1779.4
1071520 1779.4
1071530 1774.7
1071540 1769.6
1071550 1769.6
1071560 1764.3
1071570 1758.6
1071580 1758.6
1071590 1753.2
1071600 1748.5
1071610 1748.5
1071620 1744.0
1071630 1739.3
1071640 1734.5
1071650 1734.5
1071660 1730.0
1071670 1725.6
1071680 1725.6
1071690 1721.3
1071700 1718.0
1071710 1718.0
1071720 1714.4
1071730 1710.0
1071740 1710.0
1071750 1705.9
1071760 1702.4
1071770 1702.4
1071780 1698.1
1071790 1693.9
1071800 1693.9
1071810 1689.5
1071820 1685.3
1071830 1685.3
1071840 1681.8
1071850 1678.2
1071860 1678.2
1071870 1674.7
1071880 1671.1
1071890 1670.0
1071900 1670.0
1071910 1671.6
1071920 1673.1
1071930 1673.1
1071940 1674.3
1071950 1671.7
1071960 1671.7
1071970 1665.8
1071980 1660.8
1071990 1660.8
1072000 1658.9
1072010 1658.0
1072020 1658.0
1072030 1656.7
1072040 1656.6
1072050 1656.6
1072060 1660.7
1072070 1660.9
1072080 1660.9
1072090 1660.2
1072100 1659.8
1072110 1659.8
1072120 1660.6
1072130 1663.3
1072140 1665.4
1072150 1665.4
1072160 1668.3
1072170 1670.9
1072180 1670.9
1072190 1672.6
1072200 1675.0
1072210 1675.0
1072220 1679.6
1072230 1684.3
1072240 1684.3
1072250 1687.4
1072260 1690.8
1072270 1690.8
1072280 1695.2
1072290 1699.4
1072300 1699.4
1072310 1703.6
1072320 1708.5
1072330 1708.5
1072340 1713.5
1072350 1717.7
1072360 1717.7
1072370 1726.4
1072380 1732.3
1072390 1738.1
1072400 1738.1
1072410 1744.2
1072420 1751.8
1072430 1751.8
1072440 1759.8
1072450 1769.9
1072460 1769.9
1072470 1778.1
1072480 1784.7
1072490 1784.7
1072500 1790.9
1072510 1797.4
1072520 1797.4
1072530 1803.5
1072540 1809.7
1072550 1809.7
1072560 1815.3
1072570 1818.9
1072580 1818.9
1072590 1821.1
1072600 1824.4
1072610 1824.4
1072620 1828.2
1072630 1831.2
1072640 1834.6
1072650 1834.6
1072660 1836.4
1072670 1835.2
1072680 1829.9
1072690 1824.4
1072700 1819.2
1072710 1819.2
1072720 1811.4
1072730 1804.7
1072740 1804.7
1072750 1800.0
1072760 1795.6
1072770 1795.6
1072780 1794.1
1072790 1796.3
1072800 1796.3
1072810 1787.9
1072820 1782.3
1072830 1782.3
1072840 1775.0
1072850 1770.1
1072860 1770.1
1072870 1766.8
1072880 1769.0
1072890 1774.8
1072900 1774.8
1072910 1775.1
1072920 1771.9
1072930 1771.9
1072940 1769.6
1072950 1764.8
1072960 1764.8
1072970 1757.4
1072980 1750.1
1072990 1744.9
1073000 1739.0
1073010 1733.4
1073020 1733.4
1073030 1728.1
1073040 1724.0
1073050 1724.0
1073060 1718.2
1073070 1711.1
1073080 1711.1
1073090 1705.1
1073100 1701.4
1073110 1701.4
1073120 1696.9
1073130 1692.6
1073140 1687.5
1073150 1687.5
1073160 1682.5
1073170 1677.9
1073180 1677.9
1073190 1673.8
1073200 1669.5
1073210 1669.5
1073220 1664.4
1073230 1659.5
1073240 1659.5
1073250 1655.4
1073260 1649.7
1073270 1649.7
1073280 1643.5
1073290 1636.5
1073300 1639.6
1073310 1634.0
1073320 1623.6
1073330 1623.6
1073340 1615.0
1073350 1607.1
1073360 1604.4
1073370 1604.4
1073380 1607.8
1073390 1608.8
1073400 1608.8
1073410 1606.1
1073420 1601.7
1073430 1601.7
1073440 1597.4
1073450 1593.8
1073460 1593.8
1073470 1591.1
1073480 1589.4
1073490 1589.4
1073500 1585.5
1073510 1583.4
1073520 1583.4
1073530 1581.5
1073540 1580.1
1073550 1580.1
1073560 1577.2
1073570 1570.5
1073580 1570.5
1073590 1566.9
1073600 1568.5
1073610 1563.8
1073620 1563.8
1073630 1564.4
1073640 1563.0
1073650 1563.0
1073660 1559.6
1073670 1556.1
1073680 1556.1
1073690 1553.3
1073700 1549.8
1073710 1549.8
1073720 1545.7
1073730 1541.4
1073740 1541.4
1073750 1541.1
1073760 1540.6
1073770 1540.6
1073780 1539.4
1073790 1538.5
1073800 1538.5
1073810 1538.6
1073820 1539.3
1073830 1539.3
1073840 1538.7
1073850 1536.1
1073860 1529.6
1073870 1529.6
1073880 1523.5
1073890 1520.8
1073900 1520.8
1073910 1521.1
1073920 1515.4
1073930 1515.4
1073940 1516.0
1073950 1515.2
1073960 1515.2
1073970 1511.9
1073980 1511.5
1073990 1511.5
1074000 1510.7
1074010 1508.8
1074020 1508.8
1074030 1506.4
1074040 1501.7
1074050 1501.7
1074060 1497.7
1074070 1494.0
1074080 1494.0
1074090 1492.3
1074100 1490.3
1074110 1490.9
1074120 1490.9
1074130 1487.6
1074140 1486.2
1074150 1486.2
1074160 1485.2
1074170 1483.3
1074180 1483.3
1074190 1480.6
1074200 1479.8
1074210 1479.8
1074220 1478.9
1074230 1478.0
1074240 1478.0
1074250 1476.1
1074260 1472.7
1074270 1472.7
1074280 1470.5
1074290 1469.3
1074300 1469.3
1074310 1467.6
1074320 1465.5
1074330 1465.5
1074340 1463.5
1074350 1461.4
1074360 1461.1
1074370 1461.1
1074380 1460.0
1074390 1458.2
1074400 1458.2
1074410 1456.6
1074420 1454.7
1074430 1454.7
1074440 1452.8
1074450 1451.2
1074460 1451.2
1074470 1450.2
1074480 1448.5
1074490 1448.5
1074500 1444.3
1074510 1441.9
1074520 1441.9
1074530 1440.3
1074540 1437.0
1074550 1437.0
1074560 1435.0
1074570 1435.8
1074580 1435.8
1074590 1433.8
1074600 1432.4
1074610 1431.4
1074620 1431.4
1074630 1430.2
1074640 1427.4
1074650 1427.4
1074660 1420.1
1074670 1413.8
1074680 1413.8
1074690 1410.4
1074700 1407.2
1074710 1407.2
1074720 1405.6
1074730 1404.7
1074740 1404.7
1074750 1405.3
1074760 1407.4
1074770 1407.4
1074780 1409.0
1074790 1413.1
1074800 1413.1
1074810 1418.7
1074820 1422.2
1074830 1424.2
1074840 1424.2
1074850 1435.6
1074860 1439.9
1074870 1439.9
1074880 1444.0
1074890 1447.9
1074900 1447.9
1074910 1450.8
1074920 1452.2
1074930 1452.2
1074940 1452.6
1074950 1452.8
1074960 1452.8
1074970 1453.0
1074980 1455.8
1074990 1455.8
1075000 1458.2
1075010 1460.7
1075020 1460.7
1075030 1463.3
1075040 1465.1
1075050 1465.1
1075060 1466.8
1075070 1468.8
1075080 1471.3
1075090 1471.3
1075100 1474.4
1075110 1477.6
1075120 1477.6
1075130 1480.5
1075140 1483.5
1075150 1483.5
1075160 1489.4
1075170 1490.7
1075180 1490.7
1075190 1491.0
1075200 1487.4
1075210 1487.4
1075220 1486.2
1075230 1491.9
1075240 1491.9
1075250 1498.3
1075260 1503.3
1075270 1503.3
1075280 1508.4
1075290 1512.6
1075300 1512.6
1075310 1517.1
1075320 1521.9
1075330 1525.3
1075340 1525.3
1075350 1527.6
1075360 1527.6
1075370 1527.6
1075380 1525.3
1075390 1525.5
1075400 1525.5
1075410 1523.3
1075420 1523.3
1075430 1523.3
1075440 1530.2
1075450 1537.3
1075460 1537.3
1075470 1545.6
1075480 1552.1
1075490 1552.1
1075500 1555.5
1075510 1557.6
1075520 1557.6
1075530 1559.5
1075540 1561.1
1075550 1561.1
1075560 1563.9
1075570 1566.2
1075580 1568.1
1075590 1568.1
1075600 1569.7
1075610 1573.5
1075620 1573.5
1075630 1576.4
1075640 1578.7
1075650 1578.7
1075660 1581.0
1075670 1583.1
1075680 1583.1
1075690 1584.5
1075700 1585.8
1075710 1585.8
1075720 1587.0
1075730 1587.0
1075740 1587.0
1075750 1586.8
1075760 1589.5
1075770 1589.5
1075780 1595.2
1075790 1596.6
1075800 1596.6
1075810 1599.7
1075820 1603.9
1075830 1607.4
1075840 1607.4
1075850 1610.2
1075860 1612.7
1075870 1612.7
1075880 1614.8
1075890 1616.7
1075900 1616.7
1075910 1618.4
1075920 1619.1
1075930 1619.1
1075940 1619.5
1075950 1619.6
1075960 1619.6
1075970 1619.2
1075980 1618.4
1075990 1618.4
1076000 1617.4
1076010 1615.9
1076020 1615.9
1076030 1613.7
1076040 1610.4
1076050 1610.4
1076060 1605.6
1076070 1598.2
1076080 1591.5
1076090 1595.8
1076100 1593.7
1076110 1595.4
1076120 1595.4
1076130 1598.0
1076140 1600.2
1076150 1600.2
1076160 1602.0
1076170 1602.7
1076180 1602.7
1076190 1602.0
1076200 1600.4
1076210 1600.4
1076220 1602.0
1076230 1605.5
1076240 1605.5
1076250 1607.9
1076260 1608.6
1076270 1608.6
1076280 1607.4
1076290 1604.6
1076300 1601.1
1076310 1601.1
1076320 1596.5
1076330 1592.1
1076340 1592.1
1076350 1588.2
1076360 1585.6
1076370 1585.6
1076380 1579.9
1076390 1574.5
1076400 1580.2
1076410 1571.1
1076420 1562.6
1076430 1562.6
1076440 1555.7
1076450 1550.3
1076460 1550.3
1076470 1546.2
1076480 1542.9
1076490 1542.9
1076500 1540.1
1076510 1538.7
1076520 1538.7
1076530 1537.0
1076540 1534.8
1076550 1532.0
1076560 1532.0
1076570 1527.5
1076580 1523.1
1076590 1523.1
1076600 1518.6
1076610 1512.7
1076620 1512.7
1076630 1505.1
1076640 1497.5
1076650 1497.5
1076660 1490.4
1076670 1485.8
1076680 1485.8
1076690 1482.3
1076700 1478.9
1076710 1486.3
1076720 1483.4
1076730 1478.9
1076740 1478.9
1076750 1473.5
1076760 1468.4
1076770 1468.4
1076780 1463.7
1076790 1458.1
1076800 1452.5
1076810 1452.5
1076820 1449.2
1076830 1447.4
1076840 1447.4
1076850 1446.6
1076860 1448.9
1076870 1448.9
1076880 1449.2
1076890 1444.8
1076900 1444.8
1076910 1440.1
1076920 1435.4
1076930 1435.4
1076940 1430.9
1076950 1426.9
1076960 1426.9
1076970 1423.7
1076980 1422.9
1076990 1422.9
1077000 1422.0
1077010 1422.5
1077020 1430.0
1077030 1433.0
1077040 1435.6
1077050 1438.1
1077060 1438.1
1077070 1439.0
1077080 1440.7
1077090 1440.7
1077100 1444.4
1077110 1447.5
1077120 1447.5
1077130 1448.1
1077140 1452.2
1077150 1452.2
1077160 1459.7
1077170 1465.6
1077180 1465.6
1077190 1467.6
1077200 1468.4
1077210 1468.4
1077220 1470.9
1077230 1472.0
1077240 1472.0
1077250 1471.6
1077260 1471.4
1077270 1471.4
1077280 1470.6
1077290 1469.3
1077300 1468.0
1077310 1468.0
1077320 1465.7
1077330 1462.2
1077340 1469.8
1077350 1466.1
1077360 1460.9
1077370 1460.9
1077380 1456.2
1077390 1453.2
1077400 1453.2
1077410 1450.8
1077420 1447.1
1077430 1447.1
1077440 1442.2
1077450 1438.7
1077460 1438.7
1077470 1436.1
1077480 1431.6
1077490 1431.6
1077500 1426.8
1077510 1418.3
1077520 1418.3
1077530 1402.5
1077540 1396.1
1077550 1390.3
1077560 1390.3
1077570 1385.4
1077580 1384.3
1077590 1384.3
1077600 1384.2
1077610 1379.7
1077620 1379.7
1077630 1373.5
1077640 1362.2
1077650 1369.9
1077660 1367.5
1077670 1357.2
1077680 1357.2
1077690 1335.8
1077700 1324.3
1077710 1324.3
1077720 1317.3
1077730 1307.2
1077740 1307.2
1077750 1296.3
1077760 1285.9
1077770 1277.3
1077780 1277.3
1077790 1269.3
1077800 1262.7
1077810 1262.7
1077820 1258.9
1077830 1258.6
1077840 1258.6
1077850 1258.3
1077860 1253.9
1077870 1253.9
1077880 1247.6
1077890 1242.1
1077900 1242.1
1077910 1237.7
1077920 1232.6
1077930 1232.6
1077940 1229.3
1077950 1225.2
1077960 1230.0
1077970 1224.6
1077980 1219.3
1077990 1219.3
1078000 1213.9
1078010 1208.3
1078020 1203.0
1078030 1203.0
1078040 1197.1
1078050 1191.9
1078060 1191.9
1078070 1185.9
1078080 1179.8
1078090 1179.8
1078100 1173.6
1078110 1166.8
1078120 1166.8
1078130 1160.2
1078140 1154.7
1078150 1154.7
1078160 1149.0
1078170 1142.7
1078180 1142.7
1078190 1135.9
1078200 1129.4
1078210 1129.4
1078220 1123.9
1078230 1118.5
1078240 1118.5
1078250 1113.8
1078260 1110.9
1078270 1111.3
1078280 1111.3
1078290 1107.3
1078300 1105.3
1078310 1105.3
1078320 1106.0
1078330 1103.6
1078340 1103.6
1078350 1098.1
1078360 1095.7
1078370 1095.7
1078380 1093.8
1078390 1088.2
1078400 1088.2
1078410 1083.7
1078420 1079.5
1078430 1079.5
1078440 1075.2
1078450 1074.6
1078460 1074.6
1078470 1073.4
1078480 1069.4
1078490 1069.4
1078500 1062.0
1078510 1054.0
1078520 1048.2
1078530 1048.2
1078540 1043.4
1078550 1040.4
1078560 1040.4
1078570 1038.8
1078580 1035.5
1078590 1041.5
1078600 1037.8
1078610 1039.2
1078620 1039.2
1078630 1041.6
1078640 1043.6
1078650 1043.6
1078660 1041.0
1078670 1036.1
1078680 1036.1
1078690 1034.5
1078700 1035.9
1078710 1035.9
1078720 1036.3
1078730 1029.3
1078740 1029.3
1078750 1020.8
1078760 1016.9
1078770 1013.9
1078780 1013.9
1078790 1007.0
1078800 998.9
1078810 998.9
1078820 989.0
1078830 982.7
1078840 982.7
1078850 980.0
1078860 975.1
1078870 975.1
1078880 964.7
1078890 938.6
1078900 936.9
1078910 927.3
1078920 919.0
1078930 919.0
1078940 912.6
1078950 905.2
1078960 905.2
1078970 895.8
1078980 886.1
1078990 886.1
1079000 880.1
1079010 864.0
1079020 871.9
1079030 871.9
1079040 881.9
1079050 893.9
1079060 893.9
1079070 901.1
1079080 910.6
1079090 910.6
1079100 917.8
1079110 928.6
1079120 928.6
1079130 935.8
1079140 952.5
1079150 952.5
1079160 969.4
1079170 977.7
1079180 977.7
1079190 985.5
1079200 992.3
1079210 992.8
1079220 999.5
1079230 1007.3
1079240 1018.6
1079250 1018.6
1079260 1043.4
1079270 1052.2
1079280 1052.2
1079290 1057.7
1079300 1062.2
1079310 1062.2
1079320 1066.7
1079330 1071.3
1079340 1071.3
1079350 1074.9
1079360 1076.3
1079370 1076.3
1079380 1078.1
1079390 1080.6
1079400 1080.6
1079410 1081.0
1079420 1081.6
1079430 1081.6
1079440 1083.3
1079450 1085.6
1079460 1085.6
1079470 1090.4
1079480 1095.1
1079490 1098.8
1079500 1098.8
1079510 1099.7
1079520 1100.3
1079530 1094.7
1079540 1098.5
1079550 1103.1
1079560 1103.1
1079570 1107.4
1079580 1111.8
1079590 1111.8
1079600 1117.2
1079610 1122.7
1079620 1122.7
1079630 1127.7
1079640 1131.1
1079650 1131.1
1079660 1132.5
1079670 1133.6
1079680 1133.6
1079690 1134.8
1079700 1136.2
1079710 1136.2
1079720 1138.0
1079730 1139.7
1079740 1141.6
1079750 1141.6
1079760 1144.1
1079770 1146.3
1079780 1146.3
1079790 1148.4
1079800 1151.0
1079810 1151.0
1079820 1154.1
1079830 1157.2
1079840 1158.0
1079850 1160.7
1079860 1163.9
1079870 1163.9
1079880 1167.6
1079890 1172.4
1079900 1172.4
1079910 1176.8
1079920 1181.1
1079930 1181.1
1079940 1185.3
1079950 1189.3
1079960 1189.3
1079970 1193.9
1079980 1199.0
1079990 1204.0
