1068700 1755.6
1068710 1759.8
1068720 1759.8
1068730 1771.9
1068740 1779.1
1068750 1779.1
1068760 1786.5
1068770 1791.0
1068780 1791.0
1068790 1792.4
1068800 1798.4
1068810 1798.4
1068820 1804.3
1068830 1809.8
1068840 1814.9
1068850 1814.9
1068860 1820.7
1068870 1826.0
1068880 1826.0
1068890 1830.6
1068900 1834.9
1068910 1834.9
1068920 1841.4
1068930 1847.2
1068940 1847.2
1068950 1854.0
1068960 1864.7
1068970 1864.7
1068980 1871.1
1068990 1876.5
1069000 1876.5
1069010 1882.6
1069020 1889.3
1069030 1889.3
1069040 1889.4
1069050 1881.3
1069060 1881.3
1069070 1871.1
1069080 1860.3
1069090 1846.5
1069100 1846.5
1069110 1823.9
1069120 1813.9
1069130 1813.9
1069140 1803.1
1069150 1798.1
1069160 1798.1
1069170 1788.0
1069180 1775.9
1069190 1775.9
1069200 1774.6
1069210 1768.3
1069220 1768.3
1069230 1752.1
1069240 1737.3
1069250 1737.3
1069260 1727.5
1069270 1724.6
1069280 1724.6
1069290 1723.3
1069300 1722.3
1069310 1722.3
1069320 1720.3
1069330 1717.2
1069340 1713.5
1069350 1719.6
1069360 1714.8
1069370 1710.3
1069380 1710.3
1069390 1704.9
1069400 1699.8
1069410 1699.8
1069420 1694.5
1069430 1689.3
1069440 1689.3
1069450 1685.2
1069460 1681.3
1069470 1681.3
1069480 1677.6
1069490 1673.9
1069500 1673.9
1069510 1670.0
1069520 1667.3
1069530 1667.3
1069540 1668.8
1069550 1670.7
1069560 1670.7
1069570 1671.8
1069580 1673.0
1069590 1673.5
1069600 1673.5
1069610 1671.6
1069620 1665.6
1069630 1665.6
1069640 1658.4
1069650 1655.3
1069660 1655.3
1069670 1655.2
1069680 1657.8
1069690 1657.8
1069700 1660.9
1069710 1662.4
1069720 1662.4
1069730 1663.9
1069740 1664.4
1069750 1664.4
1069760 1663.2
1069770 1662.4
1069780 1662.4
1069790 1663.1
1069800 1664.5
1069810 1664.5
1069820 1667.1
1069830 1670.6
1069840 1674.3
1069850 1674.3
1069860 1677.6
1069870 1680.9
1069880 1680.9
1069890 1684.1
1069900 1686.8
1069910 1686.8
1069920 1689.1
1069930 1692.3
1069940 1692.3
1069950 1695.5
1069960 1702.4
1069970 1702.4
1069980 1707.0
1069990 1711.6
1070000 1711.6
1070010 1715.8
1070020 1720.6
1070030 1720.6
1070040 1725.6
1070050 1729.1
1070060 1735.4
1070070 1735.4
1070080 1744.3
1070090 1759.2
1070100 1759.2
1070110 1766.2
1070120 1773.7
1070130 1773.7
1070140 1781.9
1070150 1790.3
1070160 1790.3
1070170 1800.1
1070180 1807.3
1070190 1807.3
1070200 1813.1
1070210 1819.3
1070220 1819.3
1070230 1826.8
1070240 1835.1
1070250 1835.1
1070260 1844.5
1070270 1852.1
1070280 1852.1
1070290 1860.2
1070300 1866.6
1070310 1869.2
1070320 1869.2
1070330 1872.9
1070340 1880.4
1070350 1880.4
1070360 1884.9
1070370 1888.0
1070380 1888.0
1070390 1888.6
1070400 1894.0
1070410 1894.0
1070420 1899.9
1070430 1907.4
1070440 1907.4
1070450 1916.9
1070460 1919.1
1070470 1919.1
1070480 1930.4
1070490 1939.0
1070500 1939.0
1070510 1944.6
1070520 1949.3
1070530 1949.3
1070540 1953.8
1070550 1958.2
1070560 1960.7
1070570 1968.9
1070580 1969.9
1070590 1974.5
1070600 1974.5
1070610 1981.4
1070620 1988.7
1070630 1988.7
1070640 1995.2
1070650 2001.4
1070660 2001.4
1070670 2008.0
1070680 2015.1
1070690 2015.1
1070700 2022.6
1070710 2029.8
1070720 2029.8
1070730 2037.4
1070740 2044.8
1070750 2044.8
1070760 2053.1
1070770 2059.6
1070780 2059.6
1070790 2066.6
1070800 2074.1
1070810 2081.4
1070820 2081.4
1070830 2088.2
1070840 2093.5
1070850 2093.5
1070860 2104.3
1070870 2112.0
1070880 2108.4
1070890 2115.2
1070900 2121.2
1070910 2121.2
1070920 2127.4
1070930 2132.7
1070940 2132.7
1070950 2130.8
1070960 2135.0
1070970 2135.0
1070980 2125.7
1070990 2097.4
1071000 2097.4
1071010 2085.2
1071020 2062.5
1071030 2062.5
1071040 2047.0
1071050 2029.0
1071060 1997.3
1071070 1997.3
1071080 1977.6
1071090 1970.5
1071100 1970.5
1071110 1962.9
1071120 1956.2
1071130 1956.2
1071140 1950.2
1071150 1943.9
1071160 1943.9
1071170 1937.3
1071180 1930.8
1071190 1930.0
1071200 1924.0
1071210 1918.0
1071220 1918.0
1071230 1912.6
1071240 1907.0
1071250 1907.0
1071260 1901.5
1071270 1895.7
1071280 1895.7
1071290 1889.5
1071300 1883.2
1071310 1876.9
1071320 1876.9
1071330 1870.6
1071340 1864.5
1071350 1864.5
1071360 1858.6
1071370 1852.5
1071380 1852.5
1071390 1846.3
1071400 1840.2
1071410 1840.2
1071420 1834.2
1071430 1829.0
1071440 1829.0
1071450 1823.6
1071460 1818.7
1071470 1818.7
1071480 1814.2
1071490 1812.1
1071500 1812.1
1071510 1807.3
1071520 1802.3
1071530 1802.3
1071540 1797.3
1071550 1792.3
1071560 1787.4
1071570 1787.4
1071580 1781.8
1071590 1776.3
1071600 1776.3
1071610 1771.2
1071620 1766.1
1071630 1766.1
1071640 1761.7
1071650 1756.2
1071660 1756.2
1071670 1750.8
1071680 1745.5
1071690 1745.5
1071700 1740.5
1071710 1735.7
1071720 1735.7
1071730 1731.2
1071740 1726.4
1071750 1726.4
1071760 1721.2
1071770 1716.8
1071780 1712.4
1071790 1712.4
1071800 1710.4
1071810 1706.5
1071820 1706.5
1071830 1702.9
1071840 1701.0
1071850 1701.0
1071860 1701.0
1071870 1701.6
1071880 1701.6
1071890 1702.3
1071900 1702.6
1071910 1702.6
1071920 1703.3
1071930 1703.9
1071940 1703.9
1071950 1705.7
1071960 1706.0
1071970 1706.0
1071980 1704.7
1071990 1704.4
1072000 1704.4
1072010 1704.7
1072020 1707.2
1072030 1709.0
1072040 1709.0
1072050 1710.3
1072060 1710.7
1072070 1710.7
1072080 1710.5
1072090 1713.4
1072100 1713.4
1072110 1722.5
1072120 1725.8
1072130 1725.8
1072140 1730.5
1072150 1735.1
1072160 1735.1
1072170 1742.2
1072180 1747.8
1072190 1747.8
1072200 1749.0
1072210 1749.2
1072220 1749.2
1072230 1750.0
1072240 1751.1
1072250 1751.1
1072260 1750.5
1072270 1752.9
1072280 1752.6
1072290 1752.6
1072300 1756.4
1072310 1770.1
1072320 1770.1
1072330 1774.0
1072340 1778.3
1072350 1778.3
1072360 1782.1
1072370 1787.5
1072380 1787.5
1072390 1790.7
1072400 1795.7
1072410 1795.7
1072420 1806.0
1072430 1810.0
1072440 1810.0
1072450 1811.9
1072460 1814.7
1072470 1814.7
1072480 1818.0
1072490 1823.4
1072500 1823.4
1072510 1832.7
1072520 1839.8
1072530 1845.6
1072540 1845.6
1072550 1856.5
1072560 1860.9
1072570 1860.9
1072580 1859.0
1072590 1848.3
1072600 1848.3
1072610 1842.2
1072620 1831.7
1072630 1831.7
1072640 1823.9
1072650 1815.4
1072660 1815.4
1072670 1808.1
1072680 1803.6
1072690 1803.6
1072700 1799.2
1072710 1794.8
1072720 1794.8
1072730 1787.4
1072740 1778.0
1072750 1778.0
1072760 1766.3
1072770 1758.6
1072780 1751.4
1072790 1751.4
1072800 1743.6
1072810 1737.2
1072820 1737.2
1072830 1731.4
1072840 1725.6
1072850 1725.6
1072860 1719.6
1072870 1714.5
1072880 1714.5
1072890 1710.9
1072900 1708.6
1072910 1708.6
1072920 1709.5
1072930 1716.5
1072940 1716.5
1072950 1718.2
1072960 1716.0
1072970 1716.0
1072980 1710.9
1072990 1703.8
1073000 1703.8
1073010 1696.6
1073020 1690.7
1073030 1682.9
1073040 1682.9
1073050 1679.1
1073060 1675.2
1073070 1675.2
1073080 1671.0
1073090 1666.8
1073100 1666.8
1073110 1662.3
1073120 1658.0
1073130 1658.0
1073140 1654.2
1073150 1650.3
1073160 1650.3
1073170 1645.8
1073180 1641.9
1073190 1641.9
1073200 1638.0
1073210 1634.9
1073220 1634.9
1073230 1631.8
1073240 1628.6
1073250 1624.8
1073260 1624.8
1073270 1620.8
1073280 1617.1
1073290 1617.1
1073300 1613.9
1073310 1609.1
1073320 1609.1
1073330 1604.3
1073340 1598.2
1073350 1598.2
1073360 1594.6
1073370 1591.0
1073380 1591.0
1073390 1588.1
1073400 1584.4
1073410 1584.4
1073420 1580.2
1073430 1576.4
1073440 1576.4
1073450 1571.7
1073460 1567.2
1073470 1567.2
1073480 1563.7
1073490 1560.4
1073500 1560.5
1073510 1560.5
1073520 1560.5
1073530 1555.1
1073540 1555.1
1073550 1555.3
1073560 1556.1
1073570 1556.1
1073580 1553.8
1073590 1551.4
1073600 1551.4
1073610 1549.5
1073620 1546.5
1073630 1546.5
1073640 1543.3
1073650 1539.9
1073660 1539.9
1073670 1537.1
1073680 1534.1
1073690 1534.1
1073700 1530.9
1073710 1527.9
1073720 1527.9
1073730 1525.2
1073740 1522.5
1073750 1519.9
1073760 1519.9
1073770 1517.4
1073780 1514.9
1073790 1514.9
1073800 1512.7
1073810 1510.6
1073820 1510.6
1073830 1508.5
1073840 1506.3
1073850 1506.3
1073860 1504.2
1073870 1502.2
1073880 1502.2
1073890 1500.9
1073900 1498.8
1073910 1498.8
1073920 1496.9
1073930 1495.8
1073940 1495.8
1073950 1494.5
1073960 1491.0
1073970 1491.0
1073980 1489.3
1073990 1487.8
1074000 1486.7
1074010 1486.7
1074020 1486.6
1074030 1485.9
1074040 1485.9
1074050 1484.4
1074060 1482.5
1074070 1482.5
1074080 1480.4
1074090 1478.8
1074100 1478.8
1074110 1478.2
1074120 1477.1
1074130 1477.1
1074140 1474.8
1074150 1473.2
1074160 1473.2
1074170 1471.8
1074180 1470.5
1074190 1470.5
1074200 1468.9
1074210 1467.3
1074220 1467.3
1074230 1465.7
1074240 1463.7
1074250 1462.7
1074260 1462.7
1074270 1459.6
1074280 1458.7
1074290 1458.7
1074300 1456.9
1074310 1455.5
1074320 1455.5
1074330 1455.0
1074340 1454.0
1074350 1454.0
1074360 1452.3
1074370 1448.5
1074380 1448.5
1074390 1440.3
1074400 1432.5
1074410 1432.5
1074420 1426.8
1074430 1422.3
1074440 1422.3
1074450 1419.0
1074460 1417.4
1074470 1417.4
1074480 1416.2
1074490 1416.3
1074500 1417.1
1074510 1417.1
1074520 1419.1
1074530 1418.2
1074540 1418.2
1074550 1417.5
1074560 1419.0
1074570 1419.0
1074580 1428.5
1074590 1431.4
1074600 1431.4
1074610 1435.7
1074620 1432.6
1074630 1432.6
1074640 1434.8
1074650 1437.4
1074660 1437.4
1074670 1437.1
1074680 1436.5
1074690 1436.5
1074700 1436.9
1074710 1441.7
1074720 1447.9
1074730 1447.9
1074740 1452.0
1074750 1453.5
1074760 1453.5
1074770 1452.9
1074780 1452.3
1074790 1452.3
1074800 1456.3
1074810 1459.3
1074820 1459.3
1074830 1463.0
1074840 1465.3
1074850 1465.3
1074860 1465.0
1074870 1467.7
1074880 1467.7
1074890 1476.3
1074900 1479.7
1074910 1479.7
1074920 1479.3
1074930 1479.3
1074940 1479.3
1074950 1483.2
1074960 1487.3
1074970 1489.2
1074980 1489.2
1074990 1489.1
1075000 1487.6
1075010 1487.6
1075020 1488.8
1075030 1493.1
1075040 1493.1
1075050 1497.6
1075060 1502.6
1075070 1502.6
1075080 1507.5
1075090 1511.9
1075100 1511.9
1075110 1516.2
1075120 1520.2
1075130 1520.2
1075140 1523.0
1075150 1525.7
1075160 1525.7
1075170 1528.9
1075180 1531.9
1075190 1531.9
1075200 1541.0
1075210 1543.8
1075220 1546.2
1075230 1546.2
1075240 1548.5
1075250 1549.1
1075260 1549.1
1075270 1548.9
1075280 1546.5
1075290 1546.5
1075300 1546.7
1075310 1554.9
1075320 1554.9
1075330 1561.5
1075340 1564.8
1075350 1564.8
1075360 1566.9
1075370 1569.6
1075380 1569.6
1075390 1571.5
1075400 1573.1
1075410 1573.1
1075420 1573.8
1075430 1575.0
1075440 1575.0
1075450 1576.4
1075460 1577.8
1075470 1578.2
1075480 1578.2
1075490 1577.1
1075500 1577.3
1075510 1581.8
1075520 1585.8
1075530 1590.3
1075540 1590.3
1075550 1592.5
1075560 1596.0
1075570 1596.0
1075580 1601.6
1075590 1605.4
1075600 1605.4
1075610 1608.9
1075620 1612.3
1075630 1612.3
1075640 1615.1
1075650 1617.7
1075660 1617.7
1075670 1620.6
1075680 1623.3
1075690 1623.3
1075700 1626.0
1075710 1628.2
1075720 1630.1
1075730 1630.1
1075740 1632.8
1075750 1635.1
1075760 1635.1
1075770 1637.0
1075780 1638.5
1075790 1638.5
1075800 1639.5
1075810 1641.0
1075820 1646.1
1075830 1647.5
1075840 1649.4
1075850 1649.4
1075860 1651.5
1075870 1653.5
1075880 1653.5
1075890 1655.3
1075900 1657.0
1075910 1657.0
1075920 1658.8
1075930 1661.0
1075940 1662.9
1075950 1662.9
1075960 1664.9
1075970 1666.6
1075980 1666.6
1075990 1667.3
1076000 1667.8
1076010 1667.8
1076020 1667.2
1076030 1663.5
1076040 1663.5
1076050 1658.4
1076060 1653.9
1076070 1653.9
1076080 1653.3
1076090 1655.0
1076100 1655.0
1076110 1659.2
1076120 1663.1
1076130 1669.2
1076140 1672.6
1076150 1675.4
1076160 1675.4
1076170 1677.2
1076180 1678.4
1076190 1678.8
1076200 1678.8
1076210 1679.0
1076220 1679.0
1076230 1679.0
1076240 1678.9
1076250 1679.4
1076260 1679.4
1076270 1679.6
1076280 1680.4
1076290 1680.4
1076300 1680.1
1076310 1678.3
1076320 1678.3
1076330 1676.1
1076340 1671.8
1076350 1671.8
1076360 1666.1
1076370 1660.0
1076380 1660.0
1076390 1654.1
1076400 1648.2
1076410 1648.2
1076420 1644.0
1076430 1635.9
1076440 1630.3
1076450 1640.2
1076460 1630.5
1076470 1618.3
1076480 1618.3
1076490 1613.0
1076500 1606.9
1076510 1606.9
1076520 1600.5
1076530 1595.2
1076540 1595.2
1076550 1589.4
1076560 1583.1
1076570 1583.1
1076580 1576.7
1076590 1570.3
1076600 1570.3
1076610 1563.2
1076620 1557.4
1076630 1557.4
1076640 1553.3
1076650 1549.9
1076660 1549.9
1076670 1547.2
1076680 1543.7
1076690 1539.4
1076700 1539.4
1076710 1534.8
1076720 1530.4
1076730 1530.4
1076740 1527.2
1076750 1525.5
1076760 1527.9
1076770 1527.1
1076780 1526.2
1076790 1526.2
1076800 1525.6
1076810 1525.0
1076820 1525.0
1076830 1523.9
1076840 1522.0
1076850 1522.0
1076860 1517.7
1076870 1511.6
1076880 1511.6
1076890 1505.4
1076900 1500.1
1076910 1500.1
1076920 1497.4
1076930 1497.9
1076940 1499.2
1076950 1499.2
1076960 1497.2
1076970 1493.4
1076980 1493.4
1076990 1491.3
1077000 1492.9
1077010 1492.9
1077020 1493.7
1077030 1493.1
1077040 1493.1
1077050 1493.0
1077060 1495.7
1077070 1500.7
1077080 1505.0
1077090 1510.5
1077100 1510.5
1077110 1515.6
1077120 1520.8
1077130 1520.8
1077140 1530.3
1077150 1538.2
1077160 1538.2
1077170 1544.1
1077180 1549.7
1077190 1554.1
1077200 1554.1
1077210 1557.3
1077220 1558.3
1077230 1558.3
1077240 1560.0
1077250 1563.1
1077260 1563.1
1077270 1562.4
1077280 1559.7
1077290 1559.7
1077300 1553.2
1077310 1545.4
1077320 1545.4
1077330 1538.4
1077340 1527.1
1077350 1527.1
1077360 1519.9
1077370 1513.2
1077380 1527.3
1077390 1526.7
1077400 1517.6
1077410 1509.7
1077420 1509.7
1077430 1510.1
1077440 1502.7
1077450 1502.7
1077460 1500.5
1077470 1499.8
1077480 1499.8
1077490 1496.8
1077500 1490.8
1077510 1490.8
1077520 1480.7
1077530 1472.4
1077540 1472.4
1077550 1478.4
1077560 1479.0
1077570 1479.0
1077580 1475.7
1077590 1468.5
1077600 1468.5
1077610 1454.0
1077620 1431.2
1077630 1431.2
1077640 1412.3
1077650 1393.8
1077660 1383.9
1077670 1383.9
1077680 1399.3
1077690 1452.0
1077700 1452.0
1077710 1450.9
1077720 1445.0
1077730 1445.0
1077740 1429.9
1077750 1409.4
1077760 1409.4
1077770 1386.4
1077780 1381.8
1077790 1381.8
1077800 1369.4
1077810 1348.7
1077820 1348.7
1077830 1326.4
1077840 1321.0
1077850 1321.0
1077860 1320.0
1077870 1311.9
1077880 1311.9
1077890 1308.0
1077900 1305.4
1077910 1296.6
1077920 1296.6
1077930 1287.9
1077940 1280.1
1077950 1280.1
1077960 1275.7
1077970 1271.7
1077980 1271.7
1077990 1264.0
1078000 1260.9
1078010 1264.4
1078020 1253.0
1078030 1245.0
1078040 1245.0
1078050 1238.1
1078060 1231.2
1078070 1231.2
1078080 1223.5
1078090 1216.5
1078100 1216.5
1078110 1210.1
1078120 1204.2
1078130 1204.2
1078140 1199.3
1078150 1194.1
1078160 1188.9
1078170 1188.9
1078180 1183.6
1078190 1177.7
1078200 1177.7
1078210 1172.7
1078220 1168.1
1078230 1168.1
1078240 1163.6
1078250 1158.6
1078260 1158.6
1078270 1154.2
1078280 1149.7
1078290 1149.7
1078300 1144.6
1078310 1139.0
1078320 1143.9
1078330 1139.7
1078340 1135.0
1078350 1135.0
1078360 1129.4
1078370 1125.6
1078380 1125.6
1078390 1123.9
1078400 1119.8
1078410 1115.2
1078420 1115.2
1078430 1113.9
1078440 1116.9
1078450 1116.9
1078460 1116.0
1078470 1111.0
1078480 1111.0
1078490 1105.2
1078500 1099.7
1078510 1099.7
1078520 1095.5
1078530 1095.3
1078540 1095.3
1078550 1095.3
1078560 1093.1
1078570 1093.1
1078580 1091.6
1078590 1089.8
1078600 1089.8
1078610 1087.5
1078620 1084.6
1078630 1080.0
1078640 1075.6
1078650 1073.0
1078660 1069.3
1078670 1069.3
1078680 1064.8
1078690 1061.3
1078700 1061.3
1078710 1056.3
1078720 1049.5
1078730 1049.5
1078740 1039.9
1078750 1031.3
1078760 1031.3
1078770 1022.3
1078780 1017.0
1078790 1017.0
1078800 1012.6
1078810 1006.8
1078820 1006.8
1078830 996.9
1078840 984.5
1078850 984.5
1078860 974.7
1078870 945.6
1078880 932.1
1078890 932.1
1078900 922.3
1078910 914.0
1078920 914.0
1078930 905.0
1078940 896.8
1078950 896.8
1078960 880.3
1078970 875.1
1078980 875.1
1078990 872.4
1079000 878.0
1079010 878.0
1079020 885.4
1079030 892.4
1079040 892.4
1079050 895.8
1079060 899.0
1079070 899.0
1079080 901.3
1079090 906.4
1079100 906.4
1079110 909.0
1079120 918.5
1079130 925.4
1079140 925.4
1079150 943.0
1079160 959.7
1079170 959.7
1079180 966.1
1079190 973.5
1079200 973.5
1079210 981.6
1079220 988.9
1079230 988.9
1079240 995.5
1079250 998.6
1079260 982.1
1079270 981.9
1079280 986.6
1079290 986.6
1079300 993.4
1079310 999.8
1079320 999.8
1079330 1002.6
1079340 1005.0
1079350 1005.0
1079360 1008.3
1079370 1011.5
1079380 1015.8
1079390 1015.8
1079400 1021.0
1079410 1026.6
1079420 1026.6
1079430 1032.7
1079440 1037.8
1079450 1037.8
1079460 1042.2
1079470 1046.3
1079480 1046.3
1079490 1051.1
1079500 1056.8
1079510 1056.8
1079520 1062.4
1079530 1067.2
1079540 1067.2
1079550 1072.6
1079560 1077.2
1079570 1079.7
1079580 1086.2
1079590 1093.0
1079600 1093.0
1079610 1097.9
1079620 1103.0
1079630 1108.1
1079640 1108.1
1079650 1113.5
1079660 1118.9
1079670 1118.9
1079680 1122.9
1079690 1128.6
1079700 1128.6
1079710 1134.2
1079720 1139.9
1079730 1139.9
1079740 1145.7
1079750 1151.8
1079760 1151.8
1079770 1158.2
1079780 1163.8
1079790 1163.8
1079800 1167.3
1079810 1169.5
1079820 1169.5
1079830 1172.1
1079840 1174.9
1079850 1174.9
1079860 1177.5
1079870 1179.7
1079880 1182.7
1079890 1183.7
1079900 1187.0
1079910 1190.6
1079920 1190.6
1079930 1194.8
1079940 1199.9
1079950 1199.9
1079960 1205.1
1079970 1209.4
1079980 1209.4
1079990 1213.1
