1067860 1072.2
1067870 1072.2
1067880 1078.3
1067890 1083.8
1067900 1088.3
1067910 1088.3
1067920 1091.9
1067930 1096.0
1067940 1102.9
1067950 1107.5
1067960 1113.2
1067970 1113.2
1067980 1118.7
1067990 1124.7
1068000 1124.7
1068010 1130.8
1068020 1137.4
1068030 1137.4
1068040 1145.3
1068050 1152.7
1068060 1152.7
1068070 1157.2
1068080 1160.2
1068090 1160.2
1068100 1163.4
1068110 1168.4
1068120 1168.4
1068130 1174.8
1068140 1182.0
1068150 1188.0
1068160 1188.0
1068170 1192.9
1068180 1197.5
1068190 1197.5
1068200 1202.1
1068210 1207.8
1068220 1207.8
1068230 1213.4
1068240 1224.1
1068250 1224.1
1068260 1230.2
1068270 1236.3
1068280 1236.3
1068290 1241.8
1068300 1246.6
1068310 1246.6
1068320 1250.1
1068330 1252.5
1068340 1252.5
1068350 1253.6
1068360 1256.2
1068370 1256.2
1068380 1258.0
1068390 1258.6
1068400 1259.1
1068410 1259.1
1068420 1258.4
1068430 1258.5
1068440 1258.5
1068450 1256.7
1068460 1253.7
1068470 1253.7
1068480 1251.9
1068490 1248.7
1068500 1248.7
1068510 1246.5
1068520 1248.7
1068530 1248.7
1068540 1250.4
1068550 1268.4
1068560 1268.4
1068570 1269.5
1068580 1269.1
1068590 1269.1
1068600 1267.9
1068610 1268.9
1068620 1268.9
1068630 1267.2
1068640 1264.6
1068650 1269.4
1068660 1269.4
1068670 1280.3
1068680 1283.0
1068690 1283.0
1068700 1288.3
1068710 1292.9
1068720 1292.9
1068730 1296.5
1068740 1299.1
1068750 1299.1
1068760 1298.2
1068770 1297.6
1068780 1297.6
1068790 1298.6
1068800 1300.2
1068810 1300.2
1068820 1297.9
1068830 1298.8
1068840 1298.8
1068850 1314.9
1068860 1321.1
1068870 1321.1
1068880 1332.6
1068890 1339.7
1068900 1341.9
1068910 1341.9
1068920 1343.9
1068930 1346.8
1068940 1346.8
1068950 1346.1
1068960 1345.8
1068970 1345.8
1068980 1349.1
1068990 1349.9
1069000 1349.9
1069010 1340.5
1069020 1324.0
1069030 1324.0
1069040 1311.0
1069050 1293.0
1069060 1293.0
1069070 1284.6
1069080 1280.8
1069090 1280.8
1069100 1273.7
1069110 1267.3
1069120 1267.3
1069130 1259.5
1069140 1252.7
1069150 1254.3
1069160 1258.5
1069170 1258.3
1069180 1260.7
1069190 1260.7
1069200 1262.5
1069210 1263.4
1069220 1263.4
1069230 1267.5
1069240 1270.9
1069250 1270.9
1069260 1274.7
1069270 1277.6
1069280 1277.6
1069290 1280.9
1069300 1285.1
1069310 1285.1
1069320 1289.2
1069330 1293.3
1069340 1293.3
1069350 1298.5
1069360 1304.0
1069370 1304.0
1069380 1310.1
1069390 1316.7
1069400 1325.5
1069410 1325.5
1069420 1333.6
1069430 1342.1
1069440 1342.1
1069450 1349.9
1069460 1356.9
1069470 1364.0
1069480 1369.1
1069490 1371.6
1069500 1371.6
1069510 1372.6
1069520 1371.4
1069530 1371.4
1069540 1361.0
1069550 1354.3
1069560 1354.3
1069570 1357.8
1069580 1370.7
1069590 1370.7
1069600 1372.7
1069610 1371.0
1069620 1371.0
1069630 1371.8
1069640 1363.4
1069650 1367.5
1069660 1367.5
1069670 1389.4
1069680 1400.9
1069690 1400.9
1069700 1411.6
1069710 1411.4
1069720 1411.4
1069730 1404.0
1069740 1409.4
1069750 1409.4
1069760 1421.5
1069770 1436.7
1069780 1436.7
1069790 1438.7
1069800 1438.7
1069810 1438.7
1069820 1438.4
1069830 1440.5
1069840 1440.5
1069850 1447.3
1069860 1452.1
1069870 1452.1
1069880 1455.8
1069890 1457.8
1069900 1459.5
1069910 1459.5
1069920 1458.3
1069930 1460.6
1069940 1460.6
1069950 1462.3
1069960 1465.3
1069970 1465.3
1069980 1463.7
1069990 1467.2
1070000 1467.2
1070010 1467.8
1070020 1468.4
1070030 1468.4
1070040 1467.9
1070050 1459.9
1070060 1459.9
1070070 1457.2
1070080 1472.1
1070090 1472.1
1070100 1482.7
1070110 1488.6
1070120 1488.6
1070130 1489.8
1070140 1490.1
1070150 1494.6
1070160 1494.6
1070170 1500.4
1070180 1503.4
1070190 1503.4
1070200 1507.7
1070210 1506.6
1070220 1506.6
1070230 1511.3
1070240 1517.9
1070250 1517.9
1070260 1522.6
1070270 1526.6
1070280 1526.6
1070290 1532.7
1070300 1537.4
1070310 1537.4
1070320 1543.4
1070330 1550.1
1070340 1550.1
1070350 1558.4
1070360 1567.5
1070370 1567.5
1070380 1573.7
1070390 1577.3
1070400 1582.6
1070410 1582.6
1070420 1587.9
1070430 1593.2
1070440 1593.2
1070450 1598.2
1070460 1603.3
1070470 1603.3
1070480 1608.2
1070490 1613.0
1070500 1613.0
1070510 1617.6
1070520 1621.8
1070530 1621.8
1070540 1626.6
1070550 1632.0
1070560 1632.0
1070570 1637.3
1070580 1642.0
1070590 1642.0
1070600 1647.0
1070610 1652.2
1070620 1652.2
1070630 1657.6
1070640 1663.3
1070650 1668.8
1070660 1668.8
1070670 1673.9
1070680 1679.4
1070690 1679.7
1070700 1684.8
1070710 1690.0
1070720 1690.0
1070730 1695.5
1070740 1701.2
1070750 1701.2
1070760 1706.9
1070770 1712.6
1070780 1712.6
1070790 1718.1
1070800 1724.0
1070810 1724.0
1070820 1729.5
1070830 1735.1
1070840 1735.1
1070850 1740.9
1070860 1746.3
1070870 1751.7
1070880 1751.7
1070890 1758.0
1070900 1764.2
1070910 1764.2
1070920 1771.0
1070930 1777.2
1070940 1777.2
1070950 1783.7
1070960 1790.2
1070970 1790.2
1070980 1796.6
1070990 1803.1
1071000 1803.6
1071010 1810.2
1071020 1817.0
1071030 1817.0
1071040 1823.9
1071050 1830.6
1071060 1830.6
1071070 1837.6
1071080 1844.3
1071090 1844.3
1071100 1851.1
1071110 1858.3
1071120 1865.4
1071130 1865.4
1071140 1872.5
1071150 1879.2
1071160 1879.2
1071170 1886.3
1071180 1893.2
1071190 1893.2
1071200 1900.1
1071210 1907.2
1071220 1907.2
1071230 1914.1
1071240 1921.4
1071250 1921.4
1071260 1928.5
1071270 1935.8
1071280 1935.8
1071290 1942.8
1071300 1949.7
1071310 1950.6
1071320 1957.5
1071330 1964.7
1071340 1964.7
1071350 1971.9
1071360 1978.8
1071370 1985.6
1071380 1985.6
1071390 1991.6
1071400 1989.6
1071410 1989.6
1071420 1981.8
1071430 1978.6
1071440 1978.6
1071450 1968.1
1071460 1962.0
1071470 1962.0
1071480 1963.7
1071490 1960.9
1071500 1960.9
1071510 1948.4
1071520 1933.3
1071530 1933.3
1071540 1920.8
1071550 1905.9
1071560 1905.9
1071570 1901.7
1071580 1900.3
1071590 1900.3
1071600 1896.8
1071610 1883.9
1071620 1882.1
1071630 1882.1
1071640 1867.8
1071650 1857.8
1071660 1857.8
1071670 1845.1
1071680 1833.5
1071690 1833.5
1071700 1823.9
1071710 1812.8
1071720 1812.8
1071730 1810.4
1071740 1808.0
1071750 1808.0
1071760 1801.1
1071770 1781.5
1071780 1781.5
1071790 1768.8
1071800 1759.7
1071810 1759.7
1071820 1754.0
1071830 1750.2
1071840 1750.2
1071850 1745.6
1071860 1746.8
1071870 1749.0
1071880 1749.0
1071890 1734.7
1071900 1724.6
1071910 1724.6
1071920 1714.1
1071930 1711.6
1071940 1711.6
1071950 1716.9
1071960 1712.2
1071970 1712.2
1071980 1703.7
1071990 1687.2
1072000 1687.2
1072010 1693.7
1072020 1679.4
1072030 1679.4
1072040 1666.3
1072050 1653.1
1072060 1653.1
1072070 1638.1
1072080 1629.5
1072090 1629.5
1072100 1622.8
1072110 1614.3
1072120 1607.0
1072130 1607.0
1072140 1603.4
1072150 1593.5
1072160 1593.5
1072170 1585.3
1072180 1577.8
1072190 1577.8
1072200 1571.3
1072210 1564.4
1072220 1564.4
1072230 1554.9
1072240 1549.1
1072250 1549.1
1072260 1543.7
1072270 1537.8
1072280 1537.8
1072290 1531.7
1072300 1525.8
1072310 1525.8
1072320 1520.1
1072330 1514.7
1072340 1514.7
1072350 1509.5
1072360 1503.8
1072370 1498.3
1072380 1498.3
1072390 1492.7
1072400 1487.3
1072410 1487.3
1072420 1482.1
1072430 1477.3
1072440 1477.3
1072450 1472.5
1072460 1467.5
1072470 1467.5
1072480 1463.3
1072490 1458.8
1072500 1458.8
1072510 1454.2
1072520 1450.0
1072530 1450.0
1072540 1445.4
1072550 1441.8
1072560 1441.8
1072570 1438.3
1072580 1434.7
1072590 1434.7
1072600 1430.9
1072610 1428.7
1072620 1426.9
1072630 1426.9
1072640 1424.4
1072650 1422.0
1072660 1422.0
1072670 1420.0
1072680 1417.8
1072690 1417.8
1072700 1415.5
1072710 1412.8
1072720 1412.8
1072730 1410.1
1072740 1407.4
1072750 1407.4
1072760 1404.8
1072770 1402.5
1072780 1402.5
1072790 1400.9
1072800 1398.8
1072810 1398.8
1072820 1396.6
1072830 1393.9
1072840 1393.9
1072850 1390.2
1072860 1383.0
1072870 1381.1
1072880 1381.1
1072890 1381.8
1072900 1379.5
1072910 1379.5
1072920 1379.9
1072930 1384.1
1072940 1384.1
1072950 1386.6
1072960 1387.7
1072970 1387.7
1072980 1387.6
1072990 1387.0
1073000 1387.0
1073010 1385.7
1073020 1377.9
1073030 1377.9
1073040 1370.0
1073050 1371.5
1073060 1371.5
1073070 1378.9
1073080 1385.4
1073090 1385.4
1073100 1386.8
1073110 1388.2
1073120 1391.2
1073130 1391.2
1073140 1393.6
1073150 1395.5
1073160 1399.9
1073170 1401.6
1073180 1402.1
1073190 1402.1
1073200 1402.1
1073210 1402.5
1073220 1402.5
1073230 1403.8
1073240 1404.4
1073250 1404.4
1073260 1406.1
1073270 1410.5
1073280 1410.5
1073290 1415.0
1073300 1418.7
1073310 1418.7
1073320 1421.9
1073330 1426.2
1073340 1426.2
1073350 1428.3
1073360 1430.6
1073370 1433.8
1073380 1433.8
1073390 1437.1
1073400 1440.2
1073410 1440.2
1073420 1443.8
1073430 1445.9
1073440 1445.9
1073450 1445.2
1073460 1448.5
1073470 1452.9
1073480 1459.4
1073490 1462.4
1073500 1462.4
1073510 1456.2
1073520 1451.1
1073530 1451.1
1073540 1447.2
1073550 1443.8
1073560 1443.8
1073570 1443.3
1073580 1449.2
1073590 1456.7
1073600 1456.7
1073610 1458.3
1073620 1455.3
1073630 1455.3
1073640 1458.1
1073650 1467.4
1073660 1467.4
1073670 1483.0
1073680 1492.2
1073690 1492.2
1073700 1496.6
1073710 1501.8
1073720 1501.8
1073730 1506.7
1073740 1511.3
1073750 1511.3
1073760 1516.2
1073770 1520.6
1073780 1525.4
1073790 1530.1
1073800 1534.8
1073810 1534.8
1073820 1539.1
1073830 1543.2
1073840 1545.9
1073850 1545.9
1073860 1549.5
1073870 1553.9
1073880 1553.9
1073890 1557.5
1073900 1563.6
1073910 1563.6
1073920 1567.6
1073930 1571.3
1073940 1571.3
1073950 1574.8
1073960 1577.4
1073970 1577.4
1073980 1580.1
1073990 1583.1
1074000 1583.1
1074010 1584.2
1074020 1583.7
1074030 1583.7
1074040 1581.8
1074050 1580.2
1074060 1580.2
1074070 1578.9
1074080 1577.9
1074090 1584.1
1074100 1584.1
1074110 1584.1
1074120 1582.1
1074130 1582.1
1074140 1582.7
1074150 1582.3
1074160 1582.3
1074170 1577.8
1074180 1575.8
1074190 1575.8
1074200 1574.1
1074210 1569.5
1074220 1569.5
1074230 1562.9
1074240 1555.6
1074250 1555.6
1074260 1550.3
1074270 1546.7
1074280 1546.7
1074290 1543.0
1074300 1539.3
1074310 1539.3
1074320 1537.2
1074330 1534.4
1074340 1531.9
1074350 1531.9
1074360 1530.1
1074370 1527.6
1074380 1527.6
1074390 1529.2
1074400 1526.1
1074410 1526.1
1074420 1522.5
1074430 1519.0
1074440 1519.0
1074450 1515.9
1074460 1512.9
1074470 1512.9
1074480 1510.3
1074490 1508.2
1074500 1508.2
1074510 1506.1
1074520 1504.9
1074530 1504.9
1074540 1505.1
1074550 1509.1
1074560 1509.1
1074570 1508.6
1074580 1505.0
1074590 1505.5
1074600 1505.5
1074610 1505.2
1074620 1503.3
1074630 1503.3
1074640 1501.6
1074650 1501.0
1074660 1501.0
1074670 1500.6
1074680 1500.6
1074690 1500.6
1074700 1505.4
1074710 1505.9
1074720 1505.9
1074730 1508.5
1074740 1512.1
1074750 1512.1
1074760 1516.4
1074770 1520.0
1074780 1520.0
1074790 1523.3
1074800 1526.1
1074810 1526.1
1074820 1530.1
1074830 1534.2
1074840 1537.2
1074850 1537.2
1074860 1540.7
1074870 1545.5
1074880 1545.5
1074890 1550.8
1074900 1555.8
1074910 1555.8
1074920 1561.6
1074930 1567.6
1074940 1567.6
1074950 1571.8
1074960 1577.8
1074970 1577.8
1074980 1584.0
1074990 1587.1
1075000 1587.1
1075010 1587.0
1075020 1585.4
1075030 1585.4
1075040 1580.7
1075050 1575.7
1075060 1575.7
1075070 1570.4
1075080 1565.1
1075090 1560.4
1075100 1560.4
1075110 1556.4
1075120 1553.2
1075130 1553.2
1075140 1550.1
1075150 1547.1
1075160 1547.1
1075170 1544.6
1075180 1542.0
1075190 1542.0
1075200 1539.5
1075210 1537.5
1075220 1537.5
1075230 1536.1
1075240 1534.8
1075250 1534.8
1075260 1533.2
1075270 1532.2
1075280 1532.2
1075290 1532.2
1075300 1532.6
1075310 1532.6
1075320 1532.4
1075330 1530.2
1075340 1529.7
1075350 1529.7
1075360 1529.2
1075370 1528.6
1075380 1528.6
1075390 1527.9
1075400 1527.1
1075410 1527.1
1075420 1526.2
1075430 1525.6
1075440 1525.6
1075450 1525.1
1075460 1524.8
1075470 1524.8
1075480 1524.3
1075490 1524.0
1075500 1524.0
1075510 1523.7
1075520 1522.5
1075530 1522.5
1075540 1521.0
1075550 1519.1
1075560 1519.1
1075570 1516.1
1075580 1513.6
1075590 1511.5
1075600 1511.5
1075610 1509.1
1075620 1506.6
1075630 1506.6
1075640 1499.6
1075650 1499.4
1075660 1499.4
1075670 1497.4
1075680 1493.0
1075690 1493.0
1075700 1489.0
1075710 1485.5
1075720 1485.5
1075730 1479.3
1075740 1476.4
1075750 1476.4
1075760 1478.9
1075770 1479.9
1075780 1479.9
1075790 1474.8
1075800 1469.9
1075810 1469.9
1075820 1463.4
1075830 1459.8
1075840 1466.2
1075850 1466.2
1075860 1470.9
1075870 1472.5
1075880 1472.5
1075890 1471.9
1075900 1470.9
1075910 1470.9
1075920 1467.9
1075930 1465.5
1075940 1465.5
1075950 1459.1
1075960 1459.9
1075970 1459.9
1075980 1463.9
1075990 1468.5
1076000 1468.5
1076010 1469.6
1076020 1463.4
1076030 1463.4
1076040 1456.4
1076050 1450.9
1076060 1450.1
1076070 1450.1
1076080 1448.8
1076090 1447.3
1076100 1447.3
1076110 1446.3
1076120 1445.2
1076130 1445.2
1076140 1442.8
1076150 1445.5
1076160 1445.5
1076170 1450.3
1076180 1449.1
1076190 1449.1
1076200 1444.1
1076210 1443.1
1076220 1443.1
1076230 1444.7
1076240 1445.4
1076250 1445.4
1076260 1441.3
1076270 1445.4
1076280 1445.4
1076290 1448.7
1076300 1449.1
1076310 1451.4
1076320 1451.4
1076330 1454.3
1076340 1457.1
1076350 1457.1
1076360 1458.5
1076370 1458.8
1076380 1458.8
1076390 1459.1
1076400 1458.6
1076410 1458.6
1076420 1456.5
1076430 1454.4
1076440 1454.4
1076450 1452.8
1076460 1451.1
1076470 1451.1
1076480 1449.7
1076490 1448.4
1076500 1448.4
1076510 1446.6
1076520 1444.3
1076530 1444.3
1076540 1441.9
1076550 1439.8
1076560 1438.2
1076570 1435.6
1076580 1433.9
1076590 1431.4
1076600 1431.4
1076610 1428.7
1076620 1425.7
1076630 1425.7
1076640 1423.3
1076650 1420.8
1076660 1420.8
1076670 1417.7
1076680 1414.5
1076690 1414.5
1076700 1410.7
1076710 1407.2
1076720 1407.2
1076730 1404.3
1076740 1401.8
1076750 1401.8
1076760 1400.3
1076770 1398.8
1076780 1398.8
1076790 1397.5
1076800 1396.4
1076810 1395.2
1076820 1395.2
1076830 1393.2
1076840 1389.9
1076850 1389.9
1076860 1384.6
1076870 1378.9
1076880 1382.8
1076890 1376.7
1076900 1370.9
1076910 1370.9
1076920 1365.7
1076930 1360.7
1076940 1360.7
1076950 1355.3
1076960 1350.2
1076970 1350.2
1076980 1345.1
1076990 1340.2
1077000 1340.2
1077010 1335.8
1077020 1332.2
1077030 1332.2
1077040 1328.2
1077050 1326.1
1077060 1323.4
1077070 1323.4
1077080 1323.1
1077090 1324.2
1077100 1324.2
1077110 1324.8
1077120 1325.0
1077130 1325.0
1077140 1324.0
1077150 1319.8
1077160 1319.8
1077170 1315.0
1077180 1314.0
1077190 1309.2
1077200 1308.2
1077210 1307.9
1077220 1307.9
1077230 1307.4
1077240 1307.1
1077250 1307.1
1077260 1306.1
1077270 1305.4
1077280 1305.4
1077290 1304.9
1077300 1305.1
1077310 1304.7
1077320 1304.7
1077330 1304.5
1077340 1303.2
1077350 1303.2
1077360 1299.5
1077370 1295.5
1077380 1295.5
1077390 1292.6
1077400 1291.1
1077410 1291.1
1077420 1289.3
1077430 1287.6
1077440 1287.6
1077450 1284.8
1077460 1281.3
1077470 1281.3
1077480 1277.3
1077490 1273.4
1077500 1273.4
1077510 1264.5
1077520 1261.4
1077530 1261.4
1077540 1258.3
1077550 1255.1
1077560 1252.0
1077570 1252.0
1077580 1248.9
1077590 1245.3
1077600 1245.3
1077610 1241.2
1077620 1236.9
1077630 1236.9
1077640 1232.2
1077650 1227.3
1077660 1227.3
1077670 1222.4
1077680 1217.4
1077690 1217.4
1077700 1212.8
1077710 1208.0
1077720 1208.0
1077730 1203.1
1077740 1199.0
1077750 1199.0
1077760 1195.3
1077770 1190.9
1077780 1190.9
1077790 1186.4
1077800 1182.7
1077810 1178.2
1077820 1175.6
1077830 1171.1
1077840 1165.7
1077850 1165.7
1077860 1160.3
1077870 1155.3
1077880 1155.3
1077890 1151.1
1077900 1146.7
1077910 1146.7
1077920 1142.6
1077930 1138.5
1077940 1138.5
1077950 1133.7
1077960 1129.0
1077970 1129.0
1077980 1124.7
1077990 1120.8
1078000 1120.8
1078010 1117.0
1078020 1113.5
1078030 1113.5
1078040 1111.0
1078050 1108.9
1078060 1105.4
1078070 1105.4
1078080 1102.4
1078090 1098.2
1078100 1098.2
1078110 1093.8
1078120 1088.4
1078130 1088.8
1078140 1083.1
1078150 1077.4
1078160 1077.4
1078170 1071.2
1078180 1064.7
1078190 1064.7
1078200 1057.8
1078210 1048.5
1078220 1048.5
1078230 1031.2
1078240 1007.8
1078250 1007.8
1078260 986.1
1078270 975.0
1078280 969.1
1078290 969.1
1078300 957.9
1078310 947.6
1078320 947.6
1078330 939.8
1078340 932.8
1078350 932.8
1078360 926.3
1078370 919.8
1078380 919.8
1078390 912.4
1078400 904.7
1078410 904.7
1078420 896.8
1078430 889.6
1078440 893.4
1078450 885.0
1078460 876.6
1078470 876.6
1078480 867.9
1078490 859.4
1078500 859.4
1078510 850.8
1078520 840.6
1078530 831.1
1078540 831.1
1078550 822.1
1078560 813.3
1078570 813.3
1078580 806.0
1078590 799.5
1078600 799.5
1078610 792.3
1078620 782.1
1078630 782.1
1078640 774.2
1078650 768.5
1078660 768.5
1078670 764.0
1078680 767.3
1078690 767.3
1078700 774.0
1078710 782.8
1078720 782.8
1078730 794.3
1078740 816.1
1078750 816.1
1078760 812.4
1078770 833.7
1078780 847.3
1078790 847.3
1078800 857.1
1078810 862.6
1078820 862.6
1078830 865.7
1078840 869.3
1078850 869.3
1078860 872.6
1078870 876.5
1078880 876.5
1078890 881.4
1078900 887.5
1078910 887.5
1078920 893.2
1078930 899.3
1078940 899.3
1078950 903.8
1078960 908.4
1078970 908.4
1078980 913.2
1078990 917.8
1079000 917.8
1079010 922.4
1079020 926.8
1079030 929.3
1079040 929.3
1079050 929.6
1079060 930.4
1079070 937.5
1079080 939.0
1079090 941.8
1079100 941.8
1079110 948.0
1079120 956.2
1079130 956.2
1079140 963.6
1079150 969.1
1079160 969.1
1079170 974.9
1079180 980.3
1079190 980.3
1079200 984.8
1079210 989.3
1079220 989.3
1079230 994.0
1079240 998.4
1079250 998.4
1079260 1003.1
1079270 1008.2
1079280 1013.2
1079290 1013.2
1079300 1017.7
1079310 1022.2
1079320 1022.2
1079330 1026.6
1079340 1031.2
1079350 1031.2
1079360 1035.7
1079370 1041.3
1079380 1042.8
1079390 1048.1
1079400 1053.2
1079410 1053.2
1079420 1058.9
1079430 1064.5
1079440 1064.5
1079450 1069.1
1079460 1073.6
1079470 1073.6
1079480 1080.6
1079490 1086.4
1079500 1086.4
1079510 1092.3
1079520 1098.0
1079530 1103.9
1079540 1103.9
1079550 1109.9
1079560 1116.1
1079570 1116.1
1079580 1121.3
1079590 1125.3
1079600 1125.3
1079610 1129.2
1079620 1133.1
1079630 1133.1
1079640 1137.4
1079650 1141.1
1079660 1141.1
1079670 1145.7
1079680 1150.3
1079690 1150.3
1079700 1154.6
1079710 1157.6
1079720 1157.6
1079730 1158.4
1079740 1157.8
1079750 1157.8
1079760 1157.3
1079770 1159.7
1079780 1163.6
1079790 1163.6
1079800 1165.4
1079810 1167.7
1079820 1167.7
1079830 1168.6
1079840 1171.7
1079850 1171.7
1079860 1174.8
1079870 1176.1
1079880 1176.1
1079890 1176.5
1079900 1178.5
1079910 1178.5
1079920 1185.1
1079930 1192.5
1079940 1192.5
1079950 1198.9
1079960 1203.7
1079970 1203.7
1079980 1210.9
1079990 1219.9
