1067150 1103.8
1067160 1100.5
1067170 1100.5
1067180 1086.8
1067190 1080.8
1067200 1080.8
1067210 1075.1
1067220 1072.3
1067230 1072.3
1067240 1071.4
1067250 1070.4
1067260 1070.4
1067270 1065.9
1067280 1056.5
1067290 1056.5
1067300 1046.9
1067310 1035.8
1067320 1027.5
1067330 1027.5
1067340 1026.0
1067350 1025.2
1067360 1025.2
1067370 1019.5
1067380 1011.7
1067390 1011.7
1067400 1004.8
1067410 999.7
1067420 999.7
1067430 995.6
1067440 990.5
1067450 990.5
1067460 983.1
1067470 976.2
1067480 969.4
1067490 962.4
1067500 957.3
1067510 957.3
1067520 951.6
1067530 945.7
1067540 945.7
1067550 939.4
1067560 933.3
1067570 928.8
1067580 928.8
1067590 924.1
1067600 919.1
1067610 919.1
1067620 913.7
1067630 906.1
1067640 906.1
1067650 898.6
1067660 891.8
1067670 891.8
1067680 886.4
1067690 880.1
1067700 880.1
1067710 876.1
1067720 873.6
1067730 873.6
1067740 879.5
1067750 888.3
1067760 888.3
1067770 890.1
1067780 888.9
1067790 907.1
1067800 904.4
1067810 905.3
1067820 904.8
1067830 904.8
1067840 899.1
1067850 897.0
1067860 897.0
1067870 898.6
1067880 901.9
1067890 901.9
1067900 903.8
1067910 912.9
1067920 912.9
1067930 926.3
1067940 938.5
1067950 938.5
1067960 943.5
1067970 942.4
1067980 942.4
1067990 934.4
1068000 922.3
1068010 922.3
1068020 923.7
1068030 924.7
1068040 924.7
1068050 920.0
1068060 923.0
1068070 928.1
1068080 928.1
1068090 955.2
1068100 955.3
1068110 955.3
1068120 964.6
1068130 977.9
1068140 977.9
1068150 972.0
1068160 960.7
1068170 960.7
1068180 962.5
1068190 966.3
1068200 966.3
1068210 968.8
1068220 971.1
1068230 971.1
1068240 977.3
1068250 983.6
1068260 983.6
1068270 984.5
1068280 984.4
1068290 984.4
1068300 988.9
1068310 993.0
1068320 994.0
1068330 994.0
1068340 996.6
1068350 998.2
1068360 998.2
1068370 1001.0
1068380 998.9
1068390 998.9
1068400 1009.1
1068410 1001.0
1068420 1001.0
1068430 998.5
1068440 993.7
1068450 993.7
1068460 988.0
1068470 983.4
1068480 983.4
1068490 986.1
1068500 1003.4
1068510 1003.4
1068520 1021.9
1068530 1036.9
1068540 1036.9
1068550 1044.4
1068560 1053.0
1068570 1060.4
1068580 1060.4
1068590 1069.5
1068600 1077.9
1068610 1077.9
1068620 1083.0
1068630 1084.3
1068640 1084.3
1068650 1084.4
1068660 1082.5
1068670 1082.5
1068680 1080.5
1068690 1080.5
1068700 1072.1
1068710 1073.2
1068720 1071.9
1068730 1071.9
1068740 1076.6
1068750 1085.7
1068760 1085.7
1068770 1094.2
1068780 1100.0
1068790 1103.6
1068800 1103.6
1068810 1107.1
1068820 1108.0
1068830 1108.0
1068840 1107.3
1068850 1108.5
1068860 1108.5
1068870 1110.6
1068880 1113.1
1068890 1113.1
1068900 1116.4
1068910 1121.1
1068920 1121.1
1068930 1126.3
1068940 1130.4
1068950 1130.4
1068960 1134.5
1068970 1137.9
1068980 1137.9
1068990 1141.2
1069000 1143.1
1069010 1134.0
1069020 1129.3
1069030 1131.9
1069040 1141.1
1069050 1141.1
1069060 1150.5
1069070 1158.0
1069080 1158.0
1069090 1165.6
1069100 1173.2
1069110 1173.2
1069120 1179.8
1069130 1183.6
1069140 1183.6
1069150 1186.8
1069160 1193.0
1069170 1193.0
1069180 1201.9
1069190 1209.5
1069200 1209.5
1069210 1216.2
1069220 1226.0
1069230 1226.0
1069240 1239.4
1069250 1248.9
1069260 1248.9
1069270 1259.8
1069280 1268.3
1069290 1276.8
1069300 1276.8
1069310 1284.9
1069320 1286.9
1069330 1286.9
1069340 1297.4
1069350 1306.9
1069360 1306.9
1069370 1314.0
1069380 1320.2
1069390 1320.2
1069400 1325.5
1069410 1330.4
1069420 1330.4
1069430 1336.0
1069440 1341.3
1069450 1341.3
1069460 1346.4
1069470 1352.0
1069480 1352.0
1069490 1358.4
1069500 1365.4
1069510 1365.4
1069520 1372.6
1069530 1379.8
1069540 1387.1
1069550 1387.1
1069560 1394.7
1069570 1402.5
1069580 1402.5
1069590 1410.5
1069600 1418.8
1069610 1418.8
1069620 1424.8
1069630 1431.5
1069640 1431.5
1069650 1438.2
1069660 1444.8
1069670 1444.8
1069680 1450.9
1069690 1457.4
1069700 1457.4
1069710 1464.5
1069720 1472.2
1069730 1472.2
1069740 1479.0
1069750 1485.3
1069760 1485.3
1069770 1491.4
1069780 1497.4
1069790 1501.1
1069800 1501.1
1069810 1503.4
1069820 1506.4
1069830 1506.4
1069840 1510.2
1069850 1513.6
1069860 1513.6
1069870 1517.0
1069880 1520.3
1069890 1520.3
1069900 1524.8
1069910 1528.1
1069920 1528.1
1069930 1522.4
1069940 1527.2
1069950 1527.2
1069960 1529.7
1069970 1533.6
1069980 1533.6
1069990 1537.6
1070000 1539.3
1070010 1539.3
1070020 1545.3
1070030 1555.9
1070040 1563.2
1070050 1563.2
1070060 1570.5
1070070 1577.6
1070080 1577.6
1070090 1584.9
1070100 1591.2
1070110 1591.2
1070120 1596.1
1070130 1598.4
1070140 1598.4
1070150 1603.0
1070160 1606.6
1070170 1606.6
1070180 1610.3
1070190 1617.1
1070200 1617.1
1070210 1625.6
1070220 1633.9
1070230 1633.9
1070240 1639.7
1070250 1646.6
1070260 1646.6
1070270 1652.4
1070280 1657.6
1070290 1662.6
1070300 1662.6
1070310 1667.7
1070320 1673.0
1070330 1673.0
1070340 1678.0
1070350 1683.8
1070360 1683.8
1070370 1689.4
1070380 1694.7
1070390 1694.7
1070400 1700.3
1070410 1707.7
1070420 1707.7
1070430 1714.4
1070440 1720.7
1070450 1720.7
1070460 1726.2
1070470 1732.4
1070480 1732.4
1070490 1738.3
1070500 1745.2
1070510 1745.2
1070520 1754.3
1070530 1762.6
1070540 1768.6
1070550 1768.6
1070560 1773.6
1070570 1774.5
1070580 1774.5
1070590 1777.6
1070600 1782.7
1070610 1782.7
1070620 1787.7
1070630 1791.8
1070640 1791.8
1070650 1795.7
1070660 1799.5
1070670 1799.5
1070680 1801.8
1070690 1804.7
1070700 1804.7
1070710 1809.9
1070720 1812.7
1070730 1812.7
1070740 1815.2
1070750 1818.7
1070760 1818.7
1070770 1825.0
1070780 1831.1
1070790 1836.7
1070800 1836.7
1070810 1843.1
1070820 1848.0
1070830 1848.0
1070840 1852.7
1070850 1851.5
1070860 1851.5
1070870 1855.0
1070880 1858.0
1070890 1858.0
1070900 1860.4
1070910 1862.0
1070920 1862.0
1070930 1861.0
1070940 1862.2
1070950 1862.2
1070960 1869.2
1070970 1875.9
1070980 1875.9
1070990 1882.6
1071000 1889.0
1071010 1889.0
1071020 1894.9
1071030 1900.9
1071040 1906.2
1071050 1906.2
1071060 1912.7
1071070 1920.1
1071080 1920.1
1071090 1927.7
1071100 1935.0
1071110 1935.0
1071120 1942.2
1071130 1949.0
1071140 1949.0
1071150 1955.9
1071160 1959.9
1071170 1959.9
1071180 1970.5
1071190 1977.9
1071200 1977.9
1071210 1984.5
1071220 1989.7
1071230 1989.7
1071240 1994.0
1071250 1999.6
1071260 1999.6
1071270 2006.3
1071280 2013.9
1071290 2020.5
1071300 2020.5
1071310 2014.7
1071320 1998.1
1071330 1998.1
1071340 1991.3
1071350 1983.5
1071360 1983.5
1071370 1968.3
1071380 1952.6
1071390 1952.6
1071400 1939.8
1071410 1931.1
1071420 1931.1
1071430 1919.0
1071440 1904.6
1071450 1904.6
1071460 1895.2
1071470 1881.3
1071480 1881.3
1071490 1875.0
1071500 1870.8
1071510 1870.8
1071520 1866.0
1071530 1853.9
1071540 1842.3
1071550 1842.3
1071560 1821.7
1071570 1808.4
1071580 1808.4
1071590 1805.7
1071600 1803.3
1071610 1803.3
1071620 1798.9
1071630 1791.8
1071640 1791.8
1071650 1790.9
1071660 1789.5
1071670 1789.5
1071680 1790.7
1071690 1788.1
1071700 1788.1
1071710 1782.9
1071720 1776.6
1071730 1776.6
1071740 1773.0
1071750 1767.0
1071760 1767.0
1071770 1752.9
1071780 1737.9
1071790 1720.2
1071800 1720.2
1071810 1712.0
1071820 1703.9
1071830 1703.9
1071840 1688.7
1071850 1674.5
1071860 1674.5
1071870 1673.0
1071880 1686.4
1071890 1686.4
1071900 1687.7
1071910 1698.4
1071920 1698.4
1071930 1694.6
1071940 1687.1
1071950 1687.1
1071960 1681.5
1071970 1670.4
1071980 1670.4
1071990 1652.8
1072000 1652.2
1072010 1652.2
1072020 1656.2
1072030 1649.3
1072040 1648.8
1072050 1648.8
1072060 1640.4
1072070 1636.5
1072080 1632.0
1072090 1641.7
1072100 1643.1
1072110 1643.1
1072120 1640.2
1072130 1633.3
1072140 1633.3
1072150 1629.7
1072160 1626.1
1072170 1626.1
1072180 1621.0
1072190 1617.1
1072200 1617.1
1072210 1613.5
1072220 1608.4
1072230 1608.4
1072240 1600.9
1072250 1594.3
1072260 1594.3
1072270 1588.9
1072280 1583.0
1072290 1576.7
1072300 1576.7
1072310 1568.7
1072320 1561.5
1072330 1561.5
1072340 1554.8
1072350 1548.1
1072360 1548.1
1072370 1541.7
1072380 1535.4
1072390 1533.3
1072400 1527.3
1072410 1521.3
1072420 1521.3
1072430 1514.9
1072440 1507.9
1072450 1507.9
1072460 1501.6
1072470 1495.8
1072480 1495.8
1072490 1488.3
1072500 1483.4
1072510 1479.2
1072520 1479.2
1072530 1475.4
1072540 1470.9
1072550 1470.9
1072560 1467.4
1072570 1463.6
1072580 1463.6
1072590 1459.4
1072600 1455.2
1072610 1455.2
1072620 1450.6
1072630 1445.7
1072640 1445.7
1072650 1441.1
1072660 1436.9
1072670 1436.9
1072680 1432.7
1072690 1427.8
1072700 1430.7
1072710 1426.1
1072720 1421.7
1072730 1421.7
1072740 1416.4
1072750 1409.5
1072760 1402.2
1072770 1402.2
1072780 1396.4
1072790 1392.1
1072800 1392.1
1072810 1388.5
1072820 1385.1
1072830 1385.1
1072840 1382.7
1072850 1381.2
1072860 1381.2
1072870 1380.3
1072880 1377.7
1072890 1377.7
1072900 1374.8
1072910 1372.5
1072920 1372.5
1072930 1372.0
1072940 1371.8
1072950 1371.8
1072960 1369.2
1072970 1363.1
1072980 1363.1
1072990 1355.7
1073000 1349.4
1073010 1338.7
1073020 1338.7
1073030 1333.0
1073040 1329.7
1073050 1329.7
1073060 1326.6
1073070 1323.3
1073080 1323.3
1073090 1320.3
1073100 1316.7
1073110 1316.7
1073120 1312.6
1073130 1308.6
1073140 1308.6
1073150 1304.8
1073160 1301.2
1073170 1301.2
1073180 1298.2
1073190 1296.3
1073200 1296.3
1073210 1293.2
1073220 1290.7
1073230 1290.7
1073240 1290.7
1073250 1294.5
1073260 1297.8
1073270 1297.8
1073280 1298.6
1073290 1298.2
1073300 1298.2
1073310 1301.3
1073320 1307.5
1073330 1307.5
1073340 1313.5
1073350 1320.0
1073360 1320.0
1073370 1325.7
1073380 1330.2
1073390 1330.2
1073400 1334.4
1073410 1340.0
1073420 1340.0
1073430 1345.9
1073440 1351.2
1073450 1351.2
1073460 1357.2
1073470 1359.1
1073480 1359.1
1073490 1359.6
1073500 1359.8
1073510 1359.8
1073520 1359.8
1073530 1359.4
1073540 1359.7
1073550 1359.7
1073560 1360.1
1073570 1361.8
1073580 1361.8
1073590 1363.6
1073600 1365.3
1073610 1365.3
1073620 1368.5
1073630 1369.4
1073640 1369.4
1073650 1370.6
1073660 1371.9
1073670 1371.9
1073680 1373.8
1073690 1378.1
1073700 1378.1
1073710 1382.4
1073720 1387.1
1073730 1387.1
1073740 1391.5
1073750 1394.9
1073760 1397.6
1073770 1397.6
1073780 1400.2
1073790 1403.4
1073800 1403.4
1073810 1406.8
1073820 1409.8
1073830 1409.8
1073840 1412.3
1073850 1413.9
1073860 1413.9
1073870 1414.4
1073880 1413.7
1073890 1413.7
1073900 1412.0
1073910 1410.7
1073920 1410.7
1073930 1414.8
1073940 1414.8
1073950 1414.8
1073960 1415.1
1073970 1415.0
1073980 1415.0
1073990 1414.6
1074000 1413.5
1074010 1410.6
1074020 1410.6
1074030 1409.0
1074040 1411.2
1074050 1411.2
1074060 1411.5
1074070 1411.8
1074080 1411.8
1074090 1412.3
1074100 1412.6
1074110 1412.6
1074120 1412.9
1074130 1412.9
1074140 1412.9
1074150 1412.8
1074160 1413.1
1074170 1413.1
1074180 1413.2
1074190 1412.8
1074200 1412.8
1074210 1411.7
1074220 1410.9
1074230 1410.9
1074240 1414.4
1074250 1414.4
1074260 1416.0
1074270 1416.0
1074280 1416.7
1074290 1416.5
1074300 1416.5
1074310 1417.4
1074320 1418.2
1074330 1418.2
1074340 1418.0
1074350 1417.9
1074360 1417.9
1074370 1418.3
1074380 1418.6
1074390 1418.6
1074400 1418.5
1074410 1418.5
1074420 1418.5
1074430 1417.8
1074440 1417.2
1074450 1417.2
1074460 1416.9
1074470 1415.8
1074480 1415.8
1074490 1417.0
1074500 1418.7
1074510 1418.9
1074520 1418.9
1074530 1419.4
1074540 1421.0
1074550 1422.4
1074560 1425.2
1074570 1425.4
1074580 1425.4
1074590 1425.4
1074600 1426.7
1074610 1426.7
1074620 1428.3
1074630 1429.9
1074640 1429.9
1074650 1430.6
1074660 1431.5
1074670 1431.5
1074680 1434.4
1074690 1438.3
1074700 1438.3
1074710 1442.3
1074720 1446.7
1074730 1446.7
1074740 1451.2
1074750 1455.3
1074760 1458.7
1074770 1458.7
1074780 1461.4
1074790 1463.5
1074800 1463.5
1074810 1465.5
1074820 1467.6
1074830 1467.6
1074840 1470.3
1074850 1474.2
1074860 1478.4
1074870 1482.6
1074880 1486.6
1074890 1486.6
1074900 1490.6
1074910 1494.9
1074920 1494.9
1074930 1499.3
1074940 1503.8
1074950 1503.8
1074960 1507.9
1074970 1512.1
1074980 1512.1
1074990 1517.1
1075000 1520.9
1075010 1526.1
1075020 1526.1
1075030 1531.0
1075040 1535.5
1075050 1535.5
1075060 1540.0
1075070 1544.5
1075080 1544.5
1075090 1549.2
1075100 1553.6
1075110 1553.6
1075120 1558.2
1075130 1562.6
1075140 1562.6
1075150 1567.0
1075160 1571.7
1075170 1576.1
1075180 1580.4
1075190 1584.8
1075200 1584.8
1075210 1589.0
1075220 1593.7
1075230 1593.7
1075240 1598.1
1075250 1602.5
1075260 1606.9
1075270 1606.9
1075280 1611.0
1075290 1615.0
1075300 1615.0
1075310 1618.9
1075320 1622.5
1075330 1622.5
1075340 1625.8
1075350 1628.7
1075360 1628.7
1075370 1631.6
1075380 1633.7
1075390 1633.7
1075400 1635.1
1075410 1635.9
1075420 1635.9
1075430 1636.0
1075440 1634.0
1075450 1634.0
1075460 1630.3
1075470 1626.1
1075480 1625.3
1075490 1620.5
1075500 1615.4
1075510 1610.6
1075520 1610.6
1075530 1605.9
1075540 1601.5
1075550 1601.5
1075560 1597.7
1075570 1592.8
1075580 1592.8
1075590 1587.7
1075600 1583.0
1075610 1583.0
1075620 1579.0
1075630 1574.7
1075640 1574.7
1075650 1575.1
1075660 1576.3
1075670 1576.3
1075680 1577.3
1075690 1578.0
1075700 1578.0
1075710 1579.3
1075720 1580.7
1075730 1581.9
1075740 1581.9
1075750 1583.1
1075760 1584.3
1075770 1584.3
1075780 1585.3
1075790 1586.3
1075800 1582.1
1075810 1583.1
1075820 1584.2
1075830 1584.2
1075840 1585.4
1075850 1586.2
1075860 1586.2
1075870 1586.8
1075880 1587.2
1075890 1587.2
1075900 1587.3
1075910 1587.2
1075920 1587.2
1075930 1586.6
1075940 1585.6
1075950 1585.6
1075960 1584.8
1075970 1583.7
1075980 1582.5
1075990 1582.5
1076000 1580.9
1076010 1578.8
1076020 1578.8
1076030 1577.0
1076040 1574.6
1076050 1574.6
1076060 1572.0
1076070 1568.2
1076080 1568.2
1076090 1564.2
1076100 1560.6
1076110 1555.9
1076120 1553.5
1076130 1551.2
1076140 1551.2
1076150 1549.2
1076160 1546.5
1076170 1546.5
1076180 1545.8
1076190 1546.6
1076200 1546.6
1076210 1548.1
1076220 1548.5
1076230 1551.8
1076240 1551.8
1076250 1556.2
1076260 1560.1
1076270 1560.1
1076280 1563.8
1076290 1567.6
1076300 1567.6
1076310 1571.4
1076320 1574.8
1076330 1574.8
1076340 1577.8
1076350 1580.6
1076360 1580.6
1076370 1582.3
1076380 1582.5
1076390 1582.5
1076400 1581.9
1076410 1580.5
1076420 1574.5
1076430 1572.7
1076440 1571.6
1076450 1571.6
1076460 1569.5
1076470 1566.5
1076480 1562.9
1076490 1562.9
1076500 1559.8
1076510 1556.6
1076520 1556.6
1076530 1553.3
1076540 1549.6
1076550 1549.6
1076560 1545.4
1076570 1541.0
1076580 1541.0
1076590 1536.0
1076600 1531.3
1076610 1531.3
1076620 1526.6
1076630 1522.6
1076640 1522.6
1076650 1518.0
1076660 1512.7
1076670 1512.7
1076680 1507.7
1076690 1502.2
1076700 1502.2
1076710 1496.4
1076720 1489.6
1076730 1485.3
1076740 1485.3
1076750 1480.5
1076760 1475.7
1076770 1475.7
1076780 1470.8
1076790 1464.7
1076800 1464.7
1076810 1457.4
1076820 1448.2
1076830 1448.2
1076840 1441.4
1076850 1433.8
1076860 1433.8
1076870 1426.6
1076880 1419.9
1076890 1419.9
1076900 1413.1
1076910 1406.4
1076920 1406.4
1076930 1399.9
1076940 1393.2
1076950 1393.2
1076960 1387.1
1076970 1380.4
1076980 1374.3
1076990 1374.3
1077000 1368.4
1077010 1363.1
1077020 1363.1
1077030 1358.9
1077040 1359.3
1077050 1359.3
1077060 1354.8
1077070 1350.6
1077080 1350.6
1077090 1347.2
1077100 1343.7
1077110 1343.7
1077120 1339.9
1077130 1336.7
1077140 1336.7
1077150 1333.1
1077160 1327.7
1077170 1327.7
1077180 1321.6
1077190 1316.5
1077200 1316.5
1077210 1312.0
1077220 1311.2
1077230 1310.5
1077240 1310.5
1077250 1301.0
1077260 1293.4
1077270 1293.4
1077280 1287.0
1077290 1281.6
1077300 1281.6
1077310 1275.8
1077320 1269.5
1077330 1269.5
1077340 1259.9
1077350 1256.7
1077360 1256.7
1077370 1248.8
1077380 1241.6
1077390 1241.6
1077400 1235.3
1077410 1231.1
1077420 1231.1
1077430 1226.8
1077440 1218.1
1077450 1218.1
1077460 1214.4
1077470 1212.5
1077480 1208.6
1077490 1208.6
1077500 1201.8
1077510 1198.4
1077520 1198.4
1077530 1192.0
1077540 1185.7
1077550 1185.7
1077560 1179.6
1077570 1173.7
1077580 1173.7
1077590 1167.2
1077600 1160.4
1077610 1160.4
1077620 1154.9
1077630 1149.7
1077640 1149.7
1077650 1145.8
1077660 1140.0
1077670 1148.1
1077680 1142.6
1077690 1137.7
1077700 1137.7
1077710 1132.8
1077720 1127.8
1077730 1121.4
1077740 1121.4
1077750 1115.5
1077760 1108.8
1077770 1108.8
1077780 1099.2
1077790 1092.5
1077800 1092.5
1077810 1086.4
1077820 1081.1
1077830 1081.1
1077840 1075.6
1077850 1070.4
1077860 1070.4
1077870 1063.7
1077880 1055.4
1077890 1055.4
1077900 1052.1
1077910 1049.7
1077920 1049.7
1077930 1045.7
1077940 1041.4
1077950 1041.4
1077960 1036.9
1077970 1033.9
1077980 1033.3
1077990 1033.3
1078000 1028.1
1078010 1022.9
1078020 1022.9
1078030 1017.4
1078040 1012.8
1078050 1012.8
1078060 1008.3
1078070 1004.0
1078080 1004.0
1078090 999.4
1078100 995.2
1078110 995.2
1078120 990.8
1078130 986.5
1078140 986.5
1078150 982.4
1078160 978.7
1078170 978.7
1078180 973.4
1078190 968.1
1078200 968.1
1078210 963.4
1078220 957.7
1078230 951.0
1078240 951.0
1078250 943.9
1078260 933.1
1078270 933.1
1078280 914.7
1078290 923.9
1078300 923.9
1078310 913.5
1078320 892.0
1078330 892.0
1078340 866.7
1078350 855.5
1078360 855.5
1078370 842.9
1078380 829.2
1078390 829.2
1078400 821.3
1078410 812.3
1078420 812.3
1078430 803.8
1078440 791.8
1078450 791.8
1078460 777.2
1078470 769.3
1078480 761.9
1078490 761.9
1078500 753.8
1078510 746.4
1078520 746.4
1078530 738.3
1078540 738.4
1078550 738.4
1078560 747.0
1078570 749.1
1078580 749.1
1078590 755.7
1078600 758.9
1078610 758.9
1078620 764.7
1078630 772.4
1078640 772.4
1078650 777.5
1078660 798.6
1078670 798.6
1078680 809.2
1078690 817.6
1078700 825.3
1078710 825.3
1078720 828.2
1078730 827.6
1078740 827.6
1078750 827.4
1078760 829.7
1078770 829.7
1078780 832.4
1078790 842.0
1078800 842.0
1078810 853.5
1078820 863.3
1078830 863.3
1078840 872.7
1078850 881.1
1078860 881.1
1078870 890.8
1078880 914.7
1078890 914.7
1078900 928.3
1078910 923.5
1078920 931.0
1078930 928.7
1078940 932.6
1078950 936.2
1078960 936.2
1078970 938.2
1078980 940.2
1078990 940.2
1079000 944.3
1079010 952.2
1079020 952.2
1079030 962.7
1079040 971.4
1079050 971.4
1079060 976.5
1079070 980.5
1079080 980.5
1079090 982.1
1079100 982.5
1079110 982.5
1079120 983.3
1079130 985.8
1079140 985.8
1079150 988.8
1079160 992.0
1079170 992.0
1079180 995.4
1079190 998.7
1079200 1002.6
1079210 1002.6
1079220 1006.6
1079230 1011.7
1079240 1011.7
1079250 1017.7
1079260 1024.3
1079270 1024.3
1079280 1030.1
1079290 1036.5
1079300 1036.5
1079310 1043.0
1079320 1049.5
1079330 1049.5
1079340 1056.1
1079350 1062.8
1079360 1062.8
1079370 1069.7
1079380 1076.6
1079390 1076.6
1079400 1083.2
1079410 1089.8
1079420 1089.8
1079430 1096.0
1079440 1101.3
1079450 1105.2
1079460 1105.2
1079470 1108.6
1079480 1112.2
1079490 1112.2
1079500 1115.9
1079510 1119.6
1079520 1119.6
1079530 1123.3
1079540 1125.5
1079550 1125.5
1079560 1127.6
1079570 1129.3
1079580 1129.3
1079590 1131.7
1079600 1135.4
1079610 1135.4
1079620 1138.8
1079630 1141.0
1079640 1141.0
1079650 1142.6
1079660 1142.9
1079670 1142.9
1079680 1143.8
1079690 1145.0
1079700 1146.0
1079710 1146.0
1079720 1147.4
1079730 1149.7
1079740 1149.7
1079750 1153.2
1079760 1158.5
1079770 1158.5
1079780 1165.1
1079790 1171.8
1079800 1171.8
1079810 1177.4
1079820 1185.2
1079830 1185.2
1079840 1191.6
1079850 1198.1
1079860 1195.2
1079870 1200.5
1079880 1204.7
1079890 1204.7
1079900 1208.3
1079910 1211.7
1079920 1211.7
1079930 1215.6
1079940 1218.7
1079950 1221.0
1079960 1221.0
1079970 1224.2
1079980 1227.5
1079990 1227.5
