1064740 1923.5
1064750 1921.0
1064760 1921.0
1064770 1918.6
1064780 1920.7
1064790 1920.7
1064800 1916.5
1064810 1902.9
1064820 1902.9
1064830 1901.8
1064840 1900.7
1064850 1894.3
1064860 1894.8
1064870 1897.2
1064880 1897.2
1064890 1894.0
1064900 1891.3
1064910 1892.0
1064920 1892.0
1064930 1892.1
1064940 1894.8
1064950 1894.8
1064960 1888.0
1064970 1892.2
1064980 1892.2
1064990 1895.1
1065000 1893.3
1065010 1893.3
1065020 1889.6
1065030 1890.0
1065040 1890.0
1065050 1889.4
1065060 1882.6
1065070 1882.6
1065080 1880.8
1065090 1882.4
1065100 1882.4
1065110 1886.0
1065120 1889.1
1065130 1889.1
1065140 1886.8
1065150 1875.6
1065160 1871.7
1065170 1871.7
1065180 1865.8
1065190 1861.6
1065200 1861.6
1065210 1860.6
1065220 1858.2
1065230 1858.2
1065240 1857.3
1065250 1860.9
1065260 1860.9
1065270 1855.4
1065280 1849.4
1065290 1849.4
1065300 1844.7
1065310 1840.1
1065320 1840.1
1065330 1836.1
1065340 1840.0
1065350 1840.0
1065360 1844.5
1065370 1843.5
1065380 1843.5
1065390 1840.3
1065400 1844.3
1065410 1846.7
1065420 1846.7
1065430 1850.1
1065440 1853.3
1065450 1838.3
1065460 1835.8
1065470 1831.4
1065480 1831.4
1065490 1830.2
1065500 1829.0
1065510 1829.0
1065520 1827.0
1065530 1825.2
1065540 1825.2
1065550 1822.0
1065560 1819.4
1065570 1819.4
1065580 1816.6
1065590 1814.4
1065600 1814.4
1065610 1813.5
1065620 1815.9
1065630 1815.9
1065640 1815.6
1065650 1811.3
1065660 1811.7
1065670 1811.7
1065680 1809.3
1065690 1807.6
1065700 1807.6
1065710 1806.2
1065720 1801.9
1065730 1801.9
1065740 1797.2
1065750 1792.4
1065760 1785.7
1065770 1782.2
1065780 1780.7
1065790 1780.7
1065800 1780.9
1065810 1773.9
1065820 1773.9
1065830 1763.4
1065840 1765.7
1065850 1765.7
1065860 1768.8
1065870 1769.9
1065880 1769.9
1065890 1776.6
1065900 1780.3
1065910 1774.4
1065920 1774.4
1065930 1765.0
1065940 1757.3
1065950 1757.3
1065960 1749.4
1065970 1742.7
1065980 1742.7
1065990 1733.4
1066000 1730.8
1066010 1730.8
1066020 1727.3
1066030 1724.3
1066040 1724.3
1066050 1718.9
1066460 1581.9
1066470 1573.0
1066480 1573.0
1066490 1568.2
1066500 1563.2
1066510 1563.2
1066520 1557.9
1066530 1555.2
1066540 1555.2
1066550 1554.8
1066560 1551.3
1066570 1551.3
1066580 1545.0
1066590 1539.0
1066600 1539.0
1066610 1536.3
1066620 1529.2
1066630 1529.2
1066640 1523.3
1066650 1519.0
1066660 1506.1
1066670 1497.2
1066680 1489.0
1066690 1479.7
1066700 1479.7
1066710 1469.3
1066720 1462.7
1066730 1462.7
1066740 1457.1
1066750 1452.8
1066760 1452.8
1066770 1437.0
1066780 1433.9
1066790 1433.9
1066800 1426.3
1066810 1413.7
1066820 1413.7
1066830 1406.5
1066840 1400.9
1066850 1400.9
1066860 1389.8
1066870 1388.1
1066880 1385.7
1066890 1385.7
1066900 1381.5
1066910 1376.6
1066920 1376.6
1066930 1371.6
1066940 1355.1
1066950 1355.1
1066960 1337.6
1066970 1322.3
1066980 1322.3
1066990 1315.3
1067000 1307.3
1067010 1307.3
1067020 1297.4
1067030 1289.9
1067040 1289.9
1067050 1282.9
1067060 1279.5
1067070 1279.5
1067080 1272.5
1067090 1267.9
1067100 1267.9
1067110 1265.8
1067120 1265.3
1067130 1262.6
1067140 1262.6
1067150 1256.1
1067160 1246.7
1067170 1246.7
1067180 1240.5
1067190 1238.6
1067200 1238.6
1067210 1234.3
1067220 1226.7
1067230 1226.7
1067240 1224.0
1067250 1222.2
1067260 1222.2
1067270 1221.4
1067280 1213.4
1067290 1213.4
1067300 1211.7
1067310 1211.3
1067320 1211.3
1067330 1208.9
1067340 1204.4
1067350 1204.4
1067360 1198.9
1067370 1192.2
1067380 1185.1
1067390 1185.1
1067400 1176.4
1067410 1173.9
1067420 1173.9
1067430 1169.9
1067440 1164.2
1067450 1164.2
1067460 1161.5
1067470 1159.4
1067480 1159.4
1067490 1156.2
1067500 1152.5
1067510 1152.5
1067520 1147.7
1067530 1142.5
1067540 1142.5
1067550 1136.9
1067560 1131.6
1067570 1131.6
1067580 1124.0
1067590 1117.1
1067600 1117.1
1067610 1107.4
1067620 1097.6
1067630 1087.6
1067640 1087.6
1067650 1075.4
1067660 1066.8
1067670 1066.8
1067680 1057.9
1067690 1050.9
1067700 1050.9
1067710 1043.1
1067720 1031.3
1067730 1031.3
1067740 1023.6
1067750 1019.1
1067760 1019.1
1067770 1010.1
1067780 984.0
1067790 984.0
1067800 958.8
1067810 942.5
1067820 942.5
1067830 931.4
1067840 925.5
1067850 925.5
1067860 922.2
1067870 917.8
1067880 910.1
1067890 897.2
1067900 888.6
1067910 881.4
1067920 881.4
1067930 874.7
1067940 868.5
1067950 868.5
1067960 862.9
1067970 857.0
1067980 857.0
1067990 850.8
1068000 846.8
1068010 846.8
1068020 845.2
1068030 845.4
1068040 845.4
1068050 848.7
1068060 854.1
1068070 854.1
1068080 861.6
1068090 867.2
1068100 867.2
1068110 872.0
1068120 877.5
1068130 883.0
1068140 883.0
1068150 888.9
1068160 895.2
1068170 895.2
1068180 901.8
1068190 911.7
1068200 911.7
1068210 921.0
1068220 931.8
1068230 931.8
1068240 937.4
1068250 941.1
1068260 941.1
1068270 946.8
1068280 953.6
1068290 953.6
1068300 960.6
1068310 967.7
1068320 967.7
1068330 976.0
1068340 984.2
1068350 984.2
1068360 995.9
1068370 1007.4
1068380 1017.5
1068390 1017.5
1068400 1025.6
1068410 1033.4
1068420 1033.4
1068430 1040.3
1068440 1048.4
1068450 1048.4
1068460 1059.5
1068470 1067.1
1068480 1067.1
1068490 1075.6
1068500 1086.1
1068510 1086.1
1068520 1094.2
1068530 1105.2
1068540 1105.2
1068550 1117.4
1068560 1127.5
1068570 1127.5
1068580 1133.3
1068590 1138.6
1068600 1138.6
1068610 1144.2
1068620 1150.1
1068630 1155.8
1068640 1155.8
1068650 1161.7
1068660 1167.4
1068670 1167.4
1068680 1172.5
1068690 1177.9
1068700 1177.9
1068710 1183.5
1068720 1189.1
1068730 1189.1
1068740 1194.6
1068750 1200.1
1068760 1200.1
1068770 1205.5
1068780 1211.0
1068790 1211.0
1068800 1221.2
1068810 1226.9
1068820 1226.9
1068830 1232.9
1068840 1238.7
1068850 1238.7
1068860 1244.2
1068870 1250.3
1068880 1255.3
1068890 1255.3
1068900 1260.4
1068910 1267.0
1068920 1267.0
1068930 1274.1
1068940 1282.4
1068950 1282.4
1068960 1294.1
1068970 1301.4
1068980 1301.4
1068990 1308.3
1069000 1324.9
1069010 1324.9
1069020 1337.1
1069030 1347.6
1069040 1347.6
1069050 1358.9
1069060 1370.3
1069070 1370.3
1069080 1378.0
1069090 1384.4
1069100 1384.4
1069110 1397.1
1069120 1403.6
1069130 1410.6
1069140 1410.6
1069150 1416.7
1069160 1422.5
1069170 1422.5
1069180 1428.2
1069190 1433.7
1069200 1433.7
1069210 1436.8
1069220 1439.0
1069230 1439.0
1069240 1440.9
1069250 1442.9
1069260 1442.9
1069270 1445.0
1069280 1447.1
1069290 1447.1
1069300 1449.2
1069310 1450.9
1069320 1450.9
1069330 1453.8
1069340 1457.0
1069350 1457.0
1069360 1458.7
1069370 1460.8
1069380 1464.4
1069390 1464.4
1069400 1467.7
1069410 1470.1
1069420 1462.7
1069430 1465.0
1069440 1466.8
1069450 1466.8
1069460 1467.9
1069470 1469.5
1069480 1469.5
1069490 1471.2
1069500 1471.6
1069510 1471.6
1069520 1471.1
1069530 1472.0
1069540 1472.0
1069550 1473.4
1069560 1475.8
1069570 1475.8
1069580 1478.0
1069590 1480.2
1069600 1480.2
1069610 1482.3
1069620 1484.7
1069630 1487.7
1069640 1487.7
1069650 1492.1
1069660 1498.0
1069670 1498.0
1069680 1506.8
1069690 1519.2
1069700 1519.2
1069710 1525.5
1069720 1520.8
1069730 1520.8
1069740 1521.5
1069750 1526.1
1069760 1526.1
1069770 1532.1
1069780 1534.6
1069790 1534.6
1069800 1534.4
1069810 1536.4
1069820 1536.4
1069830 1539.3
1069840 1541.8
1069850 1541.8
1069860 1544.6
1069870 1549.1
1069880 1552.8
1069890 1552.8
1069900 1555.1
1069910 1560.3
1069920 1560.3
1069930 1566.4
1069940 1571.1
1069950 1571.1
1069960 1575.1
1069970 1578.8
1069980 1578.8
1069990 1584.6
1070000 1591.0
1070010 1591.0
1070020 1597.4
1070030 1596.5
1070040 1596.5
1070050 1600.3
1070060 1604.0
1070070 1604.0
1070080 1607.5
1070090 1610.8
1070100 1610.8
1070110 1613.9
1070120 1618.2
1070130 1624.6
1070140 1624.6
1070150 1629.6
1070160 1633.8
1070170 1633.8
1070180 1639.8
1070190 1643.7
1070200 1643.7
1070210 1648.6
1070220 1652.9
1070230 1652.9
1070240 1656.8
1070250 1659.8
1070260 1659.8
1070270 1664.2
1070280 1669.2
1070290 1669.2
1070300 1671.6
1070310 1675.6
1070320 1675.6
1070330 1669.8
1070340 1671.4
1070350 1671.4
1070360 1673.2
1070370 1675.9
1070380 1679.0
1070390 1679.0
1070400 1683.4
1070410 1689.8
1070420 1689.8
1070430 1697.1
1070440 1704.1
1070450 1704.1
1070460 1711.0
1070470 1717.7
1070480 1717.7
1070490 1724.8
1070500 1732.5
1070510 1732.5
1070520 1740.3
1070530 1747.8
1070540 1747.8
1070550 1754.8
1070560 1762.3
1070570 1762.3
1070580 1769.4
1070590 1776.0
1070600 1776.0
1070610 1782.9
1070620 1789.5
1070630 1796.2
1070640 1796.8
1070650 1804.4
1070660 1821.9
1070670 1821.9
1070680 1851.2
1070690 1847.7
1070700 1847.7
1070710 1840.3
1070720 1848.4
1070730 1848.4
1070740 1858.1
1070750 1864.3
1070760 1864.3
1070770 1869.2
1070780 1873.8
1070790 1873.8
1070800 1879.7
1070810 1884.9
1070820 1884.9
1070830 1890.2
1070840 1896.4
1070850 1896.4
1070860 1903.2
1070870 1909.9
1070880 1916.8
1070890 1916.8
1070900 1923.5
1070910 1929.9
1070920 1929.9
1070930 1935.3
1070940 1942.9
1070950 1944.2
1070960 1951.6
1070970 1959.0
1070980 1959.0
1070990 1966.4
1071000 1973.7
1071010 1973.7
1071020 1981.8
1071030 1989.4
1071040 1989.4
1071050 1997.3
1071060 2004.3
1071070 2004.3
1071080 2012.1
1071090 2019.7
1071100 2019.7
1071110 2018.3
1071120 2006.1
1071130 1992.3
1071140 1992.3
1071150 1986.5
1071160 1973.2
1071170 1973.2
1071180 1961.1
1071190 1949.7
1071200 1949.7
1071210 1924.0
1071220 1898.2
1071230 1898.2
1071240 1885.6
1071250 1884.8
1071260 1875.4
1071270 1870.2
1071280 1868.3
1071290 1868.3
1071300 1869.1
1071310 1872.7
1071320 1872.7
1071330 1871.2
1071340 1864.8
1071350 1864.8
1071360 1857.6
1071370 1846.3
1071380 1837.9
1071390 1837.9
1071400 1823.1
1071410 1780.5
1071420 1780.5
1071430 1785.3
1071440 1789.0
1071450 1789.0
1071460 1785.6
1071470 1757.6
1071480 1757.6
1071490 1723.9
1071500 1712.7
1071510 1712.7
1071520 1708.8
1071530 1704.5
1071540 1704.5
1071550 1699.2
1071560 1694.2
1071570 1694.2
1071580 1689.1
1071590 1683.8
1071600 1683.8
1071610 1678.5
1071620 1673.5
1071630 1668.8
1071640 1668.8
1071650 1663.7
1071660 1658.2
1071670 1658.2
1071680 1652.7
1071690 1648.1
1071700 1648.1
1071710 1643.2
1071720 1636.9
1071730 1636.9
1071740 1632.1
1071750 1627.1
1071760 1627.1
1071770 1622.0
1071780 1617.1
1071790 1617.1
1071800 1612.7
1071810 1607.7
1071820 1607.7
1071830 1603.6
1071840 1599.1
1071850 1599.1
1071860 1594.8
1071870 1594.2
1071880 1588.9
1071890 1588.9
1071900 1583.9
1071910 1579.2
1071920 1579.2
1071930 1575.5
1071940 1572.3
1071950 1572.3
1071960 1569.2
1071970 1566.3
1071980 1566.3
1071990 1564.8
1072000 1561.6
1072010 1561.6
1072020 1557.9
1072030 1554.1
1072040 1554.1
1072050 1550.1
1072060 1547.0
1072070 1547.0
1072080 1543.2
1072090 1539.1
1072100 1539.1
1072110 1535.3
1072120 1532.1
1072130 1529.4
1072140 1529.4
1072150 1526.7
1072160 1522.8
1072170 1522.8
1072180 1525.7
1072190 1525.2
1072200 1525.2
1072210 1523.9
1072220 1522.2
1072230 1522.2
1072240 1521.0
1072250 1521.1
1072260 1521.1
1072270 1519.4
1072280 1519.2
1072290 1519.2
1072300 1520.6
1072310 1520.7
1072320 1520.7
1072330 1518.6
1072340 1519.2
1072350 1519.2
1072360 1518.8
1072370 1518.2
1072380 1516.9
1072390 1516.9
1072400 1515.6
1072410 1514.8
1072420 1514.8
1072430 1514.6
1072440 1514.2
1072450 1514.2
1072460 1515.3
1072470 1517.5
1072480 1517.5
1072490 1527.7
1072500 1528.8
1072510 1528.8
1072520 1531.7
1072530 1533.9
1072540 1533.9
1072550 1536.6
1072560 1540.2
1072570 1540.2
1072580 1544.7
1072590 1547.9
1072600 1547.9
1072610 1549.1
1072620 1548.3
1072630 1544.6
1072640 1544.6
1072650 1540.2
1072660 1535.6
1072670 1535.6
1072680 1530.6
1072690 1526.0
1072700 1526.0
1072710 1522.1
1072720 1519.2
1072730 1519.2
1072740 1514.8
1072750 1507.7
1072760 1507.7
1072770 1498.2
1072780 1489.6
1072790 1489.6
1072800 1482.9
1072810 1476.6
1072820 1476.6
1072830 1470.3
1072840 1463.7
1072850 1463.7
1072860 1457.6
1072870 1451.0
1072880 1444.5
1072890 1444.5
1072900 1438.4
1072910 1432.1
1072920 1432.1
1072930 1425.9
1072940 1419.4
1072950 1419.4
1072960 1412.9
1072970 1406.4
1072980 1406.4
1072990 1399.8
1073000 1393.8
1073010 1393.8
1073020 1388.1
1073030 1382.9
1073040 1382.9
1073050 1377.9
1073060 1372.6
1073070 1372.6
1073080 1367.2
1073090 1361.9
1073100 1357.1
1073110 1356.8
1073120 1350.8
1073130 1342.4
1073140 1342.4
1073150 1334.7
1073160 1327.0
1073170 1327.0
1073180 1321.1
1073190 1314.9
1073200 1314.9
1073210 1309.4
1073220 1304.5
1073230 1304.5
1073240 1298.5
1073250 1291.5
1073260 1291.5
1073270 1285.7
1073280 1278.7
1073290 1278.7
1073300 1271.6
1073310 1264.9
1073320 1264.9
1073330 1258.7
1073340 1253.8
1073350 1249.4
1073360 1249.4
1073370 1244.1
1073380 1238.9
1073390 1238.9
1073400 1231.9
1073410 1226.0
1073420 1223.3
1073430 1218.2
1073440 1213.3
1073450 1213.3
1073460 1210.5
1073470 1210.5
1073480 1210.5
1073490 1212.2
1073500 1213.6
1073510 1213.6
1073520 1214.2
1073530 1215.7
1073540 1215.7
1073550 1216.7
1073560 1219.6
1073570 1219.6
1073580 1223.4
1073590 1228.9
1073600 1233.6
1073610 1233.6
1073620 1238.3
1073630 1242.3
1073640 1242.3
1073650 1245.9
1073660 1244.8
1073670 1244.8
1073680 1245.5
1073690 1249.2
1073700 1249.2
1073710 1252.4
1073720 1259.5
1073730 1259.5
1073740 1263.1
1073750 1266.5
1073760 1266.5
1073770 1271.2
1073780 1277.0
1073790 1277.0
1073800 1283.8
1073810 1291.0
1073820 1291.0
1073830 1298.8
1073840 1306.2
1073850 1307.2
1073860 1307.2
1073870 1303.4
1073880 1299.7
1073890 1299.7
1073900 1297.2
1073910 1296.7
1073920 1296.7
1073930 1297.5
1073940 1298.8
1073950 1298.8
1073960 1297.3
1073970 1291.5
1073980 1291.5
1073990 1286.2
1074000 1285.1
1074010 1285.1
1074020 1287.8
1074030 1296.0
1074040 1296.0
1074050 1303.5
1074060 1304.7
1074070 1304.7
1074080 1306.1
1074090 1311.8
1074100 1318.2
1074110 1318.2
1074120 1322.4
1074130 1327.1
1074140 1327.1
1074150 1333.0
1074160 1338.6
1074170 1338.6
1074180 1344.8
1074190 1352.2
1074200 1352.2
1074210 1361.1
1074220 1370.1
1074230 1370.1
1074240 1378.5
1074250 1385.7
1074260 1385.7
1074270 1386.8
1074280 1384.5
1074290 1384.5
1074300 1382.5
1074310 1382.4
1074320 1382.4
1074330 1384.5
1074340 1386.2
1074350 1388.4
1074360 1388.4
1074370 1389.4
1074380 1390.5
1074390 1390.5
1074400 1392.4
1074410 1395.2
1074420 1395.2
1074430 1397.8
1074440 1400.5
1074450 1400.5
1074460 1403.8
1074470 1407.7
1074480 1407.7
1074490 1411.9
1074500 1416.0
1074510 1416.0
1074520 1419.5
1074530 1422.8
1074540 1422.8
1074550 1426.3
1074560 1430.2
1074570 1430.2
1074580 1433.7
1074590 1437.8
1074600 1442.1
1074610 1442.1
1074620 1445.5
1074630 1446.7
1074640 1446.7
1074650 1449.7
1074660 1452.4
1074670 1452.4
1074680 1455.2
1074690 1457.8
1074700 1457.8
1074710 1461.3
1074720 1465.6
1074730 1465.6
1074740 1470.4
1074750 1475.4
1074760 1475.4
1074770 1480.7
1074780 1486.1
1074790 1486.1
1074800 1491.5
1074810 1496.9
1074820 1496.9
1074830 1502.7
1074840 1508.7
1074850 1514.5
1074860 1514.5
1074870 1520.5
1074880 1526.6
1074890 1526.6
1074900 1532.9
1074910 1539.0
1074920 1539.0
1074930 1545.2
1074940 1551.6
1074950 1551.6
1074960 1555.2
1074970 1561.8
1074980 1561.8
1074990 1568.2
1075000 1574.5
1075010 1574.5
1075020 1580.4
1075030 1586.7
1075040 1586.7
1075050 1592.9
1075060 1598.9
1075070 1598.9
1075080 1604.8
1075090 1610.7
1075100 1616.4
1075110 1616.4
1075120 1621.5
1075130 1626.9
1075140 1626.9
1075150 1633.0
1075160 1638.5
1075170 1638.5
1075180 1643.8
1075190 1648.8
1075200 1648.8
1075210 1653.8
1075220 1658.6
1075230 1658.6
1075240 1663.1
1075250 1667.7
1075260 1667.7
1075270 1667.8
1075280 1671.3
1075290 1671.3
1075300 1674.3
1075310 1675.6
1075320 1675.6
1075330 1674.5
1075340 1670.8
1075350 1666.5
1075360 1666.5
1075370 1663.5
1075380 1663.1
1075390 1663.1
1075400 1666.0
1075410 1668.2
1075420 1668.2
1075430 1668.6
1075440 1667.3
1075450 1667.3
1075460 1664.6
1075470 1665.8
1075480 1665.8
1075490 1665.6
1075500 1660.4
1075510 1660.4
1075520 1662.7
1075530 1659.0
1075540 1659.0
1075550 1643.3
1075560 1628.2
1075570 1628.2
1075580 1618.8
1075590 1613.1
1075600 1606.3
1075610 1606.3
1075620 1600.7
1075630 1596.8
1075640 1596.8
1075650 1594.3
1075660 1590.4
1075670 1590.4
1075680 1588.7
1075690 1589.3
1075700 1589.3
1075710 1588.7
1075720 1587.7
1075730 1587.7
1075740 1584.0
1075750 1578.8
1075760 1578.8
1075770 1573.9
1075780 1569.5
1075790 1569.5
1075800 1568.3
1075810 1569.5
1075820 1569.5
1075830 1569.1
1075840 1564.5
1075850 1558.0
1075860 1558.0
1075870 1561.5
1075880 1565.1
1075890 1565.1
1075900 1570.6
1075910 1566.8
1075920 1566.8
1075930 1564.1
1075940 1561.3
1075950 1561.3
1075960 1562.3
1075970 1562.2
1075980 1562.2
1075990 1557.9
1076000 1553.7
1076010 1553.7
1076020 1549.9
1076030 1545.5
1076040 1545.5
1076050 1540.9
1076060 1535.3
1076070 1535.3
1076080 1529.3
1076090 1521.5
1076100 1514.3
1076110 1514.3
1076120 1508.4
1076130 1505.2
1076140 1505.2
1076150 1503.7
1076160 1504.0
1076170 1504.0
1076180 1508.0
1076190 1511.9
1076200 1511.9
1076210 1523.2
1076220 1528.9
1076230 1528.9
1076240 1534.8
1076250 1541.9
1076260 1541.9
1076270 1546.4
1076280 1542.0
1076290 1542.0
1076300 1538.3
1076310 1531.1
1076320 1531.1
1076330 1525.5
1076340 1523.3
1076350 1523.1
1076360 1523.1
1076370 1522.8
1076380 1522.0
1076390 1522.0
1076400 1521.5
1076410 1520.0
1076420 1520.0
1076430 1517.0
1076440 1510.4
1076450 1510.4
1076460 1502.0
1076470 1493.8
1076480 1493.8
1076490 1485.9
1076500 1477.9
1076510 1477.9
1076520 1469.6
1076530 1462.1
1076540 1462.1
1076550 1454.3
1076560 1446.7
1076570 1446.7
1076580 1438.9
1076590 1431.3
1076600 1422.3
1076610 1422.3
1076620 1412.8
1076630 1403.2
1076640 1403.2
1076650 1393.9
1076660 1384.7
1076670 1384.7
1076680 1375.8
1076690 1367.2
1076700 1367.2
1076710 1358.0
1076720 1347.8
1076730 1347.8
1076740 1338.1
1076750 1329.7
1076760 1329.7
1076770 1322.5
1076780 1315.9
1076790 1315.9
1076800 1309.4
1076810 1303.3
1076820 1303.3
1076830 1302.4
1076840 1296.8
1076850 1290.4
1076860 1290.4
1076870 1284.0
1076880 1276.0
1076890 1276.0
1076900 1266.9
1076910 1258.4
1076920 1258.4
1076930 1250.3
1076940 1242.0
1076950 1242.0
1076960 1233.8
1076970 1225.6
1076980 1225.6
1076990 1215.0
1077000 1208.3
1077010 1208.3
1077020 1200.1
1077030 1192.6
1077040 1192.6
1077050 1185.2
1077060 1178.0
1077070 1178.0
1077080 1171.1
1077090 1164.3
1077100 1156.8
1077110 1156.8
1077120 1149.7
1077130 1140.3
1077140 1142.4
1077150 1134.3
1077160 1126.0
1077170 1126.0
1077180 1117.8
1077190 1109.9
1077200 1109.9
1077210 1102.0
1077220 1092.8
1077230 1092.8
1077240 1084.6
1077250 1076.9
1077260 1076.9
1077270 1069.3
1077280 1061.0
1077290 1061.0
1077300 1052.0
1077310 1045.4
1077320 1045.4
1077330 1041.8
1077340 1036.7
1077350 1032.4
1077360 1032.4
1077370 1029.7
1077380 1023.4
1077390 1023.4
1077400 1015.7
1077410 1007.0
1077420 1007.0
1077430 997.5
1077440 987.5
1077450 989.4
1077460 979.8
1077470 970.2
1077480 970.2
1077490 962.3
1077500 955.8
1077510 955.8
1077520 951.4
1077530 949.9
1077540 949.9
1077550 949.6
1077560 948.5
1077570 948.5
1077580 947.3
1077590 946.9
1077600 947.1
1077610 947.1
1077620 947.2
1077630 944.3
1077640 944.3
1077650 941.1
1077660 936.9
1077670 936.9
1077680 930.1
1077690 925.1
1077700 925.1
1077710 921.1
1077720 916.2
1077730 916.2
1077740 910.2
1077750 904.1
1077760 904.1
1077770 894.1
1077780 888.1
1077790 888.1
1077800 882.4
1077810 876.5
1077820 876.5
1077830 870.9
1077840 865.4
1077850 860.5
1077860 860.5
1077870 856.8
1077880 855.6
1077890 855.6
1077900 856.1
1077910 857.2
1077920 857.2
1077930 858.7
1077940 859.5
1077950 859.5
1077960 858.9
1077970 859.1
1077980 859.1
1077990 858.9
1078000 858.8
1078010 858.8
1078020 857.2
1078030 854.0
1078040 854.0
1078050 849.2
1078060 840.2
1078070 832.0
1078080 829.3
1078090 821.5
1078100 813.6
1078110 813.6
1078120 806.2
1078130 797.0
1078140 797.0
1078150 788.6
1078160 782.5
1078170 782.5
1078180 776.4
1078190 767.8
1078200 767.8
1078210 758.9
1078220 750.0
1078230 750.0
1078240 741.5
1078250 731.8
1078260 731.8
1078270 721.7
1078280 714.1
1078290 714.1
1078300 706.3
1078310 699.9
1078320 695.1
1078330 695.1
1078340 689.7
1078350 688.4
1078360 688.4
1078370 699.5
1078380 710.3
1078390 704.9
1078400 717.0
1078410 724.9
1078420 724.9
1078430 729.1
1078440 733.3
1078450 733.3
1078460 736.8
1078470 740.9
1078480 740.9
1078490 749.7
1078500 764.6
1078510 764.6
1078520 778.0
1078530 783.1
1078540 783.1
1078550 787.9
1078560 792.9
1078570 797.2
1078580 797.2
1078590 801.9
1078600 806.3
1078610 806.3
1078620 811.1
1078630 816.6
1078640 816.6
1078650 822.6
1078660 828.8
1078670 828.8
1078680 835.0
1078690 839.9
1078700 839.9
1078710 838.8
1078720 843.2
1078730 843.2
1078740 848.3
1078750 851.2
1078760 851.2
1078770 854.2
1078780 856.8
1078790 856.8
1078800 858.5
1078810 858.4
1078820 859.6
1078830 859.6
1078840 864.2
1078850 869.9
1078860 869.9
1078870 876.7
1078880 882.9
1078890 882.9
1078900 890.6
1078910 896.6
1078920 896.6
1078930 903.0
1078940 910.0
1078950 910.0
1078960 916.3
1078970 921.1
1078980 921.1
1078990 922.5
1079000 924.5
1079010 924.5
1079020 935.3
1079030 936.8
1079040 936.8
1079050 937.1
1079060 938.7
1079070 941.4
1079080 941.4
1079090 943.0
1079100 941.2
1079110 941.2
1079120 943.9
1079130 948.1
1079140 948.1
1079150 954.0
1079160 961.1
1079170 961.1
1079180 968.2
1079190 976.2
1079200 976.2
1079210 984.6
1079220 991.1
1079230 991.1
1079240 999.0
1079250 1005.8
1079260 1005.8
1079270 1011.3
1079280 1016.3
1079290 1016.3
1079300 1021.6
1079310 1025.9
1079320 1030.2
1079330 1034.8
1079340 1038.9
1079350 1041.5
1079360 1041.5
1079370 1046.8
1079380 1054.4
1079390 1054.4
1079400 1059.5
1079410 1062.9
1079420 1062.9
1079430 1066.5
1079440 1069.8
1079450 1069.8
1079460 1075.3
1079470 1082.8
1079480 1082.8
1079490 1089.2
1079500 1095.3
1079510 1095.3
1079520 1101.1
1079530 1106.6
1079540 1106.6
1079550 1111.7
1079560 1116.5
1079570 1121.1
1079580 1121.1
1079590 1126.5
1079600 1132.9
1079610 1132.9
1079620 1139.5
1079630 1145.4
1079640 1145.4
1079650 1160.5
1079660 1169.1
1079670 1169.1
1079680 1179.0
1079690 1188.0
1079700 1188.0
1079710 1195.6
1079720 1202.4
1079730 1202.4
1079740 1205.9
1079750 1207.4
1079760 1207.4
1079770 1208.3
1079780 1209.9
1079790 1209.9
1079800 1211.0
1079810 1211.2
1079820 1210.9
1079830 1210.9
1079840 1209.6
1079850 1203.7
1079860 1203.7
1079870 1192.4
1079880 1173.5
1079890 1173.5
1079900 1163.8
1079910 1157.7
1079920 1157.7
1079930 1153.0
1079940 1147.7
1079950 1147.7
1079960 1148.4
1079970 1143.6
1079980 1143.6
1079990 1138.3
