1066720 1376.6
1066730 1376.6
1066740 1376.6
1066750 1376.4
1066760 1374.4
1066770 1374.4
1066780 1370.1
1066790 1363.7
1066800 1363.7
1066810 1356.0
1066820 1347.9
1066830 1347.9
1066840 1341.0
1066850 1333.9
1066860 1333.9
1066870 1328.2
1066880 1320.6
1066890 1320.6
1066900 1307.0
1066910 1298.6
1066920 1290.7
1066930 1290.7
1066940 1281.1
1066950 1272.9
1066960 1272.9
1066970 1262.3
1066980 1252.8
1066990 1252.8
1067000 1242.3
1067010 1242.2
1067020 1242.2
1067030 1242.5
1067040 1239.6
1067050 1239.6
1067060 1235.0
1067070 1231.0
1067080 1231.0
1067090 1228.4
1067100 1225.4
1067110 1225.4
1067120 1219.5
1067130 1215.3
1067140 1215.3
1067150 1211.7
1067160 1205.8
1067170 1199.6
1067180 1199.6
1067190 1192.7
1067200 1185.5
1067210 1184.1
1067220 1177.3
1067230 1172.2
1067240 1172.2
1067250 1165.0
1067260 1156.2
1067270 1156.2
1067280 1148.9
1067290 1142.5
1067300 1142.5
1067310 1139.2
1067320 1134.9
1067330 1134.9
1067340 1128.5
1067350 1122.4
1067360 1122.4
1067370 1115.2
1067380 1107.5
1067390 1107.5
1067400 1099.3
1067410 1091.1
1067420 1081.2
1067430 1081.2
1067440 1071.5
1067450 1062.2
1067460 1062.2
1067470 1054.1
1067480 1048.4
1067490 1048.4
1067500 1040.1
1067510 1031.3
1067520 1031.3
1067530 1025.2
1067540 1027.3
1067550 1027.3
1067560 1029.0
1067570 1030.9
1067580 1030.9
1067590 1030.6
1067600 1024.8
1067610 1024.8
1067620 1017.9
1067630 1012.6
1067640 1012.6
1067650 1009.4
1067660 1002.1
1067670 998.0
1067680 998.0
1067690 999.3
1067700 998.7
1067710 998.7
1067720 997.4
1067730 998.0
1067740 998.0
1067750 994.3
1067760 987.0
1067770 987.0
1067780 983.4
1067790 984.2
1067800 984.2
1067810 976.7
1067820 971.8
1067830 971.8
1067840 966.8
1067850 957.0
1067860 957.0
1067870 931.6
1067880 911.5
1067890 894.9
1067900 894.9
1067910 880.9
1067920 859.5
1067930 859.5
1067940 853.9
1067950 854.7
1067960 854.7
1067970 856.6
1067980 859.7
1067990 859.7
1068000 866.0
1068010 874.0
1068020 874.0
1068030 878.6
1068040 882.9
1068050 882.9
1068060 887.9
1068070 893.8
1068080 893.8
1068090 899.8
1068100 906.7
1068110 906.7
1068120 915.0
1068130 922.1
1068140 929.9
1068150 929.9
1068160 938.1
1068170 947.1
1068180 947.1
1068190 956.0
1068200 965.2
1068210 965.2
1068220 974.4
1068230 983.2
1068240 983.2
1068250 991.2
1068260 996.1
1068270 996.1
1068280 1000.9
1068290 1010.0
1068300 1010.0
1068310 1021.3
1068320 1031.9
1068330 1031.9
1068340 1038.1
1068350 1046.8
1068360 1046.8
1068370 1055.8
1068380 1063.7
1068390 1071.5
1068400 1071.5
1068410 1080.0
1068420 1088.6
1068430 1088.0
1068440 1097.4
1068450 1107.3
1068460 1107.3
1068470 1116.4
1068480 1126.8
1068490 1126.8
1068500 1135.4
1068510 1141.9
1068520 1141.9
1068530 1147.9
1068540 1154.0
1068550 1154.0
1068560 1160.4
1068570 1166.6
1068580 1166.6
1068590 1173.3
1068600 1179.9
1068610 1179.9
1068620 1186.8
1068630 1194.3
1068640 1202.8
1068650 1202.8
1068660 1212.2
1068670 1220.1
1068680 1220.1
1068690 1227.2
1068700 1234.8
1068710 1234.8
1068720 1244.9
1068730 1258.5
1068740 1258.5
1068750 1263.5
1068760 1268.4
1068770 1268.4
1068780 1272.9
1068790 1277.2
1068800 1277.2
1068810 1281.4
1068820 1286.5
1068830 1286.5
1068840 1291.8
1068850 1297.3
1068860 1297.3
1068870 1300.4
1068880 1303.6
1068890 1309.4
1068900 1309.4
1068910 1314.3
1068920 1318.1
1068930 1318.1
1068940 1320.9
1068950 1323.4
1068960 1323.4
1068970 1326.0
1068980 1328.6
1068990 1328.6
1069000 1330.9
1069010 1333.3
1069020 1333.3
1069030 1334.5
1069040 1326.8
1069050 1326.8
1069060 1327.5
1069070 1329.2
1069080 1329.2
1069090 1330.6
1069100 1330.7
1069110 1330.7
1069120 1331.0
1069130 1330.1
1069140 1329.6
1069150 1329.6
1069160 1329.0
1069170 1328.9
1069180 1328.9
1069190 1327.0
1069200 1327.3
1069210 1327.3
1069220 1331.3
1069230 1332.5
1069240 1332.5
1069250 1332.4
1069260 1336.4
1069270 1336.4
1069280 1337.8
1069290 1339.8
1069300 1339.8
1069310 1343.2
1069320 1347.7
1069330 1347.7
1069340 1343.5
1069350 1346.6
1069360 1346.6
1069370 1350.5
1069380 1356.0
1069390 1359.1
1069400 1359.1
1069410 1362.1
1069420 1366.1
1069430 1366.1
1069440 1369.9
1069450 1371.9
1069460 1371.9
1069470 1375.5
1069480 1380.3
1069490 1380.3
1069500 1385.4
1069510 1389.5
1069520 1389.5
1069530 1394.3
1069540 1397.7
1069550 1397.7
1069560 1400.4
1069570 1403.7
1069580 1403.7
1069590 1407.6
1069600 1411.5
1069610 1411.5
1069620 1416.3
1069630 1421.1
1069640 1424.9
1069650 1417.1
1069660 1421.3
1069670 1425.9
1069680 1425.9
1069690 1431.6
1069700 1437.9
1069710 1437.9
1069720 1444.1
1069730 1447.3
1069740 1447.3
1069750 1448.7
1069760 1451.1
1069770 1451.1
1069780 1455.4
1069790 1459.6
1069800 1459.6
1069810 1465.1
1069820 1471.0
1069830 1471.0
1069840 1475.1
1069850 1479.5
1069860 1479.5
1069870 1484.1
1069880 1488.7
1069890 1493.7
1069900 1493.7
1069910 1499.8
1069920 1507.1
1069930 1507.1
1069940 1514.2
1069950 1520.9
1069960 1526.0
1069970 1531.8
1069980 1537.2
1069990 1537.2
1070000 1542.4
1070010 1547.6
1070020 1547.6
1070030 1552.8
1070040 1557.6
1070050 1557.6
1070060 1562.4
1070070 1567.1
1070080 1567.1
1070090 1572.2
1070100 1577.3
1070110 1577.3
1070120 1582.9
1070130 1587.4
1070140 1590.1
1070150 1590.1
1070160 1594.3
1070170 1601.1
1070180 1601.1
1070190 1609.2
1070200 1617.4
1070210 1617.4
1070220 1626.4
1070230 1634.6
1070240 1634.6
1070250 1640.4
1070260 1645.5
1070270 1645.5
1070280 1651.0
1070290 1656.3
1070300 1656.3
1070310 1662.1
1070320 1667.9
1070330 1667.9
1070340 1674.0
1070350 1680.0
1070360 1680.0
1070370 1686.0
1070380 1691.7
1070390 1697.7
1070400 1697.7
1070410 1703.6
1070420 1709.7
1070430 1709.7
1070440 1716.1
1070450 1722.1
1070460 1722.1
1070470 1728.2
1070480 1734.2
1070490 1734.2
1070500 1740.5
1070510 1746.7
1070520 1746.7
1070530 1752.8
1070540 1758.6
1070550 1758.6
1070560 1764.6
1070570 1774.3
1070580 1774.3
1070590 1780.0
1070600 1785.9
1070610 1785.9
1070620 1792.0
1070630 1798.4
1070640 1804.7
1070650 1804.7
1070660 1810.9
1070670 1818.6
1070680 1818.6
1070690 1822.2
1070700 1825.7
1070710 1825.7
1070720 1829.4
1070730 1833.7
1070740 1833.7
1070750 1838.6
1070760 1844.8
1070770 1844.8
1070780 1850.5
1070790 1854.5
1070800 1854.5
1070810 1860.7
1070820 1867.6
1070830 1867.6
1070840 1875.5
1070850 1883.1
1070860 1883.1
1070870 1890.3
1070880 1899.0
1070890 1906.4
1070900 1906.4
1070910 1913.8
1070920 1920.9
1070930 1920.9
1070940 1928.6
1070950 1935.8
1070960 1935.8
1070970 1942.7
1070980 1949.8
1070990 1949.8
1071000 1957.2
1071010 1964.6
1071020 1964.6
1071030 1971.6
1071040 1978.8
1071050 1978.8
1071060 1985.9
1071070 1993.6
1071080 1993.6
1071090 2001.3
1071100 2008.8
1071110 2008.8
1071120 2015.7
1071130 2021.7
1071140 2003.1
1071150 2003.1
1071160 1973.9
1071170 1959.3
1071180 1954.7
1071190 1943.8
1071200 1934.7
1071210 1934.7
1071220 1930.1
1071230 1922.6
1071240 1922.6
1071250 1925.8
1071260 1930.3
1071270 1930.3
1071280 1945.8
1071290 1954.2
1071300 1954.2
1071310 1952.4
1071320 1951.6
1071330 1951.6
1071340 1951.0
1071350 1952.7
1071360 1952.7
1071370 1950.2
1071380 1947.6
1071390 1937.9
1071400 1937.9
1071410 1922.3
1071420 1894.9
1071430 1894.9
1071440 1878.8
1071450 1870.0
1071460 1870.0
1071470 1867.1
1071480 1856.8
1071490 1864.9
1071500 1855.0
1071510 1844.1
1071520 1844.1
1071530 1828.8
1071540 1817.7
1071550 1817.7
1071560 1796.5
1071570 1779.0
1071580 1779.0
1071590 1771.5
1071600 1764.1
1071610 1764.1
1071620 1761.4
1071630 1767.3
1071640 1772.7
1071650 1772.7
1071660 1778.4
1071670 1780.7
1071680 1780.7
1071690 1781.0
1071700 1778.8
1071710 1778.8
1071720 1772.2
1071730 1764.2
1071740 1764.2
1071750 1753.5
1071760 1744.7
1071770 1744.7
1071780 1759.9
1071790 1744.2
1071800 1750.2
1071810 1750.0
1071820 1736.7
1071830 1736.7
1071840 1722.6
1071850 1723.5
1071860 1723.5
1071870 1717.9
1071880 1732.3
1071890 1736.5
1071900 1736.5
1071910 1738.7
1071920 1735.7
1071930 1735.7
1071940 1729.0
1071950 1721.7
1071960 1721.7
1071970 1718.2
1071980 1710.6
1071990 1710.6
1072000 1703.1
1072010 1707.7
1072020 1707.7
1072030 1732.5
1072040 1738.3
1072050 1738.3
1072060 1727.7
1072070 1721.2
1072080 1721.2
1072090 1716.3
1072100 1709.4
1072110 1730.8
1072120 1718.5
1072130 1712.9
1072140 1712.3
1072150 1712.3
1072160 1710.2
1072170 1704.7
1072180 1704.7
1072190 1694.6
1072200 1678.0
1072210 1678.0
1072220 1671.8
1072230 1663.3
1072240 1663.3
1072250 1656.7
1072260 1649.3
1072270 1649.3
1072280 1641.5
1072290 1633.7
1072300 1633.7
1072310 1627.2
1072320 1621.9
1072330 1621.9
1072340 1615.9
1072350 1609.7
1072360 1609.7
1072370 1603.9
1072380 1598.1
1072390 1591.2
1072400 1591.2
1072410 1584.6
1072420 1574.3
1072430 1574.3
1072440 1567.0
1072450 1564.1
1072460 1564.1
1072470 1559.3
1072480 1553.1
1072490 1553.1
1072500 1544.6
1072510 1536.6
1072520 1536.6
1072530 1533.6
1072540 1534.2
1072550 1534.2
1072560 1531.4
1072570 1526.1
1072580 1526.1
1072590 1518.7
1072600 1512.6
1072610 1512.6
1072620 1511.0
1072630 1508.1
1072640 1509.9
1072650 1509.9
1072660 1511.3
1072670 1514.3
1072680 1514.3
1072690 1513.3
1072700 1511.7
1072710 1511.7
1072720 1500.3
1072730 1499.5
1072740 1499.5
1072750 1497.0
1072760 1492.3
1072770 1492.3
1072780 1485.7
1072790 1478.6
1072800 1478.6
1072810 1472.3
1072820 1466.5
1072830 1466.5
1072840 1459.6
1072850 1453.0
1072860 1449.9
1072870 1449.9
1072880 1449.3
1072890 1437.8
1072900 1437.8
1072910 1422.6
1072920 1416.2
1072930 1416.2
1072940 1407.8
1072950 1399.0
1072960 1399.0
1072970 1389.3
1072980 1380.8
1072990 1380.8
1073000 1373.0
1073010 1365.1
1073020 1365.1
1073030 1359.1
1073040 1355.1
1073050 1355.1
1073060 1351.2
1073070 1344.3
1073080 1344.3
1073090 1336.3
1073100 1328.7
1073110 1321.6
1073120 1321.6
1073130 1314.9
1073140 1308.4
1073150 1308.4
1073160 1302.3
1073170 1296.3
1073180 1296.3
1073190 1291.9
1073200 1288.4
1073210 1288.4
1073220 1283.8
1073230 1280.3
1073240 1280.3
1073250 1277.0
1073260 1274.3
1073270 1274.3
1073280 1270.7
1073290 1265.1
1073300 1265.1
1073310 1256.2
1073320 1248.0
1073330 1248.0
1073340 1240.7
1073350 1238.4
1073360 1238.9
1073370 1238.9
1073380 1240.4
1073390 1241.2
1073400 1241.2
1073410 1242.6
1073420 1247.3
1073430 1247.3
1073440 1254.0
1073450 1257.5
1073460 1257.5
1073470 1261.5
1073480 1267.3
1073490 1267.3
1073500 1275.1
1073510 1280.2
1073520 1280.2
1073530 1277.6
1073540 1275.3
1073550 1275.3
1073560 1275.3
1073570 1274.5
1073580 1274.5
1073590 1278.1
1073600 1284.0
1073610 1289.0
1073620 1289.0
1073630 1295.2
1073640 1302.8
1073650 1306.1
1073660 1314.2
1073670 1319.4
1073680 1319.4
1073690 1324.0
1073700 1329.3
1073710 1329.3
1073720 1332.8
1073730 1332.0
1073740 1332.0
1073750 1331.6
1073760 1332.2
1073770 1332.2
1073780 1332.8
1073790 1331.5
1073800 1331.5
1073810 1330.2
1073820 1330.1
1073830 1330.1
1073840 1330.6
1073850 1332.4
1073860 1333.4
1073870 1333.4
1073880 1333.2
1073890 1332.7
1073900 1332.7
1073910 1332.5
1073920 1333.3
1073930 1333.3
1073940 1333.8
1073950 1334.1
1073960 1336.2
1073970 1336.2
1073980 1336.7
1073990 1336.7
1074000 1338.1
1074010 1340.4
1074020 1340.4
1074030 1342.4
1074040 1343.7
1074050 1343.7
1074060 1344.9
1074070 1345.3
1074080 1345.3
1074090 1346.2
1074100 1350.9
1074110 1355.8
1074120 1355.8
1074130 1360.8
1074140 1365.6
1074150 1365.6
1074160 1369.8
1074170 1372.7
1074180 1372.7
1074190 1374.0
1074200 1374.1
1074210 1374.1
1074220 1373.4
1074230 1373.0
1074240 1373.0
1074250 1372.6
1074260 1375.0
1074270 1375.5
1074280 1379.3
1074290 1381.0
1074300 1381.0
1074310 1379.1
1074320 1379.7
1074330 1379.7
1074340 1379.7
1074350 1378.6
1074360 1379.0
1074370 1379.0
1074380 1379.6
1074390 1380.8
1074400 1380.8
1074410 1381.7
1074420 1382.6
1074430 1382.6
1074440 1383.4
1074450 1384.1
1074460 1384.1
1074470 1384.8
1074480 1385.8
1074490 1385.8
1074500 1387.1
1074510 1389.6
1074520 1389.6
1074530 1393.1
1074540 1397.6
1074550 1397.6
1074560 1402.5
1074570 1407.5
1074580 1405.4
1074590 1410.3
1074600 1415.0
1074610 1419.4
1074620 1419.4
1074630 1424.0
1074640 1428.3
1074650 1428.3
1074660 1433.0
1074670 1438.0
1074680 1438.0
1074690 1442.3
1074700 1444.4
1074710 1444.4
1074720 1446.8
1074730 1449.4
1074740 1449.4
1074750 1452.6
1074760 1455.6
1074770 1455.6
1074780 1458.2
1074790 1461.7
1074800 1461.7
1074810 1466.1
1074820 1471.0
1074830 1471.0
1074840 1475.8
1074850 1480.1
1074860 1484.1
1074870 1484.1
1074880 1488.4
1074890 1490.6
1074900 1490.6
1074910 1494.0
1074920 1497.1
1074930 1497.1
1074940 1500.4
1074950 1504.0
1074960 1504.0
1074970 1508.5
1074980 1512.9
1074990 1512.9
1075000 1517.2
1075010 1521.6
1075020 1521.6
1075030 1526.2
1075040 1530.6
1075050 1530.6
1075060 1535.2
1075070 1539.7
1075080 1539.7
1075090 1544.2
1075100 1549.0
1075110 1553.3
1075120 1553.3
1075130 1557.8
1075140 1562.5
1075150 1562.5
1075160 1567.1
1075170 1571.7
1075180 1571.7
1075190 1576.3
1075200 1576.9
1075210 1576.9
1075220 1581.8
1075230 1586.7
1075240 1586.7
1075250 1591.8
1075260 1596.9
1075270 1596.9
1075280 1602.3
1075290 1607.8
1075300 1607.8
1075310 1613.1
1075320 1618.5
1075330 1618.5
1075340 1623.9
1075350 1629.5
1075360 1635.1
1075370 1635.1
1075380 1640.5
1075390 1645.6
1075400 1645.6
1075410 1650.5
1075420 1655.4
1075430 1655.4
1075440 1660.1
1075450 1665.0
1075460 1665.0
1075470 1669.8
1075480 1674.4
1075490 1674.4
1075500 1678.5
1075510 1677.8
1075520 1677.8
1075530 1681.6
1075540 1685.0
1075550 1685.0
1075560 1688.2
1075570 1691.1
1075580 1691.1
1075590 1693.5
1075600 1695.0
1075610 1695.8
1075620 1695.8
1075630 1696.1
1075640 1696.4
1075650 1696.4
1075660 1696.4
1075670 1696.9
1075680 1696.9
1075690 1698.6
1075700 1697.0
1075710 1697.0
1075720 1693.4
1075730 1689.2
1075740 1689.2
1075750 1686.8
1075760 1684.0
1075770 1684.0
1075780 1681.0
1075790 1678.9
1075800 1678.9
1075810 1677.0
1075820 1682.9
1075830 1682.9
1075840 1679.9
1075850 1678.2
1075860 1676.9
1075870 1676.9
1075880 1674.7
1075890 1671.6
1075900 1671.6
1075910 1667.6
1075920 1660.7
1075930 1660.7
1075940 1653.6
1075950 1647.8
1075960 1647.8
1075970 1642.6
1075980 1638.0
1075990 1638.0
1076000 1634.9
1076010 1632.3
1076020 1632.3
1076030 1629.6
1076040 1627.7
1076050 1627.7
1076060 1625.9
1076070 1624.3
1076080 1624.3
1076090 1622.3
1076100 1620.6
1076110 1618.2
1076120 1618.2
1076130 1624.1
1076140 1623.6
1076150 1623.6
1076160 1623.5
1076170 1624.5
1076180 1624.5
1076190 1627.5
1076200 1630.6
1076210 1630.6
1076220 1632.7
1076230 1633.4
1076240 1633.4
1076250 1633.7
1076260 1633.9
1076270 1633.9
1076280 1632.9
1076290 1627.8
1076300 1627.8
1076310 1621.8
1076320 1619.6
1076330 1619.6
1076340 1625.2
1076350 1623.3
1076360 1603.4
1076370 1603.4
1076380 1590.4
1076390 1579.4
1076400 1579.4
1076410 1563.8
1076420 1554.3
1076430 1554.3
1076440 1551.6
1076450 1545.7
1076460 1545.7
1076470 1538.3
1076480 1530.4
1076490 1530.4
1076500 1516.3
1076510 1499.8
1076520 1499.8
1076530 1491.0
1076540 1484.5
1076550 1484.5
1076560 1478.1
1076570 1472.3
1076580 1472.3
1076590 1467.4
1076600 1461.2
1076610 1454.8
1076620 1454.8
1076630 1447.9
1076640 1441.5
1076650 1441.5
1076660 1434.5
1076670 1424.8
1076680 1424.8
1076690 1412.0
1076700 1400.2
1076710 1400.2
1076720 1391.7
1076730 1382.7
1076740 1382.7
1076750 1374.3
1076760 1367.3
1076770 1367.3
1076780 1358.4
1076790 1349.3
1076800 1349.3
1076810 1341.0
1076820 1336.5
1076830 1336.5
1076840 1332.0
1076850 1323.2
1076860 1316.1
1076870 1316.1
1076880 1311.8
1076890 1304.3
1076900 1304.3
1076910 1296.7
1076920 1288.6
1076930 1288.6
1076940 1278.9
1076950 1273.0
1076960 1273.0
1076970 1266.8
1076980 1253.0
1076990 1253.0
1077000 1239.0
1077010 1227.7
1077020 1227.7
1077030 1219.6
1077040 1207.3
1077050 1207.3
1077060 1196.5
1077070 1189.7
1077080 1181.6
1077090 1181.6
1077100 1164.1
1077110 1149.0
1077120 1149.0
1077130 1139.3
1077140 1129.6
1077150 1129.6
1077160 1121.5
1077170 1113.8
1077180 1113.8
1077190 1107.1
1077200 1100.4
1077210 1100.4
1077220 1094.2
1077230 1089.5
1077240 1089.5
1077250 1084.2
1077260 1077.9
1077270 1077.9
1077280 1071.9
1077290 1068.4
1077300 1068.4
1077310 1064.6
1077320 1058.8
1077330 1051.5
1077340 1051.5
1077350 1045.9
1077360 1043.7
1077370 1043.7
1077380 1042.5
1077390 1034.7
1077400 1034.7
1077410 1026.1
1077420 1018.8
1077430 1018.8
1077440 1013.8
1077450 1009.0
1077460 1009.0
1077470 1004.1
1077480 999.3
1077490 999.3
1077500 994.4
1077510 990.5
1077520 990.5
1077530 987.1
1077540 982.4
1077550 982.4
1077560 977.4
1077570 975.1
1077580 973.1
1077590 973.1
1077600 970.7
1077610 965.8
1077620 965.8
1077630 959.4
1077640 953.8
1077650 953.8
1077660 950.0
1077670 945.4
1077680 945.4
1077690 947.6
1077700 948.8
1077710 948.8
1077720 950.7
1077730 950.0
1077740 950.0
1077750 948.8
1077760 948.1
1077770 948.1
1077780 941.9
1077790 933.4
1077800 933.4
1077810 926.1
1077820 918.9
1077830 912.0
1077840 912.0
1077850 905.1
1077860 898.7
1077870 898.7
1077880 894.4
1077890 889.3
1077900 889.3
1077910 883.1
1077920 877.5
1077930 877.5
1077940 871.9
1077950 866.7
1077960 866.7
1077970 862.3
1077980 858.6
1077990 858.6
1078000 855.9
1078010 858.6
1078020 858.6
1078030 857.6
1078040 856.3
1078050 856.3
1078060 854.2
1078070 849.3
1078080 844.2
1078090 844.2
1078100 839.9
1078110 835.7
1078120 835.7
1078130 831.9
1078140 826.0
1078150 826.0
1078160 819.5
1078170 811.9
1078180 811.9
1078190 803.3
1078200 794.8
1078210 794.8
1078220 787.2
1078230 780.7
1078240 780.7
1078250 775.6
1078260 771.0
1078270 771.0
1078280 766.8
1078290 763.9
1078300 763.9
1078310 762.8
1078320 765.6
1078330 764.9
1078340 764.9
1078350 761.2
1078360 756.3
1078370 756.3
1078380 751.5
1078390 744.0
1078400 744.0
1078410 736.4
1078420 736.9
1078430 736.9
1078440 733.9
1078450 727.4
1078460 727.4
1078470 719.8
1078480 712.4
1078490 712.4
1078500 705.8
1078510 706.1
1078520 706.1
1078530 712.0
1078540 716.0
1078550 716.0
1078560 721.3
1078570 728.6
1078580 733.0
1078590 733.0
1078600 739.4
1078610 746.4
1078620 746.4
1078630 762.5
1078640 768.3
1078650 768.3
1078660 775.9
1078670 783.4
1078680 783.4
1078690 796.4
1078700 807.6
1078710 807.6
1078720 808.2
1078730 809.5
1078740 809.5
1078750 827.9
1078760 842.1
1078770 842.1
1078780 838.7
1078790 833.9
1078800 833.9
1078810 842.5
1078820 850.6
1078830 858.1
1078840 858.1
1078850 866.4
1078860 871.4
1078870 871.4
1078880 876.5
1078890 883.0
1078900 883.0
1078910 889.8
1078920 897.1
1078930 897.1
1078940 906.3
1078950 913.6
1078960 913.6
1078970 922.5
1078980 935.0
1078990 935.0
1079000 944.1
1079010 954.2
1079020 954.2
1079030 960.8
1079040 966.1
1079050 966.1
1079060 971.9
1079070 977.4
1079080 981.1
1079090 981.1
1079100 983.8
1079110 983.7
1079120 983.7
1079130 980.7
1079140 979.3
1079150 979.3
1079160 982.4
1079170 989.4
1079180 989.4
1079190 996.6
1079200 1002.0
1079210 1002.0
1079220 1009.2
1079230 1015.9
1079240 1015.9
1079250 1022.0
1079260 1028.3
1079270 1028.3
1079280 1035.4
1079290 1041.7
1079300 1041.7
1079310 1048.5
1079320 1055.4
1079330 1062.2
1079340 1062.2
1079350 1068.8
1079360 1075.0
1079370 1075.0
1079380 1081.2
1079390 1087.0
1079400 1087.0
1079410 1092.7
1079420 1100.0
1079430 1100.0
1079440 1107.1
1079450 1113.4
1079460 1113.4
1079470 1120.6
1079480 1131.1
1079490 1131.1
1079500 1141.8
1079510 1148.0
1079520 1148.0
1079530 1152.2
1079540 1156.3
1079550 1156.3
1079560 1159.6
1079570 1157.1
1079580 1159.6
1079590 1159.6
1079600 1162.3
1079610 1165.4
1079620 1165.4
1079630 1169.1
1079640 1172.5
1079650 1172.5
1079660 1175.3
1079670 1177.7
1079680 1177.7
1079690 1180.2
1079700 1182.5
1079710 1182.5
1079720 1184.7
1079730 1187.8
1079740 1187.8
1079750 1191.6
1079760 1195.7
1079770 1195.7
1079780 1199.4
1079790 1204.2
1079800 1204.2
1079810 1207.9
1079820 1209.8
1079830 1211.1
1079840 1211.1
1079850 1212.5
1079860 1214.6
1079870 1214.6
1079880 1217.6
1079890 1222.0
1079900 1222.0
1079910 1226.5
1079920 1230.1
1079930 1230.1
1079940 1234.0
1079950 1236.9
1079960 1236.9
1079970 1239.0
1079980 1240.3
1079990 1240.3
