1066920 1252.3
1066930 1245.5
1066940 1245.5
1066950 1239.6
1066960 1232.6
1066970 1232.6
1066980 1226.1
1066990 1220.0
1067000 1220.0
1067010 1214.4
1067020 1208.0
1067030 1208.0
1067040 1202.0
1067050 1192.5
1067060 1192.5
1067070 1186.5
1067080 1181.0
1067090 1176.6
1067100 1176.6
1067110 1169.5
1067120 1161.5
1067130 1161.5
1067140 1153.7
1067150 1145.9
1067160 1145.9
1067170 1139.6
1067180 1137.0
1067190 1137.0
1067200 1136.0
1067210 1135.8
1067220 1135.8
1067230 1134.8
1067240 1133.1
1067250 1133.1
1067260 1129.8
1067270 1122.1
1067280 1122.1
1067290 1112.9
1067300 1104.8
1067310 1104.8
1067320 1097.0
1067330 1088.0
1067340 1078.4
1067350 1083.5
1067360 1074.6
1067370 1065.3
1067380 1065.3
1067390 1056.7
1067400 1040.4
1067410 1040.4
1067420 1028.4
1067430 1018.2
1067440 1018.2
1067450 1012.6
1067460 1012.4
1067470 1012.4
1067480 1014.0
1067490 1014.1
1067500 1014.1
1067510 1014.4
1067520 1014.8
1067530 1014.8
1067540 1017.5
1067550 1015.5
1067560 1009.5
1067570 1009.5
1067580 1004.3
1067590 1000.3
1067600 1000.3
1067610 995.0
1067620 987.7
1067630 987.7
1067640 982.3
1067650 985.7
1067660 985.7
1067670 992.7
1067680 988.9
1067690 988.9
1067700 981.1
1067710 973.7
1067720 973.7
1067730 972.8
1067740 968.9
1067750 968.9
1067760 959.7
1067770 948.8
1067780 948.8
1067790 924.9
1067800 909.8
1067810 902.8
1067820 902.8
1067830 899.5
1067840 879.5
1067850 879.5
1067860 865.9
1067870 864.4
1067880 864.4
1067890 862.8
1067900 861.6
1067910 861.6
1067920 861.4
1067930 863.1
1067940 863.1
1067950 865.0
1067960 872.0
1067970 872.0
1067980 877.3
1067990 883.0
1068000 883.0
1068010 891.9
1068020 903.7
1068030 903.7
1068040 921.6
1068050 936.4
1068060 946.1
1068070 946.1
1068080 961.9
1068090 967.6
1068100 967.6
1068110 973.3
1068120 980.6
1068130 980.6
1068140 991.2
1068150 1001.7
1068160 1001.7
1068170 1009.6
1068180 1014.6
1068190 1014.6
1068200 1015.9
1068210 1018.8
1068220 1018.8
1068230 1019.8
1068240 1021.1
1068250 1021.1
1068260 1016.5
1068270 1015.8
1068280 1015.8
1068290 1017.3
1068300 1026.7
1068310 1037.8
1068320 1037.8
1068330 1048.7
1068340 1054.9
1068350 1054.9
1068360 1061.5
1068370 1068.3
1068380 1068.3
1068390 1071.6
1068400 1077.2
1068410 1077.2
1068420 1088.0
1068430 1100.1
1068440 1100.1
1068450 1105.7
1068460 1109.9
1068470 1109.9
1068480 1115.5
1068490 1120.1
1068500 1120.1
1068510 1121.6
1068520 1124.7
1068530 1124.7
1068540 1128.7
1068550 1131.9
1068560 1136.4
1068570 1127.2
1068580 1135.6
1068590 1142.0
1068600 1142.0
1068610 1149.1
1068620 1157.0
1068630 1157.0
1068640 1166.7
1068650 1177.0
1068660 1177.0
1068670 1184.2
1068680 1187.7
1068690 1187.7
1068700 1191.3
1068710 1194.2
1068720 1194.2
1068730 1197.2
1068740 1201.5
1068750 1201.5
1068760 1204.8
1068770 1205.6
1068780 1205.6
1068790 1205.1
1068800 1207.6
1068810 1211.2
1068820 1211.2
1068830 1215.9
1068840 1218.8
1068850 1218.8
1068860 1221.1
1068870 1219.8
1068880 1212.0
1068890 1214.8
1068900 1219.9
1068910 1219.9
1068920 1223.2
1068930 1231.4
1068940 1231.4
1068950 1237.0
1068960 1238.4
1068970 1238.4
1068980 1240.8
1068990 1242.2
1069000 1242.2
1069010 1243.8
1069020 1244.7
1069030 1244.7
1069040 1248.4
1069050 1250.7
1069060 1250.4
1069070 1250.4
1069080 1250.8
1069090 1250.6
1069100 1250.6
1069110 1251.7
1069120 1252.4
1069130 1252.4
1069140 1251.4
1069150 1251.1
1069160 1251.1
1069170 1251.2
1069180 1243.1
1069190 1243.1
1069200 1241.7
1069210 1236.0
1069220 1236.0
1069230 1231.1
1069240 1229.1
1069250 1229.1
1069260 1235.2
1069270 1244.2
1069280 1244.2
1069290 1255.0
1069300 1263.5
1069310 1269.4
1069320 1269.4
1069330 1277.9
1069340 1286.5
1069350 1286.5
1069360 1293.2
1069370 1298.9
1069380 1298.9
1069390 1305.4
1069400 1313.2
1069410 1313.2
1069420 1321.1
1069430 1328.7
1069440 1328.7
1069450 1335.5
1069460 1342.2
1069470 1342.2
1069480 1349.1
1069490 1354.2
1069500 1354.2
1069510 1361.7
1069520 1369.2
1069530 1369.2
1069540 1376.7
1069550 1383.4
1069560 1389.9
1069570 1389.9
1069580 1397.8
1069590 1408.2
1069600 1408.2
1069610 1417.4
1069620 1424.6
1069630 1424.6
1069640 1432.6
1069650 1442.2
1069660 1442.2
1069670 1449.7
1069680 1456.6
1069690 1456.6
1069700 1464.5
1069710 1471.9
1069720 1471.9
1069730 1479.0
1069740 1485.5
1069750 1485.5
1069760 1490.9
1069770 1496.5
1069780 1496.5
1069790 1507.3
1069800 1513.5
1069810 1519.5
1069820 1519.5
1069830 1525.4
1069840 1531.6
1069850 1531.6
1069860 1537.8
1069870 1543.5
1069880 1543.5
1069890 1549.0
1069900 1554.4
1069910 1554.4
1069920 1559.6
1069930 1564.4
1069940 1564.4
1069950 1569.2
1069960 1574.4
1069970 1574.4
1069980 1579.5
1069990 1584.5
1070000 1584.5
1070010 1590.1
1070020 1595.8
1070030 1595.8
1070040 1601.9
1070050 1611.9
1070060 1618.4
1070070 1618.4
1070080 1620.9
1070090 1624.8
1070100 1630.7
1070110 1635.5
1070120 1641.0
1070130 1641.0
1070140 1646.5
1070150 1653.1
1070160 1653.1
1070170 1660.0
1070180 1663.6
1070190 1663.6
1070200 1668.7
1070210 1674.2
1070220 1674.2
1070230 1679.9
1070240 1686.1
1070250 1686.1
1070260 1691.9
1070270 1698.7
1070280 1698.7
1070290 1706.5
1070300 1710.5
1070310 1712.2
1070320 1712.2
1070330 1716.2
1070340 1718.8
1070350 1718.8
1070360 1721.0
1070370 1725.1
1070380 1725.1
1070390 1729.9
1070400 1734.2
1070410 1739.9
1070420 1744.7
1070430 1750.0
1070440 1750.0
1070450 1755.1
1070460 1760.5
1070470 1760.5
1070480 1766.4
1070490 1772.3
1070500 1772.3
1070510 1778.0
1070520 1783.3
1070530 1783.3
1070540 1788.0
1070550 1792.8
1070560 1798.1
1070570 1798.1
1070580 1804.0
1070590 1810.2
1070600 1810.2
1070610 1816.1
1070620 1821.9
1070630 1821.9
1070640 1827.7
1070650 1833.9
1070660 1833.9
1070670 1840.0
1070680 1846.4
1070690 1846.4
1070700 1853.1
1070710 1863.1
1070720 1863.1
1070730 1869.8
1070740 1876.1
1070750 1876.1
1070760 1881.7
1070770 1887.5
1070780 1887.5
1070790 1895.3
1070800 1900.2
1070810 1905.5
1070820 1905.5
1070830 1913.0
1070840 1919.6
1070850 1919.6
1070860 1925.6
1070870 1931.4
1070880 1931.4
1070890 1936.8
1070900 1942.5
1070910 1942.5
1070920 1947.8
1070930 1953.7
1070940 1953.7
1070950 1959.2
1070960 1962.1
1070970 1962.1
1070980 1964.7
1070990 1967.8
1071000 1967.8
1071010 1971.4
1071020 1968.6
1071030 1968.6
1071040 1971.5
1071050 1972.6
1071060 1977.5
1071070 1977.5
1071080 1983.5
1071090 1988.1
1071100 1988.1
1071110 2000.8
1071120 2011.8
1071130 2011.8
1071140 2018.9
1071150 2027.6
1071160 2027.6
1071170 2035.8
1071180 2041.3
1071190 2041.3
1071200 2043.1
1071210 2042.9
1071220 2042.9
1071230 2050.3
1071240 2055.7
1071250 2055.7
1071260 2062.1
1071270 2061.7
1071280 2061.7
1071290 2048.8
1071300 2037.3
1071310 2030.8
1071320 2030.8
1071330 2014.7
1071340 2014.8
1071350 2014.8
1071360 2017.1
1071370 2011.5
1071380 2011.5
1071390 2001.3
1071400 1983.8
1071410 1983.8
1071420 1981.1
1071430 1972.9
1071440 1972.9
1071450 1961.7
1071460 1948.2
1071470 1948.2
1071480 1938.3
1071490 1930.0
1071500 1930.0
1071510 1917.5
1071520 1900.6
1071530 1900.6
1071540 1888.0
1071550 1879.1
1071560 1872.2
1071570 1872.2
1071580 1864.5
1071590 1856.4
1071600 1856.4
1071610 1850.2
1071620 1849.7
1071630 1849.7
1071640 1851.7
1071650 1847.0
1071660 1847.0
1071670 1842.0
1071680 1838.7
1071690 1838.7
1071700 1837.5
1071710 1836.9
1071720 1836.9
1071730 1839.2
1071740 1840.7
1071750 1840.7
1071760 1843.7
1071770 1848.1
1071780 1854.1
1071790 1854.1
1071800 1858.7
1071810 1860.2
1071820 1860.2
1071830 1852.1
1071840 1842.0
1071850 1842.0
1071860 1836.1
1071870 1834.8
1071880 1834.8
1071890 1825.5
1071900 1816.7
1071910 1816.7
1071920 1812.6
1071930 1811.0
1071940 1802.0
1071950 1792.5
1071960 1782.3
1071970 1782.3
1071980 1770.5
1071990 1760.5
1072000 1760.5
1072010 1756.5
1072020 1748.3
1072030 1738.4
1072040 1738.4
1072050 1730.1
1072060 1724.1
1072070 1724.1
1072080 1723.4
1072090 1722.5
1072100 1722.5
1072110 1698.9
1072120 1684.4
1072130 1684.4
1072140 1681.4
1072150 1669.7
1072160 1669.7
1072170 1661.9
1072180 1652.3
1072190 1652.3
1072200 1641.8
1072210 1628.0
1072220 1628.0
1072230 1617.5
1072240 1608.7
1072250 1607.0
1072260 1597.6
1072270 1590.7
1072280 1588.2
1072290 1588.2
1072300 1585.3
1072310 1580.8
1072320 1580.8
1072330 1575.0
1072340 1567.2
1072350 1567.2
1072360 1559.1
1072370 1550.0
1072380 1550.0
1072390 1541.4
1072400 1534.3
1072410 1534.3
1072420 1531.3
1072430 1527.7
1072440 1527.7
1072450 1523.2
1072460 1517.9
1072470 1517.9
1072480 1515.2
1072490 1512.6
1072500 1512.6
1072510 1509.4
1072520 1507.7
1072530 1503.9
1072540 1503.9
1072550 1500.6
1072560 1490.7
1072570 1490.7
1072580 1488.0
1072590 1482.7
1072600 1482.7
1072610 1475.5
1072620 1468.4
1072630 1468.4
1072640 1460.8
1072650 1453.0
1072660 1453.0
1072670 1445.1
1072680 1437.5
1072690 1437.5
1072700 1430.8
1072710 1427.7
1072720 1427.7
1072730 1426.9
1072740 1426.7
1072750 1426.7
1072760 1426.9
1072770 1426.9
1072780 1424.0
1072790 1424.0
1072800 1422.2
1072810 1419.1
1072820 1419.1
1072830 1415.0
1072840 1410.8
1072850 1410.8
1072860 1405.5
1072870 1395.7
1072880 1395.7
1072890 1390.7
1072900 1385.5
1072910 1385.5
1072920 1380.5
1072930 1375.2
1072940 1375.2
1072950 1370.2
1072960 1364.6
1072970 1364.6
1072980 1357.6
1072990 1352.2
1073000 1352.2
1073010 1348.0
1073020 1345.4
1073030 1340.8
1073040 1340.8
1073050 1334.9
1073060 1330.9
1073070 1330.9
1073080 1326.2
1073090 1321.1
1073100 1321.1
1073110 1316.0
1073120 1310.8
1073130 1310.8
1073140 1304.4
1073150 1298.6
1073160 1298.6
1073170 1294.7
1073180 1293.3
1073190 1293.3
1073200 1290.0
1073210 1287.0
1073220 1287.0
1073230 1284.3
1073240 1281.3
1073250 1281.3
1073260 1278.6
1073270 1275.0
1073280 1268.6
1073290 1268.6
1073300 1263.0
1073310 1260.5
1073320 1260.5
1073330 1260.8
1073340 1264.2
1073350 1264.2
1073360 1265.9
1073370 1269.3
1073380 1269.3
1073390 1275.2
1073400 1282.3
1073410 1282.3
1073420 1285.3
1073430 1285.3
1073440 1285.3
1073450 1285.1
1073460 1286.9
1073470 1286.9
1073480 1291.0
1073490 1299.0
1073500 1299.0
1073510 1304.3
1073520 1310.1
1073530 1316.7
1073540 1316.7
1073550 1324.8
1073560 1329.6
1073570 1329.6
1073580 1330.2
1073590 1332.9
1073600 1332.9
1073610 1337.2
1073620 1341.3
1073630 1341.3
1073640 1344.5
1073650 1346.9
1073660 1346.9
1073670 1347.3
1073680 1346.1
1073690 1346.1
1073700 1345.4
1073710 1345.9
1073720 1345.9
1073730 1346.3
1073740 1348.5
1073750 1348.5
1073760 1351.5
1073770 1353.6
1073780 1355.2
1073790 1355.2
1073800 1360.5
1073810 1361.8
1073820 1361.8
1073830 1362.3
1073840 1362.3
1073850 1362.3
1073860 1362.4
1073870 1362.9
1073880 1362.9
1073890 1362.6
1073900 1359.8
1073910 1359.8
1073920 1359.9
1073930 1361.9
1073940 1361.9
1073950 1363.8
1073960 1365.4
1073970 1365.4
1073980 1366.6
1073990 1366.8
1074000 1366.8
1074010 1368.1
1074020 1370.2
1074030 1372.2
1074040 1372.2
1074050 1373.7
1074060 1374.9
1074070 1374.9
1074080 1375.6
1074090 1375.1
1074100 1375.1
1074110 1377.8
1074120 1377.0
1074130 1377.0
1074140 1376.2
1074150 1375.2
1074160 1375.2
1074170 1374.7
1074180 1374.8
1074190 1374.8
1074200 1375.9
1074210 1376.1
1074220 1376.1
1074230 1375.7
1074240 1376.6
1074250 1376.6
1074260 1377.7
1074270 1378.2
1074280 1379.0
1074290 1379.0
1074300 1379.9
1074310 1380.3
1074320 1380.3
1074330 1380.5
1074340 1380.7
1074350 1380.7
1074360 1380.2
1074370 1380.6
1074380 1380.6
1074390 1381.6
1074400 1383.0
1074410 1383.0
1074420 1386.6
1074430 1387.7
1074440 1387.7
1074450 1389.7
1074460 1394.0
1074470 1394.0
1074480 1396.5
1074490 1397.9
1074500 1397.9
1074510 1398.5
1074520 1398.9
1074530 1399.5
1074540 1399.5
1074550 1400.0
1074560 1400.7
1074570 1400.7
1074580 1402.6
1074590 1405.0
1074600 1405.0
1074610 1407.2
1074620 1409.5
1074630 1409.5
1074640 1411.2
1074650 1412.7
1074660 1412.7
1074670 1415.5
1074680 1419.4
1074690 1419.4
1074700 1423.4
1074710 1426.7
1074720 1426.7
1074730 1432.6
1074740 1433.8
1074750 1433.8
1074760 1434.6
1074770 1435.9
1074780 1438.7
1074790 1438.7
1074800 1441.1
1074810 1443.7
1074820 1443.7
1074830 1446.2
1074840 1449.4
1074850 1449.4
1074860 1451.8
1074870 1454.4
1074880 1454.4
1074890 1457.2
1074900 1460.4
1074910 1460.4
1074920 1464.1
1074930 1467.7
1074940 1467.7
1074950 1470.6
1074960 1474.0
1074970 1474.0
1074980 1477.3
1074990 1479.9
1075000 1479.9
1075010 1483.0
1075020 1486.8
1075030 1490.3
1075040 1486.2
1075050 1490.5
1075060 1494.1
1075070 1494.1
1075080 1496.8
1075090 1500.2
1075100 1500.2
1075110 1504.7
1075120 1509.4
1075130 1509.4
1075140 1514.0
1075150 1518.8
1075160 1518.8
1075170 1523.5
1075180 1528.3
1075190 1528.3
1075200 1533.5
1075210 1538.8
1075220 1538.8
1075230 1544.1
1075240 1549.3
1075250 1549.3
1075260 1554.4
1075270 1559.8
1075280 1565.1
1075290 1565.1
1075300 1570.9
1075310 1576.5
1075320 1576.5
1075330 1582.2
1075340 1588.0
1075350 1585.1
1075360 1590.7
1075370 1595.8
1075380 1595.8
1075390 1601.0
1075400 1606.3
1075410 1606.3
1075420 1611.8
1075430 1617.1
1075440 1617.1
1075450 1622.3
1075460 1626.5
1075470 1626.5
1075480 1630.0
1075490 1632.8
1075500 1632.8
1075510 1634.8
1075520 1635.9
1075530 1636.5
1075540 1636.5
1075550 1637.2
1075560 1637.6
1075570 1637.6
1075580 1637.9
1075590 1638.4
1075600 1638.4
1075610 1638.9
1075620 1639.6
1075630 1639.6
1075640 1640.4
1075650 1641.1
1075660 1636.3
1075670 1637.1
1075680 1637.9
1075690 1637.9
1075700 1638.6
1075710 1639.4
1075720 1639.4
1075730 1640.5
1075740 1641.4
1075750 1642.5
1075760 1642.5
1075770 1643.5
1075780 1644.9
1075790 1644.9
1075800 1646.9
1075810 1648.6
1075820 1648.6
1075830 1648.8
1075840 1648.2
1075850 1648.2
1075860 1647.1
1075870 1645.8
1075880 1645.8
1075890 1645.0
1075900 1644.2
1075910 1644.2
1075920 1643.3
1075930 1642.3
1075940 1642.3
1075950 1641.3
1075960 1639.4
1075970 1635.5
1075980 1633.2
1075990 1631.3
1076000 1629.4
1076010 1629.4
1076020 1627.1
1076030 1625.0
1076040 1625.0
1076050 1622.9
1076060 1620.6
1076070 1620.6
1076080 1616.9
1076090 1613.8
1076100 1613.8
1076110 1612.2
1076120 1611.2
1076130 1611.2
1076140 1610.4
1076150 1610.3
1076160 1610.3
1076170 1610.5
1076180 1610.8
1076190 1610.8
1076200 1611.1
1076210 1612.0
1076220 1612.0
1076230 1613.0
1076240 1613.7
1076250 1614.4
1076260 1614.4
1076270 1615.3
1076280 1611.6
1076290 1611.6
1076300 1612.6
1076310 1613.7
1076320 1613.7
1076330 1614.5
1076340 1614.2
1076350 1614.2
1076360 1611.6
1076370 1606.1
1076380 1606.1
1076390 1599.0
1076400 1591.7
1076410 1591.7
1076420 1585.2
1076430 1578.3
1076440 1578.3
1076450 1572.2
1076460 1566.1
1076470 1566.1
1076480 1560.2
1076490 1554.6
1076500 1550.5
1076510 1550.5
1076520 1547.5
1076530 1544.5
1076540 1544.5
1076550 1537.4
1076560 1529.9
1076570 1529.9
1076580 1521.2
1076590 1520.0
1076600 1520.0
1076610 1511.2
1076620 1497.1
1076630 1497.1
1076640 1487.3
1076650 1480.9
1076660 1480.9
1076670 1473.3
1076680 1466.2
1076690 1466.2
1076700 1459.0
1076710 1450.9
1076720 1450.9
1076730 1444.2
1076740 1438.6
1076750 1432.0
1076760 1432.0
1076770 1424.3
1076780 1410.9
1076790 1410.9
1076800 1399.1
1076810 1390.9
1076820 1390.9
1076830 1383.2
1076840 1376.6
1076850 1376.6
1076860 1369.9
1076870 1363.7
1076880 1363.7
1076890 1357.0
1076900 1351.1
1076910 1351.1
1076920 1344.7
1076930 1339.1
1076940 1339.1
1076950 1329.9
1076960 1319.8
1076970 1319.8
1076980 1322.2
1076990 1322.7
1077000 1317.8
1077010 1317.8
1077020 1311.3
1077030 1305.8
1077040 1305.8
1077050 1299.7
1077060 1292.3
1077070 1292.3
1077080 1285.2
1077090 1281.8
1077100 1281.8
1077110 1275.4
1077120 1267.9
1077130 1267.9
1077140 1263.6
1077150 1256.2
1077160 1256.2
1077170 1248.8
1077180 1240.5
1077190 1240.5
1077200 1228.7
1077210 1219.2
1077220 1228.6
1077230 1211.2
1077240 1198.8
1077250 1181.3
1077260 1181.3
1077270 1160.6
1077280 1147.9
1077290 1147.9
1077300 1140.8
1077310 1135.2
1077320 1135.2
1077330 1132.9
1077340 1129.5
1077350 1129.5
1077360 1124.4
1077370 1121.0
1077380 1121.0
1077390 1118.0
1077400 1114.3
1077410 1114.3
1077420 1109.7
1077430 1099.5
1077440 1099.5
1077450 1092.5
1077460 1084.1
1077470 1084.1
1077480 1076.3
1077490 1071.7
1077500 1067.6
1077510 1067.6
1077520 1060.5
1077530 1062.5
1077540 1062.5
1077550 1061.9
1077560 1061.2
1077570 1061.2
1077580 1057.1
1077590 1050.5
1077600 1050.5
1077610 1048.4
1077620 1046.7
1077630 1046.7
1077640 1043.8
1077650 1041.3
1077660 1041.3
1077670 1039.1
1077680 1035.4
1077690 1035.4
1077700 1030.9
1077710 1025.7
1077720 1025.7
1077730 1015.9
1077740 1002.6
1077750 993.7
1077760 993.7
1077770 987.2
1077780 985.2
1077790 985.2
1077800 980.6
1077810 973.8
1077820 973.8
1077830 967.7
1077840 966.3
1077850 966.3
1077860 960.2
1077870 953.9
1077880 953.9
1077890 948.0
1077900 942.9
1077910 942.9
1077920 938.4
1077930 931.0
1077940 931.0
1077950 925.6
1077960 922.1
1077970 922.1
1077980 918.1
1077990 912.2
1078000 906.1
1078010 906.1
1078020 901.8
1078030 898.3
1078040 898.3
1078050 894.9
1078060 892.3
1078070 892.3
1078080 889.2
1078090 884.9
1078100 884.9
1078110 881.7
1078120 878.2
1078130 878.2
1078140 874.7
1078150 880.8
1078160 880.8
1078170 876.1
1078180 873.3
1078190 873.3
1078200 869.9
1078210 863.5
1078220 863.5
1078230 856.5
1078240 849.8
1078250 842.6
1078260 842.6
1078270 836.8
1078280 831.4
1078290 831.4
1078300 827.9
1078310 826.2
1078320 826.2
1078330 824.1
1078340 821.6
1078350 821.6
1078360 817.8
1078370 810.2
1078380 810.2
1078390 803.8
1078400 798.4
1078410 798.4
1078420 793.9
1078430 790.3
1078440 790.3
1078450 785.5
1078460 771.0
1078470 774.0
1078480 761.4
1078490 753.7
1078500 747.6
1078510 747.6
1078520 740.1
1078530 726.4
1078540 726.4
1078550 717.0
1078560 718.6
1078570 718.6
1078580 727.2
1078590 741.4
1078600 741.4
1078610 764.3
1078620 780.2
1078630 780.2
1078640 778.8
1078650 774.2
1078660 774.2
1078670 778.1
1078680 787.7
1078690 787.7
1078700 796.4
1078710 803.9
1078720 803.9
1078730 811.3
1078740 817.8
1078750 826.4
1078760 826.4
1078770 833.8
1078780 841.8
1078790 841.8
1078800 848.9
1078810 856.8
1078820 856.8
1078830 865.2
1078840 873.6
1078850 873.6
1078860 882.6
1078870 894.1
1078880 894.1
1078890 910.5
1078900 921.1
1078910 921.1
1078920 929.3
1078930 940.8
1078940 940.8
1078950 951.4
1078960 961.3
1078970 973.7
1078980 973.7
1078990 980.8
1079000 987.2
1079010 987.2
1079020 993.2
1079030 999.3
1079040 999.3
1079050 1005.6
1079060 1010.2
1079070 1010.2
1079080 1013.9
1079090 1021.4
1079100 1021.4
1079110 1025.1
1079120 1029.3
1079130 1029.3
1079140 1033.7
1079150 1038.0
1079160 1038.0
1079170 1042.8
1079180 1046.9
1079190 1046.9
1079200 1050.1
1079210 1052.4
1079220 1055.7
1079230 1055.7
1079240 1060.4
1079250 1065.4
1079260 1065.4
1079270 1069.7
1079280 1073.2
1079290 1073.2
1079300 1075.7
1079310 1078.3
1079320 1078.3
1079330 1081.2
1079340 1083.9
1079350 1083.9
1079360 1086.4
1079370 1088.7
1079380 1088.7
1079390 1091.1
1079400 1093.7
1079410 1093.0
1079420 1095.7
1079430 1098.3
1079440 1098.3
1079450 1101.2
1079460 1104.1
1079470 1107.1
1079480 1107.1
1079490 1110.2
1079500 1113.4
1079510 1113.4
1079520 1116.6
1079530 1120.4
1079540 1120.4
1079550 1124.6
1079560 1129.4
1079570 1129.4
1079580 1134.4
1079590 1139.4
1079600 1139.4
1079610 1144.3
1079620 1149.3
1079630 1149.3
1079640 1154.3
1079650 1159.6
1079660 1159.6
1079670 1165.2
1079680 1170.0
1079690 1170.0
1079700 1175.3
1079710 1181.1
1079720 1187.2
1079730 1187.2
1079740 1192.9
1079750 1198.3
1079760 1198.3
1079770 1203.6
1079780 1209.4
1079790 1209.4
1079800 1215.2
1079810 1221.0
1079820 1221.0
1079830 1226.0
1079840 1230.2
1079850 1230.2
1079860 1234.1
1079870 1237.1
1079880 1237.1
1079890 1239.2
1079900 1239.7
1079910 1239.7
1079920 1240.2
1079930 1240.1
1079940 1240.1
1079950 1240.9
1079960 1242.9
1079970 1244.7
1079980 1244.7
1079990 1247.2
