1064540 2037.1
1064550 2037.1
1064560 2033.6
1064570 2029.2
1064580 2029.2
1064590 2025.1
1064600 2020.3
1064610 2020.3
1064620 2018.9
1064630 2015.7
1064640 2015.7
1064650 2010.6
1064660 2001.1
1064670 1995.0
1064680 1995.0
1064690 1982.5
1064700 1979.5
1064710 1979.5
1064720 1979.3
1064730 1978.6
1064740 1978.6
1064750 1972.5
1064760 1971.5
1064770 1971.5
1064780 1974.4
1064790 1972.0
1064800 1972.0
1064810 1951.0
1064820 1946.8
1064830 1946.8
1064840 1946.9
1064850 1942.5
1064860 1942.5
1064870 1943.7
1064880 1944.3
1064890 1944.3
1064900 1949.2
1064910 1950.8
1064920 1949.7
1064930 1949.7
1064940 1946.6
1064950 1946.4
1064960 1946.4
1064970 1954.9
1064980 1955.7
1064990 1955.7
1065000 1956.3
1065010 1956.4
1065020 1956.4
1065030 1952.1
1065040 1947.8
1065050 1947.8
1065060 1940.5
1065070 1949.5
1065080 1939.0
1065090 1941.1
1065100 1949.0
1065110 1949.0
1065120 1953.0
1065130 1949.9
1065140 1949.9
1065150 1943.0
1065160 1937.6
1065170 1936.3
1065180 1936.3
1065190 1934.2
1065200 1932.4
1065210 1932.4
1065220 1931.7
1065230 1932.3
1065240 1932.3
1065250 1935.1
1065260 1932.5
1065270 1932.5
1065280 1931.5
1065290 1926.3
1065300 1926.3
1065310 1918.6
1065320 1918.1
1065330 1918.1
1065340 1913.4
1065350 1915.5
1065360 1915.5
1065370 1916.5
1065380 1918.8
1065390 1906.9
1065400 1906.9
1065410 1910.1
1065420 1912.6
1065430 1912.6
1065440 1920.9
1065450 1920.9
1065460 1920.9
1065470 1918.9
1065480 1917.7
1065490 1917.7
1065500 1914.1
1065510 1908.5
1065520 1908.5
1065530 1905.7
1065540 1900.7
1065550 1900.7
1065560 1901.3
1065570 1900.5
1065580 1900.5
1065590 1896.5
1065600 1888.3
1065610 1888.3
1065620 1886.5
1065630 1883.6
1065640 1878.3
1065650 1878.3
1065660 1874.6
1065670 1869.4
1065680 1869.4
1065690 1858.1
1065700 1858.7
1065710 1858.7
1065720 1858.3
1065730 1855.0
1065740 1855.0
1065750 1851.0
1065760 1846.6
1065770 1846.6
1065780 1842.6
1065790 1837.5
1065800 1837.5
1065810 1833.2
1065820 1828.5
1065830 1828.5
1065840 1825.5
1065850 1823.3
1065860 1823.3
1065870 1819.3
1065880 1813.9
1065890 1808.9
1065900 1808.9
1065910 1804.2
1065920 1800.0
1065930 1800.0
1065940 1796.0
1065950 1791.0
1065960 1791.0
1065970 1784.7
1065980 1781.2
1065990 1772.5
1066000 1770.5
1066010 1770.8
1066020 1770.8
1066030 1770.9
1066040 1768.7
1066050 1768.7
1066060 1768.5
1066070 1778.6
1066080 1778.6
1066090 1776.1
1066100 1769.9
1066110 1769.9
1066120 1765.5
1066130 1761.5
1066140 1756.6
1066150 1756.6
1066160 1748.6
1066170 1739.3
1066180 1739.3
1066190 1730.5
1066200 1726.9
1066210 1726.9
1066220 1724.0
1066230 1722.4
1066240 1722.4
1066250 1721.1
1066260 1717.4
1066270 1717.4
1066280 1707.3
1066290 1693.9
1066350 1661.5
1066360 1661.5
1066370 1656.7
1066380 1655.5
1066390 1651.0
1066400 1651.0
1066410 1647.7
1066420 1644.0
1066430 1644.0
1066440 1639.6
1066450 1635.7
1066460 1635.7
1066470 1631.1
1066480 1625.2
1066490 1625.2
1066500 1617.8
1066510 1613.2
1066520 1613.2
1066530 1610.7
1066540 1606.7
1066550 1606.7
1066560 1608.4
1066570 1605.5
1066580 1605.5
1066590 1601.0
1066600 1588.7
1066610 1588.7
1066620 1585.0
1066630 1579.2
1066640 1571.4
1066650 1571.4
1066660 1564.0
1066670 1555.2
1066680 1555.2
1066690 1547.1
1066700 1535.7
1066710 1535.7
1066720 1526.8
1066730 1519.5
1066740 1519.5
1066750 1501.1
1066760 1487.2
1066770 1487.2
1066780 1478.4
1066790 1470.6
1066800 1470.6
1066810 1464.1
1066820 1456.7
1066830 1456.7
1066840 1448.6
1066850 1432.9
1066860 1432.9
1066870 1404.6
1066880 1391.9
1066890 1383.0
1066900 1383.0
1066910 1378.3
1066920 1365.4
1066930 1365.4
1066940 1353.5
1066950 1348.9
1066960 1348.9
1066970 1348.1
1066980 1346.4
1066990 1346.4
1067000 1342.9
1067010 1336.8
1067020 1336.8
1067030 1336.0
1067040 1334.7
1067050 1334.7
1067060 1332.1
1067070 1328.4
1067080 1328.4
1067090 1325.3
1067100 1320.5
1067110 1320.5
1067120 1317.2
1067130 1315.8
1067140 1313.0
1067150 1313.0
1067160 1307.4
1067170 1302.3
1067180 1302.3
1067190 1298.8
1067200 1291.0
1067210 1284.3
1067220 1275.9
1067230 1270.7
1067240 1270.7
1067250 1268.4
1067260 1264.9
1067270 1264.9
1067280 1261.4
1067290 1256.9
1067300 1256.9
1067310 1251.2
1067320 1244.8
1067330 1244.8
1067340 1238.4
1067350 1230.1
1067360 1230.1
1067370 1222.1
1067380 1214.8
1067390 1207.7
1067400 1207.7
1067410 1201.2
1067420 1194.5
1067430 1194.5
1067440 1187.9
1067450 1181.4
1067460 1181.4
1067470 1174.8
1067480 1168.6
1067490 1168.6
1067500 1162.7
1067510 1157.0
1067520 1155.9
1067530 1150.3
1067540 1144.8
1067550 1144.8
1067560 1139.0
1067570 1132.3
1067580 1132.3
1067590 1123.7
1067600 1113.9
1067610 1113.9
1067620 1105.0
1067630 1099.1
1067640 1097.6
1067650 1097.6
1067660 1091.2
1067670 1071.9
1067680 1071.9
1067690 1055.9
1067700 1048.8
1067710 1048.8
1067720 1044.2
1067730 1040.9
1067740 1040.9
1067750 1035.1
1067760 1028.6
1067770 1028.6
1067780 1022.6
1067790 1011.0
1067800 1011.0
1067810 999.6
1067820 1002.1
1067830 1002.1
1067840 996.0
1067850 978.0
1067860 978.0
1067870 947.2
1067880 931.9
1067890 917.5
1067900 917.5
1067910 901.3
1067920 892.9
1067930 892.9
1067940 887.5
1067950 883.3
1067960 883.3
1067970 881.0
1067980 879.1
1067990 879.1
1068000 876.9
1068010 876.7
1068020 876.7
1068030 877.3
1068040 868.9
1068050 868.9
1068060 851.0
1068070 842.1
1068080 842.1
1068090 846.6
1068100 852.1
1068110 852.1
1068120 858.8
1068130 868.6
1068140 873.5
1068150 873.5
1068160 875.6
1068170 880.6
1068180 880.6
1068190 884.9
1068200 886.3
1068210 886.3
1068220 886.7
1068230 889.9
1068240 889.9
1068250 898.5
1068260 930.2
1068270 930.2
1068280 950.2
1068290 958.4
1068300 958.4
1068310 964.0
1068320 971.3
1068330 971.3
1068340 977.1
1068350 985.3
1068360 985.3
1068370 991.3
1068380 1000.2
1068390 1007.0
1068400 1007.0
1068410 1016.8
1068420 1027.4
1068430 1034.7
1068440 1042.4
1068450 1049.9
1068460 1049.9
1068470 1056.9
1068480 1064.7
1068490 1064.7
1068500 1072.8
1068510 1080.8
1068520 1080.8
1068530 1088.9
1068540 1095.6
1068550 1095.6
1068560 1101.7
1068570 1107.9
1068580 1107.9
1068590 1113.4
1068600 1118.4
1068610 1118.4
1068620 1123.9
1068630 1129.4
1068640 1134.3
1068650 1134.3
1068660 1139.1
1068670 1144.1
1068680 1144.1
1068690 1148.5
1068700 1153.3
1068710 1153.3
1068720 1157.7
1068730 1162.2
1068740 1167.2
1068750 1171.3
1068760 1176.4
1068770 1176.4
1068780 1182.3
1068790 1189.1
1068800 1189.1
1068810 1195.7
1068820 1202.2
1068830 1202.2
1068840 1207.8
1068850 1213.7
1068860 1213.7
1068870 1219.5
1068880 1225.9
1068890 1232.1
1068900 1232.1
1068910 1238.9
1068920 1246.2
1068930 1246.2
1068940 1253.7
1068950 1261.0
1068960 1261.0
1068970 1268.2
1068980 1275.4
1068990 1275.4
1069000 1294.2
1069010 1306.3
1069020 1306.3
1069030 1317.4
1069040 1319.7
1069050 1319.7
1069060 1332.6
1069070 1343.3
1069080 1343.3
1069090 1351.6
1069100 1359.0
1069110 1359.0
1069120 1366.1
1069130 1372.7
1069140 1378.2
1069150 1378.2
1069160 1384.3
1069170 1391.3
1069180 1391.3
1069190 1398.8
1069200 1408.4
1069210 1408.4
1069220 1422.5
1069230 1434.4
1069240 1434.4
1069250 1442.8
1069260 1457.7
1069270 1457.7
1069280 1479.4
1069290 1482.4
1069300 1482.4
1069310 1483.1
1069320 1488.8
1069330 1488.8
1069340 1496.3
1069350 1504.6
1069360 1504.6
1069370 1510.1
1069380 1515.8
1069390 1519.5
1069400 1519.5
1069410 1523.9
1069420 1527.0
1069430 1527.0
1069440 1529.7
1069450 1533.4
1069460 1533.4
1069470 1532.7
1069480 1530.1
1069490 1530.1
1069500 1529.6
1069510 1529.5
1069520 1529.5
1069530 1530.2
1069540 1528.4
1069550 1528.4
1069560 1525.6
1069570 1525.1
1069580 1525.1
1069590 1527.0
1069600 1530.2
1069610 1530.2
1069620 1532.7
1069630 1534.8
1069640 1536.8
1069650 1529.9
1069660 1532.6
1069670 1535.6
1069680 1535.6
1069690 1538.5
1069700 1542.3
1069710 1542.3
1069720 1546.6
1069730 1551.2
1069740 1551.2
1069750 1556.6
1069760 1562.2
1069770 1562.2
1069780 1568.2
1069790 1576.6
1069800 1576.6
1069810 1587.7
1069820 1592.2
1069830 1592.2
1069840 1594.5
1069850 1594.9
1069860 1594.9
1069870 1595.5
1069880 1595.9
1069890 1597.6
1069900 1597.6
1069910 1600.6
1069920 1605.8
1069930 1605.8
1069940 1608.9
1069950 1610.8
1069960 1604.6
1069970 1608.7
1069980 1615.6
1069990 1615.6
1070000 1622.4
1070010 1627.8
1070020 1627.8
1070030 1633.3
1070040 1639.6
1070050 1639.6
1070060 1644.7
1070070 1650.4
1070080 1650.4
1070090 1658.4
1070100 1670.5
1070110 1670.5
1070120 1671.3
1070130 1671.5
1070140 1674.8
1070150 1674.8
1070160 1676.8
1070170 1681.0
1070180 1681.0
1070190 1685.1
1070200 1688.1
1070210 1688.1
1070220 1691.0
1070230 1696.4
1070240 1696.4
1070250 1700.7
1070260 1705.2
1070270 1699.6
1070280 1704.1
1070290 1708.1
1070300 1708.1
1070310 1712.2
1070320 1716.4
1070330 1716.4
1070340 1720.3
1070350 1723.7
1070360 1723.7
1070370 1728.2
1070380 1732.1
1070390 1735.4
1070400 1735.4
1070410 1738.5
1070420 1741.7
1070430 1741.7
1070440 1744.9
1070450 1748.4
1070460 1748.4
1070470 1750.7
1070480 1754.6
1070490 1754.6
1070500 1756.8
1070510 1758.8
1070520 1758.8
1070530 1764.0
1070540 1770.6
1070550 1770.6
1070560 1775.5
1070570 1774.6
1070580 1774.6
1070590 1779.3
1070600 1783.9
1070610 1783.9
1070620 1788.5
1070630 1793.1
1070640 1797.2
1070650 1797.2
1070660 1800.9
1070670 1807.2
1070680 1807.2
1070690 1814.4
1070700 1822.5
1070710 1822.5
1070720 1830.8
1070730 1839.0
1070740 1839.0
1070750 1846.7
1070760 1854.0
1070770 1854.0
1070780 1861.1
1070790 1867.8
1070800 1867.8
1070810 1874.0
1070820 1880.5
1070830 1880.5
1070840 1887.7
1070850 1894.5
1070860 1894.5
1070870 1900.9
1070880 1903.5
1070890 1909.9
1070900 1909.9
1070910 1916.5
1070920 1924.2
1070930 1924.2
1070940 1932.2
1070950 1940.1
1070960 1940.1
1070970 1948.9
1070980 1958.1
1070990 1958.1
1071000 1965.4
1071010 1972.1
1071020 1972.1
1071030 1978.6
1071040 1984.2
1071050 1984.2
1071060 1972.9
1071070 1953.6
1071080 1953.6
1071090 1944.7
1071100 1934.9
1071110 1934.9
1071120 1929.9
1071130 1920.3
1071140 1906.7
1071150 1906.7
1071160 1894.5
1071170 1879.4
1071180 1879.4
1071190 1871.7
1071200 1860.2
1071210 1860.2
1071220 1849.8
1071230 1867.5
1071240 1867.5
1071250 1896.0
1071260 1899.9
1071270 1899.9
1071280 1883.1
1071290 1877.2
1071300 1877.2
1071310 1879.3
1071320 1882.3
1071330 1882.3
1071340 1869.7
1071350 1848.8
1071360 1848.8
1071370 1812.5
1071380 1789.4
1071390 1774.0
1071400 1774.0
1071410 1755.3
1071420 1738.1
1071430 1738.1
1071440 1731.4
1071450 1724.1
1071460 1724.1
1071470 1716.7
1071480 1709.5
1071490 1709.5
1071500 1702.7
1071510 1696.0
1071520 1696.0
1071530 1689.6
1071540 1683.6
1071550 1683.6
1071560 1677.3
1071570 1671.0
1071580 1671.0
1071590 1665.4
1071600 1660.6
1071610 1660.6
1071620 1655.8
1071630 1651.1
1071640 1645.6
1071650 1645.6
1071660 1641.0
1071670 1636.5
1071680 1636.5
1071690 1631.5
1071700 1626.8
1071710 1626.8
1071720 1621.8
1071730 1617.2
1071740 1617.2
1071750 1612.6
1071760 1607.7
1071770 1607.7
1071780 1602.5
1071790 1597.3
1071800 1599.5
1071810 1595.1
1071820 1590.1
1071830 1590.1
1071840 1585.1
1071850 1580.4
1071860 1580.4
1071870 1575.9
1071880 1571.6
1071890 1567.1
1071900 1567.1
1071910 1563.3
1071920 1558.4
1071930 1558.4
1071940 1553.1
1071950 1548.9
1071960 1548.9
1071970 1544.6
1071980 1539.9
1071990 1539.9
1072000 1535.1
1072010 1529.9
1072020 1529.9
1072030 1525.8
1072040 1520.7
1072050 1520.7
1072060 1515.5
1072070 1514.7
1072080 1514.7
1072090 1511.9
1072100 1508.1
1072110 1511.1
1072120 1508.2
1072130 1505.0
1072140 1500.6
1072150 1500.6
1072160 1496.5
1072170 1492.9
1072180 1492.9
1072190 1489.5
1072200 1486.5
1072210 1486.5
1072220 1484.0
1072230 1481.2
1072240 1481.2
1072250 1478.9
1072260 1478.2
1072270 1478.2
1072280 1476.0
1072290 1474.9
1072300 1474.9
1072310 1474.7
1072320 1475.7
1072330 1475.7
1072340 1477.2
1072350 1477.7
1072360 1477.7
1072370 1478.1
1072380 1479.2
1072390 1479.9
1072400 1479.9
1072410 1480.4
1072420 1483.6
1072430 1483.6
1072440 1482.4
1072450 1485.4
1072460 1485.4
1072470 1490.2
1072480 1495.9
1072490 1495.9
1072500 1500.3
1072510 1504.7
1072520 1504.7
1072530 1509.6
1072540 1514.8
1072550 1514.8
1072560 1520.6
1072570 1527.5
1072580 1527.5
1072590 1533.8
1072600 1540.6
1072610 1540.6
1072620 1547.1
1072630 1551.6
1072640 1554.5
1072650 1554.5
1072660 1552.6
1072670 1546.1
1072680 1546.1
1072690 1539.4
1072700 1529.9
1072710 1529.9
1072720 1519.1
1072730 1508.9
1072740 1508.9
1072750 1501.3
1072760 1494.2
1072770 1494.2
1072780 1487.6
1072790 1481.3
1072800 1481.3
1072810 1475.3
1072820 1469.8
1072830 1469.8
1072840 1465.1
1072850 1460.8
1072860 1456.6
1072870 1456.6
1072880 1453.0
1072890 1450.3
1072900 1450.3
1072910 1447.8
1072920 1442.1
1072930 1442.1
1072940 1435.8
1072950 1429.4
1072960 1429.4
1072970 1422.8
1072980 1416.9
1072990 1416.9
1073000 1410.7
1073010 1404.6
1073020 1404.6
1073030 1398.8
1073040 1390.8
1073050 1390.8
1073060 1385.0
1073070 1378.9
1073080 1378.9
1073090 1373.2
1073100 1366.6
1073110 1359.7
1073120 1359.7
1073130 1352.6
1073140 1346.3
1073150 1346.3
1073160 1340.3
1073170 1334.1
1073180 1334.1
1073190 1328.6
1073200 1320.7
1073210 1320.7
1073220 1313.3
1073230 1308.1
1073240 1308.1
1073250 1305.1
1073260 1301.1
1073270 1301.1
1073280 1294.2
1073290 1286.8
1073300 1286.8
1073310 1280.4
1073320 1273.0
1073330 1273.0
1073340 1266.8
1073350 1259.4
1073360 1253.1
1073370 1253.1
1073380 1246.7
1073390 1241.0
1073400 1241.0
1073410 1234.6
1073420 1228.1
1073430 1228.1
1073440 1221.8
1073450 1216.1
1073460 1216.1
1073470 1211.0
1073480 1206.5
1073490 1206.5
1073500 1204.1
1073510 1201.9
1073520 1201.9
1073530 1201.3
1073540 1201.2
1073550 1201.2
1073560 1200.9
1073570 1201.6
1073580 1201.6
1073590 1204.4
1073600 1209.9
1073610 1216.9
1073620 1216.9
1073630 1223.4
1073640 1229.9
1073650 1229.9
1073660 1236.7
1073670 1243.8
1073680 1243.8
1073690 1251.9
1073700 1257.5
1073710 1257.5
1073720 1256.7
1073730 1258.5
1073740 1258.5
1073750 1264.3
1073760 1268.0
1073770 1268.0
1073780 1266.7
1073790 1267.8
1073800 1267.8
1073810 1270.7
1073820 1276.3
1073830 1276.3
1073840 1279.5
1073850 1277.5
1073860 1275.0
1073870 1275.0
1073880 1268.5
1073890 1261.7
1073900 1261.7
1073910 1256.0
1073920 1256.8
1073930 1256.8
1073940 1261.8
1073950 1265.2
1073960 1265.2
1073970 1269.2
1073980 1264.5
1073990 1264.5
1074000 1259.6
1074010 1263.5
1074020 1263.5
1074030 1265.5
1074040 1268.4
1074050 1268.4
1074060 1276.4
1074070 1280.9
1074080 1280.9
1074090 1287.9
1074100 1295.1
1074110 1304.9
1074120 1304.9
1074130 1312.5
1074140 1320.2
1074150 1320.2
1074160 1327.6
1074170 1335.0
1074180 1335.0
1074190 1341.6
1074200 1348.3
1074210 1348.3
1074220 1356.1
1074230 1363.4
1074240 1363.4
1074250 1369.6
1074260 1373.3
1074270 1373.3
1074280 1378.8
1074290 1382.3
1074300 1382.3
1074310 1385.7
1074320 1387.9
1074330 1387.9
1074340 1388.8
1074350 1388.8
1074360 1388.2
1074370 1388.2
1074380 1388.4
1074390 1389.3
1074400 1389.3
1074410 1392.4
1074420 1396.3
1074430 1396.3
1074440 1400.6
1074450 1405.3
1074460 1405.3
1074470 1409.6
1074480 1414.4
1074490 1414.4
1074500 1419.3
1074510 1423.7
1074520 1423.7
1074530 1428.3
1074540 1432.4
1074550 1432.4
1074560 1436.8
1074570 1440.9
1074580 1440.9
1074590 1443.4
1074600 1446.7
1074610 1449.4
1074620 1449.4
1074630 1452.1
1074640 1456.4
1074650 1456.4
1074660 1459.5
1074670 1462.9
1074680 1462.9
1074690 1467.2
1074700 1472.3
1074710 1472.3
1074720 1477.8
1074730 1483.4
1074740 1483.4
1074750 1488.8
1074760 1493.8
1074770 1493.8
1074780 1499.4
1074790 1505.2
1074800 1505.2
1074810 1511.4
1074820 1517.5
1074830 1517.5
1074840 1523.6
1074850 1529.9
1074860 1536.3
1074870 1536.3
1074880 1542.4
1074890 1548.3
1074900 1546.1
1074910 1552.3
1074920 1558.9
1074930 1558.9
1074940 1565.5
1074950 1572.3
1074960 1572.3
1074970 1578.9
1074980 1585.5
1074990 1585.5
1075000 1592.0
1075010 1598.1
1075020 1598.1
1075030 1604.6
1075040 1610.8
1075050 1610.8
1075060 1617.2
1075070 1623.4
1075080 1623.4
1075090 1629.4
1075100 1635.2
1075110 1640.3
1075120 1640.3
1075130 1644.8
1075140 1648.2
1075150 1648.2
1075160 1648.6
1075170 1647.5
1075180 1647.5
1075190 1646.0
1075200 1644.1
1075210 1650.0
1075220 1645.9
1075230 1641.8
1075240 1641.8
1075250 1638.3
1075260 1636.3
1075270 1636.3
1075280 1635.7
1075290 1635.2
1075300 1635.2
1075310 1632.5
1075320 1630.9
1075330 1630.9
1075340 1633.4
1075350 1624.7
1075360 1615.1
1075370 1615.1
1075380 1606.5
1075390 1601.2
1075400 1601.2
1075410 1598.0
1075420 1598.8
1075430 1598.8
1075440 1596.8
1075450 1592.5
1075460 1592.5
1075470 1591.8
1075480 1593.7
1075490 1593.7
1075500 1599.3
1075510 1603.1
1075520 1608.2
1075530 1609.7
1075540 1608.3
1075550 1608.3
1075560 1604.1
1075570 1599.3
1075580 1599.3
1075590 1596.0
1075600 1594.5
1075610 1591.5
1075620 1591.5
1075630 1586.0
1075640 1574.3
1075650 1574.3
1075660 1562.0
1075670 1553.8
1075680 1553.8
1075690 1545.1
1075700 1536.5
1075710 1536.5
1075720 1529.4
1075730 1522.7
1075740 1522.7
1075750 1515.3
1075760 1508.7
1075770 1508.7
1075780 1503.7
1075790 1500.0
1075800 1500.0
1075810 1498.2
1075820 1499.7
1075830 1511.5
1075840 1514.2
1075850 1516.4
1075860 1510.8
1075870 1510.8
1075880 1504.2
1075890 1503.6
1075900 1503.6
1075910 1498.7
1075920 1492.8
1075930 1492.8
1075940 1494.5
1075950 1503.8
1075960 1503.8
1075970 1510.3
1075980 1507.9
1075990 1507.9
1076000 1501.1
1076010 1493.2
1076020 1493.2
1076030 1485.5
1076040 1472.1
1076050 1472.1
1076060 1470.1
1076070 1469.9
1076080 1469.9
1076090 1468.3
1076100 1468.5
1076110 1468.2
1076120 1468.2
1076130 1460.4
1076140 1459.6
1076150 1459.6
1076160 1459.0
1076170 1467.2
1076180 1467.2
1076190 1478.1
1076200 1481.4
1076210 1481.4
1076220 1482.3
1076230 1485.0
1076240 1485.0
1076250 1481.4
1076260 1480.3
1076270 1480.3
1076280 1483.1
1076290 1484.7
1076300 1484.7
1076310 1478.8
1076320 1472.2
1076330 1472.2
1076340 1473.1
1076350 1474.7
1076360 1470.8
1076370 1470.8
1076380 1466.5
1076390 1464.4
1076400 1464.4
1076410 1462.7
1076420 1465.3
1076430 1465.3
1076440 1468.5
1076450 1476.2
1076460 1476.2
1076470 1474.2
1076480 1472.6
1076490 1472.6
1076500 1470.6
1076510 1467.6
1076520 1467.6
1076530 1462.3
1076540 1454.5
1076550 1454.5
1076560 1445.8
1076570 1437.5
1076580 1437.5
1076590 1429.2
1076600 1421.3
1076610 1405.0
1076620 1405.0
1076630 1391.3
1076640 1381.3
1076650 1381.3
1076660 1373.0
1076670 1364.0
1076680 1364.0
1076690 1353.6
1076700 1343.1
1076710 1343.1
1076720 1333.0
1076730 1324.5
1076740 1324.5
1076750 1316.9
1076760 1312.9
1076770 1312.9
1076780 1303.2
1076790 1294.4
1076800 1294.4
1076810 1285.4
1076820 1277.0
1076830 1277.0
1076840 1268.2
1076850 1259.5
1076860 1251.2
1076870 1251.2
1076880 1243.4
1076890 1235.4
1076900 1235.4
1076910 1225.8
1076920 1217.4
1076930 1217.4
1076940 1211.7
1076950 1206.2
1076960 1206.2
1076970 1200.1
1076980 1191.4
1076990 1191.4
1077000 1182.3
1077010 1172.3
1077020 1172.3
1077030 1163.7
1077040 1155.2
1077050 1155.2
1077060 1147.3
1077070 1147.2
1077080 1147.2
1077090 1139.8
1077100 1132.4
1077110 1125.1
1077120 1125.1
1077130 1117.7
1077140 1109.8
1077150 1109.8
1077160 1102.0
1077170 1094.6
1077180 1094.6
1077190 1087.4
1077200 1080.2
1077210 1080.2
1077220 1072.5
1077230 1065.2
1077240 1065.2
1077250 1058.7
1077260 1052.0
1077270 1052.0
1077280 1045.7
1077290 1041.2
1077300 1041.2
1077310 1033.7
1077320 1027.1
1077330 1027.1
1077340 1019.6
1077350 1012.3
1077360 1003.7
1077370 1003.7
1077380 995.0
1077390 989.7
1077400 989.7
1077410 981.8
1077420 973.6
1077430 973.6
1077440 964.8
1077450 957.4
1077460 957.4
1077470 950.7
1077480 944.3
1077490 944.3
1077500 938.1
1077510 932.2
1077520 932.2
1077530 927.5
1077540 923.5
1077550 923.5
1077560 919.2
1077570 912.9
1077580 912.9
1077590 908.6
1077600 904.0
1077610 900.4
1077620 900.4
1077630 899.2
1077640 899.6
1077650 899.6
1077660 899.8
1077670 897.3
1077680 897.3
1077690 892.8
1077700 897.6
1077710 897.6
1077720 898.9
1077730 899.2
1077740 899.2
1077750 897.0
1077760 897.7
1077770 897.7
1077780 899.3
1077790 898.6
1077800 898.6
1077810 897.8
1077820 898.2
1077830 898.2
1077840 896.5
1077850 892.5
1077860 887.8
1077870 887.8
1077880 882.6
1077890 876.6
1077900 876.6
1077910 871.8
1077920 868.0
1077930 868.0
1077940 863.1
1077950 858.9
1077960 858.9
1077970 854.2
1077980 849.3
1077990 849.3
1078000 844.0
1078010 833.2
1078020 833.2
1078030 828.4
1078040 823.9
1078050 823.9
1078060 823.1
1078070 826.0
1078080 827.6
1078090 827.6
1078100 826.9
1078110 819.3
1078120 819.3
1078130 808.7
1078140 801.5
1078150 801.5
1078160 795.5
1078170 782.9
1078180 782.9
1078190 773.1
1078200 764.8
1078210 764.8
1078220 756.2
1078230 748.0
1078240 748.0
1078250 740.3
1078260 733.5
1078270 733.5
1078280 726.0
1078290 718.8
1078300 718.8
1078310 710.5
1078320 704.6
1078330 697.2
1078340 697.2
1078350 688.4
1078360 681.0
1078370 681.0
1078380 680.5
1078390 689.0
1078400 689.0
1078410 702.0
1078420 710.9
1078430 710.9
1078440 721.7
1078450 733.3
1078460 733.3
1078470 749.1
1078480 771.0
1078490 771.0
1078500 780.2
1078510 781.8
1078520 781.8
1078530 781.9
1078540 783.4
1078550 783.4
1078560 785.6
1078570 789.5
1078580 794.1
1078590 794.1
1078600 798.8
1078610 800.7
1078620 800.7
1078630 803.1
1078640 807.0
1078650 807.0
1078660 809.5
1078670 812.5
1078680 812.5
1078690 815.3
1078700 819.1
1078710 819.1
1078720 822.1
1078730 825.6
1078740 825.6
1078750 828.9
1078760 832.0
1078770 832.0
1078780 835.2
1078790 838.6
1078800 838.6
1078810 842.4
1078820 846.2
1078830 849.8
1078840 849.8
1078850 853.1
1078860 857.3
1078870 857.3
1078880 861.5
1078890 867.2
1078900 867.2
1078910 870.3
1078920 871.2
1078930 871.2
1078940 877.2
1078950 882.0
1078960 882.0
1078970 891.0
1078980 899.2
1078990 899.2
1079000 904.2
1079010 910.4
1079020 910.4
1079030 917.2
1079040 924.3
1079050 924.3
1079060 930.1
1079070 935.1
1079080 939.9
1079090 939.9
1079100 944.4
1079110 948.2
1079120 948.2
1079130 952.5
1079140 957.5
1079150 957.5
1079160 963.3
1079170 969.4
1079180 969.4
1079190 975.3
1079200 981.1
1079210 981.1
1079220 984.5
1079230 989.4
1079240 989.4
1079250 993.8
1079260 1003.6
1079270 1003.6
1079280 1008.6
1079290 1014.1
1079300 1014.1
1079310 1018.7
1079320 1021.9
1079330 1024.9
1079340 1024.9
1079350 1030.2
1079360 1034.5
1079370 1034.5
1079380 1038.8
1079390 1045.4
1079400 1045.4
1079410 1052.9
1079420 1059.1
1079430 1059.1
1079440 1063.4
1079450 1068.0
1079460 1068.0
1079470 1072.4
1079480 1074.6
1079490 1074.6
1079500 1076.7
1079510 1079.2
1079520 1079.2
1079530 1082.3
1079540 1085.9
1079550 1085.9
1079560 1089.6
1079570 1093.0
1079580 1099.5
1079590 1099.5
1079600 1102.9
1079610 1106.8
1079620 1106.8
1079630 1111.2
1079640 1115.4
1079650 1115.4
1079660 1118.8
1079670 1121.8
1079680 1121.8
1079690 1124.4
1079700 1127.1
1079710 1127.1
1079720 1130.0
1079730 1132.0
1079740 1132.0
1079750 1133.0
1079760 1133.4
1079770 1133.4
1079780 1132.9
1079790 1132.0
1079800 1132.0
1079810 1131.3
1079820 1130.1
1079830 1129.0
1079840 1129.0
1079850 1127.9
1079860 1128.0
1079870 1128.0
1079880 1126.7
1079890 1127.0
1079900 1127.0
1079910 1122.7
1079920 1119.0
1079930 1119.0
1079940 1115.0
1079950 1109.2
1079960 1109.2
1079970 1103.6
1079980 1099.0
1079990 1099.0
