1064450 1922.8
1064460 1944.9
1064470 1944.9
1064480 1961.3
1064490 1967.8
1064500 1975.4
1064510 1975.4
1064520 1978.4
1064530 1980.1
1064540 1980.1
1064550 1981.7
1064560 1992.8
1064570 1992.8
1064580 2000.4
1064590 2010.0
1064600 2010.0
1064610 2022.5
1064620 2030.2
1064630 2030.2
1064640 2049.0
1064650 2066.2
1064660 2066.2
1064670 2082.7
1064680 2087.9
1064690 2087.9
1064700 2088.8
1064710 2096.9
1064720 2096.9
1064730 2097.0
1064740 2085.9
1064750 2085.3
1064760 2085.3
1064770 2089.8
1064780 2080.6
1064790 2080.6
1064800 2068.6
1064810 2055.7
1064820 2055.7
1064830 2069.2
1064840 2070.8
1064850 2070.8
1064860 2062.0
1064870 2052.4
1064880 2052.4
1064890 2041.2
1064900 2034.8
1064910 2034.8
1064920 2031.0
1064930 2025.9
1064940 2034.1
1064950 2026.9
1064960 2022.3
1064970 2022.3
1064980 2015.8
1064990 2012.3
1065000 2006.9
1065010 2006.9
1065020 2002.4
1065030 1996.2
1065040 1996.2
1065050 1991.5
1065060 1987.4
1065070 1987.4
1065080 1987.1
1065090 1979.9
1065100 1979.9
1065110 1971.4
1065120 1967.4
1065130 1967.4
1065140 1963.6
1065150 1961.3
1065160 1961.3
1065170 1961.0
1065180 1960.6
1065190 1960.6
1065200 1960.9
1065210 1965.6
1065220 1965.6
1065230 1975.3
1065240 1994.2
1065250 2006.4
1065260 2006.4
1065270 2023.6
1065280 2033.2
1065290 2033.2
1065300 2033.6
1065310 2015.9
1065320 2015.9
1065330 2004.3
1065340 1988.7
1065350 1988.7
1065360 1972.2
1065370 1951.8
1065380 1951.8
1065390 1943.3
1065400 1935.5
1065410 1935.5
1065420 1928.3
1065430 1921.2
1065440 1921.2
1065450 1914.6
1065460 1909.3
1065470 1906.2
1065480 1906.2
1065490 1903.5
1065500 1901.0
1065510 1901.0
1065520 1897.4
1065530 1894.2
1065540 1894.2
1065550 1898.3
1065560 1895.3
1065570 1895.3
1065580 1892.0
1065590 1887.4
1065600 1887.4
1065610 1884.3
1065620 1881.4
1065630 1881.4
1065640 1878.5
1065650 1875.4
1065660 1875.4
1065670 1871.5
1065680 1867.1
1065690 1867.1
1065700 1861.4
1065710 1855.8
1065720 1852.3
1065730 1852.3
1065740 1850.1
1065750 1848.6
1065760 1848.6
1065770 1847.6
1065780 1845.9
1065790 1845.9
1065800 1843.8
1065810 1843.7
1065820 1843.7
1065830 1845.0
1065840 1847.4
1065850 1854.3
1065860 1856.5
1065870 1858.5
1065880 1858.5
1065890 1860.5
1065900 1863.1
1065910 1863.1
1065920 1865.6
1065930 1870.1
1065940 1870.1
1065950 1871.7
1065960 1873.6
1065970 1875.2
1065980 1875.2
1065990 1877.1
1066000 1878.6
1066010 1878.6
1066020 1873.8
1066030 1868.6
1066040 1868.6
1066050 1864.3
1066060 1861.4
1066070 1861.4
1066080 1864.3
1066090 1858.2
1066100 1858.2
1066110 1845.4
1066120 1830.1
1066130 1830.1
1066140 1822.1
1066150 1811.0
1066160 1811.0
1066170 1808.3
1066180 1805.5
1066190 1805.5
1066200 1801.9
1066210 1798.1
1066220 1793.6
1066230 1793.6
1066240 1789.4
1066250 1787.0
1066260 1787.0
1066270 1784.7
1066280 1780.7
1066290 1780.7
1066300 1778.6
1066310 1774.9
1066320 1774.9
1066330 1768.7
1066340 1761.7
1066350 1761.7
1066360 1755.4
1066370 1750.1
1066380 1750.1
1066390 1747.6
1066400 1744.5
1066410 1744.5
1066420 1743.8
1066430 1736.3
1066440 1736.3
1066450 1716.5
1066460 1702.1
1066470 1703.9
1066480 1703.9
1066490 1700.8
1066500 1702.5
1066510 1702.5
1066520 1702.9
1066530 1699.7
1066540 1699.7
1066550 1699.7
1066560 1635.7
1066570 1635.7
1066580 1612.3
1066590 1608.0
1066600 1608.0
1066610 1605.0
1066620 1602.3
1066630 1602.3
1066640 1597.2
1066650 1594.5
1066660 1594.5
1066670 1593.6
1066680 1588.6
1066690 1588.6
1066700 1586.2
1066710 1583.9
1066720 1580.1
1066730 1580.1
1066740 1578.8
1066750 1578.5
1066760 1568.6
1066770 1565.0
1066780 1562.1
1066790 1562.1
1066800 1555.5
1066810 1543.3
1066820 1543.3
1066830 1534.7
1066840 1523.5
1066850 1523.5
1066860 1514.6
1066870 1505.2
1066880 1505.2
1066890 1477.9
1066900 1449.1
1066910 1449.1
1066920 1440.7
1066930 1430.0
1066940 1430.0
1066950 1427.0
1066960 1426.2
1066970 1424.1
1066980 1424.1
1066990 1421.8
1067000 1423.4
1067010 1423.4
1067020 1420.1
1067030 1412.1
1067040 1412.1
1067050 1409.2
1067060 1404.7
1067070 1397.7
1067080 1389.6
1067090 1380.6
1067100 1380.6
1067110 1376.2
1067120 1373.7
1067130 1373.7
1067140 1371.2
1067150 1369.4
1067160 1369.4
1067170 1366.0
1067180 1354.0
1067190 1354.0
1067200 1335.6
1067210 1323.7
1067220 1307.1
1067230 1307.1
1067240 1297.3
1067250 1288.6
1067260 1288.6
1067270 1280.2
1067280 1272.0
1067290 1272.0
1067300 1264.3
1067310 1256.5
1067320 1256.5
1067330 1248.5
1067340 1239.8
1067350 1239.8
1067360 1232.8
1067370 1226.3
1067380 1226.3
1067390 1219.9
1067400 1213.6
1067410 1213.6
1067420 1207.0
1067430 1200.3
1067440 1200.3
1067450 1193.5
1067460 1187.4
1067470 1182.3
1067480 1182.3
1067490 1177.5
1067500 1172.9
1067510 1172.9
1067520 1167.6
1067530 1161.6
1067540 1161.6
1067550 1155.2
1067560 1148.2
1067570 1148.2
1067580 1141.6
1067590 1134.8
1067600 1134.8
1067610 1128.1
1067620 1120.6
1067630 1120.6
1067640 1107.8
1067650 1096.3
1067660 1096.3
1067670 1087.9
1067680 1084.9
1067690 1084.9
1067700 1067.6
1067710 1048.7
1067720 1039.5
1067730 1039.5
1067740 1029.7
1067750 1023.7
1067760 1023.7
1067770 1018.4
1067780 1011.6
1067790 1011.6
1067800 1008.7
1067810 1009.2
1067820 1009.2
1067830 1013.7
1067840 1016.2
1067850 1016.2
1067860 1017.4
1067870 1014.1
1067880 1014.1
1067890 1008.9
1067900 1000.8
1067910 1000.8
1067920 991.7
1067930 982.8
1067940 982.8
1067950 972.4
1067960 962.1
1067970 955.5
1067980 950.7
1067990 943.1
1068000 936.6
1068010 936.6
1068020 932.6
1068030 929.4
1068040 929.4
1068050 918.5
1068060 901.6
1068070 901.6
1068080 886.5
1068090 877.8
1068100 877.8
1068110 868.2
1068120 857.7
1068130 857.7
1068140 845.9
1068150 840.8
1068160 840.8
1068170 836.0
1068180 835.5
1068190 835.5
1068200 842.0
1068210 848.5
1068220 857.5
1068230 857.5
1068240 865.5
1068250 873.9
1068260 873.9
1068270 881.4
1068280 888.0
1068290 889.9
1068300 896.8
1068310 903.7
1068320 903.7
1068330 910.6
1068340 917.8
1068350 917.8
1068360 925.6
1068370 934.2
1068380 934.2
1068390 943.0
1068400 943.6
1068410 943.6
1068420 938.1
1068430 941.8
1068440 941.8
1068450 944.2
1068460 958.0
1068470 969.3
1068480 969.3
1068490 977.1
1068500 984.0
1068510 984.0
1068520 991.2
1068530 998.5
1068540 998.5
1068550 1006.4
1068560 1013.4
1068570 1013.4
1068580 1018.3
1068590 1013.0
1068600 1013.0
1068610 1021.3
1068620 1030.1
1068630 1030.1
1068640 1041.7
1068650 1048.9
1068660 1048.9
1068670 1055.3
1068680 1064.1
1068690 1064.1
1068700 1073.7
1068710 1080.9
1068720 1088.2
1068730 1088.2
1068740 1094.2
1068750 1099.3
1068760 1099.3
1068770 1104.8
1068780 1110.1
1068790 1110.1
1068800 1112.2
1068810 1117.5
1068820 1117.5
1068830 1130.7
1068840 1158.7
1068850 1158.7
1068860 1173.6
1068870 1177.4
1068880 1177.4
1068890 1183.2
1068900 1198.9
1068910 1198.9
1068920 1205.3
1068930 1208.8
1068940 1208.8
1068950 1212.4
1068960 1218.7
1068970 1225.3
1068980 1225.3
1068990 1233.4
1069000 1243.6
1069010 1243.6
1069020 1255.7
1069030 1264.2
1069040 1264.2
1069050 1271.4
1069060 1278.0
1069070 1278.0
1069080 1285.4
1069090 1294.4
1069100 1294.4
1069110 1305.1
1069120 1313.2
1069130 1313.2
1069140 1323.2
1069150 1334.6
1069160 1334.6
1069170 1342.6
1069180 1347.5
1069190 1347.5
1069200 1351.5
1069210 1362.2
1069220 1371.2
1069230 1371.2
1069240 1379.8
1069250 1388.3
1069260 1388.3
1069270 1400.7
1069280 1433.3
1069290 1433.3
1069300 1441.8
1069310 1454.1
1069320 1454.1
1069330 1461.5
1069340 1469.3
1069350 1469.3
1069360 1483.3
1069370 1506.1
1069380 1506.1
1069390 1518.0
1069400 1524.0
1069410 1524.0
1069420 1531.2
1069430 1538.2
1069440 1538.2
1069450 1558.6
1069460 1586.6
1069470 1600.2
1069480 1600.2
1069490 1612.6
1069500 1621.2
1069510 1614.0
1069520 1621.7
1069530 1627.0
1069540 1627.0
1069550 1630.0
1069560 1631.3
1069570 1631.3
1069580 1628.0
1069590 1619.4
1069600 1619.4
1069610 1619.5
1069620 1623.6
1069630 1623.6
1069640 1622.7
1069650 1625.2
1069660 1625.2
1069670 1626.3
1069680 1622.8
1069690 1622.8
1069700 1623.1
1069710 1621.2
1069720 1618.8
1069730 1618.8
1069740 1622.4
1069750 1630.2
1069760 1630.2
1069770 1633.9
1069780 1636.6
1069790 1636.6
1069800 1638.9
1069810 1641.3
1069820 1635.5
1069830 1638.5
1069840 1642.1
1069850 1642.1
1069860 1646.3
1069870 1651.3
1069880 1651.3
1069890 1657.0
1069900 1663.5
1069910 1663.5
1069920 1669.3
1069930 1675.5
1069940 1675.5
1069950 1681.9
1069960 1687.4
1069970 1691.6
1069980 1691.6
1069990 1696.0
1070000 1699.2
1070010 1699.2
1070020 1695.6
1070030 1695.8
1070040 1695.8
1070050 1698.2
1070060 1697.1
1070070 1697.1
1070080 1697.8
1070090 1702.3
1070100 1702.3
1070110 1708.7
1070120 1721.1
1070130 1721.1
1070140 1719.6
1070150 1717.9
1070160 1717.9
1070170 1717.4
1070180 1718.7
1070190 1718.7
1070200 1721.9
1070210 1725.4
1070220 1732.7
1070230 1732.7
1070240 1745.2
1070250 1754.8
1070260 1754.8
1070270 1763.4
1070280 1770.2
1070290 1770.2
1070300 1777.7
1070310 1783.9
1070320 1783.9
1070330 1789.3
1070340 1793.3
1070350 1793.3
1070360 1798.6
1070370 1801.5
1070380 1801.5
1070390 1804.1
1070400 1806.8
1070410 1806.8
1070420 1809.6
1070430 1810.4
1070440 1810.4
1070450 1815.4
1070460 1821.2
1070470 1825.6
1070480 1825.6
1070490 1829.2
1070500 1832.7
1070510 1832.7
1070520 1836.2
1070530 1839.2
1070540 1839.2
1070550 1842.7
1070560 1846.7
1070570 1846.7
1070580 1850.9
1070590 1854.4
1070600 1854.4
1070610 1859.1
1070620 1864.9
1070630 1864.9
1070640 1874.4
1070650 1879.5
1070660 1879.5
1070670 1881.5
1070680 1877.8
1070690 1877.8
1070700 1874.1
1070710 1876.8
1070720 1878.8
1070730 1878.8
1070740 1882.8
1070750 1886.1
1070760 1886.1
1070770 1890.8
1070780 1895.1
1070790 1895.1
1070800 1901.2
1070810 1905.2
1070820 1905.2
1070830 1909.7
1070840 1915.4
1070850 1915.4
1070860 1920.9
1070870 1926.5
1070880 1926.5
1070890 1932.2
1070900 1937.4
1070910 1937.4
1070920 1944.2
1070930 1950.2
1070940 1950.2
1070950 1954.5
1070960 1955.4
1070970 1945.6
1070980 1945.6
1070990 1936.4
1071000 1924.0
1071010 1924.0
1071020 1908.3
1071030 1899.3
1071040 1898.6
1071050 1893.9
1071060 1889.6
1071070 1889.6
1071080 1887.3
1071090 1883.7
1071100 1883.7
1071110 1883.2
1071120 1912.6
1071130 1912.6
1071140 1923.2
1071150 1913.6
1071160 1913.6
1071170 1903.2
1071180 1894.3
1071190 1894.3
1071200 1894.8
1071210 1871.2
1071220 1842.2
1071230 1842.2
1071240 1831.8
1071250 1818.3
1071260 1818.3
1071270 1808.3
1071280 1796.2
1071290 1796.2
1071300 1783.9
1071310 1777.1
1071320 1777.1
1071330 1776.0
1071340 1766.9
1071350 1773.7
1071360 1760.6
1071370 1752.2
1071380 1752.2
1071390 1740.1
1071400 1728.5
1071410 1728.5
1071420 1723.7
1071430 1718.2
1071440 1718.2
1071450 1708.2
1071460 1700.4
1071470 1693.6
1071480 1693.6
1071490 1686.1
1071500 1678.4
1071510 1678.4
1071520 1669.9
1071530 1660.3
1071540 1660.3
1071550 1654.8
1071560 1649.9
1071570 1649.9
1071580 1647.4
1071590 1647.3
1071600 1647.3
1071610 1645.3
1071620 1640.7
1071630 1640.7
1071640 1635.6
1071650 1629.8
1071660 1631.0
1071670 1624.9
1071680 1618.9
1071690 1618.9
1071700 1613.2
1071710 1607.7
1071720 1602.6
1071730 1602.6
1071740 1597.2
1071750 1591.9
1071760 1591.9
1071770 1586.5
1071780 1581.5
1071790 1581.5
1071800 1576.5
1071810 1571.5
1071820 1571.5
1071830 1566.0
1071840 1560.5
1071850 1560.5
1071860 1555.6
1071870 1551.0
1071880 1551.0
1071890 1546.2
1071900 1541.4
1071910 1541.4
1071920 1536.3
1071930 1531.5
1071940 1531.5
1071950 1526.5
1071960 1521.7
1071970 1518.7
1071980 1518.7
1071990 1514.8
1072000 1510.8
1072010 1510.8
1072020 1506.5
1072030 1501.9
1072040 1501.9
1072050 1497.5
1072060 1493.4
1072070 1493.4
1072080 1489.2
1072090 1484.6
1072100 1484.6
1072110 1480.3
1072120 1476.2
1072130 1476.2
1072140 1470.3
1072150 1465.5
1072160 1465.5
1072170 1463.6
1072180 1460.8
1072190 1460.8
1072200 1457.4
1072210 1453.3
1072220 1449.5
1072230 1449.5
1072240 1446.7
1072250 1443.5
1072260 1443.5
1072270 1442.9
1072280 1439.8
1072290 1439.8
1072300 1442.2
1072310 1443.5
1072320 1443.5
1072330 1441.2
1072340 1441.6
1072350 1441.6
1072360 1443.2
1072370 1445.2
1072380 1445.2
1072390 1448.1
1072400 1450.1
1072410 1450.1
1072420 1450.1
1072430 1447.7
1072440 1447.7
1072450 1448.4
1072460 1450.5
1072470 1452.7
1072480 1452.7
1072490 1453.1
1072500 1452.4
1072510 1452.4
1072520 1453.0
1072530 1453.9
1072540 1453.9
1072550 1455.7
1072560 1457.6
1072570 1457.6
1072580 1481.3
1072590 1481.8
1072600 1481.8
1072610 1479.4
1072620 1476.1
1072630 1476.1
1072640 1476.5
1072650 1478.3
1072660 1478.3
1072670 1478.4
1072680 1478.5
1072690 1478.5
1072700 1478.9
1072710 1478.5
1072720 1478.9
1072730 1478.9
1072740 1479.8
1072750 1478.7
1072760 1478.7
1072770 1475.6
1072780 1474.0
1072790 1474.0
1072800 1472.6
1072810 1471.2
1072820 1471.2
1072830 1469.2
1072840 1467.2
1072850 1467.2
1072860 1465.2
1072870 1462.8
1072880 1462.8
1072890 1463.3
1072900 1460.4
1072910 1460.4
1072920 1457.2
1072930 1452.4
1072940 1452.4
1072950 1445.4
1072960 1437.9
1072970 1429.9
1072980 1429.9
1072990 1421.2
1073000 1412.8
1073010 1412.8
1073020 1405.7
1073030 1397.8
1073040 1397.8
1073050 1391.2
1073060 1384.6
1073070 1384.6
1073080 1378.7
1073090 1372.6
1073100 1372.6
1073110 1366.8
1073120 1360.2
1073130 1360.2
1073140 1352.6
1073150 1345.1
1073160 1345.1
1073170 1337.9
1073180 1330.5
1073190 1330.5
1073200 1328.1
1073210 1320.6
1073220 1314.0
1073230 1314.0
1073240 1307.3
1073250 1300.7
1073260 1300.7
1073270 1293.5
1073280 1286.7
1073290 1286.7
1073300 1279.5
1073310 1272.9
1073320 1272.9
1073330 1267.3
1073340 1261.9
1073350 1261.9
1073360 1256.7
1073370 1251.3
1073380 1251.3
1073390 1246.0
1073400 1239.8
1073410 1239.8
1073420 1232.3
1073430 1226.0
1073440 1226.0
1073450 1220.3
1073460 1214.0
1073470 1207.5
1073480 1207.5
1073490 1200.5
1073500 1196.2
1073510 1202.8
1073520 1195.2
1073530 1186.7
1073540 1186.7
1073550 1175.6
1073560 1174.8
1073570 1174.8
1073580 1180.6
1073590 1188.2
1073600 1188.2
1073610 1195.0
1073620 1198.5
1073630 1198.5
1073640 1201.4
1073650 1204.3
1073660 1204.3
1073670 1205.0
1073680 1203.0
1073690 1203.0
1073700 1206.9
1073710 1211.7
1073720 1209.1
1073730 1209.1
1073740 1206.3
1073750 1202.8
1073760 1202.8
1073770 1199.6
1073780 1199.0
1073790 1199.0
1073800 1198.7
1073810 1196.4
1073820 1202.2
1073830 1202.7
1073840 1204.3
1073850 1204.3
1073860 1204.4
1073870 1206.6
1073880 1206.6
1073890 1213.2
1073900 1221.3
1073910 1221.3
1073920 1229.8
1073930 1237.8
1073940 1237.8
1073950 1245.2
1073960 1251.6
1073970 1258.2
1073980 1258.2
1073990 1265.0
1074000 1272.1
1074010 1272.1
1074020 1279.8
1074030 1288.6
1074040 1288.6
1074050 1290.0
1074060 1288.3
1074070 1288.3
1074080 1290.0
1074090 1293.8
1074100 1293.8
1074110 1298.7
1074120 1303.3
1074130 1306.0
1074140 1307.3
1074150 1309.4
1074160 1309.4
1074170 1313.9
1074180 1319.0
1074190 1319.0
1074200 1323.6
1074210 1327.1
1074220 1330.5
1074230 1330.5
1074240 1335.1
1074250 1340.2
1074260 1340.2
1074270 1344.8
1074280 1349.9
1074290 1349.9
1074300 1355.1
1074310 1360.4
1074320 1360.4
1074330 1365.4
1074340 1370.1
1074350 1370.1
1074360 1373.9
1074370 1377.5
1074380 1377.5
1074390 1380.9
1074400 1384.2
1074410 1384.2
1074420 1387.4
1074430 1390.6
1074440 1396.2
1074450 1399.3
1074460 1404.5
1074470 1410.2
1074480 1410.2
1074490 1415.2
1074500 1421.7
1074510 1421.7
1074520 1427.6
1074530 1433.3
1074540 1433.3
1074550 1439.7
1074560 1445.7
1074570 1445.7
1074580 1450.3
1074590 1453.4
1074600 1453.4
1074610 1456.2
1074620 1460.7
1074630 1460.7
1074640 1465.1
1074650 1469.6
1074660 1469.6
1074670 1474.3
1074680 1478.8
1074690 1483.4
1074700 1483.4
1074710 1488.2
1074720 1493.1
1074730 1493.1
1074740 1498.4
1074750 1503.0
1074760 1503.0
1074770 1508.2
1074780 1513.9
1074790 1513.9
1074800 1519.5
1074810 1525.2
1074820 1525.2
1074830 1530.7
1074840 1536.4
1074850 1536.4
1074860 1542.3
1074870 1548.2
1074880 1548.2
1074890 1553.9
1074900 1560.0
1074910 1560.0
1074920 1566.2
1074930 1572.5
1074940 1579.1
1074950 1579.1
1074960 1586.5
1074970 1592.4
1074980 1592.4
1074990 1597.3
1075000 1601.6
1075010 1601.6
1075020 1603.6
1075030 1600.4
1075040 1600.4
1075050 1597.2
1075060 1600.7
1075070 1600.7
1075080 1598.1
1075090 1595.2
1075100 1595.2
1075110 1592.6
1075120 1590.6
1075130 1590.6
1075140 1588.0
1075150 1590.8
1075160 1590.8
1075170 1585.3
1075180 1571.1
1075190 1565.8
1075200 1565.8
1075210 1562.2
1075220 1561.4
1075230 1561.4
1075240 1560.6
1075250 1557.7
1075260 1557.7
1075270 1551.7
1075280 1544.5
1075290 1544.5
1075300 1537.8
1075310 1535.6
1075320 1535.6
1075330 1538.0
1075340 1537.3
1075350 1537.3
1075360 1542.5
1075370 1553.3
1075380 1553.3
1075390 1553.6
1075400 1550.1
1075410 1550.1
1075420 1541.6
1075430 1527.2
1075440 1511.9
1075450 1511.9
1075460 1502.3
1075470 1493.5
1075480 1493.5
1075490 1487.0
1075500 1482.7
1075510 1482.7
1075520 1481.5
1075530 1481.5
1075540 1481.5
1075550 1480.0
1075560 1477.6
1075570 1477.6
1075580 1474.1
1075590 1468.5
1075600 1468.5
1075610 1463.7
1075620 1472.3
1075630 1472.3
1075640 1476.7
1075650 1477.2
1075660 1477.2
1075670 1476.1
1075680 1476.0
1075690 1468.5
1075700 1468.5
1075710 1460.6
1075720 1455.5
1075730 1455.5
1075740 1453.6
1075750 1448.7
1075760 1448.7
1075770 1442.3
1075780 1434.5
1075790 1434.5
1075800 1428.9
1075810 1421.8
1075820 1421.8
1075830 1413.9
1075840 1407.1
1075850 1407.1
1075860 1399.0
1075870 1390.6
1075880 1390.6
1075890 1382.5
1075900 1379.1
1075910 1379.1
1075920 1374.3
1075930 1369.6
1075940 1365.0
1075950 1365.0
1075960 1357.3
1075970 1348.7
1075980 1348.7
1075990 1346.1
1076000 1347.4
1076010 1347.4
1076020 1345.2
1076030 1348.3
1076040 1348.3
1076050 1351.4
1076060 1349.6
1076070 1349.6
1076080 1345.2
1076090 1339.1
1076100 1339.1
1076110 1332.2
1076120 1327.5
1076130 1327.5
1076140 1334.7
1076150 1346.8
1076160 1346.8
1076170 1354.0
1076180 1356.8
1076190 1352.3
1076200 1352.3
1076210 1348.5
1076220 1352.6
1076230 1352.6
1076240 1360.7
1076250 1366.2
1076260 1366.2
1076270 1367.1
1076280 1366.6
1076290 1366.6
1076300 1376.8
1076310 1378.1
1076320 1378.1
1076330 1378.6
1076340 1378.6
1076350 1378.6
1076360 1376.7
1076370 1375.5
1076380 1375.5
1076390 1372.5
1076400 1368.0
1076410 1368.0
1076420 1364.4
1076430 1365.6
1076440 1367.4
1076450 1367.4
1076460 1370.1
1076470 1371.5
1076480 1371.5
1076490 1369.9
1076500 1369.4
1076510 1369.4
1076520 1370.1
1076530 1370.9
1076540 1370.9
1076550 1370.2
1076560 1366.8
1076570 1366.8
1076580 1362.4
1076590 1355.1
1076600 1355.1
1076610 1362.0
1076620 1353.6
1076630 1353.6
1076640 1343.3
1076650 1336.0
1076660 1336.0
1076670 1328.7
1076680 1321.0
1076690 1312.8
1076700 1312.8
1076710 1305.1
1076720 1297.3
1076730 1297.3
1076740 1287.0
1076750 1279.2
1076760 1279.2
1076770 1270.6
1076780 1260.8
1076790 1260.8
1076800 1253.3
1076810 1245.2
1076820 1245.2
1076830 1237.5
1076840 1229.8
1076850 1229.8
1076860 1224.1
1076870 1216.4
1076880 1216.4
1076890 1209.5
1076900 1203.0
1076910 1203.0
1076920 1195.9
1076930 1187.4
1076940 1179.9
1076950 1179.9
1076960 1172.5
1076970 1165.0
1076980 1165.0
1076990 1156.8
1077000 1149.3
1077010 1149.3
1077020 1142.4
1077030 1135.7
1077040 1135.7
1077050 1128.9
1077060 1122.0
1077070 1122.0
1077080 1114.9
1077090 1108.4
1077100 1108.4
1077110 1102.0
1077120 1096.1
1077130 1096.1
1077140 1090.6
1077150 1085.0
1077160 1085.0
1077170 1080.0
1077180 1073.2
1077190 1064.4
1077200 1064.4
1077210 1055.4
1077220 1045.8
1077230 1045.8
1077240 1036.0
1077250 1027.1
1077260 1027.1
1077270 1020.1
1077280 1012.3
1077290 1012.3
1077300 1005.4
1077310 998.5
1077320 998.5
1077330 992.0
1077340 985.9
1077350 985.9
1077360 979.1
1077370 971.5
1077380 971.5
1077390 964.6
1077400 958.3
1077410 958.3
1077420 952.5
1077430 947.6
1077440 942.8
1077450 942.8
1077460 938.1
1077470 935.2
1077480 935.2
1077490 933.4
1077500 931.5
1077510 931.5
1077520 930.6
1077530 929.6
1077540 929.6
1077550 920.3
1077560 916.9
1077570 916.9
1077580 913.7
1077590 912.3
1077600 912.3
1077610 910.5
1077620 907.9
1077630 907.9
1077640 905.1
1077650 901.5
1077660 901.5
1077670 897.7
1077680 894.4
1077690 892.4
1077700 892.4
1077710 890.2
1077720 887.1
1077730 887.1
1077740 881.9
1077750 877.7
1077760 877.7
1077770 873.8
1077780 868.6
1077790 868.6
1077800 863.0
1077810 857.6
1077820 857.6
1077830 851.8
1077840 846.4
1077850 846.4
1077860 838.2
1077870 833.2
1077880 833.2
1077890 829.2
1077900 825.3
1077910 825.3
1077920 822.4
1077930 821.7
1077940 823.1
1077950 823.1
1077960 824.6
1077970 826.0
1077980 826.0
1077990 827.3
1078000 829.8
1078010 829.8
1078020 833.7
1078030 838.0
1078040 838.0
1078050 840.4
1078060 837.6
1078070 837.6
1078080 833.6
1078090 828.1
1078100 828.1
1078110 821.2
1078120 812.7
1078130 812.7
1078140 805.5
1078150 798.3
1078160 798.3
1078170 790.6
1078180 785.4
1078190 777.8
1078200 777.8
1078210 770.5
1078220 763.9
1078230 763.9
1078240 760.5
1078250 753.5
1078260 753.5
1078270 743.4
1078280 730.1
1078290 730.1
1078300 719.7
1078310 709.5
1078320 709.5
1078330 697.7
1078340 688.1
1078350 688.1
1078360 681.2
1078370 666.2
1078380 666.2
1078390 666.1
1078400 675.3
1078410 675.3
1078420 686.1
1078430 701.9
1078440 716.7
1078450 716.7
1078460 733.5
1078470 744.8
1078480 744.8
1078490 762.8
1078500 773.3
1078510 773.3
1078520 778.1
1078530 783.1
1078540 783.1
1078550 789.8
1078560 797.1
1078570 797.1
1078580 801.4
1078590 807.7
1078600 807.7
1078610 814.6
1078620 821.1
1078630 821.1
1078640 825.7
1078650 830.4
1078660 830.4
1078670 834.0
1078680 836.8
1078690 840.7
1078700 840.7
1078710 843.8
1078720 847.3
1078730 847.3
1078740 850.9
1078750 853.2
1078760 853.2
1078770 856.7
1078780 861.4
1078790 861.4
1078800 872.6
1078810 876.9
1078820 876.9
1078830 881.0
1078840 884.6
1078850 884.6
1078860 887.5
1078870 891.4
1078880 891.4
1078890 895.8
1078900 900.4
1078910 900.4
1078920 905.0
1078930 909.9
1078940 915.1
1078950 915.1
1078960 919.9
1078970 924.1
1078980 924.1
1078990 929.2
1079000 934.0
1079010 934.0
1079020 937.8
1079030 943.1
1079040 943.1
1079050 950.2
1079060 957.4
1079070 957.4
1079080 963.8
1079090 969.2
1079100 969.2
1079110 972.4
1079120 974.2
1079130 974.2
1079140 978.0
1079150 981.5
1079160 981.5
1079170 984.6
1079180 987.5
1079190 989.3
1079200 989.3
1079210 992.3
1079220 995.9
1079230 995.9
1079240 999.1
1079250 1002.5
1079260 1002.5
1079270 1005.7
1079280 1009.3
1079290 1009.3
1079300 1010.5
1079310 1013.7
1079320 1013.7
1079330 1017.5
1079340 1021.4
1079350 1021.4
1079360 1024.9
1079370 1027.9
1079380 1027.9
1079390 1030.4
1079400 1033.6
1079410 1033.6
1079420 1037.3
1079430 1046.0
1079440 1049.3
1079450 1049.3
1079460 1052.1
1079470 1054.3
1079480 1054.3
1079490 1056.7
1079500 1058.8
1079510 1058.8
1079520 1059.4
1079530 1059.9
1079540 1059.9
1079550 1060.2
1079560 1061.3
1079570 1061.3
1079580 1063.2
1079590 1064.7
1079600 1064.7
1079610 1065.6
1079620 1066.0
1079630 1066.0
1079640 1066.3
1079650 1066.4
1079660 1066.4
1079670 1065.7
1079680 1065.0
1079690 1064.2
1079700 1064.2
1079710 1063.3
1079720 1062.1
1079730 1062.1
1079740 1068.0
1079750 1064.4
1079760 1064.4
1079770 1059.8
1079780 1055.7
1079790 1055.7
1079800 1052.2
1079810 1048.0
1079820 1048.0
1079830 1044.1
1079840 1040.5
1079850 1040.5
1079860 1036.7
1079870 1032.9
1079880 1032.9
1079890 1029.8
1079900 1025.5
1079910 1025.5
1079920 1023.6
1079930 1022.3
1079940 1021.2
1079950 1021.2
1079960 1019.4
1079970 1017.2
1079980 1017.2
1079990 1014.5
