1066800 1334.5
1066810 1331.9
1066820 1328.5
1066830 1328.5
1066840 1322.7
1066850 1315.8
1066860 1315.8
1066870 1309.4
1066880 1302.3
1066890 1302.3
1066900 1294.5
1066910 1289.2
1066920 1289.2
1066930 1281.8
1066940 1274.0
1066950 1274.0
1066960 1266.9
1066970 1258.7
1066980 1256.3
1066990 1247.5
1067000 1239.7
1067010 1239.7
1067020 1235.2
1067030 1230.3
1067040 1230.3
1067050 1222.8
1067060 1209.7
1067070 1198.7
1067080 1198.7
1067090 1194.0
1067100 1191.6
1067110 1191.6
1067120 1189.3
1067130 1186.7
1067140 1186.7
1067150 1181.5
1067160 1174.0
1067170 1174.0
1067180 1167.4
1067190 1163.3
1067200 1163.3
1067210 1158.9
1067220 1153.1
1067230 1153.1
1067240 1145.9
1067250 1138.2
1067260 1138.2
1067270 1131.2
1067280 1119.1
1067290 1119.1
1067300 1113.4
1067310 1107.6
1067320 1100.1
1067330 1100.1
1067340 1097.0
1067350 1095.8
1067360 1095.8
1067370 1091.8
1067380 1087.4
1067390 1087.4
1067400 1083.8
1067410 1080.3
1067420 1080.3
1067430 1078.6
1067440 1077.9
1067450 1077.9
1067460 1076.4
1067470 1072.7
1067480 1072.7
1067490 1071.5
1067500 1067.1
1067510 1067.1
1067520 1052.1
1067530 1043.2
1067540 1043.2
1067550 1029.2
1067560 1013.3
1067570 1001.5
1067580 1001.5
1067590 1018.4
1067600 1003.1
1067610 1003.1
1067620 997.2
1067630 980.8
1067640 980.8
1067650 969.2
1067660 961.0
1067670 961.0
1067680 955.3
1067690 951.1
1067700 951.1
1067710 951.1
1067720 952.9
1067730 952.9
1067740 952.7
1067750 949.1
1067760 949.1
1067770 946.0
1067780 943.9
1067790 943.9
1067800 942.8
1067810 943.6
1067820 939.9
1067830 939.9
1067840 931.4
1067850 919.2
1067860 919.2
1067870 908.9
1067880 896.9
1067890 895.9
1067900 887.0
1067910 878.8
1067920 878.8
1067930 869.5
1067940 860.9
1067950 860.9
1067960 857.7
1067970 860.8
1067980 860.8
1067990 867.3
1068000 875.4
1068010 875.4
1068020 883.7
1068030 891.4
1068040 891.4
1068050 898.1
1068060 903.9
1068070 910.4
1068080 910.4
1068090 918.3
1068100 928.6
1068110 928.6
1068120 938.6
1068130 947.9
1068140 947.9
1068150 953.7
1068160 955.3
1068170 955.3
1068180 959.5
1068190 963.8
1068200 970.2
1068210 975.3
1068220 981.3
1068230 981.3
1068240 988.6
1068250 995.7
1068260 995.7
1068270 1002.4
1068280 1009.9
1068290 1009.9
1068300 1017.3
1068310 1024.8
1068320 1033.2
1068330 1033.2
1068340 1043.0
1068350 1052.0
1068360 1052.0
1068370 1060.6
1068380 1069.0
1068390 1069.0
1068400 1076.8
1068410 1084.4
1068420 1084.4
1068430 1091.5
1068440 1098.1
1068450 1098.1
1068460 1105.6
1068470 1114.9
1068480 1114.9
1068490 1124.4
1068500 1134.9
1068510 1134.9
1068520 1145.1
1068530 1153.2
1068540 1153.2
1068550 1160.5
1068560 1167.8
1068570 1174.3
1068580 1174.3
1068590 1181.6
1068600 1188.3
1068610 1188.3
1068620 1194.6
1068630 1201.1
1068640 1201.1
1068650 1207.9
1068660 1215.7
1068670 1215.7
1068680 1223.8
1068690 1231.8
1068700 1231.8
1068710 1239.5
1068720 1247.6
1068730 1247.6
1068740 1255.1
1068750 1261.9
1068760 1261.9
1068770 1264.9
1068780 1270.6
1068790 1270.6
1068800 1273.6
1068810 1268.2
1068820 1268.7
1068830 1268.7
1068840 1268.9
1068850 1266.8
1068860 1266.8
1068870 1264.9
1068880 1267.5
1068890 1267.5
1068900 1269.9
1068910 1274.9
1068920 1274.9
1068930 1277.9
1068940 1281.2
1068950 1281.2
1068960 1283.6
1068970 1287.0
1068980 1287.0
1068990 1290.3
1069000 1293.1
1069010 1293.1
1069020 1295.0
1069030 1296.7
1069040 1296.7
1069050 1297.9
1069060 1299.2
1069070 1300.4
1069080 1300.4
1069090 1301.1
1069100 1301.4
1069110 1294.4
1069120 1294.5
1069130 1293.9
1069140 1293.9
1069150 1292.7
1069160 1292.2
1069170 1292.2
1069180 1292.5
1069190 1292.3
1069200 1292.3
1069210 1292.7
1069220 1292.1
1069230 1292.1
1069240 1292.7
1069250 1293.3
1069260 1293.3
1069270 1296.2
1069280 1301.0
1069290 1301.0
1069300 1304.3
1069310 1307.8
1069320 1312.0
1069330 1312.0
1069340 1317.0
1069350 1320.6
1069360 1320.6
1069370 1324.8
1069380 1328.2
1069390 1328.2
1069400 1331.5
1069410 1334.3
1069420 1326.3
1069430 1331.0
1069440 1336.5
1069450 1336.5
1069460 1343.8
1069470 1351.8
1069480 1351.8
1069490 1359.3
1069500 1366.5
1069510 1366.5
1069520 1373.9
1069530 1381.2
1069540 1381.2
1069550 1388.8
1069560 1396.4
1069570 1404.2
1069580 1404.2
1069590 1412.0
1069600 1417.4
1069610 1417.4
1069620 1420.8
1069630 1424.2
1069640 1424.2
1069650 1427.9
1069660 1432.0
1069670 1432.0
1069680 1436.7
1069690 1441.3
1069700 1441.3
1069710 1445.4
1069720 1450.2
1069730 1454.3
1069740 1459.9
1069750 1466.0
1069760 1466.0
1069770 1471.6
1069780 1477.5
1069790 1477.5
1069800 1483.5
1069810 1489.0
1069820 1494.5
1069830 1494.5
1069840 1499.5
1069850 1504.6
1069860 1504.6
1069870 1509.3
1069880 1514.4
1069890 1514.4
1069900 1519.8
1069910 1524.9
1069920 1524.9
1069930 1530.2
1069940 1535.4
1069950 1535.4
1069960 1540.4
1069970 1546.4
1069980 1546.4
1069990 1552.4
1070000 1558.1
1070010 1558.1
1070020 1563.8
1070030 1573.7
1070040 1573.7
1070050 1579.3
1070060 1584.8
1070070 1590.5
1070080 1590.5
1070090 1595.7
1070100 1601.0
1070110 1601.0
1070120 1606.5
1070130 1612.0
1070140 1612.0
1070150 1617.3
1070160 1622.2
1070170 1622.2
1070180 1627.7
1070190 1633.2
1070200 1633.2
1070210 1638.5
1070220 1642.8
1070230 1642.8
1070240 1647.2
1070250 1652.3
1070260 1652.3
1070270 1656.9
1070280 1661.1
1070290 1661.1
1070300 1665.5
1070310 1671.0
1070320 1676.2
1070330 1676.2
1070340 1685.9
1070350 1691.1
1070360 1691.1
1070370 1696.0
1070380 1701.1
1070390 1701.1
1070400 1706.7
1070410 1712.0
1070420 1712.0
1070430 1716.7
1070440 1722.8
1070450 1722.8
1070460 1729.4
1070470 1736.3
1070480 1736.3
1070490 1743.9
1070500 1752.0
1070510 1752.0
1070520 1759.2
1070530 1766.5
1070540 1766.5
1070550 1773.2
1070560 1779.8
1070570 1786.6
1070580 1786.6
1070590 1793.5
1070600 1800.3
1070610 1800.3
1070620 1807.3
1070630 1813.9
1070640 1813.9
1070650 1822.5
1070660 1829.6
1070670 1829.6
1070680 1836.7
1070690 1843.8
1070700 1843.8
1070710 1851.3
1070720 1857.8
1070730 1857.8
1070740 1864.3
1070750 1868.4
1070760 1868.4
1070770 1869.9
1070780 1872.7
1070790 1872.7
1070800 1876.5
1070810 1880.7
1070820 1885.3
1070830 1885.3
1070840 1890.8
1070850 1896.6
1070860 1896.6
1070870 1902.9
1070880 1909.2
1070890 1909.2
1070900 1915.6
1070910 1923.1
1070920 1923.1
1070930 1932.4
1070940 1938.2
1070950 1941.0
1070960 1947.6
1070970 1954.3
1070980 1954.3
1070990 1961.3
1071000 1968.3
1071010 1968.3
1071020 1975.5
1071030 1983.1
1071040 1983.1
1071050 1990.9
1071060 1998.2
1071070 2005.3
1071080 2005.3
1071090 2012.2
1071100 2016.3
1071110 2016.3
1071120 2011.4
1071130 2011.3
1071140 2011.3
1071150 2026.3
1071160 2023.7
1071170 2023.7
1071180 2011.2
1071190 2014.1
1071200 2014.1
1071210 2008.6
1071220 1989.5
1071230 1989.5
1071240 1984.1
1071250 1997.5
1071260 2008.6
1071270 2015.2
1071280 2014.8
1071290 2013.9
1071300 2013.9
1071310 2014.9
1071320 2013.8
1071330 2013.8
1071340 2009.9
1071350 1998.9
1071360 1998.9
1071370 1992.1
1071380 1988.7
1071390 1988.7
1071400 1979.9
1071410 1964.0
1071420 1964.0
1071430 1956.6
1071440 1953.5
1071450 1953.5
1071460 1943.2
1071470 1932.0
1071480 1932.0
1071490 1925.6
1071500 1901.6
1071510 1901.6
1071520 1876.3
1071530 1865.9
1071540 1857.9
1071550 1857.9
1071560 1848.2
1071570 1841.1
1071580 1841.1
1071590 1821.6
1071600 1809.1
1071610 1809.1
1071620 1805.1
1071630 1800.5
1071640 1800.5
1071650 1803.8
1071660 1801.7
1071670 1801.7
1071680 1797.4
1071690 1793.6
1071700 1793.6
1071710 1790.6
1071720 1790.4
1071730 1790.4
1071740 1793.3
1071750 1797.1
1071760 1797.1
1071770 1799.5
1071780 1792.4
1071790 1795.5
1071800 1795.5
1071810 1806.5
1071820 1802.6
1071830 1802.6
1071840 1792.2
1071850 1805.0
1071860 1805.0
1071870 1808.2
1071880 1822.1
1071890 1822.1
1071900 1818.2
1071910 1820.4
1071920 1820.4
1071930 1816.7
1071940 1807.1
1071950 1807.1
1071960 1793.4
1071970 1782.4
1071980 1782.4
1071990 1774.4
1072000 1771.2
1072010 1771.2
1072020 1765.7
1072030 1765.2
1072040 1762.2
1072050 1762.2
1072060 1745.4
1072070 1734.5
1072080 1734.5
1072090 1721.9
1072100 1710.8
1072110 1710.8
1072120 1699.3
1072130 1688.8
1072140 1688.8
1072150 1678.6
1072160 1671.9
1072170 1671.9
1072180 1668.5
1072190 1656.8
1072200 1656.8
1072210 1656.2
1072220 1654.7
1072230 1654.7
1072240 1650.2
1072250 1637.3
1072260 1637.3
1072270 1626.1
1072280 1617.8
1072290 1609.6
1072300 1609.6
1072310 1604.0
1072320 1598.3
1072330 1598.3
1072340 1591.8
1072350 1585.5
1072360 1585.5
1072370 1577.7
1072380 1570.3
1072390 1570.3
1072400 1564.6
1072410 1561.1
1072420 1561.1
1072430 1557.8
1072440 1552.3
1072450 1552.3
1072460 1544.3
1072470 1539.0
1072480 1539.0
1072490 1528.8
1072500 1525.2
1072510 1525.2
1072520 1518.6
1072530 1513.6
1072540 1510.6
1072550 1510.6
1072560 1506.5
1072570 1501.1
1072580 1501.1
1072590 1498.3
1072600 1496.7
1072610 1496.7
1072620 1493.2
1072630 1491.0
1072640 1491.0
1072650 1481.8
1072660 1471.6
1072670 1471.6
1072680 1473.2
1072690 1475.2
1072700 1475.2
1072710 1474.0
1072720 1470.9
1072730 1470.9
1072740 1470.4
1072750 1470.7
1072760 1470.7
1072770 1469.1
1072780 1465.5
1072790 1461.6
1072800 1456.9
1072810 1454.0
1072820 1450.4
1072830 1450.4
1072840 1445.2
1072850 1438.5
1072860 1438.5
1072870 1431.2
1072880 1424.5
1072890 1424.5
1072900 1413.3
1072910 1402.3
1072920 1402.3
1072930 1396.9
1072940 1392.7
1072950 1392.7
1072960 1387.6
1072970 1381.5
1072980 1381.5
1072990 1375.6
1073000 1369.5
1073010 1369.5
1073020 1364.1
1073030 1359.5
1073040 1354.7
1073050 1354.7
1073060 1349.9
1073070 1344.8
1073080 1344.8
1073090 1338.8
1073100 1333.8
1073110 1328.2
1073120 1324.1
1073130 1319.5
1073140 1319.5
1073150 1314.3
1073160 1309.2
1073170 1309.2
1073180 1304.5
1073190 1300.2
1073200 1300.2
1073210 1295.7
1073220 1291.0
1073230 1291.0
1073240 1285.3
1073250 1279.5
1073260 1279.5
1073270 1273.7
1073280 1268.1
1073290 1261.4
1073300 1261.4
1073310 1255.4
1073320 1250.5
1073330 1250.5
1073340 1246.2
1073350 1247.4
1073360 1247.4
1073370 1250.3
1073380 1252.5
1073390 1252.5
1073400 1254.8
1073410 1258.0
1073420 1260.3
1073430 1264.1
1073440 1269.8
1073450 1269.8
1073460 1278.4
1073470 1286.3
1073480 1286.3
1073490 1291.7
1073500 1294.5
1073510 1294.5
1073520 1298.9
1073530 1304.9
1073540 1310.5
1073550 1310.5
1073560 1312.3
1073570 1311.0
1073580 1311.0
1073590 1309.7
1073600 1309.2
1073610 1309.2
1073620 1311.6
1073630 1316.7
1073640 1316.7
1073650 1321.7
1073660 1326.7
1073670 1326.7
1073680 1332.3
1073690 1337.8
1073700 1337.8
1073710 1341.3
1073720 1340.1
1073730 1339.4
1073740 1337.4
1073750 1336.6
1073760 1336.6
1073770 1335.3
1073780 1334.5
1073790 1336.1
1073800 1336.1
1073810 1337.7
1073820 1339.2
1073830 1339.2
1073840 1340.0
1073850 1341.0
1073860 1341.0
1073870 1341.9
1073880 1342.6
1073890 1342.6
1073900 1344.2
1073910 1346.2
1073920 1346.2
1073930 1347.0
1073940 1347.4
1073950 1347.4
1073960 1346.4
1073970 1347.4
1073980 1347.4
1073990 1350.3
1074000 1353.9
1074010 1353.9
1074020 1357.3
1074030 1361.1
1074040 1366.3
1074050 1366.3
1074060 1367.4
1074070 1364.4
1074080 1364.4
1074090 1357.6
1074100 1357.7
1074110 1357.7
1074120 1364.0
1074130 1370.8
1074140 1370.8
1074150 1374.4
1074160 1375.8
1074170 1375.8
1074180 1378.5
1074190 1379.8
1074200 1379.8
1074210 1381.0
1074220 1382.3
1074230 1382.3
1074240 1382.4
1074250 1382.4
1074260 1382.4
1074270 1382.3
1074280 1379.7
1074290 1379.0
1074300 1379.0
1074310 1379.6
1074320 1379.8
1074330 1379.8
1074340 1379.4
1074350 1379.3
1074360 1379.3
1074370 1379.4
1074380 1380.0
1074390 1380.0
1074400 1381.7
1074410 1382.8
1074420 1382.8
1074430 1383.8
1074440 1384.9
1074450 1384.9
1074460 1386.2
1074470 1387.3
1074480 1387.3
1074490 1388.4
1074500 1389.4
1074510 1389.4
1074520 1390.8
1074530 1392.1
1074540 1393.5
1074550 1393.5
1074560 1394.7
1074570 1396.4
1074580 1396.4
1074590 1400.1
1074600 1405.0
1074610 1405.0
1074620 1410.2
1074630 1415.0
1074640 1415.0
1074650 1419.5
1074660 1421.9
1074670 1421.9
1074680 1426.6
1074690 1431.7
1074700 1431.7
1074710 1436.9
1074720 1441.7
1074730 1441.7
1074740 1444.1
1074750 1445.3
1074760 1445.3
1074770 1448.1
1074780 1451.5
1074790 1454.1
1074800 1454.1
1074810 1457.7
1074820 1461.8
1074830 1461.8
1074840 1466.4
1074850 1470.1
1074860 1470.1
1074870 1473.8
1074880 1477.6
1074890 1477.6
1074900 1481.1
1074910 1484.0
1074920 1484.0
1074930 1486.7
1074940 1489.9
1074950 1489.9
1074960 1493.4
1074970 1494.0
1074980 1494.0
1074990 1497.4
1075000 1501.3
1075010 1501.3
1075020 1505.2
1075030 1509.6
1075040 1513.5
1075050 1513.5
1075060 1517.1
1075070 1521.3
1075080 1521.3
1075090 1525.0
1075100 1529.0
1075110 1529.0
1075120 1533.4
1075130 1538.1
1075140 1538.1
1075150 1542.7
1075160 1547.3
1075170 1547.3
1075180 1552.0
1075190 1556.7
1075200 1556.7
1075210 1561.5
1075220 1566.3
1075230 1566.3
1075240 1571.4
1075250 1576.5
1075260 1576.5
1075270 1581.8
1075280 1583.6
1075290 1589.3
1075300 1589.3
1075310 1594.8
1075320 1600.4
1075330 1600.4
1075340 1605.9
1075350 1611.0
1075360 1611.0
1075370 1616.4
1075380 1621.9
1075390 1621.9
1075400 1627.1
1075410 1632.3
1075420 1632.3
1075430 1637.7
1075440 1643.1
1075450 1643.1
1075460 1648.0
1075470 1652.5
1075480 1652.5
1075490 1656.6
1075500 1659.5
1075510 1661.9
1075520 1661.9
1075530 1664.2
1075540 1666.7
1075550 1666.7
1075560 1669.0
1075570 1670.7
1075580 1670.7
1075590 1667.4
1075600 1668.6
1075610 1668.6
1075620 1669.7
1075630 1670.5
1075640 1670.5
1075650 1671.2
1075660 1671.7
1075670 1671.7
1075680 1672.1
1075690 1672.5
1075700 1672.5
1075710 1673.5
1075720 1674.3
1075730 1674.3
1075740 1674.6
1075750 1676.1
1075760 1677.9
1075770 1677.9
1075780 1678.1
1075790 1676.1
1075800 1676.1
1075810 1675.1
1075820 1674.0
1075830 1674.0
1075840 1673.3
1075850 1672.9
1075860 1672.9
1075870 1672.6
1075880 1671.9
1075890 1671.9
1075900 1666.8
1075910 1664.1
1075920 1664.1
1075930 1661.6
1075940 1658.8
1075950 1658.8
1075960 1656.0
1075970 1654.1
1075980 1654.1
1075990 1651.6
1076000 1648.7
1076010 1646.5
1076020 1646.5
1076030 1645.2
1076040 1644.9
1076050 1644.9
1076060 1644.2
1076070 1643.4
1076080 1643.4
1076090 1642.3
1076100 1641.3
1076110 1641.3
1076120 1640.1
1076130 1639.4
1076140 1639.4
1076150 1639.3
1076160 1639.2
1076170 1639.2
1076180 1639.4
1076190 1639.6
1076200 1639.6
1076210 1637.8
1076220 1638.6
1076230 1638.6
1076240 1638.8
1076250 1637.5
1076260 1636.7
1076270 1636.7
1076280 1636.6
1076290 1632.7
1076300 1632.7
1076310 1629.3
1076320 1626.5
1076330 1626.5
1076340 1622.8
1076350 1616.7
1076360 1616.7
1076370 1611.1
1076380 1607.8
1076390 1607.8
1076400 1603.4
1076410 1595.4
1076420 1595.4
1076430 1577.8
1076440 1566.7
1076450 1566.7
1076460 1558.2
1076470 1551.3
1076480 1551.3
1076490 1546.8
1076500 1541.3
1076510 1529.5
1076520 1533.2
1076530 1519.9
1076540 1509.8
1076550 1509.8
1076560 1501.6
1076570 1493.2
1076580 1493.2
1076590 1483.5
1076600 1474.4
1076610 1474.4
1076620 1466.2
1076630 1457.4
1076640 1457.4
1076650 1447.4
1076660 1437.8
1076670 1437.8
1076680 1432.4
1076690 1423.5
1076700 1423.5
1076710 1416.5
1076720 1409.0
1076730 1409.0
1076740 1402.1
1076750 1398.5
1076760 1393.7
1076770 1393.7
1076780 1386.5
1076790 1378.3
1076800 1378.3
1076810 1371.3
1076820 1363.5
1076830 1363.5
1076840 1364.1
1076850 1354.3
1076860 1354.3
1076870 1344.2
1076880 1335.9
1076890 1335.9
1076900 1328.5
1076910 1320.8
1076920 1320.8
1076930 1313.1
1076940 1305.8
1076950 1305.8
1076960 1298.5
1076970 1291.5
1076980 1291.5
1076990 1284.9
1077000 1273.5
1077010 1253.2
1077020 1253.2
1077030 1242.6
1077040 1242.6
1077050 1242.6
1077060 1238.5
1077070 1226.5
1077080 1226.5
1077090 1213.6
1077100 1205.2
1077110 1205.2
1077120 1198.0
1077130 1190.4
1077140 1190.4
1077150 1189.9
1077160 1183.1
1077170 1183.1
1077180 1175.1
1077190 1167.7
1077200 1167.7
1077210 1157.4
1077220 1149.3
1077230 1149.3
1077240 1142.8
1077250 1135.4
1077260 1130.5
1077270 1130.5
1077280 1119.8
1077290 1110.0
1077300 1110.0
1077310 1100.3
1077320 1089.7
1077330 1089.7
1077340 1079.7
1077350 1068.6
1077360 1068.6
1077370 1061.1
1077380 1055.3
1077390 1055.3
1077400 1049.2
1077410 1044.5
1077420 1044.5
1077430 1039.7
1077440 1035.3
1077450 1035.3
1077460 1041.6
1077470 1036.0
1077480 1036.0
1077490 1030.9
1077500 1027.7
1077510 1022.9
1077520 1022.9
1077530 1015.5
1077540 1008.9
1077550 1008.9
1077560 1004.2
1077570 1000.5
1077580 1000.5
1077590 994.7
1077600 989.4
1077610 989.4
1077620 987.5
1077630 984.3
1077640 984.3
1077650 980.3
1077660 977.6
1077670 977.6
1077680 975.5
1077690 977.1
1077700 977.1
1077710 977.6
1077720 973.8
1077730 973.8
1077740 966.8
1077750 959.5
1077760 952.5
1077770 954.8
1077780 949.1
1077790 943.0
1077800 943.0
1077810 937.7
1077820 932.2
1077830 932.2
1077840 928.8
1077850 924.8
1077860 924.8
1077870 920.2
1077880 915.2
1077890 915.2
1077900 909.7
1077910 903.1
1077920 903.1
1077930 896.2
1077940 890.0
1077950 890.0
1077960 884.9
1077970 880.4
1077980 880.4
1077990 874.8
1078000 870.2
1078010 865.4
1078020 865.4
1078030 861.3
1078040 857.7
1078050 857.7
1078060 854.5
1078070 850.8
1078080 850.8
1078090 846.5
1078100 843.8
1078110 843.8
1078120 840.2
1078130 834.8
1078140 834.8
1078150 829.3
1078160 821.1
1078170 821.1
1078180 813.4
1078190 807.8
1078200 807.8
1078210 803.0
1078220 798.9
1078230 798.9
1078240 795.2
1078250 792.2
1078260 789.8
1078270 789.8
1078280 789.2
1078290 787.4
1078300 787.4
1078310 785.3
1078320 782.6
1078330 782.6
1078340 779.8
1078350 779.7
1078360 779.7
1078370 779.9
1078380 783.3
1078390 783.3
1078400 792.3
1078410 793.3
1078420 793.3
1078430 788.0
1078440 780.7
1078450 780.7
1078460 753.2
1078470 742.7
1078480 742.7
1078490 735.4
1078500 729.5
1078510 723.6
1078520 723.6
1078530 716.1
1078540 710.2
1078550 710.2
1078560 716.1
1078570 729.1
1078580 729.1
1078590 739.3
1078600 747.9
1078610 747.9
1078620 756.2
1078630 771.3
1078640 771.3
1078650 782.9
1078660 796.3
1078670 796.3
1078680 805.2
1078690 812.9
1078700 812.9
1078710 817.7
1078720 831.6
1078730 831.6
1078740 846.2
1078750 853.8
1078760 859.8
1078770 859.8
1078780 866.1
1078790 871.5
1078800 871.5
1078810 874.0
1078820 876.8
1078830 876.8
1078840 882.7
1078850 889.1
1078860 889.1
1078870 895.1
1078880 901.2
1078890 901.2
1078900 908.4
1078910 918.1
1078920 918.1
1078930 927.5
1078940 938.9
1078950 938.9
1078960 945.9
1078970 951.4
1078980 955.4
1078990 955.4
1079000 960.3
1079010 966.7
1079020 970.1
1079030 975.8
1079040 982.3
1079050 982.3
1079060 987.5
1079070 992.0
1079080 992.0
1079090 993.2
1079100 996.0
1079110 996.0
1079120 1002.0
1079130 1007.5
1079140 1007.5
1079150 1013.6
1079160 1018.4
1079170 1018.4
1079180 1020.2
1079190 1017.3
1079200 1017.3
1079210 1016.9
1079220 1018.7
1079230 1018.9
1079240 1018.9
1079250 1024.1
1079260 1030.6
1079270 1030.6
1079280 1035.5
1079290 1043.1
1079300 1043.1
1079310 1050.9
1079320 1058.2
1079330 1058.2
1079340 1061.7
1079350 1070.4
1079360 1070.4
1079370 1079.2
1079380 1087.1
1079390 1087.1
1079400 1096.1
1079410 1101.7
1079420 1101.7
1079430 1104.7
1079440 1106.4
1079450 1106.4
1079460 1108.7
1079470 1111.8
1079480 1115.6
1079490 1115.6
1079500 1120.0
1079510 1124.1
1079520 1124.1
1079530 1128.4
1079540 1133.6
1079550 1133.6
1079560 1137.6
1079570 1140.6
1079580 1140.6
1079590 1144.1
1079600 1147.0
1079610 1147.0
1079620 1151.1
1079630 1154.4
1079640 1154.4
1079650 1156.3
1079660 1161.9
1079670 1161.9
1079680 1167.1
1079690 1172.3
1079700 1172.3
1079710 1177.8
1079720 1183.6
1079730 1189.6
1079740 1189.6
1079750 1194.1
1079760 1200.6
1079770 1200.6
1079780 1205.0
1079790 1208.4
1079800 1208.4
1079810 1211.4
1079820 1214.2
1079830 1214.2
1079840 1216.9
1079850 1219.7
1079860 1219.7
1079870 1221.8
1079880 1223.3
1079890 1223.3
1079900 1224.4
1079910 1225.8
1079920 1225.8
1079930 1227.6
1079940 1230.8
1079950 1230.8
1079960 1233.6
1079970 1237.8
1079980 1241.4
1079990 1241.4
