1064620 1840.9
1064630 1847.9
1064640 1847.9
1064650 1857.2
1064660 1871.9
1064670 1871.9
1064680 1887.8
1064690 1887.8
1064700 1887.8
1064710 1892.3
1064720 1914.3
1064730 1932.4
1064740 1932.4
1064750 1945.3
1064760 1958.6
1064770 1958.6
1064780 1967.6
1064790 1968.7
1064800 1968.7
1064810 1967.7
1064820 1968.4
1064830 1968.4
1064840 1976.5
1064850 1983.2
1064860 1983.2
1064870 1986.6
1064880 1989.7
1064890 1989.7
1064900 1996.0
1064910 2001.5
1064920 2001.5
1064930 2009.3
1064940 2020.5
1064950 2020.5
1064960 2024.2
1064970 2020.8
1064980 2016.6
1064990 2016.6
1065000 2011.9
1065010 2006.3
1065020 2006.3
1065030 1999.6
1065040 1994.2
1065050 1994.2
1065060 1990.0
1065070 1983.0
1065080 1983.0
1065090 1977.8
1065100 1974.4
1065110 1974.4
1065120 1967.4
1065130 1960.9
1065140 1960.9
1065150 1954.9
1065160 1950.3
1065170 1950.3
1065180 1941.0
1065190 1940.1
1065200 1940.1
1065210 1940.6
1065220 1937.9
1065230 1934.4
1065240 1934.4
1065250 1931.1
1065260 1927.7
1065270 1927.7
1065280 1924.1
1065290 1920.9
1065300 1920.9
1065310 1916.7
1065320 1912.9
1065330 1912.9
1065340 1911.2
1065350 1909.3
1065360 1909.3
1065370 1906.2
1065380 1903.0
1065390 1903.0
1065400 1899.9
1065410 1897.7
1065420 1897.7
1065430 1895.5
1065440 1894.4
1065450 1894.4
1065460 1892.4
1065470 1888.0
1065480 1877.3
1065490 1877.3
1065500 1871.9
1065510 1866.5
1065520 1866.5
1065530 1861.5
1065540 1857.8
1065550 1857.8
1065560 1854.1
1065570 1850.0
1065580 1850.0
1065590 1845.9
1065600 1841.4
1065610 1841.4
1065620 1837.2
1065630 1833.7
1065640 1833.7
1065650 1830.4
1065660 1827.4
1065670 1827.4
1065680 1824.5
1065690 1821.8
1065700 1821.8
1065710 1819.5
1065720 1817.7
1065730 1817.1
1065740 1817.1
1065750 1819.0
1065760 1820.9
1065770 1820.9
1065780 1822.4
1065790 1825.8
1065800 1825.8
1065810 1825.6
1065820 1823.0
1065830 1823.0
1065840 1818.7
1065850 1815.6
1065860 1815.6
1065870 1812.7
1065880 1809.6
1065890 1809.6
1065900 1805.1
1065910 1803.2
1065920 1803.2
1065930 1802.2
1065940 1802.7
1065950 1802.7
1065960 1801.9
1065970 1800.7
1065980 1798.8
1065990 1798.8
1066000 1795.6
1066010 1792.6
1066020 1792.6
1066030 1790.0
1066040 1788.0
1066050 1788.0
1066060 1787.8
1066070 1786.8
1066080 1786.8
1066090 1788.4
1066100 1786.5
1066110 1786.5
1066120 1781.2
1066130 1775.8
1066140 1775.8
1066150 1770.3
1066160 1765.5
1066170 1765.5
1066180 1761.2
1066190 1755.6
1066200 1755.6
1066210 1747.8
1066220 1742.2
1066230 1744.7
1066240 1744.7
1066250 1747.2
1066260 1747.0
1066270 1747.0
1066280 1745.3
1066290 1743.3
1066300 1743.3
1066310 1741.0
1066320 1737.6
1066330 1737.6
1066340 1734.0
1066350 1728.6
1066360 1728.6
1066370 1722.5
1066380 1718.9
1066390 1718.9
1066400 1721.8
1066410 1720.5
1066420 1720.5
1066430 1719.6
1066440 1720.1
1066450 1720.1
1066460 1723.1
1066470 1726.6
1066480 1735.1
1066490 1735.1
1066500 1746.0
1066510 1754.9
1066520 1754.9
1066530 1761.6
1066540 1765.1
1066550 1765.1
1066560 1765.0
1066570 1763.2
1066580 1763.2
1066590 1758.8
1066600 1751.6
1066610 1751.6
1066620 1743.6
1066630 1734.4
1066640 1734.4
1066650 1726.0
1066660 1718.4
1066670 1718.4
1066680 1710.9
1066690 1705.1
1066700 1699.5
1066710 1693.8
1066720 1693.9
1066730 1691.5
1066740 1691.5
1066750 1688.8
1066760 1687.5
1066770 1687.5
1066780 1679.8
1066790 1675.2
1066800 1675.2
1066810 1644.3
1066820 1610.1
1066830 1610.1
1066840 1600.3
1066850 1590.9
1066860 1590.9
1066870 1580.7
1066880 1570.3
1066890 1570.3
1066900 1560.8
1066910 1549.5
1066920 1549.5
1066930 1535.0
1066940 1521.6
1066950 1521.6
1066960 1513.6
1066970 1502.0
1066980 1492.8
1066990 1492.8
1067000 1484.0
1067010 1479.8
1067020 1479.8
1067030 1476.1
1067040 1473.7
1067050 1473.7
1067060 1469.9
1067070 1465.3
1067080 1465.3
1067090 1463.9
1067100 1462.0
1067110 1462.0
1067120 1457.1
1067130 1450.4
1067140 1450.4
1067150 1440.3
1067160 1427.2
1067170 1427.2
1067180 1415.0
1067190 1409.5
1067200 1409.5
1067210 1398.7
1067220 1386.7
1067230 1344.3
1067240 1344.3
1067250 1332.4
1067260 1331.0
1067270 1331.0
1067280 1325.6
1067290 1317.2
1067300 1317.2
1067310 1309.0
1067320 1300.5
1067330 1300.5
1067340 1279.4
1067350 1258.3
1067360 1258.3
1067370 1249.8
1067380 1241.4
1067390 1241.4
1067400 1233.2
1067410 1225.4
1067420 1225.4
1067430 1217.6
1067440 1210.1
1067450 1210.1
1067460 1201.8
1067470 1194.2
1067480 1187.4
1067490 1187.4
1067500 1180.5
1067510 1173.8
1067520 1173.8
1067530 1167.0
1067540 1160.4
1067550 1160.4
1067560 1153.5
1067570 1147.0
1067580 1147.0
1067590 1140.5
1067600 1133.8
1067610 1133.7
1067620 1127.1
1067630 1121.4
1067640 1121.4
1067650 1116.2
1067660 1111.2
1067670 1111.2
1067680 1106.4
1067690 1101.6
1067700 1101.6
1067710 1097.0
1067720 1092.3
1067730 1086.4
1067740 1086.4
1067750 1079.5
1067760 1072.0
1067770 1072.0
1067780 1064.3
1067790 1057.4
1067800 1057.4
1067810 1051.3
1067820 1044.5
1067830 1044.5
1067840 1037.1
1067850 1030.2
1067860 1030.2
1067870 1022.5
1067880 1014.0
1067890 1014.0
1067900 1005.2
1067910 997.8
1067920 1010.6
1067930 1003.2
1067940 992.9
1067950 992.9
1067960 982.4
1067970 973.2
1067980 965.5
1067990 965.5
1068000 960.1
1068010 953.7
1068020 953.7
1068030 946.3
1068040 936.8
1068050 936.8
1068060 927.4
1068070 919.1
1068080 919.1
1068090 910.4
1068100 902.2
1068110 902.2
1068120 894.7
1068130 887.5
1068140 887.5
1068150 880.5
1068160 873.2
1068170 873.2
1068180 866.1
1068190 859.7
1068200 859.7
1068210 852.7
1068220 845.0
1068230 840.5
1068240 840.5
1068250 837.5
1068260 835.6
1068270 835.6
1068280 835.2
1068290 834.0
1068300 834.0
1068310 832.1
1068320 826.7
1068330 826.7
1068340 821.8
1068350 820.9
1068360 820.9
1068370 822.7
1068380 825.5
1068390 825.5
1068400 826.6
1068410 828.2
1068420 828.2
1068430 829.3
1068440 831.7
1068450 831.7
1068460 834.4
1068470 837.6
1068480 841.4
1068490 841.4
1068500 845.4
1068510 851.9
1068520 851.9
1068530 865.3
1068540 874.2
1068550 874.2
1068560 880.7
1068570 887.0
1068580 887.0
1068590 888.1
1068600 893.6
1068610 893.6
1068620 904.1
1068630 919.1
1068640 919.1
1068650 928.7
1068660 937.3
1068670 937.3
1068680 948.5
1068690 961.2
1068700 961.2
1068710 977.4
1068720 997.3
1068730 1012.9
1068740 1012.9
1068750 1023.9
1068760 1031.6
1068770 1031.6
1068780 1038.7
1068790 1045.0
1068800 1045.0
1068810 1048.9
1068820 1051.2
1068830 1061.0
1068840 1062.3
1068850 1065.2
1068860 1065.2
1068870 1071.5
1068880 1076.7
1068890 1076.7
1068900 1077.9
1068910 1080.9
1068920 1080.9
1068930 1088.3
1068940 1094.3
1068950 1094.3
1068960 1105.3
1068970 1113.4
1068980 1121.1
1068990 1121.1
1069000 1122.4
1069010 1121.6
1069020 1121.6
1069030 1127.6
1069040 1133.5
1069050 1133.5
1069060 1132.5
1069070 1143.8
1069080 1143.8
1069090 1153.0
1069100 1158.1
1069110 1158.1
1069120 1162.7
1069130 1164.6
1069140 1172.7
1069150 1175.5
1069160 1178.6
1069170 1178.6
1069180 1178.9
1069190 1183.0
1069200 1183.0
1069210 1188.4
1069220 1197.1
1069230 1205.1
1069240 1205.1
1069250 1210.1
1069260 1219.0
1069270 1219.0
1069280 1227.1
1069290 1233.3
1069300 1233.3
1069310 1237.4
1069320 1239.8
1069330 1239.8
1069340 1246.0
1069350 1255.7
1069360 1255.7
1069370 1264.0
1069380 1269.1
1069390 1269.1
1069400 1274.9
1069410 1280.8
1069420 1280.8
1069430 1287.9
1069440 1291.8
1069450 1301.9
1069460 1302.6
1069470 1301.6
1069480 1301.7
1069490 1301.7
1069500 1304.2
1069510 1304.4
1069520 1304.4
1069530 1305.4
1069540 1311.4
1069550 1311.4
1069560 1318.1
1069570 1319.2
1069580 1319.2
1069590 1321.2
1069600 1321.6
1069610 1321.6
1069620 1328.5
1069630 1330.5
1069640 1330.5
1069650 1323.5
1069660 1318.4
1069670 1318.4
1069680 1321.4
1069690 1317.2
1069700 1317.2
1069710 1322.0
1069720 1338.8
1069730 1355.2
1069740 1355.2
1069750 1396.5
1069760 1401.8
1069770 1401.8
1069780 1400.9
1069790 1397.7
1069800 1397.7
1069810 1388.8
1069820 1391.6
1069830 1391.6
1069840 1394.1
1069850 1389.4
1069860 1389.4
1069870 1392.3
1069880 1405.6
1069890 1405.6
1069900 1415.6
1069910 1420.7
1069920 1420.7
1069930 1425.1
1069940 1426.1
1069950 1426.1
1069960 1430.3
1069970 1437.4
1069980 1444.4
1069990 1444.4
1070000 1467.7
1070010 1472.4
1070020 1472.4
1070030 1473.4
1070040 1467.6
1070050 1467.6
1070060 1477.5
1070070 1483.7
1070080 1483.7
1070090 1491.2
1070100 1502.3
1070110 1502.3
1070120 1508.7
1070130 1509.9
1070140 1509.9
1070150 1518.9
1070160 1522.8
1070170 1522.8
1070180 1540.9
1070190 1550.3
1070200 1550.3
1070210 1555.8
1070220 1562.9
1070230 1566.5
1070240 1566.5
1070250 1554.3
1070260 1535.0
1070270 1535.0
1070280 1527.3
1070290 1529.2
1070300 1529.2
1070310 1534.2
1070320 1539.8
1070330 1539.8
1070340 1548.1
1070350 1601.1
1070360 1601.1
1070370 1618.0
1070380 1617.8
1070390 1617.8
1070400 1618.5
1070410 1615.7
1070420 1615.7
1070430 1617.5
1070440 1623.2
1070450 1623.2
1070460 1625.8
1070470 1615.9
1070480 1611.6
1070490 1611.6
1070500 1604.6
1070510 1591.4
1070520 1591.4
1070530 1593.3
1070540 1599.4
1070550 1599.4
1070560 1604.7
1070570 1608.3
1070580 1608.3
1070590 1615.2
1070600 1625.4
1070610 1625.4
1070620 1626.0
1070630 1630.5
1070640 1630.5
1070650 1640.1
1070660 1627.2
1070670 1641.9
1070680 1633.1
1070690 1639.0
1070700 1639.0
1070710 1653.4
1070720 1670.9
1070730 1680.7
1070740 1680.7
1070750 1688.0
1070760 1686.3
1070770 1686.3
1070780 1681.7
1070790 1683.7
1070800 1683.7
1070810 1690.9
1070820 1699.0
1070830 1699.0
1070840 1706.6
1070850 1719.8
1070860 1719.8
1070870 1736.8
1070880 1745.8
1070890 1745.8
1070900 1757.7
1070910 1776.3
1070920 1776.3
1070930 1786.9
1070940 1790.6
1070950 1790.6
1070960 1798.7
1070970 1798.2
1070980 1798.5
1070990 1798.5
1071000 1813.4
1071010 1831.7
1071020 1831.7
1071030 1842.6
1071040 1845.2
1071050 1845.2
1071060 1837.9
1071070 1832.6
1071080 1832.6
1071090 1830.3
1071100 1826.8
1071110 1826.8
1071120 1832.3
1071130 1836.8
1071140 1836.8
1071150 1841.8
1071160 1845.8
1071170 1845.8
1071180 1849.1
1071190 1850.1
1071200 1850.1
1071210 1827.6
1071220 1803.5
1071230 1800.6
1071240 1800.6
1071250 1798.3
1071260 1794.9
1071270 1794.9
1071280 1796.9
1071290 1814.8
1071300 1814.8
1071310 1824.8
1071320 1826.8
1071330 1826.8
1071340 1832.6
1071350 1852.2
1071360 1852.2
1071370 1858.8
1071380 1853.6
1071390 1853.6
1071400 1850.4
1071410 1849.2
1071420 1849.2
1071430 1842.6
1071440 1820.9
1071450 1820.9
1071460 1805.6
1071470 1783.1
1071480 1772.8
1071490 1772.8
1071500 1769.0
1071510 1768.2
1071520 1768.2
1071530 1770.2
1071540 1763.4
1071550 1763.4
1071560 1753.6
1071570 1742.7
1071580 1742.7
1071590 1739.1
1071600 1725.3
1071610 1725.3
1071620 1712.1
1071630 1700.1
1071640 1700.1
1071650 1689.2
1071660 1686.3
1071670 1686.3
1071680 1687.0
1071690 1687.1
1071700 1687.1
1071710 1686.9
1071720 1679.6
1071730 1668.9
1071740 1668.9
1071750 1656.6
1071760 1649.0
1071770 1649.0
1071780 1641.4
1071790 1634.4
1071800 1634.4
1071810 1628.3
1071820 1621.1
1071830 1621.1
1071840 1612.8
1071850 1603.5
1071860 1603.5
1071870 1595.0
1071880 1586.9
1071890 1586.9
1071900 1574.6
1071910 1567.8
1071920 1567.8
1071930 1561.2
1071940 1555.9
1071950 1555.9
1071960 1551.5
1071970 1547.2
1071980 1542.7
1071990 1542.7
1072000 1535.4
1072010 1527.2
1072020 1527.2
1072030 1521.9
1072040 1507.3
1072050 1507.3
1072060 1498.6
1072070 1490.5
1072080 1490.5
1072090 1483.7
1072100 1477.1
1072110 1477.1
1072120 1470.6
1072130 1464.4
1072140 1464.4
1072150 1459.0
1072160 1454.1
1072170 1454.1
1072180 1449.1
1072190 1444.3
1072200 1444.3
1072210 1437.8
1072220 1432.5
1072230 1428.1
1072240 1428.1
1072250 1423.4
1072260 1419.0
1072270 1419.0
1072280 1414.7
1072290 1410.7
1072300 1410.7
1072310 1407.3
1072320 1405.1
1072330 1405.1
1072340 1401.5
1072350 1396.1
1072360 1396.1
1072370 1389.9
1072380 1384.4
1072390 1384.4
1072400 1380.7
1072410 1377.1
1072420 1377.1
1072430 1373.2
1072440 1369.0
1072450 1369.0
1072460 1366.0
1072470 1361.9
1072480 1354.4
1072490 1354.4
1072500 1347.3
1072510 1340.8
1072520 1344.7
1072530 1341.8
1072540 1338.4
1072550 1338.4
1072560 1331.6
1072570 1324.9
1072580 1324.9
1072590 1318.3
1072600 1311.4
1072610 1311.4
1072620 1307.7
1072630 1302.4
1072640 1302.4
1072650 1293.1
1072660 1282.7
1072670 1282.7
1072680 1276.8
1072690 1282.7
1072700 1282.7
1072710 1284.7
1072720 1290.4
1072730 1297.2
1072740 1297.2
1072750 1299.3
1072760 1291.8
1072770 1291.8
1072780 1285.3
1072790 1285.8
1072800 1285.8
1072810 1283.5
1072820 1276.7
1072830 1281.4
1072840 1282.6
1072850 1281.4
1072860 1281.4
1072870 1282.9
1072880 1287.0
1072890 1287.0
1072900 1290.0
1072910 1287.5
1072920 1287.5
1072930 1285.6
1072940 1286.0
1072950 1286.0
1072960 1285.8
1072970 1284.9
1072980 1285.1
1072990 1285.1
1073000 1285.1
1073010 1283.3
1073020 1283.3
1073030 1281.4
1073040 1282.9
1073050 1282.9
1073060 1281.9
1073070 1279.9
1073080 1279.9
1073090 1279.3
1073100 1280.7
1073110 1280.7
1073120 1281.2
1073130 1278.1
1073140 1281.8
1073150 1279.2
1073160 1277.6
1073170 1277.6
1073180 1273.2
1073190 1269.0
1073200 1269.0
1073210 1270.1
1073220 1269.6
1073230 1267.1
1073240 1267.1
1073250 1266.2
1073260 1266.0
1073270 1266.0
1073280 1264.5
1073290 1261.2
1073300 1261.2
1073310 1257.1
1073320 1253.9
1073330 1253.9
1073340 1250.7
1073350 1250.2
1073360 1250.2
1073370 1248.6
1073380 1246.2
1073390 1246.2
1073400 1241.8
1073410 1236.2
1073420 1236.2
1073430 1232.1
1073440 1231.9
1073450 1234.9
1073460 1235.1
1073470 1233.4
1073480 1230.1
1073490 1230.1
1073500 1233.3
1073510 1234.4
1073520 1234.4
1073530 1228.5
1073540 1220.8
1073550 1220.8
1073560 1213.4
1073570 1206.1
1073580 1206.1
1073590 1195.9
1073600 1183.2
1073610 1183.2
1073620 1173.6
1073630 1162.8
1073640 1162.8
1073650 1152.3
1073660 1137.6
1073670 1137.6
1073680 1124.9
1073690 1118.3
1073700 1118.3
1073710 1115.7
1073720 1115.6
1073730 1117.3
1073740 1117.3
1073750 1121.0
1073760 1131.3
1073770 1131.3
1073780 1139.0
1073790 1146.6
1073800 1146.6
1073810 1153.2
1073820 1157.0
1073830 1157.0
1073840 1159.5
1073850 1162.1
1073860 1162.1
1073870 1168.6
1073880 1175.3
1073890 1175.3
1073900 1181.9
1073910 1186.6
1073920 1186.6
1073930 1189.9
1073940 1192.9
1073950 1192.9
1073960 1195.9
1073970 1197.3
1073980 1196.3
1073990 1196.3
1074000 1194.2
1074010 1193.2
1074020 1193.2
1074030 1194.4
1074040 1195.2
1074050 1195.2
1074060 1196.4
1074070 1204.5
1074080 1204.5
1074090 1208.4
1074100 1206.1
1074110 1206.1
1074120 1200.6
1074130 1201.3
1074140 1201.3
1074150 1208.7
1074160 1215.5
1074170 1215.5
1074180 1220.4
1074190 1226.8
1074200 1226.8
1074210 1234.3
1074220 1241.5
1074230 1248.1
1074240 1248.1
1074250 1255.1
1074260 1264.4
1074270 1264.4
1074280 1273.1
1074290 1281.2
1074300 1281.2
1074310 1288.0
1074320 1293.2
1074330 1293.2
1074340 1297.2
1074350 1302.0
1074360 1302.0
1074370 1307.6
1074380 1308.8
1074390 1308.8
1074400 1314.7
1074410 1320.7
1074420 1320.7
1074430 1325.9
1074440 1332.2
1074450 1332.2
1074460 1338.9
1074470 1346.2
1074480 1353.9
1074490 1353.9
1074500 1361.8
1074510 1369.3
1074520 1369.3
1074530 1377.3
1074540 1384.8
1074550 1384.8
1074560 1390.7
1074570 1399.1
1074580 1399.1
1074590 1406.5
1074600 1414.7
1074610 1414.7
1074620 1423.6
1074630 1431.5
1074640 1431.5
1074650 1437.3
1074660 1441.6
1074670 1441.6
1074680 1444.8
1074690 1449.5
1074700 1449.5
1074710 1450.3
1074720 1450.3
1074730 1452.0
1074740 1452.0
1074750 1454.4
1074760 1455.4
1074770 1455.4
1074780 1456.0
1074790 1457.5
1074800 1457.5
1074810 1459.3
1074820 1461.4
1074830 1461.4
1074840 1464.4
1074850 1467.5
1074860 1467.5
1074870 1469.3
1074880 1467.2
1074890 1467.2
1074900 1462.5
1074910 1457.3
1074920 1457.3
1074930 1452.6
1074940 1452.1
1074950 1452.1
1074960 1458.1
1074970 1457.4
1074980 1446.8
1074990 1446.8
1075000 1454.5
1075010 1446.9
1075020 1446.9
1075030 1447.6
1075040 1437.6
1075050 1437.6
1075060 1429.6
1075070 1419.7
1075080 1419.7
1075090 1404.5
1075100 1395.6
1075110 1395.6
1075120 1390.0
1075130 1388.2
1075140 1388.2
1075150 1385.5
1075160 1379.6
1075170 1379.6
1075180 1370.9
1075190 1365.2
1075200 1365.2
1075210 1360.6
1075220 1353.3
1075230 1346.4
1075240 1346.4
1075250 1338.8
1075260 1331.9
1075270 1331.9
1075280 1325.3
1075290 1317.6
1075300 1317.6
1075310 1320.5
1075320 1318.0
1075330 1318.0
1075340 1319.6
1075350 1318.9
1075360 1318.9
1075370 1316.0
1075380 1309.3
1075390 1309.3
1075400 1300.8
1075410 1293.6
1075420 1293.6
1075430 1287.5
1075440 1284.5
1075450 1284.5
1075460 1282.0
1075470 1276.7
1075480 1269.5
1075490 1269.5
1075500 1267.6
1075510 1269.9
1075520 1269.9
1075530 1270.3
1075540 1270.8
1075550 1270.8
1075560 1270.7
1075570 1268.8
1075580 1268.8
1075590 1264.9
1075600 1259.0
1075610 1259.0
1075620 1260.7
1075630 1257.3
1075640 1257.3
1075650 1251.2
1075660 1243.2
1075670 1243.2
1075680 1235.2
1075690 1227.2
1075700 1224.8
1075710 1224.8
1075720 1226.5
1075730 1223.1
1075740 1223.1
1075750 1221.6
1075760 1224.6
1075770 1224.6
1075780 1223.5
1075790 1219.2
1075800 1219.2
1075810 1216.3
1075820 1213.3
1075830 1213.3
1075840 1211.9
1075850 1212.1
1075860 1212.1
1075870 1213.7
1075880 1215.0
1075890 1215.0
1075900 1215.4
1075910 1211.9
1075920 1211.9
1075930 1213.7
1075940 1210.1
1075950 1206.9
1075960 1206.9
1075970 1203.1
1075980 1198.2
1075990 1198.2
1076000 1194.2
1076010 1192.7
1076020 1192.7
1076030 1189.9
1076040 1185.3
1076050 1185.3
1076060 1184.4
1076070 1181.0
1076080 1181.0
1076090 1175.7
1076100 1175.2
1076110 1175.2
1076120 1174.4
1076130 1172.0
1076140 1172.0
1076150 1168.6
1076160 1163.7
1076170 1163.7
1076180 1156.4
1076190 1149.8
1076200 1143.6
1076210 1143.6
1076220 1150.0
1076230 1152.4
1076240 1162.3
1076250 1149.0
1076260 1144.5
1076270 1144.5
1076280 1149.6
1076290 1150.1
1076300 1150.1
1076310 1138.5
1076320 1128.9
1076330 1128.9
1076340 1122.6
1076350 1117.0
1076360 1117.0
1076370 1115.0
1076380 1118.6
1076390 1118.6
1076400 1122.9
1076410 1123.3
1076420 1123.3
1076430 1115.6
1076440 1106.4
1076450 1101.7
1076460 1101.7
1076470 1096.8
1076480 1088.7
1076490 1088.7
1076500 1083.3
1076510 1079.4
1076520 1079.4
1076530 1078.0
1076540 1077.5
1076550 1085.6
1076560 1083.5
1076570 1080.1
1076580 1080.1
1076590 1076.2
1076600 1074.0
1076610 1074.0
1076620 1071.6
1076630 1068.0
1076640 1068.0
1076650 1064.6
1076660 1061.1
1076670 1061.1
1076680 1059.0
1076690 1058.3
1076700 1058.1
1076710 1058.1
1076720 1057.5
1076730 1057.9
1076740 1057.9
1076750 1057.3
1076760 1055.0
1076770 1055.0
1076780 1051.6
1076790 1048.8
1076800 1048.8
1076810 1043.8
1076820 1040.1
1076830 1040.1
1076840 1035.3
1076850 1029.4
1076860 1032.1
1076870 1026.6
1076880 1021.2
1076890 1021.2
1076900 1015.3
1076910 1010.3
1076920 1010.3
1076930 1006.1
1076940 1002.5
1076950 999.2
1076960 999.2
1076970 996.6
1076980 994.8
1076990 994.8
1077000 993.2
1077010 992.2
1077020 992.2
1077030 991.0
1077040 989.9
1077050 989.9
1077060 989.0
1077070 986.5
1077080 986.5
1077090 985.4
1077100 984.6
1077110 984.6
1077120 983.6
1077130 982.0
1077140 982.0
1077150 979.7
1077160 974.8
1077170 977.8
1077180 973.4
1077190 968.3
1077200 962.3
1077210 962.3
1077220 958.4
1077230 956.9
1077240 956.9
1077250 956.6
1077260 956.7
1077270 956.7
1077280 956.6
1077290 956.5
1077300 956.5
1077310 956.6
1077320 956.4
1077330 956.4
1077340 955.6
1077350 956.2
1077360 956.2
1077370 956.4
1077380 956.0
1077390 956.0
1077400 955.7
1077410 955.4
1077420 955.4
1077430 950.5
1077440 944.7
1077450 938.9
1077460 938.9
1077470 933.0
1077480 927.0
1077490 928.5
1077500 923.3
1077510 920.4
1077520 920.4
1077530 920.0
1077540 920.1
1077550 920.1
1077560 917.5
1077570 911.9
1077580 911.9
1077590 905.7
1077600 900.5
1077610 900.5
1077620 895.5
1077630 890.1
1077640 890.1
1077650 885.3
1077660 878.7
1077670 878.7
1077680 872.4
1077690 865.8
1077700 858.7
1077710 858.7
1077720 850.3
1077730 842.6
1077740 842.6
1077750 836.6
1077760 830.8
1077770 830.8
1077780 825.6
1077790 819.5
1077800 818.9
1077810 813.0
1077820 806.0
1077830 806.0
1077840 797.8
1077850 790.3
1077860 790.3
1077870 782.3
1077880 775.0
1077890 775.0
1077900 767.5
1077910 759.4
1077920 759.4
1077930 752.3
1077940 745.1
1077950 737.1
1077960 737.1
1077970 728.0
1077980 721.3
1077990 721.3
1078000 715.1
1078010 709.3
1078020 709.3
1078030 702.3
1078040 691.0
1078050 691.0
1078060 682.6
1078070 673.6
1078080 673.6
1078090 662.0
1078100 652.8
1078110 668.9
1078120 659.7
1078130 650.1
1078140 650.1
1078150 644.0
1078160 638.8
1078170 638.8
1078180 640.5
1078190 650.8
1078200 664.6
1078210 664.6
1078220 674.3
1078230 680.5
1078240 680.5
1078250 689.3
1078260 701.0
1078270 701.0
1078280 706.1
1078290 706.6
1078300 706.6
1078310 710.7
1078320 714.9
1078330 714.9
1078340 720.7
1078350 722.5
1078360 722.5
1078370 726.0
1078380 732.8
1078390 732.8
1078400 741.1
1078410 752.1
1078420 752.9
1078430 761.7
1078440 770.1
1078450 774.0
1078460 774.0
1078470 774.3
1078480 777.0
1078490 777.0
1078500 783.3
1078510 789.9
1078520 789.9
1078530 796.7
1078540 801.7
1078550 801.7
1078560 808.1
1078570 813.8
1078580 813.8
1078590 818.8
1078600 822.6
1078610 822.6
1078620 826.9
1078630 831.6
1078640 831.6
1078650 834.6
1078660 837.5
1078670 837.5
1078680 841.6
1078690 846.3
1078700 850.8
1078710 850.8
1078720 856.2
1078730 860.8
1078740 865.2
1078750 870.9
1078760 876.2
1078770 876.2
1078780 880.0
1078790 882.9
1078800 882.9
1078810 886.4
1078820 889.9
1078830 889.9
1078840 891.6
1078850 893.4
1078860 893.4
1078870 894.9
1078880 896.4
1078890 896.4
1078900 896.8
1078910 897.2
1078920 897.2
1078930 897.7
1078940 898.4
1078950 899.7
1078960 899.7
1078970 900.9
1078980 902.2
1078990 902.2
1079000 904.2
1079010 907.7
1079020 907.7
1079030 910.8
1079040 911.8
1079050 914.1
1079060 916.3
1079070 919.0
1079080 919.0
1079090 922.0
1079100 924.7
1079110 924.7
1079120 927.3
1079130 930.3
1079140 930.3
1079150 933.5
1079160 936.0
1079170 936.0
1079180 937.8
1079190 938.3
1079200 938.3
1079210 938.3
1079220 938.2
1079230 938.5
1079240 938.5
1079250 939.1
1079260 939.5
1079270 939.5
1079280 939.8
1079290 940.3
1079300 940.3
1079310 940.5
1079320 940.8
1079330 940.8
1079340 940.9
1079350 940.9
1079360 940.9
1079370 943.6
1079380 943.1
1079390 943.1
1079400 942.2
1079410 941.5
1079420 941.5
1079430 941.3
1079440 940.9
1079450 940.3
1079460 940.3
1079470 939.9
1079480 939.2
1079490 939.2
1079500 938.3
1079510 937.4
1079520 937.4
1079530 936.6
1079540 935.8
1079550 935.8
1079560 934.9
1079570 934.3
1079580 934.3
1079590 934.1
1079600 931.6
1079610 931.6
1079620 929.1
1079630 926.6
1079640 926.6
1079650 924.0
1079660 921.2
1079670 921.2
1079680 922.9
1079690 919.8
1079700 916.1
1079710 916.1
1079720 911.8
1079730 907.0
1079740 907.0
1079750 901.2
1079760 895.1
1079770 895.1
1079780 888.3
1079790 882.4
1079800 882.4
1079810 877.7
1079820 872.1
1079830 872.1
1079840 867.6
1079850 863.1
1079860 863.1
1079870 858.8
1079880 854.3
1079890 854.3
1079900 849.7
1079910 846.1
1079920 846.1
1079930 843.6
1079940 842.4
1079950 841.4
1079960 841.4
1079970 841.7
1079980 842.4
1079990 847.4
