1065380 1806.5
1065390 1805.7
1065400 1805.7
1065410 1813.0
1065420 1817.0
1065430 1817.0
1065440 1818.0
1065450 1820.3
1065460 1820.3
1065470 1818.1
1065480 1822.3
1065490 1822.3
1065500 1831.8
1065510 1848.6
1065520 1848.6
1065530 1854.8
1065540 1857.8
1065550 1859.2
1065560 1859.2
1065570 1868.3
1065580 1881.0
1065590 1881.0
1065600 1894.5
1065610 1906.3
1065620 1906.3
1065630 1920.6
1065640 1936.1
1065650 1936.1
1065660 1955.2
1065670 1974.9
1065680 1974.9
1065690 1990.0
1065700 1989.0
1065710 1989.0
1065720 1972.9
1065730 1965.5
1065740 1965.5
1065750 1938.9
1065760 1924.4
1065770 1924.4
1065780 1914.6
1065790 1903.7
1065800 1893.0
1065810 1893.0
1065820 1886.8
1065830 1879.5
1065840 1879.5
1065850 1870.8
1065860 1864.4
1065870 1864.4
1065880 1860.7
1065890 1854.0
1065900 1854.0
1065910 1842.1
1065920 1829.8
1065930 1829.8
1065940 1815.7
1065950 1806.3
1065960 1806.3
1065970 1787.0
1065980 1780.2
1065990 1780.2
1066000 1762.1
1066010 1753.0
1066020 1753.0
1066030 1754.5
1066040 1754.3
1066050 1751.2
1066060 1751.2
1066070 1746.5
1066080 1732.2
1066090 1732.2
1066100 1697.5
1066110 1685.6
1066120 1686.4
1066130 1678.3
1066140 1670.0
1066150 1670.0
1066160 1661.8
1066170 1654.1
1066180 1654.1
1066190 1646.4
1066200 1638.4
1066210 1638.4
1066220 1630.7
1066230 1623.4
1066240 1623.4
1066250 1616.6
1066260 1609.1
1066270 1609.1
1066280 1601.2
1066290 1593.3
1066300 1585.0
1066310 1585.0
1066320 1575.8
1066330 1571.5
1066340 1571.5
1066350 1566.3
1066360 1560.1
1066370 1560.1
1066380 1551.6
1066390 1543.3
1066400 1543.3
1066410 1537.0
1066420 1533.3
1066430 1533.3
1066440 1524.7
1066450 1515.9
1066460 1515.9
1066470 1508.6
1066480 1503.3
1066490 1503.3
1066500 1498.6
1066510 1493.9
1066520 1493.9
1066530 1489.6
1066540 1482.9
1066550 1476.5
1066560 1476.5
1066570 1467.9
1066580 1456.7
1066590 1456.7
1066600 1448.8
1066610 1440.9
1066620 1440.9
1066630 1432.9
1066640 1425.0
1066650 1425.0
1066660 1417.7
1066670 1410.8
1066680 1410.8
1066690 1404.2
1066700 1397.8
1066710 1397.8
1066720 1390.0
1066730 1382.3
1066740 1382.3
1066750 1373.8
1066760 1365.6
1066770 1365.6
1066780 1358.6
1066790 1351.1
1066800 1343.5
1066810 1343.5
1066820 1333.6
1066830 1322.1
1066840 1322.1
1066850 1316.8
1066860 1307.5
1066870 1307.5
1066880 1294.3
1066890 1272.7
1066900 1272.7
1066910 1266.9
1066920 1265.3
1066930 1265.3
1066940 1260.3
1066950 1256.9
1066960 1256.9
1066970 1249.4
1066980 1244.0
1066990 1244.0
1067000 1238.2
1067010 1231.2
1067020 1231.2
1067030 1229.5
1067040 1223.6
1067050 1221.4
1067060 1221.4
1067070 1222.6
1067080 1230.0
1067090 1230.0
1067100 1236.3
1067110 1233.4
1067120 1233.4
1067130 1228.5
1067140 1224.6
1067150 1224.6
1067160 1220.5
1067170 1216.8
1067180 1216.8
1067190 1211.6
1067200 1206.5
1067210 1206.5
1067220 1201.6
1067230 1197.5
1067240 1197.5
1067250 1191.0
1067260 1187.8
1067270 1187.8
1067280 1183.7
1067290 1180.2
1067300 1174.1
1067310 1174.1
1067320 1162.7
1067330 1152.2
1067340 1140.7
1067350 1130.9
1067360 1123.4
1067370 1123.4
1067380 1125.1
1067390 1127.1
1067400 1127.1
1067410 1125.9
1067420 1115.0
1067430 1115.0
1067440 1105.0
1067450 1097.4
1067460 1097.4
1067470 1089.7
1067480 1077.7
1067490 1077.7
1067500 1067.1
1067510 1063.2
1067520 1063.2
1067530 1062.5
1067540 1059.1
1067550 1061.7
1067560 1061.7
1067570 1076.2
1067580 1077.9
1067590 1077.9
1067600 1077.5
1067610 1076.5
1067620 1076.5
1067630 1071.9
1067640 1070.6
1067650 1070.6
1067660 1065.9
1067670 1059.7
1067680 1059.7
1067690 1056.3
1067700 1051.9
1067710 1051.9
1067720 1042.7
1067730 1033.7
1067740 1033.7
1067750 1028.7
1067760 1024.7
1067770 1024.7
1067780 1022.0
1067790 1020.6
1067800 1020.1
1067810 1020.1
1067820 1019.4
1067830 1013.8
1067840 1013.8
1067850 1007.4
1067860 1003.2
1067870 1003.2
1067880 1000.2
1067890 999.4
1067900 999.4
1067910 995.5
1067920 990.4
1067930 990.4
1067940 985.2
1067950 990.9
1067960 990.9
1067970 987.7
1067980 983.1
1067990 983.1
1068000 977.2
1068010 971.5
1068020 971.5
1068030 966.1
1068040 961.5
1068050 957.2
1068060 957.2
1068070 953.9
1068080 949.0
1068090 949.0
1068100 941.0
1068110 933.4
1068120 933.4
1068130 926.2
1068140 919.5
1068150 919.5
1068160 913.1
1068170 907.4
1068180 907.4
1068190 902.1
1068200 896.8
1068210 896.8
1068220 891.3
1068230 884.8
1068240 884.8
1068250 873.4
1068260 867.2
1068270 867.2
1068280 859.9
1068290 851.5
1068300 843.5
1068310 843.5
1068320 835.7
1068330 827.0
1068340 827.0
1068350 818.2
1068360 810.5
1068370 810.5
1068380 804.4
1068390 803.4
1068400 803.4
1068410 803.3
1068420 800.4
1068430 800.4
1068440 797.1
1068450 796.6
1068460 796.6
1068470 795.9
1068480 796.6
1068490 796.6
1068500 810.1
1068510 819.2
1068520 819.2
1068530 827.8
1068540 836.7
1068550 846.1
1068560 845.2
1068570 856.4
1068580 869.1
1068590 869.1
1068600 878.3
1068610 886.9
1068620 886.9
1068630 894.6
1068640 902.7
1068650 902.7
1068660 910.8
1068670 916.8
1068680 916.8
1068690 922.5
1068700 929.3
1068710 929.3
1068720 929.9
1068730 928.3
1068740 928.3
1068750 926.7
1068760 933.4
1068770 933.4
1068780 942.9
1068790 950.6
1068800 957.3
1068810 957.3
1068820 958.3
1068830 958.6
1068840 958.6
1068850 961.4
1068860 974.4
1068870 974.4
1068880 979.6
1068890 984.6
1068900 984.6
1068910 989.8
1068920 993.4
1068930 993.4
1068940 1001.7
1068950 1004.6
1068960 1004.6
1068970 1004.1
1068980 1015.9
1068990 1015.9
1069000 1026.9
1069010 1034.1
1069020 1034.1
1069030 1041.8
1069040 1050.1
1069050 1058.3
1069060 1058.3
1069070 1065.5
1069080 1069.4
1069090 1069.4
1069100 1072.2
1069110 1074.8
1069120 1074.8
1069130 1080.5
1069140 1087.5
1069150 1087.5
1069160 1096.2
1069170 1109.8
1069180 1109.8
1069190 1117.0
1069200 1123.2
1069210 1123.2
1069220 1132.7
1069230 1146.1
1069240 1146.1
1069250 1154.6
1069260 1170.2
1069270 1170.2
1069280 1183.8
1069290 1193.3
1069300 1202.9
1069310 1202.9
1069320 1215.6
1069330 1226.1
1069340 1226.1
1069350 1238.1
1069360 1254.8
1069370 1254.8
1069380 1273.4
1069390 1287.8
1069400 1287.8
1069410 1299.0
1069420 1309.3
1069430 1309.3
1069440 1320.7
1069450 1332.0
1069460 1332.0
1069470 1340.9
1069480 1346.9
1069490 1346.9
1069500 1354.3
1069510 1352.5
1069520 1352.5
1069530 1343.5
1069540 1330.2
1069550 1341.1
1069560 1341.1
1069570 1408.0
1069580 1441.8
1069590 1441.8
1069600 1452.0
1069610 1457.6
1069620 1457.6
1069630 1462.6
1069640 1466.5
1069650 1466.5
1069660 1469.9
1069670 1473.4
1069680 1473.4
1069690 1478.5
1069700 1483.4
1069710 1483.4
1069720 1483.9
1069730 1487.7
1069740 1487.7
1069750 1494.8
1069760 1496.9
1069770 1496.9
1069780 1503.0
1069790 1504.8
1069800 1511.2
1069810 1511.2
1069820 1527.4
1069830 1553.0
1069840 1553.0
1069850 1565.4
1069860 1576.6
1069870 1576.6
1069880 1574.2
1069890 1566.6
1069900 1566.6
1069910 1565.8
1069920 1557.1
1069930 1557.1
1069940 1542.1
1069950 1535.4
1069960 1535.4
1069970 1537.6
1069980 1536.5
1069990 1536.5
1070000 1532.7
1070010 1527.3
1070020 1527.3
1070030 1529.9
1070040 1526.9
1070050 1522.4
1070060 1522.4
1070070 1521.0
1070080 1515.6
1070090 1532.3
1070100 1525.4
1070110 1523.9
1070120 1523.9
1070130 1520.6
1070140 1518.0
1070150 1518.0
1070160 1510.9
1070170 1511.3
1070180 1511.3
1070190 1515.0
1070200 1515.7
1070210 1515.7
1070220 1507.2
1070230 1503.4
1070240 1503.4
1070250 1500.8
1070260 1498.0
1070270 1498.0
1070280 1498.7
1070290 1493.0
1070300 1490.4
1070310 1490.4
1070320 1487.7
1070330 1485.9
1070340 1485.9
1070350 1482.2
1070360 1473.9
1070370 1473.9
1070380 1468.9
1070390 1464.0
1070400 1475.7
1070410 1472.7
1070420 1471.7
1070430 1471.7
1070440 1469.2
1070450 1467.2
1070460 1467.2
1070470 1467.9
1070480 1470.5
1070490 1470.5
1070500 1474.5
1070510 1472.3
1070520 1472.3
1070530 1473.2
1070540 1481.1
1070550 1481.1
1070560 1489.6
1070570 1496.7
1070580 1499.4
1070590 1499.4
1070600 1500.3
1070610 1500.6
1070620 1500.6
1070630 1500.5
1070640 1499.6
1070650 1499.6
1070660 1498.5
1070670 1498.7
1070680 1498.7
1070690 1497.8
1070700 1501.8
1070710 1501.8
1070720 1503.6
1070730 1505.7
1070740 1505.7
1070750 1507.9
1070760 1509.2
1070770 1509.2
1070780 1512.2
1070790 1515.2
1070800 1515.2
1070810 1518.0
1070820 1520.6
1070830 1523.5
1070840 1523.5
1070850 1526.3
1070860 1528.7
1070870 1528.7
1070880 1531.0
1070890 1534.2
1070900 1534.2
1070910 1537.4
1070920 1540.4
1070930 1540.4
1070940 1543.9
1070950 1547.8
1070960 1547.8
1070970 1552.5
1070980 1558.1
1070990 1558.1
1071000 1562.9
1071010 1562.3
1071020 1562.3
1071030 1567.4
1071040 1571.9
1071050 1571.9
1071060 1576.5
1071070 1581.5
1071080 1585.8
1071090 1585.8
1071100 1590.5
1071110 1595.2
1071120 1595.2
1071130 1599.8
1071140 1604.7
1071150 1604.7
1071160 1609.5
1071170 1614.3
1071180 1614.3
1071190 1619.1
1071200 1625.4
1071210 1625.4
1071220 1633.0
1071230 1640.5
1071240 1640.5
1071250 1647.5
1071260 1654.2
1071270 1654.2
1071280 1660.3
1071290 1666.2
1071300 1666.2
1071310 1672.7
1071320 1677.9
1071330 1684.3
1071340 1684.3
1071350 1691.3
1071360 1698.3
1071370 1698.3
1071380 1705.5
1071390 1712.7
1071400 1712.7
1071410 1719.7
1071420 1726.9
1071430 1726.9
1071440 1734.0
1071450 1741.2
1071460 1741.2
1071470 1748.2
1071480 1753.8
1071490 1753.8
1071500 1752.6
1071510 1749.6
1071520 1749.6
1071530 1747.0
1071540 1732.3
1071550 1732.3
1071560 1714.4
1071570 1701.3
1071580 1693.5
1071590 1693.5
1071600 1685.8
1071610 1678.3
1071620 1677.0
1071630 1668.7
1071640 1661.6
1071650 1661.6
1071660 1655.4
1071670 1649.1
1071680 1649.1
1071690 1641.8
1071700 1634.2
1071710 1634.2
1071720 1627.2
1071730 1621.5
1071740 1621.5
1071750 1616.1
1071760 1609.5
1071770 1609.5
1071780 1603.7
1071790 1598.9
1071800 1598.9
1071810 1594.1
1071820 1592.9
1071830 1594.5
1071840 1594.5
1071850 1593.6
1071860 1590.6
1071870 1590.6
1071880 1585.5
1071890 1580.3
1071900 1580.3
1071910 1574.2
1071920 1567.2
1071930 1565.9
1071940 1559.3
1071950 1552.0
1071960 1552.0
1071970 1544.6
1071980 1539.2
1071990 1539.2
1072000 1534.5
1072010 1529.2
1072020 1529.2
1072030 1522.2
1072040 1514.4
1072050 1514.4
1072060 1508.3
1072070 1501.9
1072080 1494.9
1072090 1494.9
1072100 1490.9
1072110 1490.2
1072120 1490.2
1072130 1486.3
1072140 1481.9
1072150 1481.9
1072160 1479.3
1072170 1477.3
1072180 1477.3
1072190 1475.9
1072200 1477.3
1072210 1477.3
1072220 1477.7
1072230 1471.4
1072240 1467.8
1072250 1460.9
1072260 1459.2
1072270 1459.2
1072280 1463.5
1072290 1467.6
1072300 1467.6
1072310 1466.9
1072320 1464.2
1072330 1464.5
1072340 1464.5
1072350 1465.1
1072360 1466.0
1072370 1466.0
1072380 1468.9
1072390 1471.0
1072400 1471.0
1072410 1470.2
1072420 1465.7
1072430 1465.7
1072440 1460.3
1072450 1457.5
1072460 1457.5
1072470 1459.1
1072480 1462.0
1072490 1462.0
1072500 1464.3
1072510 1466.0
1072520 1466.0
1072530 1466.6
1072540 1461.1
1072550 1454.4
1072560 1449.0
1072570 1445.9
1072580 1443.8
1072590 1443.8
1072600 1441.7
1072610 1440.0
1072620 1440.0
1072630 1438.9
1072640 1434.5
1072650 1434.5
1072660 1429.2
1072670 1425.3
1072680 1425.3
1072690 1417.7
1072700 1408.7
1072710 1408.7
1072720 1402.7
1072730 1399.4
1072740 1399.4
1072750 1397.1
1072760 1397.5
1072770 1397.5
1072780 1399.8
1072790 1402.2
1072800 1402.2
1072810 1402.8
1072820 1399.9
1072830 1397.4
1072840 1397.4
1072850 1397.0
1072860 1374.9
1072870 1374.9
1072880 1368.6
1072890 1362.3
1072900 1362.3
1072910 1356.3
1072920 1351.4
1072930 1351.4
1072940 1347.4
1072950 1344.1
1072960 1344.1
1072970 1341.0
1072980 1337.0
1072990 1337.0
1073000 1333.2
1073010 1328.5
1073020 1328.5
1073030 1323.2
1073040 1316.0
1073050 1316.0
1073060 1310.0
1073070 1307.1
1073080 1307.8
1073090 1307.8
1073100 1308.9
1073110 1311.2
1073120 1311.2
1073130 1312.0
1073140 1312.0
1073150 1312.0
1073160 1310.7
1073170 1301.7
1073180 1301.7
1073190 1296.8
1073200 1291.1
1073210 1291.1
1073220 1284.8
1073230 1275.6
1073240 1275.6
1073250 1264.9
1073260 1254.8
1073270 1254.8
1073280 1246.6
1073290 1238.8
1073300 1238.8
1073310 1231.5
1073320 1224.7
1073330 1216.8
1073340 1216.8
1073350 1208.6
1073360 1202.0
1073370 1202.0
1073380 1196.9
1073390 1193.4
1073400 1193.4
1073410 1188.2
1073420 1183.0
1073430 1183.0
1073440 1177.8
1073450 1172.1
1073460 1172.1
1073470 1166.7
1073480 1160.9
1073490 1160.9
1073500 1155.6
1073510 1150.4
1073520 1150.4
1073530 1145.5
1073540 1140.4
1073550 1140.4
1073560 1134.0
1073570 1128.4
1073580 1123.0
1073590 1123.0
1073600 1117.2
1073610 1110.2
1073620 1110.2
1073630 1103.1
1073640 1096.4
1073650 1096.4
1073660 1090.5
1073670 1084.3
1073680 1084.3
1073690 1078.2
1073700 1073.1
1073710 1073.1
1073720 1067.8
1073730 1058.7
1073740 1058.7
1073750 1043.5
1073760 1017.4
1073770 1017.4
1073780 1019.9
1073790 1025.5
1073800 1025.5
1073810 1034.4
1073820 1043.8
1073830 1052.0
1073840 1052.0
1073850 1057.9
1073860 1065.1
1073870 1065.1
1073880 1072.6
1073890 1079.4
1073900 1079.4
1073910 1087.7
1073920 1096.4
1073930 1096.4
1073940 1104.8
1073950 1113.7
1073960 1113.7
1073970 1121.0
1073980 1127.6
1073990 1127.6
1074000 1133.8
1074010 1139.1
1074020 1139.1
1074030 1141.4
1074040 1143.1
1074050 1143.1
1074060 1148.4
1074070 1155.2
1074080 1162.7
1074090 1162.7
1074100 1169.7
1074110 1175.6
1074120 1175.6
1074130 1183.1
1074140 1190.1
1074150 1190.1
1074160 1198.2
1074170 1204.4
1074180 1204.4
1074190 1210.2
1074200 1216.1
1074210 1216.1
1074220 1222.4
1074230 1229.2
1074240 1229.2
1074250 1236.7
1074260 1239.9
1074270 1239.9
1074280 1241.4
1074290 1245.7
1074300 1245.7
1074310 1252.6
1074320 1258.7
1074330 1264.7
1074340 1264.7
1074350 1270.6
1074360 1275.9
1074370 1275.9
1074380 1280.9
1074390 1285.8
1074400 1285.8
1074410 1294.4
1074420 1299.0
1074430 1299.0
1074440 1303.2
1074450 1307.6
1074460 1307.6
1074470 1311.5
1074480 1315.5
1074490 1315.5
1074500 1318.9
1074510 1320.6
1074520 1320.6
1074530 1321.0
1074540 1322.6
1074550 1322.6
1074560 1323.0
1074570 1323.1
1074580 1322.6
1074590 1322.6
1074600 1321.3
1074610 1319.9
1074620 1319.9
1074630 1318.3
1074640 1316.5
1074650 1316.5
1074660 1315.0
1074670 1312.4
1074680 1312.4
1074690 1308.8
1074700 1302.9
1074710 1302.9
1074720 1299.3
1074730 1292.4
1074740 1292.4
1074750 1285.0
1074760 1276.0
1074770 1276.0
1074780 1267.2
1074790 1261.1
1074800 1261.1
1074810 1258.0
1074820 1255.8
1074830 1253.6
1074840 1253.6
1074850 1253.3
1074860 1253.4
1074870 1253.4
1074880 1251.6
1074890 1248.2
1074900 1248.2
1074910 1244.5
1074920 1241.1
1074930 1241.1
1074940 1238.0
1074950 1235.0
1074960 1235.0
1074970 1233.0
1074980 1227.9
1074990 1227.9
1075000 1217.7
1075010 1208.2
1075020 1208.2
1075030 1208.0
1075040 1210.0
1075050 1210.0
1075060 1210.9
1075070 1207.0
1075080 1200.3
1075090 1200.3
1075100 1191.4
1075110 1179.6
1075120 1179.6
1075130 1169.8
1075140 1162.7
1075150 1162.7
1075160 1158.3
1075170 1154.0
1075180 1154.0
1075190 1148.3
1075200 1143.0
1075210 1143.0
1075220 1138.6
1075230 1135.0
1075240 1135.0
1075250 1131.8
1075260 1128.7
1075270 1128.7
1075280 1125.3
1075290 1123.0
1075300 1123.0
1075310 1121.1
1075320 1120.4
1075330 1118.2
1075340 1119.5
1075350 1111.8
1075360 1104.1
1075370 1104.1
1075380 1096.7
1075390 1089.8
1075400 1089.8
1075410 1084.5
1075420 1083.0
1075430 1083.0
1075440 1085.4
1075450 1087.6
1075460 1087.6
1075470 1085.1
1075480 1082.1
1075490 1082.1
1075500 1081.9
1075510 1079.7
1075520 1079.7
1075530 1073.0
1075540 1067.0
1075550 1067.0
1075560 1060.0
1075570 1053.0
1075580 1045.6
1075590 1045.6
1075600 1040.6
1075610 1034.8
1075620 1034.8
1075630 1027.2
1075640 1017.4
1075650 1017.2
1075660 1011.3
1075670 1019.4
1075680 1019.4
1075690 1025.3
1075700 1028.9
1075710 1028.9
1075720 1027.2
1075730 1020.1
1075740 1020.1
1075750 1009.9
1075760 1005.3
1075770 1005.3
1075780 1009.7
1075790 1010.7
1075800 1010.7
1075810 1013.1
1075820 1012.0
1075830 1010.4
1075840 1010.4
1075850 1011.9
1075860 1009.1
1075870 1009.1
1075880 1003.9
1075890 998.3
1075900 998.3
1075910 993.4
1075920 989.2
1075930 989.2
1075940 985.7
1075950 982.4
1075960 986.8
1075970 984.0
1075980 981.0
1075990 981.0
1076000 977.8
1076010 974.2
1076020 974.2
1076030 971.1
1076040 968.5
1076050 968.5
1076060 964.2
1076070 959.4
1076080 957.3
1076090 957.3
1076100 956.1
1076110 958.0
1076120 958.0
1076130 960.5
1076140 959.4
1076150 959.4
1076160 957.8
1076170 956.8
1076180 956.8
1076190 955.0
1076200 952.2
1076210 952.2
1076220 948.9
1076230 945.0
1076240 945.0
1076250 940.4
1076260 936.3
1076270 940.2
1076280 936.2
1076290 934.6
1076300 934.6
1076310 934.5
1076320 933.6
1076330 933.8
1076340 933.8
1076350 934.2
1076360 933.2
1076370 933.2
1076380 931.4
1076390 927.3
1076400 927.3
1076410 924.2
1076420 922.7
1076430 922.7
1076440 921.4
1076450 921.1
1076460 921.1
1076470 922.8
1076480 923.2
1076490 923.2
1076500 921.6
1076510 919.8
1076520 919.8
1076530 918.3
1076540 916.5
1076550 916.5
1076560 914.0
1076570 910.3
1076580 909.9
1076590 909.9
1076600 908.5
1076610 907.0
1076620 907.0
1076630 905.3
1076640 903.2
1076650 903.2
1076660 900.8
1076670 898.3
1076680 898.3
1076690 895.7
1076700 892.2
1076710 892.2
1076720 891.5
1076730 892.8
1076740 892.8
1076750 895.3
1076760 895.0
1076770 895.0
1076780 893.1
1076790 890.8
1076800 890.8
1076810 887.9
1076820 887.3
1076830 888.1
1076840 888.1
1076850 886.6
1076860 884.2
1076870 884.2
1076880 882.9
1076890 887.2
1076900 887.2
1076910 886.0
1076920 885.0
1076930 885.0
1076940 884.1
1076950 882.6
1076960 882.6
1076970 881.0
1076980 879.2
1076990 879.2
1077000 877.1
1077010 874.2
1077020 874.2
1077030 871.9
1077040 870.6
1077050 870.6
1077060 868.4
1077070 866.4
1077080 863.9
1077090 863.9
1077100 863.5
1077110 863.6
1077120 863.6
1077130 863.8
1077140 863.6
1077150 863.6
1077160 861.7
1077170 857.9
1077180 857.9
1077190 853.4
1077200 848.5
1077210 850.7
1077220 847.1
1077230 844.0
1077240 844.0
1077250 841.7
1077260 839.6
1077270 839.6
1077280 837.2
1077290 834.4
1077300 834.4
1077310 833.3
1077320 830.6
1077330 827.0
1077340 827.0
1077350 823.3
1077360 817.9
1077370 817.9
1077380 809.9
1077390 800.5
1077400 800.5
1077410 791.0
1077420 781.3
1077430 781.3
1077440 772.4
1077450 762.7
1077460 762.7
1077470 757.0
1077480 755.5
1077490 755.5
1077500 755.0
1077510 752.7
1077520 761.4
1077530 756.4
1077540 752.3
1077550 752.3
1077560 749.6
1077570 747.2
1077580 743.3
1077590 743.3
1077600 738.8
1077610 733.2
1077620 733.2
1077630 726.9
1077640 721.4
1077650 721.4
1077660 716.0
1077670 713.5
1077680 713.5
1077690 712.9
1077700 712.8
1077710 712.8
1077720 712.9
1077730 711.0
1077740 711.0
1077750 706.9
1077760 704.5
1077770 704.5
1077780 702.0
1077790 699.3
1077800 699.3
1077810 695.7
1077820 693.0
1077830 695.5
1077840 695.5
1077850 692.2
1077860 688.4
1077870 688.4
1077880 679.7
1077890 670.1
1077900 670.1
1077910 661.1
1077920 653.1
1077930 653.1
1077940 644.3
1077950 631.5
1077960 631.5
1077970 620.8
1077980 614.8
1077990 614.8
1078000 608.7
1078010 605.9
1078020 605.9
1078030 611.4
1078040 619.5
1078050 619.5
1078060 631.3
1078070 655.2
1078080 677.5
1078090 677.5
1078100 685.8
1078110 689.5
1078120 689.5
1078130 695.5
1078140 705.7
1078150 705.7
1078160 711.0
1078170 718.0
1078180 718.0
1078190 724.6
1078200 731.6
1078210 731.6
1078220 738.4
1078230 744.9
1078240 744.9
1078250 751.8
1078260 759.6
1078270 759.6
1078280 767.6
1078290 771.1
1078300 771.1
1078310 771.9
1078320 770.5
1078330 768.9
1078340 768.9
1078350 767.1
1078360 765.4
1078370 765.4
1078380 763.8
1078390 762.7
1078400 762.7
1078410 762.0
1078420 761.5
1078430 761.5
1078440 761.1
1078450 760.5
1078460 763.5
1078470 762.5
1078480 761.6
1078490 761.6
1078500 760.2
1078510 758.6
1078520 758.6
1078530 757.1
1078540 756.7
1078550 756.7
1078560 756.8
1078570 756.8
1078580 757.1
1078590 757.1
1078600 757.0
1078610 756.1
1078620 756.1
1078630 754.2
1078640 752.6
1078650 752.6
1078660 751.5
1078670 749.9
1078680 749.9
1078690 748.3
1078700 748.0
1078710 748.0
1078720 746.1
1078730 746.3
1078740 746.3
1078750 748.5
1078760 749.6
1078770 754.1
1078780 753.2
1078790 751.9
1078800 751.9
1078810 749.8
1078820 750.0
1078830 750.7
1078840 750.7
1078850 750.1
1078860 748.9
1078870 748.9
1078880 747.6
1078890 746.8
1078900 746.8
1078910 746.0
1078920 745.9
1078930 745.9
1078940 746.0
1078950 745.5
1078960 745.5
1078970 746.8
1078980 747.9
1078990 747.9
1079000 749.1
1079010 751.9
1079020 751.9
1079030 754.4
1079040 756.5
1079050 756.5
1079060 757.1
1079070 756.7
1079080 757.8
1079090 757.8
1079100 758.0
1079110 759.0
1079120 759.0
1079130 759.7
1079140 760.9
1079150 760.9
1079160 762.0
1079170 762.0
1079180 762.0
1079190 762.3
1079200 762.9
1079210 762.9
1079220 762.9
1079230 762.7
1079240 762.7
1079250 763.4
1079260 763.9
1079270 763.9
1079280 763.8
1079290 764.9
1079300 764.9
1079310 767.0
1079320 768.7
1079330 768.8
1079340 768.8
1079350 767.4
1079360 765.8
1079370 765.8
1079380 764.3
1079390 763.8
1079400 765.2
1079410 764.3
1079420 763.2
1079430 763.2
1079440 761.3
1079450 759.4
1079460 759.4
1079470 757.7
1079480 756.3
1079490 756.3
1079500 755.1
1079510 753.1
1079520 753.1
1079530 750.2
1079540 746.5
1079550 746.5
1079560 742.1
1079570 738.3
1079580 734.8
1079590 734.8
1079600 731.3
1079610 728.4
1079620 728.4
1079630 727.1
1079640 724.0
1079650 724.0
1079660 719.7
1079670 715.4
1079680 715.4
1079690 711.5
1079700 706.3
1079710 711.4
1079720 706.7
1079730 701.9
1079740 701.9
1079750 697.2
1079760 691.2
1079770 691.2
1079780 686.4
1079790 682.7
1079800 682.7
1079810 678.8
1079820 675.0
1079830 671.4
1079840 671.4
1079850 668.4
1079860 666.7
1079870 666.7
1079880 665.7
1079890 664.7
1079900 664.7
1079910 662.6
1079920 658.3
1079930 658.3
1079940 655.1
1079950 653.1
1079960 653.1
1079970 651.3
1079980 649.5
1079990 649.5
