1064750 1845.6
1064760 1845.6
1064770 1856.1
1064780 1858.9
1064790 1858.9
1064800 1864.8
1064810 1871.6
1064820 1871.6
1064830 1874.7
1064840 1882.8
1064850 1882.8
1064860 1884.8
1064870 1884.0
1064880 1884.0
1064890 1881.5
1064900 1884.6
1064910 1893.1
1064920 1893.1
1064930 1900.8
1064940 1917.8
1064950 1917.8
1064960 1931.5
1064970 1939.8
1064980 1939.8
1064990 1946.5
1065000 1955.3
1065010 1955.3
1065020 1954.9
1065030 1935.5
1065040 1935.5
1065050 1937.6
1065060 1970.3
1065070 1970.3
1065080 1977.0
1065090 1978.1
1065100 1978.1
1065110 1982.7
1065120 1984.9
1065130 1984.9
1065140 1986.2
1065150 1984.9
1065160 1992.9
1065170 1992.9
1065180 2001.7
1065190 2005.1
1065200 2005.1
1065210 2011.4
1065220 2020.7
1065230 2020.7
1065240 2021.4
1065250 2019.7
1065260 2019.7
1065270 2018.1
1065280 2016.1
1065290 2016.1
1065300 2011.5
1065310 2007.5
1065320 2007.5
1065330 2004.6
1065340 1999.9
1065350 1999.9
1065360 1987.9
1065370 1983.6
1065380 1983.6
1065390 1979.6
1065400 1976.2
1065410 1973.0
1065420 1973.0
1065430 1970.4
1065440 1967.3
1065450 1967.3
1065460 1963.3
1065470 1960.2
1065480 1960.2
1065490 1956.6
1065500 1953.3
1065510 1953.3
1065520 1949.8
1065530 1946.5
1065540 1946.5
1065550 1943.8
1065560 1941.1
1065570 1941.1
1065580 1936.7
1065590 1933.7
1065600 1933.7
1065610 1930.3
1065620 1926.5
1065630 1926.5
1065640 1922.2
1065650 1918.5
1065660 1909.7
1065670 1909.7
1065680 1904.5
1065690 1899.7
1065700 1899.7
1065710 1894.5
1065720 1888.7
1065730 1888.7
1065740 1881.9
1065750 1876.3
1065760 1876.3
1065770 1870.7
1065780 1865.6
1065790 1865.6
1065800 1859.9
1065810 1852.1
1065820 1852.1
1065830 1844.0
1065840 1837.2
1065850 1837.2
1065860 1829.9
1065870 1824.0
1065880 1824.0
1065890 1819.3
1065900 1816.1
1065910 1811.1
1065920 1811.1
1065930 1798.2
1065940 1789.8
1065950 1789.8
1065960 1783.0
1065970 1773.4
1065980 1773.4
1065990 1768.6
1066000 1763.4
1066010 1763.4
1066020 1758.1
1066030 1752.2
1066040 1752.2
1066050 1746.2
1066060 1741.6
1066070 1741.6
1066080 1736.7
1066090 1732.2
1066100 1732.2
1066110 1728.2
1066120 1726.0
1066130 1726.0
1066140 1725.0
1066150 1722.7
1066160 1720.7
1066170 1720.7
1066180 1717.8
1066190 1712.2
1066200 1712.2
1066210 1705.4
1066220 1699.2
1066230 1699.2
1066240 1694.4
1066250 1687.1
1066260 1687.1
1066270 1679.2
1066280 1672.8
1066290 1672.8
1066300 1667.7
1066310 1664.6
1066320 1664.6
1066330 1661.1
1066340 1657.5
1066350 1657.5
1066360 1652.1
1066370 1645.2
1066380 1645.2
1066390 1637.3
1066400 1629.4
1066410 1621.9
1066420 1621.9
1066430 1612.7
1066440 1605.7
1066450 1605.7
1066460 1601.1
1066470 1589.1
1066480 1589.1
1066490 1582.7
1066500 1576.5
1066510 1576.5
1066520 1571.2
1066530 1571.9
1066540 1571.9
1066550 1571.8
1066560 1570.1
1066570 1576.3
1066580 1573.9
1066590 1571.5
1066600 1571.5
1066610 1565.8
1066620 1559.4
1066630 1559.4
1066640 1558.4
1066650 1569.5
1066660 1591.2
1066670 1591.2
1066680 1604.2
1066690 1611.3
1066700 1611.3
1066710 1623.1
1066720 1636.1
1066730 1636.1
1066740 1643.5
1066750 1637.7
1066760 1637.7
1066770 1626.5
1066780 1609.8
1066790 1609.8
1066800 1589.5
1066810 1570.7
1066820 1570.7
1066830 1561.4
1066840 1560.6
1066850 1560.6
1066860 1562.0
1066870 1557.8
1066880 1566.0
1066890 1565.1
1066900 1559.7
1066910 1552.1
1066920 1552.1
1066930 1544.3
1066940 1538.5
1066950 1538.5
1066960 1535.4
1066970 1531.0
1066980 1531.0
1066990 1527.3
1067000 1525.0
1067010 1525.0
1067020 1523.4
1067030 1521.0
1067040 1521.0
1067050 1515.6
1067060 1510.9
1067070 1510.9
1067080 1504.2
1067090 1492.4
1067100 1492.4
1067110 1476.3
1067120 1469.5
1067130 1469.5
1067140 1461.5
1067150 1448.5
1067160 1438.4
1067170 1438.4
1067180 1410.7
1067190 1397.2
1067200 1397.2
1067210 1388.4
1067220 1364.0
1067230 1364.0
1067240 1354.2
1067250 1356.4
1067260 1356.4
1067270 1356.6
1067280 1324.6
1067290 1324.6
1067300 1298.8
1067310 1287.1
1067320 1287.1
1067330 1276.0
1067340 1265.0
1067350 1265.0
1067360 1255.5
1067370 1246.6
1067380 1246.6
1067390 1235.9
1067400 1221.9
1067410 1208.5
1067420 1208.5
1067430 1197.2
1067440 1186.2
1067450 1186.2
1067460 1179.1
1067470 1171.3
1067480 1171.3
1067490 1162.1
1067500 1154.4
1067510 1154.4
1067520 1146.8
1067530 1140.1
1067540 1140.1
1067550 1134.1
1067560 1128.4
1067570 1128.4
1067580 1123.0
1067590 1117.5
1067600 1117.5
1067610 1112.1
1067620 1107.2
1067630 1107.2
1067640 1101.9
1067650 1096.4
1067660 1090.5
1067670 1090.5
1067680 1085.0
1067690 1081.2
1067700 1081.2
1067710 1076.8
1067720 1071.2
1067730 1071.2
1067740 1065.3
1067750 1059.1
1067760 1059.1
1067770 1053.4
1067780 1047.9
1067790 1047.8
1067800 1042.0
1067810 1036.5
1067820 1036.5
1067830 1031.3
1067840 1025.6
1067850 1025.6
1067860 1018.7
1067870 1010.8
1067880 1010.8
1067890 1002.0
1067900 990.1
1067910 978.7
1067920 978.7
1067930 970.6
1067940 966.4
1067950 966.4
1067960 960.4
1067970 954.9
1067980 954.9
1067990 948.3
1068000 940.5
1068010 940.5
1068020 935.5
1068030 928.3
1068040 928.3
1068050 920.3
1068060 912.4
1068070 912.4
1068080 904.7
1068090 896.7
1068100 895.4
1068110 887.5
1068120 879.8
1068130 879.8
1068140 872.5
1068150 865.7
1068160 859.1
1068170 859.1
1068180 852.8
1068190 847.3
1068200 847.3
1068210 842.0
1068220 835.4
1068230 835.4
1068240 828.5
1068250 821.9
1068260 821.9
1068270 817.0
1068280 814.7
1068290 814.7
1068300 813.8
1068310 815.5
1068320 815.5
1068330 817.7
1068340 819.3
1068350 819.3
1068360 824.3
1068370 832.2
1068380 832.2
1068390 839.0
1068400 844.0
1068410 851.7
1068420 851.7
1068430 860.6
1068440 867.2
1068450 867.2
1068460 874.2
1068470 882.4
1068480 882.4
1068490 889.2
1068500 892.2
1068510 892.2
1068520 894.9
1068530 897.9
1068540 897.9
1068550 901.7
1068560 908.0
1068570 908.0
1068580 915.5
1068590 923.0
1068600 923.0
1068610 932.2
1068620 939.9
1068630 939.9
1068640 944.8
1068650 950.9
1068660 958.8
1068670 958.8
1068680 967.8
1068690 978.7
1068700 978.7
1068710 989.1
1068720 997.1
1068730 997.1
1068740 1000.8
1068750 1000.9
1068760 1000.9
1068770 1002.4
1068780 1003.1
1068790 1003.1
1068800 1006.0
1068810 1010.3
1068820 1010.3
1068830 1012.0
1068840 1018.5
1068850 1018.5
1068860 1035.6
1068870 1053.7
1068880 1053.7
1068890 1063.0
1068900 1071.4
1068910 1081.7
1068920 1081.7
1068930 1094.1
1068940 1100.1
1068950 1100.1
1068960 1103.8
1068970 1109.2
1068980 1109.2
1068990 1116.1
1069000 1124.1
1069010 1124.1
1069020 1130.0
1069030 1136.8
1069040 1136.8
1069050 1143.8
1069060 1150.0
1069070 1150.0
1069080 1157.6
1069090 1164.4
1069100 1164.4
1069110 1169.3
1069120 1173.8
1069130 1173.8
1069140 1180.2
1069150 1189.5
1069160 1192.6
1069170 1192.6
1069180 1194.1
1069190 1196.5
1069200 1196.5
1069210 1201.6
1069220 1207.4
1069230 1207.4
1069240 1212.0
1069250 1215.1
1069260 1215.1
1069270 1217.8
1069280 1221.0
1069290 1221.0
1069300 1225.0
1069310 1229.6
1069320 1220.1
1069330 1226.7
1069340 1229.8
1069350 1229.8
1069360 1236.6
1069370 1242.1
1069380 1242.1
1069390 1244.2
1069400 1245.6
1069410 1247.1
1069420 1247.1
1069430 1251.0
1069440 1255.1
1069450 1255.1
1069460 1257.4
1069470 1264.8
1069480 1264.8
1069490 1274.1
1069500 1281.1
1069510 1281.1
1069520 1283.4
1069530 1285.8
1069540 1285.8
1069550 1288.7
1069560 1291.2
1069570 1291.2
1069580 1294.0
1069590 1298.5
1069600 1298.5
1069610 1311.1
1069620 1329.4
1069630 1316.0
1069640 1323.6
1069650 1324.7
1069660 1321.8
1069670 1321.8
1069680 1321.0
1069690 1326.8
1069700 1326.8
1069710 1331.3
1069720 1336.6
1069730 1336.6
1069740 1341.3
1069750 1348.0
1069760 1348.0
1069770 1349.0
1069780 1354.0
1069790 1354.0
1069800 1359.1
1069810 1366.2
1069820 1366.2
1069830 1373.9
1069840 1388.7
1069850 1388.7
1069860 1409.9
1069870 1415.7
1069880 1415.7
1069890 1415.7
1069900 1417.1
1069910 1419.2
1069920 1419.2
1069930 1421.7
1069940 1446.7
1069950 1446.7
1069960 1491.0
1069970 1503.2
1069980 1503.2
1069990 1505.1
1070000 1509.7
1070010 1509.7
1070020 1516.6
1070030 1524.9
1070040 1524.9
1070050 1530.5
1070060 1536.7
1070070 1536.7
1070080 1539.3
1070090 1539.4
1070100 1539.4
1070110 1534.5
1070120 1528.8
1070130 1528.8
1070140 1532.3
1070150 1539.6
1070160 1547.5
1070170 1547.5
1070180 1555.5
1070190 1561.0
1070200 1561.0
1070210 1564.7
1070220 1567.6
1070230 1567.6
1070240 1561.8
1070250 1567.5
1070260 1567.5
1070270 1570.5
1070280 1576.0
1070290 1576.0
1070300 1583.9
1070310 1590.1
1070320 1590.1
1070330 1591.5
1070340 1592.5
1070350 1592.5
1070360 1594.0
1070370 1596.8
1070380 1596.8
1070390 1600.2
1070400 1605.9
1070410 1613.5
1070420 1613.5
1070430 1613.8
1070440 1622.1
1070450 1622.1
1070460 1638.5
1070470 1652.7
1070480 1652.7
1070490 1663.4
1070500 1663.4
1070510 1663.4
1070520 1665.0
1070530 1668.4
1070540 1668.4
1070550 1667.2
1070560 1672.1
1070570 1672.1
1070580 1676.7
1070590 1680.1
1070600 1680.1
1070610 1683.8
1070620 1687.0
1070630 1687.0
1070640 1690.5
1070650 1694.0
1070660 1697.3
1070670 1697.3
1070680 1700.6
1070690 1700.9
1070700 1700.9
1070710 1698.7
1070720 1701.4
1070730 1701.4
1070740 1706.9
1070750 1711.2
1070760 1711.2
1070770 1721.2
1070780 1728.2
1070790 1728.2
1070800 1733.2
1070810 1742.3
1070820 1742.3
1070830 1751.6
1070840 1758.2
1070850 1757.9
1070860 1764.2
1070870 1769.9
1070880 1769.9
1070890 1767.4
1070900 1757.3
1070910 1752.2
1070920 1752.2
1070930 1744.2
1070940 1732.7
1070950 1732.7
1070960 1716.6
1070970 1699.8
1070980 1699.8
1070990 1681.9
1071000 1682.8
1071010 1682.8
1071020 1686.1
1071030 1684.0
1071040 1684.0
1071050 1686.4
1071060 1686.5
1071070 1686.5
1071080 1684.6
1071090 1682.0
1071100 1682.0
1071110 1683.1
1071120 1683.5
1071130 1683.5
1071140 1680.6
1071150 1679.0
1071160 1686.0
1071170 1686.0
1071180 1688.3
1071190 1689.8
1071200 1689.8
1071210 1691.2
1071220 1691.9
1071230 1691.9
1071240 1694.2
1071250 1694.1
1071260 1694.1
1071270 1696.2
1071280 1697.8
1071290 1697.8
1071300 1701.7
1071310 1704.0
1071320 1704.0
1071330 1705.8
1071340 1713.2
1071350 1713.2
1071360 1721.1
1071370 1730.2
1071380 1730.2
1071390 1732.7
1071400 1742.6
1071410 1749.5
1071420 1749.5
1071430 1750.1
1071440 1748.6
1071450 1748.6
1071460 1755.2
1071470 1772.8
1071480 1772.8
1071490 1784.7
1071500 1787.3
1071510 1787.3
1071520 1786.2
1071530 1775.6
1071540 1775.6
1071550 1762.5
1071560 1757.7
1071570 1757.7
1071580 1761.4
1071590 1758.7
1071600 1758.7
1071610 1749.0
1071620 1738.0
1071630 1738.0
1071640 1735.7
1071650 1737.9
1071660 1732.4
1071670 1732.4
1071680 1719.9
1071690 1707.7
1071700 1707.7
1071710 1695.2
1071720 1685.9
1071730 1685.9
1071740 1678.2
1071750 1669.6
1071760 1669.6
1071770 1661.7
1071780 1655.1
1071790 1655.1
1071800 1647.1
1071810 1636.1
1071820 1636.1
1071830 1621.9
1071840 1606.7
1071850 1606.7
1071860 1597.5
1071870 1589.6
1071880 1589.6
1071890 1583.6
1071900 1581.0
1071910 1574.2
1071920 1574.2
1071930 1564.7
1071940 1555.6
1071950 1555.6
1071960 1546.7
1071970 1537.1
1071980 1537.1
1071990 1528.5
1072000 1520.5
1072010 1520.5
1072020 1514.0
1072030 1507.8
1072040 1507.8
1072050 1500.9
1072060 1494.6
1072070 1494.6
1072080 1487.0
1072090 1481.5
1072100 1481.5
1072110 1478.3
1072120 1475.2
1072130 1475.2
1072140 1471.3
1072150 1467.1
1072160 1462.4
1072170 1462.4
1072180 1457.6
1072190 1452.9
1072200 1452.9
1072210 1448.1
1072220 1443.9
1072230 1443.9
1072240 1440.1
1072250 1437.3
1072260 1437.3
1072270 1434.1
1072280 1430.6
1072290 1430.6
1072300 1427.3
1072310 1423.5
1072320 1423.5
1072330 1417.0
1072340 1411.4
1072350 1411.4
1072360 1408.7
1072370 1404.5
1072380 1404.5
1072390 1394.5
1072400 1390.3
1072410 1386.2
1072420 1386.2
1072430 1379.9
1072440 1373.2
1072450 1373.2
1072460 1367.1
1072470 1361.0
1072480 1361.0
1072490 1353.4
1072500 1346.6
1072510 1346.6
1072520 1341.3
1072530 1337.4
1072540 1337.4
1072550 1332.5
1072560 1328.8
1072570 1328.8
1072580 1327.0
1072590 1323.3
1072600 1323.3
1072610 1318.8
1072620 1314.7
1072630 1314.7
1072640 1310.4
1072650 1305.7
1072660 1297.9
1072670 1297.9
1072680 1287.8
1072690 1279.7
1072700 1287.0
1072710 1280.2
1072720 1275.9
1072730 1275.9
1072740 1273.3
1072750 1269.5
1072760 1269.5
1072770 1265.9
1072780 1260.7
1072790 1260.7
1072800 1251.9
1072810 1241.4
1072820 1241.4
1072830 1222.7
1072840 1210.7
1072850 1210.7
1072860 1205.4
1072870 1201.7
1072880 1201.7
1072890 1200.2
1072900 1201.5
1072910 1203.0
1072920 1203.0
1072930 1203.3
1072940 1199.9
1072950 1199.9
1072960 1196.8
1072970 1193.8
1072980 1193.8
1072990 1191.2
1073000 1188.4
1073010 1196.5
1073020 1194.7
1073030 1191.4
1073040 1191.4
1073050 1189.0
1073060 1187.5
1073070 1187.5
1073080 1183.6
1073090 1179.4
1073100 1179.4
1073110 1174.7
1073120 1169.1
1073130 1169.1
1073140 1170.8
1073150 1168.9
1073160 1164.2
1073170 1164.2
1073180 1160.9
1073190 1159.5
1073200 1159.5
1073210 1158.1
1073220 1158.2
1073230 1158.2
1073240 1160.5
1073250 1161.6
1073260 1161.6
1073270 1158.1
1073280 1150.8
1073290 1150.8
1073300 1142.6
1073310 1137.9
1073320 1145.4
1073330 1143.9
1073340 1140.4
1073350 1140.4
1073360 1139.5
1073370 1137.6
1073380 1137.6
1073390 1136.1
1073400 1135.5
1073410 1133.9
1073420 1133.9
1073430 1133.0
1073440 1130.8
1073450 1130.8
1073460 1126.1
1073470 1122.2
1073480 1122.2
1073490 1118.9
1073500 1116.9
1073510 1116.9
1073520 1114.3
1073530 1110.4
1073540 1110.4
1073550 1107.5
1073560 1106.1
1073570 1106.1
1073580 1104.3
1073590 1102.6
1073600 1102.6
1073610 1101.0
1073620 1099.0
1073630 1107.2
1073640 1104.9
1073650 1102.1
1073660 1095.9
1073670 1095.9
1073680 1089.2
1073690 1085.8
1073700 1085.8
1073710 1082.3
1073720 1080.7
1073730 1080.7
1073740 1083.2
1073750 1084.2
1073760 1084.2
1073770 1085.6
1073780 1089.2
1073790 1089.2
1073800 1093.8
1073810 1100.4
1073820 1100.4
1073830 1107.3
1073840 1115.0
1073850 1115.0
1073860 1122.7
1073870 1131.8
1073880 1131.8
1073890 1141.3
1073900 1152.3
1073910 1162.0
1073920 1162.0
1073930 1169.9
1073940 1174.7
1073950 1174.7
1073960 1182.4
1073970 1187.2
1073980 1187.2
1073990 1191.0
1074000 1195.7
1074010 1195.7
1074020 1201.3
1074030 1207.0
1074040 1207.0
1074050 1214.2
1074060 1216.6
1074070 1216.6
1074080 1217.3
1074090 1221.3
1074100 1221.3
1074110 1224.7
1074120 1226.9
1074130 1226.9
1074140 1230.2
1074150 1235.7
1074160 1241.7
1074170 1241.7
1074180 1247.4
1074190 1254.2
1074200 1254.2
1074210 1260.5
1074220 1266.9
1074230 1266.9
1074240 1271.5
1074250 1279.8
1074260 1279.8
1074270 1286.0
1074280 1291.6
1074290 1291.6
1074300 1298.5
1074310 1305.7
1074320 1305.7
1074330 1312.8
1074340 1319.5
1074350 1319.5
1074360 1326.5
1074370 1333.7
1074380 1333.7
1074390 1341.4
1074400 1349.1
1074410 1356.5
1074420 1356.5
1074430 1363.9
1074440 1370.9
1074450 1370.9
1074460 1378.9
1074470 1387.9
1074480 1387.9
1074490 1396.2
1074500 1404.5
1074510 1404.5
1074520 1412.1
1074530 1420.7
1074540 1420.7
1074550 1429.1
1074560 1434.8
1074570 1434.8
1074580 1441.9
1074590 1448.8
1074600 1448.8
1074610 1455.6
1074620 1462.7
1074630 1462.7
1074640 1468.9
1074650 1474.4
1074660 1477.9
1074670 1477.9
1074680 1479.4
1074690 1479.4
1074700 1479.4
1074710 1478.0
1074720 1475.8
1074730 1475.8
1074740 1471.6
1074750 1466.2
1074760 1466.2
1074770 1460.9
1074780 1453.7
1074790 1453.7
1074800 1443.7
1074810 1435.0
1074820 1435.0
1074830 1425.9
1074840 1417.3
1074850 1417.3
1074860 1408.9
1074870 1402.3
1074880 1402.3
1074890 1395.0
1074900 1387.6
1074910 1379.2
1074920 1379.2
1074930 1372.2
1074940 1367.7
1074950 1367.7
1074960 1360.7
1074970 1349.8
1074980 1349.8
1074990 1342.1
1075000 1334.8
1075010 1334.8
1075020 1327.2
1075030 1320.1
1075040 1320.1
1075050 1311.6
1075060 1305.0
1075070 1305.0
1075080 1297.9
1075090 1290.6
1075100 1290.6
1075110 1284.6
1075120 1281.6
1075130 1281.6
1075140 1276.9
1075150 1270.6
1075160 1270.1
1075170 1270.1
1075180 1274.2
1075190 1267.9
1075200 1267.9
1075210 1260.3
1075220 1255.9
1075230 1255.9
1075240 1253.5
1075250 1248.5
1075260 1248.5
1075270 1239.4
1075280 1231.0
1075290 1231.0
1075300 1222.9
1075310 1219.9
1075320 1219.9
1075330 1218.8
1075340 1217.6
1075350 1217.6
1075360 1217.3
1075370 1215.5
1075380 1215.5
1075390 1212.6
1075400 1210.5
1075410 1206.9
1075420 1206.9
1075430 1201.0
1075440 1196.0
1075450 1196.0
1075460 1194.8
1075470 1192.8
1075480 1192.8
1075490 1196.2
1075500 1195.0
1075510 1195.0
1075520 1190.9
1075530 1183.3
1075540 1183.3
1075550 1176.9
1075560 1176.5
1075570 1176.5
1075580 1175.3
1075590 1171.6
1075600 1171.6
1075610 1165.0
1075620 1156.9
1075630 1156.9
1075640 1157.9
1075650 1158.9
1075660 1155.3
1075670 1155.3
1075680 1151.7
1075690 1148.3
1075700 1148.3
1075710 1145.9
1075720 1144.4
1075730 1144.4
1075740 1141.6
1075750 1138.6
1075760 1138.6
1075770 1136.7
1075780 1134.4
1075790 1134.4
1075800 1127.8
1075810 1119.8
1075820 1119.8
1075830 1109.0
1075840 1104.4
1075850 1104.4
1075860 1102.5
1075870 1101.6
1075880 1101.6
1075890 1099.1
1075900 1095.3
1075910 1093.1
1075920 1093.1
1075930 1094.4
1075940 1095.6
1075950 1095.6
1075960 1092.6
1075970 1092.1
1075980 1092.1
1075990 1090.7
1076000 1089.1
1076010 1089.1
1076020 1090.1
1076030 1088.0
1076040 1088.0
1076050 1081.9
1076060 1074.5
1076070 1074.5
1076080 1069.3
1076090 1065.3
1076100 1065.3
1076110 1066.1
1076120 1061.5
1076130 1061.5
1076140 1058.0
1076150 1056.2
1076160 1054.8
1076170 1054.8
1076180 1053.9
1076190 1055.7
1076200 1055.7
1076210 1059.0
1076220 1059.6
1076230 1059.6
1076240 1055.9
1076250 1049.4
1076260 1049.4
1076270 1042.7
1076280 1036.1
1076290 1036.1
1076300 1029.8
1076310 1023.7
1076320 1023.7
1076330 1017.5
1076340 1014.1
1076350 1014.1
1076360 1012.1
1076370 1011.7
1076380 1011.7
1076390 1012.9
1076400 1013.9
1076410 1014.4
1076420 1020.4
1076430 1018.4
1076440 1015.7
1076450 1015.7
1076460 1013.1
1076470 1010.9
1076480 1010.9
1076490 1008.1
1076500 1004.3
1076510 1004.3
1076520 1000.3
1076530 996.0
1076540 996.0
1076550 991.7
1076560 987.3
1076570 987.3
1076580 983.4
1076590 979.4
1076600 979.4
1076610 976.2
1076620 972.9
1076630 972.9
1076640 970.3
1076650 968.3
1076660 966.2
1076670 966.2
1076680 965.8
1076690 967.0
1076700 967.0
1076710 968.0
1076720 969.5
1076730 969.5
1076740 976.0
1076750 977.2
1076760 977.2
1076770 977.7
1076780 975.7
1076790 975.7
1076800 971.8
1076810 968.2
1076820 968.2
1076830 965.0
1076840 963.5
1076850 963.5
1076860 962.4
1076870 961.0
1076880 961.0
1076890 958.1
1076900 955.0
1076910 951.0
1076920 951.0
1076930 948.6
1076940 948.0
1076950 948.0
1076960 947.4
1076970 946.6
1076980 946.6
1076990 946.7
1077000 946.2
1077010 946.2
1077020 944.6
1077030 942.7
1077040 942.7
1077050 943.0
1077060 942.4
1077070 942.4
1077080 942.6
1077090 942.3
1077100 942.3
1077110 940.8
1077120 940.0
1077130 940.0
1077140 939.5
1077150 937.2
1077160 934.7
1077170 934.7
1077180 933.5
1077190 932.9
1077200 932.9
1077210 932.6
1077220 931.9
1077230 931.9
1077240 930.8
1077250 928.9
1077260 928.9
1077270 924.9
1077280 919.3
1077290 919.3
1077300 915.4
1077310 919.5
1077320 919.5
1077330 924.2
1077340 927.8
1077350 927.8
1077360 932.4
1077370 935.0
1077380 935.0
1077390 935.9
1077400 936.2
1077410 936.2
1077420 936.2
1077430 934.9
1077440 931.1
1077450 931.1
1077460 925.2
1077470 919.1
1077480 919.1
1077490 913.0
1077500 907.2
1077510 907.2
1077520 901.3
1077530 895.7
1077540 895.7
1077550 891.6
1077560 885.9
1077570 885.9
1077580 881.5
1077590 877.2
1077600 877.2
1077610 873.0
1077620 867.5
1077630 867.5
1077640 860.2
1077650 852.3
1077660 843.6
1077670 844.2
1077680 834.9
1077690 827.4
1077700 827.4
1077710 823.3
1077720 819.5
1077730 819.5
1077740 815.0
1077750 808.7
1077760 808.7
1077770 802.1
1077780 795.6
1077790 795.6
1077800 788.0
1077810 779.6
1077820 779.6
1077830 773.7
1077840 769.2
1077850 769.2
1077860 761.7
1077870 753.1
1077880 753.1
1077890 742.2
1077900 731.7
1077910 721.0
1077920 721.0
1077930 709.4
1077940 695.9
1077950 695.9
1077960 681.6
1077970 673.8
1077980 678.4
1077990 671.4
1078000 662.9
1078010 662.9
1078020 655.3
1078030 650.1
1078040 650.1
1078050 643.8
1078060 638.8
1078070 638.8
1078080 632.0
1078090 627.0
1078100 627.0
1078110 635.0
1078120 641.9
1078130 641.9
1078140 649.2
1078150 656.3
1078160 665.1
1078170 665.1
1078180 676.0
1078190 685.2
1078200 685.2
1078210 693.6
1078220 697.3
1078230 697.3
1078240 701.3
1078250 706.1
1078260 706.1
1078270 712.9
1078280 721.1
1078290 721.1
1078300 723.6
1078310 730.0
1078320 730.0
1078330 735.1
1078340 741.5
1078350 741.5
1078360 748.4
1078370 753.3
1078380 753.3
1078390 757.5
1078400 761.5
1078410 766.8
1078420 766.8
1078430 771.8
1078440 776.0
1078450 776.0
1078460 780.4
1078470 785.3
1078480 785.3
1078490 791.3
1078500 796.6
1078510 796.6
1078520 801.7
1078530 808.7
1078540 808.7
1078550 815.5
1078560 822.1
1078570 822.1
1078580 828.5
1078590 833.9
1078600 833.9
1078610 834.3
1078620 840.2
1078630 840.2
1078640 847.0
1078650 853.7
1078660 860.7
1078670 860.7
1078680 867.6
1078690 871.1
1078700 871.1
1078710 870.3
1078720 868.9
1078730 868.9
1078740 868.9
1078750 869.0
1078760 869.0
1078770 870.2
1078780 871.3
1078790 871.3
1078800 871.7
1078810 871.4
1078820 871.4
1078830 870.5
1078840 869.1
1078850 869.1
1078860 867.1
1078870 866.1
1078880 866.1
1078890 866.3
1078900 867.0
1078910 867.1
1078920 869.4
1078930 870.7
1078940 872.8
1078950 872.8
1078960 874.5
1078970 876.8
1078980 876.8
1078990 878.8
1079000 880.5
1079010 880.5
1079020 881.8
1079030 883.0
1079040 883.0
1079050 883.9
1079060 884.6
1079070 884.6
1079080 884.5
1079090 883.8
1079100 883.8
1079110 882.7
1079120 882.1
1079130 882.1
1079140 883.2
1079150 884.4
1079160 885.7
1079170 885.7
1079180 886.5
1079190 886.7
1079200 886.7
1079210 886.6
1079220 886.1
1079230 886.1
1079240 893.4
1079250 891.9
1079260 891.9
1079270 891.0
1079280 889.5
1079290 889.5
1079300 887.5
1079310 884.4
1079320 884.4
1079330 881.0
1079340 877.4
1079350 877.4
1079360 873.9
1079370 872.3
1079380 872.3
1079390 870.5
1079400 868.8
1079410 865.6
1079420 865.6
1079430 862.5
1079440 859.4
1079450 859.4
1079460 856.7
1079470 854.1
1079480 854.1
1079490 851.3
1079500 848.4
1079510 848.4
1079520 845.5
1079530 840.9
1079540 840.9
1079550 844.8
1079560 842.2
1079570 842.2
1079580 839.4
1079590 837.0
1079600 837.0
1079610 834.3
1079620 831.3
1079630 831.3
1079640 828.6
1079650 825.5
1079660 822.1
1079670 822.1
1079680 818.6
1079690 815.0
1079700 815.0
1079710 811.3
1079720 807.3
1079730 807.3
1079740 802.6
1079750 798.0
1079760 798.0
1079770 793.1
1079780 787.8
1079790 787.8
1079800 782.1
1079810 776.7
1079820 776.7
1079830 770.9
1079840 764.9
1079850 764.9
1079860 759.2
1079870 760.0
1079880 760.0
1079890 754.1
1079900 749.0
1079910 746.1
1079920 746.1
1079930 745.0
1079940 744.5
1079950 744.5
1079960 744.2
1079970 744.3
1079980 744.3
1079990 745.4
