1064480 1891.9
1064490 1877.0
1064500 1898.5
1064510 1916.2
1064520 1916.2
1064530 1934.1
1064540 1945.8
1064550 1945.8
1064560 1957.6
1064570 1971.9
1064580 1977.0
1064590 1977.0
1064600 1977.9
1064610 1982.3
1064620 1982.3
1064630 1977.9
1064640 1987.3
1064650 1987.3
1064660 1985.9
1064670 1983.2
1064680 1983.2
1064690 1975.7
1064700 1977.9
1064710 1977.9
1064720 1994.3
1064730 2004.1
1064740 2004.1
1064750 1999.7
1064760 1998.8
1064770 1998.8
1064780 1999.6
1064790 2000.3
1064800 2012.1
1064810 2027.3
1064820 2035.2
1064830 2032.7
1064840 2032.7
1064850 2024.5
1064860 2016.8
1064870 2016.8
1064880 2009.3
1064890 2002.7
1064900 2002.7
1064910 1996.2
1064920 1989.8
1064930 1989.8
1064940 1983.8
1064950 1978.5
1064960 1978.5
1064970 1973.9
1064980 1969.3
1064990 1969.3
1065000 1963.7
1065010 1957.8
1065020 1957.8
1065030 1951.9
1065040 1946.3
1065050 1946.3
1065060 1941.6
1065070 1937.5
1065080 1934.1
1065090 1934.1
1065100 1934.0
1065110 1930.3
1065120 1930.3
1065130 1926.0
1065140 1923.1
1065150 1923.1
1065160 1919.6
1065170 1915.0
1065180 1915.0
1065190 1912.1
1065200 1911.5
1065210 1911.5
1065220 1908.1
1065230 1904.2
1065240 1904.2
1065250 1902.7
1065260 1905.0
1065270 1905.0
1065280 1905.4
1065290 1903.3
1065300 1903.3
1065310 1899.0
1065320 1893.5
1065330 1891.3
1065340 1891.3
1065350 1888.7
1065360 1884.5
1065370 1884.5
1065380 1880.8
1065390 1877.3
1065400 1880.1
1065410 1877.6
1065420 1873.6
1065430 1873.6
1065440 1870.6
1065450 1868.5
1065460 1868.5
1065470 1865.5
1065480 1862.9
1065490 1862.9
1065500 1860.4
1065510 1857.5
1065520 1857.5
1065530 1854.5
1065540 1852.3
1065550 1852.3
1065560 1848.8
1065570 1845.1
1065580 1845.2
1065590 1845.2
1065600 1845.4
1065610 1840.2
1065620 1840.2
1065630 1837.0
1065640 1836.5
1065650 1836.5
1065660 1837.7
1065670 1838.7
1065680 1838.7
1065690 1838.0
1065700 1836.4
1065710 1837.0
1065720 1834.9
1065730 1832.6
1065740 1832.6
1065750 1829.7
1065760 1825.3
1065770 1825.3
1065780 1820.2
1065790 1813.4
1065800 1813.4
1065810 1804.8
1065820 1797.4
1065830 1792.0
1065840 1792.0
1065850 1789.1
1065860 1787.8
1065870 1787.8
1065880 1788.8
1065890 1787.6
1065900 1787.6
1065910 1783.5
1065920 1782.5
1065930 1782.5
1065940 1784.5
1065950 1784.5
1065960 1784.5
1065970 1782.5
1065980 1782.3
1065990 1782.3
1066000 1782.7
1066010 1791.0
1066020 1791.0
1066030 1794.4
1066040 1796.0
1066050 1796.0
1066060 1796.8
1066070 1798.7
1066080 1801.5
1066090 1801.5
1066100 1805.1
1066110 1807.5
1066120 1807.5
1066130 1808.5
1066140 1814.9
1066150 1814.9
1066160 1819.1
1066170 1821.4
1066180 1821.4
1066190 1818.2
1066200 1815.9
1066210 1815.9
1066220 1817.2
1066230 1819.0
1066240 1819.0
1066250 1820.1
1066260 1824.1
1066270 1824.1
1066280 1824.7
1066290 1827.7
1066300 1827.8
1066310 1838.0
1066320 1840.0
1066330 1843.8
1066340 1843.8
1066350 1844.1
1066360 1842.3
1066370 1842.3
1066380 1841.2
1066390 1836.7
1066400 1836.7
1066410 1799.8
1066420 1781.7
1066430 1781.7
1066440 1778.8
1066450 1775.7
1066460 1775.7
1066470 1772.0
1066480 1767.5
1066490 1767.5
1066500 1763.3
1066510 1760.7
1066520 1760.7
1066530 1756.5
1066540 1749.7
1066550 1743.2
1066560 1743.2
1066570 1737.1
1066580 1732.3
1066590 1732.3
1066600 1727.5
1066610 1722.5
1066620 1727.2
1066630 1722.3
1066640 1717.1
1066650 1717.1
1066660 1710.5
1066670 1705.2
1066680 1705.2
1066690 1700.2
1066700 1693.0
1066710 1693.0
1066720 1677.3
1066730 1662.2
1066740 1662.2
1066750 1650.0
1066760 1635.2
1066770 1635.2
1066780 1605.7
1066790 1601.9
1066800 1598.9
1066810 1598.9
1066820 1593.4
1066830 1586.8
1066840 1586.8
1066850 1577.6
1066860 1568.2
1066870 1568.2
1066880 1558.7
1066890 1551.5
1066900 1551.5
1066910 1544.1
1066920 1531.7
1066930 1531.7
1066940 1519.8
1066950 1510.5
1066960 1510.5
1066970 1501.9
1066980 1492.6
1066990 1492.6
1067000 1485.1
1067010 1474.8
1067020 1474.8
1067030 1464.9
1067040 1456.9
1067050 1450.7
1067060 1450.7
1067070 1444.4
1067080 1437.5
1067090 1437.5
1067100 1431.8
1067110 1425.3
1067120 1425.3
1067130 1418.9
1067140 1413.9
1067150 1413.9
1067160 1406.3
1067170 1396.8
1067180 1396.8
1067190 1387.8
1067200 1374.2
1067210 1374.2
1067220 1351.1
1067230 1323.0
1067240 1323.0
1067250 1309.0
1067260 1299.9
1067270 1299.9
1067280 1288.9
1067290 1277.7
1067300 1268.0
1067310 1268.0
1067320 1259.1
1067330 1247.0
1067340 1247.0
1067350 1236.8
1067360 1225.1
1067370 1225.1
1067380 1216.3
1067390 1208.9
1067400 1208.9
1067410 1205.5
1067420 1200.9
1067430 1200.9
1067440 1194.3
1067450 1186.6
1067460 1186.6
1067470 1177.0
1067480 1165.0
1067490 1165.0
1067500 1155.4
1067510 1149.5
1067520 1149.5
1067530 1143.2
1067540 1137.9
1067550 1136.6
1067560 1136.6
1067570 1135.6
1067580 1134.7
1067590 1134.7
1067600 1131.7
1067610 1127.2
1067620 1127.2
1067630 1122.2
1067640 1117.8
1067650 1117.8
1067660 1113.8
1067670 1109.9
1067680 1109.9
1067690 1105.1
1067700 1101.0
1067710 1101.0
1067720 1096.9
1067730 1090.9
1067740 1090.9
1067750 1066.1
1067760 1054.8
1067770 1054.8
1067780 1045.0
1067790 1038.0
1067800 1032.6
1067810 1032.6
1067820 1027.0
1067830 1022.4
1067840 1030.3
1067850 1025.6
1067860 1019.8
1067870 1019.8
1067880 1013.1
1067890 1001.0
1067900 1001.0
1067910 981.1
1067920 970.3
1067930 970.3
1067940 967.1
1067950 960.9
1067960 960.9
1067970 957.5
1067980 950.3
1067990 950.3
1068000 946.3
1068010 936.4
1068020 936.4
1068030 919.2
1068040 911.2
1068050 897.5
1068060 897.5
1068070 890.2
1068080 861.3
1068090 861.3
1068100 847.9
1068110 843.8
1068120 843.8
1068130 841.7
1068140 836.2
1068150 836.2
1068160 833.8
1068170 831.5
1068180 831.5
1068190 829.3
1068200 831.3
1068210 831.3
1068220 832.0
1068230 835.3
1068240 835.3
1068250 841.2
1068260 848.1
1068270 848.1
1068280 847.3
1068290 846.1
1068300 851.1
1068310 851.1
1068320 859.0
1068330 864.2
1068340 864.2
1068350 867.3
1068360 868.7
1068370 868.7
1068380 873.5
1068390 883.9
1068400 883.9
1068410 906.8
1068420 921.8
1068430 921.8
1068440 937.3
1068450 952.2
1068460 952.2
1068470 955.3
1068480 958.7
1068490 958.7
1068500 967.7
1068510 980.2
1068520 980.2
1068530 990.2
1068540 998.4
1068550 1011.6
1068560 1011.6
1068570 1024.5
1068580 1035.0
1068590 1035.0
1068600 1048.4
1068610 1058.4
1068620 1058.4
1068630 1073.9
1068640 1085.4
1068650 1085.4
1068660 1091.1
1068670 1096.2
1068680 1096.2
1068690 1100.4
1068700 1104.1
1068710 1104.1
1068720 1108.0
1068730 1112.8
1068740 1112.8
1068750 1120.7
1068760 1125.4
1068770 1125.4
1068780 1130.2
1068790 1135.4
1068800 1140.9
1068810 1140.9
1068820 1146.9
1068830 1153.2
1068840 1153.2
1068850 1159.1
1068860 1165.6
1068870 1165.6
1068880 1172.9
1068890 1179.5
1068900 1179.5
1068910 1187.5
1068920 1196.5
1068930 1196.5
1068940 1205.2
1068950 1213.3
1068960 1213.3
1068970 1221.2
1068980 1230.1
1068990 1230.1
1069000 1238.4
1069010 1247.7
1069020 1247.7
1069030 1260.8
1069040 1270.8
1069050 1281.1
1069060 1289.1
1069070 1295.6
1069080 1302.8
1069090 1302.8
1069100 1311.9
1069110 1318.3
1069120 1318.3
1069130 1323.1
1069140 1328.7
1069150 1328.7
1069160 1334.3
1069170 1342.3
1069180 1342.3
1069190 1348.9
1069200 1353.0
1069210 1353.0
1069220 1363.5
1069230 1373.2
1069240 1373.2
1069250 1386.2
1069260 1391.4
1069270 1391.4
1069280 1399.9
1069290 1403.0
1069300 1405.9
1069310 1405.9
1069320 1407.5
1069330 1408.2
1069340 1408.2
1069350 1407.5
1069360 1434.6
1069370 1434.6
1069380 1455.5
1069390 1468.3
1069400 1468.3
1069410 1477.1
1069420 1487.7
1069430 1487.7
1069440 1499.8
1069450 1502.2
1069460 1502.2
1069470 1495.1
1069480 1497.5
1069490 1497.5
1069500 1500.0
1069510 1492.6
1069520 1492.6
1069530 1483.5
1069540 1471.3
1069550 1466.2
1069560 1466.2
1069570 1469.5
1069580 1469.9
1069590 1469.9
1069600 1471.3
1069610 1474.7
1069620 1474.7
1069630 1485.4
1069640 1495.7
1069650 1495.7
1069660 1511.1
1069670 1522.3
1069680 1522.3
1069690 1529.6
1069700 1530.0
1069710 1530.0
1069720 1535.5
1069730 1549.3
1069740 1549.3
1069750 1559.4
1069760 1565.7
1069770 1565.7
1069780 1570.5
1069790 1576.9
1069800 1580.6
1069810 1580.6
1069820 1584.8
1069830 1583.4
1069840 1583.4
1069850 1575.6
1069860 1572.5
1069870 1572.5
1069880 1576.3
1069890 1577.1
1069900 1577.1
1069910 1577.5
1069920 1576.0
1069930 1576.0
1069940 1575.2
1069950 1576.7
1069960 1576.7
1069970 1581.3
1069980 1592.0
1069990 1592.0
1070000 1594.5
1070010 1594.6
1070020 1594.6
1070030 1598.3
1070040 1601.6
1070050 1605.4
1070060 1605.4
1070070 1608.0
1070080 1609.3
1070090 1609.3
1070100 1615.1
1070110 1623.0
1070120 1623.0
1070130 1624.7
1070140 1625.0
1070150 1625.0
1070160 1628.4
1070170 1633.7
1070180 1633.7
1070190 1643.1
1070200 1648.4
1070210 1648.4
1070220 1657.5
1070230 1669.8
1070240 1669.8
1070250 1676.6
1070260 1684.4
1070270 1684.4
1070280 1689.3
1070290 1700.4
1070300 1708.8
1070310 1708.8
1070320 1715.7
1070330 1721.8
1070340 1721.8
1070350 1729.1
1070360 1734.7
1070370 1734.7
1070380 1739.8
1070390 1745.3
1070400 1745.3
1070410 1749.6
1070420 1751.4
1070430 1751.4
1070440 1757.0
1070450 1761.1
1070460 1761.1
1070470 1761.3
1070480 1759.5
1070490 1759.5
1070500 1759.7
1070510 1757.5
1070520 1757.5
1070530 1758.4
1070540 1763.5
1070550 1769.7
1070560 1769.7
1070570 1770.8
1070580 1770.7
1070590 1779.3
1070600 1779.9
1070610 1783.7
1070620 1783.7
1070630 1788.0
1070640 1791.7
1070650 1791.7
1070660 1785.2
1070670 1766.7
1070680 1766.7
1070690 1773.8
1070700 1793.6
1070710 1793.6
1070720 1802.0
1070730 1808.0
1070740 1808.0
1070750 1812.6
1070760 1817.2
1070770 1817.2
1070780 1823.9
1070790 1831.1
1070800 1839.1
1070810 1839.1
1070820 1847.1
1070830 1854.2
1070840 1854.2
1070850 1860.8
1070860 1863.6
1070870 1863.6
1070880 1865.0
1070890 1864.9
1070900 1874.7
1070910 1875.6
1070920 1878.5
1070930 1878.5
1070940 1884.7
1070950 1890.7
1070960 1890.7
1070970 1897.0
1070980 1902.0
1070990 1902.0
1071000 1903.8
1071010 1905.7
1071020 1905.7
1071030 1908.0
1071040 1910.1
1071050 1906.1
1071060 1906.1
1071070 1898.4
1071080 1891.6
1071090 1891.6
1071100 1887.6
1071110 1884.4
1071120 1884.4
1071130 1885.0
1071140 1887.2
1071150 1887.2
1071160 1882.3
1071170 1876.4
1071180 1876.4
1071190 1869.6
1071200 1860.9
1071210 1860.9
1071220 1851.2
1071230 1839.5
1071240 1839.5
1071250 1823.8
1071260 1807.0
1071270 1807.0
1071280 1792.9
1071290 1781.0
1071300 1777.2
1071310 1777.2
1071320 1767.6
1071330 1756.5
1071340 1756.5
1071350 1748.7
1071360 1742.5
1071370 1742.5
1071380 1735.7
1071390 1728.7
1071400 1728.7
1071410 1721.9
1071420 1716.2
1071430 1716.2
1071440 1709.3
1071450 1702.4
1071460 1702.4
1071470 1694.5
1071480 1687.1
1071490 1687.1
1071500 1684.6
1071510 1673.8
1071520 1673.8
1071530 1671.2
1071540 1667.3
1071550 1660.8
1071560 1660.8
1071570 1654.2
1071580 1646.7
1071590 1646.7
1071600 1640.5
1071610 1634.5
1071620 1634.5
1071630 1627.6
1071640 1622.2
1071650 1622.2
1071660 1617.0
1071670 1611.6
1071680 1611.6
1071690 1605.0
1071700 1598.9
1071710 1598.9
1071720 1595.0
1071730 1590.5
1071740 1590.5
1071750 1584.9
1071760 1579.7
1071770 1579.7
1071780 1576.2
1071790 1570.9
1071800 1564.6
1071810 1564.6
1071820 1552.3
1071830 1544.9
1071840 1544.9
1071850 1535.0
1071860 1529.3
1071870 1529.3
1071880 1525.1
1071890 1519.5
1071900 1519.5
1071910 1514.3
1071920 1510.4
1071930 1510.4
1071940 1506.2
1071950 1502.0
1071960 1502.0
1071970 1497.5
1071980 1492.7
1071990 1492.7
1072000 1488.0
1072010 1483.2
1072020 1483.2
1072030 1478.1
1072040 1473.6
1072050 1469.5
1072060 1469.5
1072070 1466.1
1072080 1463.0
1072090 1463.0
1072100 1459.9
1072110 1457.0
1072120 1457.0
1072130 1446.0
1072140 1444.3
1072150 1444.3
1072160 1440.6
1072170 1436.2
1072180 1436.2
1072190 1431.3
1072200 1426.4
1072210 1426.4
1072220 1421.7
1072230 1416.2
1072240 1416.2
1072250 1408.0
1072260 1401.7
1072270 1401.7
1072280 1397.8
1072290 1395.4
1072300 1395.4
1072310 1395.4
1072320 1395.3
1072330 1394.3
1072340 1394.3
1072350 1389.6
1072360 1380.1
1072370 1380.1
1072380 1376.2
1072390 1377.5
1072400 1377.5
1072410 1377.9
1072420 1379.2
1072430 1379.2
1072440 1379.8
1072450 1378.1
1072460 1378.1
1072470 1377.6
1072480 1377.6
1072490 1377.6
1072500 1378.2
1072510 1379.5
1072520 1379.5
1072530 1380.5
1072540 1382.0
1072550 1382.9
1072560 1382.9
1072570 1383.5
1072580 1385.3
1072590 1385.3
1072600 1387.2
1072610 1387.7
1072620 1387.7
1072630 1388.2
1072640 1388.8
1072650 1388.8
1072660 1387.7
1072670 1387.1
1072680 1387.1
1072690 1389.0
1072700 1389.7
1072710 1389.7
1072720 1387.5
1072730 1384.0
1072740 1390.7
1072750 1388.8
1072760 1389.3
1072770 1389.3
1072780 1389.4
1072790 1386.9
1072800 1387.0
1072810 1387.0
1072820 1386.1
1072830 1384.9
1072840 1384.9
1072850 1384.2
1072860 1385.5
1072870 1385.5
1072880 1387.1
1072890 1389.5
1072900 1389.5
1072910 1390.6
1072920 1390.1
1072930 1390.1
1072940 1390.5
1072950 1391.2
1072960 1391.2
1072970 1392.9
1072980 1393.8
1072990 1393.8
1073000 1392.4
1073010 1391.4
1073020 1391.4
1073030 1389.2
1073040 1385.4
1073050 1387.8
1073060 1387.8
1073070 1386.8
1073080 1384.2
1073090 1384.2
1073100 1380.6
1073110 1376.9
1073120 1376.9
1073130 1371.9
1073140 1365.1
1073150 1365.1
1073160 1358.7
1073170 1352.7
1073180 1352.7
1073190 1347.4
1073200 1342.7
1073210 1342.7
1073220 1338.6
1073230 1334.0
1073240 1334.0
1073250 1328.8
1073260 1323.6
1073270 1323.6
1073280 1318.1
1073290 1312.3
1073300 1306.6
1073310 1306.6
1073320 1300.4
1073330 1294.7
1073340 1294.7
1073350 1289.3
1073360 1286.4
1073370 1286.4
1073380 1281.0
1073390 1272.6
1073400 1272.6
1073410 1264.3
1073420 1256.3
1073430 1256.3
1073440 1248.9
1073450 1241.1
1073460 1241.1
1073470 1235.1
1073480 1231.8
1073490 1231.8
1073500 1225.7
1073510 1217.5
1073520 1217.5
1073530 1210.6
1073540 1202.7
1073550 1195.0
1073560 1195.0
1073570 1188.4
1073580 1180.3
1073590 1180.3
1073600 1172.0
1073610 1163.1
1073620 1163.1
1073630 1152.7
1073640 1151.1
1073650 1151.1
1073660 1154.7
1073670 1157.6
1073680 1157.6
1073690 1158.3
1073700 1158.8
1073710 1158.8
1073720 1160.3
1073730 1165.1
1073740 1165.1
1073750 1172.7
1073760 1180.3
1073770 1180.3
1073780 1185.5
1073790 1187.4
1073800 1194.7
1073810 1194.7
1073820 1201.9
1073830 1202.3
1073840 1202.3
1073850 1202.0
1073860 1207.9
1073870 1207.9
1073880 1213.3
1073890 1216.0
1073900 1216.0
1073910 1218.5
1073920 1221.0
1073930 1221.0
1073940 1224.4
1073950 1224.3
1073960 1224.3
1073970 1229.3
1073980 1238.7
1073990 1238.7
1074000 1238.3
1074010 1240.6
1074020 1240.6
1074030 1247.5
1074040 1252.5
1074050 1256.5
1074060 1256.5
1074070 1259.6
1074080 1266.7
1074090 1266.7
1074100 1274.6
1074110 1282.7
1074120 1282.7
1074130 1290.9
1074140 1294.6
1074150 1294.6
1074160 1297.4
1074170 1300.2
1074180 1300.2
1074190 1303.2
1074200 1305.4
1074210 1305.4
1074220 1307.1
1074230 1307.4
1074240 1307.4
1074250 1309.3
1074260 1313.8
1074270 1313.8
1074280 1317.0
1074290 1326.2
1074300 1329.9
1074310 1329.9
1074320 1332.0
1074330 1332.5
1074340 1332.5
1074350 1334.3
1074360 1340.4
1074370 1340.4
1074380 1344.7
1074390 1351.9
1074400 1351.9
1074410 1360.6
1074420 1364.8
1074430 1364.8
1074440 1367.0
1074450 1368.3
1074460 1368.3
1074470 1374.7
1074480 1381.8
1074490 1381.8
1074500 1386.2
1074510 1390.8
1074520 1390.8
1074530 1395.1
1074540 1398.6
1074550 1400.4
1074560 1400.4
1074570 1403.6
1074580 1407.7
1074590 1407.7
1074600 1418.9
1074610 1423.2
1074620 1423.2
1074630 1428.9
1074640 1435.4
1074650 1435.4
1074660 1443.0
1074670 1451.2
1074680 1451.2
1074690 1459.6
1074700 1467.2
1074710 1467.2
1074720 1474.6
1074730 1482.1
1074740 1482.1
1074750 1489.4
1074760 1496.7
1074770 1496.7
1074780 1504.5
1074790 1512.6
1074800 1523.7
1074810 1523.7
1074820 1534.5
1074830 1540.3
1074840 1540.3
1074850 1546.0
1074860 1551.1
1074870 1551.1
1074880 1554.1
1074890 1556.2
1074900 1556.2
1074910 1557.7
1074920 1559.7
1074930 1559.7
1074940 1561.0
1074950 1560.6
1074960 1560.6
1074970 1557.4
1074980 1553.4
1074990 1553.4
1075000 1548.7
1075010 1543.5
1075020 1543.5
1075030 1538.5
1075040 1532.8
1075050 1526.8
1075060 1526.8
1075070 1521.7
1075080 1517.4
1075090 1517.4
1075100 1512.8
1075110 1508.5
1075120 1508.5
1075130 1505.3
1075140 1502.6
1075150 1502.6
1075160 1499.4
1075170 1495.5
1075180 1495.5
1075190 1494.8
1075200 1496.9
1075210 1496.9
1075220 1501.9
1075230 1496.8
1075240 1496.8
1075250 1490.3
1075260 1481.6
1075270 1481.6
1075280 1464.6
1075290 1451.0
1075300 1445.2
1075310 1445.2
1075320 1442.8
1075330 1445.3
1075340 1445.3
1075350 1443.0
1075360 1437.7
1075370 1437.7
1075380 1429.7
1075390 1421.3
1075400 1421.3
1075410 1418.4
1075420 1420.8
1075430 1420.8
1075440 1421.5
1075450 1420.8
1075460 1420.8
1075470 1418.8
1075480 1412.0
1075490 1412.0
1075500 1401.2
1075510 1390.0
1075520 1390.0
1075530 1386.0
1075540 1380.4
1075550 1385.5
1075560 1385.5
1075570 1387.0
1075580 1381.2
1075590 1381.2
1075600 1374.3
1075610 1368.8
1075620 1368.8
1075630 1360.9
1075640 1357.6
1075650 1357.6
1075660 1356.6
1075670 1355.9
1075680 1355.9
1075690 1357.4
1075700 1354.4
1075710 1354.4
1075720 1348.8
1075730 1343.4
1075740 1343.4
1075750 1337.2
1075760 1332.0
1075770 1332.0
1075780 1326.3
1075790 1320.5
1075800 1317.7
1075810 1317.7
1075820 1314.3
1075830 1310.5
1075840 1318.5
1075850 1316.3
1075860 1313.2
1075870 1313.2
1075880 1310.2
1075890 1309.2
1075900 1309.2
1075910 1308.2
1075920 1307.6
1075930 1307.6
1075940 1306.2
1075950 1304.0
1075960 1304.0
1075970 1300.5
1075980 1293.8
1075990 1293.8
1076000 1286.2
1076010 1277.9
1076020 1277.9
1076030 1269.0
1076040 1259.4
1076050 1249.3
1076060 1249.3
1076070 1244.6
1076080 1248.1
1076090 1248.1
1076100 1251.0
1076110 1249.2
1076120 1249.2
1076130 1244.2
1076140 1244.7
1076150 1244.7
1076160 1255.7
1076170 1262.7
1076180 1262.7
1076190 1268.6
1076200 1271.1
1076210 1271.1
1076220 1272.4
1076230 1272.7
1076240 1272.7
1076250 1271.7
1076260 1269.9
1076270 1269.9
1076280 1271.4
1076290 1272.3
1076300 1272.3
1076310 1272.3
1076320 1272.2
1076330 1271.2
1076340 1271.2
1076350 1270.1
1076360 1269.1
1076370 1269.1
1076380 1267.0
1076390 1264.0
1076400 1264.0
1076410 1264.7
1076420 1267.2
1076430 1267.2
1076440 1268.9
1076450 1271.4
1076460 1271.4
1076470 1281.3
1076480 1283.0
1076490 1283.0
1076500 1283.7
1076510 1284.0
1076520 1284.0
1076530 1283.5
1076540 1282.0
1076550 1280.0
1076560 1280.0
1076570 1275.9
1076580 1267.5
1076590 1267.5
1076600 1256.3
1076610 1242.0
1076620 1242.0
1076630 1235.4
1076640 1229.2
1076650 1229.2
1076660 1221.4
1076670 1214.1
1076680 1214.1
1076690 1210.0
1076700 1207.5
1076710 1207.5
1076720 1207.4
1076730 1206.1
1076740 1206.1
1076750 1204.2
1076760 1204.7
1076770 1204.7
1076780 1211.4
1076790 1207.3
1076800 1201.7
1076810 1201.7
1076820 1195.5
1076830 1190.2
1076840 1190.2
1076850 1187.1
1076860 1183.2
1076870 1183.2
1076880 1178.6
1076890 1173.2
1076900 1173.2
1076910 1167.4
1076920 1161.6
1076930 1161.6
1076940 1155.2
1076950 1148.5
1076960 1148.5
1076970 1141.1
1076980 1132.6
1076990 1132.6
1077000 1118.8
1077010 1101.1
1077020 1101.1
1077030 1087.0
1077040 1084.0
1077050 1079.8
1077060 1079.8
1077070 1072.5
1077080 1065.4
1077090 1073.6
1077100 1067.3
1077110 1061.6
1077120 1061.6
1077130 1056.1
1077140 1050.2
1077150 1050.2
1077160 1045.4
1077170 1040.7
1077180 1040.7
1077190 1036.3
1077200 1031.5
1077210 1031.5
1077220 1026.9
1077230 1022.7
1077240 1022.7
1077250 1016.9
1077260 1012.2
1077270 1007.3
1077280 1007.3
1077290 1003.8
1077300 1001.7
1077310 1001.7
1077320 999.7
1077330 996.0
1077340 996.0
1077350 989.5
1077360 982.5
1077370 982.5
1077380 975.6
1077390 968.7
1077400 967.4
1077410 960.9
1077420 954.5
1077430 954.5
1077440 948.3
1077450 942.7
1077460 942.7
1077470 936.5
1077480 931.4
1077490 931.4
1077500 928.5
1077510 924.7
1077520 922.5
1077530 922.5
1077540 920.9
1077550 919.6
1077560 919.6
1077570 918.2
1077580 916.8
1077590 916.8
1077600 914.7
1077610 910.3
1077620 910.3
1077630 905.2
1077640 902.7
1077650 902.7
1077660 902.0
1077670 900.9
1077680 900.9
1077690 898.3
1077700 892.6
1077710 892.5
1077720 884.9
1077730 879.2
1077740 879.2
1077750 872.1
1077760 866.7
1077770 862.5
1077780 862.5
1077790 859.5
1077800 855.5
1077810 855.5
1077820 850.7
1077830 846.2
1077840 846.2
1077850 841.9
1077860 837.4
1077870 837.4
1077880 834.0
1077890 831.6
1077900 831.6
1077910 829.0
1077920 823.8
1077930 823.8
1077940 818.9
1077950 815.9
1077960 815.9
1077970 811.4
1077980 804.0
1077990 804.0
1078000 796.6
1078010 790.8
1078020 783.7
1078030 786.4
1078040 780.5
1078050 774.2
1078060 774.2
1078070 767.4
1078080 759.0
1078090 759.0
1078100 750.0
1078110 740.2
1078120 740.2
1078130 729.4
1078140 722.4
1078150 722.4
1078160 720.4
1078170 717.5
1078180 717.5
1078190 719.0
1078200 720.2
1078210 720.2
1078220 716.5
1078230 710.4
1078240 710.4
1078250 707.7
1078260 702.5
1078270 695.7
1078280 695.7
1078290 687.1
1078300 676.3
1078310 676.3
1078320 666.0
1078330 657.1
1078340 660.2
1078350 652.0
1078360 655.4
1078370 655.4
1078380 664.8
1078390 673.9
1078400 673.9
1078410 681.6
1078420 689.7
1078430 689.7
1078440 697.5
1078450 705.3
1078460 705.3
1078470 712.8
1078480 721.5
1078490 721.5
1078500 729.5
1078510 732.9
1078520 738.9
1078530 738.9
1078540 751.6
1078550 762.2
1078560 762.2
1078570 770.5
1078580 776.4
1078590 776.4
1078600 782.9
1078610 788.6
1078620 788.6
1078630 793.4
1078640 800.4
1078650 800.9
1078660 812.2
1078670 822.1
1078680 822.1
1078690 831.1
1078700 839.6
1078710 839.6
1078720 846.2
1078730 852.7
1078740 852.7
1078750 859.1
1078760 864.4
1078770 869.5
1078780 869.5
1078790 873.8
1078800 878.2
1078810 878.2
1078820 884.7
1078830 890.4
1078840 890.4
1078850 897.4
1078860 904.3
1078870 904.3
1078880 910.8
1078890 915.0
1078900 915.0
1078910 916.7
1078920 917.8
1078930 917.8
1078940 918.5
1078950 919.7
1078960 919.7
1078970 923.6
1078980 924.6
1078990 924.6
1079000 926.1
1079010 928.8
1079020 931.3
1079030 931.3
1079040 934.1
1079050 937.0
1079060 937.0
1079070 939.2
1079080 941.4
1079090 941.4
1079100 943.9
1079110 946.2
1079120 946.2
1079130 948.0
1079140 951.2
1079150 951.2
1079160 954.1
1079170 956.7
1079180 956.7
1079190 959.9
1079200 962.8
1079210 962.8
1079220 965.5
1079230 968.7
1079240 968.7
1079250 972.0
1079260 975.1
1079270 978.1
1079280 979.4
1079290 982.2
1079300 984.6
1079310 984.6
1079320 986.6
1079330 988.4
1079340 988.4
1079350 989.9
1079360 991.8
1079370 991.8
1079380 993.9
1079390 996.1
1079400 996.1
1079410 997.8
1079420 999.5
1079430 999.5
1079440 1001.2
1079450 1002.9
1079460 1002.9
1079470 1004.2
1079480 1005.9
1079490 1005.9
1079500 1007.2
1079510 1008.0
1079520 1008.5
1079530 1008.5
1079540 1009.0
1079550 1009.4
1079560 1009.4
1079570 1009.5
1079580 1009.5
1079590 1013.9
1079600 1013.8
1079610 1013.1
1079620 1013.1
1079630 1012.1
1079640 1009.9
1079650 1009.9
1079660 1007.8
1079670 1006.1
1079680 1006.1
1079690 1003.9
1079700 1000.9
1079710 1000.9
1079720 997.8
1079730 995.6
1079740 995.6
1079750 994.8
1079760 993.5
1079770 990.8
1079780 990.8
1079790 988.2
1079800 986.4
1079810 986.4
1079820 982.9
1079830 978.7
1079840 978.7
1079850 973.3
1079860 967.0
1079870 967.0
1079880 962.7
1079890 957.5
1079900 957.5
1079910 954.5
1079920 950.0
1079930 950.0
1079940 946.2
1079950 943.7
1079960 943.7
1079970 942.6
1079980 941.9
1079990 941.9
