1065010 1780.2
1065020 1783.9
1065030 1783.9
1065040 1785.0
1065050 1792.1
1065060 1792.1
1065070 1802.7
1065080 1806.5
1065090 1809.4
1065100 1809.4
1065110 1815.7
1065120 1821.8
1065130 1821.8
1065140 1828.0
1065150 1836.9
1065160 1836.9
1065170 1841.7
1065180 1841.1
1065190 1841.1
1065200 1840.1
1065210 1844.0
1065220 1844.0
1065230 1855.0
1065240 1869.3
1065250 1869.3
1065260 1879.1
1065270 1886.2
1065280 1886.2
1065290 1884.2
1065300 1892.4
1065310 1892.4
1065320 1930.6
1065330 1945.1
1065340 1951.0
1065350 1951.0
1065360 1957.8
1065370 1964.2
1065380 1964.2
1065390 1965.9
1065400 1959.4
1065410 1959.4
1065420 1961.0
1065430 1989.1
1065440 1989.1
1065450 1992.9
1065460 1993.8
1065470 1993.8
1065480 1995.3
1065490 1997.0
1065500 1997.0
1065510 1994.8
1065520 2001.2
1065530 2001.2
1065540 2009.9
1065550 2011.3
1065560 2011.3
1065570 2018.1
1065580 2026.5
1065590 2026.9
1065600 2026.9
1065610 2028.8
1065620 2035.0
1065630 2035.0
1065640 2039.4
1065650 2039.3
1065660 2039.3
1065670 2037.8
1065680 2030.6
1065690 2030.6
1065700 2017.0
1065710 2009.8
1065720 2009.8
1065730 2005.0
1065740 1993.8
1065750 1993.8
1065760 1985.9
1065770 1989.8
1065780 1989.8
1065790 1988.5
1065800 1995.5
1065810 1995.5
1065820 1994.4
1065830 1988.6
1065840 1965.4
1065850 1965.4
1065860 1957.0
1065870 1953.6
1065880 1953.6
1065890 1943.0
1065900 1932.2
1065910 1932.2
1065920 1920.0
1065930 1898.7
1065940 1898.7
1065950 1887.5
1065960 1880.8
1065970 1880.8
1065980 1864.3
1065990 1832.6
1066000 1832.6
1066010 1811.6
1066020 1802.7
1066030 1802.7
1066040 1793.9
1066050 1780.2
1066060 1780.2
1066070 1753.3
1066080 1739.4
1066090 1731.6
1066100 1731.6
1066110 1723.9
1066120 1716.5
1066130 1716.5
1066140 1709.3
1066150 1696.5
1066160 1696.5
1066170 1689.8
1066180 1676.7
1066190 1676.7
1066200 1653.3
1066210 1644.6
1066220 1644.6
1066230 1637.8
1066240 1631.6
1066250 1631.6
1066260 1624.4
1066270 1618.3
1066280 1618.3
1066290 1611.7
1066300 1606.0
1066310 1606.0
1066320 1600.5
1066330 1594.6
1066340 1590.0
1066350 1590.0
1066360 1584.0
1066370 1578.5
1066380 1578.5
1066390 1573.4
1066400 1568.9
1066410 1568.9
1066420 1564.3
1066430 1562.5
1066440 1562.5
1066450 1554.0
1066460 1545.0
1066470 1545.0
1066480 1538.0
1066490 1531.2
1066500 1531.2
1066510 1525.1
1066520 1519.8
1066530 1519.8
1066540 1514.6
1066550 1509.5
1066560 1509.5
1066570 1503.9
1066580 1497.9
1066590 1501.1
1066600 1501.1
1066610 1504.4
1066620 1507.2
1066630 1507.2
1066640 1507.1
1066650 1503.5
1066660 1503.5
1066670 1497.3
1066680 1491.4
1066690 1491.4
1066700 1486.7
1066710 1479.8
1066720 1479.8
1066730 1471.2
1066740 1460.8
1066750 1467.0
1066760 1455.8
1066770 1440.8
1066780 1440.8
1066790 1425.5
1066800 1430.4
1066810 1430.4
1066820 1433.4
1066830 1430.4
1066840 1430.2
1066850 1430.2
1066860 1437.8
1066870 1435.7
1066880 1435.7
1066890 1447.8
1066900 1452.3
1066910 1452.3
1066920 1438.6
1066930 1428.3
1066940 1428.3
1066950 1412.5
1066960 1386.0
1066970 1386.0
1066980 1368.0
1066990 1376.7
1067000 1376.7
1067010 1372.4
1067020 1362.0
1067030 1362.0
1067040 1356.9
1067050 1346.8
1067060 1353.4
1067070 1352.3
1067080 1352.9
1067090 1349.4
1067100 1349.4
1067110 1347.4
1067120 1336.3
1067130 1336.3
1067140 1336.8
1067150 1344.4
1067160 1344.4
1067170 1338.4
1067180 1329.2
1067190 1329.2
1067200 1319.1
1067210 1311.4
1067220 1311.4
1067230 1305.5
1067240 1302.8
1067250 1302.8
1067260 1295.1
1067270 1285.6
1067280 1285.6
1067290 1276.6
1067300 1265.1
1067310 1265.1
1067320 1253.9
1067330 1238.2
1067340 1224.8
1067350 1224.8
1067360 1215.7
1067370 1207.6
1067380 1207.6
1067390 1200.1
1067400 1192.5
1067410 1192.5
1067420 1184.4
1067430 1176.5
1067440 1176.5
1067450 1169.6
1067460 1163.3
1067470 1163.3
1067480 1157.0
1067490 1151.0
1067500 1151.0
1067510 1144.5
1067520 1138.2
1067530 1138.2
1067540 1131.8
1067550 1126.0
1067560 1126.0
1067570 1120.9
1067580 1116.7
1067590 1113.4
1067600 1113.4
1067610 1109.8
1067620 1105.2
1067630 1105.2
1067640 1100.4
1067650 1095.8
1067660 1095.8
1067670 1089.2
1067680 1083.9
1067690 1083.9
1067700 1079.3
1067710 1075.0
1067720 1075.0
1067730 1069.7
1067740 1064.5
1067750 1064.5
1067760 1059.0
1067770 1054.2
1067780 1054.2
1067790 1049.2
1067800 1044.1
1067810 1044.1
1067820 1038.7
1067830 1031.8
1067840 1025.2
1067850 1025.2
1067860 1018.7
1067870 1012.5
1067880 1012.5
1067890 1005.9
1067900 998.1
1067910 998.1
1067920 990.7
1067930 982.9
1067940 982.9
1067950 976.0
1067960 968.8
1067970 972.6
1067980 967.8
1067990 963.0
1068000 963.0
1068010 956.8
1068020 950.0
1068030 950.0
1068040 943.3
1068050 936.3
1068060 936.3
1068070 930.3
1068080 925.3
1068090 920.6
1068100 920.6
1068110 915.2
1068120 908.3
1068130 908.3
1068140 900.3
1068150 892.3
1068160 892.3
1068170 882.9
1068180 870.2
1068190 870.2
1068200 859.0
1068210 854.6
1068220 854.6
1068230 849.4
1068240 845.4
1068250 845.4
1068260 839.7
1068270 832.0
1068280 826.7
1068290 821.3
1068300 815.8
1068310 815.8
1068320 811.4
1068330 808.0
1068340 806.2
1068350 806.2
1068360 807.0
1068370 808.7
1068380 808.7
1068390 811.7
1068400 816.1
1068410 816.1
1068420 820.7
1068430 825.1
1068440 825.1
1068450 830.7
1068460 837.6
1068470 837.6
1068480 845.5
1068490 853.5
1068500 853.5
1068510 862.0
1068520 869.8
1068530 869.8
1068540 876.4
1068550 880.5
1068560 880.5
1068570 885.0
1068580 898.8
1068590 905.8
1068600 905.8
1068610 909.1
1068620 916.3
1068630 916.3
1068640 921.5
1068650 925.4
1068660 925.4
1068670 928.8
1068680 933.4
1068690 933.4
1068700 939.8
1068710 947.8
1068720 947.8
1068730 955.1
1068740 961.2
1068750 961.2
1068760 966.2
1068770 975.1
1068780 975.1
1068790 984.2
1068800 989.4
1068810 989.4
1068820 995.7
1068830 1003.0
1068840 1012.3
1068850 1012.3
1068860 1022.9
1068870 1032.6
1068880 1032.6
1068890 1042.1
1068900 1049.5
1068910 1049.5
1068920 1055.6
1068930 1061.7
1068940 1061.7
1068950 1067.8
1068960 1073.7
1068970 1073.7
1068980 1080.1
1068990 1087.0
1069000 1087.0
1069010 1094.3
1069020 1101.4
1069030 1101.4
1069040 1108.5
1069050 1115.2
1069060 1115.2
1069070 1122.5
1069080 1130.3
1069090 1139.3
1069100 1139.3
1069110 1147.8
1069120 1157.5
1069130 1157.5
1069140 1166.7
1069150 1174.9
1069160 1174.9
1069170 1184.9
1069180 1197.0
1069190 1197.0
1069200 1213.7
1069210 1224.4
1069220 1224.4
1069230 1232.7
1069240 1242.5
1069250 1242.5
1069260 1248.2
1069270 1253.6
1069280 1253.6
1069290 1264.7
1069300 1274.8
1069310 1274.8
1069320 1283.1
1069330 1292.7
1069340 1305.8
1069350 1305.8
1069360 1326.6
1069370 1337.6
1069380 1337.6
1069390 1347.5
1069400 1358.4
1069410 1358.4
1069420 1366.1
1069430 1372.4
1069440 1372.4
1069450 1379.1
1069460 1385.3
1069470 1385.3
1069480 1389.0
1069490 1390.0
1069500 1383.7
1069510 1386.1
1069520 1390.8
1069530 1390.8
1069540 1394.8
1069550 1403.0
1069560 1403.0
1069570 1426.4
1069580 1440.6
1069590 1445.7
1069600 1445.7
1069610 1447.7
1069620 1448.8
1069630 1448.8
1069640 1450.1
1069650 1452.2
1069660 1452.2
1069670 1455.3
1069680 1458.0
1069690 1458.0
1069700 1459.7
1069710 1460.4
1069720 1460.4
1069730 1462.5
1069740 1465.9
1069750 1465.9
1069760 1468.0
1069770 1469.0
1069780 1469.0
1069790 1475.1
1069800 1484.8
1069810 1475.4
1069820 1493.1
1069830 1514.2
1069840 1529.3
1069850 1529.3
1069860 1536.2
1069870 1536.4
1069880 1536.4
1069890 1541.1
1069900 1539.8
1069910 1539.8
1069920 1538.5
1069930 1542.0
1069940 1542.0
1069950 1548.0
1069960 1555.2
1069970 1555.2
1069980 1567.1
1069990 1576.9
1070000 1576.9
1070010 1601.2
1070020 1661.5
1070030 1661.5
1070040 1689.4
1070050 1718.9
1070060 1718.9
1070070 1740.8
1070080 1746.4
1070090 1752.0
1070100 1752.0
1070110 1756.5
1070120 1748.1
1070130 1748.1
1070140 1744.3
1070150 1741.8
1070160 1741.8
1070170 1745.9
1070180 1754.8
1070190 1754.8
1070200 1760.3
1070210 1759.1
1070220 1759.1
1070230 1757.3
1070240 1754.2
1070250 1754.2
1070260 1752.0
1070270 1753.2
1070280 1753.2
1070290 1753.6
1070300 1754.3
1070310 1754.3
1070320 1756.5
1070330 1755.6
1070340 1750.7
1070350 1750.7
1070360 1738.4
1070370 1725.8
1070380 1725.8
1070390 1705.3
1070400 1660.6
1070410 1660.6
1070420 1666.2
1070430 1663.9
1070440 1663.9
1070450 1665.0
1070460 1665.5
1070470 1665.5
1070480 1666.9
1070490 1667.4
1070500 1667.4
1070510 1666.0
1070520 1666.1
1070530 1666.1
1070540 1665.0
1070550 1663.9
1070560 1663.9
1070570 1662.9
1070580 1666.5
1070590 1664.2
1070600 1664.2
1070610 1658.4
1070620 1650.0
1070630 1650.0
1070640 1643.0
1070650 1641.7
1070660 1641.7
1070670 1635.0
1070680 1614.3
1070690 1614.3
1070700 1592.0
1070710 1590.0
1070720 1590.0
1070730 1598.5
1070740 1598.7
1070750 1598.7
1070760 1597.7
1070770 1597.1
1070780 1597.1
1070790 1595.1
1070800 1592.0
1070810 1592.0
1070820 1589.4
1070830 1586.0
1070840 1582.5
1070850 1582.5
1070860 1579.1
1070870 1576.5
1070880 1576.5
1070890 1575.0
1070900 1574.1
1070910 1574.1
1070920 1574.0
1070930 1575.7
1070940 1575.7
1070950 1577.6
1070960 1579.4
1070970 1579.4
1070980 1581.4
1070990 1582.6
1071000 1582.6
1071010 1582.9
1071020 1584.9
1071030 1584.9
1071040 1591.2
1071050 1592.0
1071060 1592.0
1071070 1592.2
1071080 1593.4
1071090 1595.9
1071100 1595.9
1071110 1598.1
1071120 1599.7
1071130 1599.7
1071140 1602.0
1071150 1603.5
1071160 1603.5
1071170 1605.6
1071180 1607.9
1071190 1607.9
1071200 1610.5
1071210 1613.0
1071220 1613.0
1071230 1616.0
1071240 1621.9
1071250 1621.9
1071260 1628.4
1071270 1635.7
1071280 1635.7
1071290 1642.6
1071300 1650.0
1071310 1650.0
1071320 1657.3
1071330 1665.8
1071340 1672.9
1071350 1672.9
1071360 1680.9
1071370 1691.0
1071380 1691.0
1071390 1699.1
1071400 1706.6
1071410 1706.6
1071420 1714.7
1071430 1722.2
1071440 1722.2
1071450 1729.9
1071460 1737.9
1071470 1737.9
1071480 1741.2
1071490 1733.5
1071500 1733.5
1071510 1725.6
1071520 1714.3
1071530 1714.3
1071540 1706.0
1071550 1698.9
1071560 1698.9
1071570 1691.0
1071580 1683.4
1071590 1676.0
1071600 1676.0
1071610 1668.3
1071620 1660.8
1071630 1660.8
1071640 1653.7
1071650 1648.2
1071660 1648.2
1071670 1640.7
1071680 1633.1
1071690 1633.1
1071700 1625.7
1071710 1618.4
1071720 1618.4
1071730 1611.3
1071740 1604.4
1071750 1604.4
1071760 1598.0
1071770 1591.7
1071780 1591.7
1071790 1585.8
1071800 1579.8
1071810 1579.8
1071820 1573.9
1071830 1567.4
1071840 1561.1
1071850 1561.1
1071860 1554.6
1071870 1548.5
1071880 1548.5
1071890 1542.2
1071900 1536.1
1071910 1536.1
1071920 1530.4
1071930 1525.0
1071940 1525.0
1071950 1519.9
1071960 1517.9
1071970 1517.9
1071980 1512.1
1071990 1506.8
1072000 1506.8
1072010 1502.3
1072020 1499.2
1072030 1499.2
1072040 1498.3
1072050 1497.7
1072060 1497.7
1072070 1490.2
1072080 1484.8
1072090 1479.3
1072100 1479.3
1072110 1472.9
1072120 1469.6
1072130 1469.6
1072140 1469.7
1072150 1471.7
1072160 1471.7
1072170 1468.4
1072180 1467.9
1072190 1467.9
1072200 1465.9
1072210 1456.8
1072220 1456.8
1072230 1450.9
1072240 1442.8
1072250 1442.8
1072260 1428.8
1072270 1423.2
1072280 1423.2
1072290 1413.9
1072300 1404.4
1072310 1404.4
1072320 1395.7
1072330 1387.9
1072340 1380.1
1072350 1380.1
1072360 1374.3
1072370 1375.8
1072380 1375.8
1072390 1381.5
1072400 1382.2
1072410 1382.2
1072420 1376.1
1072430 1371.4
1072440 1371.4
1072450 1370.4
1072460 1364.7
1072470 1364.7
1072480 1364.9
1072490 1368.2
1072500 1368.2
1072510 1370.8
1072520 1370.1
1072530 1370.1
1072540 1366.1
1072550 1362.4
1072560 1362.4
1072570 1354.8
1072580 1333.5
1072590 1328.3
1072600 1328.3
1072610 1326.9
1072620 1326.6
1072630 1326.6
1072640 1329.2
1072650 1332.1
1072660 1332.1
1072670 1330.0
1072680 1326.6
1072690 1326.6
1072700 1326.0
1072710 1325.6
1072720 1325.6
1072730 1321.5
1072740 1314.0
1072750 1314.0
1072760 1307.9
1072770 1303.4
1072780 1303.4
1072790 1298.9
1072800 1293.9
1072810 1293.9
1072820 1292.7
1072830 1293.6
1072840 1293.6
1072850 1291.6
1072860 1285.3
1072870 1278.1
1072880 1277.2
1072890 1270.3
1072900 1265.3
1072910 1265.3
1072920 1262.2
1072930 1261.0
1072940 1261.0
1072950 1259.0
1072960 1256.3
1072970 1256.3
1072980 1253.2
1072990 1249.3
1073000 1249.3
1073010 1244.4
1073020 1241.5
1073030 1241.5
1073040 1239.0
1073050 1238.5
1073060 1238.5
1073070 1237.6
1073080 1240.1
1073090 1240.1
1073100 1244.2
1073110 1242.4
1073120 1235.8
1073130 1235.8
1073140 1229.1
1073150 1222.5
1073160 1222.5
1073170 1215.4
1073180 1209.7
1073190 1208.6
1073200 1202.5
1073210 1199.6
1073220 1199.6
1073230 1199.4
1073240 1201.0
1073250 1201.0
1073260 1203.4
1073270 1206.3
1073280 1206.3
1073290 1208.0
1073300 1208.9
1073310 1208.9
1073320 1211.0
1073330 1213.8
1073340 1213.8
1073350 1215.0
1073360 1213.6
1073370 1211.6
1073380 1211.6
1073390 1208.9
1073400 1206.1
1073410 1206.1
1073420 1203.3
1073430 1200.6
1073440 1200.6
1073450 1197.4
1073460 1192.5
1073470 1192.5
1073480 1186.0
1073490 1179.8
1073500 1177.8
1073510 1172.1
1073520 1166.4
1073530 1166.4
1073540 1160.1
1073550 1153.3
1073560 1153.3
1073570 1145.0
1073580 1136.6
1073590 1136.6
1073600 1128.8
1073610 1121.0
1073620 1114.6
1073630 1114.6
1073640 1110.5
1073650 1103.6
1073660 1103.6
1073670 1096.0
1073680 1087.9
1073690 1087.9
1073700 1079.3
1073710 1069.2
1073720 1069.2
1073730 1058.2
1073740 1049.4
1073750 1049.4
1073760 1050.5
1073770 1052.9
1073780 1052.9
1073790 1058.7
1073800 1062.9
1073810 1070.2
1073820 1072.8
1073830 1074.4
1073840 1074.4
1073850 1079.1
1073860 1086.6
1073870 1094.5
1073880 1094.5
1073890 1103.1
1073900 1111.4
1073910 1111.4
1073920 1119.7
1073930 1127.0
1073940 1127.0
1073950 1133.1
1073960 1137.8
1073970 1137.8
1073980 1144.3
1073990 1150.5
1074000 1150.5
1074010 1153.7
1074020 1159.0
1074030 1159.0
1074040 1164.7
1074050 1171.7
1074060 1171.7
1074070 1179.6
1074080 1186.6
1074090 1186.6
1074100 1194.7
1074110 1202.7
1074120 1213.2
1074130 1213.2
1074140 1220.0
1074150 1226.5
1074160 1226.5
1074170 1232.1
1074180 1234.8
1074190 1234.8
1074200 1236.7
1074210 1239.4
1074220 1239.4
1074230 1243.9
1074240 1249.7
1074250 1249.7
1074260 1255.7
1074270 1262.4
1074280 1262.4
1074290 1270.2
1074300 1276.7
1074310 1276.7
1074320 1283.1
1074330 1291.1
1074340 1291.1
1074350 1298.5
1074360 1305.4
1074370 1311.8
1074380 1311.8
1074390 1319.7
1074400 1327.6
1074410 1327.6
1074420 1336.2
1074430 1352.0
1074440 1352.0
1074450 1358.4
1074460 1366.1
1074470 1366.1
1074480 1373.9
1074490 1381.5
1074500 1381.5
1074510 1388.6
1074520 1395.6
1074530 1395.6
1074540 1402.2
1074550 1408.0
1074560 1408.0
1074570 1413.3
1074580 1416.8
1074590 1416.8
1074600 1417.5
1074610 1415.3
1074620 1411.1
1074630 1411.1
1074640 1405.5
1074650 1401.8
1074660 1401.8
1074670 1398.8
1074680 1395.4
1074690 1395.4
1074700 1391.6
1074710 1386.5
1074720 1386.5
1074730 1380.6
1074740 1384.4
1074750 1384.4
1074760 1379.1
1074770 1374.2
1074780 1374.2
1074790 1368.8
1074800 1363.5
1074810 1363.5
1074820 1358.0
1074830 1352.8
1074840 1352.8
1074850 1347.3
1074860 1342.0
1074870 1337.2
1074880 1337.2
1074890 1333.1
1074900 1328.6
1074910 1328.6
1074920 1323.9
1074930 1318.8
1074940 1318.8
1074950 1314.4
1074960 1310.0
1074970 1310.0
1074980 1305.3
1074990 1301.4
1075000 1301.4
1075010 1297.9
1075020 1293.8
1075030 1293.8
1075040 1288.8
1075050 1286.2
1075060 1286.2
1075070 1278.9
1075080 1271.4
1075090 1271.4
1075100 1264.0
1075110 1256.1
1075120 1250.8
1075130 1250.8
1075140 1248.1
1075150 1243.6
1075160 1243.6
1075170 1239.6
1075180 1236.6
1075190 1236.6
1075200 1233.2
1075210 1229.5
1075220 1229.5
1075230 1223.8
1075240 1214.2
1075250 1214.2
1075260 1205.0
1075270 1195.7
1075280 1195.7
1075290 1187.7
1075300 1179.8
1075310 1179.8
1075320 1170.8
1075330 1163.8
1075340 1163.8
1075350 1160.1
1075360 1165.6
1075370 1162.4
1075380 1162.4
1075390 1156.0
1075400 1148.7
1075410 1148.7
1075420 1141.0
1075430 1132.5
1075440 1132.5
1075450 1122.9
1075460 1114.6
1075470 1114.6
1075480 1108.7
1075490 1106.0
1075500 1106.0
1075510 1107.4
1075520 1111.2
1075530 1111.2
1075540 1112.0
1075550 1109.2
1075560 1109.2
1075570 1106.7
1075580 1103.4
1075590 1103.4
1075600 1098.5
1075610 1092.4
1075620 1088.2
1075630 1088.2
1075640 1092.7
1075650 1090.4
1075660 1090.4
1075670 1084.0
1075680 1073.7
1075690 1073.7
1075700 1073.5
1075710 1079.3
1075720 1079.3
1075730 1084.1
1075740 1088.9
1075750 1088.9
1075760 1089.8
1075770 1084.6
1075780 1084.6
1075790 1077.1
1075800 1069.3
1075810 1069.3
1075820 1061.7
1075830 1055.4
1075840 1055.4
1075850 1048.6
1075860 1042.3
1075870 1037.6
1075880 1037.6
1075890 1034.1
1075900 1030.8
1075910 1030.8
1075920 1027.6
1075930 1024.3
1075940 1024.3
1075950 1023.2
1075960 1022.6
1075970 1022.6
1075980 1022.0
1075990 1028.3
1076000 1028.3
1076010 1026.0
1076020 1021.6
1076030 1021.6
1076040 1015.7
1076050 1007.5
1076060 1007.5
1076070 999.9
1076080 997.4
1076090 997.4
1076100 995.8
1076110 993.4
1076120 991.0
1076130 991.0
1076140 989.9
1076150 989.3
1076160 989.3
1076170 987.8
1076180 986.6
1076190 986.6
1076200 985.7
1076210 983.6
1076220 983.6
1076230 982.2
1076240 980.7
1076250 980.7
1076260 978.4
1076270 975.9
1076280 975.9
1076290 973.6
1076300 978.4
1076310 978.4
1076320 979.6
1076330 981.4
1076340 981.4
1076350 981.5
1076360 979.1
1076370 975.4
1076380 975.4
1076390 971.4
1076400 966.6
1076410 966.6
1076420 963.6
1076430 962.2
1076440 962.2
1076450 961.2
1076460 959.5
1076470 959.5
1076480 957.0
1076490 954.8
1076500 954.8
1076510 954.5
1076520 953.2
1076530 953.2
1076540 951.7
1076550 949.8
1076560 949.8
1076570 947.4
1076580 945.2
1076590 945.2
1076600 943.2
1076610 943.4
1076620 942.0
1076630 942.0
1076640 940.8
1076650 939.8
1076660 939.8
1076670 939.0
1076680 938.1
1076690 938.1
1076700 937.0
1076710 935.6
1076720 935.6
1076730 934.3
1076740 932.7
1076750 932.7
1076760 931.2
1076770 930.1
1076780 930.1
1076790 929.4
1076800 929.6
1076810 929.6
1076820 930.8
1076830 932.9
1076840 932.9
1076850 934.8
1076860 935.1
1076870 933.3
1076880 933.3
1076890 930.3
1076900 926.4
1076910 926.4
1076920 927.0
1076930 923.6
1076940 923.6
1076950 921.6
1076960 920.3
1076970 920.3
1076980 920.4
1076990 921.2
1077000 921.2
1077010 921.3
1077020 920.4
1077030 920.4
1077040 919.0
1077050 916.5
1077060 916.5
1077070 912.7
1077080 909.6
1077090 909.6
1077100 908.5
1077110 909.3
1077120 909.4
1077130 909.4
1077140 908.4
1077150 906.2
1077160 906.2
1077170 901.8
1077180 898.8
1077190 898.8
1077200 898.4
1077210 897.3
1077220 897.3
1077230 899.9
1077240 896.3
1077250 896.3
1077260 893.2
1077270 890.5
1077280 890.5
1077290 886.8
1077300 883.3
1077310 883.3
1077320 877.4
1077330 872.2
1077340 872.2
1077350 869.8
1077360 866.6
1077370 867.3
1077380 867.3
1077390 873.2
1077400 874.7
1077410 874.7
1077420 868.7
1077430 860.9
1077440 860.9
1077450 855.3
1077460 853.3
1077470 853.3
1077480 852.5
1077490 850.6
1077500 850.6
1077510 846.8
1077520 842.1
1077530 842.1
1077540 847.2
1077550 844.5
1077560 844.5
1077570 840.7
1077580 837.1
1077590 837.1
1077600 838.1
1077610 838.9
1077620 838.3
1077630 838.3
1077640 835.7
1077650 831.7
1077660 831.7
1077670 827.0
1077680 821.8
1077690 821.8
1077700 816.1
1077710 809.4
1077720 809.4
1077730 802.7
1077740 796.3
1077750 796.3
1077760 788.6
1077770 777.2
1077780 777.2
1077790 762.3
1077800 746.9
1077810 746.9
1077820 738.1
1077830 729.2
1077840 729.2
1077850 721.6
1077860 714.9
1077870 707.2
1077880 707.2
1077890 698.7
1077900 689.0
1077910 689.0
1077920 681.7
1077930 673.4
1077940 673.4
1077950 663.9
1077960 654.8
1077970 654.8
1077980 646.9
1077990 639.1
1078000 639.1
1078010 631.6
1078020 625.4
1078030 625.4
1078040 619.3
1078050 613.8
1078060 613.8
1078070 621.2
1078080 634.6
1078090 634.6
1078100 648.2
1078110 658.2
1078120 670.3
1078130 670.3
1078140 688.4
1078150 707.6
1078160 707.6
1078170 722.6
1078180 731.0
1078190 731.0
1078200 735.0
1078210 741.1
1078220 741.1
1078230 747.5
1078240 754.2
1078250 754.2
1078260 760.7
1078270 766.0
1078280 766.0
1078290 769.2
1078300 770.1
1078310 770.1
1078320 770.3
1078330 770.9
1078340 770.9
1078350 772.4
1078360 775.7
1078370 779.3
1078380 779.3
1078390 783.4
1078400 788.7
1078410 788.7
1078420 794.9
1078430 802.0
1078440 802.0
1078450 809.8
1078460 815.5
1078470 815.5
1078480 824.2
1078490 826.3
1078500 826.3
1078510 824.1
1078520 820.2
1078530 820.2
1078540 817.1
1078550 814.7
1078560 814.7
1078570 811.4
1078580 808.6
1078590 808.6
1078600 806.4
1078610 804.0
1078620 801.7
1078630 801.7
1078640 802.6
1078650 802.4
1078660 802.4
1078670 801.0
1078680 799.0
1078690 799.0
1078700 798.0
1078710 797.2
1078720 797.2
1078730 798.3
1078740 799.7
1078750 799.7
1078760 800.2
1078770 800.4
1078780 800.4
1078790 801.3
1078800 806.4
1078810 806.4
1078820 807.6
1078830 808.4
1078840 808.4
1078850 809.8
1078860 811.6
1078870 813.4
1078880 813.4
1078890 815.0
1078900 816.3
1078910 816.3
1078920 817.8
1078930 819.8
1078940 819.8
1078950 821.0
1078960 821.8
1078970 821.8
1078980 823.1
1078990 825.3
1079000 825.3
1079010 827.5
1079020 829.3
1079030 829.3
1079040 831.2
1079050 832.8
1079060 832.8
1079070 833.7
1079080 834.0
1079090 834.0
1079100 834.0
1079110 835.6
1079120 835.5
1079130 835.5
1079140 836.4
1079150 837.8
1079160 837.8
1079170 839.1
1079180 840.6
1079190 840.6
1079200 840.8
1079210 839.6
1079220 839.6
1079230 839.1
1079240 840.1
1079250 840.1
1079260 841.1
1079270 841.3
1079280 841.3
1079290 841.5
1079300 840.9
1079310 840.9
1079320 838.5
1079330 835.6
1079340 835.6
1079350 832.3
1079360 828.7
1079370 825.3
1079380 825.3
1079390 823.2
1079400 818.7
1079410 818.7
1079420 822.3
1079430 818.0
1079440 818.0
1079450 813.1
1079460 808.3
1079470 808.3
1079480 802.8
1079490 797.3
1079500 797.3
1079510 791.8
1079520 786.5
1079530 786.5
1079540 781.1
1079550 776.2
1079560 776.2
1079570 770.7
1079580 764.8
1079590 764.8
1079600 761.2
1079610 757.9
1079620 754.2
1079630 754.2
1079640 751.4
1079650 749.3
1079660 749.3
1079670 746.8
1079680 744.3
1079690 744.3
1079700 742.0
1079710 739.4
1079720 739.4
1079730 737.0
1079740 737.4
1079750 737.4
1079760 735.4
1079770 733.0
1079780 733.0
1079790 729.4
1079800 725.3
1079810 725.3
1079820 721.6
1079830 717.1
1079840 717.1
1079850 711.7
1079860 708.2
1079870 706.9
1079880 706.9
1079890 703.3
1079900 698.3
1079910 698.3
1079920 693.3
1079930 689.2
1079940 689.2
1079950 686.0
1079960 683.3
1079970 683.3
1079980 681.2
1079990 679.7
