1065430 1746.5
1065440 1753.8
1065450 1753.8
1065460 1762.6
1065470 1770.0
1065480 1770.0
1065490 1777.4
1065500 1784.3
1065510 1784.3
1065520 1789.5
1065530 1795.1
1065540 1795.1
1065550 1799.9
1065560 1805.4
1065570 1805.4
1065580 1814.0
1065590 1821.8
1065600 1821.8
1065610 1832.8
1065620 1842.1
1065630 1842.1
1065640 1854.7
1065650 1874.1
1065660 1879.0
1065670 1892.2
1065680 1910.1
1065690 1918.1
1065700 1918.1
1065710 1925.0
1065720 1928.0
1065730 1928.0
1065740 1924.8
1065750 1917.0
1065760 1917.0
1065770 1908.3
1065780 1902.5
1065790 1902.5
1065800 1886.9
1065810 1874.7
1065820 1874.7
1065830 1867.1
1065840 1858.1
1065850 1858.1
1065860 1850.6
1065870 1842.4
1065880 1842.4
1065890 1836.2
1065900 1832.1
1065910 1832.1
1065920 1830.5
1065930 1823.4
1065940 1823.4
1065950 1815.9
1065960 1806.4
1065970 1782.4
1065980 1782.4
1065990 1769.0
1066000 1758.3
1066010 1758.3
1066020 1755.2
1066030 1744.9
1066040 1744.9
1066050 1721.4
1066060 1704.0
1066070 1704.0
1066080 1692.0
1066090 1684.7
1066100 1684.7
1066110 1676.2
1066120 1667.6
1066130 1667.6
1066140 1660.3
1066150 1653.9
1066160 1653.9
1066170 1647.1
1066180 1640.4
1066190 1640.4
1066200 1634.3
1066210 1628.2
1066220 1621.4
1066230 1621.4
1066240 1614.9
1066250 1608.9
1066260 1608.9
1066270 1597.6
1066280 1591.2
1066290 1591.2
1066300 1584.9
1066310 1576.9
1066320 1576.9
1066330 1568.3
1066340 1559.5
1066350 1559.5
1066360 1549.2
1066370 1540.2
1066380 1540.2
1066390 1529.9
1066400 1519.8
1066410 1519.8
1066420 1507.8
1066430 1499.2
1066440 1499.2
1066450 1490.0
1066460 1483.5
1066470 1478.3
1066480 1478.3
1066490 1472.3
1066500 1466.6
1066510 1466.6
1066520 1461.5
1066530 1456.9
1066540 1456.9
1066550 1452.2
1066560 1447.2
1066570 1442.3
1066580 1437.4
1066590 1432.2
1066600 1432.2
1066610 1427.2
1066620 1423.5
1066630 1423.5
1066640 1419.0
1066650 1415.3
1066660 1415.3
1066670 1411.6
1066680 1408.3
1066690 1408.3
1066700 1405.3
1066710 1402.2
1066720 1398.8
1066730 1398.8
1066740 1395.5
1066750 1391.0
1066760 1391.0
1066770 1386.4
1066780 1382.3
1066790 1382.3
1066800 1375.3
1066810 1367.1
1066820 1367.1
1066830 1359.0
1066840 1351.4
1066850 1351.4
1066860 1345.0
1066870 1338.6
1066880 1332.5
1066890 1325.9
1066900 1319.1
1066910 1319.1
1066920 1312.7
1066930 1306.4
1066940 1306.4
1066950 1300.4
1066960 1294.3
1066970 1288.0
1066980 1288.0
1066990 1281.7
1067000 1274.8
1067010 1274.8
1067020 1267.3
1067030 1257.1
1067040 1257.1
1067050 1249.1
1067060 1244.1
1067070 1244.1
1067080 1238.5
1067090 1232.8
1067100 1232.8
1067110 1227.1
1067120 1221.7
1067130 1221.7
1067140 1216.0
1067150 1209.8
1067160 1209.8
1067170 1203.8
1067180 1189.0
1067190 1189.0
1067200 1183.8
1067210 1177.7
1067220 1171.6
1067230 1171.6
1067240 1164.3
1067250 1165.5
1067260 1165.5
1067270 1161.1
1067280 1153.5
1067290 1153.5
1067300 1141.0
1067310 1128.7
1067320 1128.7
1067330 1123.0
1067340 1116.6
1067350 1116.6
1067360 1106.6
1067370 1099.0
1067380 1099.0
1067390 1092.3
1067400 1088.4
1067410 1088.4
1067420 1084.0
1067430 1079.6
1067440 1079.6
1067450 1074.2
1067460 1066.9
1067470 1054.2
1067480 1054.2
1067490 1048.7
1067500 1034.8
1067510 1034.8
1067520 1022.2
1067530 1015.6
1067540 1015.6
1067550 1010.3
1067560 1002.2
1067570 1002.2
1067580 997.9
1067590 990.3
1067600 990.3
1067610 980.8
1067620 976.2
1067630 976.2
1067640 972.3
1067650 969.6
1067660 969.6
1067670 970.5
1067680 968.7
1067690 968.7
1067700 963.4
1067710 963.8
1067720 959.6
1067730 959.6
1067740 952.7
1067750 948.1
1067760 948.1
1067770 944.8
1067780 940.7
1067790 950.1
1067800 945.1
1067810 941.8
1067820 941.8
1067830 937.8
1067840 933.6
1067850 933.6
1067860 928.8
1067870 924.3
1067880 924.3
1067890 920.4
1067900 916.5
1067910 916.5
1067920 913.4
1067930 911.2
1067940 911.2
1067950 909.4
1067960 907.4
1067970 906.4
1067980 906.4
1067990 905.6
1068000 904.8
1068010 904.8
1068020 905.1
1068030 907.9
1068040 907.9
1068050 910.3
1068060 909.9
1068070 909.9
1068080 909.0
1068090 909.8
1068100 902.5
1068110 901.2
1068120 899.8
1068130 899.8
1068140 898.1
1068150 894.9
1068160 894.9
1068170 892.7
1068180 890.1
1068190 890.1
1068200 887.3
1068210 884.8
1068220 882.4
1068230 882.4
1068240 881.7
1068250 877.1
1068260 877.1
1068270 868.8
1068280 860.4
1068290 860.4
1068300 852.9
1068310 849.9
1068320 849.9
1068330 848.5
1068340 844.6
1068350 844.6
1068360 837.2
1068370 829.7
1068380 829.7
1068390 822.9
1068400 814.1
1068410 814.1
1068420 809.0
1068430 805.4
1068440 805.4
1068450 801.7
1068460 799.8
1068470 799.3
1068480 799.3
1068490 798.2
1068500 794.9
1068510 794.9
1068520 791.8
1068530 794.2
1068540 794.2
1068550 797.8
1068560 802.9
1068570 802.9
1068580 808.1
1068590 815.2
1068600 815.2
1068610 822.2
1068620 832.7
1068630 832.7
1068640 838.0
1068650 838.5
1068660 838.5
1068670 839.7
1068680 845.9
1068690 845.9
1068700 853.5
1068710 859.9
1068720 869.3
1068730 869.3
1068740 881.6
1068750 895.4
1068760 895.4
1068770 904.5
1068780 911.0
1068790 911.0
1068800 917.9
1068810 927.6
1068820 927.6
1068830 939.8
1068840 947.7
1068850 947.7
1068860 953.7
1068870 960.0
1068880 960.0
1068890 968.5
1068900 978.2
1068910 978.2
1068920 985.9
1068930 990.5
1068940 990.5
1068950 995.8
1068960 1001.8
1068970 1008.4
1068980 1008.4
1068990 1015.5
1069000 1023.3
1069010 1024.0
1069020 1031.4
1069030 1038.3
1069040 1038.3
1069050 1044.9
1069060 1050.7
1069070 1050.7
1069080 1055.3
1069090 1060.8
1069100 1060.8
1069110 1067.1
1069120 1073.1
1069130 1073.1
1069140 1078.3
1069150 1083.0
1069160 1083.0
1069170 1087.5
1069180 1092.3
1069190 1092.3
1069200 1096.7
1069210 1100.7
1069220 1105.2
1069230 1105.2
1069240 1110.2
1069250 1114.6
1069260 1114.6
1069270 1118.2
1069280 1122.1
1069290 1122.1
1069300 1127.3
1069310 1131.5
1069320 1139.4
1069330 1143.1
1069340 1148.8
1069350 1148.8
1069360 1152.7
1069370 1157.4
1069380 1157.4
1069390 1161.3
1069400 1164.7
1069410 1164.7
1069420 1167.6
1069430 1172.6
1069440 1172.6
1069450 1185.0
1069460 1194.6
1069470 1198.8
1069480 1198.8
1069490 1194.8
1069500 1196.0
1069510 1196.0
1069520 1221.8
1069530 1270.9
1069540 1270.9
1069550 1290.0
1069560 1303.8
1069570 1303.8
1069580 1310.0
1069590 1321.5
1069600 1321.5
1069610 1323.6
1069620 1320.4
1069630 1341.4
1069640 1338.9
1069650 1331.7
1069660 1331.7
1069670 1325.9
1069680 1319.8
1069690 1319.8
1069700 1312.2
1069710 1317.7
1069720 1331.5
1069730 1331.5
1069740 1350.6
1069750 1358.6
1069760 1358.6
1069770 1363.3
1069780 1365.9
1069790 1365.9
1069800 1373.4
1069810 1364.9
1069820 1364.9
1069830 1357.4
1069840 1351.3
1069850 1351.3
1069860 1346.3
1069870 1347.6
1069880 1347.6
1069890 1355.5
1069900 1361.2
1069910 1361.2
1069920 1368.6
1069930 1381.0
1069940 1381.0
1069950 1386.6
1069960 1386.3
1069970 1390.1
1069980 1390.1
1069990 1399.7
1070000 1409.7
1070010 1409.7
1070020 1406.5
1070030 1399.5
1070040 1399.5
1070050 1390.6
1070060 1385.1
1070070 1385.1
1070080 1377.3
1070090 1373.7
1070100 1373.7
1070110 1366.7
1070120 1365.3
1070130 1365.3
1070140 1365.1
1070150 1362.4
1070160 1362.4
1070170 1361.3
1070180 1360.4
1070190 1360.4
1070200 1358.5
1070210 1352.3
1070220 1349.8
1070230 1349.8
1070240 1356.8
1070250 1353.1
1070260 1353.1
1070270 1354.8
1070280 1358.8
1070290 1358.8
1070300 1359.1
1070310 1357.9
1070320 1357.9
1070330 1366.4
1070340 1377.4
1070350 1377.4
1070360 1380.7
1070370 1381.5
1070380 1381.5
1070390 1383.6
1070400 1389.0
1070410 1389.0
1070420 1395.7
1070430 1404.0
1070440 1404.0
1070450 1411.3
1070460 1418.5
1070470 1425.8
1070480 1425.8
1070490 1432.7
1070500 1439.3
1070510 1439.3
1070520 1445.7
1070530 1452.4
1070540 1452.4
1070550 1460.4
1070560 1460.8
1070570 1460.8
1070580 1457.2
1070590 1460.4
1070600 1460.4
1070610 1467.8
1070620 1475.6
1070630 1475.6
1070640 1482.9
1070650 1488.7
1070660 1488.7
1070670 1492.7
1070680 1497.4
1070690 1497.4
1070700 1502.1
1070710 1507.5
1070720 1512.3
1070730 1512.3
1070740 1516.8
1070750 1522.1
1070760 1522.1
1070770 1527.3
1070780 1531.1
1070790 1531.1
1070800 1534.7
1070810 1537.6
1070820 1537.6
1070830 1539.1
1070840 1543.6
1070850 1543.8
1070860 1549.0
1070870 1551.7
1070880 1551.7
1070890 1553.4
1070900 1558.6
1070910 1558.6
1070920 1563.2
1070930 1566.9
1070940 1566.9
1070950 1571.2
1070960 1577.5
1070970 1583.3
1070980 1583.3
1070990 1588.1
1071000 1592.2
1071010 1592.2
1071020 1596.8
1071030 1601.7
1071040 1601.7
1071050 1606.4
1071060 1610.9
1071070 1610.9
1071080 1614.3
1071090 1615.0
1071100 1615.0
1071110 1620.2
1071120 1623.6
1071130 1623.6
1071140 1625.8
1071150 1628.4
1071160 1621.8
1071170 1627.8
1071180 1635.8
1071190 1635.8
1071200 1643.2
1071210 1648.4
1071220 1655.4
1071230 1655.4
1071240 1661.3
1071250 1665.9
1071260 1665.9
1071270 1671.3
1071280 1678.5
1071290 1678.5
1071300 1684.9
1071310 1691.1
1071320 1691.1
1071330 1697.5
1071340 1704.3
1071350 1704.3
1071360 1711.1
1071370 1718.2
1071380 1718.2
1071390 1725.0
1071400 1732.3
1071410 1732.3
1071420 1739.6
1071430 1746.9
1071440 1746.9
1071450 1754.0
1071460 1761.3
1071470 1767.7
1071480 1767.7
1071490 1773.7
1071500 1772.0
1071510 1772.0
1071520 1764.1
1071530 1756.4
1071540 1756.4
1071550 1749.0
1071560 1741.5
1071570 1741.5
1071580 1734.1
1071590 1727.0
1071600 1727.0
1071610 1719.9
1071620 1713.0
1071630 1713.0
1071640 1705.4
1071650 1698.1
1071660 1698.1
1071670 1690.9
1071680 1684.0
1071690 1684.0
1071700 1676.9
1071710 1668.2
1071720 1660.1
1071730 1660.1
1071740 1652.8
1071750 1646.0
1071760 1646.0
1071770 1638.7
1071780 1630.8
1071790 1630.8
1071800 1622.1
1071810 1613.2
1071820 1613.2
1071830 1605.8
1071840 1599.6
1071850 1599.6
1071860 1594.9
1071870 1588.8
1071880 1588.8
1071890 1581.6
1071900 1574.3
1071910 1574.3
1071920 1570.5
1071930 1571.1
1071940 1571.1
1071950 1569.5
1071960 1567.2
1071970 1566.1
1071980 1566.1
1071990 1565.3
1072000 1564.1
1072010 1564.1
1072020 1561.9
1072030 1558.5
1072040 1558.5
1072050 1555.5
1072060 1552.9
1072070 1552.9
1072080 1547.0
1072090 1545.4
1072100 1545.4
1072110 1543.7
1072120 1542.1
1072130 1542.1
1072140 1541.7
1072150 1541.4
1072160 1541.4
1072170 1539.6
1072180 1537.0
1072190 1537.0
1072200 1533.9
1072210 1531.5
1072220 1530.7
1072230 1530.7
1072240 1529.3
1072250 1526.8
1072260 1526.8
1072270 1525.9
1072280 1526.1
1072290 1526.1
1072300 1527.7
1072310 1526.9
1072320 1526.9
1072330 1524.5
1072340 1521.9
1072350 1521.9
1072360 1519.0
1072370 1516.8
1072380 1516.8
1072390 1509.4
1072400 1509.3
1072410 1509.3
1072420 1509.7
1072430 1510.0
1072440 1510.0
1072450 1510.8
1072460 1511.7
1072470 1513.1
1072480 1513.1
1072490 1514.8
1072500 1516.8
1072510 1516.8
1072520 1518.3
1072530 1519.2
1072540 1519.2
1072550 1519.7
1072560 1519.7
1072570 1519.7
1072580 1519.4
1072590 1518.6
1072600 1518.6
1072610 1517.2
1072620 1510.9
1072630 1510.9
1072640 1503.9
1072650 1499.5
1072660 1499.5
1072670 1495.4
1072680 1491.5
1072690 1491.5
1072700 1479.0
1072710 1473.8
1072720 1466.0
1072730 1466.0
1072740 1462.0
1072750 1462.1
1072760 1462.1
1072770 1464.0
1072780 1464.4
1072790 1464.4
1072800 1459.5
1072810 1453.5
1072820 1453.5
1072830 1449.4
1072840 1445.5
1072850 1445.5
1072860 1443.5
1072870 1444.2
1072880 1444.2
1072890 1444.4
1072900 1443.4
1072910 1443.4
1072920 1436.7
1072930 1416.9
1072940 1416.9
1072950 1407.1
1072960 1400.9
1072970 1394.4
1072980 1394.4
1072990 1388.5
1073000 1382.3
1073010 1380.8
1073020 1376.0
1073030 1370.5
1073040 1370.5
1073050 1364.9
1073060 1358.8
1073070 1358.8
1073080 1352.6
1073090 1347.4
1073100 1347.4
1073110 1343.4
1073120 1340.4
1073130 1340.4
1073140 1334.5
1073150 1325.0
1073160 1325.0
1073170 1313.4
1073180 1300.6
1073190 1300.6
1073200 1287.5
1073210 1271.5
1073220 1257.9
1073230 1257.9
1073240 1245.3
1073250 1235.9
1073260 1235.9
1073270 1228.2
1073280 1220.1
1073290 1220.1
1073300 1210.8
1073310 1202.3
1073320 1204.6
1073330 1196.8
1073340 1188.7
1073350 1188.7
1073360 1182.2
1073370 1174.2
1073380 1174.2
1073390 1167.4
1073400 1161.2
1073410 1161.2
1073420 1155.0
1073430 1149.2
1073440 1149.2
1073450 1143.6
1073460 1138.1
1073470 1138.1
1073480 1132.6
1073490 1126.9
1073500 1121.2
1073510 1121.2
1073520 1117.1
1073530 1113.3
1073540 1113.3
1073550 1108.7
1073560 1103.9
1073570 1103.9
1073580 1098.4
1073590 1092.1
1073600 1092.1
1073610 1085.8
1073620 1079.4
1073630 1077.1
1073640 1070.5
1073650 1064.1
1073660 1064.1
1073670 1054.1
1073680 1048.7
1073690 1048.7
1073700 1044.2
1073710 1037.0
1073720 1037.0
1073730 1026.9
1073740 1017.8
1073750 1009.1
1073760 1009.1
1073770 1003.2
1073780 1004.4
1073790 1004.4
1073800 1006.3
1073810 1009.2
1073820 1009.2
1073830 1016.7
1073840 1024.6
1073850 1024.6
1073860 1034.6
1073870 1045.5
1073880 1045.5
1073890 1054.6
1073900 1063.2
1073910 1063.2
1073920 1073.2
1073930 1085.3
1073940 1090.8
1073950 1106.8
1073960 1116.5
1073970 1116.5
1073980 1124.5
1073990 1132.0
1074000 1137.2
1074010 1137.2
1074020 1141.1
1074030 1143.8
1074040 1143.8
1074050 1147.1
1074060 1152.5
1074070 1152.5
1074080 1157.6
1074090 1161.5
1074100 1161.5
1074110 1166.5
1074120 1171.2
1074130 1171.2
1074140 1176.8
1074150 1180.9
1074160 1180.9
1074170 1183.3
1074180 1184.5
1074190 1184.5
1074200 1187.9
1074210 1193.8
1074220 1193.8
1074230 1197.7
1074240 1202.4
1074250 1210.1
1074260 1210.1
1074270 1214.4
1074280 1218.7
1074290 1218.7
1074300 1222.8
1074310 1227.2
1074320 1227.2
1074330 1230.4
1074340 1234.4
1074350 1234.4
1074360 1238.2
1074370 1241.1
1074380 1241.1
1074390 1242.9
1074400 1244.5
1074410 1244.5
1074420 1246.0
1074430 1247.6
1074440 1247.6
1074450 1248.7
1074460 1250.5
1074470 1250.5
1074480 1253.3
1074490 1255.4
1074500 1257.1
1074510 1257.1
1074520 1258.9
1074530 1260.1
1074540 1260.1
1074550 1261.5
1074560 1267.8
1074570 1267.8
1074580 1267.8
1074590 1268.1
1074600 1268.1
1074610 1267.7
1074620 1267.2
1074630 1267.2
1074640 1267.3
1074650 1267.6
1074660 1267.6
1074670 1267.4
1074680 1266.4
1074690 1266.4
1074700 1264.4
1074710 1261.4
1074720 1261.4
1074730 1257.8
1074740 1255.4
1074750 1252.4
1074760 1252.4
1074770 1248.0
1074780 1240.5
1074790 1240.5
1074800 1234.8
1074810 1226.0
1074820 1226.0
1074830 1214.1
1074840 1201.9
1074850 1201.9
1074860 1194.2
1074870 1197.6
1074880 1197.6
1074890 1194.9
1074900 1187.9
1074910 1187.9
1074920 1177.6
1074930 1170.6
1074940 1170.6
1074950 1169.3
1074960 1168.4
1074970 1168.4
1074980 1174.2
1074990 1173.1
1075000 1153.2
1075010 1153.2
1075020 1143.7
1075030 1138.5
1075040 1138.5
1075050 1132.9
1075060 1129.4
1075070 1129.4
1075080 1127.0
1075090 1125.2
1075100 1125.2
1075110 1122.0
1075120 1118.2
1075130 1118.2
1075140 1114.0
1075150 1110.1
1075160 1110.1
1075170 1106.4
1075180 1105.7
1075190 1105.7
1075200 1104.7
1075210 1103.9
1075220 1103.9
1075230 1102.8
1075240 1101.2
1075250 1099.4
1075260 1099.4
1075270 1098.1
1075280 1097.5
1075290 1097.5
1075300 1096.9
1075310 1094.1
1075320 1094.1
1075330 1090.5
1075340 1086.9
1075350 1086.9
1075360 1082.7
1075370 1076.6
1075380 1076.6
1075390 1068.5
1075400 1061.0
1075410 1061.0
1075420 1054.0
1075430 1046.5
1075440 1046.5
1075450 1039.8
1075460 1033.7
1075470 1033.7
1075480 1029.0
1075490 1030.4
1075500 1028.7
1075510 1028.7
1075520 1028.3
1075530 1031.9
1075540 1031.9
1075550 1034.0
1075560 1031.6
1075570 1031.6
1075580 1028.5
1075590 1023.7
1075600 1023.7
1075610 1017.1
1075620 1010.6
1075630 1010.6
1075640 1006.9
1075650 1004.1
1075660 1004.1
1075670 997.5
1075680 991.7
1075690 991.7
1075700 984.9
1075710 977.0
1075720 977.0
1075730 969.0
1075740 967.6
1075750 968.9
1075760 968.9
1075770 972.1
1075780 974.9
1075790 974.9
1075800 982.6
1075810 978.4
1075820 978.4
1075830 971.9
1075840 965.8
1075850 965.8
1075860 959.2
1075870 954.6
1075880 954.6
1075890 953.9
1075900 956.6
1075910 956.6
1075920 961.1
1075930 965.3
1075940 965.3
1075950 965.2
1075960 962.7
1075970 962.7
1075980 958.8
1075990 953.8
1076000 948.9
1076010 948.9
1076020 944.7
1076030 941.0
1076040 941.0
1076050 940.0
1076060 937.2
1076070 937.2
1076080 935.0
1076090 933.1
1076100 933.1
1076110 934.4
1076120 932.3
1076130 932.3
1076140 929.7
1076150 927.4
1076160 927.4
1076170 925.2
1076180 923.8
1076190 923.8
1076200 922.4
1076210 919.9
1076220 919.9
1076230 917.3
1076240 915.7
1076250 915.1
1076260 915.1
1076270 914.9
1076280 914.0
1076290 914.0
1076300 909.6
1076310 908.4
1076320 908.4
1076330 908.2
1076340 907.2
1076350 907.2
1076360 905.9
1076370 904.6
1076380 904.6
1076390 902.8
1076400 901.2
1076410 901.2
1076420 901.9
1076430 900.0
1076440 900.0
1076450 898.5
1076460 897.6
1076470 897.6
1076480 897.0
1076490 896.0
1076500 895.2
1076510 895.2
1076520 894.0
1076530 892.8
1076540 892.8
1076550 891.3
1076560 889.7
1076570 889.7
1076580 888.2
1076590 887.8
1076600 887.8
1076610 887.4
1076620 887.1
1076630 887.1
1076640 886.6
1076650 885.1
1076660 885.1
1076670 883.1
1076680 880.9
1076690 880.9
1076700 879.2
1076710 877.5
1076720 877.5
1076730 876.7
1076740 874.6
1076750 872.6
1076760 872.6
1076770 870.2
1076780 868.1
1076790 868.1
1076800 866.3
1076810 864.0
1076820 864.0
1076830 866.6
1076840 867.8
1076850 867.8
1076860 866.5
1076870 864.0
1076880 864.0
1076890 861.1
1076900 858.9
1076910 858.9
1076920 861.6
1076930 866.1
1076940 866.1
1076950 867.5
1076960 865.6
1076970 865.6
1076980 862.4
1076990 857.6
1077000 852.9
1077010 852.9
1077020 850.3
1077030 849.0
1077040 849.0
1077050 846.0
1077060 843.6
1077070 843.6
1077080 842.4
1077090 842.9
1077100 842.9
1077110 842.9
1077120 842.6
1077130 842.6
1077140 838.5
1077150 833.8
1077160 833.8
1077170 830.8
1077180 828.5
1077190 828.5
1077200 826.1
1077210 822.2
1077220 822.2
1077230 817.1
1077240 811.1
1077250 804.6
1077260 804.6
1077270 797.2
1077280 791.5
1077290 791.5
1077300 789.9
1077310 788.9
1077320 788.9
1077330 788.3
1077340 784.8
1077350 784.8
1077360 781.8
1077370 775.0
1077380 775.0
1077390 768.3
1077400 762.8
1077410 762.8
1077420 756.3
1077430 751.4
1077440 751.4
1077450 746.4
1077460 742.2
1077470 742.2
1077480 737.2
1077490 731.4
1077500 726.7
1077510 726.7
1077520 722.1
1077530 718.0
1077540 718.0
1077550 714.1
1077560 710.8
1077570 710.8
1077580 707.5
1077590 704.6
1077600 704.6
1077610 701.5
1077620 698.5
1077630 698.5
1077640 695.5
1077650 692.9
1077660 692.9
1077670 691.4
1077680 688.1
1077690 688.1
1077700 686.4
1077710 683.9
1077720 683.9
1077730 680.8
1077740 677.1
1077750 673.1
1077760 673.1
1077770 672.7
1077780 677.9
1077790 677.9
1077800 682.8
1077810 686.6
1077820 686.6
1077830 686.3
1077840 683.8
1077850 683.8
1077860 679.2
1077870 669.3
1077880 669.3
1077890 659.6
1077900 650.4
1077910 650.4
1077920 639.6
1077930 629.6
1077940 629.6
1077950 617.8
1077960 606.3
1077970 606.3
1077980 601.7
1077990 609.4
1078000 623.1
1078010 623.1
1078020 633.9
1078030 642.8
1078040 642.8
1078050 654.3
1078060 665.3
1078070 665.3
1078080 670.6
1078090 677.0
1078100 677.0
1078110 684.4
1078120 691.1
1078130 691.1
1078140 699.5
1078150 706.4
1078160 706.4
1078170 711.4
1078180 718.4
1078190 718.4
1078200 725.4
1078210 732.1
1078220 732.1
1078230 738.8
1078240 745.1
1078250 750.0
1078260 750.0
1078270 751.5
1078280 751.2
1078290 751.2
1078300 751.5
1078310 751.7
1078320 751.7
1078330 751.3
1078340 752.5
1078350 752.5
1078360 754.1
1078370 754.3
1078380 754.3
1078390 754.5
1078400 752.5
1078410 752.5
1078420 748.5
1078430 743.7
1078440 743.7
1078450 738.9
1078460 734.0
1078470 734.0
1078480 728.6
1078490 723.5
1078500 720.0
1078510 720.0
1078520 718.0
1078530 717.3
1078540 717.3
1078550 717.5
1078560 718.3
1078570 718.3
1078580 718.9
1078590 719.4
1078600 719.4
1078610 721.1
1078620 720.3
1078630 720.3
1078640 719.0
1078650 717.8
1078660 717.8
1078670 715.4
1078680 711.8
1078690 711.8
1078700 710.5
1078710 710.0
1078720 710.0
1078730 710.6
1078740 710.5
1078750 710.9
1078760 710.9
1078770 710.5
1078780 710.5
1078790 710.5
1078800 711.3
1078810 711.7
1078820 711.7
1078830 711.6
1078840 711.9
1078850 711.9
1078860 712.6
1078870 713.0
1078880 713.0
1078890 712.9
1078900 712.2
1078910 712.2
1078920 716.2
1078930 716.1
1078940 716.1
1078950 715.4
1078960 715.3
1078970 715.3
1078980 715.7
1078990 716.0
1079000 715.9
1079010 715.9
1079020 715.9
1079030 716.4
1079040 716.4
1079050 716.3
1079060 716.5
1079070 716.5
1079080 716.4
1079090 716.6
1079100 716.6
1079110 718.0
1079120 719.6
1079130 719.6
1079140 721.6
1079150 723.9
1079160 723.9
1079170 726.4
1079180 726.7
1079190 726.7
1079200 726.4
1079210 726.8
1079220 726.8
1079230 727.5
1079240 732.9
1079250 733.7
1079260 733.7
1079270 735.1
1079280 736.3
1079290 736.3
1079300 736.8
1079310 736.2
1079320 736.2
1079330 735.0
1079340 733.7
1079350 733.7
1079360 731.3
1079370 727.6
1079380 727.6
1079390 724.0
1079400 720.8
1079410 720.8
1079420 719.9
1079430 718.0
1079440 718.0
1079450 716.2
1079460 714.5
1079470 714.5
1079480 710.6
1079490 705.7
1079500 701.4
1079510 701.4
1079520 696.4
1079530 692.6
1079540 692.6
1079550 692.6
1079560 689.0
1079570 689.0
1079580 686.6
1079590 683.2
1079600 683.2
1079610 678.8
1079620 674.6
1079630 674.6
1079640 671.8
1079650 670.4
1079660 670.4
1079670 669.2
1079680 668.2
1079690 668.2
1079700 667.7
1079710 668.2
1079720 668.2
1079730 668.7
1079740 669.6
1079750 669.8
1079760 669.8
1079770 668.6
1079780 664.9
1079790 664.9
1079800 659.3
1079810 654.9
1079820 654.9
1079830 651.9
1079840 649.8
1079850 649.8
1079860 652.5
1079870 651.2
1079880 651.2
1079890 648.6
1079900 644.6
1079910 644.6
1079920 640.7
1079930 636.7
1079940 636.7
1079950 633.4
1079960 631.4
1079970 631.4
1079980 630.1
1079990 628.8
