1065450 1683.4
1065460 1688.8
1065470 1688.8
1065480 1696.4
1065490 1704.0
1065500 1704.0
1065510 1712.5
1065520 1720.4
1065530 1720.4
1065540 1727.8
1065550 1738.4
1065560 1745.8
1065570 1745.8
1065580 1753.2
1065590 1760.8
1065600 1760.8
1065610 1769.8
1065620 1780.1
1065630 1780.1
1065640 1788.4
1065650 1796.4
1065660 1796.4
1065670 1797.5
1065680 1798.2
1065690 1798.2
1065700 1800.4
1065710 1802.9
1065720 1802.9
1065730 1804.4
1065740 1807.6
1065750 1807.6
1065760 1810.9
1065770 1810.7
1065780 1810.7
1065790 1811.0
1065800 1811.3
1065810 1811.3
1065820 1811.3
1065830 1810.4
1065840 1808.9
1065850 1816.2
1065860 1814.6
1065870 1813.5
1065880 1813.5
1065890 1811.3
1065900 1810.0
1065910 1810.0
1065920 1808.3
1065930 1806.3
1065940 1806.3
1065950 1803.8
1065960 1801.7
1065970 1801.7
1065980 1800.3
1065990 1799.5
1066000 1799.5
1066010 1795.2
1066020 1788.5
1066030 1788.5
1066040 1780.7
1066050 1771.8
1066060 1764.2
1066070 1764.2
1066080 1756.2
1066090 1745.9
1066100 1745.9
1066110 1738.0
1066120 1733.5
1066130 1733.5
1066140 1727.2
1066150 1711.8
1066160 1711.8
1066170 1703.9
1066180 1696.8
1066190 1696.8
1066200 1694.7
1066210 1691.5
1066220 1691.5
1066230 1683.9
1066240 1676.6
1066250 1676.6
1066260 1667.8
1066270 1661.5
1066280 1661.5
1066290 1655.1
1066300 1648.5
1066310 1640.6
1066320 1640.6
1066330 1634.5
1066340 1629.1
1066350 1629.1
1066360 1623.6
1066370 1617.6
1066380 1617.6
1066390 1609.8
1066400 1599.3
1066410 1599.3
1066420 1590.9
1066430 1584.2
1066440 1584.2
1066450 1579.6
1066460 1569.2
1066470 1569.2
1066480 1567.3
1066490 1565.5
1066500 1565.5
1066510 1562.5
1066520 1559.1
1066530 1559.1
1066540 1554.5
1066550 1550.7
1066560 1546.7
1066570 1546.7
1066580 1541.8
1066590 1537.4
1066600 1537.4
1066610 1532.8
1066620 1526.6
1066630 1526.6
1066640 1521.1
1066650 1516.0
1066660 1516.0
1066670 1508.8
1066680 1503.6
1066690 1503.6
1066700 1494.9
1066710 1488.9
1066720 1488.9
1066730 1483.8
1066740 1477.3
1066750 1477.3
1066760 1465.1
1066770 1459.6
1066780 1459.6
1066790 1454.1
1066800 1448.3
1066810 1441.8
1066820 1441.8
1066830 1435.1
1066840 1431.3
1066850 1431.3
1066860 1429.6
1066870 1428.3
1066880 1428.3
1066890 1424.3
1066900 1418.4
1066910 1418.4
1066920 1414.0
1066930 1408.2
1066940 1408.2
1066950 1397.3
1066960 1379.4
1066970 1379.4
1066980 1366.8
1066990 1358.3
1067000 1358.3
1067010 1350.6
1067020 1343.6
1067030 1343.6
1067040 1340.4
1067050 1334.4
1067060 1327.7
1067070 1321.8
1067080 1315.9
1067090 1313.7
1067100 1313.7
1067110 1309.9
1067120 1305.2
1067130 1305.2
1067140 1299.6
1067150 1293.3
1067160 1293.3
1067170 1286.0
1067180 1278.4
1067190 1278.4
1067200 1271.7
1067210 1265.3
1067220 1265.3
1067230 1258.7
1067240 1252.5
1067250 1252.5
1067260 1246.4
1067270 1240.8
1067280 1240.8
1067290 1235.6
1067300 1230.5
1067310 1224.7
1067320 1224.7
1067330 1219.1
1067340 1213.7
1067350 1213.7
1067360 1208.6
1067370 1199.2
1067380 1199.2
1067390 1193.6
1067400 1188.2
1067410 1188.2
1067420 1181.7
1067430 1174.7
1067440 1174.7
1067450 1168.6
1067460 1162.2
1067470 1162.2
1067480 1157.0
1067490 1153.6
1067500 1153.6
1067510 1149.9
1067520 1145.0
1067530 1145.0
1067540 1139.0
1067550 1134.6
1067560 1134.6
1067570 1130.9
1067580 1127.9
1067590 1125.6
1067600 1125.6
1067610 1124.2
1067620 1121.2
1067630 1121.2
1067640 1115.6
1067650 1110.2
1067660 1110.2
1067670 1105.0
1067680 1092.7
1067690 1092.7
1067700 1086.2
1067710 1077.7
1067720 1077.7
1067730 1074.1
1067740 1070.6
1067750 1070.6
1067760 1067.0
1067770 1062.9
1067780 1062.9
1067790 1059.7
1067800 1059.4
1067810 1059.4
1067820 1059.2
1067830 1056.5
1067840 1054.3
1067850 1054.3
1067860 1052.6
1067870 1050.3
1067880 1050.3
1067890 1047.6
1067900 1044.8
1067910 1044.8
1067920 1042.6
1067930 1038.6
1067940 1038.6
1067950 1033.2
1067960 1027.5
1067970 1027.5
1067980 1020.7
1067990 1016.0
1068000 1016.0
1068010 1011.5
1068020 1007.2
1068030 1007.2
1068040 1003.9
1068050 1000.4
1068060 1000.4
1068070 996.2
1068080 990.9
1068090 985.3
1068100 985.3
1068110 980.2
1068120 974.9
1068130 974.9
1068140 968.9
1068150 963.0
1068160 963.0
1068170 957.5
1068180 952.0
1068190 952.0
1068200 946.0
1068210 938.8
1068220 938.8
1068230 931.3
1068240 923.8
1068250 923.8
1068260 917.1
1068270 911.1
1068280 911.1
1068290 904.4
1068300 896.2
1068310 896.2
1068320 889.1
1068330 884.4
1068340 879.7
1068350 879.7
1068360 874.6
1068370 869.1
1068380 869.1
1068390 863.9
1068400 859.5
1068410 859.5
1068420 855.1
1068430 848.8
1068440 848.8
1068450 840.5
1068460 833.6
1068470 833.6
1068480 832.9
1068490 831.1
1068500 831.1
1068510 823.9
1068520 819.1
1068530 819.1
1068540 814.7
1068550 810.4
1068560 810.4
1068570 807.5
1068580 803.8
1068590 791.4
1068600 791.4
1068610 781.4
1068620 789.7
1068630 789.7
1068640 810.1
1068650 816.1
1068660 816.1
1068670 818.1
1068680 822.9
1068690 822.9
1068700 829.9
1068710 834.3
1068720 834.3
1068730 841.8
1068740 849.3
1068750 849.3
1068760 856.5
1068770 860.4
1068780 860.4
1068790 856.6
1068800 854.2
1068810 854.2
1068820 861.2
1068830 870.5
1068840 875.7
1068850 875.7
1068860 877.5
1068870 873.6
1068880 873.6
1068890 867.4
1068900 888.5
1068910 888.5
1068920 892.2
1068930 896.3
1068940 896.3
1068950 900.2
1068960 897.7
1068970 897.7
1068980 890.0
1068990 895.8
1069000 895.8
1069010 903.7
1069020 912.0
1069030 912.0
1069040 919.6
1069050 925.2
1069060 925.2
1069070 929.3
1069080 933.6
1069090 938.8
1069100 938.8
1069110 943.9
1069120 948.3
1069130 948.3
1069140 952.7
1069150 957.1
1069160 957.1
1069170 961.1
1069180 965.3
1069190 965.3
1069200 973.8
1069210 978.0
1069220 978.0
1069230 982.9
1069240 987.9
1069250 987.9
1069260 992.3
1069270 995.6
1069280 995.6
1069290 997.4
1069300 999.1
1069310 999.1
1069320 1001.4
1069330 1003.6
1069340 1006.4
1069350 1006.4
1069360 1009.7
1069370 1010.5
1069380 1010.5
1069390 1010.8
1069400 1013.8
1069410 1013.8
1069420 1016.4
1069430 1020.0
1069440 1020.0
1069450 1025.6
1069460 1031.2
1069470 1031.2
1069480 1037.0
1069490 1042.8
1069500 1042.8
1069510 1054.5
1069520 1060.2
1069530 1060.2
1069540 1066.3
1069550 1072.0
1069560 1072.0
1069570 1078.8
1069580 1085.3
1069590 1091.2
1069600 1091.2
1069610 1096.6
1069620 1102.0
1069630 1102.0
1069640 1108.5
1069650 1115.0
1069660 1115.0
1069670 1121.0
1069680 1126.0
1069690 1126.0
1069700 1130.6
1069710 1134.5
1069720 1134.5
1069730 1138.2
1069740 1142.7
1069750 1142.7
1069760 1147.2
1069770 1152.3
1069780 1152.3
1069790 1157.0
1069800 1161.7
1069810 1161.7
1069820 1174.8
1069830 1179.3
1069840 1181.4
1069850 1181.4
1069860 1180.3
1069870 1178.7
1069880 1178.7
1069890 1172.4
1069900 1168.4
1069910 1168.4
1069920 1174.3
1069930 1180.3
1069940 1180.3
1069950 1184.6
1069960 1188.0
1069970 1188.0
1069980 1190.8
1069990 1194.5
1070000 1194.5
1070010 1197.9
1070020 1202.5
1070030 1202.5
1070040 1205.9
1070050 1206.9
1070060 1206.9
1070070 1209.7
1070080 1210.2
1070090 1207.7
1070100 1207.7
1070110 1206.5
1070120 1218.1
1070130 1218.1
1070140 1218.9
1070150 1214.4
1070160 1214.4
1070170 1202.0
1070180 1192.1
1070190 1192.1
1070200 1213.2
1070210 1228.9
1070220 1228.9
1070230 1240.0
1070240 1248.5
1070250 1248.5
1070260 1257.1
1070270 1263.9
1070280 1263.9
1070290 1267.6
1070300 1272.3
1070310 1272.3
1070320 1276.8
1070330 1280.2
1070340 1281.4
1070350 1281.4
1070360 1282.3
1070370 1282.9
1070380 1282.9
1070390 1285.6
1070400 1296.8
1070410 1296.8
1070420 1308.8
1070430 1323.1
1070440 1323.1
1070450 1333.4
1070460 1343.9
1070470 1343.9
1070480 1353.7
1070490 1363.7
1070500 1363.7
1070510 1372.7
1070520 1381.7
1070530 1381.7
1070540 1389.4
1070550 1396.1
1070560 1396.1
1070570 1407.7
1070580 1428.1
1070590 1445.8
1070600 1445.8
1070610 1450.8
1070620 1454.1
1070630 1454.1
1070640 1459.4
1070650 1466.2
1070660 1466.2
1070670 1472.8
1070680 1479.3
1070690 1479.3
1070700 1484.4
1070710 1490.0
1070720 1490.0
1070730 1496.7
1070740 1508.6
1070750 1508.6
1070760 1515.6
1070770 1523.2
1070780 1523.2
1070790 1530.7
1070800 1538.2
1070810 1538.2
1070820 1546.1
1070830 1553.7
1070840 1560.6
1070850 1560.6
1070860 1568.0
1070870 1575.3
1070880 1575.3
1070890 1583.0
1070900 1591.7
1070910 1591.7
1070920 1600.1
1070930 1609.7
1070940 1609.7
1070950 1623.8
1070960 1643.3
1070970 1643.3
1070980 1649.1
1070990 1644.5
1071000 1644.5
1071010 1643.2
1071020 1642.6
1071030 1642.6
1071040 1648.8
1071050 1647.9
1071060 1647.9
1071070 1647.2
1071080 1647.4
1071090 1647.4
1071100 1647.4
1071110 1647.5
1071120 1648.0
1071130 1648.0
1071140 1648.8
1071150 1649.7
1071160 1649.7
1071170 1651.3
1071180 1653.5
1071190 1653.5
1071200 1655.6
1071210 1657.0
1071220 1657.0
1071230 1659.4
1071240 1662.4
1071250 1662.4
1071260 1665.6
1071270 1669.0
1071280 1669.0
1071290 1672.2
1071300 1675.1
1071310 1675.1
1071320 1677.8
1071330 1680.1
1071340 1682.0
1071350 1687.1
1071360 1688.8
1071370 1689.5
1071380 1689.5
1071390 1690.6
1071400 1691.4
1071410 1691.4
1071420 1692.3
1071430 1692.4
1071440 1692.4
1071450 1692.2
1071460 1692.3
1071470 1692.3
1071480 1692.1
1071490 1689.0
1071500 1689.0
1071510 1686.1
1071520 1688.1
1071530 1688.1
1071540 1691.0
1071550 1691.5
1071560 1691.5
1071570 1694.6
1071580 1697.3
1071590 1699.3
1071600 1699.3
1071610 1701.2
1071620 1702.8
1071630 1702.8
1071640 1704.6
1071650 1706.7
1071660 1708.9
1071670 1710.8
1071680 1713.0
1071690 1713.0
1071700 1715.8
1071710 1717.7
1071720 1717.7
1071730 1718.0
1071740 1715.3
1071750 1715.3
1071760 1711.1
1071770 1706.5
1071780 1706.5
1071790 1701.8
1071800 1697.5
1071810 1697.5
1071820 1693.8
1071830 1690.7
1071840 1687.9
1071850 1687.9
1071860 1684.8
1071870 1681.9
1071880 1681.9
1071890 1679.4
1071900 1677.0
1071910 1677.0
1071920 1675.0
1071930 1673.1
1071940 1673.1
1071950 1671.7
1071960 1670.3
1071970 1663.7
1071980 1662.4
1071990 1660.8
1072000 1660.8
1072010 1659.1
1072020 1656.6
1072030 1656.6
1072040 1653.7
1072050 1651.8
1072060 1651.8
1072070 1650.4
1072080 1648.7
1072090 1647.1
1072100 1647.1
1072110 1645.6
1072120 1644.7
1072130 1644.7
1072140 1643.2
1072150 1641.5
1072160 1641.5
1072170 1640.7
1072180 1639.2
1072190 1639.2
1072200 1638.7
1072210 1639.2
1072220 1639.2
1072230 1639.0
1072240 1638.9
1072250 1638.9
1072260 1639.6
1072270 1640.9
1072280 1633.6
1072290 1632.9
1072300 1633.2
1072310 1633.2
1072320 1634.2
1072330 1641.0
1072340 1648.3
1072350 1648.3
1072360 1650.1
1072370 1648.3
1072380 1648.3
1072390 1647.8
1072400 1651.1
1072410 1651.1
1072420 1656.8
1072430 1663.7
1072440 1663.7
1072450 1663.8
1072460 1659.0
1072470 1659.0
1072480 1651.3
1072490 1643.1
1072500 1643.1
1072510 1635.8
1072520 1630.3
1072530 1630.3
1072540 1620.2
1072550 1607.6
1072560 1607.6
1072570 1598.7
1072580 1604.4
1072590 1601.0
1072600 1601.0
1072610 1594.4
1072620 1580.2
1072630 1580.2
1072640 1566.1
1072650 1546.7
1072660 1546.7
1072670 1538.4
1072680 1533.2
1072690 1533.2
1072700 1529.1
1072710 1522.4
1072720 1522.4
1072730 1506.8
1072740 1482.3
1072750 1482.3
1072760 1471.7
1072770 1462.4
1072780 1462.4
1072790 1453.8
1072800 1446.0
1072810 1446.0
1072820 1438.8
1072830 1431.7
1072840 1424.2
1072850 1424.2
1072860 1416.1
1072870 1408.2
1072880 1408.2
1072890 1400.7
1072900 1393.2
1072910 1393.2
1072920 1385.8
1072930 1380.3
1072940 1380.3
1072950 1377.2
1072960 1374.6
1072970 1374.6
1072980 1371.3
1072990 1367.9
1073000 1367.9
1073010 1362.2
1073020 1353.1
1073030 1353.1
1073040 1342.1
1073050 1323.5
1073060 1323.5
1073070 1309.9
1073080 1300.0
1073090 1300.0
1073100 1291.7
1073110 1284.0
1073120 1274.7
1073130 1274.7
1073140 1264.7
1073150 1249.5
1073160 1249.5
1073170 1241.4
1073180 1234.1
1073190 1234.1
1073200 1232.9
1073210 1228.7
1073220 1228.7
1073230 1222.3
1073240 1215.3
1073250 1215.3
1073260 1207.3
1073270 1196.3
1073280 1196.3
1073290 1186.8
1073300 1177.6
1073310 1177.6
1073320 1172.1
1073330 1162.8
1073340 1162.8
1073350 1154.5
1073360 1147.9
1073370 1139.9
1073380 1139.9
1073390 1131.3
1073400 1123.7
1073410 1123.7
1073420 1116.3
1073430 1107.2
1073440 1107.2
1073450 1097.3
1073460 1089.8
1073470 1089.8
1073480 1084.1
1073490 1081.4
1073500 1081.4
1073510 1074.8
1073520 1073.3
1073530 1073.3
1073540 1065.1
1073550 1048.4
1073560 1048.4
1073570 1036.2
1073580 1029.4
1073590 1029.4
1073600 1024.1
1073610 1017.8
1073620 1010.8
1073630 1010.8
1073640 1002.9
1073650 997.0
1073660 997.0
1073670 993.5
1073680 989.3
1073690 989.3
1073700 985.5
1073710 978.2
1073720 978.2
1073730 973.3
1073740 972.2
1073750 972.2
1073760 973.7
1073770 979.9
1073780 979.9
1073790 985.6
1073800 991.2
1073810 991.2
1073820 1001.6
1073830 1007.4
1073840 1007.4
1073850 1012.3
1073860 1016.8
1073870 1021.9
1073880 1021.9
1073890 1027.9
1073900 1032.5
1073910 1032.5
1073920 1034.1
1073930 1034.6
1073940 1034.6
1073950 1033.5
1073960 1032.5
1073970 1032.5
1073980 1034.1
1073990 1036.9
1074000 1036.9
1074010 1040.2
1074020 1044.4
1074030 1044.4
1074040 1049.4
1074050 1055.0
1074060 1055.0
1074070 1059.8
1074080 1061.2
1074090 1061.2
1074100 1061.5
1074110 1061.8
1074120 1062.5
1074130 1065.9
1074140 1067.0
1074150 1068.0
1074160 1068.0
1074170 1070.5
1074180 1073.5
1074190 1073.5
1074200 1076.2
1074210 1078.9
1074220 1078.9
1074230 1081.9
1074240 1085.7
1074250 1085.7
1074260 1088.0
1074270 1090.3
1074280 1090.3
1074290 1094.4
1074300 1098.2
1074310 1098.2
1074320 1102.2
1074330 1105.0
1074340 1105.0
1074350 1106.4
1074360 1107.8
1074370 1109.3
1074380 1109.3
1074390 1111.4
1074400 1113.4
1074410 1113.4
1074420 1114.8
1074430 1115.5
1074440 1122.1
1074450 1123.0
1074460 1125.0
1074470 1125.0
1074480 1127.6
1074490 1128.9
1074500 1128.9
1074510 1129.7
1074520 1130.9
1074530 1130.9
1074540 1131.8
1074550 1132.7
1074560 1132.7
1074570 1133.2
1074580 1133.5
1074590 1133.5
1074600 1133.1
1074610 1132.4
1074620 1132.3
1074630 1132.3
1074640 1132.1
1074650 1131.4
1074660 1131.4
1074670 1130.0
1074680 1127.5
1074690 1127.5
1074700 1124.3
1074710 1121.4
1074720 1121.4
1074730 1118.0
1074740 1114.3
1074750 1120.5
1074760 1116.6
1074770 1113.5
1074780 1113.5
1074790 1108.9
1074800 1104.8
1074810 1104.8
1074820 1100.7
1074830 1097.3
1074840 1097.3
1074850 1094.5
1074860 1092.0
1074870 1090.2
1074880 1090.2
1074890 1087.8
1074900 1085.3
1074910 1085.3
1074920 1082.6
1074930 1079.9
1074940 1079.9
1074950 1076.4
1074960 1071.3
1074970 1071.3
1074980 1065.6
1074990 1062.1
1075000 1062.1
1075010 1059.1
1075020 1055.5
1075030 1055.5
1075040 1054.6
1075050 1054.8
1075060 1057.9
1075070 1056.6
1075080 1055.5
1075090 1055.5
1075100 1054.6
1075110 1053.6
1075120 1052.3
1075130 1052.3
1075140 1050.9
1075150 1050.1
1075160 1050.1
1075170 1049.6
1075180 1048.8
1075190 1048.8
1075200 1047.7
1075210 1046.1
1075220 1046.1
1075230 1045.0
1075240 1042.3
1075250 1042.3
1075260 1039.1
1075270 1036.5
1075280 1036.5
1075290 1036.6
1075300 1034.9
1075310 1034.9
1075320 1030.7
1075330 1025.7
1075340 1025.7
1075350 1020.2
1075360 1014.3
1075370 1009.5
1075380 1009.5
1075390 1006.8
1075400 1004.1
1075410 1004.1
1075420 1000.7
1075430 997.8
1075440 997.8
1075450 994.7
1075460 991.6
1075470 991.6
1075480 988.8
1075490 986.6
1075500 986.6
1075510 983.8
1075520 980.4
1075530 980.4
1075540 977.0
1075550 974.3
1075560 974.3
1075570 971.9
1075580 969.7
1075590 969.7
1075600 968.0
1075610 966.1
1075620 963.4
1075630 963.4
1075640 960.9
1075650 958.6
1075660 958.6
1075670 956.3
1075680 954.6
1075690 954.6
1075700 952.3
1075710 950.1
1075720 950.1
1075730 948.0
1075740 945.9
1075750 945.9
1075760 943.5
1075770 941.1
1075780 941.1
1075790 938.6
1075800 935.6
1075810 935.6
1075820 932.5
1075830 930.0
1075840 930.0
1075850 927.4
1075860 924.7
1075870 921.7
1075880 921.7
1075890 918.2
1075900 914.5
1075910 914.5
1075920 910.4
1075930 906.4
1075940 906.4
1075950 902.8
1075960 900.0
1075970 900.0
1075980 897.6
1075990 890.6
1076000 890.6
1076010 882.8
1076020 879.5
1076030 879.5
1076040 878.7
1076050 880.2
1076060 880.2
1076070 881.5
1076080 881.9
1076090 881.9
1076100 883.4
1076110 885.9
1076120 889.6
1076130 889.6
1076140 893.6
1076150 895.3
1076160 895.3
1076170 893.4
1076180 889.2
1076190 889.2
1076200 884.7
1076210 882.0
1076220 882.0
1076230 878.5
1076240 874.8
1076250 874.8
1076260 871.5
1076270 869.0
1076280 869.0
1076290 868.6
1076300 868.4
1076310 871.1
1076320 870.4
1076330 869.5
1076340 869.5
1076350 868.3
1076360 867.6
1076370 867.4
1076380 867.4
1076390 866.7
1076400 866.3
1076410 866.3
1076420 865.6
1076430 864.5
1076440 864.5
1076450 863.6
1076460 862.8
1076470 862.8
1076480 862.1
1076490 861.1
1076500 861.1
1076510 860.0
1076520 858.6
1076530 858.6
1076540 857.4
1076550 856.2
1076560 856.2
1076570 855.0
1076580 853.9
1076590 853.9
1076600 852.7
1076610 851.9
1076620 852.8
1076630 852.8
1076640 852.3
1076650 851.5
1076660 851.5
1076670 850.3
1076680 849.2
1076690 849.2
1076700 848.3
1076710 847.4
1076720 847.4
1076730 846.6
1076740 846.0
1076750 846.0
1076760 845.4
1076770 844.9
1076780 844.9
1076790 844.4
1076800 843.7
1076810 843.7
1076820 842.7
1076830 842.1
1076840 842.1
1076850 841.4
1076860 840.1
1076870 838.7
1076880 838.7
1076890 837.7
1076900 836.8
1076910 836.8
1076920 835.9
1076930 834.3
1076940 834.3
1076950 832.3
1076960 831.1
1076970 831.1
1076980 829.7
1076990 827.9
1077000 827.9
1077010 825.6
1077020 824.7
1077030 824.7
1077040 824.2
1077050 823.1
1077060 823.1
1077070 822.3
1077080 821.1
1077090 821.1
1077100 817.7
1077110 811.6
1077120 805.2
1077130 805.2
1077140 800.0
1077150 796.7
1077160 796.7
1077170 794.0
1077180 791.3
1077190 791.3
1077200 790.0
1077210 794.0
1077220 794.0
1077230 797.0
1077240 796.2
1077250 796.2
1077260 794.7
1077270 793.4
1077280 793.4
1077290 792.3
1077300 791.2
1077310 791.2
1077320 789.9
1077330 789.2
1077340 789.2
1077350 788.9
1077360 791.7
1077370 795.5
1077380 795.5
1077390 797.7
1077400 797.2
1077410 797.2
1077420 795.3
1077430 794.8
1077440 794.8
1077450 795.3
1077460 796.6
1077470 796.6
1077480 795.6
1077490 791.3
1077500 791.3
1077510 785.1
1077520 778.0
1077530 778.0
1077540 771.3
1077550 762.6
1077560 762.6
1077570 755.9
1077580 749.2
1077590 749.2
1077600 742.8
1077610 736.3
1077620 729.8
1077630 729.8
1077640 723.3
1077650 716.9
1077660 716.9
1077670 710.4
1077680 704.3
1077690 704.3
1077700 699.5
1077710 693.7
1077720 693.7
1077730 687.0
1077740 680.3
1077750 680.3
1077760 676.6
1077770 673.0
1077780 673.0
1077790 669.0
1077800 663.3
1077810 663.3
1077820 656.4
1077830 650.2
1077840 650.2
1077850 643.6
1077860 637.6
1077870 627.2
1077880 627.2
1077890 620.1
1077900 611.7
1077910 611.7
1077920 601.5
1077930 593.1
1077940 593.1
1077950 590.6
1077960 592.0
1077970 592.0
1077980 603.0
1077990 613.1
1078000 613.1
1078010 619.3
1078020 624.2
1078030 624.2
1078040 631.6
1078050 645.3
1078060 645.3
1078070 660.4
1078080 670.7
1078090 670.7
1078100 675.6
1078110 681.7
1078120 685.0
1078130 685.0
1078140 686.9
1078150 686.9
1078160 686.9
1078170 688.9
1078180 697.7
1078190 697.7
1078200 700.5
1078210 703.3
1078220 703.3
1078230 704.5
1078240 709.5
1078250 709.5
1078260 717.1
1078270 726.4
1078280 726.4
1078290 735.6
1078300 743.5
1078310 743.5
1078320 747.5
1078330 746.9
1078340 746.9
1078350 745.1
1078360 738.6
1078370 731.5
1078380 731.5
1078390 724.0
1078400 717.2
1078410 717.2
1078420 712.6
1078430 708.2
1078440 708.2
1078450 701.9
1078460 699.6
1078470 699.6
1078480 698.4
1078490 695.6
1078500 695.6
1078510 692.1
1078520 690.6
1078530 690.6
1078540 688.7
1078550 687.1
1078560 687.1
1078570 685.8
1078580 684.2
1078590 684.2
1078600 682.0
1078610 680.4
1078620 679.1
1078630 679.1
1078640 678.0
1078650 678.8
1078660 678.8
1078670 680.5
1078680 683.1
1078690 683.1
1078700 684.9
1078710 685.0
1078720 685.0
1078730 682.8
1078740 681.8
1078750 681.8
1078760 681.9
1078770 682.2
1078780 682.2
1078790 683.2
1078800 682.8
1078810 682.8
1078820 683.0
1078830 681.7
1078840 681.7
1078850 679.8
1078860 677.6
1078870 674.8
1078880 674.8
1078890 670.9
1078900 668.3
1078910 668.3
1078920 667.5
1078930 667.1
1078940 667.1
1078950 664.6
1078960 660.0
1078970 660.0
1078980 656.5
1078990 653.6
1079000 653.6
1079010 650.1
1079020 647.8
1079030 647.8
1079040 648.3
1079050 647.4
1079060 647.4
1079070 646.8
1079080 647.1
1079090 647.1
1079100 648.9
1079110 651.3
1079120 654.1
1079130 654.1
1079140 654.7
1079150 652.7
1079160 652.7
1079170 648.3
1079180 644.8
1079190 644.8
1079200 639.6
1079210 635.6
1079220 635.6
1079230 632.7
1079240 631.6
1079250 631.6
1079260 630.1
1079270 628.6
1079280 628.6
1079290 627.3
1079300 626.2
1079310 626.2
1079320 625.2
1079330 624.2
1079340 624.2
1079350 623.6
1079360 622.2
1079370 619.7
1079380 619.7
1079390 614.1
1079400 608.0
1079410 608.0
1079420 603.8
1079430 605.2
1079440 605.2
1079450 603.4
1079460 601.6
1079470 601.6
1079480 600.3
1079490 599.2
1079500 599.2
1079510 598.9
1079520 598.5
1079530 598.5
1079540 598.1
1079550 598.1
1079560 598.1
1079570 597.9
1079580 596.3
1079590 596.3
1079600 594.2
1079610 592.8
1079620 590.2
1079630 590.2
1079640 585.8
1079650 584.6
1079660 584.6
1079670 583.7
1079680 582.4
1079690 582.4
1079700 581.1
1079710 580.4
1079720 580.4
1079730 580.0
1079740 579.8
1079750 582.9
1079760 582.6
1079770 581.8
1079780 581.8
1079790 581.2
1079800 580.9
1079810 580.9
1079820 580.8
1079830 580.7
1079840 580.7
1079850 580.0
1079860 580.2
1079870 581.3
1079880 581.3
1079890 581.9
1079900 581.6
1079910 581.6
1079920 581.1
1079930 581.2
1079940 581.2
1079950 581.1
1079960 581.1
1079970 581.1
1079980 581.3
1079990 580.9
