1065450 1581.4
1065460 1589.3
1065470 1589.3
1065480 1595.1
1065490 1599.8
1065500 1599.8
1065510 1609.2
1065520 1621.0
1065530 1621.0
1065540 1631.8
1065550 1639.7
1065560 1646.2
1065570 1646.2
1065580 1652.6
1065590 1658.9
1065600 1658.9
1065610 1664.6
1065620 1670.3
1065630 1670.3
1065640 1675.9
1065650 1681.0
1065660 1681.0
1065670 1685.2
1065680 1688.8
1065690 1688.8
1065700 1691.3
1065710 1692.8
1065720 1692.8
1065730 1693.1
1065740 1693.2
1065750 1693.2
1065760 1692.1
1065770 1689.7
1065780 1689.7
1065790 1686.0
1065800 1682.3
1065810 1679.4
1065820 1679.4
1065830 1676.3
1065840 1673.4
1065850 1678.6
1065860 1676.2
1065870 1674.6
1065880 1674.6
1065890 1672.8
1065900 1670.0
1065910 1670.0
1065920 1666.4
1065930 1662.2
1065940 1662.2
1065950 1660.2
1065960 1657.8
1065970 1657.8
1065980 1653.7
1065990 1649.4
1066000 1649.4
1066010 1647.3
1066020 1645.4
1066030 1645.4
1066040 1643.5
1066050 1641.5
1066060 1639.1
1066070 1639.1
1066080 1637.5
1066090 1635.8
1066100 1635.8
1066110 1633.9
1066120 1631.6
1066130 1631.6
1066140 1629.1
1066150 1626.8
1066160 1633.0
1066170 1630.3
1066180 1627.6
1066190 1627.6
1066200 1625.0
1066210 1622.1
1066220 1622.1
1066230 1618.7
1066240 1615.2
1066250 1615.2
1066260 1611.7
1066270 1607.7
1066280 1607.7
1066290 1604.0
1066300 1601.1
1066310 1597.5
1066320 1597.5
1066330 1594.0
1066340 1591.2
1066350 1591.2
1066360 1588.7
1066370 1586.2
1066380 1586.2
1066390 1583.4
1066400 1581.0
1066410 1581.0
1066420 1579.0
1066430 1576.8
1066440 1576.8
1066450 1575.3
1066460 1580.1
1066470 1580.1
1066480 1578.7
1066490 1578.0
1066500 1578.0
1066510 1578.3
1066520 1578.6
1066530 1578.6
1066540 1578.6
1066550 1578.8
1066560 1578.5
1066570 1578.5
1066580 1579.1
1066590 1578.6
1066600 1578.6
1066610 1576.9
1066620 1575.2
1066630 1575.2
1066640 1574.2
1066650 1573.2
1066660 1573.2
1066670 1570.9
1066680 1566.2
1066690 1566.2
1066700 1561.3
1066710 1555.9
1066720 1555.9
1066730 1551.1
1066740 1549.3
1066750 1549.3
1066760 1544.8
1066770 1547.3
1066780 1547.3
1066790 1544.0
1066800 1540.5
1066810 1537.6
1066820 1537.6
1066830 1535.2
1066840 1531.8
1066850 1531.8
1066860 1528.4
1066870 1525.4
1066880 1525.4
1066890 1522.1
1066900 1518.4
1066910 1518.4
1066920 1513.6
1066930 1508.3
1066940 1508.3
1066950 1503.1
1066960 1494.4
1066970 1494.4
1066980 1484.5
1066990 1475.6
1067000 1475.6
1067010 1469.1
1067020 1463.8
1067030 1463.8
1067040 1455.6
1067050 1446.9
1067060 1436.2
1067070 1427.7
1067080 1416.0
1067090 1407.4
1067100 1407.4
1067110 1401.5
1067120 1394.5
1067130 1394.5
1067140 1386.3
1067150 1377.2
1067160 1377.2
1067170 1365.2
1067180 1348.2
1067190 1348.2
1067200 1334.6
1067210 1319.0
1067220 1319.0
1067230 1310.1
1067240 1299.9
1067250 1299.9
1067260 1290.3
1067270 1281.8
1067280 1281.8
1067290 1273.5
1067300 1264.4
1067310 1256.2
1067320 1256.2
1067330 1248.7
1067340 1241.1
1067350 1241.1
1067360 1232.8
1067370 1224.6
1067380 1222.8
1067390 1215.0
1067400 1208.0
1067410 1208.0
1067420 1201.1
1067430 1194.5
1067440 1194.5
1067450 1187.8
1067460 1180.7
1067470 1180.7
1067480 1173.7
1067490 1166.4
1067500 1166.4
1067510 1158.7
1067520 1153.3
1067530 1153.3
1067540 1145.8
1067550 1139.3
1067560 1133.1
1067570 1133.1
1067580 1127.1
1067590 1121.7
1067600 1121.7
1067610 1116.6
1067620 1111.6
1067630 1111.6
1067640 1107.0
1067650 1102.4
1067660 1102.4
1067670 1098.2
1067680 1094.8
1067690 1094.8
1067700 1090.4
1067710 1086.2
1067720 1086.2
1067730 1082.3
1067740 1078.3
1067750 1078.3
1067760 1073.8
1067770 1069.1
1067780 1069.1
1067790 1065.0
1067800 1061.4
1067810 1057.7
1067820 1057.7
1067830 1054.6
1067840 1053.2
1067850 1053.2
1067860 1051.6
1067870 1050.0
1067880 1050.0
1067890 1046.6
1067900 1044.2
1067910 1044.2
1067920 1042.2
1067930 1040.3
1067940 1040.3
1067950 1038.4
1067960 1037.1
1067970 1037.1
1067980 1035.8
1067990 1032.4
1068000 1032.4
1068010 1026.8
1068020 1020.9
1068030 1020.9
1068040 1014.9
1068050 1009.4
1068060 1004.1
1068070 1004.1
1068080 999.2
1068090 995.0
1068100 995.0
1068110 991.8
1068120 988.8
1068130 988.8
1068140 986.3
1068150 984.6
1068160 984.6
1068170 982.7
1068180 979.9
1068190 979.9
1068200 977.5
1068210 974.4
1068220 974.4
1068230 970.7
1068240 967.6
1068250 967.6
1068260 962.3
1068270 957.8
1068280 957.8
1068290 950.6
1068300 946.4
1068310 943.0
1068320 943.0
1068330 939.2
1068340 934.7
1068350 934.7
1068360 929.3
1068370 925.7
1068380 925.7
1068390 927.1
1068400 927.9
1068410 927.9
1068420 925.4
1068430 920.7
1068440 920.7
1068450 917.0
1068460 915.0
1068470 915.0
1068480 911.5
1068490 908.9
1068500 908.9
1068510 905.9
1068520 901.7
1068530 901.7
1068540 898.0
1068550 897.0
1068560 898.3
1068570 898.3
1068580 895.3
1068590 890.4
1068600 890.0
1068610 885.4
1068620 880.5
1068630 880.5
1068640 875.0
1068650 867.9
1068660 867.9
1068670 862.6
1068680 854.1
1068690 854.1
1068700 847.1
1068710 841.6
1068720 841.6
1068730 835.0
1068740 826.7
1068750 826.7
1068760 821.0
1068770 816.5
1068780 816.5
1068790 812.3
1068800 807.5
1068810 807.5
1068820 802.1
1068830 796.4
1068840 791.1
1068850 791.1
1068860 785.1
1068870 777.6
1068880 777.6
1068890 769.6
1068900 766.4
1068910 766.4
1068920 776.5
1068930 787.6
1068940 787.6
1068950 794.8
1068960 803.7
1068970 803.7
1068980 814.7
1068990 829.4
1069000 829.4
1069010 845.0
1069020 853.5
1069030 853.5
1069040 859.9
1069050 865.0
1069060 865.0
1069070 870.5
1069080 876.0
1069090 880.8
1069100 880.8
1069110 885.0
1069120 888.4
1069130 888.4
1069140 889.8
1069150 893.2
1069160 893.2
1069170 896.4
1069180 896.8
1069190 896.8
1069200 893.1
1069210 901.9
1069220 901.9
1069230 907.9
1069240 910.6
1069250 910.6
1069260 912.2
1069270 914.7
1069280 914.7
1069290 917.2
1069300 917.7
1069310 917.7
1069320 916.7
1069330 911.9
1069340 910.5
1069350 910.5
1069360 918.6
1069370 920.5
1069380 920.5
1069390 922.5
1069400 924.4
1069410 924.4
1069420 926.0
1069430 927.9
1069440 927.9
1069450 930.3
1069460 933.2
1069470 933.2
1069480 937.5
1069490 942.4
1069500 942.4
1069510 943.6
1069520 947.7
1069530 947.7
1069540 951.6
1069550 954.5
1069560 954.5
1069570 956.6
1069580 958.9
1069590 962.6
1069600 962.6
1069610 966.5
1069620 968.7
1069630 968.7
1069640 969.0
1069650 971.1
1069660 971.1
1069670 974.3
1069680 977.8
1069690 977.8
1069700 982.1
1069710 983.4
1069720 983.4
1069730 983.8
1069740 984.0
1069750 984.0
1069760 983.1
1069770 981.6
1069780 981.6
1069790 976.0
1069800 969.0
1069810 969.0
1069820 976.4
1069830 981.7
1069840 990.2
1069850 990.2
1069860 1002.5
1069870 1011.2
1069880 1011.2
1069890 1021.8
1069900 1032.7
1069910 1032.7
1069920 1043.4
1069930 1052.9
1069940 1052.9
1069950 1062.6
1069960 1071.3
1069970 1071.3
1069980 1079.0
1069990 1086.1
1070000 1086.1
1070010 1092.6
1070020 1097.7
1070030 1097.7
1070040 1102.9
1070050 1108.8
1070060 1108.8
1070070 1115.2
1070080 1121.4
1070090 1127.5
1070100 1127.5
1070110 1133.2
1070120 1139.9
1070130 1138.6
1070140 1144.9
1070150 1151.4
1070160 1151.4
1070170 1158.0
1070180 1164.9
1070190 1164.9
1070200 1172.0
1070210 1179.5
1070220 1179.5
1070230 1187.0
1070240 1194.7
1070250 1194.7
1070260 1202.3
1070270 1209.7
1070280 1209.7
1070290 1216.8
1070300 1224.2
1070310 1224.2
1070320 1231.0
1070330 1237.7
1070340 1245.1
1070350 1245.1
1070360 1253.3
1070370 1260.3
1070380 1260.3
1070390 1267.8
1070400 1275.7
1070410 1275.7
1070420 1283.2
1070430 1295.3
1070440 1295.3
1070450 1302.1
1070460 1309.4
1070470 1309.4
1070480 1317.5
1070490 1324.8
1070500 1324.8
1070510 1333.1
1070520 1342.1
1070530 1342.1
1070540 1349.8
1070550 1357.8
1070560 1357.8
1070570 1365.9
1070580 1373.8
1070590 1381.9
1070600 1381.9
1070610 1389.6
1070620 1397.4
1070630 1397.4
1070640 1405.6
1070650 1415.3
1070660 1415.3
1070670 1426.3
1070680 1447.2
1070690 1447.2
1070700 1456.8
1070710 1463.0
1070720 1463.0
1070730 1466.4
1070740 1471.6
1070750 1471.6
1070760 1477.3
1070770 1481.6
1070780 1481.6
1070790 1481.4
1070800 1480.9
1070810 1480.9
1070820 1484.4
1070830 1489.4
1070840 1495.5
1070850 1495.5
1070860 1501.8
1070870 1508.4
1070880 1508.4
1070890 1514.1
1070900 1516.7
1070910 1516.7
1070920 1517.9
1070930 1511.3
1070940 1511.3
1070950 1501.3
1070960 1493.5
1070970 1493.5
1070980 1486.6
1070990 1482.1
1071000 1482.1
1071010 1478.9
1071020 1474.4
1071030 1474.4
1071040 1474.1
1071050 1485.0
1071060 1485.0
1071070 1489.9
1071080 1493.4
1071090 1496.5
1071100 1496.5
1071110 1499.9
1071120 1503.8
1071130 1503.8
1071140 1507.7
1071150 1512.9
1071160 1512.9
1071170 1519.3
1071180 1526.5
1071190 1526.5
1071200 1530.7
1071210 1531.1
1071220 1531.1
1071230 1530.5
1071240 1530.1
1071250 1530.1
1071260 1529.6
1071270 1527.5
1071280 1527.5
1071290 1525.5
1071300 1522.2
1071310 1522.2
1071320 1520.0
1071330 1521.4
1071340 1525.9
1071350 1525.9
1071360 1537.1
1071370 1542.4
1071380 1542.4
1071390 1545.9
1071400 1548.5
1071410 1548.5
1071420 1545.5
1071430 1538.9
1071440 1538.9
1071450 1531.4
1071460 1531.2
1071470 1531.2
1071480 1533.0
1071490 1534.4
1071500 1534.4
1071510 1540.6
1071520 1546.4
1071530 1546.4
1071540 1551.7
1071550 1557.4
1071560 1557.4
1071570 1564.9
1071580 1571.1
1071590 1576.2
1071600 1576.2
1071610 1580.5
1071620 1585.6
1071630 1585.6
1071640 1589.0
1071650 1587.6
1071660 1597.5
1071670 1598.0
1071680 1600.8
1071690 1600.8
1071700 1606.0
1071710 1611.8
1071720 1611.8
1071730 1618.4
1071740 1625.3
1071750 1625.3
1071760 1632.0
1071770 1638.0
1071780 1638.0
1071790 1643.5
1071800 1648.7
1071810 1648.7
1071820 1652.2
1071830 1649.9
1071840 1648.7
1071850 1648.7
1071860 1650.1
1071870 1649.6
1071880 1649.6
1071890 1651.1
1071900 1654.8
1071910 1654.8
1071920 1659.1
1071930 1663.8
1071940 1663.8
1071950 1669.7
1071960 1675.6
1071970 1679.9
1071980 1685.7
1071990 1691.7
1072000 1691.7
1072010 1698.3
1072020 1705.5
1072030 1705.5
1072040 1711.8
1072050 1717.7
1072060 1717.7
1072070 1722.8
1072080 1727.7
1072090 1731.9
1072100 1731.9
1072110 1735.9
1072120 1738.6
1072130 1738.6
1072140 1741.1
1072150 1743.8
1072160 1743.8
1072170 1741.9
1072180 1734.2
1072190 1734.2
1072200 1726.3
1072210 1719.4
1072220 1719.4
1072230 1713.5
1072240 1706.6
1072250 1706.6
1072260 1700.4
1072270 1695.1
1072280 1689.0
1072290 1683.1
1072300 1677.9
1072310 1677.9
1072320 1673.5
1072330 1669.5
1072340 1665.5
1072350 1665.5
1072360 1662.1
1072370 1658.8
1072380 1658.8
1072390 1654.6
1072400 1647.2
1072410 1647.2
1072420 1637.7
1072430 1628.6
1072440 1628.6
1072450 1618.8
1072460 1612.8
1072470 1612.8
1072480 1606.9
1072490 1601.6
1072500 1601.6
1072510 1596.1
1072520 1592.8
1072530 1592.8
1072540 1589.2
1072550 1586.9
1072560 1586.9
1072570 1584.4
1072580 1582.4
1072590 1573.6
1072600 1573.6
1072610 1568.6
1072620 1562.0
1072630 1562.0
1072640 1551.4
1072650 1541.5
1072660 1541.5
1072670 1536.3
1072680 1532.0
1072690 1532.0
1072700 1527.2
1072710 1522.1
1072720 1522.1
1072730 1517.9
1072740 1515.0
1072750 1515.0
1072760 1512.9
1072770 1511.3
1072780 1511.3
1072790 1509.5
1072800 1507.3
1072810 1507.3
1072820 1501.2
1072830 1492.3
1072840 1475.4
1072850 1475.4
1072860 1463.9
1072870 1445.8
1072880 1445.8
1072890 1434.5
1072900 1420.1
1072910 1420.1
1072920 1409.9
1072930 1401.7
1072940 1401.7
1072950 1385.8
1072960 1372.6
1072970 1372.6
1072980 1364.2
1072990 1356.1
1073000 1356.1
1073010 1348.8
1073020 1342.1
1073030 1342.1
1073040 1334.9
1073050 1328.0
1073060 1328.0
1073070 1320.9
1073080 1313.0
1073090 1313.0
1073100 1306.3
1073110 1299.5
1073120 1292.4
1073130 1292.4
1073140 1285.0
1073150 1277.2
1073160 1277.2
1073170 1269.6
1073180 1261.5
1073190 1261.5
1073200 1253.0
1073210 1247.5
1073220 1247.5
1073230 1239.9
1073240 1232.6
1073250 1232.6
1073260 1225.8
1073270 1219.7
1073280 1219.7
1073290 1214.6
1073300 1209.8
1073310 1209.8
1073320 1204.7
1073330 1199.8
1073340 1199.8
1073350 1194.3
1073360 1189.2
1073370 1181.6
1073380 1181.6
1073390 1174.4
1073400 1167.2
1073410 1167.2
1073420 1156.2
1073430 1144.9
1073440 1144.9
1073450 1134.4
1073460 1122.0
1073470 1122.0
1073480 1107.6
1073490 1096.4
1073500 1096.4
1073510 1087.5
1073520 1079.5
1073530 1079.5
1073540 1070.4
1073550 1061.6
1073560 1061.6
1073570 1051.8
1073580 1040.9
1073590 1040.9
1073600 1038.2
1073610 1038.9
1073620 1031.4
1073630 1031.4
1073640 1020.2
1073650 1008.5
1073660 1008.5
1073670 1000.2
1073680 995.0
1073690 995.0
1073700 988.5
1073710 984.3
1073720 984.3
1073730 981.2
1073740 977.4
1073750 977.4
1073760 973.4
1073770 966.5
1073780 966.5
1073790 958.4
1073800 952.4
1073810 952.4
1073820 938.6
1073830 933.6
1073840 933.6
1073850 934.6
1073860 935.8
1073870 936.0
1073880 936.0
1073890 936.1
1073900 936.4
1073910 936.4
1073920 938.7
1073930 941.4
1073940 941.4
1073950 943.0
1073960 944.8
1073970 944.8
1073980 948.6
1073990 950.8
1074000 950.8
1074010 952.6
1074020 954.6
1074030 954.6
1074040 957.8
1074050 958.1
1074060 958.1
1074070 962.3
1074080 968.6
1074090 968.6
1074100 973.7
1074110 976.6
1074120 979.3
1074130 986.3
1074140 987.7
1074150 987.7
1074160 987.7
1074170 991.6
1074180 997.0
1074190 997.0
1074200 1000.6
1074210 1002.0
1074220 1002.0
1074230 1005.6
1074240 1011.4
1074250 1011.4
1074260 1013.9
1074270 1011.1
1074280 1011.1
1074290 1008.8
1074300 1011.4
1074310 1011.4
1074320 1015.8
1074330 1019.9
1074340 1019.9
1074350 1022.2
1074360 1024.6
1074370 1024.9
1074380 1024.9
1074390 1025.5
1074400 1027.1
1074410 1027.1
1074420 1027.1
1074430 1026.6
1074440 1028.2
1074450 1027.6
1074460 1027.2
1074470 1027.2
1074480 1026.8
1074490 1026.3
1074500 1026.3
1074510 1025.9
1074520 1025.8
1074530 1025.8
1074540 1025.4
1074550 1025.0
1074560 1025.0
1074570 1024.7
1074580 1025.1
1074590 1025.1
1074600 1025.6
1074610 1025.5
1074620 1025.6
1074630 1025.6
1074640 1026.0
1074650 1026.7
1074660 1026.7
1074670 1027.0
1074680 1027.8
1074690 1027.8
1074700 1028.6
1074710 1029.1
1074720 1029.1
1074730 1029.2
1074740 1028.3
1074750 1030.2
1074760 1028.9
1074770 1027.8
1074780 1027.8
1074790 1027.6
1074800 1027.8
1074810 1027.8
1074820 1028.0
1074830 1028.4
1074840 1028.4
1074850 1028.6
1074860 1028.2
1074870 1026.6
1074880 1026.6
1074890 1024.2
1074900 1020.8
1074910 1020.8
1074920 1017.6
1074930 1014.7
1074940 1014.7
1074950 1011.7
1074960 1008.5
1074970 1008.5
1074980 1006.2
1074990 1004.1
1075000 1004.1
1075010 1001.5
1075020 999.3
1075030 999.3
1075040 997.4
1075050 995.8
1075060 995.8
1075070 996.0
1075080 994.3
1075090 994.3
1075100 992.7
1075110 991.0
1075120 990.4
1075130 990.4
1075140 990.2
1075150 989.6
1075160 989.6
1075170 988.6
1075180 987.7
1075190 987.7
1075200 986.6
1075210 985.6
1075220 985.6
1075230 985.2
1075240 984.6
1075250 984.6
1075260 983.5
1075270 983.2
1075280 983.2
1075290 983.1
1075300 983.1
1075310 983.1
1075320 982.8
1075330 981.4
1075340 981.4
1075350 979.3
1075360 977.2
1075370 974.9
1075380 978.8
1075390 976.2
1075400 974.1
1075410 974.1
1075420 972.9
1075430 970.4
1075440 970.4
1075450 967.9
1075460 964.6
1075470 964.6
1075480 960.4
1075490 955.5
1075500 955.5
1075510 950.8
1075520 946.7
1075530 946.7
1075540 943.2
1075550 938.9
1075560 938.9
1075570 934.7
1075580 930.4
1075590 930.4
1075600 926.3
1075610 923.0
1075620 919.3
1075630 919.3
1075640 916.6
1075650 914.6
1075660 914.6
1075670 912.8
1075680 910.7
1075690 912.7
1075700 910.8
1075710 907.7
1075720 907.7
1075730 904.3
1075740 901.4
1075750 901.4
1075760 898.8
1075770 896.0
1075780 896.0
1075790 893.6
1075800 891.5
1075810 891.5
1075820 888.9
1075830 886.1
1075840 886.1
1075850 882.6
1075860 879.9
1075870 876.9
1075880 876.9
1075890 873.1
1075900 871.7
1075910 871.7
1075920 870.9
1075930 870.6
1075940 870.6
1075950 870.3
1075960 868.1
1075970 868.1
1075980 865.2
1075990 860.9
1076000 863.4
1076010 858.7
1076020 854.7
1076030 854.7
1076040 850.4
1076050 845.3
1076060 845.3
1076070 842.0
1076080 837.7
1076090 837.7
1076100 834.9
1076110 832.0
1076120 829.8
1076130 829.8
1076140 826.8
1076150 826.8
1076160 826.8
1076170 828.9
1076180 829.7
1076190 829.7
1076200 828.6
1076210 827.2
1076220 827.2
1076230 825.9
1076240 825.7
1076250 825.7
1076260 825.6
1076270 825.0
1076280 825.0
1076290 824.3
1076300 823.8
1076310 825.6
1076320 825.1
1076330 825.1
1076340 825.1
1076350 824.8
1076360 824.4
1076370 824.3
1076380 824.3
1076390 824.1
1076400 824.0
1076410 824.0
1076420 823.6
1076430 823.1
1076440 823.1
1076450 823.0
1076460 822.8
1076470 822.8
1076480 822.3
1076490 822.0
1076500 822.0
1076510 821.7
1076520 821.2
1076530 821.2
1076540 820.9
1076550 820.7
1076560 820.7
1076570 821.2
1076580 821.7
1076590 821.7
1076600 822.5
1076610 823.2
1076620 824.1
1076630 824.1
1076640 825.7
1076650 827.2
1076660 827.2
1076670 826.6
1076680 826.2
1076690 826.2
1076700 826.2
1076710 826.2
1076720 826.2
1076730 825.9
1076740 826.1
1076750 826.1
1076760 826.5
1076770 825.1
1076780 825.1
1076790 823.2
1076800 822.2
1076810 822.2
1076820 821.6
1076830 820.9
1076840 820.9
1076850 820.0
1076860 818.7
1076870 817.0
1076880 817.0
1076890 815.3
1076900 813.2
1076910 813.2
1076920 811.2
1076930 810.7
1076940 810.7
1076950 809.0
1076960 806.0
1076970 806.0
1076980 803.0
1076990 799.8
1077000 799.8
1077010 796.7
1077020 793.1
1077030 793.1
1077040 789.2
1077050 787.5
1077060 787.5
1077070 785.0
1077080 783.7
1077090 783.7
1077100 783.6
1077110 783.5
1077120 783.3
1077130 783.3
1077140 782.4
1077150 781.0
1077160 781.0
1077170 778.5
1077180 774.4
1077190 774.4
1077200 768.6
1077210 761.9
1077220 761.9
1077230 755.6
1077240 749.9
1077250 747.6
1077260 741.1
1077270 736.4
1077280 736.4
1077290 734.2
1077300 733.6
1077310 733.6
1077320 734.0
1077330 733.9
1077340 733.9
1077350 735.0
1077360 734.1
1077370 732.6
1077380 732.6
1077390 731.3
1077400 730.0
1077410 730.0
1077420 728.7
1077430 727.8
1077440 727.8
1077450 726.9
1077460 725.8
1077470 725.8
1077480 724.4
1077490 723.3
1077500 723.3
1077510 722.2
1077520 721.3
1077530 721.3
1077540 720.2
1077550 718.4
1077560 719.7
1077570 719.3
1077580 720.7
1077590 720.7
1077600 723.1
1077610 726.9
1077620 729.0
1077630 729.0
1077640 727.3
1077650 722.4
1077660 722.4
1077670 716.6
1077680 710.6
1077690 710.6
1077700 704.9
1077710 699.8
1077720 699.8
1077730 695.8
1077740 691.6
1077750 691.6
1077760 686.6
1077770 681.6
1077780 681.6
1077790 677.0
1077800 673.7
1077810 673.7
1077820 673.5
1077830 672.1
1077840 672.1
1077850 669.3
1077860 668.4
1077870 668.8
1077880 668.8
1077890 664.7
1077900 654.5
1077910 654.5
1077920 641.8
1077930 628.6
1077940 628.6
1077950 617.3
1077960 610.3
1077970 610.3
1077980 605.0
1077990 600.5
1078000 600.5
1078010 596.2
1078020 596.0
1078030 596.0
1078040 597.6
1078050 592.4
1078060 592.4
1078070 587.7
1078080 583.8
1078090 583.8
1078100 578.8
1078110 583.3
1078120 601.3
1078130 601.3
1078140 615.3
1078150 626.3
1078160 626.3
1078170 634.0
1078180 650.4
1078190 650.4
1078200 656.7
1078210 658.1
1078220 658.1
1078230 657.5
1078240 657.2
1078250 657.2
1078260 652.4
1078270 653.4
1078280 653.4
1078290 658.2
1078300 662.5
1078310 662.5
1078320 664.0
1078330 661.4
1078340 661.4
1078350 657.6
1078360 651.6
1078370 651.6
1078380 646.3
1078390 642.3
1078400 636.4
1078410 636.4
1078420 630.9
1078430 628.0
1078440 628.0
1078450 626.0
1078460 623.0
1078470 623.0
1078480 618.2
1078490 615.8
1078500 622.0
1078510 623.0
1078520 621.7
1078530 621.7
1078540 618.8
1078550 616.9
1078560 616.9
1078570 615.6
1078580 612.7
1078590 612.7
1078600 609.8
1078610 607.3
1078620 607.3
1078630 604.3
1078640 601.7
1078650 599.1
1078660 599.1
1078670 597.8
1078680 596.9
1078690 596.9
1078700 595.9
1078710 595.2
1078720 595.2
1078730 594.1
1078740 592.7
1078750 592.7
1078760 591.7
1078770 590.6
1078780 590.6
1078790 589.3
1078800 588.4
1078810 590.1
1078820 588.9
1078830 588.4
1078840 588.4
1078850 587.6
1078860 585.7
1078870 585.7
1078880 583.4
1078890 580.1
1078900 576.5
1078910 576.5
1078920 576.9
1078930 578.3
1078940 578.3
1078950 580.3
1078960 581.1
1078970 581.1
1078980 579.4
1078990 579.7
1079000 579.7
1079010 580.9
1079020 581.4
1079030 581.4
1079040 581.7
1079050 582.3
1079060 582.3
1079070 583.0
1079080 583.7
1079090 583.7
1079100 584.4
1079110 584.9
1079120 583.5
1079130 583.3
1079140 582.9
1079150 582.8
1079160 582.8
1079170 581.7
1079180 577.4
1079190 577.4
1079200 577.1
1079210 576.3
1079220 576.3
1079230 571.8
1079240 568.0
1079250 568.0
1079260 565.4
1079270 563.4
1079280 563.4
1079290 562.0
1079300 558.2
1079310 558.2
1079320 554.4
1079330 551.0
1079340 551.0
1079350 547.5
1079360 546.1
1079370 546.1
1079380 544.9
1079390 545.0
1079400 546.3
1079410 546.3
1079420 546.7
1079430 546.3
1079440 544.3
1079450 544.3
1079460 544.1
1079470 544.1
1079480 544.1
1079490 543.6
1079500 543.6
1079510 543.0
1079520 543.0
1079530 543.0
1079540 542.5
1079550 542.2
1079560 542.2
1079570 542.0
1079580 541.5
1079590 541.5
1079600 541.0
1079610 540.7
1079620 540.7
1079630 540.5
1079640 540.5
1079650 540.4
1079660 540.4
1079670 540.3
1079680 540.1
1079690 540.1
1079700 539.4
1079710 538.2
1079720 538.2
1079730 537.6
1079740 537.5
1079750 538.3
1079760 538.1
1079770 538.4
1079780 538.4
1079790 538.5
1079800 538.3
1079810 538.3
1079820 537.9
1079830 537.7
1079840 537.7
1079850 537.6
1079860 537.4
1079870 537.4
1079880 537.2
1079890 537.2
1079900 537.1
1079910 537.1
1079920 537.1
1079930 537.0
1079940 537.0
1079950 536.9
1079960 536.9
1079970 536.9
1079980 536.0
1079990 536.5
