1065450 1629.2
1065460 1629.2
1065470 1633.7
1065480 1638.5
1065490 1638.5
1065500 1644.0
1065510 1649.3
1065520 1649.3
1065530 1654.2
1065540 1658.4
1065550 1663.1
1065560 1663.1
1065570 1668.3
1065580 1673.6
1065590 1673.6
1065600 1678.4
1065610 1682.4
1065620 1687.9
1065630 1691.9
1065640 1695.8
1065650 1695.8
1065660 1700.5
1065670 1706.4
1065680 1706.4
1065690 1711.6
1065700 1716.2
1065710 1716.2
1065720 1719.7
1065730 1722.5
1065740 1722.5
1065750 1724.1
1065760 1724.6
1065770 1724.6
1065780 1723.7
1065790 1721.1
1065800 1718.4
1065810 1718.4
1065820 1716.1
1065830 1713.8
1065840 1713.8
1065850 1711.6
1065860 1709.2
1065870 1709.2
1065880 1706.3
1065890 1704.0
1065900 1704.0
1065910 1702.1
1065920 1705.4
1065930 1705.4
1065940 1702.4
1065950 1701.1
1065960 1701.1
1065970 1699.4
1065980 1697.2
1065990 1697.2
1066000 1695.6
1066010 1694.0
1066020 1694.0
1066030 1692.0
1066040 1690.2
1066050 1688.7
1066060 1688.7
1066070 1686.7
1066080 1684.5
1066090 1684.5
1066100 1682.3
1066110 1680.3
1066120 1680.3
1066130 1677.6
1066140 1675.2
1066150 1675.2
1066160 1672.8
1066170 1669.7
1066180 1669.7
1066190 1666.7
1066200 1663.9
1066210 1663.9
1066220 1660.7
1066230 1663.4
1066240 1663.4
1066250 1661.4
1066260 1657.7
1066270 1657.7
1066280 1653.4
1066290 1650.2
1066300 1647.2
1066310 1647.2
1066320 1644.4
1066330 1640.8
1066340 1640.8
1066350 1637.4
1066360 1634.7
1066370 1634.7
1066380 1632.7
1066390 1631.4
1066400 1631.4
1066410 1630.6
1066420 1629.3
1066430 1629.3
1066440 1628.2
1066450 1628.0
1066460 1628.0
1066470 1627.8
1066480 1629.0
1066490 1629.0
1066500 1628.1
1066510 1630.1
1066520 1630.1
1066530 1640.5
1066540 1639.4
1066550 1635.0
1066560 1635.0
1066570 1626.7
1066580 1621.5
1066590 1621.5
1066600 1616.9
1066610 1609.3
1066620 1609.3
1066630 1603.0
1066640 1598.7
1066650 1598.7
1066660 1597.7
1066670 1594.9
1066680 1594.9
1066690 1590.2
1066700 1585.4
1066710 1585.4
1066720 1580.0
1066730 1572.8
1066740 1572.8
1066750 1565.9
1066760 1559.7
1066770 1559.7
1066780 1553.4
1066790 1543.0
1066800 1537.3
1066810 1537.3
1066820 1533.7
1066830 1520.8
1066840 1520.8
1066850 1515.7
1066860 1508.6
1066870 1508.6
1066880 1501.7
1066890 1493.7
1066900 1493.7
1066910 1487.6
1066920 1484.0
1066930 1484.0
1066940 1481.4
1066950 1478.2
1066960 1478.2
1066970 1470.8
1066980 1463.5
1066990 1463.5
1067000 1452.0
1067010 1441.9
1067020 1441.9
1067030 1434.2
1067040 1427.3
1067050 1417.6
1067060 1417.6
1067070 1409.9
1067080 1405.4
1067090 1405.4
1067100 1401.1
1067110 1393.4
1067120 1393.4
1067130 1383.2
1067140 1383.5
1067150 1383.5
1067160 1378.9
1067170 1372.4
1067180 1372.4
1067190 1363.2
1067200 1354.9
1067210 1354.9
1067220 1347.9
1067230 1340.8
1067240 1340.8
1067250 1331.2
1067260 1321.9
1067270 1321.9
1067280 1310.8
1067290 1298.8
1067300 1287.2
1067310 1287.2
1067320 1276.0
1067330 1265.3
1067340 1265.3
1067350 1253.9
1067360 1243.2
1067370 1243.2
1067380 1234.3
1067390 1225.5
1067400 1225.5
1067410 1217.3
1067420 1208.9
1067430 1208.9
1067440 1206.2
1067450 1197.4
1067460 1197.4
1067470 1189.9
1067480 1182.3
1067490 1182.3
1067500 1175.4
1067510 1168.4
1067520 1168.4
1067530 1161.6
1067540 1156.1
1067550 1149.9
1067560 1149.9
1067570 1144.3
1067580 1138.7
1067590 1138.7
1067600 1133.5
1067610 1127.9
1067620 1127.9
1067630 1121.3
1067640 1114.6
1067650 1114.6
1067660 1108.3
1067670 1103.1
1067680 1103.1
1067690 1097.7
1067700 1092.0
1067710 1092.0
1067720 1086.4
1067730 1082.2
1067740 1082.2
1067750 1082.2
1067760 1078.6
1067770 1078.6
1067780 1074.5
1067790 1070.5
1067800 1066.5
1067810 1066.5
1067820 1062.8
1067830 1058.9
1067840 1058.9
1067850 1055.7
1067860 1052.7
1067870 1052.7
1067880 1050.2
1067890 1048.1
1067900 1048.1
1067910 1045.4
1067920 1041.2
1067930 1041.2
1067940 1035.9
1067950 1030.8
1067960 1030.8
1067970 1026.3
1067980 1021.9
1067990 1021.9
1068000 1017.0
1068010 1011.2
1068020 1011.2
1068030 1006.3
1068040 1001.9
1068050 996.9
1068060 996.9
1068070 992.6
1068080 988.0
1068090 988.0
1068100 985.2
1068110 982.8
1068120 982.8
1068130 978.4
1068140 971.7
1068150 971.7
1068160 964.5
1068170 958.5
1068180 958.5
1068190 954.0
1068200 948.6
1068210 948.6
1068220 942.9
1068230 938.9
1068240 938.9
1068250 934.6
1068260 929.7
1068270 929.7
1068280 926.9
1068290 927.4
1068300 927.4
1068310 930.6
1068320 932.7
1068330 932.6
1068340 932.6
1068350 928.4
1068360 919.2
1068370 919.2
1068380 913.8
1068390 910.2
1068400 910.2
1068410 903.7
1068420 898.2
1068430 898.2
1068440 893.1
1068450 889.8
1068460 889.8
1068470 888.8
1068480 889.1
1068490 889.1
1068500 889.0
1068510 889.3
1068520 889.3
1068530 888.0
1068540 884.1
1068550 884.1
1068560 877.8
1068570 871.4
1068580 865.9
1068590 865.9
1068600 863.2
1068610 860.9
1068620 860.9
1068630 858.3
1068640 856.2
1068650 856.2
1068660 846.6
1068670 841.4
1068680 841.4
1068690 837.0
1068700 829.9
1068710 829.9
1068720 820.9
1068730 814.0
1068740 814.0
1068750 806.7
1068760 803.9
1068770 803.9
1068780 800.0
1068790 795.5
1068800 795.5
1068810 789.2
1068820 781.4
1068830 774.3
1068840 774.3
1068850 769.2
1068860 775.0
1068870 775.0
1068880 787.7
1068890 797.0
1068900 797.0
1068910 806.8
1068920 816.2
1068930 816.2
1068940 823.5
1068950 829.5
1068960 829.5
1068970 832.6
1068980 837.2
1068990 837.2
1069000 841.6
1069010 846.2
1069020 846.2
1069030 850.5
1069040 857.3
1069050 857.3
1069060 867.8
1069070 879.0
1069080 889.3
1069090 889.3
1069100 896.3
1069110 902.4
1069120 902.4
1069130 909.3
1069140 917.0
1069150 917.0
1069160 923.1
1069170 924.1
1069180 924.1
1069190 924.6
1069200 928.5
1069210 928.5
1069220 929.1
1069230 927.2
1069240 927.2
1069250 929.8
1069260 933.9
1069270 933.9
1069280 941.6
1069290 947.4
1069300 947.4
1069310 950.7
1069320 944.3
1069330 936.7
1069340 936.7
1069350 936.7
1069360 941.4
1069370 941.4
1069380 945.9
1069390 950.7
1069400 950.7
1069410 953.1
1069420 954.9
1069430 954.9
1069440 955.8
1069450 957.9
1069460 957.9
1069470 960.9
1069480 962.6
1069490 962.6
1069500 965.2
1069510 968.6
1069520 968.6
1069530 972.0
1069540 975.5
1069550 975.5
1069560 978.7
1069570 982.3
1069580 992.2
1069590 992.2
1069600 995.9
1069610 1000.3
1069620 1000.3
1069630 1004.6
1069640 1009.3
1069650 1009.3
1069660 1013.3
1069670 1015.3
1069680 1015.3
1069690 1019.8
1069700 1027.1
1069710 1027.1
1069720 1035.3
1069730 1041.2
1069740 1041.2
1069750 1046.4
1069760 1050.0
1069770 1050.0
1069780 1053.7
1069790 1056.7
1069800 1056.7
1069810 1058.2
1069820 1058.7
1069830 1058.6
1069840 1058.6
1069850 1057.9
1069860 1055.7
1069870 1055.7
1069880 1048.5
1069890 1054.2
1069900 1054.2
1069910 1057.2
1069920 1055.8
1069930 1055.8
1069940 1055.3
1069950 1055.0
1069960 1055.0
1069970 1056.2
1069980 1059.1
1069990 1059.1
1070000 1063.9
1070010 1069.9
1070020 1069.9
1070030 1077.6
1070040 1086.0
1070050 1086.0
1070060 1093.9
1070070 1101.7
1070080 1108.7
1070090 1108.7
1070100 1116.1
1070110 1124.1
1070120 1124.1
1070130 1132.3
1070140 1140.8
1070150 1140.8
1070160 1149.4
1070170 1158.0
1070180 1158.0
1070190 1166.3
1070200 1174.1
1070210 1174.1
1070220 1182.6
1070230 1191.3
1070240 1191.3
1070250 1199.9
1070260 1208.2
1070270 1208.2
1070280 1218.1
1070290 1227.7
1070300 1227.7
1070310 1238.2
1070320 1251.8
1070330 1261.7
1070340 1261.7
1070350 1269.5
1070360 1279.1
1070370 1279.1
1070380 1289.6
1070390 1298.5
1070400 1298.5
1070410 1305.5
1070420 1314.6
1070430 1314.6
1070440 1326.9
1070450 1338.3
1070460 1338.3
1070470 1344.6
1070480 1350.5
1070490 1350.5
1070500 1356.1
1070510 1366.8
1070520 1366.8
1070530 1381.6
1070540 1401.8
1070550 1401.8
1070560 1412.0
1070570 1423.4
1070580 1437.0
1070590 1437.0
1070600 1445.1
1070610 1454.9
1070620 1454.9
1070630 1462.7
1070640 1467.5
1070650 1467.5
1070660 1470.2
1070670 1472.8
1070680 1472.8
1070690 1479.4
1070700 1493.4
1070710 1493.4
1070720 1503.0
1070730 1509.1
1070740 1509.1
1070750 1515.0
1070760 1517.4
1070770 1517.4
1070780 1521.5
1070790 1526.3
1070800 1526.3
1070810 1535.8
1070820 1538.4
1070830 1539.4
1070840 1539.4
1070850 1539.5
1070860 1541.8
1070870 1541.8
1070880 1545.5
1070890 1549.0
1070900 1549.0
1070910 1552.1
1070920 1554.0
1070930 1554.0
1070940 1554.2
1070950 1551.5
1070960 1551.5
1070970 1546.8
1070980 1541.5
1070990 1541.5
1071000 1536.6
1071010 1534.4
1071020 1534.4
1071030 1532.4
1071040 1531.8
1071050 1531.8
1071060 1537.6
1071070 1538.4
1071080 1540.8
1071090 1540.8
1071100 1547.2
1071110 1555.3
1071120 1560.0
1071130 1565.9
1071140 1571.4
1071150 1571.4
1071160 1576.6
1071170 1581.9
1071180 1581.9
1071190 1587.0
1071200 1592.1
1071210 1592.1
1071220 1596.4
1071230 1597.2
1071240 1597.2
1071250 1597.2
1071260 1595.4
1071270 1595.4
1071280 1593.0
1071290 1591.8
1071300 1591.8
1071310 1589.5
1071320 1584.8
1071330 1580.3
1071340 1580.3
1071350 1579.5
1071360 1581.8
1071370 1581.8
1071380 1585.1
1071390 1589.4
1071400 1589.4
1071410 1592.3
1071420 1599.9
1071430 1599.9
1071440 1597.1
1071450 1592.7
1071460 1592.7
1071470 1594.0
1071480 1591.8
1071490 1591.8
1071500 1589.0
1071510 1590.0
1071520 1590.0
1071530 1590.3
1071540 1590.4
1071550 1590.4
1071560 1591.4
1071570 1594.0
1071580 1599.5
1071590 1599.5
1071600 1606.2
1071610 1612.3
1071620 1612.3
1071630 1618.4
1071640 1625.1
1071650 1625.1
1071660 1632.4
1071670 1638.1
1071680 1638.1
1071690 1644.6
1071700 1651.8
1071710 1651.8
1071720 1660.6
1071730 1667.8
1071740 1667.8
1071750 1675.0
1071760 1682.9
1071770 1682.9
1071780 1693.2
1071790 1701.5
1071800 1701.5
1071810 1706.2
1071820 1711.5
1071830 1717.7
1071840 1717.7
1071850 1719.2
1071860 1721.9
1071870 1721.9
1071880 1723.0
1071890 1721.8
1071900 1721.8
1071910 1721.9
1071920 1723.6
1071930 1723.6
1071940 1728.2
1071950 1733.4
1071960 1733.4
1071970 1736.0
1071980 1738.7
1071990 1738.7
1072000 1740.0
1072010 1742.7
1072020 1742.7
1072030 1746.5
1072040 1755.6
1072050 1755.6
1072060 1756.4
1072070 1756.7
1072080 1758.8
1072090 1758.8
1072100 1763.3
1072110 1768.1
1072120 1768.1
1072130 1768.0
1072140 1769.7
1072150 1769.7
1072160 1773.9
1072170 1775.9
1072180 1775.9
1072190 1765.2
1072200 1754.0
1072210 1754.0
1072220 1744.9
1072230 1730.5
1072240 1730.5
1072250 1726.5
1072260 1718.1
1072270 1718.1
1072280 1700.2
1072290 1690.4
1072300 1690.4
1072310 1681.1
1072320 1670.9
1072330 1660.4
1072340 1660.4
1072350 1656.4
1072360 1649.1
1072370 1649.1
1072380 1643.9
1072390 1641.9
1072400 1641.9
1072410 1637.2
1072420 1631.1
1072430 1631.1
1072440 1625.5
1072450 1616.4
1072460 1616.4
1072470 1599.5
1072480 1585.4
1072490 1585.4
1072500 1574.2
1072510 1564.2
1072520 1564.2
1072530 1555.2
1072540 1548.5
1072550 1548.5
1072560 1542.1
1072570 1536.2
1072580 1531.9
1072590 1531.9
1072600 1529.6
1072610 1526.6
1072620 1526.6
1072630 1523.6
1072640 1520.5
1072650 1520.5
1072660 1509.2
1072670 1505.1
1072680 1505.1
1072690 1500.3
1072700 1494.8
1072710 1494.8
1072720 1488.0
1072730 1480.3
1072740 1480.3
1072750 1473.6
1072760 1467.2
1072770 1467.2
1072780 1462.7
1072790 1458.1
1072800 1458.1
1072810 1453.7
1072820 1450.2
1072830 1450.2
1072840 1443.3
1072850 1434.7
1072860 1425.7
1072870 1425.7
1072880 1418.2
1072890 1410.0
1072900 1410.0
1072910 1395.5
1072920 1388.4
1072930 1388.4
1072940 1382.4
1072950 1373.7
1072960 1373.7
1072970 1360.1
1072980 1349.8
1072990 1349.8
1073000 1338.6
1073010 1327.6
1073020 1327.6
1073030 1319.7
1073040 1304.5
1073050 1304.5
1073060 1291.2
1073070 1282.0
1073080 1282.0
1073090 1273.3
1073100 1267.3
1073110 1264.0
1073120 1264.0
1073130 1264.1
1073140 1261.0
1073150 1261.0
1073160 1256.2
1073170 1251.5
1073180 1251.5
1073190 1247.4
1073200 1242.8
1073210 1242.8
1073220 1237.0
1073230 1231.8
1073240 1231.8
1073250 1226.1
1073260 1221.5
1073270 1214.3
1073280 1211.0
1073290 1208.2
1073300 1208.2
1073310 1205.1
1073320 1199.9
1073330 1199.9
1073340 1193.1
1073350 1187.0
1073360 1181.1
1073370 1181.1
1073380 1175.1
1073390 1169.6
1073400 1169.6
1073410 1163.1
1073420 1155.2
1073430 1155.2
1073440 1146.3
1073450 1136.5
1073460 1136.5
1073470 1127.2
1073480 1117.5
1073490 1117.5
1073500 1105.9
1073510 1092.1
1073520 1092.1
1073530 1081.0
1073540 1070.8
1073550 1070.8
1073560 1061.7
1073570 1053.6
1073580 1053.4
1073590 1046.2
1073600 1040.9
1073610 1035.9
1073620 1035.9
1073630 1030.1
1073640 1022.5
1073650 1022.5
1073660 1015.9
1073670 1010.1
1073680 1010.1
1073690 1003.7
1073700 996.7
1073710 996.7
1073720 989.4
1073730 981.8
1073740 981.8
1073750 975.0
1073760 966.5
1073770 966.5
1073780 958.6
1073790 949.5
1073800 949.5
1073810 945.2
1073820 949.9
1073830 949.9
1073840 959.1
1073850 966.9
1073860 973.1
1073870 973.1
1073880 977.3
1073890 982.1
1073900 982.1
1073910 986.3
1073920 992.1
1073930 992.1
1073940 996.4
1073950 998.9
1073960 998.9
1073970 999.8
1073980 1000.7
1073990 1000.7
1074000 1004.5
1074010 1007.8
1074020 1007.8
1074030 1007.3
1074040 1004.4
1074050 1004.4
1074060 1003.2
1074070 1005.5
1074080 1005.5
1074090 1007.1
1074100 1008.0
1074110 1011.3
1074120 1011.3
1074130 1015.7
1074140 1019.9
1074150 1019.9
1074160 1024.2
1074170 1027.6
1074180 1027.6
1074190 1029.2
1074200 1035.4
1074210 1035.4
1074220 1037.6
1074230 1036.3
1074240 1036.3
1074250 1034.5
1074260 1036.2
1074270 1036.2
1074280 1036.8
1074290 1037.4
1074300 1037.4
1074310 1039.7
1074320 1045.5
1074330 1045.5
1074340 1047.3
1074350 1048.0
1074360 1048.5
1074370 1048.5
1074380 1048.7
1074390 1050.0
1074400 1050.0
1074410 1050.8
1074420 1051.2
1074430 1051.2
1074440 1051.2
1074450 1050.8
1074460 1050.8
1074470 1051.3
1074480 1051.7
1074490 1051.7
1074500 1053.0
1074510 1058.2
1074520 1058.2
1074530 1058.5
1074540 1059.0
1074550 1059.0
1074560 1059.8
1074570 1059.7
1074580 1059.7
1074590 1058.9
1074600 1057.8
1074610 1056.3
1074620 1056.3
1074630 1054.4
1074640 1051.7
1074650 1051.7
1074660 1048.7
1074670 1046.3
1074680 1046.3
1074690 1044.3
1074700 1042.2
1074710 1042.2
1074720 1041.7
1074730 1040.7
1074740 1040.7
1074750 1039.9
1074760 1039.1
1074770 1039.1
1074780 1037.6
1074790 1035.9
1074800 1035.9
1074810 1034.6
1074820 1035.2
1074830 1035.2
1074840 1034.5
1074850 1033.8
1074860 1033.1
1074870 1033.1
1074880 1033.6
1074890 1034.4
1074900 1034.4
1074910 1034.2
1074920 1032.7
1074930 1032.7
1074940 1031.4
1074950 1031.0
1074960 1031.0
1074970 1031.3
1074980 1031.8
1074990 1031.8
1075000 1032.0
1075010 1031.0
1075020 1031.0
1075030 1028.9
1075040 1026.2
1075050 1026.2
1075060 1023.6
1075070 1021.2
1075080 1021.2
1075090 1018.3
1075100 1014.4
1075110 1010.9
1075120 1010.9
1075130 1011.8
1075140 1009.5
1075150 1009.5
1075160 1006.6
1075170 1004.6
1075180 1004.6
1075190 1003.0
1075200 1000.8
1075210 1000.8
1075220 998.0
1075230 996.1
1075240 996.1
1075250 994.6
1075260 992.8
1075270 992.8
1075280 990.4
1075290 988.2
1075300 988.2
1075310 987.6
1075320 986.9
1075330 986.9
1075340 986.5
1075350 986.0
1075360 985.6
1075370 985.6
1075380 985.5
1075390 984.8
1075400 984.8
1075410 984.2
1075420 983.3
1075430 983.3
1075440 981.1
1075450 980.1
1075460 980.1
1075470 978.1
1075480 976.1
1075490 976.1
1075500 974.2
1075510 972.8
1075520 972.8
1075530 971.2
1075540 969.4
1075550 969.4
1075560 967.6
1075570 965.6
1075580 965.6
1075590 963.3
1075600 959.9
1075610 955.9
1075620 955.9
1075630 952.1
1075640 948.3
1075650 948.3
1075660 944.3
1075670 940.7
1075680 940.7
1075690 936.9
1075700 932.8
1075710 932.8
1075720 928.5
1075730 923.1
1075740 923.1
1075750 919.3
1075760 919.3
1075770 919.3
1075780 915.9
1075790 912.6
1075800 912.6
1075810 908.8
1075820 904.0
1075830 904.0
1075840 898.6
1075850 894.6
1075860 892.9
1075870 892.9
1075880 892.3
1075890 891.4
1075900 891.4
1075910 887.6
1075920 882.2
1075930 882.2
1075940 876.2
1075950 870.8
1075960 870.8
1075970 865.3
1075980 860.3
1075990 860.3
1076000 857.4
1076010 857.4
1076020 857.4
1076030 858.7
1076040 858.2
1076050 858.2
1076060 856.3
1076070 856.9
1076080 856.9
1076090 852.5
1076100 847.2
1076110 842.0
1076120 842.0
1076130 842.9
1076140 844.9
1076150 844.9
1076160 843.7
1076170 842.5
1076180 842.5
1076190 842.3
1076200 842.4
1076210 842.4
1076220 841.5
1076230 840.1
1076240 840.1
1076250 838.9
1076260 838.4
1076270 838.4
1076280 838.2
1076290 837.8
1076300 837.8
1076310 837.4
1076320 837.1
1076330 837.1
1076340 836.6
1076350 836.3
1076360 836.1
1076370 836.1
1076380 838.1
1076390 838.1
1076400 838.1
1076410 837.9
1076420 837.3
1076430 837.3
1076440 836.9
1076450 836.4
1076460 836.4
1076470 835.9
1076480 835.1
1076490 835.1
1076500 834.3
1076510 833.6
1076520 833.6
1076530 833.2
1076540 832.8
1076550 832.8
1076560 832.5
1076570 831.9
1076580 831.9
1076590 831.7
1076600 831.3
1076610 831.1
1076620 831.1
1076630 830.9
1076640 830.7
1076650 830.7
1076660 830.3
1076670 829.8
1076680 829.8
1076690 830.5
1076700 830.0
1076710 830.0
1076720 829.7
1076730 829.7
1076740 829.7
1076750 830.1
1076760 830.2
1076770 830.2
1076780 830.2
1076790 830.0
1076800 830.0
1076810 829.9
1076820 829.7
1076830 829.7
1076840 829.3
1076850 828.7
1076860 828.0
1076870 828.0
1076880 827.4
1076890 826.7
1076900 826.7
1076910 826.1
1076920 824.8
1076930 824.8
1076940 821.7
1076950 818.4
1076960 818.4
1076970 816.1
1076980 814.1
1076990 814.1
1077000 813.5
1077010 810.7
1077020 810.7
1077030 807.7
1077040 804.3
1077050 804.3
1077060 800.0
1077070 796.3
1077080 796.3
1077090 792.5
1077100 788.4
1077110 785.4
1077120 785.4
1077130 784.9
1077140 785.1
1077150 785.1
1077160 783.3
1077170 776.8
1077180 776.8
1077190 768.3
1077200 760.6
1077210 760.6
1077220 753.3
1077230 748.7
1077240 748.7
1077250 754.7
1077260 763.3
1077270 763.3
1077280 770.6
1077290 770.6
1077300 770.6
1077310 770.0
1077320 764.6
1077330 764.6
1077340 759.3
1077350 754.8
1077360 751.8
1077370 751.8
1077380 749.9
1077390 748.1
1077400 748.1
1077410 745.4
1077420 743.0
1077430 743.0
1077440 741.0
1077450 739.7
1077460 739.7
1077470 738.3
1077480 736.4
1077490 736.4
1077500 735.1
1077510 734.4
1077520 734.4
1077530 734.6
1077540 735.2
1077550 735.2
1077560 735.7
1077570 736.4
1077580 736.4
1077590 737.1
1077600 738.9
1077610 740.4
1077620 740.4
1077630 741.7
1077640 736.1
1077650 736.1
1077660 729.9
1077670 724.4
1077680 724.4
1077690 719.1
1077700 713.6
1077710 713.6
1077720 708.3
1077730 704.6
1077740 704.6
1077750 701.8
1077760 698.2
1077770 698.2
1077780 692.8
1077790 689.8
1077800 689.8
1077810 688.2
1077820 686.0
1077830 686.0
1077840 684.3
1077850 683.1
1077860 674.4
1077870 674.4
1077880 661.2
1077890 649.7
1077900 649.7
1077910 638.9
1077920 629.6
1077930 629.6
1077940 624.3
1077950 617.5
1077960 617.5
1077970 611.3
1077980 605.5
1077990 605.5
1078000 599.0
1078010 586.8
1078020 586.8
1078030 583.4
1078040 589.3
1078050 589.3
1078060 599.2
1078070 609.7
1078080 609.7
1078090 619.6
1078100 630.1
1078110 640.4
1078120 640.4
1078130 645.7
1078140 645.9
1078150 645.9
1078160 647.2
1078170 652.3
1078180 652.3
1078190 656.9
1078200 661.6
1078210 661.6
1078220 666.9
1078230 673.2
1078240 673.2
1078250 678.2
1078260 683.9
1078270 683.9
1078280 690.7
1078290 697.3
1078300 697.3
1078310 702.5
1078320 702.2
1078330 702.2
1078340 697.7
1078350 692.2
1078360 686.7
1078370 686.7
1078380 680.9
1078390 678.1
1078400 678.1
1078410 672.8
1078420 666.3
1078430 666.3
1078440 660.7
1078450 655.5
1078460 655.5
1078470 656.8
1078480 657.2
1078490 657.2
1078500 653.5
1078510 652.6
1078520 652.6
1078530 649.8
1078540 646.9
1078550 646.9
1078560 646.3
1078570 650.6
1078580 650.6
1078590 649.8
1078600 646.8
1078610 646.8
1078620 643.9
1078630 641.8
1078640 641.4
1078650 641.4
1078660 639.2
1078670 635.2
1078680 635.2
1078690 630.7
1078700 624.9
1078710 624.9
1078720 624.4
1078730 622.2
1078740 622.2
1078750 619.3
1078760 617.0
1078770 617.0
1078780 615.5
1078790 614.1
1078800 614.1
1078810 613.2
1078820 611.4
1078830 611.4
1078840 609.1
1078850 606.6
1078860 606.6
1078870 604.5
1078880 608.0
1078890 606.7
1078900 606.7
1078910 604.3
1078920 602.5
1078930 602.5
1078940 601.5
1078950 600.0
1078960 600.0
1078970 596.6
1078980 594.2
1078990 594.2
1079000 592.3
1079010 590.3
1079020 590.3
1079030 589.0
1079040 587.8
1079050 587.8
1079060 588.1
1079070 588.7
1079080 588.7
1079090 589.0
1079100 588.5
1079110 588.5
1079120 587.3
1079130 586.0
1079140 584.8
1079150 584.8
1079160 583.7
1079170 582.9
1079180 582.9
1079190 583.0
1079200 582.5
1079210 582.5
1079220 582.4
1079230 582.1
1079240 582.1
1079250 581.7
1079260 581.5
1079270 581.5
1079280 581.5
1079290 581.2
1079300 581.2
1079310 580.5
1079320 577.8
1079330 577.8
1079340 573.8
1079350 569.9
1079360 569.9
1079370 565.1
1079380 561.0
1079390 557.0
1079400 557.0
1079410 553.2
1079420 551.3
1079430 551.3
1079440 549.0
1079450 546.8
1079460 546.8
1079470 545.4
1079480 544.7
1079490 544.7
1079500 544.3
1079510 547.8
1079520 547.8
1079530 549.5
1079540 552.5
1079550 552.5
1079560 554.8
1079570 555.7
1079580 555.7
1079590 556.8
1079600 557.8
1079610 557.8
1079620 558.1
1079630 558.3
1079640 558.3
1079650 558.3
1079660 558.1
1079670 557.8
1079680 557.8
1079690 557.3
1079700 556.8
1079710 556.8
1079720 556.3
1079730 555.1
1079740 555.1
1079750 553.3
1079760 550.7
1079770 550.7
1079780 548.9
1079790 549.5
1079800 549.5
1079810 549.8
1079820 554.0
1079830 554.0
1079840 554.1
1079850 553.7
1079860 553.7
1079870 552.7
1079880 551.8
1079890 550.5
1079900 550.5
1079910 549.0
1079920 547.8
1079930 547.8
1079940 546.8
1079950 545.9
1079960 545.9
1079970 545.2
1079980 545.9
1079990 545.9
