1065440 1543.7
1065450 1543.7
1065460 1549.7
1065470 1557.2
1065480 1557.2
1065490 1564.7
1065500 1572.2
1065510 1572.2
1065520 1580.2
1065530 1588.2
1065540 1594.9
1065550 1594.9
1065560 1604.4
1065570 1613.7
1065580 1613.7
1065590 1623.6
1065600 1634.2
1065610 1634.2
1065620 1643.3
1065630 1650.7
1065640 1650.7
1065650 1657.9
1065660 1664.6
1065670 1664.6
1065680 1669.0
1065690 1674.5
1065700 1674.5
1065710 1672.7
1065720 1669.7
1065730 1669.7
1065740 1666.5
1065750 1663.3
1065760 1663.3
1065770 1659.7
1065780 1656.3
1065790 1653.0
1065800 1653.0
1065810 1649.3
1065820 1645.9
1065830 1645.9
1065840 1642.6
1065850 1639.4
1065860 1639.4
1065870 1636.5
1065880 1633.1
1065890 1633.1
1065900 1631.5
1065910 1629.0
1065920 1629.0
1065930 1625.9
1065940 1623.5
1065950 1623.5
1065960 1620.5
1065970 1616.7
1065980 1616.7
1065990 1616.5
1066000 1612.6
1066010 1612.6
1066020 1609.1
1066030 1605.3
1066040 1601.4
1066050 1601.4
1066060 1597.8
1066070 1595.3
1066080 1595.3
1066090 1593.4
1066100 1591.6
1066110 1591.6
1066120 1589.3
1066130 1587.0
1066140 1587.0
1066150 1584.9
1066160 1582.7
1066170 1582.7
1066180 1580.1
1066190 1577.4
1066200 1577.4
1066210 1574.6
1066220 1571.9
1066230 1571.9
1066240 1568.9
1066250 1565.6
1066260 1565.6
1066270 1562.3
1066280 1559.2
1066290 1555.1
1066300 1560.5
1066310 1555.6
1066320 1550.2
1066330 1550.2
1066340 1546.0
1066350 1543.2
1066360 1543.2
1066370 1540.5
1066380 1537.2
1066390 1537.2
1066400 1534.5
1066410 1531.6
1066420 1531.6
1066430 1529.2
1066440 1527.9
1066450 1527.9
1066460 1526.7
1066470 1524.8
1066480 1524.8
1066490 1522.9
1066500 1520.7
1066510 1520.7
1066520 1518.3
1066530 1515.7
1066540 1513.0
1066550 1513.0
1066560 1511.1
1066570 1509.0
1066580 1509.0
1066590 1506.9
1066600 1512.1
1066610 1512.1
1066620 1509.8
1066630 1506.6
1066640 1506.6
1066650 1502.6
1066660 1500.2
1066670 1500.2
1066680 1497.3
1066690 1493.2
1066700 1493.2
1066710 1489.1
1066720 1484.1
1066730 1484.1
1066740 1480.4
1066750 1476.8
1066760 1476.8
1066770 1472.8
1066780 1469.5
1066790 1466.7
1066800 1466.7
1066810 1465.0
1066820 1463.0
1066830 1463.0
1066840 1461.4
1066850 1455.4
1066860 1455.4
1066870 1451.6
1066880 1448.1
1066890 1448.1
1066900 1446.3
1066910 1454.0
1066920 1454.0
1066930 1452.4
1066940 1448.6
1066950 1448.6
1066960 1444.9
1066970 1441.9
1066980 1441.9
1066990 1438.4
1067000 1434.7
1067010 1434.7
1067020 1430.5
1067030 1426.0
1067040 1419.1
1067050 1419.1
1067060 1412.6
1067070 1404.1
1067080 1404.1
1067090 1391.4
1067100 1377.1
1067110 1377.1
1067120 1363.0
1067130 1352.6
1067140 1352.6
1067150 1344.0
1067160 1334.7
1067170 1334.7
1067180 1324.7
1067190 1314.5
1067200 1314.5
1067210 1306.6
1067220 1297.5
1067230 1297.5
1067240 1288.7
1067250 1280.3
1067260 1280.3
1067270 1272.6
1067280 1265.3
1067290 1257.0
1067300 1257.0
1067310 1249.3
1067320 1241.3
1067330 1241.3
1067340 1234.0
1067350 1227.0
1067360 1227.0
1067370 1219.6
1067380 1212.5
1067390 1212.5
1067400 1206.1
1067410 1199.1
1067420 1199.1
1067430 1192.2
1067440 1186.6
1067450 1186.6
1067460 1179.2
1067470 1171.6
1067480 1171.6
1067490 1162.8
1067500 1155.5
1067510 1155.5
1067520 1150.2
1067530 1141.6
1067540 1133.7
1067550 1133.7
1067560 1126.7
1067570 1120.2
1067580 1120.2
1067590 1115.6
1067600 1110.9
1067610 1110.9
1067620 1105.8
1067630 1099.0
1067640 1099.0
1067650 1092.3
1067660 1086.6
1067670 1086.6
1067680 1082.2
1067690 1078.4
1067700 1078.4
1067710 1073.8
1067720 1069.0
1067730 1069.0
1067740 1064.5
1067750 1061.5
1067760 1061.5
1067770 1058.4
1067780 1055.0
1067790 1051.5
1067800 1051.5
1067810 1048.6
1067820 1046.2
1067830 1046.2
1067840 1044.2
1067850 1042.8
1067860 1042.8
1067870 1041.4
1067880 1038.6
1067890 1038.6
1067900 1034.0
1067910 1028.6
1067920 1028.6
1067930 1024.1
1067940 1021.4
1067950 1021.4
1067960 1020.9
1067970 1019.6
1067980 1019.6
1067990 1016.3
1068000 1013.6
1068010 1013.6
1068020 1014.4
1068030 1017.0
1068040 1017.2
1068050 1017.2
1068060 1013.6
1068070 1009.0
1068080 1009.0
1068090 1004.7
1068100 1001.1
1068110 1001.1
1068120 998.3
1068130 996.1
1068140 996.1
1068150 991.3
1068160 986.7
1068170 986.7
1068180 982.2
1068190 978.0
1068200 978.0
1068210 972.9
1068220 968.4
1068230 968.4
1068240 964.6
1068250 961.2
1068260 961.2
1068270 957.4
1068280 953.4
1068290 949.7
1068300 949.7
1068310 946.2
1068320 942.8
1068330 942.8
1068340 939.1
1068350 935.5
1068360 935.5
1068370 932.4
1068380 929.2
1068390 929.2
1068400 925.6
1068410 922.0
1068420 922.0
1068430 919.9
1068440 919.0
1068450 919.0
1068460 918.2
1068470 917.7
1068480 917.7
1068490 917.5
1068500 915.8
1068510 915.8
1068520 911.5
1068530 905.0
1068540 898.3
1068550 898.3
1068560 891.3
1068570 884.8
1068580 884.8
1068590 878.5
1068600 872.4
1068610 872.4
1068620 866.5
1068630 860.6
1068640 860.6
1068650 854.8
1068660 850.6
1068670 850.6
1068680 846.6
1068690 844.5
1068700 844.5
1068710 842.7
1068720 841.1
1068730 841.1
1068740 840.5
1068750 835.4
1068760 835.4
1068770 829.8
1068780 823.5
1068790 823.5
1068800 816.3
1068810 809.7
1068820 804.3
1068830 804.3
1068840 799.7
1068850 795.9
1068860 795.9
1068870 791.5
1068880 785.1
1068890 785.1
1068900 778.6
1068910 771.5
1068920 771.5
1068930 766.2
1068940 760.7
1068950 760.7
1068960 774.9
1068970 788.9
1068980 788.9
1068990 799.1
1069000 809.5
1069010 809.5
1069020 818.6
1069030 824.0
1069040 828.3
1069050 833.4
1069060 837.6
1069070 841.0
1069080 841.0
1069090 844.8
1069100 850.2
1069110 850.2
1069120 852.1
1069130 852.7
1069140 852.7
1069150 852.6
1069160 849.1
1069170 849.1
1069180 847.4
1069190 854.9
1069200 854.9
1069210 859.2
1069220 859.0
1069230 859.0
1069240 864.5
1069250 868.6
1069260 868.6
1069270 872.4
1069280 877.8
1069290 877.8
1069300 886.0
1069310 893.8
1069320 900.7
1069330 900.7
1069340 905.8
1069350 911.3
1069360 911.3
1069370 915.4
1069380 916.2
1069390 916.2
1069400 916.2
1069410 915.1
1069420 915.1
1069430 912.9
1069440 910.6
1069450 910.6
1069460 912.8
1069470 915.2
1069480 915.2
1069490 919.0
1069500 924.9
1069510 924.9
1069520 928.8
1069530 929.8
1069540 929.8
1069550 929.6
1069560 926.3
1069570 921.9
1069580 921.9
1069590 917.6
1069600 911.0
1069610 911.0
1069620 901.7
1069630 904.9
1069640 904.9
1069650 920.7
1069660 929.5
1069670 929.5
1069680 935.0
1069690 939.8
1069700 939.8
1069710 947.3
1069720 955.3
1069730 955.3
1069740 960.9
1069750 968.1
1069760 968.1
1069770 976.5
1069780 984.7
1069790 984.7
1069800 992.1
1069810 999.8
1069820 1007.2
1069830 1007.2
1069840 1014.8
1069850 1018.3
1069860 1018.3
1069870 1016.1
1069880 1016.4
1069890 1016.4
1069900 1017.8
1069910 1020.4
1069920 1020.4
1069930 1025.4
1069940 1032.1
1069950 1032.1
1069960 1043.2
1069970 1052.1
1069980 1052.1
1069990 1060.5
1070000 1068.6
1070010 1068.6
1070020 1075.9
1070030 1083.4
1070040 1083.4
1070050 1090.9
1070060 1098.3
1070070 1105.2
1070080 1105.2
1070090 1112.7
1070100 1120.8
1070110 1120.8
1070120 1131.8
1070130 1149.1
1070140 1149.1
1070150 1160.1
1070160 1167.4
1070170 1167.4
1070180 1175.2
1070190 1182.7
1070200 1182.7
1070210 1190.2
1070220 1197.0
1070230 1197.0
1070240 1203.4
1070250 1210.2
1070260 1210.2
1070270 1215.3
1070280 1218.4
1070290 1218.4
1070300 1224.0
1070310 1231.6
1070320 1239.4
1070330 1239.4
1070340 1247.8
1070350 1255.0
1070360 1255.0
1070370 1261.9
1070380 1268.9
1070390 1268.9
1070400 1275.9
1070410 1283.2
1070420 1283.2
1070430 1290.5
1070440 1297.6
1070450 1297.6
1070460 1305.5
1070470 1313.0
1070480 1313.0
1070490 1320.2
1070500 1327.5
1070510 1327.5
1070520 1335.1
1070530 1343.1
1070540 1343.1
1070550 1351.0
1070560 1359.0
1070570 1371.6
1070580 1371.6
1070590 1379.0
1070600 1385.8
1070610 1385.8
1070620 1391.9
1070630 1396.7
1070640 1396.7
1070650 1400.2
1070660 1402.6
1070670 1402.6
1070680 1402.8
1070690 1402.5
1070700 1402.5
1070710 1405.7
1070720 1407.8
1070730 1407.8
1070740 1407.8
1070750 1409.9
1070760 1409.9
1070770 1416.4
1070780 1422.0
1070790 1422.0
1070800 1425.4
1070810 1426.5
1070820 1426.4
1070830 1426.4
1070840 1426.4
1070850 1427.6
1070860 1427.6
1070870 1427.4
1070880 1440.2
1070890 1440.2
1070900 1442.6
1070910 1445.6
1070920 1445.6
1070930 1447.2
1070940 1446.0
1070950 1446.0
1070960 1443.3
1070970 1439.7
1070980 1439.7
1070990 1435.6
1071000 1430.4
1071010 1430.4
1071020 1423.0
1071030 1415.3
1071040 1415.3
1071050 1417.5
1071060 1417.7
1071070 1414.4
1071080 1414.4
1071090 1416.6
1071100 1420.0
1071110 1420.0
1071120 1422.3
1071130 1425.7
1071140 1425.7
1071150 1428.5
1071160 1431.2
1071170 1431.2
1071180 1434.4
1071190 1449.7
1071200 1449.7
1071210 1452.7
1071220 1454.4
1071230 1454.4
1071240 1454.4
1071250 1449.5
1071260 1449.5
1071270 1443.6
1071280 1440.9
1071290 1440.9
1071300 1445.0
1071310 1449.1
1071320 1452.6
1071330 1452.6
1071340 1456.4
1071350 1460.2
1071360 1460.2
1071370 1465.5
1071380 1469.4
1071390 1469.4
1071400 1469.1
1071410 1467.5
1071420 1467.5
1071430 1466.4
1071440 1464.1
1071450 1464.1
1071460 1461.1
1071470 1462.5
1071480 1462.5
1071490 1466.0
1071500 1476.9
1071510 1476.9
1071520 1482.1
1071530 1487.5
1071540 1487.5
1071550 1493.5
1071560 1499.2
1071570 1506.4
1071580 1506.4
1071590 1513.6
1071600 1517.4
1071610 1517.4
1071620 1519.2
1071630 1522.3
1071640 1522.3
1071650 1526.4
1071660 1528.6
1071670 1528.6
1071680 1533.7
1071690 1539.6
1071700 1539.6
1071710 1544.4
1071720 1550.1
1071730 1550.1
1071740 1556.1
1071750 1562.6
1071760 1562.6
1071770 1568.9
1071780 1573.7
1071790 1573.7
1071800 1591.6
1071810 1585.6
1071820 1587.8
1071830 1587.8
1071840 1598.7
1071850 1608.2
1071860 1608.2
1071870 1616.0
1071880 1627.9
1071890 1627.9
1071900 1635.6
1071910 1642.3
1071920 1642.3
1071930 1649.8
1071940 1652.6
1071950 1652.6
1071960 1654.4
1071970 1650.4
1071980 1650.4
1071990 1650.2
1072000 1651.3
1072010 1651.3
1072020 1655.7
1072030 1661.8
1072040 1661.8
1072050 1668.9
1072060 1679.7
1072070 1691.4
1072080 1691.4
1072090 1699.6
1072100 1709.2
1072110 1704.3
1072120 1710.8
1072130 1719.4
1072140 1719.4
1072150 1733.3
1072160 1739.9
1072170 1739.9
1072180 1747.2
1072190 1754.7
1072200 1754.7
1072210 1759.7
1072220 1762.9
1072230 1762.9
1072240 1764.4
1072250 1765.1
1072260 1765.1
1072270 1766.4
1072280 1768.5
1072290 1768.5
1072300 1763.2
1072310 1735.0
1072320 1727.3
1072330 1727.3
1072340 1715.4
1072350 1701.5
1072360 1701.5
1072370 1693.1
1072380 1687.3
1072390 1687.3
1072400 1681.7
1072410 1675.8
1072420 1669.9
1072430 1664.7
1072440 1659.1
1072450 1659.1
1072460 1653.3
1072470 1648.1
1072480 1648.1
1072490 1644.1
1072500 1640.6
1072510 1640.6
1072520 1635.8
1072530 1631.6
1072540 1631.6
1072550 1627.6
1072560 1623.8
1072570 1623.8
1072580 1620.4
1072590 1617.8
1072600 1615.3
1072610 1615.3
1072620 1612.3
1072630 1607.5
1072640 1607.5
1072650 1601.7
1072660 1595.4
1072670 1595.4
1072680 1587.5
1072690 1581.8
1072700 1581.8
1072710 1578.7
1072720 1576.6
1072730 1567.9
1072740 1565.9
1072750 1562.5
1072760 1562.5
1072770 1559.4
1072780 1555.9
1072790 1555.9
1072800 1551.1
1072810 1539.6
1072820 1539.6
1072830 1507.8
1072840 1486.1
1072850 1469.1
1072860 1469.1
1072870 1454.8
1072880 1442.6
1072890 1442.6
1072900 1432.2
1072910 1424.1
1072920 1424.1
1072930 1412.2
1072940 1392.2
1072950 1392.2
1072960 1380.1
1072970 1371.3
1072980 1371.3
1072990 1363.2
1073000 1350.5
1073010 1350.5
1073020 1339.1
1073030 1329.1
1073040 1332.9
1073050 1323.2
1073060 1313.9
1073070 1313.9
1073080 1303.1
1073090 1293.5
1073100 1287.3
1073110 1287.3
1073120 1283.0
1073130 1277.8
1073140 1277.8
1073150 1271.8
1073160 1265.8
1073170 1265.8
1073180 1259.9
1073190 1253.9
1073200 1253.9
1073210 1250.8
1073220 1251.1
1073230 1251.1
1073240 1249.5
1073250 1245.0
1073260 1245.0
1073270 1239.3
1073280 1234.3
1073290 1234.3
1073300 1229.5
1073310 1222.7
1073320 1222.7
1073330 1213.1
1073340 1201.4
1073350 1183.1
1073360 1183.1
1073370 1174.2
1073380 1164.6
1073390 1164.6
1073400 1151.8
1073410 1136.9
1073420 1136.9
1073430 1130.6
1073440 1124.9
1073450 1124.9
1073460 1120.5
1073470 1114.0
1073480 1114.0
1073490 1106.4
1073500 1098.9
1073510 1098.9
1073520 1091.4
1073530 1085.4
1073540 1085.4
1073550 1077.7
1073560 1070.8
1073570 1070.8
1073580 1064.7
1073590 1058.7
1073600 1052.1
1073610 1052.1
1073620 1045.8
1073630 1040.0
1073640 1040.0
1073650 1034.2
1073660 1026.6
1073670 1026.6
1073680 1020.4
1073690 1014.5
1073700 1014.5
1073710 1008.0
1073720 1001.7
1073730 1001.7
1073740 995.1
1073750 988.6
1073760 988.6
1073770 982.5
1073780 976.2
1073790 976.2
1073800 970.5
1073810 964.9
1073820 964.9
1073830 960.5
1073840 956.8
1073850 953.0
1073860 953.0
1073870 945.5
1073880 938.0
1073890 938.0
1073900 934.3
1073910 932.1
1073920 932.1
1073930 929.7
1073940 926.3
1073950 926.3
1073960 921.8
1073970 913.8
1073980 913.8
1073990 912.9
1074000 913.7
1074010 913.7
1074020 915.1
1074030 915.9
1074040 915.9
1074050 916.6
1074060 918.6
1074070 918.6
1074080 921.5
1074090 923.1
1074100 930.4
1074110 930.4
1074120 938.7
1074130 943.7
1074140 943.7
1074150 946.6
1074160 949.3
1074170 949.3
1074180 953.8
1074190 957.7
1074200 957.7
1074210 960.3
1074220 964.1
1074230 964.1
1074240 968.1
1074250 970.1
1074260 970.1
1074270 972.5
1074280 982.5
1074290 982.5
1074300 983.9
1074310 977.9
1074320 977.9
1074330 976.8
1074340 982.7
1074350 985.5
1074360 985.5
1074370 989.0
1074380 995.6
1074390 995.6
1074400 998.6
1074410 999.0
1074420 999.0
1074430 1000.9
1074440 1003.2
1074450 1003.2
1074460 1004.6
1074470 1004.1
1074480 1004.1
1074490 1002.8
1074500 1001.0
1074510 1001.0
1074520 1001.3
1074530 1004.2
1074540 1004.2
1074550 1010.1
1074560 1016.7
1074570 1016.7
1074580 1023.0
1074590 1027.0
1074600 1027.6
1074610 1027.6
1074620 1026.1
1074630 1023.5
1074640 1023.5
1074650 1020.3
1074660 1018.0
1074670 1018.0
1074680 1015.6
1074690 1012.8
1074700 1012.8
1074710 1010.3
1074720 1008.7
1074730 1008.7
1074740 1008.6
1074750 1009.4
1074760 1009.4
1074770 1009.2
1074780 1007.7
1074790 1007.7
1074800 1005.4
1074810 1001.8
1074820 1001.8
1074830 998.2
1074840 995.8
1074850 993.7
1074860 993.7
1074870 992.8
1074880 992.2
1074890 992.2
1074900 993.7
1074910 992.4
1074920 992.4
1074930 991.3
1074940 990.4
1074950 990.4
1074960 989.6
1074970 987.8
1074980 987.8
1074990 986.9
1075000 986.6
1075010 986.6
1075020 985.5
1075030 983.4
1075040 983.4
1075050 982.0
1075060 981.4
1075070 981.4
1075080 980.8
1075090 980.4
1075100 979.8
1075110 979.8
1075120 979.6
1075130 979.7
1075140 979.7
1075150 979.4
1075160 977.8
1075170 977.8
1075180 975.9
1075190 973.1
1075200 973.1
1075210 972.9
1075220 969.5
1075230 969.5
1075240 966.9
1075250 965.5
1075260 965.5
1075270 964.9
1075280 964.0
1075290 964.0
1075300 961.4
1075310 957.5
1075320 957.5
1075330 953.1
1075340 949.1
1075350 945.4
1075360 945.4
1075370 941.3
1075380 937.8
1075390 937.8
1075400 934.8
1075410 932.1
1075420 932.1
1075430 929.3
1075440 927.9
1075450 927.9
1075460 926.8
1075470 925.5
1075480 925.5
1075490 923.8
1075500 920.9
1075510 920.9
1075520 919.7
1075530 916.8
1075540 916.8
1075550 914.8
1075560 913.0
1075570 913.0
1075580 910.9
1075590 908.7
1075600 906.5
1075610 906.5
1075620 904.4
1075630 902.4
1075640 902.4
1075650 900.2
1075660 898.2
1075670 898.2
1075680 896.3
1075690 894.3
1075700 894.3
1075710 892.1
1075720 890.1
1075730 890.1
1075740 888.0
1075750 885.7
1075760 885.7
1075770 882.9
1075780 880.2
1075790 880.2
1075800 877.6
1075810 874.9
1075820 874.9
1075830 874.2
1075840 871.2
1075850 868.7
1075860 868.7
1075870 865.9
1075880 862.8
1075890 862.8
1075900 860.3
1075910 859.7
1075920 859.7
1075930 859.2
1075940 857.6
1075950 857.6
1075960 853.9
1075970 849.0
1075980 849.0
1075990 844.5
1076000 840.7
1076010 840.7
1076020 836.7
1076030 831.8
1076040 831.8
1076050 828.0
1076060 825.3
1076070 825.3
1076080 824.0
1076090 823.2
1076100 822.2
1076110 822.2
1076120 820.2
1076130 818.8
1076140 820.7
1076150 819.7
1076160 813.9
1076170 813.9
1076180 811.2
1076190 812.3
1076200 812.3
1076210 813.1
1076220 812.5
1076230 812.5
1076240 811.5
1076250 810.8
1076260 810.8
1076270 811.2
1076280 813.1
1076290 813.1
1076300 813.2
1076310 811.2
1076320 811.2
1076330 810.0
1076340 810.0
1076350 810.0
1076360 810.0
1076370 809.5
1076380 809.1
1076390 809.1
1076400 808.6
1076410 808.9
1076420 808.9
1076430 809.6
1076440 810.2
1076450 811.7
1076460 811.1
1076470 810.4
1076480 810.4
1076490 809.9
1076500 809.4
1076510 809.4
1076520 810.0
1076530 811.4
1076540 811.4
1076550 812.0
1076560 812.0
1076570 812.0
1076580 811.7
1076590 811.1
1076600 810.6
1076610 810.6
1076620 813.4
1076630 815.9
1076640 815.9
1076650 816.6
1076660 815.3
1076670 815.3
1076680 813.0
1076690 811.4
1076700 811.4
1076710 810.7
1076720 810.4
1076730 810.4
1076740 810.1
1076750 808.8
1076760 813.0
1076770 811.0
1076780 809.0
1076790 809.0
1076800 807.4
1076810 805.7
1076820 805.7
1076830 803.5
1076840 801.1
1076850 798.6
1076860 798.6
1076870 796.1
1076880 793.6
1076890 793.6
1076900 791.0
1076910 788.3
1076920 788.3
1076930 785.7
1076940 783.7
1076950 783.7
1076960 782.6
1076970 782.3
1076980 782.3
1076990 782.2
1077000 781.7
1077010 781.7
1077020 780.5
1077030 778.9
1077040 778.9
1077050 776.9
1077060 774.3
1077070 774.3
1077080 773.9
1077090 773.1
1077100 773.1
1077110 771.2
1077120 767.7
1077130 765.1
1077140 765.1
1077150 763.5
1077160 761.9
1077170 761.9
1077180 759.6
1077190 754.8
1077200 754.8
1077210 750.1
1077220 745.9
1077230 745.9
1077240 741.4
1077250 737.2
1077260 737.2
1077270 735.3
1077280 735.2
1077290 735.2
1077300 734.8
1077310 734.0
1077320 734.0
1077330 732.7
1077340 731.6
1077350 731.6
1077360 729.4
1077370 726.6
1077380 723.7
1077390 720.7
1077400 718.6
1077410 717.1
1077420 717.1
1077430 715.1
1077440 713.0
1077450 713.0
1077460 710.7
1077470 708.1
1077480 708.1
1077490 706.3
1077500 703.9
1077510 703.9
1077520 702.6
1077530 702.0
1077540 702.0
1077550 700.4
1077560 699.2
1077570 699.2
1077580 699.2
1077590 701.7
1077600 701.7
1077610 705.2
1077620 707.6
1077630 705.6
1077640 705.6
1077650 700.1
1077660 694.0
1077670 694.0
1077680 687.9
1077690 682.2
1077700 684.8
1077710 679.8
1077720 674.2
1077730 674.2
1077740 668.3
1077750 666.2
1077760 666.2
1077770 665.2
1077780 664.4
1077790 664.4
1077800 663.7
1077810 663.5
1077820 663.5
1077830 663.2
1077840 661.9
1077850 661.9
1077860 660.9
1077870 660.7
1077880 660.2
1077890 660.2
1077900 659.9
1077910 659.9
1077920 659.9
1077930 658.8
1077940 657.9
1077950 657.9
1077960 652.2
1077970 644.2
1077980 644.2
1077990 637.8
1078000 629.9
1078010 625.6
1078020 610.3
1078030 600.6
1078040 600.6
1078050 586.9
1078060 576.5
1078070 576.5
1078080 576.9
1078090 585.8
1078100 585.8
1078110 599.7
1078120 611.9
1078130 615.3
1078140 615.3
1078150 611.2
1078160 604.6
1078170 604.6
1078180 599.2
1078190 595.3
1078200 595.3
1078210 593.5
1078220 591.1
1078230 591.1
1078240 590.9
1078250 591.5
1078260 591.5
1078270 595.1
1078280 599.1
1078290 599.1
1078300 605.2
1078310 609.8
1078320 609.8
1078330 619.9
1078340 618.1
1078350 618.1
1078360 613.1
1078370 607.5
1078380 602.8
1078390 602.8
1078400 597.9
1078410 590.9
1078420 590.9
1078430 585.4
1078440 579.5
1078450 579.5
1078460 573.1
1078470 567.4
1078480 567.4
1078490 565.4
1078500 566.8
1078510 566.8
1078520 568.7
1078530 570.6
1078540 570.6
1078550 570.4
1078560 568.4
1078570 568.4
1078580 566.4
1078590 564.6
1078600 564.6
1078610 563.2
1078620 562.6
1078630 562.6
1078640 563.6
1078650 562.4
1078660 560.8
1078670 560.8
1078680 561.7
1078690 560.8
1078700 560.8
1078710 560.2
1078720 561.4
1078730 561.4
1078740 566.5
1078750 572.5
1078760 572.5
1078770 574.9
1078780 573.1
1078790 573.1
1078800 566.9
1078810 559.1
1078820 559.1
1078830 557.5
1078840 558.6
1078850 558.6
1078860 558.7
1078870 564.2
1078880 569.5
1078890 569.5
1078900 572.6
1078910 574.9
1078920 574.9
1078930 577.6
1078940 579.0
1078950 569.6
1078960 564.4
1078970 559.6
1078980 559.6
1078990 554.9
1079000 552.7
1079010 552.7
1079020 552.7
1079030 554.8
1079040 554.8
1079050 554.6
1079060 552.7
1079070 552.7
1079080 550.2
1079090 551.2
1079100 551.2
1079110 552.7
1079120 553.7
1079130 556.8
1079140 556.8
1079150 560.6
1079160 563.0
1079170 563.0
1079180 564.1
1079190 565.1
1079200 565.1
1079210 567.5
1079220 570.5
1079230 570.5
1079240 571.4
1079250 571.0
1079260 571.0
1079270 561.3
1079280 561.2
1079290 561.2
1079300 562.9
1079310 566.2
1079320 566.2
1079330 564.8
1079340 566.1
1079350 566.1
1079360 565.5
1079370 564.4
1079380 563.4
1079390 563.4
1079400 562.4
1079410 562.6
1079420 562.6
1079430 563.0
1079440 563.1
1079450 563.1
1079460 563.0
1079470 561.5
1079480 561.5
1079490 560.5
1079500 559.7
1079510 559.7
1079520 558.9
1079530 558.7
1079540 558.7
1079550 558.5
1079560 558.2
1079570 558.2
1079580 556.7
1079590 555.6
1079600 555.6
1079610 555.4
1079620 554.7
1079630 552.8
1079640 552.8
1079650 552.0
1079660 552.0
1079670 552.0
1079680 551.6
1079690 549.7
1079700 549.7
1079710 548.9
1079720 548.9
1079730 548.9
1079740 549.8
1079750 549.8
1079760 549.8
1079770 549.9
1079780 551.0
1079790 551.0
1079800 551.0
1079810 550.9
1079820 550.9
1079830 550.3
1079840 550.1
1079850 550.1
1079860 549.9
1079870 548.0
1079880 546.3
1079890 545.9
1079900 544.1
1079910 541.3
1079920 541.3
1079930 538.8
1079940 536.6
1079950 536.6
1079960 535.2
1079970 534.8
1079980 534.8
1079990 533.5
