1065390 1565.9
1065400 1568.1
1065410 1568.1
1065420 1571.0
1065430 1573.7
1065440 1573.7
1065450 1576.4
1065460 1579.5
1065470 1579.5
1065480 1583.5
1065490 1588.6
1065500 1593.2
1065510 1593.2
1065520 1597.4
1065530 1601.5
1065540 1601.5
1065550 1605.3
1065560 1608.4
1065570 1608.4
1065580 1612.6
1065590 1616.2
1065600 1616.2
1065610 1619.2
1065620 1622.1
1065630 1622.1
1065640 1625.0
1065650 1627.4
1065660 1627.4
1065670 1628.4
1065680 1628.5
1065690 1628.5
1065700 1627.1
1065710 1623.3
1065720 1623.3
1065730 1619.0
1065740 1614.1
1065750 1608.5
1065760 1608.5
1065770 1602.7
1065780 1596.3
1065790 1596.3
1065800 1589.4
1065810 1582.5
1065820 1582.5
1065830 1575.5
1065840 1569.7
1065850 1569.7
1065860 1565.3
1065870 1556.2
1065880 1556.2
1065890 1551.2
1065900 1546.8
1065910 1546.8
1065920 1542.3
1065930 1537.7
1065940 1537.7
1065950 1533.7
1065960 1529.6
1065970 1529.6
1065980 1524.9
1065990 1519.8
1066000 1515.5
1066010 1515.5
1066020 1511.0
1066030 1506.6
1066040 1506.6
1066050 1502.6
1066060 1498.3
1066070 1498.3
1066080 1494.6
1066090 1491.0
1066100 1491.0
1066110 1486.9
1066120 1481.5
1066130 1481.5
1066140 1476.4
1066150 1473.6
1066160 1473.6
1066170 1469.2
1066180 1467.7
1066190 1467.7
1066200 1465.3
1066210 1463.2
1066220 1463.2
1066230 1461.5
1066240 1459.9
1066250 1458.4
1066260 1458.4
1066270 1457.3
1066280 1456.1
1066290 1456.1
1066300 1454.3
1066310 1452.3
1066320 1452.3
1066330 1450.9
1066340 1449.5
1066350 1449.5
1066360 1448.2
1066370 1447.1
1066380 1447.1
1066390 1445.1
1066400 1442.8
1066410 1442.8
1066420 1440.9
1066430 1439.2
1066440 1439.2
1066450 1436.9
1066460 1433.7
1066470 1433.3
1066480 1430.0
1066490 1427.3
1066500 1425.8
1066510 1425.8
1066520 1424.9
1066530 1422.2
1066540 1422.2
1066550 1417.8
1066560 1412.8
1066570 1412.8
1066580 1407.1
1066590 1399.7
1066600 1399.7
1066610 1393.0
1066620 1386.4
1066630 1386.4
1066640 1380.5
1066650 1375.0
1066660 1375.0
1066670 1369.4
1066680 1364.0
1066690 1364.0
1066700 1359.1
1066710 1355.2
1066720 1355.2
1066730 1353.0
1066740 1349.5
1066750 1346.2
1066760 1346.2
1066770 1344.1
1066780 1335.9
1066790 1335.9
1066800 1333.4
1066810 1331.9
1066820 1331.9
1066830 1329.7
1066840 1328.1
1066850 1328.1
1066860 1326.7
1066870 1323.6
1066880 1323.6
1066890 1320.3
1066900 1316.4
1066910 1316.4
1066920 1311.5
1066930 1305.6
1066940 1305.6
1066950 1300.2
1066960 1294.7
1066970 1294.7
1066980 1288.7
1066990 1282.3
1067000 1282.3
1067010 1278.8
1067020 1279.6
1067030 1280.3
1067040 1280.3
1067050 1279.0
1067060 1277.6
1067070 1277.6
1067080 1272.0
1067090 1273.9
1067100 1273.9
1067110 1275.5
1067120 1275.7
1067130 1275.7
1067140 1273.7
1067150 1270.6
1067160 1270.6
1067170 1267.9
1067180 1265.7
1067190 1265.7
1067200 1263.1
1067210 1259.3
1067220 1259.3
1067230 1254.3
1067240 1251.8
1067250 1251.8
1067260 1252.7
1067270 1251.6
1067280 1245.4
1067290 1245.4
1067300 1238.2
1067310 1231.9
1067320 1231.9
1067330 1226.5
1067340 1221.6
1067350 1221.6
1067360 1218.1
1067370 1213.7
1067380 1213.7
1067390 1208.5
1067400 1208.8
1067410 1208.8
1067420 1210.1
1067430 1210.5
1067440 1210.5
1067450 1208.9
1067460 1207.2
1067470 1207.2
1067480 1204.5
1067490 1202.0
1067500 1202.0
1067510 1198.4
1067520 1193.7
1067530 1189.8
1067540 1189.8
1067550 1185.8
1067560 1182.0
1067570 1182.0
1067580 1178.2
1067590 1173.7
1067600 1173.7
1067610 1169.1
1067620 1164.5
1067630 1164.5
1067640 1159.6
1067650 1154.5
1067660 1154.5
1067670 1149.6
1067680 1144.3
1067690 1141.7
1067700 1136.5
1067710 1132.0
1067720 1132.0
1067730 1127.5
1067740 1123.0
1067750 1123.0
1067760 1119.0
1067770 1114.8
1067780 1110.6
1067790 1110.6
1067800 1106.1
1067810 1101.4
1067820 1101.4
1067830 1096.1
1067840 1091.3
1067850 1091.3
1067860 1086.6
1067870 1081.8
1067880 1081.8
1067890 1076.8
1067900 1072.3
1067910 1072.3
1067920 1067.4
1067930 1062.4
1067940 1062.4
1067950 1057.0
1067960 1051.9
1067970 1051.9
1067980 1046.9
1067990 1042.2
1068000 1041.3
1068010 1037.5
1068020 1034.7
1068030 1031.4
1068040 1031.4
1068050 1026.7
1068060 1021.5
1068070 1021.5
1068080 1016.1
1068090 1010.7
1068100 1010.7
1068110 1005.7
1068120 1001.6
1068130 1001.6
1068140 997.8
1068150 993.4
1068160 993.4
1068170 988.7
1068180 984.8
1068190 984.8
1068200 982.3
1068210 976.7
1068220 976.7
1068230 970.4
1068240 965.3
1068250 965.3
1068260 960.5
1068270 956.0
1068280 950.9
1068290 950.9
1068300 946.9
1068310 942.4
1068320 942.4
1068330 937.8
1068340 933.2
1068350 933.2
1068360 928.7
1068370 927.6
1068380 927.6
1068390 928.2
1068400 926.8
1068410 926.8
1068420 922.5
1068430 917.6
1068440 917.6
1068450 914.2
1068460 911.8
1068470 911.8
1068480 908.1
1068490 903.9
1068500 903.9
1068510 898.8
1068520 895.1
1068530 891.0
1068540 891.0
1068550 887.3
1068560 883.8
1068570 883.8
1068580 879.7
1068590 874.6
1068600 874.6
1068610 866.3
1068620 860.8
1068630 860.8
1068640 854.5
1068650 847.7
1068660 847.7
1068670 842.5
1068680 837.5
1068690 837.5
1068700 832.5
1068710 826.5
1068720 826.5
1068730 819.0
1068740 811.3
1068750 811.3
1068760 803.0
1068770 794.7
1068780 785.9
1068790 785.9
1068800 776.6
1068810 768.1
1068820 768.1
1068830 760.0
1068840 751.1
1068850 751.1
1068860 743.4
1068870 736.6
1068880 736.6
1068890 730.4
1068900 724.4
1068910 724.4
1068920 723.7
1068930 722.2
1068940 722.2
1068950 720.1
1068960 715.9
1068970 715.9
1068980 710.3
1068990 708.5
1069000 708.5
1069010 710.5
1069020 712.6
1069030 712.6
1069040 717.6
1069050 722.7
1069060 727.0
1069070 727.0
1069080 733.1
1069090 740.5
1069100 740.5
1069110 744.3
1069120 745.1
1069130 745.1
1069140 745.4
1069150 744.5
1069160 744.5
1069170 742.6
1069180 741.8
1069190 741.8
1069200 741.5
1069210 742.6
1069220 749.1
1069230 749.6
1069240 754.2
1069250 754.2
1069260 762.7
1069270 763.3
1069280 763.3
1069290 757.7
1069300 756.3
1069310 758.3
1069320 758.3
1069330 760.6
1069340 765.9
1069350 765.9
1069360 771.5
1069370 777.4
1069380 777.4
1069390 781.9
1069400 787.3
1069410 787.3
1069420 793.8
1069430 801.9
1069440 801.9
1069450 807.5
1069460 814.8
1069470 814.8
1069480 820.7
1069490 826.0
1069500 826.0
1069510 832.2
1069520 839.0
1069530 833.4
1069540 842.2
1069550 851.0
1069560 858.5
1069570 858.5
1069580 863.2
1069590 867.9
1069600 867.9
1069610 873.3
1069620 878.0
1069630 878.0
1069640 882.0
1069650 883.7
1069660 883.7
1069670 884.6
1069680 886.8
1069690 886.8
1069700 891.1
1069710 897.5
1069720 897.5
1069730 905.2
1069740 912.5
1069750 912.5
1069760 918.4
1069770 923.6
1069780 923.6
1069790 928.8
1069800 934.3
1069810 940.2
1069820 940.2
1069830 942.9
1069840 949.1
1069850 949.1
1069860 954.9
1069870 961.0
1069880 961.0
1069890 966.9
1069900 972.9
1069910 972.9
1069920 978.8
1069930 984.8
1069940 984.8
1069950 990.4
1069960 995.6
1069970 995.6
1069980 999.7
1069990 1001.8
1070000 1001.8
1070010 1003.1
1070020 1004.3
1070030 1004.3
1070040 1005.6
1070050 1007.6
1070060 1010.0
1070070 1010.0
1070080 1012.3
1070090 1014.5
1070100 1014.5
1070110 1016.7
1070120 1018.6
1070130 1018.6
1070140 1021.9
1070150 1024.0
1070160 1024.0
1070170 1026.0
1070180 1028.7
1070190 1028.7
1070200 1031.9
1070210 1035.2
1070220 1035.2
1070230 1038.4
1070240 1041.9
1070250 1041.9
1070260 1045.3
1070270 1049.2
1070280 1049.2
1070290 1053.5
1070300 1058.3
1070310 1062.9
1070320 1062.9
1070330 1067.6
1070340 1071.6
1070350 1071.6
1070360 1075.5
1070370 1080.3
1070380 1080.3
1070390 1085.0
1070400 1090.1
1070410 1090.1
1070420 1095.0
1070430 1099.3
1070440 1099.3
1070450 1103.1
1070460 1107.8
1070470 1107.8
1070480 1112.5
1070490 1117.6
1070500 1117.6
1070510 1122.8
1070520 1128.1
1070530 1128.1
1070540 1133.8
1070550 1139.7
1070560 1144.8
1070570 1144.8
1070580 1150.5
1070590 1155.9
1070600 1155.9
1070610 1161.6
1070620 1166.8
1070630 1166.8
1070640 1170.8
1070650 1173.1
1070660 1173.1
1070670 1175.3
1070680 1178.5
1070690 1178.5
1070700 1182.1
1070710 1185.9
1070720 1185.9
1070730 1189.4
1070740 1192.5
1070750 1196.9
1070760 1200.8
1070770 1204.4
1070780 1204.4
1070790 1208.4
1070800 1212.3
1070810 1216.3
1070820 1216.3
1070830 1220.1
1070840 1224.9
1070850 1224.9
1070860 1230.0
1070870 1235.6
1070880 1235.6
1070890 1240.8
1070900 1244.8
1070910 1244.8
1070920 1249.8
1070930 1252.4
1070940 1252.4
1070950 1253.7
1070960 1255.4
1070970 1255.4
1070980 1258.6
1070990 1263.2
1071000 1263.2
1071010 1269.9
1071020 1276.7
1071030 1276.7
1071040 1283.4
1071050 1289.5
1071060 1290.1
1071070 1296.4
1071080 1302.6
1071090 1308.4
1071100 1308.4
1071110 1313.8
1071120 1318.7
1071130 1318.7
1071140 1323.3
1071150 1328.2
1071160 1328.2
1071170 1333.2
1071180 1338.9
1071190 1338.9
1071200 1344.5
1071210 1349.6
1071220 1349.6
1071230 1354.1
1071240 1358.3
1071250 1358.3
1071260 1362.3
1071270 1366.1
1071280 1366.1
1071290 1369.6
1071300 1372.7
1071310 1372.7
1071320 1375.7
1071330 1378.6
1071340 1381.5
1071350 1381.5
1071360 1383.9
1071370 1387.6
1071380 1387.6
1071390 1389.9
1071400 1391.5
1071410 1391.5
1071420 1393.0
1071430 1394.1
1071440 1394.1
1071450 1395.2
1071460 1396.3
1071470 1396.3
1071480 1397.6
1071490 1399.3
1071500 1399.3
1071510 1400.9
1071520 1402.4
1071530 1402.4
1071540 1403.9
1071550 1405.0
1071560 1405.0
1071570 1405.7
1071580 1406.0
1071590 1406.2
1071600 1406.2
1071610 1405.9
1071620 1405.3
1071630 1405.3
1071640 1403.8
1071650 1401.2
1071660 1401.2
1071670 1396.4
1071680 1394.5
1071690 1394.5
1071700 1388.1
1071710 1382.3
1071720 1382.3
1071730 1376.9
1071740 1371.8
1071750 1371.8
1071760 1366.7
1071770 1363.2
1071780 1363.2
1071790 1358.6
1071800 1353.8
1071810 1353.8
1071820 1350.6
1071830 1347.3
1071840 1344.7
1071850 1344.7
1071860 1341.8
1071870 1338.7
1071880 1338.7
1071890 1336.0
1071900 1334.0
1071910 1334.0
1071920 1332.1
1071930 1329.2
1071940 1329.2
1071950 1325.1
1071960 1320.5
1071970 1320.5
1071980 1314.0
1071990 1307.2
1072000 1307.2
1072010 1302.6
1072020 1298.8
1072030 1298.8
1072040 1295.2
1072050 1291.7
1072060 1291.7
1072070 1287.2
1072080 1284.4
1072090 1283.1
1072100 1283.1
1072110 1278.9
1072120 1274.5
1072130 1274.5
1072140 1268.8
1072150 1264.6
1072160 1264.6
1072170 1260.8
1072180 1255.6
1072190 1255.6
1072200 1250.6
1072210 1247.1
1072220 1247.1
1072230 1242.8
1072240 1238.7
1072250 1238.7
1072260 1235.1
1072270 1231.2
1072280 1231.2
1072290 1233.0
1072300 1229.3
1072310 1229.3
1072320 1226.3
1072330 1223.1
1072340 1220.7
1072350 1220.7
1072360 1217.7
1072370 1214.3
1072380 1214.3
1072390 1211.7
1072400 1208.9
1072410 1208.9
1072420 1206.4
1072430 1204.0
1072440 1204.0
1072450 1202.3
1072460 1200.1
1072470 1200.1
1072480 1196.3
1072490 1192.1
1072500 1192.1
1072510 1189.2
1072520 1186.5
1072530 1186.5
1072540 1183.4
1072550 1180.5
1072560 1180.5
1072570 1176.4
1072580 1172.4
1072590 1168.7
1072600 1174.2
1072610 1168.6
1072620 1168.8
1072630 1168.8
1072640 1165.8
1072650 1163.4
1072660 1163.4
1072670 1159.7
1072680 1156.7
1072690 1156.7
1072700 1153.5
1072710 1149.6
1072720 1149.6
1072730 1144.7
1072740 1142.5
1072750 1142.5
1072760 1140.1
1072770 1138.0
1072780 1138.0
1072790 1137.4
1072800 1135.9
1072810 1135.9
1072820 1131.4
1072830 1125.9
1072840 1120.3
1072850 1120.3
1072860 1115.4
1072870 1111.6
1072880 1111.6
1072890 1105.1
1072900 1099.2
1072910 1104.9
1072920 1100.1
1072930 1095.2
1072940 1095.2
1072950 1090.7
1072960 1086.0
1072970 1086.0
1072980 1081.6
1072990 1076.3
1073000 1076.3
1073010 1070.5
1073020 1064.8
1073030 1064.8
1073040 1061.1
1073050 1056.8
1073060 1056.8
1073070 1051.9
1073080 1048.7
1073090 1044.6
1073100 1044.6
1073110 1041.2
1073120 1038.2
1073130 1038.2
1073140 1034.9
1073150 1033.6
1073160 1033.6
1073170 1031.2
1073180 1028.0
1073190 1028.0
1073200 1023.9
1073210 1020.9
1073220 1025.8
1073230 1023.1
1073240 1020.1
1073250 1020.1
1073260 1016.3
1073270 1015.3
1073280 1015.3
1073290 1014.3
1073300 1013.5
1073310 1013.5
1073320 1009.2
1073330 1002.6
1073340 1002.6
1073350 995.7
1073360 995.1
1073370 997.8
1073380 997.8
1073390 1000.0
1073400 1001.1
1073410 1001.1
1073420 1002.2
1073430 1000.4
1073440 1000.4
1073450 994.6
1073460 988.6
1073470 988.6
1073480 982.1
1073490 975.5
1073500 975.5
1073510 970.2
1073520 969.5
1073530 976.0
1073540 976.5
1073550 976.1
1073560 976.1
1073570 973.1
1073580 967.5
1073590 967.5
1073600 961.6
1073610 957.5
1073620 953.4
1073630 953.4
1073640 950.2
1073650 948.4
1073660 948.4
1073670 945.8
1073680 943.1
1073690 943.1
1073700 940.4
1073710 937.4
1073720 937.4
1073730 934.9
1073740 932.9
1073750 932.9
1073760 930.8
1073770 928.1
1073780 928.1
1073790 925.5
1073800 923.1
1073810 923.1
1073820 920.6
1073830 918.3
1073840 919.4
1073850 917.0
1073860 914.8
1073870 912.6
1073880 912.6
1073890 910.8
1073900 909.1
1073910 909.1
1073920 907.3
1073930 906.5
1073940 906.5
1073950 905.3
1073960 903.5
1073970 903.5
1073980 902.5
1073990 900.2
1074000 900.2
1074010 897.8
1074020 895.8
1074030 895.8
1074040 894.4
1074050 893.9
1074060 893.9
1074070 893.5
1074080 893.6
1074090 893.6
1074100 893.9
1074110 894.1
1074120 893.7
1074130 893.7
1074140 893.4
1074150 894.3
1074160 894.3
1074170 892.2
1074180 885.7
1074190 885.7
1074200 879.1
1074210 873.4
1074220 873.4
1074230 869.5
1074240 868.0
1074250 868.0
1074260 867.6
1074270 867.8
1074280 867.8
1074290 867.8
1074300 867.6
1074310 867.6
1074320 866.4
1074330 863.4
1074340 863.4
1074350 861.2
1074360 861.0
1074370 860.1
1074380 860.1
1074390 859.6
1074400 858.1
1074410 858.1
1074420 856.1
1074430 851.8
1074440 851.8
1074450 848.3
1074460 843.8
1074470 843.8
1074480 837.2
1074490 830.5
1074500 830.5
1074510 824.2
1074520 818.7
1074530 818.7
1074540 814.1
1074550 811.4
1074560 811.4
1074570 808.6
1074580 804.5
1074590 804.5
1074600 800.5
1074610 797.8
1074620 796.3
1074630 796.3
1074640 795.2
1074650 794.7
1074660 794.7
1074670 793.1
1074680 788.4
1074690 788.4
1074700 783.0
1074710 779.6
1074720 779.6
1074730 777.5
1074740 774.8
1074750 774.8
1074760 771.1
1074770 766.9
1074780 766.9
1074790 762.7
1074800 754.9
1074810 754.9
1074820 745.5
1074830 740.2
1074840 740.2
1074850 750.6
1074860 759.3
1074870 760.5
1074880 760.5
1074890 760.2
1074900 759.8
1074910 759.8
1074920 759.5
1074930 758.7
1074940 758.7
1074950 758.7
1074960 759.2
1074970 759.2
1074980 759.0
1074990 758.2
1075000 758.2
1075010 757.9
1075020 756.6
1075030 756.6
1075040 755.9
1075050 755.6
1075060 755.6
1075070 754.5
1075080 757.1
1075090 757.1
1075100 758.1
1075110 755.7
1075120 750.8
1075130 750.8
1075140 745.0
1075150 739.6
1075160 739.6
1075170 736.9
1075180 734.3
1075190 734.3
1075200 731.0
1075210 729.2
1075220 729.2
1075230 728.0
1075240 726.8
1075250 726.8
1075260 725.1
1075270 723.4
1075280 723.4
1075290 721.5
1075300 719.5
1075310 719.5
1075320 717.6
1075330 716.2
1075340 716.2
1075350 715.1
1075360 713.9
1075370 713.9
1075380 712.9
1075390 711.8
1075400 710.8
1075410 710.8
1075420 709.9
1075430 709.4
1075440 709.4
1075450 708.6
1075460 707.2
1075470 707.2
1075480 706.0
1075490 705.1
1075500 705.1
1075510 704.7
1075520 703.7
1075530 703.7
1075540 702.5
1075550 701.7
1075560 701.7
1075570 700.9
1075580 700.0
1075590 700.0
1075600 699.2
1075610 698.4
1075620 698.4
1075630 697.6
1075640 696.7
1075650 695.9
1075660 695.9
1075670 695.0
1075680 694.2
1075690 694.2
1075700 693.5
1075710 692.9
1075720 692.9
1075730 692.3
1075740 691.6
1075750 691.6
1075760 691.1
1075770 690.4
1075780 690.4
1075790 689.7
1075800 689.1
1075810 689.1
1075820 688.7
1075830 689.2
1075840 689.2
1075850 690.6
1075860 693.8
1075870 693.8
1075880 696.9
1075890 699.6
1075900 700.9
1075910 700.9
1075920 699.7
1075930 697.9
1075940 697.9
1075950 697.1
1075960 695.4
1075970 695.4
1075980 692.1
1075990 688.3
1076000 688.3
1076010 685.7
1076020 682.8
1076030 682.8
1076040 679.9
1076050 677.7
1076060 677.7
1076070 675.9
1076080 675.3
1076090 675.3
1076100 675.0
1076110 674.7
1076120 674.7
1076130 674.5
1076140 674.4
1076150 674.3
1076160 674.3
1076170 674.3
1076180 674.3
1076190 674.3
1076200 674.2
1076210 674.2
1076220 674.2
1076230 674.1
1076240 674.1
1076250 674.1
1076260 674.0
1076270 674.0
1076280 674.0
1076290 674.0
1076300 674.1
1076310 674.1
1076320 674.7
1076330 674.6
1076340 674.6
1076350 674.6
1076360 674.4
1076370 674.4
1076380 674.2
1076390 674.0
1076400 673.7
1076410 673.7
1076420 673.6
1076430 673.4
1076440 673.4
1076450 673.3
1076460 673.2
1076470 673.2
1076480 673.1
1076490 673.0
1076500 673.0
1076510 673.0
1076520 673.0
1076530 673.0
1076540 673.0
1076550 673.0
1076560 673.0
1076570 672.9
1076580 672.8
1076590 672.8
1076600 672.6
1076610 672.4
1076620 672.4
1076630 672.6
1076640 672.4
1076650 672.3
1076660 672.3
1076670 672.3
1076680 672.3
1076690 672.3
1076700 672.3
1076710 672.3
1076720 672.3
1076730 672.3
1076740 672.3
1076750 672.3
1076760 672.4
1076770 672.4
1076780 672.4
1076790 671.8
1076800 670.1
1076810 670.1
1076820 669.2
1076830 669.2
1076840 669.2
1076850 669.9
1076860 670.9
1076870 670.9
1076880 670.3
1076890 669.0
1076900 668.5
1076910 668.5
1076920 669.3
1076930 670.6
1076940 670.6
1076950 668.5
1076960 669.4
1076970 669.4
1076980 669.6
1076990 668.2
1077000 668.2
1077010 667.3
1077020 667.4
1077030 667.4
1077040 666.9
1077050 666.0
1077060 666.0
1077070 665.4
1077080 665.0
1077090 665.0
1077100 664.7
1077110 664.5
1077120 664.5
1077130 664.4
1077140 664.0
1077150 661.9
1077160 661.9
1077170 659.5
1077180 658.2
1077190 658.2
1077200 657.9
1077210 657.6
1077220 657.6
1077230 657.9
1077240 657.1
1077250 657.1
1077260 657.9
1077270 656.9
1077280 656.9
1077290 651.2
1077300 643.8
1077310 643.8
1077320 636.5
1077330 635.0
1077340 635.0
1077350 632.3
1077360 626.7
1077370 626.7
1077380 622.3
1077390 618.2
1077400 613.4
1077410 613.4
1077420 607.7
1077430 602.5
1077440 602.5
1077450 599.1
1077460 595.8
1077470 595.8
1077480 592.5
1077490 590.2
1077500 590.2
1077510 587.2
1077520 583.8
1077530 583.8
1077540 581.2
1077550 580.3
1077560 580.3
1077570 580.6
1077580 580.8
1077590 580.8
1077600 581.2
1077610 581.2
1077620 581.2
1077630 580.9
1077640 580.6
1077650 580.8
1077660 580.8
1077670 581.3
1077680 581.6
1077690 581.6
1077700 581.3
1077710 580.5
1077720 580.5
1077730 580.2
1077740 580.3
1077750 580.3
1077760 579.9
1077770 580.4
1077780 580.4
1077790 580.3
1077800 577.2
1077810 577.2
1077820 573.0
1077830 567.5
1077840 567.5
1077850 562.3
1077860 561.8
1077870 561.8
1077880 568.6
1077890 571.2
1077900 571.2
1077910 571.9
1077920 569.2
1077930 564.6
1077940 564.6
1077950 559.8
1077960 555.0
1077970 555.0
1077980 552.1
1077990 549.8
1078000 549.8
1078010 547.9
1078020 545.7
1078030 545.7
1078040 544.7
1078050 544.3
1078060 544.3
1078070 543.8
1078080 542.3
1078090 542.3
1078100 541.4
1078110 541.2
1078120 541.2
1078130 541.0
1078140 540.7
1078150 540.7
1078160 540.4
1078170 539.6
1078180 538.6
1078190 538.6
1078200 539.0
1078210 538.2
1078220 538.2
1078230 537.5
1078240 536.6
1078250 536.6
1078260 535.2
1078270 533.7
1078280 533.7
1078290 532.6
1078300 531.5
1078310 531.5
1078320 530.5
1078330 529.9
1078340 529.9
1078350 529.4
1078360 528.5
1078370 528.5
1078380 528.0
1078390 528.1
1078400 528.1
1078410 528.6
1078420 529.0
1078430 529.3
1078440 529.3
1078450 529.0
1078460 528.4
1078470 528.4
1078480 527.8
1078490 527.2
1078500 527.2
1078510 527.3
1078520 526.0
1078530 526.0
1078540 524.8
1078550 523.9
1078560 523.9
1078570 523.6
1078580 524.1
1078590 524.1
1078600 525.1
1078610 525.9
1078620 525.9
1078630 525.9
1078640 525.6
1078650 525.6
1078660 525.3
1078670 524.1
1078680 522.8
1078690 522.8
1078700 521.9
1078710 520.6
1078720 520.6
1078730 519.1
1078740 518.9
1078750 518.9
1078760 519.9
1078770 521.0
1078780 521.0
1078790 521.9
1078800 522.1
1078810 522.1
1078820 523.4
1078830 523.1
1078840 523.1
1078850 523.3
1078860 523.0
1078870 523.0
1078880 523.8
1078890 525.4
1078900 525.4
1078910 525.8
1078920 525.6
1078930 525.3
1078940 525.3
1078950 523.8
1078960 521.6
1078970 521.6
1078980 520.8
1078990 520.3
1079000 520.3
1079010 519.3
1079020 517.1
1079030 517.1
1079040 514.7
1079050 512.1
1079060 512.1
1079070 510.0
1079080 508.8
1079090 508.8
1079100 508.0
1079110 507.4
1079120 507.4
1079130 507.1
1079140 509.7
1079150 509.7
1079160 508.3
1079170 507.7
1079180 507.7
1079190 507.7
1079200 507.7
1079210 507.8
1079220 507.8
1079230 508.2
1079240 508.1
1079250 508.1
1079260 508.3
1079270 508.5
1079280 508.5
1079290 508.6
1079300 508.7
1079310 508.7
1079320 508.8
1079330 509.0
1079340 509.0
1079350 509.2
1079360 509.5
1079370 509.5
1079380 509.8
1079390 510.1
1079400 510.1
1079410 510.2
1079420 510.6
1079430 510.9
1079440 510.9
1079450 511.3
1079460 511.6
1079470 511.6
1079480 511.8
1079490 512.1
1079500 512.1
1079510 512.3
1079520 512.6
1079530 512.6
1079540 512.8
1079550 513.0
1079560 513.0
1079570 513.1
1079580 513.3
1079590 513.3
1079600 513.5
1079610 513.8
1079620 513.8
1079630 514.1
1079640 514.3
1079650 514.3
1079660 514.6
1079670 514.8
1079680 514.8
1079690 514.8
1079700 514.8
1079710 514.8
1079720 514.8
1079730 515.1
1079740 515.3
1079750 515.3
1079760 515.7
1079770 515.8
1079780 515.8
1079790 516.0
1079800 516.1
1079810 516.1
1079820 516.3
1079830 515.9
1079840 515.9
1079850 516.1
1079860 516.2
1079870 516.2
1079880 516.2
1079890 516.3
1079900 516.3
1079910 516.3
1079920 516.5
1079930 516.6
1079940 516.6
1079950 516.7
1079960 517.0
1079970 517.0
1079980 517.6
1079990 517.5
