1065420 1512.9
1065430 1518.4
1065440 1518.4
1065450 1525.5
1065460 1545.0
1065470 1553.9
1065480 1553.9
1065490 1561.9
1065500 1570.0
1065510 1570.0
1065520 1577.8
1065530 1585.2
1065540 1585.2
1065550 1592.4
1065560 1599.7
1065570 1599.7
1065580 1606.9
1065590 1614.3
1065600 1614.3
1065610 1621.2
1065620 1628.0
1065630 1628.0
1065640 1634.5
1065650 1640.9
1065660 1640.9
1065670 1646.9
1065680 1652.2
1065690 1652.2
1065700 1655.1
1065710 1652.0
1065720 1646.3
1065730 1646.3
1065740 1638.6
1065750 1629.1
1065760 1629.1
1065770 1621.8
1065780 1612.1
1065790 1612.1
1065800 1602.3
1065810 1592.4
1065820 1592.4
1065830 1582.0
1065840 1572.3
1065850 1572.3
1065860 1564.8
1065870 1559.5
1065880 1559.5
1065890 1554.5
1065900 1549.6
1065910 1549.6
1065920 1543.7
1065930 1537.0
1065940 1537.0
1065950 1531.2
1065960 1526.6
1065970 1526.6
1065980 1522.3
1065990 1517.8
1066000 1512.7
1066010 1512.7
1066020 1508.4
1066030 1504.6
1066040 1504.6
1066050 1500.7
1066060 1496.7
1066070 1498.4
1066080 1495.2
1066090 1492.0
1066100 1492.0
1066110 1488.1
1066120 1485.6
1066130 1485.6
1066140 1484.3
1066150 1479.8
1066160 1479.8
1066170 1474.5
1066180 1469.0
1066190 1469.0
1066200 1463.1
1066210 1455.7
1066220 1455.7
1066230 1449.2
1066240 1443.5
1066250 1438.1
1066260 1438.1
1066270 1432.9
1066280 1429.8
1066290 1429.8
1066300 1427.4
1066310 1424.3
1066320 1424.3
1066330 1421.0
1066340 1418.7
1066350 1418.7
1066360 1415.4
1066370 1409.4
1066380 1409.4
1066390 1405.0
1066400 1401.6
1066410 1401.6
1066420 1399.4
1066430 1394.0
1066440 1394.0
1066450 1386.3
1066460 1378.8
1066470 1378.8
1066480 1374.7
1066490 1369.3
1066500 1361.0
1066510 1361.0
1066520 1353.1
1066530 1346.8
1066540 1346.8
1066550 1340.8
1066560 1335.0
1066570 1335.0
1066580 1328.9
1066590 1321.9
1066600 1321.9
1066610 1318.3
1066620 1316.1
1066630 1316.1
1066640 1314.3
1066650 1313.8
1066660 1313.8
1066670 1315.4
1066680 1306.9
1066690 1306.9
1066700 1304.6
1066710 1307.3
1066720 1307.3
1066730 1305.7
1066740 1297.4
1066750 1287.0
1066760 1287.0
1066770 1278.8
1066780 1275.0
1066790 1275.0
1066800 1269.8
1066810 1264.7
1066820 1264.7
1066830 1259.8
1066840 1256.0
1066850 1256.0
1066860 1253.3
1066870 1251.1
1066880 1251.1
1066890 1251.3
1066900 1253.0
1066910 1253.0
1066920 1252.1
1066930 1248.6
1066940 1248.6
1066950 1242.6
1066960 1235.6
1066970 1235.6
1066980 1228.2
1066990 1221.5
1067000 1215.9
1067010 1215.9
1067020 1211.7
1067030 1206.3
1067040 1206.3
1067050 1198.1
1067060 1190.6
1067070 1190.6
1067080 1189.5
1067090 1186.4
1067100 1186.4
1067110 1181.8
1067120 1177.4
1067130 1177.4
1067140 1175.2
1067150 1173.2
1067160 1173.2
1067170 1167.3
1067180 1162.3
1067190 1162.3
1067200 1159.0
1067210 1160.1
1067220 1160.1
1067230 1161.4
1067240 1159.3
1067250 1156.3
1067260 1156.3
1067270 1155.1
1067280 1152.1
1067290 1145.0
1067300 1142.3
1067310 1140.3
1067320 1140.3
1067330 1141.6
1067340 1140.5
1067350 1140.5
1067360 1135.0
1067370 1130.6
1067380 1130.6
1067390 1125.6
1067400 1117.8
1067410 1117.8
1067420 1107.4
1067430 1098.5
1067440 1098.5
1067450 1091.7
1067460 1089.7
1067470 1089.7
1067480 1087.0
1067490 1083.5
1067500 1078.1
1067510 1078.1
1067520 1072.2
1067530 1066.8
1067540 1066.8
1067550 1065.4
1067560 1063.6
1067570 1063.6
1067580 1059.3
1067590 1053.5
1067600 1053.5
1067610 1052.1
1067620 1053.6
1067630 1053.6
1067640 1055.9
1067650 1055.4
1067660 1055.4
1067670 1053.3
1067680 1051.0
1067690 1051.0
1067700 1050.5
1067710 1051.8
1067720 1051.8
1067730 1054.5
1067740 1058.7
1067750 1064.1
1067760 1064.1
1067770 1067.2
1067780 1067.6
1067790 1067.6
1067800 1065.5
1067810 1062.0
1067820 1062.0
1067830 1058.6
1067840 1055.5
1067850 1055.5
1067860 1052.2
1067870 1049.2
1067880 1049.2
1067890 1045.9
1067900 1040.8
1067910 1040.8
1067920 1038.7
1067930 1036.9
1067940 1036.9
1067950 1034.0
1067960 1030.5
1067970 1030.5
1067980 1027.3
1067990 1023.9
1068000 1023.9
1068010 1020.4
1068020 1016.4
1068030 1012.9
1068040 1012.9
1068050 1009.3
1068060 1006.2
1068070 1006.2
1068080 1003.1
1068090 1000.0
1068100 1000.0
1068110 997.0
1068120 993.7
1068130 993.7
1068140 990.4
1068150 987.1
1068160 987.1
1068170 983.2
1068180 979.4
1068190 979.4
1068200 971.5
1068210 968.3
1068220 968.3
1068230 964.8
1068240 961.7
1068250 961.7
1068260 958.3
1068270 955.6
1068280 952.7
1068290 952.7
1068300 949.1
1068310 944.9
1068320 944.9
1068330 940.4
1068340 934.5
1068350 934.5
1068360 928.3
1068370 923.0
1068380 923.0
1068390 920.8
1068400 920.5
1068410 920.5
1068420 921.1
1068430 920.4
1068440 920.4
1068450 918.7
1068460 916.7
1068470 916.7
1068480 915.1
1068490 912.6
1068500 912.6
1068510 915.7
1068520 915.4
1068530 915.7
1068540 915.7
1068550 916.0
1068560 914.9
1068570 914.9
1068580 910.6
1068590 904.6
1068600 904.6
1068610 898.9
1068620 892.3
1068630 892.3
1068640 886.0
1068650 880.2
1068660 880.2
1068670 874.0
1068680 868.1
1068690 868.1
1068700 862.0
1068710 855.8
1068720 855.8
1068730 848.7
1068740 841.7
1068750 841.7
1068760 834.3
1068770 826.9
1068780 819.8
1068790 819.8
1068800 813.2
1068810 808.9
1068820 808.9
1068830 803.5
1068840 798.6
1068850 798.6
1068860 794.2
1068870 790.9
1068880 790.9
1068890 789.4
1068900 789.0
1068910 789.0
1068920 788.5
1068930 787.1
1068940 787.1
1068950 780.9
1068960 770.0
1068970 770.0
1068980 759.9
1068990 752.1
1069000 752.1
1069010 744.8
1069020 738.3
1069030 732.7
1069040 732.7
1069050 728.3
1069060 724.8
1069070 724.8
1069080 721.4
1069090 717.7
1069100 717.7
1069110 717.7
1069120 718.9
1069130 718.9
1069140 722.9
1069150 731.6
1069160 731.6
1069170 742.2
1069180 752.3
1069190 752.3
1069200 767.2
1069210 780.4
1069220 780.4
1069230 789.7
1069240 796.9
1069250 796.9
1069260 803.0
1069270 809.5
1069280 816.0
1069290 816.0
1069300 824.0
1069310 833.2
1069320 833.2
1069330 840.0
1069340 845.4
1069350 845.4
1069360 850.4
1069370 854.9
1069380 854.9
1069390 859.0
1069400 863.7
1069410 863.7
1069420 868.2
1069430 876.1
1069440 876.1
1069450 881.2
1069460 883.1
1069470 883.1
1069480 883.1
1069490 879.9
1069500 879.9
1069510 877.7
1069520 877.1
1069530 877.2
1069540 877.2
1069550 878.8
1069560 883.0
1069570 883.0
1069580 888.5
1069590 895.0
1069600 895.0
1069610 902.3
1069620 908.8
1069630 908.8
1069640 910.7
1069650 908.4
1069660 908.4
1069670 906.5
1069680 910.4
1069690 910.4
1069700 915.5
1069710 921.5
1069720 921.5
1069730 930.8
1069740 934.5
1069750 934.5
1069760 934.3
1069770 931.7
1069780 932.5
1069790 932.5
1069800 930.1
1069810 927.4
1069820 927.4
1069830 933.6
1069840 940.4
1069850 940.4
1069860 947.0
1069870 951.7
1069880 951.7
1069890 953.8
1069900 958.0
1069910 958.0
1069920 962.0
1069930 963.6
1069940 963.6
1069950 965.6
1069960 968.4
1069970 968.4
1069980 967.6
1069990 963.4
1070000 963.4
1070010 960.7
1070020 959.7
1070030 958.8
1070040 963.9
1070050 966.5
1070060 969.2
1070070 969.2
1070080 972.1
1070090 974.7
1070100 974.7
1070110 976.0
1070120 977.5
1070130 977.5
1070140 979.1
1070150 980.9
1070160 980.9
1070170 984.7
1070180 989.3
1070190 989.3
1070200 995.4
1070210 1001.9
1070220 1001.9
1070230 1008.3
1070240 1014.6
1070250 1014.6
1070260 1021.0
1070270 1026.0
1070280 1026.0
1070290 1026.1
1070300 1020.0
1070310 1016.7
1070320 1016.7
1070330 1018.1
1070340 1022.3
1070350 1029.2
1070360 1034.0
1070370 1036.4
1070380 1036.4
1070390 1038.6
1070400 1041.4
1070410 1041.4
1070420 1040.0
1070430 1041.4
1070440 1041.4
1070450 1043.7
1070460 1044.3
1070470 1044.3
1070480 1044.3
1070490 1043.1
1070500 1043.1
1070510 1041.0
1070520 1040.7
1070530 1040.7
1070540 1042.9
1070550 1046.0
1070560 1051.7
1070570 1051.7
1070580 1058.7
1070590 1064.9
1070600 1064.9
1070610 1071.1
1070620 1077.1
1070630 1077.1
1070640 1082.8
1070650 1084.7
1070660 1084.7
1070670 1092.3
1070680 1100.4
1070690 1100.4
1070700 1107.6
1070710 1110.9
1070720 1110.9
1070730 1117.0
1070740 1123.8
1070750 1123.8
1070760 1130.8
1070770 1137.5
1070780 1137.5
1070790 1142.0
1070800 1145.6
1070810 1149.6
1070820 1149.6
1070830 1153.6
1070840 1159.8
1070850 1159.8
1070860 1167.2
1070870 1174.6
1070880 1174.6
1070890 1181.8
1070900 1188.6
1070910 1188.6
1070920 1195.2
1070930 1202.4
1070940 1202.4
1070950 1208.8
1070960 1211.3
1070970 1211.3
1070980 1216.9
1070990 1222.1
1071000 1222.1
1071010 1226.7
1071020 1231.0
1071030 1231.0
1071040 1235.5
1071050 1239.4
1071060 1241.7
1071070 1241.7
1071080 1247.1
1071090 1250.8
1071100 1250.8
1071110 1255.7
1071120 1260.3
1071130 1260.3
1071140 1265.0
1071150 1267.7
1071160 1267.7
1071170 1271.6
1071180 1272.3
1071190 1272.3
1071200 1272.6
1071210 1274.1
1071220 1274.1
1071230 1273.5
1071240 1275.4
1071250 1275.4
1071260 1277.7
1071270 1281.7
1071280 1281.7
1071290 1288.6
1071300 1292.9
1071310 1295.6
1071320 1295.6
1071330 1298.0
1071340 1302.6
1071350 1302.6
1071360 1308.0
1071370 1312.4
1071380 1312.4
1071390 1318.7
1071400 1323.9
1071410 1323.9
1071420 1329.5
1071430 1335.2
1071440 1335.2
1071450 1340.6
1071460 1346.1
1071470 1346.1
1071480 1351.6
1071490 1356.6
1071500 1356.6
1071510 1362.0
1071520 1367.6
1071530 1367.6
1071540 1373.6
1071550 1379.9
1071560 1386.4
1071570 1383.0
1071580 1386.4
1071590 1391.4
1071600 1391.4
1071610 1398.4
1071620 1405.2
1071630 1405.2
1071640 1413.3
1071650 1419.2
1071660 1419.2
1071670 1423.9
1071680 1428.0
1071690 1428.0
1071700 1431.1
1071710 1433.5
1071720 1433.5
1071730 1434.9
1071740 1435.3
1071750 1435.3
1071760 1435.1
1071770 1433.7
1071780 1433.7
1071790 1431.7
1071800 1430.1
1071810 1428.5
1071820 1428.5
1071830 1427.0
1071840 1425.2
1071850 1425.2
1071860 1423.1
1071870 1420.9
1071880 1423.7
1071890 1418.4
1071900 1413.6
1071910 1413.6
1071920 1409.4
1071930 1406.8
1071940 1406.8
1071950 1403.8
1071960 1399.3
1071970 1399.3
1071980 1394.6
1071990 1390.5
1072000 1390.5
1072010 1386.6
1072020 1383.0
1072030 1383.0
1072040 1379.5
1072050 1375.4
1072060 1370.9
1072070 1370.9
1072080 1366.6
1072090 1362.8
1072100 1362.8
1072110 1358.8
1072120 1355.7
1072130 1355.7
1072140 1353.4
1072150 1350.5
1072160 1350.5
1072170 1346.6
1072180 1341.9
1072190 1348.5
1072200 1343.3
1072210 1338.9
1072220 1338.9
1072230 1335.3
1072240 1330.6
1072250 1330.6
1072260 1326.6
1072270 1322.5
1072280 1322.5
1072290 1318.1
1072300 1314.3
1072310 1310.8
1072320 1310.8
1072330 1306.4
1072340 1302.3
1072350 1302.3
1072360 1299.1
1072370 1297.8
1072380 1297.8
1072390 1297.4
1072400 1296.9
1072410 1296.9
1072420 1295.3
1072430 1294.5
1072440 1294.5
1072450 1293.0
1072460 1290.9
1072470 1290.9
1072480 1287.7
1072490 1285.3
1072500 1289.1
1072510 1286.3
1072520 1283.9
1072530 1283.9
1072540 1281.1
1072550 1278.7
1072560 1276.2
1072570 1276.2
1072580 1272.8
1072590 1268.5
1072600 1268.5
1072610 1264.4
1072620 1260.5
1072630 1260.5
1072640 1256.9
1072650 1253.8
1072660 1253.8
1072670 1250.5
1072680 1248.7
1072690 1248.7
1072700 1245.6
1072710 1240.5
1072720 1240.5
1072730 1236.8
1072740 1234.6
1072750 1234.6
1072760 1231.9
1072770 1228.9
1072780 1228.9
1072790 1225.7
1072800 1222.2
1072810 1222.6
1072820 1219.7
1072830 1216.8
1072840 1213.2
1072850 1213.2
1072860 1208.7
1072870 1203.2
1072880 1203.2
1072890 1198.6
1072900 1192.4
1072910 1192.4
1072920 1187.3
1072930 1182.1
1072940 1182.1
1072950 1176.8
1072960 1172.2
1072970 1172.2
1072980 1167.5
1072990 1163.5
1073000 1163.5
1073010 1158.9
1073020 1153.9
1073030 1153.9
1073040 1151.4
1073050 1149.4
1073060 1149.4
1073070 1146.7
1073080 1143.1
1073090 1139.1
1073100 1139.1
1073110 1135.2
1073120 1135.7
1073130 1135.7
1073140 1131.8
1073150 1125.5
1073160 1125.5
1073170 1122.9
1073180 1121.3
1073190 1121.3
1073200 1118.5
1073210 1115.1
1073220 1115.1
1073230 1111.2
1073240 1107.7
1073250 1107.7
1073260 1103.9
1073270 1100.2
1073280 1100.2
1073290 1096.8
1073300 1094.1
1073310 1094.1
1073320 1092.5
1073330 1090.8
1073340 1088.1
1073350 1088.1
1073360 1084.4
1073370 1082.2
1073380 1082.2
1073390 1079.8
1073400 1077.7
1073410 1077.7
1073420 1074.1
1073430 1075.1
1073440 1075.1
1073450 1072.4
1073460 1068.7
1073470 1068.7
1073480 1064.4
1073490 1060.0
1073500 1060.0
1073510 1056.3
1073520 1052.6
1073530 1052.6
1073540 1048.4
1073550 1045.3
1073560 1045.3
1073570 1043.0
1073580 1041.2
1073590 1040.0
1073600 1040.0
1073610 1038.7
1073620 1037.2
1073630 1037.2
1073640 1035.3
1073650 1034.0
1073660 1034.0
1073670 1033.3
1073680 1032.6
1073690 1032.6
1073700 1032.0
1073710 1031.4
1073720 1031.4
1073730 1030.1
1073740 1031.6
1073750 1031.6
1073760 1027.0
1073770 1021.0
1073780 1021.0
1073790 1016.1
1073800 1011.3
1073810 1011.3
1073820 1007.4
1073830 1004.0
1073840 999.9
1073850 999.9
1073860 995.3
1073870 989.3
1073880 989.3
1073890 985.8
1073900 983.0
1073910 983.0
1073920 978.3
1073930 972.2
1073940 972.2
1073950 967.1
1073960 965.1
1073970 965.1
1073980 963.0
1073990 959.3
1074000 959.3
1074010 955.5
1074020 951.6
1074030 951.6
1074040 947.5
1074050 947.0
1074060 947.0
1074070 941.8
1074080 937.2
1074090 933.8
1074100 933.8
1074110 931.4
1074120 928.8
1074130 928.8
1074140 923.6
1074150 917.5
1074160 917.5
1074170 911.8
1074180 907.6
1074190 907.6
1074200 903.8
1074210 900.1
1074220 900.1
1074230 897.5
1074240 896.0
1074250 896.0
1074260 894.3
1074270 891.6
1074280 891.6
1074290 889.4
1074300 884.9
1074310 884.9
1074320 879.0
1074330 871.9
1074340 863.8
1074350 863.8
1074360 859.6
1074370 853.1
1074380 853.1
1074390 846.6
1074400 840.5
1074410 840.5
1074420 834.9
1074430 828.5
1074440 828.5
1074450 819.5
1074460 808.6
1074470 808.6
1074480 798.7
1074490 791.0
1074500 791.0
1074510 796.9
1074520 808.7
1074530 808.7
1074540 822.7
1074550 836.0
1074560 836.0
1074570 844.9
1074580 850.8
1074590 854.1
1074600 854.1
1074610 852.1
1074620 852.1
1074630 852.1
1074640 853.1
1074650 852.3
1074660 852.3
1074670 849.6
1074680 847.5
1074690 847.5
1074700 844.8
1074710 840.4
1074720 840.4
1074730 837.7
1074740 836.7
1074750 836.7
1074760 836.4
1074770 835.5
1074780 835.5
1074790 832.2
1074800 829.9
1074810 829.9
1074820 827.7
1074830 825.6
1074840 823.3
1074850 823.3
1074860 821.4
1074870 820.7
1074880 820.7
1074890 820.0
1074900 816.9
1074910 816.9
1074920 813.2
1074930 810.1
1074940 810.1
1074950 808.6
1074960 807.6
1074970 807.6
1074980 808.4
1074990 806.5
1075000 806.5
1075010 804.0
1075020 800.6
1075030 800.6
1075040 797.3
1075050 793.6
1075060 793.6
1075070 791.9
1075080 790.9
1075090 789.7
1075100 789.7
1075110 787.7
1075120 785.0
1075130 785.0
1075140 783.4
1075150 781.5
1075160 781.5
1075170 780.0
1075180 778.3
1075190 778.3
1075200 774.6
1075210 772.0
1075220 772.0
1075230 770.4
1075240 769.8
1075250 769.8
1075260 768.4
1075270 766.9
1075280 766.9
1075290 766.9
1075300 765.3
1075310 765.3
1075320 763.6
1075330 762.3
1075340 762.3
1075350 761.0
1075360 759.4
1075370 756.6
1075380 756.6
1075390 753.9
1075400 750.8
1075410 750.8
1075420 748.4
1075430 746.9
1075440 746.9
1075450 744.8
1075460 742.3
1075470 742.3
1075480 740.3
1075490 739.3
1075500 739.3
1075510 738.8
1075520 739.7
1075530 739.7
1075540 739.0
1075550 738.1
1075560 738.1
1075570 731.9
1075580 726.7
1075590 726.7
1075600 731.8
1075610 730.0
1075620 727.6
1075630 727.6
1075640 725.6
1075650 722.1
1075660 722.1
1075670 718.9
1075680 714.9
1075690 714.9
1075700 711.3
1075710 710.2
1075720 710.2
1075730 709.1
1075740 707.8
1075750 707.8
1075760 706.4
1075770 705.6
1075780 705.6
1075790 704.5
1075800 703.3
1075810 703.3
1075820 701.9
1075830 700.4
1075840 700.4
1075850 698.9
1075860 697.4
1075870 695.9
1075880 695.9
1075890 694.8
1075900 693.9
1075910 695.3
1075920 694.3
1075930 692.6
1075940 692.6
1075950 691.2
1075960 689.4
1075970 689.4
1075980 687.5
1075990 686.3
1076000 686.3
1076010 686.0
1076020 686.0
1076030 686.0
1076040 686.2
1076050 686.1
1076060 686.1
1076070 686.3
1076080 686.5
1076090 686.5
1076100 686.9
1076110 687.5
1076120 688.0
1076130 688.0
1076140 688.4
1076150 688.9
1076160 688.9
1076170 689.6
1076180 690.2
1076190 690.2
1076200 690.4
1076210 690.5
1076220 691.7
1076230 691.9
1076240 692.1
1076250 692.1
1076260 692.2
1076270 692.3
1076280 692.3
1076290 692.1
1076300 691.9
1076310 691.9
1076320 692.0
1076330 691.9
1076340 691.9
1076350 691.7
1076360 691.7
1076370 691.5
1076380 691.5
1076390 691.2
1076400 690.8
1076410 690.8
1076420 690.4
1076430 690.1
1076440 690.1
1076450 689.6
1076460 689.4
1076470 689.4
1076480 689.2
1076490 689.1
1076500 689.1
1076510 688.9
1076520 688.7
1076530 689.6
1076540 689.2
1076550 688.8
1076560 688.8
1076570 688.3
1076580 688.3
1076590 688.3
1076600 687.8
1076610 687.0
1076620 686.5
1076630 686.5
1076640 686.1
1076650 685.5
1076660 685.5
1076670 685.1
1076680 684.3
1076690 684.3
1076700 683.6
1076710 683.0
1076720 683.0
1076730 682.4
1076740 682.0
1076750 682.0
1076760 681.5
1076770 681.1
1076780 681.1
1076790 680.6
1076800 680.1
1076810 680.1
1076820 679.3
1076830 677.0
1076840 674.7
1076850 675.9
1076860 678.3
1076870 677.5
1076880 677.5
1076890 676.0
1076900 675.0
1076910 675.0
1076920 674.3
1076930 673.2
1076940 673.2
1076950 672.3
1076960 671.7
1076970 671.7
1076980 671.2
1076990 670.8
1077000 670.8
1077010 670.6
1077020 670.4
1077030 670.4
1077040 670.4
1077050 670.5
1077060 670.5
1077070 671.2
1077080 672.4
1077090 672.4
1077100 671.8
1077110 669.7
1077120 668.2
1077130 668.2
1077140 666.4
1077150 663.0
1077160 666.9
1077170 663.9
1077180 660.8
1077190 660.8
1077200 658.3
1077210 655.4
1077220 655.4
1077230 652.5
1077240 650.8
1077250 650.8
1077260 650.8
1077270 650.8
1077280 650.8
1077290 650.8
1077300 650.7
1077310 650.7
1077320 650.9
1077330 652.8
1077340 652.8
1077350 655.9
1077360 658.5
1077370 660.2
1077380 660.2
1077390 660.7
1077400 661.0
1077410 661.0
1077420 661.4
1077430 661.8
1077440 661.8
1077450 662.0
1077460 662.1
1077470 662.8
1077480 662.7
1077490 661.9
1077500 661.9
1077510 661.2
1077520 660.0
1077530 660.0
1077540 655.7
1077550 649.1
1077560 649.1
1077570 642.5
1077580 636.1
1077590 636.1
1077600 630.1
1077610 625.5
1077620 624.4
1077630 624.4
1077640 626.2
1077650 626.1
1077660 626.1
1077670 622.6
1077680 617.3
1077690 617.3
1077700 612.8
1077710 608.5
1077720 608.5
1077730 607.4
1077740 607.0
1077750 607.0
1077760 606.4
1077770 605.3
1077780 606.9
1077790 605.7
1077800 604.4
1077810 604.4
1077820 603.2
1077830 602.1
1077840 602.1
1077850 601.3
1077860 600.6
1077870 599.7
1077880 599.7
1077890 599.7
1077900 601.6
1077910 601.6
1077920 605.4
1077930 609.7
1077940 609.7
1077950 609.7
1077960 609.3
1077970 609.3
1077980 609.2
1077990 609.4
1078000 609.4
1078010 609.2
1078020 605.9
1078030 605.9
1078040 599.8
1078050 593.3
1078060 593.3
1078070 586.9
1078080 582.1
1078090 582.4
1078100 578.0
1078110 573.5
1078120 573.5
1078130 571.9
1078140 571.8
1078150 571.0
1078160 571.0
1078170 569.9
1078180 568.7
1078190 568.7
1078200 568.0
1078210 568.3
1078220 568.3
1078230 570.3
1078240 571.6
1078250 571.6
1078260 571.5
1078270 571.2
1078280 571.2
1078290 571.3
1078300 572.6
1078310 572.6
1078320 574.9
1078330 575.2
1078340 575.2
1078350 574.5
1078360 573.5
1078370 573.5
1078380 572.7
1078390 572.1
1078400 571.7
1078410 571.7
1078420 571.5
1078430 571.3
1078440 571.3
1078450 571.4
1078460 571.2
1078470 571.2
1078480 571.3
1078490 571.5
1078500 571.5
1078510 572.1
1078520 573.7
1078530 573.7
1078540 575.8
1078550 577.5
1078560 577.5
1078570 579.2
1078580 581.4
1078590 581.4
1078600 583.5
1078610 585.6
1078620 585.6
1078630 586.4
1078640 581.4
1078650 575.8
1078660 575.8
1078670 572.2
1078680 571.9
1078690 571.9
1078700 572.7
1078710 574.3
1078720 574.7
1078730 575.6
1078740 576.2
1078750 576.2
1078760 573.6
1078770 570.2
1078780 570.2
1078790 567.9
1078800 567.7
1078810 567.7
1078820 567.1
1078830 566.9
1078840 566.9
1078850 566.6
1078860 565.0
1078870 565.0
1078880 563.7
1078890 563.0
1078900 562.3
1078910 562.3
1078920 560.0
1078930 555.0
1078940 555.0
1078950 548.5
1078960 542.8
1078970 542.8
1078980 537.3
1078990 533.9
1079000 533.9
1079010 533.3
1079020 532.3
1079030 533.0
1079040 532.1
1079050 531.7
1079060 531.7
1079070 530.4
1079080 527.8
1079090 527.8
1079100 525.9
1079110 524.7
1079120 524.7
1079130 523.7
1079140 522.9
1079150 522.6
1079160 522.6
1079170 522.4
1079180 522.3
1079190 522.3
1079200 522.5
1079210 523.0
1079220 523.0
1079230 523.9
1079240 525.2
1079250 525.2
1079260 526.5
1079270 527.2
1079280 527.2
1079290 527.4
1079300 526.9
1079310 526.9
1079320 525.4
1079330 522.8
1079340 522.8
1079350 527.2
1079360 525.6
1079370 525.6
1079380 522.4
1079390 518.6
1079400 517.1
1079410 517.1
1079420 516.8
1079430 516.8
1079440 516.8
1079450 516.9
1079460 517.0
1079470 517.0
1079480 517.1
1079490 517.5
1079500 517.5
1079510 518.0
1079520 518.4
1079530 518.4
1079540 518.7
1079550 518.8
1079560 518.8
1079570 519.3
1079580 520.7
1079590 520.7
1079600 521.0
1079610 520.8
1079620 520.8
1079630 520.6
1079640 520.4
1079650 520.5
1079660 520.8
1079670 521.1
1079680 521.3
1079690 521.3
1079700 521.6
1079710 521.9
1079720 521.9
1079730 522.6
1079740 522.8
1079750 522.8
1079760 522.9
1079770 523.6
1079780 523.6
1079790 523.3
1079800 523.5
1079810 523.5
1079820 523.7
1079830 524.0
1079840 524.0
1079850 523.9
1079860 523.4
1079870 523.4
1079880 523.4
1079890 523.2
1079900 522.9
1079910 522.9
1079920 522.6
1079930 522.9
1079940 522.9
1079950 523.5
1079960 523.6
1079970 523.8
1079980 523.9
1079990 524.6
