1065420 1531.2
1065430 1531.2
1065440 1535.1
1065450 1542.5
1065460 1542.5
1065470 1550.0
1065480 1557.1
1065490 1557.1
1065500 1564.7
1065510 1572.0
1065520 1572.7
1065530 1579.9
1065540 1587.2
1065550 1594.4
1065560 1594.4
1065570 1601.6
1065580 1608.9
1065590 1608.9
1065600 1616.2
1065610 1623.5
1065620 1623.5
1065630 1630.7
1065640 1637.8
1065650 1637.8
1065660 1644.4
1065670 1650.7
1065680 1650.7
1065690 1657.1
1065700 1662.7
1065710 1662.7
1065720 1666.3
1065730 1665.3
1065740 1665.3
1065750 1660.3
1065760 1653.9
1065770 1653.9
1065780 1647.6
1065790 1640.3
1065800 1632.5
1065810 1632.5
1065820 1625.3
1065830 1616.7
1065840 1616.7
1065850 1608.2
1065860 1600.3
1065870 1600.3
1065880 1592.5
1065890 1584.2
1065900 1584.2
1065910 1576.0
1065920 1567.8
1065930 1567.8
1065940 1559.1
1065950 1550.6
1065960 1550.6
1065970 1543.2
1065980 1537.0
1065990 1537.0
1066000 1532.1
1066010 1527.5
1066020 1527.5
1066030 1523.1
1066040 1518.7
1066050 1514.6
1066060 1514.6
1066070 1510.6
1066080 1506.6
1066090 1506.6
1066100 1502.2
1066110 1497.9
1066120 1497.9
1066130 1492.6
1066140 1487.2
1066150 1487.2
1066160 1481.2
1066170 1474.4
1066180 1474.4
1066190 1468.6
1066200 1462.7
1066210 1462.7
1066220 1457.4
1066230 1453.2
1066240 1453.2
1066250 1449.1
1066260 1444.2
1066270 1444.2
1066280 1439.4
1066290 1433.9
1066300 1427.9
1066310 1427.9
1066320 1422.2
1066330 1416.8
1066340 1416.8
1066350 1411.8
1066360 1406.6
1066370 1406.6
1066380 1401.9
1066390 1396.9
1066400 1396.9
1066410 1390.6
1066420 1384.1
1066430 1387.4
1066440 1381.8
1066450 1377.7
1066460 1377.7
1066470 1373.9
1066480 1369.0
1066490 1369.0
1066500 1364.8
1066510 1360.8
1066520 1360.8
1066530 1357.5
1066540 1353.5
1066550 1353.5
1066560 1348.1
1066570 1342.9
1066580 1338.7
1066590 1338.7
1066600 1333.8
1066610 1328.1
1066620 1328.1
1066630 1322.7
1066640 1317.2
1066650 1317.2
1066660 1312.2
1066670 1308.1
1066680 1308.1
1066690 1304.1
1066700 1300.6
1066710 1300.6
1066720 1296.3
1066730 1291.3
1066740 1294.5
1066750 1289.3
1066760 1284.0
1066770 1284.0
1066780 1278.5
1066790 1271.8
1066800 1271.8
1066810 1272.8
1066820 1276.3
1066830 1275.5
1066840 1275.5
1066850 1271.0
1066860 1263.3
1066870 1263.3
1066880 1256.7
1066890 1251.9
1066900 1251.9
1066910 1249.7
1066920 1247.0
1066930 1247.0
1066940 1242.1
1066950 1238.2
1066960 1238.2
1066970 1234.3
1066980 1230.2
1066990 1230.2
1067000 1225.0
1067010 1220.2
1067020 1220.2
1067030 1214.9
1067040 1219.0
1067050 1219.0
1067060 1213.7
1067070 1208.0
1067080 1201.3
1067090 1201.3
1067100 1194.8
1067110 1191.3
1067120 1191.3
1067130 1189.2
1067140 1186.3
1067150 1186.3
1067160 1181.9
1067170 1175.0
1067180 1175.0
1067190 1169.2
1067200 1163.3
1067210 1163.3
1067220 1155.7
1067230 1149.4
1067240 1149.4
1067250 1145.9
1067260 1142.4
1067270 1142.4
1067280 1136.7
1067290 1131.0
1067300 1131.0
1067310 1122.2
1067320 1112.7
1067330 1105.1
1067340 1105.1
1067350 1095.8
1067360 1094.1
1067370 1094.1
1067380 1086.0
1067390 1071.8
1067400 1071.8
1067410 1065.6
1067420 1061.1
1067430 1061.1
1067440 1054.2
1067450 1049.9
1067460 1049.9
1067470 1046.1
1067480 1041.8
1067490 1041.8
1067500 1038.7
1067510 1035.8
1067520 1035.8
1067530 1031.4
1067540 1027.0
1067550 1027.0
1067560 1024.6
1067570 1021.9
1067580 1016.5
1067590 1016.5
1067600 1013.3
1067610 1010.9
1067620 1010.9
1067630 1007.2
1067640 1002.6
1067650 996.8
1067660 994.3
1067670 991.5
1067680 991.5
1067690 989.1
1067700 990.7
1067710 990.7
1067720 994.2
1067730 995.2
1067740 995.2
1067750 994.8
1067760 996.3
1067770 996.3
1067780 996.9
1067790 995.3
1067800 995.3
1067810 993.4
1067820 993.1
1067830 989.8
1067840 989.8
1067850 986.2
1067860 984.5
1067870 984.5
1067880 983.4
1067890 982.3
1067900 982.3
1067910 983.1
1067920 984.2
1067930 984.2
1067940 984.5
1067950 984.1
1067960 975.6
1067970 974.3
1067980 974.0
1067990 974.0
1068000 974.3
1068010 974.3
1068020 974.3
1068030 974.2
1068040 972.5
1068050 972.5
1068060 970.8
1068070 969.8
1068080 968.3
1068090 968.3
1068100 964.9
1068110 962.2
1068120 962.2
1068130 960.7
1068140 958.1
1068150 958.1
1068160 954.1
1068170 950.4
1068180 950.4
1068190 950.1
1068200 951.7
1068210 951.7
1068220 951.5
1068230 951.7
1068240 951.7
1068250 951.2
1068260 944.8
1068270 944.8
1068280 942.5
1068290 941.0
1068300 941.0
1068310 940.7
1068320 943.4
1068330 944.1
1068340 944.1
1068350 943.9
1068360 942.5
1068370 942.5
1068380 939.6
1068390 935.8
1068400 935.8
1068410 932.5
1068420 931.5
1068430 931.5
1068440 931.3
1068450 930.9
1068460 930.9
1068470 929.3
1068480 925.6
1068490 925.6
1068500 921.1
1068510 915.3
1068520 915.3
1068530 909.9
1068540 904.2
1068550 904.2
1068560 898.5
1068570 895.1
1068580 889.5
1068590 889.5
1068600 884.7
1068610 880.0
1068620 880.0
1068630 876.0
1068640 872.4
1068650 872.4
1068660 867.9
1068670 864.0
1068680 864.0
1068690 860.2
1068700 856.2
1068710 856.2
1068720 852.0
1068730 847.5
1068740 847.5
1068750 843.0
1068760 838.3
1068770 838.3
1068780 833.5
1068790 829.6
1068800 829.6
1068810 826.0
1068820 821.8
1068830 816.9
1068840 816.9
1068850 811.6
1068860 807.4
1068870 807.6
1068880 805.6
1068890 803.9
1068900 803.9
1068910 802.6
1068920 801.3
1068930 801.3
1068940 800.2
1068950 798.7
1068960 798.7
1068970 795.3
1068980 786.2
1068990 786.2
1069000 773.8
1069010 766.8
1069020 766.8
1069030 759.7
1069040 752.0
1069050 752.0
1069060 746.6
1069070 741.1
1069080 741.1
1069090 734.7
1069100 727.0
1069110 724.8
1069120 724.8
1069130 723.5
1069140 722.3
1069150 722.3
1069160 723.4
1069170 725.1
1069180 725.3
1069190 729.3
1069200 734.8
1069210 734.8
1069220 741.3
1069230 749.5
1069240 749.5
1069250 757.6
1069260 765.3
1069270 765.3
1069280 773.3
1069290 781.3
1069300 781.3
1069310 789.3
1069320 797.6
1069330 797.6
1069340 806.2
1069350 817.2
1069360 832.2
1069370 832.2
1069380 847.1
1069390 855.8
1069400 855.8
1069410 862.8
1069420 869.0
1069430 869.0
1069440 875.8
1069450 881.9
1069460 881.9
1069470 888.2
1069480 899.2
1069490 899.2
1069500 906.3
1069510 913.4
1069520 913.4
1069530 920.3
1069540 926.2
1069550 926.2
1069560 929.4
1069570 931.0
1069580 931.0
1069590 931.9
1069600 932.1
1069610 931.9
1069620 931.9
1069630 932.3
1069640 934.6
1069650 934.6
1069660 939.1
1069670 944.2
1069680 944.2
1069690 947.0
1069700 947.7
1069710 947.7
1069720 948.3
1069730 950.6
1069740 950.6
1069750 955.7
1069760 962.3
1069770 962.3
1069780 966.3
1069790 970.6
1069800 970.6
1069810 967.4
1069820 963.2
1069830 963.2
1069840 959.6
1069850 957.7
1069860 956.5
1069870 956.5
1069880 955.2
1069890 954.9
1069900 954.9
1069910 958.6
1069920 963.6
1069930 963.6
1069940 968.4
1069950 973.7
1069960 973.7
1069970 978.8
1069980 984.5
1069990 984.5
1070000 990.8
1070010 997.3
1070020 997.3
1070030 1002.3
1070040 1003.6
1070050 1003.6
1070060 1001.0
1070070 1001.7
1070080 1001.7
1070090 1006.6
1070100 1016.1
1070110 1021.2
1070120 1021.2
1070130 1024.3
1070140 1024.1
1070150 1024.1
1070160 1023.4
1070170 1025.9
1070180 1025.9
1070190 1028.6
1070200 1029.3
1070210 1029.3
1070220 1028.9
1070230 1029.0
1070240 1029.0
1070250 1028.4
1070260 1028.8
1070270 1028.8
1070280 1031.4
1070290 1034.9
1070300 1034.9
1070310 1040.9
1070320 1046.7
1070330 1046.7
1070340 1052.2
1070350 1056.5
1070360 1061.0
1070370 1061.0
1070380 1066.9
1070390 1072.8
1070400 1075.1
1070410 1080.9
1070420 1086.2
1070430 1086.2
1070440 1093.7
1070450 1102.3
1070460 1102.3
1070470 1109.7
1070480 1115.1
1070490 1115.1
1070500 1116.5
1070510 1115.4
1070520 1115.4
1070530 1112.7
1070540 1111.7
1070550 1111.7
1070560 1112.8
1070570 1112.0
1070580 1112.0
1070590 1110.1
1070600 1106.5
1070610 1102.2
1070620 1102.2
1070630 1098.5
1070640 1096.0
1070650 1096.0
1070660 1093.5
1070670 1089.5
1070680 1089.5
1070690 1086.9
1070700 1085.0
1070710 1094.6
1070720 1091.9
1070730 1089.6
1070740 1089.6
1070750 1090.1
1070760 1096.3
1070770 1096.3
1070780 1103.4
1070790 1108.7
1070800 1108.7
1070810 1112.8
1070820 1119.5
1070830 1119.5
1070840 1125.6
1070850 1130.0
1070860 1133.8
1070870 1133.8
1070880 1139.4
1070890 1146.2
1070900 1146.2
1070910 1152.8
1070920 1158.1
1070930 1158.1
1070940 1162.4
1070950 1165.4
1070960 1165.4
1070970 1167.2
1070980 1169.6
1070990 1169.6
1071000 1171.4
1071010 1173.1
1071020 1169.1
1071030 1175.4
1071040 1177.5
1071050 1177.5
1071060 1178.9
1071070 1184.4
1071080 1184.4
1071090 1191.4
1071100 1197.8
1071110 1204.7
1071120 1204.7
1071130 1214.8
1071140 1222.6
1071150 1222.6
1071160 1229.6
1071170 1235.6
1071180 1235.6
1071190 1240.6
1071200 1245.7
1071210 1245.7
1071220 1250.2
1071230 1255.8
1071240 1255.8
1071250 1261.9
1071260 1264.4
1071270 1264.4
1071280 1266.4
1071290 1270.0
1071300 1270.0
1071310 1275.7
1071320 1279.2
1071330 1279.2
1071340 1284.7
1071350 1291.5
1071360 1297.8
1071370 1297.8
1071380 1304.2
1071390 1309.9
1071400 1309.9
1071410 1315.2
1071420 1320.5
1071430 1320.5
1071440 1326.1
1071450 1332.0
1071460 1332.0
1071470 1336.7
1071480 1342.5
1071490 1342.5
1071500 1348.0
1071510 1352.4
1071520 1352.4
1071530 1359.2
1071540 1366.3
1071550 1366.3
1071560 1372.4
1071570 1378.8
1071580 1378.8
1071590 1385.1
1071600 1391.3
1071610 1391.3
1071620 1395.8
1071630 1407.7
1071640 1411.5
1071650 1411.5
1071660 1417.3
1071670 1424.7
1071680 1424.7
1071690 1432.9
1071700 1440.0
1071710 1440.0
1071720 1446.8
1071730 1453.4
1071740 1453.4
1071750 1460.2
1071760 1466.8
1071770 1466.8
1071780 1473.6
1071790 1479.8
1071800 1479.8
1071810 1484.3
1071820 1485.9
1071830 1485.9
1071840 1485.8
1071850 1484.9
1071860 1484.9
1071870 1483.0
1071880 1478.0
1071890 1473.9
1071900 1473.9
1071910 1473.1
1071920 1474.5
1071930 1474.5
1071940 1484.3
1071950 1486.2
1071960 1486.2
1071970 1488.0
1071980 1488.8
1071990 1488.8
1072000 1487.8
1072010 1485.5
1072020 1485.5
1072030 1482.2
1072040 1479.3
1072050 1479.3
1072060 1476.7
1072070 1473.1
1072080 1473.1
1072090 1468.9
1072100 1467.0
1072110 1467.0
1072120 1463.5
1072130 1458.2
1072140 1452.2
1072150 1452.2
1072160 1446.7
1072170 1439.2
1072180 1439.2
1072190 1428.9
1072200 1423.1
1072210 1423.1
1072220 1418.1
1072230 1411.3
1072240 1411.3
1072250 1414.3
1072260 1403.7
1072270 1403.7
1072280 1395.7
1072290 1387.5
1072300 1387.5
1072310 1382.2
1072320 1372.5
1072330 1372.5
1072340 1368.6
1072350 1365.2
1072360 1365.2
1072370 1361.7
1072380 1356.7
1072390 1352.1
1072400 1352.1
1072410 1347.4
1072420 1342.2
1072430 1342.2
1072440 1336.7
1072450 1332.8
1072460 1332.8
1072470 1328.0
1072480 1323.5
1072490 1323.5
1072500 1320.7
1072510 1318.5
1072520 1318.5
1072530 1316.4
1072540 1312.7
1072550 1312.7
1072560 1313.3
1072570 1310.4
1072580 1310.4
1072590 1307.2
1072600 1303.6
1072610 1303.6
1072620 1299.8
1072630 1296.9
1072640 1293.7
1072650 1293.7
1072660 1288.8
1072670 1282.9
1072680 1282.9
1072690 1277.8
1072700 1273.5
1072710 1273.5
1072720 1270.5
1072730 1265.9
1072740 1265.9
1072750 1260.3
1072760 1254.1
1072770 1254.1
1072780 1247.9
1072790 1241.6
1072800 1241.6
1072810 1236.4
1072820 1231.2
1072830 1231.2
1072840 1225.4
1072850 1220.2
1072860 1220.2
1072870 1219.0
1072880 1214.2
1072890 1209.7
1072900 1209.7
1072910 1204.8
1072920 1200.1
1072930 1200.1
1072940 1195.4
1072950 1191.4
1072960 1191.4
1072970 1189.0
1072980 1187.5
1072990 1187.5
1073000 1185.8
1073010 1183.0
1073020 1183.0
1073030 1180.0
1073040 1177.0
1073050 1177.0
1073060 1174.0
1073070 1170.6
1073080 1170.6
1073090 1168.0
1073100 1165.8
1073110 1165.8
1073120 1163.9
1073130 1161.9
1073140 1159.7
1073150 1159.7
1073160 1156.9
1073170 1154.1
1073180 1156.2
1073190 1154.0
1073200 1151.3
1073210 1151.3
1073220 1148.2
1073230 1144.5
1073240 1144.5
1073250 1140.6
1073260 1137.4
1073270 1137.4
1073280 1135.5
1073290 1133.3
1073300 1133.3
1073310 1130.7
1073320 1125.9
1073330 1125.9
1073340 1120.4
1073350 1115.4
1073360 1115.4
1073370 1110.4
1073380 1105.4
1073390 1100.8
1073400 1100.8
1073410 1097.3
1073420 1095.2
1073430 1095.2
1073440 1094.0
1073450 1092.5
1073460 1092.5
1073470 1091.9
1073480 1091.4
1073490 1091.4
1073500 1092.9
1073510 1093.4
1073520 1093.4
1073530 1093.0
1073540 1091.5
1073550 1091.5
1073560 1088.8
1073570 1085.2
1073580 1085.2
1073590 1080.3
1073600 1074.9
1073610 1074.9
1073620 1069.2
1073630 1063.6
1073640 1057.6
1073650 1057.6
1073660 1053.9
1073670 1049.4
1073680 1049.4
1073690 1046.0
1073700 1042.9
1073710 1042.9
1073720 1040.3
1073730 1038.1
1073740 1038.1
1073750 1036.6
1073760 1035.9
1073770 1035.9
1073780 1034.9
1073790 1033.0
1073800 1033.0
1073810 1031.0
1073820 1028.4
1073830 1028.4
1073840 1027.8
1073850 1026.3
1073860 1026.3
1073870 1022.3
1073880 1019.8
1073890 1017.6
1073900 1017.6
1073910 1013.8
1073920 1012.2
1073930 1012.2
1073940 1012.1
1073950 1011.1
1073960 1011.1
1073970 1007.3
1073980 1002.1
1073990 1002.1
1074000 997.3
1074010 991.9
1074020 991.9
1074030 986.3
1074040 980.4
1074050 980.4
1074060 974.7
1074070 968.8
1074080 968.8
1074090 961.9
1074100 958.6
1074110 958.6
1074120 951.9
1074130 945.5
1074140 945.5
1074150 939.3
1074160 934.2
1074170 928.7
1074180 928.7
1074190 924.2
1074200 920.9
1074210 920.9
1074220 918.6
1074230 914.7
1074240 914.7
1074250 911.5
1074260 907.9
1074270 907.9
1074280 904.3
1074290 901.7
1074300 901.7
1074310 899.6
1074320 896.1
1074330 896.1
1074340 891.1
1074350 884.0
1074360 884.0
1074370 876.7
1074380 870.8
1074390 870.8
1074400 866.4
1074410 867.5
1074420 867.6
1074430 867.6
1074440 868.7
1074450 862.9
1074460 862.9
1074470 854.4
1074480 846.0
1074490 846.0
1074500 837.3
1074510 824.0
1074520 824.0
1074530 808.3
1074540 811.0
1074550 811.0
1074560 825.9
1074570 848.0
1074580 848.0
1074590 861.9
1074600 868.7
1074610 868.7
1074620 873.6
1074630 874.1
1074640 874.1
1074650 871.7
1074660 869.2
1074670 865.9
1074680 865.9
1074690 863.0
1074700 861.2
1074710 861.2
1074720 863.9
1074730 864.3
1074740 864.3
1074750 866.9
1074760 868.0
1074770 868.0
1074780 867.2
1074790 861.6
1074800 861.6
1074810 855.6
1074820 850.4
1074830 850.4
1074840 847.1
1074850 845.9
1074860 845.9
1074870 844.9
1074880 843.6
1074890 843.6
1074900 840.9
1074910 837.3
1074920 834.4
1074930 834.4
1074940 832.0
1074950 829.7
1074960 829.7
1074970 827.4
1074980 824.8
1074990 824.8
1075000 821.9
1075010 819.1
1075020 819.1
1075030 819.5
1075040 818.1
1075050 818.1
1075060 815.1
1075070 813.9
1075080 813.9
1075090 813.5
1075100 812.9
1075110 812.9
1075120 810.9
1075130 809.3
1075140 809.3
1075150 807.2
1075160 804.8
1075170 802.9
1075180 802.9
1075190 800.7
1075200 798.7
1075210 798.7
1075220 797.2
1075230 795.0
1075240 795.0
1075250 792.0
1075260 789.2
1075270 789.2
1075280 786.1
1075290 783.2
1075300 783.2
1075310 779.9
1075320 777.1
1075330 777.1
1075340 775.3
1075350 776.1
1075360 776.1
1075370 774.3
1075380 772.9
1075390 772.9
1075400 772.1
1075410 770.8
1075420 770.4
1075430 770.4
1075440 769.6
1075450 768.7
1075460 768.7
1075470 768.4
1075480 768.9
1075490 768.9
1075500 770.4
1075510 770.5
1075520 770.5
1075530 770.1
1075540 768.5
1075550 768.5
1075560 764.5
1075570 760.5
1075580 760.5
1075590 757.0
1075600 753.5
1075610 753.5
1075620 749.3
1075630 746.3
1075640 746.3
1075650 744.2
1075660 747.7
1075670 745.0
1075680 745.0
1075690 740.3
1075700 736.2
1075710 736.2
1075720 733.8
1075730 732.6
1075740 732.6
1075750 732.2
1075760 731.1
1075770 731.1
1075780 729.4
1075790 727.1
1075800 727.1
1075810 726.0
1075820 725.5
1075830 725.5
1075840 723.0
1075850 720.4
1075860 720.4
1075870 720.3
1075880 723.8
1075890 723.8
1075900 724.6
1075910 722.8
1075920 720.1
1075930 720.1
1075940 717.1
1075950 713.0
1075960 713.0
1075970 715.5
1075980 713.4
1075990 713.4
1076000 709.1
1076010 706.1
1076020 706.1
1076030 703.6
1076040 702.1
1076050 702.1
1076060 701.1
1076070 700.9
1076080 700.9
1076090 701.2
1076100 701.2
1076110 701.2
1076120 700.7
1076130 700.7
1076140 700.7
1076150 702.1
1076160 704.0
1076170 703.5
1076180 703.5
1076190 701.5
1076200 701.4
1076210 701.4
1076220 701.5
1076230 701.8
1076240 701.8
1076250 702.1
1076260 702.2
1076270 702.2
1076280 703.8
1076290 703.7
1076300 703.7
1076310 703.3
1076320 703.2
1076330 703.2
1076340 703.2
1076350 703.0
1076360 703.0
1076370 702.8
1076380 702.8
1076390 702.8
1076400 703.1
1076410 703.0
1076420 702.4
1076430 702.4
1076440 701.8
1076450 701.4
1076460 701.4
1076470 700.8
1076480 699.7
1076490 699.7
1076500 699.4
1076510 698.9
1076520 698.9
1076530 697.9
1076540 697.7
1076550 697.7
1076560 697.5
1076570 696.6
1076580 696.6
1076590 696.9
1076600 696.1
1076610 696.1
1076620 695.1
1076630 694.6
1076640 694.6
1076650 693.8
1076660 692.8
1076670 691.9
1076680 691.9
1076690 691.2
1076700 690.7
1076710 690.7
1076720 690.2
1076730 689.9
1076740 689.9
1076750 689.6
1076760 688.6
1076770 688.6
1076780 687.5
1076790 686.9
1076800 686.9
1076810 686.4
1076820 685.6
1076830 685.6
1076840 685.2
1076850 684.5
1076860 684.5
1076870 683.5
1076880 682.6
1076890 682.6
1076900 681.3
1076910 680.2
1076920 680.2
1076930 679.6
1076940 679.0
1076950 678.5
1076960 678.5
1076970 677.8
1076980 676.5
1076990 676.5
1077000 675.1
1077010 674.6
1077020 674.6
1077030 674.3
1077040 674.0
1077050 674.0
1077060 673.6
1077070 673.3
1077080 673.3
1077090 673.1
1077100 673.1
1077110 673.1
1077120 673.2
1077130 673.2
1077140 673.2
1077150 673.1
1077160 673.0
1077170 673.0
1077180 672.7
1077190 672.7
1077200 672.9
1077210 673.3
1077220 673.3
1077230 673.3
1077240 673.3
1077250 673.2
1077260 672.8
1077270 672.8
1077280 671.9
1077290 670.7
1077300 670.7
1077310 668.7
1077320 670.7
1077330 670.7
1077340 671.4
1077350 671.6
1077360 671.6
1077370 671.5
1077380 671.0
1077390 671.0
1077400 669.6
1077410 667.8
1077420 667.8
1077430 667.4
1077440 667.4
1077450 666.5
1077460 666.5
1077470 665.1
1077480 664.7
1077490 664.7
1077500 663.3
1077510 660.5
1077520 660.5
1077530 661.9
1077540 663.3
1077550 663.3
1077560 663.6
1077570 661.6
1077580 661.6
1077590 659.8
1077600 659.2
1077610 659.2
1077620 657.0
1077630 651.6
1077640 651.6
1077650 645.5
1077660 639.7
1077670 639.7
1077680 634.6
1077690 630.3
1077700 627.9
1077710 627.9
1077720 626.1
1077730 625.5
1077740 625.5
1077750 624.7
1077760 623.3
1077770 623.3
1077780 621.3
1077790 619.2
1077800 619.2
1077810 617.0
1077820 613.8
1077830 613.8
1077840 613.4
1077850 609.1
1077860 609.1
1077870 605.7
1077880 602.7
1077890 602.7
1077900 602.2
1077910 602.0
1077920 602.0
1077930 601.2
1077940 599.5
1077950 598.0
1077960 598.0
1077970 596.1
1077980 594.9
1077990 594.9
1078000 594.2
1078010 592.9
1078020 592.9
1078030 592.8
1078040 591.5
1078050 591.5
1078060 592.1
1078070 593.1
1078080 593.1
1078090 591.7
1078100 590.3
1078110 590.3
1078120 588.8
1078130 587.4
1078140 587.4
1078150 587.9
1078160 582.5
1078170 582.5
1078180 580.9
1078190 586.1
1078200 587.4
1078210 587.4
1078220 586.7
1078230 586.0
1078240 586.0
1078250 585.6
1078260 585.0
1078270 585.0
1078280 584.3
1078290 583.6
1078300 583.6
1078310 582.6
1078320 581.9
1078330 581.9
1078340 581.2
1078350 580.6
1078360 580.6
1078370 580.3
1078380 580.1
1078390 580.1
1078400 579.8
1078410 579.8
1078420 579.8
1078430 579.7
1078440 580.0
1078450 579.8
1078460 581.8
1078470 581.3
1078480 579.8
1078490 579.8
1078500 578.7
1078510 578.6
1078520 578.6
1078530 578.7
1078540 578.8
1078550 578.8
1078560 578.9
1078570 579.0
1078580 579.0
1078590 579.3
1078600 579.8
1078610 579.8
1078620 581.0
1078630 582.7
1078640 582.7
1078650 584.3
1078660 584.6
1078670 584.6
1078680 583.4
1078690 582.3
1078700 579.5
1078710 579.5
1078720 577.2
1078730 576.8
1078740 576.8
1078750 576.7
1078760 576.6
1078770 576.6
1078780 576.8
1078790 577.0
1078800 577.0
1078810 577.0
1078820 577.0
1078830 577.0
1078840 577.4
1078850 577.8
1078860 577.8
1078870 578.0
1078880 577.9
1078890 577.9
1078900 577.6
1078910 578.1
1078920 578.1
1078930 579.7
1078940 581.9
1078950 583.8
1078960 583.8
1078970 583.3
1078980 580.2
1078990 580.2
1079000 578.7
1079010 575.1
1079020 575.1
1079030 570.9
1079040 567.2
1079050 567.2
1079060 564.0
1079070 561.7
1079080 561.7
1079090 564.7
1079100 563.3
1079110 563.3
1079120 562.9
1079130 563.5
1079140 563.5
1079150 563.8
1079160 564.1
1079170 564.1
1079180 564.9
1079190 565.3
1079200 565.5
1079210 565.5
1079220 565.8
1079230 566.1
1079240 566.1
1079250 566.2
1079260 565.8
1079270 565.8
1079280 565.2
1079290 564.2
1079300 564.2
1079310 562.3
1079320 560.5
1079330 560.5
1079340 559.1
1079350 557.8
1079360 557.8
1079370 556.0
1079380 553.7
1079390 553.7
1079400 551.5
1079410 550.8
1079420 550.8
1079430 546.8
1079440 543.3
1079450 541.7
1079460 541.7
1079470 539.1
1079480 536.6
1079490 536.6
1079500 534.8
1079510 533.4
1079520 533.4
1079530 528.1
1079540 523.6
1079550 523.6
1079560 522.2
1079570 522.1
1079580 522.1
1079590 522.4
1079600 522.6
1079610 522.6
1079620 522.5
1079630 522.5
1079640 522.5
1079650 522.7
1079660 522.8
1079670 522.8
1079680 523.1
1079690 523.4
1079700 523.8
1079710 523.8
1079720 524.3
1079730 524.7
1079740 524.7
1079750 525.0
1079760 525.1
1079770 525.1
1079780 525.4
1079790 525.6
1079800 525.6
1079810 525.8
1079820 525.9
1079830 525.9
1079840 526.1
1079850 526.2
1079860 526.2
1079870 526.5
1079880 526.8
1079890 526.8
1079900 527.3
1079910 527.3
1079920 527.3
1079930 527.2
1079940 527.2
1079950 527.2
1079960 527.5
1079970 527.5
1079980 527.3
1079990 527.3
