1065440 1537.2
1065450 1540.1
1065460 1540.1
1065470 1542.5
1065480 1545.2
1065490 1545.2
1065500 1547.8
1065510 1550.8
1065520 1550.8
1065530 1554.1
1065540 1558.8
1065550 1558.8
1065560 1564.7
1065570 1571.6
1065580 1578.3
1065590 1578.3
1065600 1584.9
1065610 1590.8
1065620 1591.3
1065630 1596.0
1065640 1602.3
1065650 1602.3
1065660 1611.3
1065670 1620.8
1065680 1620.8
1065690 1629.5
1065700 1639.4
1065710 1639.4
1065720 1646.7
1065730 1645.6
1065740 1645.6
1065750 1641.7
1065760 1637.4
1065770 1637.4
1065780 1633.0
1065790 1628.3
1065800 1628.3
1065810 1623.5
1065820 1618.4
1065830 1613.2
1065840 1613.2
1065850 1608.3
1065860 1603.1
1065870 1603.1
1065880 1597.1
1065890 1590.5
1065900 1590.5
1065910 1584.4
1065920 1576.6
1065930 1576.6
1065940 1570.7
1065950 1564.8
1065960 1564.8
1065970 1558.8
1065980 1552.8
1065990 1552.8
1066000 1546.8
1066010 1541.1
1066020 1541.1
1066030 1535.7
1066040 1530.1
1066050 1530.1
1066060 1524.5
1066070 1518.8
1066080 1518.8
1066090 1513.5
1066100 1508.9
1066110 1505.0
1066120 1505.0
1066130 1499.4
1066140 1492.4
1066150 1492.4
1066160 1486.0
1066170 1479.5
1066180 1479.5
1066190 1472.6
1066200 1465.4
1066210 1465.4
1066220 1460.0
1066230 1454.5
1066240 1454.5
1066250 1450.2
1066260 1444.8
1066270 1444.8
1066280 1441.8
1066290 1438.5
1066300 1438.5
1066310 1436.8
1066320 1434.1
1066330 1434.1
1066340 1430.1
1066350 1422.7
1066360 1417.0
1066370 1417.0
1066380 1416.6
1066390 1415.5
1066400 1415.5
1066410 1414.1
1066420 1412.1
1066430 1412.1
1066440 1408.6
1066450 1403.8
1066460 1403.8
1066470 1398.4
1066480 1391.7
1066490 1391.7
1066500 1384.8
1066510 1380.1
1066520 1380.1
1066530 1383.9
1066540 1380.0
1066550 1380.0
1066560 1376.3
1066570 1371.8
1066580 1371.8
1066590 1366.8
1066600 1362.0
1066610 1357.4
1066620 1357.4
1066630 1353.6
1066640 1348.5
1066650 1348.5
1066660 1342.4
1066670 1335.2
1066680 1335.2
1066690 1328.3
1066700 1320.5
1066710 1320.5
1066720 1314.3
1066730 1311.6
1066740 1311.6
1066750 1308.7
1066760 1305.9
1066770 1305.9
1066780 1303.1
1066790 1301.0
1066800 1301.0
1066810 1298.0
1066820 1295.4
1066830 1302.4
1066840 1298.8
1066850 1294.3
1066860 1289.5
1066870 1289.5
1066880 1284.8
1066890 1280.2
1066900 1280.2
1066910 1274.4
1066920 1269.8
1066930 1269.8
1066940 1265.3
1066950 1261.9
1066960 1261.9
1066970 1258.0
1066980 1253.1
1066990 1253.1
1067000 1248.5
1067010 1244.1
1067020 1244.1
1067030 1240.4
1067040 1237.8
1067050 1237.8
1067060 1236.0
1067070 1234.7
1067080 1234.7
1067090 1233.2
1067100 1231.3
1067110 1229.0
1067120 1229.0
1067130 1227.6
1067140 1234.8
1067150 1234.8
1067160 1231.7
1067170 1228.3
1067180 1228.3
1067190 1224.6
1067200 1220.8
1067210 1220.8
1067220 1216.9
1067230 1213.2
1067240 1213.2
1067250 1208.6
1067260 1204.5
1067270 1204.5
1067280 1198.9
1067290 1193.9
1067300 1193.9
1067310 1189.3
1067320 1184.0
1067330 1184.0
1067340 1176.9
1067350 1170.0
1067360 1164.6
1067370 1164.6
1067380 1160.2
1067390 1155.1
1067400 1155.1
1067410 1149.9
1067420 1144.4
1067430 1144.4
1067440 1139.3
1067450 1134.4
1067460 1134.4
1067470 1130.2
1067480 1125.5
1067490 1125.5
1067500 1121.0
1067510 1116.6
1067520 1116.6
1067530 1112.6
1067540 1109.5
1067550 1109.5
1067560 1106.3
1067570 1103.0
1067580 1103.0
1067590 1099.9
1067600 1096.7
1067610 1093.5
1067620 1093.5
1067630 1090.9
1067640 1088.2
1067650 1088.2
1067660 1085.3
1067670 1082.8
1067680 1082.8
1067690 1080.0
1067700 1077.2
1067710 1077.2
1067720 1074.7
1067730 1071.3
1067740 1071.3
1067750 1065.0
1067760 1058.4
1067770 1058.4
1067780 1053.0
1067790 1051.5
1067800 1051.5
1067810 1051.1
1067820 1050.8
1067830 1050.8
1067840 1050.2
1067850 1049.0
1067860 1047.3
1067870 1047.3
1067880 1044.6
1067890 1040.0
1067900 1040.0
1067910 1034.0
1067920 1027.6
1067930 1027.6
1067940 1021.8
1067950 1016.2
1067960 1016.2
1067970 1010.1
1067980 1004.7
1067990 1004.7
1068000 999.8
1068010 995.5
1068020 995.5
1068030 991.7
1068040 989.2
1068050 992.6
1068060 990.7
1068070 989.9
1068080 989.9
1068090 987.5
1068100 984.3
1068110 979.3
1068120 979.3
1068130 973.5
1068140 968.3
1068150 968.3
1068160 963.3
1068170 958.1
1068180 958.1
1068190 953.7
1068200 951.0
1068210 951.0
1068220 948.1
1068230 946.7
1068240 946.7
1068250 944.2
1068260 940.3
1068270 940.3
1068280 937.0
1068290 933.4
1068300 933.4
1068310 930.2
1068320 927.2
1068330 927.2
1068340 923.8
1068350 920.0
1068360 909.3
1068370 909.3
1068380 906.8
1068390 905.7
1068400 905.7
1068410 906.7
1068420 906.8
1068430 906.8
1068440 904.9
1068450 902.2
1068460 902.2
1068470 897.1
1068480 892.4
1068490 892.4
1068500 889.0
1068510 884.8
1068520 884.8
1068530 881.4
1068540 879.4
1068550 879.4
1068560 872.4
1068570 866.6
1068580 866.6
1068590 862.7
1068600 857.5
1068610 849.5
1068620 849.5
1068630 842.1
1068640 835.8
1068650 835.8
1068660 833.1
1068670 826.9
1068680 826.9
1068690 820.2
1068700 814.5
1068710 814.5
1068720 808.6
1068730 801.9
1068740 801.9
1068750 794.7
1068760 792.2
1068770 792.2
1068780 790.5
1068790 788.3
1068800 788.3
1068810 789.9
1068820 799.5
1068830 799.5
1068840 805.9
1068850 804.8
1068860 804.8
1068870 807.3
1068880 810.9
1068890 809.4
1068900 809.4
1068910 806.0
1068920 803.5
1068930 803.5
1068940 801.6
1068950 799.6
1068960 799.6
1068970 789.9
1068980 787.5
1068990 787.5
1069000 783.1
1069010 777.6
1069020 777.6
1069030 773.4
1069040 771.2
1069050 771.2
1069060 768.4
1069070 763.8
1069080 763.8
1069090 759.3
1069100 750.5
1069110 750.5
1069120 741.3
1069130 736.9
1069140 734.5
1069150 734.5
1069160 736.0
1069170 739.8
1069180 739.8
1069190 742.7
1069200 746.2
1069210 746.2
1069220 751.6
1069230 763.8
1069240 763.8
1069250 776.8
1069260 785.9
1069270 790.0
1069280 800.0
1069290 806.9
1069300 806.9
1069310 817.4
1069320 825.0
1069330 825.0
1069340 831.0
1069350 833.1
1069360 833.1
1069370 832.9
1069380 834.1
1069390 835.0
1069400 835.0
1069410 837.3
1069420 844.0
1069430 844.0
1069440 851.1
1069450 856.8
1069460 856.8
1069470 858.0
1069480 853.9
1069490 853.9
1069500 850.6
1069510 858.3
1069520 858.3
1069530 868.6
1069540 879.0
1069550 879.0
1069560 886.3
1069570 892.7
1069580 895.2
1069590 903.3
1069600 911.3
1069610 911.3
1069620 917.4
1069630 923.5
1069640 929.3
1069650 929.3
1069660 935.6
1069670 941.7
1069680 941.7
1069690 948.1
1069700 950.5
1069710 950.5
1069720 952.2
1069730 953.5
1069740 953.5
1069750 955.6
1069760 959.7
1069770 959.7
1069780 963.9
1069790 968.5
1069800 968.5
1069810 973.6
1069820 979.3
1069830 979.3
1069840 986.2
1069850 993.5
1069860 993.5
1069870 1000.2
1069880 1007.2
1069890 1014.8
1069900 1014.8
1069910 1021.4
1069920 1027.9
1069930 1027.9
1069940 1032.7
1069950 1036.3
1069960 1036.3
1069970 1040.0
1069980 1043.8
1069990 1043.8
1070000 1046.6
1070010 1049.1
1070020 1049.1
1070030 1051.3
1070040 1053.4
1070050 1053.4
1070060 1055.5
1070070 1058.2
1070080 1058.2
1070090 1061.0
1070100 1061.0
1070110 1061.0
1070120 1060.2
1070130 1061.2
1070140 1063.6
1070150 1063.6
1070160 1068.0
1070170 1072.4
1070180 1072.4
1070190 1079.9
1070200 1082.7
1070210 1082.7
1070220 1084.9
1070230 1090.3
1070240 1090.3
1070250 1097.8
1070260 1103.9
1070270 1103.9
1070280 1108.9
1070290 1113.0
1070300 1113.0
1070310 1115.4
1070320 1121.3
1070330 1121.3
1070340 1125.6
1070350 1132.3
1070360 1132.3
1070370 1139.1
1070380 1144.7
1070390 1149.8
1070400 1149.8
1070410 1155.8
1070420 1161.5
1070430 1161.5
1070440 1167.0
1070450 1168.9
1070460 1168.9
1070470 1168.3
1070480 1171.8
1070490 1171.8
1070500 1180.4
1070510 1184.8
1070520 1184.8
1070530 1189.9
1070540 1193.3
1070550 1193.3
1070560 1194.6
1070570 1198.9
1070580 1198.9
1070590 1206.6
1070600 1214.4
1070610 1214.4
1070620 1222.4
1070630 1229.7
1070640 1236.4
1070650 1236.4
1070660 1242.3
1070670 1245.4
1070680 1245.4
1070690 1243.3
1070700 1237.9
1070710 1237.9
1070720 1233.7
1070730 1231.7
1070740 1231.7
1070750 1229.9
1070760 1231.9
1070770 1231.9
1070780 1232.3
1070790 1228.5
1070800 1228.5
1070810 1229.1
1070820 1228.1
1070830 1228.1
1070840 1230.6
1070850 1230.0
1070860 1230.0
1070870 1225.0
1070880 1218.0
1070890 1218.6
1070900 1218.6
1070910 1220.1
1070920 1216.5
1070930 1216.5
1070940 1212.8
1070950 1213.2
1070960 1213.2
1070970 1217.6
1070980 1225.9
1070990 1225.9
1071000 1233.4
1071010 1240.9
1071020 1240.9
1071030 1245.3
1071040 1244.2
1071050 1244.2
1071060 1245.9
1071070 1241.6
1071080 1241.6
1071090 1236.8
1071100 1231.4
1071110 1239.4
1071120 1233.8
1071130 1229.8
1071140 1236.7
1071150 1236.7
1071160 1247.0
1071170 1257.0
1071180 1257.0
1071190 1266.5
1071200 1275.8
1071210 1275.8
1071220 1284.7
1071230 1292.9
1071240 1292.9
1071250 1299.2
1071260 1305.3
1071270 1305.3
1071280 1312.5
1071290 1320.9
1071300 1320.9
1071310 1328.8
1071320 1336.8
1071330 1336.8
1071340 1344.8
1071350 1352.4
1071360 1352.4
1071370 1359.3
1071380 1365.7
1071390 1372.1
1071400 1372.1
1071410 1378.0
1071420 1377.5
1071430 1377.5
1071440 1382.7
1071450 1387.1
1071460 1387.1
1071470 1390.9
1071480 1396.0
1071490 1396.0
1071500 1401.6
1071510 1407.9
1071520 1407.9
1071530 1414.6
1071540 1420.7
1071550 1420.7
1071560 1427.3
1071570 1434.1
1071580 1434.1
1071590 1440.2
1071600 1446.6
1071610 1446.6
1071620 1452.0
1071630 1458.0
1071640 1458.0
1071650 1463.7
1071660 1469.9
1071670 1476.3
1071680 1476.3
1071690 1482.3
1071700 1488.2
1071710 1488.2
1071720 1494.5
1071730 1503.3
1071740 1503.3
1071750 1509.7
1071760 1516.5
1071770 1516.5
1071780 1523.6
1071790 1530.9
1071800 1530.9
1071810 1538.8
1071820 1546.9
1071830 1546.9
1071840 1554.7
1071850 1564.6
1071860 1564.6
1071870 1574.5
1071880 1589.4
1071890 1589.4
1071900 1600.9
1071910 1608.3
1071920 1616.3
1071930 1616.3
1071940 1625.4
1071950 1634.1
1071960 1634.1
1071970 1647.1
1071980 1655.7
1071990 1655.7
1072000 1659.1
1072010 1659.5
1072020 1659.5
1072030 1650.9
1072040 1643.9
1072050 1643.9
1072060 1634.5
1072070 1625.9
1072080 1625.9
1072090 1618.6
1072100 1612.1
1072110 1612.1
1072120 1607.0
1072130 1602.7
1072140 1602.7
1072150 1597.0
1072160 1591.1
1072170 1586.1
1072180 1586.1
1072190 1580.4
1072200 1574.9
1072210 1574.9
1072220 1568.6
1072230 1562.3
1072240 1562.3
1072250 1556.5
1072260 1550.8
1072270 1550.8
1072280 1546.5
1072290 1542.5
1072300 1542.5
1072310 1537.7
1072320 1532.4
1072330 1532.4
1072340 1536.2
1072350 1532.8
1072360 1532.8
1072370 1529.9
1072380 1526.2
1072390 1526.2
1072400 1520.3
1072410 1513.7
1072420 1511.4
1072430 1511.4
1072440 1509.6
1072450 1506.4
1072460 1506.4
1072470 1504.0
1072480 1500.4
1072490 1500.4
1072500 1495.1
1072510 1488.7
1072520 1488.7
1072530 1482.6
1072540 1476.5
1072550 1476.5
1072560 1470.8
1072570 1466.1
1072580 1466.1
1072590 1461.0
1072600 1455.4
1072610 1455.4
1072620 1448.8
1072630 1441.9
1072640 1441.9
1072650 1441.0
1072660 1433.8
1072670 1426.5
1072680 1426.5
1072690 1419.8
1072700 1413.3
1072710 1413.3
1072720 1407.1
1072730 1400.7
1072740 1400.7
1072750 1394.1
1072760 1388.1
1072770 1388.1
1072780 1383.5
1072790 1380.0
1072800 1380.0
1072810 1377.1
1072820 1372.4
1072830 1372.4
1072840 1366.9
1072850 1361.7
1072860 1361.7
1072870 1360.0
1072880 1355.0
1072890 1355.0
1072900 1343.6
1072910 1340.4
1072920 1338.5
1072930 1338.5
1072940 1335.3
1072950 1329.4
1072960 1337.0
1072970 1325.8
1072980 1318.0
1072990 1318.0
1073000 1307.5
1073010 1285.5
1073020 1285.5
1073030 1269.0
1073040 1258.1
1073050 1258.1
1073060 1252.4
1073070 1246.0
1073080 1246.0
1073090 1239.6
1073100 1233.4
1073110 1233.4
1073120 1228.5
1073130 1223.7
1073140 1223.7
1073150 1218.2
1073160 1211.7
1073170 1205.3
1073180 1205.3
1073190 1199.8
1073200 1194.3
1073210 1194.3
1073220 1188.8
1073230 1183.5
1073240 1183.5
1073250 1177.4
1073260 1171.2
1073270 1172.9
1073280 1166.2
1073290 1161.8
1073300 1161.8
1073310 1156.3
1073320 1148.9
1073330 1148.9
1073340 1142.3
1073350 1136.4
1073360 1136.4
1073370 1130.7
1073380 1125.1
1073390 1125.1
1073400 1121.3
1073410 1116.4
1073420 1112.1
1073430 1112.1
1073440 1107.6
1073450 1104.1
1073460 1104.1
1073470 1100.0
1073480 1096.4
1073490 1096.4
1073500 1093.0
1073510 1090.0
1073520 1090.0
1073530 1087.4
1073540 1084.4
1073550 1084.4
1073560 1082.0
1073570 1080.1
1073580 1079.1
1073590 1077.2
1073600 1075.6
1073610 1075.6
1073620 1073.9
1073630 1072.5
1073640 1072.5
1073650 1071.4
1073660 1069.9
1073670 1067.6
1073680 1067.6
1073690 1066.0
1073700 1066.9
1073710 1066.9
1073720 1066.6
1073730 1063.1
1073740 1063.1
1073750 1060.9
1073760 1056.6
1073770 1056.6
1073780 1051.9
1073790 1046.8
1073800 1046.8
1073810 1041.0
1073820 1036.1
1073830 1036.1
1073840 1031.5
1073850 1027.3
1073860 1027.3
1073870 1024.4
1073880 1023.1
1073890 1021.4
1073900 1015.2
1073910 1010.1
1073920 1004.7
1073930 1004.7
1073940 1003.4
1073950 1002.6
1073960 1002.6
1073970 1000.9
1073980 994.3
1073990 994.3
1074000 986.6
1074010 979.6
1074020 979.6
1074030 972.3
1074040 965.0
1074050 965.0
1074060 957.5
1074070 952.8
1074080 952.8
1074090 950.4
1074100 946.6
1074110 946.6
1074120 942.8
1074130 941.2
1074140 941.2
1074150 939.0
1074160 934.5
1074170 926.5
1074180 926.5
1074190 918.0
1074200 913.8
1074210 913.8
1074220 907.2
1074230 904.7
1074240 904.7
1074250 906.3
1074260 905.5
1074270 905.5
1074280 901.4
1074290 895.5
1074300 895.5
1074310 886.1
1074320 874.7
1074330 874.7
1074340 865.0
1074350 857.3
1074360 857.3
1074370 856.5
1074380 870.6
1074390 870.6
1074400 879.2
1074410 883.6
1074420 890.2
1074430 890.2
1074440 898.1
1074450 895.2
1074460 895.2
1074470 890.2
1074480 888.9
1074490 888.9
1074500 890.7
1074510 897.9
1074520 897.9
1074530 901.7
1074540 904.0
1074550 904.0
1074560 906.9
1074570 911.3
1074580 911.3
1074590 914.8
1074600 918.2
1074610 918.2
1074620 922.8
1074630 928.2
1074640 928.2
1074650 929.2
1074660 927.7
1074670 925.4
1074680 925.4
1074690 924.0
1074700 923.1
1074710 923.1
1074720 922.3
1074730 921.9
1074740 921.9
1074750 922.7
1074760 924.1
1074770 924.1
1074780 923.3
1074790 920.0
1074800 920.0
1074810 915.8
1074820 915.7
1074830 915.7
1074840 915.3
1074850 915.3
1074860 915.3
1074870 913.5
1074880 911.4
1074890 911.4
1074900 911.0
1074910 910.3
1074920 910.3
1074930 908.6
1074940 906.8
1074950 905.7
1074960 905.7
1074970 904.1
1074980 902.5
1074990 902.5
1075000 899.8
1075010 897.2
1075020 897.2
1075030 895.0
1075040 892.3
1075050 892.3
1075060 889.2
1075070 888.4
1075080 888.4
1075090 888.1
1075100 885.4
1075110 885.4
1075120 881.1
1075130 880.7
1075140 880.7
1075150 879.4
1075160 878.0
1075170 878.0
1075180 876.1
1075190 873.1
1075200 870.7
1075210 870.7
1075220 868.2
1075230 864.9
1075240 864.9
1075250 861.8
1075260 858.5
1075270 858.5
1075280 856.7
1075290 855.3
1075300 855.3
1075310 853.3
1075320 850.2
1075330 850.2
1075340 846.6
1075350 843.6
1075360 843.6
1075370 841.9
1075380 841.0
1075390 841.0
1075400 838.6
1075410 836.4
1075420 836.4
1075430 834.0
1075440 834.5
1075450 831.1
1075460 831.1
1075470 828.3
1075480 826.4
1075490 826.4
1075500 825.2
1075510 823.5
1075520 823.5
1075530 821.9
1075540 819.9
1075550 819.9
1075560 817.5
1075570 815.0
1075580 815.0
1075590 812.9
1075600 811.1
1075610 811.1
1075620 809.4
1075630 807.2
1075640 807.2
1075650 804.0
1075660 801.2
1075670 801.2
1075680 798.2
1075690 795.7
1075700 793.1
1075710 793.1
1075720 790.4
1075730 787.8
1075740 787.8
1075750 788.4
1075760 785.7
1075770 785.7
1075780 782.8
1075790 779.4
1075800 779.4
1075810 776.0
1075820 774.4
1075830 774.4
1075840 773.7
1075850 772.2
1075860 772.2
1075870 771.1
1075880 771.0
1075890 771.0
1075900 772.2
1075910 773.5
1075920 773.5
1075930 773.9
1075940 772.6
1075950 771.5
1075960 771.5
1075970 771.7
1075980 772.1
1075990 772.1
1076000 771.8
1076010 769.9
1076020 769.9
1076030 767.9
1076040 766.4
1076050 766.4
1076060 768.8
1076070 766.2
1076080 766.2
1076090 764.6
1076100 764.1
1076110 764.1
1076120 762.4
1076130 762.5
1076140 762.5
1076150 761.6
1076160 761.2
1076170 761.2
1076180 763.3
1076190 764.4
1076200 763.7
1076210 763.7
1076220 762.4
1076230 760.5
1076240 760.5
1076250 756.0
1076260 750.7
1076270 750.7
1076280 747.8
1076290 746.6
1076300 746.6
1076310 743.5
1076320 742.4
1076330 742.4
1076340 742.5
1076350 741.9
1076360 741.9
1076370 740.6
1076380 739.8
1076390 739.8
1076400 737.9
1076410 736.0
1076420 736.0
1076430 733.7
1076440 731.5
1076450 729.3
1076460 729.3
1076470 727.6
1076480 726.2
1076490 726.2
1076500 724.8
1076510 723.9
1076520 723.9
1076530 723.2
1076540 722.7
1076550 722.7
1076560 722.0
1076570 721.0
1076580 721.0
1076590 719.3
1076600 717.5
1076610 717.5
1076620 716.0
1076630 714.6
1076640 714.6
1076650 713.4
1076660 712.1
1076670 712.1
1076680 711.1
1076690 710.4
1076700 709.3
1076710 709.3
1076720 708.2
1076730 707.0
1076740 707.0
1076750 705.9
1076760 705.1
1076770 705.1
1076780 704.6
1076790 705.1
1076800 705.1
1076810 705.8
1076820 706.1
1076830 706.1
1076840 704.9
1076850 703.7
1076860 703.7
1076870 702.4
1076880 701.0
1076890 701.0
1076900 699.7
1076910 697.4
1076920 697.4
1076930 694.9
1076940 694.9
1076950 698.2
1076960 698.2
1076970 702.4
1076980 706.5
1076990 706.5
1077000 711.7
1077010 715.6
1077020 715.6
1077030 718.6
1077040 722.0
1077050 722.0
1077060 725.1
1077070 727.1
1077080 727.1
1077090 728.5
1077100 729.4
1077110 729.4
1077120 729.9
1077130 730.2
1077140 730.2
1077150 729.9
1077160 729.9
1077170 729.9
1077180 729.0
1077190 728.2
1077200 728.0
1077210 728.0
1077220 727.3
1077230 726.8
1077240 726.8
1077250 725.6
1077260 724.9
1077270 724.9
1077280 724.2
1077290 722.7
1077300 722.7
1077310 726.1
1077320 724.1
1077330 724.1
1077340 721.1
1077350 718.3
1077360 718.3
1077370 717.2
1077380 716.1
1077390 716.1
1077400 714.0
1077410 711.4
1077420 711.4
1077430 708.1
1077440 704.7
1077450 701.4
1077460 701.4
1077470 699.5
1077480 700.8
1077490 700.8
1077500 700.4
1077510 697.4
1077520 697.4
1077530 692.9
1077540 689.8
1077550 689.8
1077560 689.3
1077570 689.9
1077580 689.9
1077590 690.0
1077600 689.5
1077610 689.5
1077620 690.0
1077630 689.6
1077640 689.6
1077650 687.7
1077660 683.3
1077670 683.3
1077680 680.3
1077690 680.2
1077700 678.6
1077710 678.6
1077720 672.9
1077730 666.8
1077740 666.8
1077750 660.1
1077760 654.1
1077770 654.1
1077780 648.8
1077790 645.6
1077800 645.6
1077810 643.2
1077820 642.5
1077830 642.5
1077840 641.5
1077850 640.4
1077860 640.4
1077870 639.1
1077880 637.6
1077890 637.6
1077900 635.5
1077910 634.7
1077920 634.7
1077930 634.2
1077940 634.5
1077950 635.1
1077960 635.1
1077970 635.4
1077980 636.2
1077990 636.2
1078000 636.5
1078010 637.5
1078020 637.5
1078030 636.2
1078040 632.6
1078050 632.6
1078060 628.4
1078070 623.4
1078080 623.4
1078090 620.1
1078100 618.3
1078110 618.3
1078120 618.1
1078130 618.1
1078140 618.1
1078150 615.8
1078160 611.2
1078170 611.2
1078180 609.9
1078190 609.1
1078200 608.6
1078210 608.6
1078220 608.3
1078230 607.9
1078240 607.9
1078250 609.1
1078260 610.5
1078270 610.5
1078280 611.5
1078290 612.1
1078300 612.1
1078310 612.4
1078320 612.2
1078330 612.2
1078340 612.1
1078350 612.2
1078360 612.2
1078370 612.5
1078380 613.0
1078390 613.0
1078400 614.0
1078410 616.1
1078420 616.1
1078430 619.1
1078440 621.3
1078450 621.3
1078460 623.9
1078470 626.7
1078480 628.0
1078490 628.0
1078500 628.5
1078510 630.2
1078520 630.2
1078530 631.9
1078540 633.3
1078550 633.3
1078560 630.1
1078570 630.2
1078580 630.2
1078590 629.9
1078600 629.6
1078610 629.6
1078620 629.4
1078630 629.3
1078640 629.3
1078650 629.2
1078660 631.9
1078670 631.9
1078680 635.0
1078690 639.2
1078700 639.2
1078710 643.5
1078720 646.7
1078730 648.3
1078740 648.3
1078750 645.9
1078760 642.1
1078770 642.1
1078780 636.8
1078790 634.0
1078800 634.0
1078810 631.1
1078820 626.8
1078830 626.8
1078840 625.3
1078850 623.3
1078860 623.3
1078870 618.9
1078880 616.3
1078890 616.3
1078900 614.4
1078910 613.9
1078920 613.9
1078930 613.8
1078940 613.5
1078950 613.5
1078960 614.2
1078970 616.8
1078980 618.0
1078990 618.0
1079000 619.4
1079010 618.5
1079020 618.5
1079030 612.2
1079040 607.8
1079050 607.8
1079060 604.1
1079070 599.6
1079080 599.6
1079090 597.0
1079100 597.9
1079110 597.9
1079120 598.2
1079130 598.2
1079140 598.2
1079150 598.2
1079160 597.7
1079170 597.7
1079180 595.2
1079190 595.7
1079200 595.7
1079210 590.9
1079220 588.9
1079230 587.8
1079240 587.8
1079250 587.1
1079260 586.4
1079270 586.4
1079280 585.9
1079290 585.5
1079300 585.5
1079310 585.3
1079320 586.1
1079330 586.1
1079340 587.4
1079350 588.0
1079360 588.0
1079370 588.4
1079380 588.5
1079390 588.5
1079400 587.4
1079410 584.1
1079420 584.1
1079430 579.8
1079440 577.4
1079450 577.4
1079460 575.1
1079470 571.4
1079480 568.5
1079490 568.5
1079500 566.4
1079510 564.4
1079520 564.4
1079530 561.8
1079540 556.5
1079550 556.5
1079560 558.9
1079570 560.7
1079580 560.7
1079590 558.2
1079600 556.6
1079610 556.6
1079620 554.3
1079630 552.2
1079640 552.2
1079650 550.5
1079660 549.3
1079670 549.3
1079680 546.9
1079690 544.3
1079700 544.3
1079710 542.5
1079720 539.9
1079730 538.1
1079740 538.1
1079750 537.4
1079760 536.9
1079770 536.9
1079780 536.9
1079790 536.6
1079800 536.6
1079810 536.1
1079820 535.9
1079830 535.9
1079840 535.6
1079850 535.5
1079860 535.5
1079870 535.5
1079880 535.7
1079890 535.7
1079900 535.8
1079910 535.7
1079920 535.7
1079930 535.7
1079940 535.8
1079950 535.8
1079960 535.9
1079970 535.9
1079980 535.8
1079990 535.8
