1065410 1540.7
1065420 1546.0
1065430 1546.0
1065440 1551.1
1065450 1556.6
1065460 1556.6
1065470 1562.0
1065480 1566.3
1065490 1566.3
1065500 1569.1
1065510 1569.8
1065520 1569.8
1065530 1573.6
1065540 1578.1
1065550 1578.1
1065560 1584.6
1065570 1590.3
1065580 1590.3
1065590 1596.1
1065600 1601.8
1065610 1609.8
1065620 1609.8
1065630 1616.6
1065640 1620.9
1065650 1620.9
1065660 1624.5
1065670 1627.1
1065680 1627.1
1065690 1627.6
1065700 1625.1
1065710 1625.1
1065720 1619.1
1065730 1611.6
1065740 1611.6
1065750 1602.6
1065760 1594.6
1065770 1594.6
1065780 1588.9
1065790 1583.7
1065800 1583.7
1065810 1577.2
1065820 1571.3
1065830 1571.3
1065840 1566.5
1065850 1561.0
1065860 1554.4
1065870 1554.4
1065880 1547.4
1065890 1540.6
1065900 1540.6
1065910 1535.0
1065920 1530.2
1065930 1530.2
1065940 1525.4
1065950 1520.8
1065960 1520.8
1065970 1516.8
1065980 1512.6
1065990 1512.6
1066000 1508.2
1066010 1503.6
1066020 1503.6
1066030 1498.4
1066040 1493.8
1066050 1493.8
1066060 1489.4
1066070 1484.6
1066080 1484.6
1066090 1480.0
1066100 1474.7
1066110 1470.5
1066120 1470.8
1066130 1468.8
1066140 1465.3
1066150 1465.3
1066160 1461.6
1066170 1458.7
1066180 1458.7
1066190 1456.0
1066200 1453.6
1066210 1453.6
1066220 1451.3
1066230 1448.5
1066240 1448.5
1066250 1445.2
1066260 1439.6
1066270 1439.6
1066280 1433.4
1066290 1432.2
1066300 1432.2
1066310 1432.8
1066320 1426.9
1066330 1426.9
1066340 1422.1
1066350 1420.3
1066360 1420.3
1066370 1417.6
1066380 1410.6
1066390 1407.7
1066400 1407.7
1066410 1407.4
1066420 1399.7
1066430 1399.7
1066440 1399.4
1066450 1395.6
1066460 1395.6
1066470 1394.5
1066480 1395.9
1066490 1395.9
1066500 1397.0
1066510 1395.6
1066520 1395.6
1066530 1393.4
1066540 1393.2
1066550 1393.2
1066560 1393.7
1066570 1392.7
1066580 1392.7
1066590 1390.3
1066600 1387.4
1066610 1387.4
1066620 1384.8
1066630 1381.3
1066640 1375.4
1066650 1375.4
1066660 1369.5
1066670 1364.6
1066680 1364.6
1066690 1358.1
1066700 1352.6
1066710 1352.6
1066720 1347.1
1066730 1337.1
1066740 1337.1
1066750 1331.6
1066760 1326.2
1066770 1326.2
1066780 1320.9
1066790 1314.9
1066800 1314.9
1066810 1308.8
1066820 1303.6
1066830 1303.6
1066840 1298.0
1066850 1290.4
1066860 1290.4
1066870 1281.9
1066880 1275.6
1066890 1273.9
1066900 1273.9
1066910 1273.0
1066920 1275.7
1066930 1275.7
1066940 1277.3
1066950 1275.6
1066960 1275.6
1066970 1271.1
1066980 1264.6
1066990 1264.6
1067000 1257.7
1067010 1250.9
1067020 1250.9
1067030 1242.9
1067040 1235.7
1067050 1235.7
1067060 1228.0
1067070 1222.5
1067080 1222.5
1067090 1218.4
1067100 1213.3
1067110 1213.3
1067120 1210.6
1067130 1213.5
1067140 1216.8
1067150 1216.8
1067160 1221.6
1067170 1222.3
1067180 1222.3
1067190 1214.7
1067200 1210.2
1067210 1210.2
1067220 1206.7
1067230 1203.3
1067240 1203.3
1067250 1199.5
1067260 1195.4
1067270 1195.4
1067280 1191.4
1067290 1186.7
1067300 1186.7
1067310 1182.0
1067320 1176.7
1067330 1176.7
1067340 1166.5
1067350 1160.4
1067360 1160.4
1067370 1153.2
1067380 1148.6
1067390 1144.7
1067400 1144.7
1067410 1141.9
1067420 1143.2
1067430 1143.2
1067440 1142.3
1067450 1139.1
1067460 1139.1
1067470 1135.7
1067480 1132.3
1067490 1132.3
1067500 1129.7
1067510 1127.5
1067520 1127.5
1067530 1124.8
1067540 1123.6
1067550 1123.6
1067560 1123.7
1067570 1125.1
1067580 1125.1
1067590 1129.7
1067600 1133.5
1067610 1133.5
1067620 1135.6
1067630 1133.8
1067640 1125.7
1067650 1125.7
1067660 1122.6
1067670 1118.7
1067680 1118.7
1067690 1114.6
1067700 1110.2
1067710 1110.2
1067720 1106.7
1067730 1103.1
1067740 1103.1
1067750 1099.4
1067760 1095.5
1067770 1095.5
1067780 1091.3
1067790 1086.8
1067800 1086.8
1067810 1082.6
1067820 1078.0
1067830 1078.0
1067840 1074.4
1067850 1070.5
1067860 1070.5
1067870 1069.0
1067880 1067.4
1067890 1063.9
1067900 1063.9
1067910 1059.5
1067920 1054.2
1067930 1054.2
1067940 1049.1
1067950 1043.4
1067960 1043.4
1067970 1038.7
1067980 1033.9
1067990 1033.9
1068000 1028.8
1068010 1024.5
1068020 1024.5
1068030 1020.5
1068040 1016.7
1068050 1016.7
1068060 1013.7
1068070 1011.6
1068080 1011.6
1068090 1009.3
1068100 1006.7
1068110 1006.7
1068120 1003.7
1068130 998.6
1068140 993.2
1068150 993.2
1068160 988.0
1068170 983.3
1068180 983.3
1068190 980.0
1068200 979.1
1068210 979.1
1068220 978.1
1068230 976.0
1068240 976.0
1068250 973.6
1068260 969.7
1068270 969.7
1068280 965.1
1068290 960.1
1068300 960.1
1068310 954.9
1068320 950.0
1068330 950.0
1068340 945.6
1068350 941.9
1068360 941.9
1068370 938.6
1068380 935.4
1068390 931.6
1068400 931.6
1068410 927.4
1068420 923.8
1068430 923.8
1068440 919.5
1068450 915.1
1068460 915.1
1068470 910.6
1068480 905.3
1068490 905.3
1068500 898.9
1068510 890.1
1068520 890.1
1068530 881.8
1068540 872.2
1068550 872.2
1068560 865.5
1068570 860.5
1068580 860.5
1068590 859.9
1068600 858.2
1068610 858.2
1068620 857.3
1068630 858.4
1068640 858.4
1068650 857.7
1068660 852.0
1068670 845.6
1068680 845.6
1068690 840.7
1068700 839.1
1068710 839.1
1068720 836.2
1068730 831.1
1068740 831.1
1068750 824.6
1068760 817.4
1068770 817.4
1068780 809.3
1068790 801.7
1068800 801.7
1068810 796.0
1068820 791.3
1068830 791.3
1068840 785.6
1068850 779.8
1068860 785.1
1068870 779.6
1068880 772.9
1068890 772.9
1068900 766.4
1068910 760.2
1068920 754.1
1068930 754.1
1068940 746.1
1068950 738.7
1068960 738.7
1068970 733.9
1068980 727.9
1068990 727.9
1069000 723.0
1069010 720.0
1069020 720.0
1069030 719.2
1069040 717.7
1069050 717.7
1069060 716.2
1069070 713.8
1069080 713.8
1069090 715.5
1069100 725.5
1069110 725.5
1069120 732.8
1069130 740.7
1069140 740.7
1069150 747.8
1069160 754.8
1069170 763.6
1069180 763.6
1069190 772.3
1069200 780.7
1069210 780.7
1069220 788.5
1069230 795.9
1069240 795.9
1069250 800.1
1069260 802.3
1069270 802.3
1069280 802.1
1069290 800.8
1069300 800.8
1069310 802.9
1069320 806.2
1069330 806.2
1069340 810.7
1069350 815.3
1069360 815.3
1069370 819.0
1069380 814.8
1069390 814.8
1069400 815.3
1069410 811.5
1069420 809.3
1069430 809.3
1069440 813.1
1069450 819.3
1069460 819.3
1069470 825.7
1069480 836.7
1069490 836.7
1069500 842.6
1069510 846.2
1069520 846.2
1069530 850.2
1069540 856.1
1069550 856.1
1069560 862.4
1069570 862.6
1069580 862.6
1069590 862.3
1069600 860.4
1069610 860.4
1069620 854.6
1069630 855.6
1069640 855.6
1069650 856.7
1069660 855.9
1069670 854.7
1069680 854.7
1069690 852.9
1069700 847.2
1069710 847.2
1069720 840.4
1069730 846.9
1069740 846.9
1069750 859.3
1069760 872.9
1069770 872.9
1069780 881.8
1069790 893.4
1069800 893.4
1069810 901.2
1069820 910.2
1069830 910.2
1069840 919.5
1069850 921.7
1069860 921.7
1069870 924.8
1069880 927.8
1069890 927.8
1069900 933.2
1069910 939.0
1069920 940.1
1069930 940.1
1069940 937.4
1069950 935.1
1069960 935.1
1069970 932.7
1069980 932.1
1069990 932.1
1070000 937.1
1070010 944.3
1070020 944.3
1070030 950.3
1070040 945.3
1070050 945.3
1070060 943.8
1070070 953.8
1070080 953.8
1070090 959.3
1070100 969.0
1070110 969.0
1070120 978.0
1070130 977.3
1070140 977.3
1070150 976.5
1070160 985.8
1070170 995.9
1070180 995.9
1070190 1006.3
1070200 1015.3
1070210 1015.3
1070220 1022.7
1070230 1028.5
1070240 1028.5
1070250 1034.3
1070260 1041.0
1070270 1041.0
1070280 1047.1
1070290 1052.5
1070300 1052.5
1070310 1057.3
1070320 1061.5
1070330 1061.5
1070340 1066.4
1070350 1072.5
1070360 1072.5
1070370 1078.3
1070380 1083.4
1070390 1083.4
1070400 1083.6
1070410 1085.8
1070420 1088.4
1070430 1088.4
1070440 1090.5
1070450 1091.0
1070460 1091.0
1070470 1090.3
1070480 1090.8
1070490 1090.8
1070500 1092.9
1070510 1094.3
1070520 1094.3
1070530 1095.4
1070540 1097.1
1070550 1097.1
1070560 1099.0
1070570 1100.6
1070580 1100.6
1070590 1103.8
1070600 1111.1
1070610 1111.1
1070620 1118.2
1070630 1124.3
1070640 1124.3
1070650 1129.3
1070660 1135.8
1070670 1135.8
1070680 1141.9
1070690 1148.4
1070700 1152.3
1070710 1152.3
1070720 1158.3
1070730 1164.1
1070740 1164.1
1070750 1169.7
1070760 1174.5
1070770 1174.5
1070780 1177.7
1070790 1180.6
1070800 1180.6
1070810 1187.6
1070820 1195.1
1070830 1195.1
1070840 1201.2
1070850 1206.8
1070860 1206.8
1070870 1212.4
1070880 1217.8
1070890 1217.8
1070900 1223.3
1070910 1229.2
1070920 1229.2
1070930 1235.9
1070940 1243.0
1070950 1248.5
1070960 1248.5
1070970 1254.7
1070980 1261.7
1070990 1261.7
1071000 1268.5
1071010 1270.8
1071020 1270.8
1071030 1276.1
1071040 1281.8
1071050 1281.8
1071060 1288.3
1071070 1294.3
1071080 1294.3
1071090 1299.9
1071100 1305.2
1071110 1305.2
1071120 1310.0
1071130 1314.8
1071140 1314.8
1071150 1318.9
1071160 1322.9
1071170 1322.9
1071180 1326.0
1071190 1329.8
1071200 1332.2
1071210 1332.2
1071220 1331.9
1071230 1331.2
1071240 1331.2
1071250 1331.5
1071260 1331.5
1071270 1331.5
1071280 1333.2
1071290 1335.1
1071300 1335.1
1071310 1337.8
1071320 1339.2
1071330 1339.2
1071340 1343.9
1071350 1346.4
1071360 1346.4
1071370 1347.7
1071380 1347.4
1071390 1347.4
1071400 1349.8
1071410 1357.0
1071420 1357.0
1071430 1363.5
1071440 1367.8
1071450 1371.2
1071460 1371.2
1071470 1374.7
1071480 1380.8
1071490 1380.8
1071500 1386.4
1071510 1391.6
1071520 1391.6
1071530 1397.2
1071540 1400.4
1071550 1400.4
1071560 1401.7
1071570 1402.7
1071580 1402.7
1071590 1404.1
1071600 1405.7
1071610 1405.7
1071620 1407.4
1071630 1409.3
1071640 1409.3
1071650 1411.0
1071660 1412.9
1071670 1412.9
1071680 1414.6
1071690 1415.6
1071700 1416.3
1071710 1416.3
1071720 1416.3
1071730 1415.9
1071740 1415.9
1071750 1414.6
1071760 1412.7
1071770 1412.7
1071780 1409.2
1071790 1405.4
1071800 1405.4
1071810 1400.2
1071820 1395.1
1071830 1395.1
1071840 1390.5
1071850 1384.4
1071860 1384.4
1071870 1377.9
1071880 1371.5
1071890 1371.5
1071900 1365.3
1071910 1359.5
1071920 1359.5
1071930 1360.7
1071940 1356.1
1071950 1351.5
1071960 1351.5
1071970 1348.9
1071980 1347.6
1071990 1347.6
1072000 1346.1
1072010 1344.3
1072020 1344.3
1072030 1341.1
1072040 1337.2
1072050 1337.2
1072060 1333.2
1072070 1331.2
1072080 1331.2
1072090 1329.2
1072100 1325.5
1072110 1325.5
1072120 1320.3
1072130 1314.8
1072140 1314.8
1072150 1309.4
1072160 1305.0
1072170 1305.0
1072180 1301.1
1072190 1297.8
1072200 1294.0
1072210 1294.0
1072220 1290.7
1072230 1287.4
1072240 1289.7
1072250 1285.9
1072260 1282.7
1072270 1282.7
1072280 1280.3
1072290 1278.2
1072300 1278.2
1072310 1276.6
1072320 1275.1
1072330 1275.1
1072340 1273.6
1072350 1271.8
1072360 1271.8
1072370 1269.1
1072380 1266.3
1072390 1266.3
1072400 1264.6
1072410 1263.6
1072420 1263.6
1072430 1261.4
1072440 1258.9
1072450 1256.1
1072460 1256.1
1072470 1253.3
1072480 1248.2
1072490 1248.2
1072500 1244.2
1072510 1242.9
1072520 1242.9
1072530 1239.3
1072540 1234.4
1072550 1240.6
1072560 1240.0
1072570 1237.4
1072580 1237.4
1072590 1234.7
1072600 1231.8
1072610 1231.8
1072620 1229.4
1072630 1226.2
1072640 1226.2
1072650 1223.1
1072660 1220.0
1072670 1220.0
1072680 1217.2
1072690 1213.7
1072700 1211.2
1072710 1211.2
1072720 1209.7
1072730 1207.6
1072740 1207.6
1072750 1203.3
1072760 1200.9
1072770 1200.9
1072780 1197.6
1072790 1194.1
1072800 1194.1
1072810 1192.4
1072820 1192.1
1072830 1192.1
1072840 1186.8
1072850 1180.2
1072860 1186.3
1072870 1178.8
1072880 1171.8
1072890 1171.8
1072900 1164.3
1072910 1156.7
1072920 1156.7
1072930 1149.9
1072940 1143.4
1072950 1143.4
1072960 1137.8
1072970 1132.6
1072980 1126.8
1072990 1126.8
1073000 1120.6
1073010 1115.6
1073020 1115.6
1073030 1110.2
1073040 1105.1
1073050 1105.1
1073060 1099.1
1073070 1093.0
1073080 1093.0
1073090 1089.0
1073100 1085.8
1073110 1085.8
1073120 1081.0
1073130 1077.2
1073140 1077.2
1073150 1073.9
1073160 1069.0
1073170 1071.3
1073180 1069.2
1073190 1066.7
1073200 1066.7
1073210 1063.9
1073220 1062.1
1073230 1058.8
1073240 1058.8
1073250 1055.3
1073260 1051.9
1073270 1051.9
1073280 1050.1
1073290 1049.4
1073300 1049.4
1073310 1049.1
1073320 1047.7
1073330 1047.7
1073340 1045.3
1073350 1043.8
1073360 1043.8
1073370 1041.8
1073380 1037.6
1073390 1037.6
1073400 1032.9
1073410 1030.9
1073420 1030.9
1073430 1029.5
1073440 1030.1
1073450 1030.1
1073460 1027.1
1073470 1022.1
1073480 1023.5
1073490 1023.5
1073500 1021.5
1073510 1020.0
1073520 1020.0
1073530 1017.6
1073540 1014.2
1073550 1014.2
1073560 1011.4
1073570 1009.6
1073580 1009.6
1073590 1007.1
1073600 1005.6
1073610 1005.6
1073620 1004.7
1073630 1000.9
1073640 1000.9
1073650 996.2
1073660 991.6
1073670 991.6
1073680 987.9
1073690 985.7
1073700 985.7
1073710 982.1
1073720 977.1
1073730 972.6
1073740 972.6
1073750 968.5
1073760 966.3
1073770 966.3
1073780 964.1
1073790 964.4
1073800 964.4
1073810 959.8
1073820 955.4
1073830 955.4
1073840 951.2
1073850 946.4
1073860 946.4
1073870 941.9
1073880 939.6
1073890 939.6
1073900 937.7
1073910 935.1
1073920 935.1
1073930 931.8
1073940 929.8
1073950 929.8
1073960 928.0
1073970 925.9
1073980 923.6
1073990 923.6
1074000 921.7
1074010 920.3
1074020 920.3
1074030 919.0
1074040 916.6
1074050 916.6
1074060 913.2
1074070 910.2
1074080 910.2
1074090 907.6
1074100 908.1
1074110 908.1
1074120 906.9
1074130 906.0
1074140 906.0
1074150 905.8
1074160 905.6
1074170 905.6
1074180 903.8
1074190 897.9
1074200 897.9
1074210 891.9
1074220 886.3
1074230 882.8
1074240 882.8
1074250 880.2
1074260 878.5
1074270 878.5
1074280 877.4
1074290 876.3
1074300 876.3
1074310 872.5
1074320 869.1
1074330 869.1
1074340 867.0
1074350 864.9
1074360 864.9
1074370 862.7
1074380 856.5
1074390 856.5
1074400 850.1
1074410 844.5
1074420 844.5
1074430 836.1
1074440 815.9
1074450 815.9
1074460 812.2
1074470 803.6
1074480 795.6
1074490 795.6
1074500 787.7
1074510 776.7
1074520 776.7
1074530 771.2
1074540 769.3
1074550 769.3
1074560 773.6
1074570 782.1
1074580 782.1
1074590 793.9
1074600 799.7
1074610 799.7
1074620 803.2
1074630 806.1
1074640 806.1
1074650 809.6
1074660 812.6
1074670 812.6
1074680 813.6
1074690 812.0
1074700 812.0
1074710 809.4
1074720 808.3
1074730 805.2
1074740 805.2
1074750 803.2
1074760 801.4
1074770 801.4
1074780 799.3
1074790 796.8
1074800 796.8
1074810 795.6
1074820 793.2
1074830 793.2
1074840 791.9
1074850 790.6
1074860 790.6
1074870 789.3
1074880 788.2
1074890 788.2
1074900 787.7
1074910 787.0
1074920 787.0
1074930 786.1
1074940 785.6
1074950 785.6
1074960 784.9
1074970 784.3
1074980 782.9
1074990 782.9
1075000 781.6
1075010 781.7
1075020 781.7
1075030 783.7
1075040 782.0
1075050 782.0
1075060 779.5
1075070 777.5
1075080 777.5
1075090 776.1
1075100 775.0
1075110 775.0
1075120 773.3
1075130 770.6
1075140 770.6
1075150 768.4
1075160 765.6
1075170 765.6
1075180 762.3
1075190 759.6
1075200 759.6
1075210 757.0
1075220 753.7
1075230 753.7
1075240 750.4
1075250 750.4
1075260 746.9
1075270 746.9
1075280 743.0
1075290 742.6
1075300 742.6
1075310 740.6
1075320 736.0
1075330 736.0
1075340 735.0
1075350 732.7
1075360 732.7
1075370 730.6
1075380 729.7
1075390 729.7
1075400 729.4
1075410 729.1
1075420 729.1
1075430 728.4
1075440 727.1
1075450 727.1
1075460 726.5
1075470 726.0
1075480 726.0
1075490 725.7
1075500 725.2
1075510 722.8
1075520 722.8
1075530 718.5
1075540 715.8
1075550 715.8
1075560 715.1
1075570 714.9
1075580 714.9
1075590 713.5
1075600 711.4
1075610 711.4
1075620 709.8
1075630 709.5
1075640 709.5
1075650 709.0
1075660 706.1
1075670 706.1
1075680 704.1
1075690 703.2
1075700 703.2
1075710 702.9
1075720 699.9
1075730 699.9
1075740 695.4
1075750 693.8
1075760 692.4
1075770 692.4
1075780 691.1
1075790 690.0
1075800 690.0
1075810 688.9
1075820 688.0
1075830 688.0
1075840 687.3
1075850 686.6
1075860 686.6
1075870 686.1
1075880 685.4
1075890 685.4
1075900 684.8
1075910 684.3
1075920 684.3
1075930 683.9
1075940 683.5
1075950 683.5
1075960 682.7
1075970 682.1
1075980 682.1
1075990 681.7
1076000 681.4
1076010 681.1
1076020 681.1
1076030 680.8
1076040 680.7
1076050 680.7
1076060 680.7
1076070 680.7
1076080 680.7
1076090 680.7
1076100 680.7
1076110 680.7
1076120 680.8
1076130 681.0
1076140 681.0
1076150 681.1
1076160 681.1
1076170 681.1
1076180 681.3
1076190 681.4
1076200 681.4
1076210 681.4
1076220 681.4
1076230 681.4
1076240 681.5
1076250 681.6
1076260 681.8
1076270 682.3
1076280 682.4
1076290 682.4
1076300 682.4
1076310 682.4
1076320 682.2
1076330 682.2
1076340 682.0
1076350 681.9
1076360 681.9
1076370 681.8
1076380 681.8
1076390 681.8
1076400 681.7
1076410 681.7
1076420 681.7
1076430 681.6
1076440 681.5
1076450 681.5
1076460 681.4
1076470 681.2
1076480 681.2
1076490 681.3
1076500 681.0
1076510 680.6
1076520 680.6
1076530 680.2
1076540 680.0
1076550 680.0
1076560 679.9
1076570 679.7
1076580 680.8
1076590 680.4
1076600 679.6
1076610 679.6
1076620 678.8
1076630 678.2
1076640 678.2
1076650 677.7
1076660 677.2
1076670 677.2
1076680 676.8
1076690 676.4
1076700 676.4
1076710 676.0
1076720 675.6
1076730 675.6
1076740 675.1
1076750 674.6
1076760 674.1
1076770 674.1
1076780 673.8
1076790 673.3
1076800 673.3
1076810 672.7
1076820 672.3
1076830 672.3
1076840 671.9
1076850 670.7
1076860 670.7
1076870 669.6
1076880 669.1
1076890 669.1
1076900 669.6
1076910 669.7
1076920 669.7
1076930 670.8
1076940 670.1
1076950 670.1
1076960 668.4
1076970 665.7
1076980 665.7
1076990 664.0
1077000 664.3
1077010 664.9
1077020 664.9
1077030 663.5
1077040 661.6
1077050 661.6
1077060 659.9
1077070 658.3
1077080 658.3
1077090 656.5
1077100 655.6
1077110 655.6
1077120 654.9
1077130 654.3
1077140 654.3
1077150 653.8
1077160 653.3
1077170 653.3
1077180 652.8
1077190 652.6
1077200 652.6
1077210 651.6
1077220 651.2
1077230 651.2
1077240 650.8
1077250 651.0
1077260 653.3
1077270 653.3
1077280 656.8
1077290 658.2
1077300 658.2
1077310 658.7
1077320 659.1
1077330 659.1
1077340 659.3
1077350 658.7
1077360 658.7
1077370 658.1
1077380 657.5
1077390 657.5
1077400 656.8
1077410 655.1
1077420 655.1
1077430 651.6
1077440 647.3
1077450 647.3
1077460 643.1
1077470 638.7
1077480 638.7
1077490 633.6
1077500 628.2
1077510 622.5
1077520 625.6
1077530 620.8
1077540 616.5
1077550 616.5
1077560 612.3
1077570 608.1
1077580 608.1
1077590 604.2
1077600 600.4
1077610 600.4
1077620 596.4
1077630 593.2
1077640 593.2
1077650 591.8
1077660 590.9
1077670 590.9
1077680 590.1
1077690 590.3
1077700 590.3
1077710 590.5
1077720 590.4
1077730 590.4
1077740 590.2
1077750 589.8
1077760 589.3
1077770 589.3
1077780 588.7
1077790 588.5
1077800 588.5
1077810 588.0
1077820 586.7
1077830 587.7
1077840 589.4
1077850 593.6
1077860 593.6
1077870 599.0
1077880 604.4
1077890 604.4
1077900 605.9
1077910 606.0
1077920 606.0
1077930 605.7
1077940 604.0
1077950 604.0
1077960 600.6
1077970 596.3
1077980 596.3
1077990 592.3
1078000 587.7
1078010 587.7
1078020 583.0
1078030 578.4
1078040 574.8
1078050 574.8
1078060 572.7
1078070 566.4
1078080 566.4
1078090 560.3
1078100 557.1
1078110 557.1
1078120 553.9
1078130 555.6
1078140 555.8
1078150 559.0
1078160 560.1
1078170 560.1
1078180 560.9
1078190 561.4
1078200 561.4
1078210 561.8
1078220 562.2
1078230 562.2
1078240 563.1
1078250 563.8
1078260 563.8
1078270 564.4
1078280 565.2
1078290 566.3
1078300 566.3
1078310 567.3
1078320 567.1
1078330 567.1
1078340 564.5
1078350 559.9
1078360 559.9
1078370 558.3
1078380 560.5
1078390 560.5
1078400 564.0
1078410 565.8
1078420 565.8
1078430 565.0
1078440 562.9
1078450 562.9
1078460 563.2
1078470 558.5
1078480 558.5
1078490 556.5
1078500 556.2
1078510 556.2
1078520 556.3
1078530 556.7
1078540 557.3
1078550 557.3
1078560 558.4
1078570 559.3
1078580 559.3
1078590 559.7
1078600 559.1
1078610 559.1
1078620 559.0
1078630 558.9
1078640 558.9
1078650 558.4
1078660 556.7
1078670 556.7
1078680 555.1
1078690 553.6
1078700 553.6
1078710 551.9
1078720 550.4
1078730 550.4
1078740 549.7
1078750 548.6
1078760 548.6
1078770 549.5
1078780 549.7
1078790 550.1
1078800 550.1
1078810 550.1
1078820 549.7
1078830 549.7
1078840 547.7
1078850 543.9
1078860 543.9
1078870 540.8
1078880 540.1
1078890 540.1
1078900 540.0
1078910 539.0
1078920 539.0
1078930 537.3
1078940 534.5
1078950 534.5
1078960 532.5
1078970 528.8
1078980 528.8
1078990 526.5
1079000 525.0
1079010 525.0
1079020 523.3
1079030 522.4
1079040 522.2
1079050 522.2
1079060 522.1
1079070 522.0
1079080 522.0
1079090 522.0
1079100 522.3
1079110 522.3
1079120 522.6
1079130 523.1
1079140 523.1
1079150 523.5
1079160 524.0
1079170 524.0
1079180 524.0
1079190 521.7
1079200 521.7
1079210 517.1
1079220 513.8
1079230 513.8
1079240 511.7
1079250 511.3
1079260 511.3
1079270 511.2
1079280 511.3
1079290 511.4
1079300 511.4
1079310 511.4
1079320 511.6
1079330 511.6
1079340 511.8
1079350 512.1
1079360 512.1
1079370 512.3
1079380 512.5
1079390 512.5
1079400 513.2
1079410 513.5
1079420 513.5
1079430 513.7
1079440 513.8
1079450 513.8
1079460 514.1
1079470 514.4
1079480 514.4
1079490 514.7
1079500 514.9
1079510 514.9
1079520 515.0
1079530 515.4
1079540 515.8
1079550 515.8
1079560 516.2
1079570 516.4
1079580 516.4
1079590 517.2
1079600 517.4
1079610 517.4
1079620 517.1
1079630 517.3
1079640 517.3
1079650 518.0
1079660 518.3
1079670 518.3
1079680 518.3
1079690 518.7
1079700 518.7
1079710 518.2
1079720 518.2
1079730 518.2
1079740 518.5
1079750 518.8
1079760 518.8
1079770 519.0
1079780 519.1
1079790 519.2
1079800 519.2
1079810 519.5
1079820 519.5
1079830 519.5
1079840 519.4
1079850 519.6
1079860 519.6
1079870 519.7
1079880 519.9
1079890 519.9
1079900 520.1
1079910 520.3
1079920 520.3
1079930 520.3
1079940 520.2
1079950 520.2
1079960 520.1
1079970 520.2
1079980 520.2
1079990 520.3
