1065660 1430.4
1065670 1431.5
1065680 1431.5
1065690 1435.5
1065700 1441.0
1065710 1441.0
1065720 1444.6
1065730 1444.5
1065740 1444.5
1065750 1445.2
1065760 1447.6
1065770 1447.6
1065780 1451.8
1065790 1456.7
1065800 1456.7
1065810 1466.7
1065820 1473.1
1065830 1473.1
1065840 1479.4
1065850 1486.7
1065860 1486.7
1065870 1494.8
1065880 1503.6
1065890 1511.3
1065900 1511.3
1065910 1519.3
1065920 1527.9
1065930 1527.9
1065940 1536.5
1065950 1545.4
1065960 1545.4
1065970 1555.4
1065980 1566.8
1065990 1566.8
1066000 1579.1
1066010 1588.3
1066020 1588.3
1066030 1596.8
1066040 1604.6
1066050 1604.6
1066060 1611.8
1066070 1620.6
1066080 1620.6
1066090 1628.3
1066100 1632.3
1066110 1632.3
1066120 1632.7
1066130 1633.7
1066140 1633.7
1066150 1634.1
1066160 1634.0
1066170 1633.9
1066180 1633.9
1066190 1633.3
1066200 1632.8
1066210 1632.8
1066220 1631.8
1066230 1630.8
1066240 1630.8
1066250 1629.5
1066260 1627.8
1066270 1627.8
1066280 1625.7
1066290 1623.5
1066300 1623.5
1066310 1621.5
1066320 1619.6
1066330 1619.6
1066340 1618.1
1066350 1616.8
1066360 1616.8
1066370 1615.7
1066380 1614.8
1066390 1614.8
1066400 1614.1
1066410 1613.3
1066420 1609.2
1066430 1609.2
1066440 1608.1
1066450 1607.5
1066460 1607.5
1066470 1607.2
1066480 1606.7
1066490 1606.7
1066500 1605.9
1066510 1604.9
1066520 1604.9
1066530 1603.5
1066540 1601.1
1066550 1601.1
1066560 1598.3
1066570 1595.2
1066580 1595.2
1066590 1592.3
1066600 1589.1
1066610 1589.1
1066620 1585.8
1066630 1582.3
1066640 1582.3
1066650 1578.9
1066660 1575.0
1066670 1570.2
1066680 1570.2
1066690 1566.3
1066700 1562.9
1066710 1562.9
1066720 1558.4
1066730 1550.1
1066740 1550.1
1066750 1546.8
1066760 1542.6
1066770 1542.6
1066780 1539.5
1066790 1536.8
1066800 1536.8
1066810 1534.4
1066820 1532.5
1066830 1532.5
1066840 1530.6
1066850 1527.9
1066860 1527.9
1066870 1524.1
1066880 1519.3
1066890 1519.3
1066900 1512.9
1066910 1506.3
1066920 1499.9
1066930 1499.9
1066940 1494.8
1066950 1489.5
1066960 1489.5
1066970 1483.0
1066980 1477.2
1066990 1477.2
1067000 1472.2
1067010 1467.9
1067020 1467.9
1067030 1466.9
1067040 1464.0
1067050 1464.0
1067060 1458.5
1067070 1452.0
1067080 1452.0
1067090 1444.8
1067100 1437.7
1067110 1437.7
1067120 1429.7
1067130 1421.9
1067140 1421.9
1067150 1413.2
1067160 1404.5
1067170 1395.6
1067180 1395.6
1067190 1386.7
1067200 1378.2
1067210 1378.2
1067220 1370.1
1067230 1362.3
1067240 1362.3
1067250 1354.5
1067260 1347.0
1067270 1347.0
1067280 1339.6
1067290 1332.3
1067300 1332.3
1067310 1325.0
1067320 1317.7
1067330 1317.7
1067340 1311.9
1067350 1304.1
1067360 1304.1
1067370 1297.0
1067380 1289.4
1067390 1289.4
1067400 1281.5
1067410 1274.0
1067420 1266.3
1067430 1266.3
1067440 1258.7
1067450 1250.4
1067460 1250.4
1067470 1241.8
1067480 1233.2
1067490 1233.2
1067500 1225.1
1067510 1217.0
1067520 1217.0
1067530 1208.5
1067540 1200.2
1067550 1200.2
1067560 1192.5
1067570 1184.4
1067580 1184.4
1067590 1175.2
1067600 1165.9
1067610 1165.9
1067620 1157.1
1067630 1148.7
1067640 1150.9
1067650 1142.5
1067660 1134.6
1067670 1134.6
1067680 1128.2
1067690 1122.9
1067700 1117.2
1067710 1117.2
1067720 1111.0
1067730 1104.7
1067740 1104.7
1067750 1098.7
1067760 1093.6
1067770 1093.6
1067780 1088.5
1067790 1084.3
1067800 1084.3
1067810 1080.7
1067820 1076.7
1067830 1076.7
1067840 1070.1
1067850 1064.5
1067860 1064.5
1067870 1057.6
1067880 1050.0
1067890 1050.0
1067900 1042.5
1067910 1035.0
1067920 1035.0
1067930 1028.3
1067940 1022.0
1067950 1018.8
1067960 1018.8
1067970 1012.6
1067980 1006.5
1067990 1006.5
1068000 999.9
1068010 993.2
1068020 993.2
1068030 986.5
1068040 980.4
1068050 980.4
1068060 974.4
1068070 969.3
1068080 969.3
1068090 964.3
1068100 959.5
1068110 959.5
1068120 953.7
1068130 948.1
1068140 948.1
1068150 941.4
1068160 933.9
1068170 933.9
1068180 925.7
1068190 918.1
1068200 913.0
1068210 913.0
1068220 907.0
1068230 903.6
1068240 903.6
1068250 898.2
1068260 891.0
1068270 891.0
1068280 884.7
1068290 877.5
1068300 877.5
1068310 876.2
1068320 878.9
1068330 878.9
1068340 879.2
1068350 875.5
1068360 875.5
1068370 871.6
1068380 868.9
1068390 868.9
1068400 865.5
1068410 861.2
1068420 861.2
1068430 857.3
1068440 853.3
1068450 850.0
1068460 850.0
1068470 846.5
1068480 843.6
1068490 843.6
1068500 840.5
1068510 837.8
1068520 837.8
1068530 835.2
1068540 831.6
1068550 831.6
1068560 827.7
1068570 825.4
1068580 825.4
1068590 823.5
1068600 820.3
1068610 820.3
1068620 815.1
1068630 809.6
1068640 809.6
1068650 804.2
1068660 798.7
1068670 798.7
1068680 795.3
1068690 793.1
1068700 791.6
1068710 791.6
1068720 790.8
1068730 789.9
1068740 789.9
1068750 787.8
1068760 784.7
1068770 784.7
1068780 782.5
1068790 779.7
1068800 779.7
1068810 776.8
1068820 773.7
1068830 773.7
1068840 770.7
1068850 767.4
1068860 765.0
1068870 761.5
1068880 757.2
1068890 757.2
1068900 753.2
1068910 749.5
1068920 749.5
1068930 746.9
1068940 743.6
1068950 737.9
1068960 737.9
1068970 731.7
1068980 726.0
1068990 726.0
1069000 720.3
1069010 712.5
1069020 712.5
1069030 706.0
1069040 699.4
1069050 699.4
1069060 693.6
1069070 689.3
1069080 689.3
1069090 682.1
1069100 675.8
1069110 675.8
1069120 676.8
1069130 678.0
1069140 678.0
1069150 677.0
1069160 677.9
1069170 679.6
1069180 683.4
1069190 687.0
1069200 687.0
1069210 694.3
1069220 699.5
1069230 702.6
1069240 702.6
1069250 704.5
1069260 707.5
1069270 707.5
1069280 713.0
1069290 721.4
1069300 721.4
1069310 728.4
1069320 735.3
1069330 735.3
1069340 742.5
1069350 749.4
1069360 749.4
1069370 757.1
1069380 765.3
1069390 765.3
1069400 774.2
1069410 782.2
1069420 782.2
1069430 788.6
1069440 794.9
1069450 794.9
1069460 800.7
1069470 808.5
1069480 814.0
1069490 814.0
1069500 819.6
1069510 825.1
1069520 825.1
1069530 830.1
1069540 835.5
1069550 835.5
1069560 841.0
1069570 846.5
1069580 846.5
1069590 851.0
1069600 852.9
1069610 852.9
1069620 853.1
1069630 852.2
1069640 852.2
1069650 856.1
1069660 861.2
1069670 861.2
1069680 864.6
1069690 866.5
1069700 866.5
1069710 868.0
1069720 870.7
1069730 873.8
1069740 873.8
1069750 877.2
1069760 880.4
1069770 880.4
1069780 888.4
1069790 890.6
1069800 890.6
1069810 890.4
1069820 887.0
1069830 887.0
1069840 890.3
1069850 891.8
1069860 891.8
1069870 892.1
1069880 891.3
1069890 891.3
1069900 890.4
1069910 893.1
1069920 893.1
1069930 896.8
1069940 903.0
1069950 903.0
1069960 909.3
1069970 915.7
1069980 922.5
1069990 922.5
1070000 928.3
1070010 935.7
1070020 935.7
1070030 942.0
1070040 947.3
1070050 947.3
1070060 953.4
1070070 961.0
1070080 961.0
1070090 966.4
1070100 968.5
1070110 968.5
1070120 970.3
1070130 971.9
1070140 971.9
1070150 972.2
1070160 971.3
1070170 971.3
1070180 973.2
1070190 973.2
1070200 973.2
1070210 970.9
1070220 968.9
1070230 969.0
1070240 969.0
1070250 969.7
1070260 969.1
1070270 969.1
1070280 970.9
1070290 969.5
1070300 969.5
1070310 968.1
1070320 964.1
1070330 964.1
1070340 963.8
1070350 965.7
1070360 965.7
1070370 969.9
1070380 975.5
1070390 976.4
1070400 979.2
1070410 982.8
1070420 982.8
1070430 987.8
1070440 993.1
1070450 993.1
1070460 997.9
1070470 1003.0
1070480 1009.6
1070490 1009.6
1070500 1015.7
1070510 1022.3
1070520 1022.3
1070530 1027.1
1070540 1033.4
1070550 1033.4
1070560 1040.7
1070570 1047.9
1070580 1047.9
1070590 1054.4
1070600 1061.5
1070610 1061.5
1070620 1066.9
1070630 1074.5
1070640 1074.5
1070650 1080.9
1070660 1084.1
1070670 1084.1
1070680 1088.8
1070690 1091.7
1070700 1094.9
1070710 1097.6
1070720 1101.0
1070730 1101.0
1070740 1104.3
1070750 1109.1
1070760 1113.6
1070770 1113.6
1070780 1118.0
1070790 1122.2
1070800 1122.2
1070810 1126.3
1070820 1130.0
1070830 1130.0
1070840 1133.5
1070850 1136.6
1070860 1136.6
1070870 1139.0
1070880 1140.9
1070890 1140.9
1070900 1142.0
1070910 1141.9
1070920 1141.9
1070930 1141.9
1070940 1142.6
1070950 1142.6
1070960 1143.0
1070970 1143.4
1070980 1143.4
1070990 1142.1
1071000 1142.2
1071010 1148.8
1071020 1148.8
1071030 1152.2
1071040 1154.2
1071050 1154.2
1071060 1155.3
1071070 1156.7
1071080 1156.7
1071090 1158.3
1071100 1160.0
1071110 1160.0
1071120 1161.6
1071130 1163.1
1071140 1163.1
1071150 1164.3
1071160 1165.2
1071170 1165.2
1071180 1164.8
1071190 1163.5
1071200 1163.5
1071210 1161.8
1071220 1160.6
1071230 1160.6
1071240 1160.2
1071250 1159.3
1071260 1158.6
1071270 1158.6
1071280 1158.6
1071290 1160.0
1071300 1160.0
1071310 1160.4
1071320 1161.8
1071330 1161.8
1071340 1161.1
1071350 1160.7
1071360 1160.7
1071370 1159.9
1071380 1159.3
1071390 1159.3
1071400 1159.2
1071410 1158.6
1071420 1158.6
1071430 1158.3
1071440 1158.8
1071450 1158.8
1071460 1159.7
1071470 1160.4
1071480 1160.4
1071490 1161.1
1071500 1161.9
1071510 1162.4
1071520 1162.4
1071530 1162.7
1071540 1162.9
1071550 1162.9
1071560 1162.9
1071570 1162.9
1071580 1162.9
1071590 1163.0
1071600 1162.9
1071610 1162.9
1071620 1165.6
1071630 1165.4
1071640 1165.4
1071650 1164.5
1071660 1163.6
1071670 1163.6
1071680 1162.6
1071690 1161.8
1071700 1161.8
1071710 1161.0
1071720 1160.4
1071730 1160.4
1071740 1159.6
1071750 1158.0
1071760 1155.9
1071770 1155.9
1071780 1153.6
1071790 1151.7
1071800 1151.7
1071810 1149.6
1071820 1146.8
1071830 1146.8
1071840 1143.9
1071850 1141.7
1071860 1141.7
1071870 1139.9
1071880 1137.4
1071890 1137.4
1071900 1133.3
1071910 1127.4
1071920 1127.4
1071930 1124.3
1071940 1120.7
1071950 1120.7
1071960 1116.8
1071970 1113.9
1071980 1113.9
1071990 1111.0
1072000 1108.2
1072010 1105.8
1072020 1105.8
1072030 1104.2
1072040 1103.5
1072050 1103.5
1072060 1103.5
1072070 1102.9
1072080 1102.9
1072090 1101.6
1072100 1099.0
1072110 1099.0
1072120 1095.6
1072130 1091.9
1072140 1091.9
1072150 1088.1
1072160 1085.1
1072170 1085.1
1072180 1081.6
1072190 1076.5
1072200 1076.5
1072210 1071.1
1072220 1066.3
1072230 1066.3
1072240 1060.0
1072250 1056.7
1072260 1053.4
1072270 1053.4
1072280 1051.6
1072290 1048.8
1072300 1048.8
1072310 1045.6
1072320 1042.8
1072330 1042.8
1072340 1040.1
1072350 1038.0
1072360 1038.0
1072370 1036.3
1072380 1033.5
1072390 1033.5
1072400 1031.6
1072410 1029.4
1072420 1029.4
1072430 1026.7
1072440 1023.8
1072450 1023.8
1072460 1021.7
1072470 1018.8
1072480 1018.8
1072490 1016.1
1072500 1013.5
1072510 1013.5
1072520 1011.0
1072530 1009.2
1072540 1007.7
1072550 1006.3
1072560 1005.2
1072570 1004.6
1072580 1004.6
1072590 1004.2
1072600 1003.5
1072610 1003.5
1072620 1002.9
1072630 1000.7
1072640 1000.7
1072650 994.6
1072660 988.6
1072670 988.6
1072680 983.2
1072690 979.9
1072700 979.9
1072710 977.3
1072720 973.9
1072730 973.9
1072740 970.3
1072750 966.3
1072760 966.3
1072770 962.5
1072780 959.9
1072790 957.7
1072800 957.7
1072810 955.5
1072820 953.4
1072830 953.4
1072840 951.7
1072850 950.1
1072860 949.3
1072870 947.0
1072880 945.5
1072890 945.5
1072900 943.7
1072910 941.7
1072920 941.7
1072930 939.8
1072940 938.1
1072950 938.1
1072960 936.4
1072970 935.0
1072980 935.0
1072990 933.0
1073000 931.3
1073010 931.3
1073020 929.9
1073030 928.7
1073040 927.0
1073050 927.0
1073060 925.3
1073070 924.1
1073080 924.1
1073090 922.9
1073100 922.0
1073110 922.0
1073120 921.0
1073130 920.1
1073140 920.1
1073150 919.0
1073160 917.9
1073170 918.1
1073180 916.6
1073190 913.8
1073200 913.8
1073210 913.3
1073220 913.0
1073230 913.0
1073240 912.6
1073250 911.0
1073260 911.0
1073270 910.4
1073280 911.1
1073290 911.2
1073300 911.2
1073310 910.5
1073320 909.1
1073330 909.1
1073340 906.9
1073350 904.7
1073360 904.7
1073370 902.8
1073380 902.6
1073390 902.6
1073400 901.6
1073410 901.1
1073420 901.1
1073430 900.0
1073440 899.2
1073450 899.2
1073460 898.0
1073470 897.2
1073480 897.3
1073490 896.7
1073500 895.9
1073510 895.9
1073520 895.0
1073530 894.1
1073540 893.1
1073550 893.1
1073560 892.1
1073570 889.0
1073580 889.0
1073590 883.8
1073600 878.0
1073610 878.0
1073620 875.2
1073630 875.8
1073640 875.8
1073650 879.3
1073660 878.7
1073670 878.7
1073680 877.7
1073690 882.2
1073700 882.2
1073710 880.7
1073720 878.3
1073730 878.3
1073740 874.9
1073750 873.3
1073760 873.3
1073770 872.0
1073780 871.0
1073790 876.5
1073800 876.5
1073810 876.5
1073820 874.2
1073830 874.2
1073840 871.8
1073850 869.2
1073860 869.2
1073870 865.2
1073880 861.0
1073890 861.0
1073900 855.4
1073910 849.6
1073920 849.6
1073930 843.3
1073940 838.3
1073950 838.3
1073960 833.2
1073970 829.0
1073980 829.0
1073990 825.5
1074000 821.0
1074010 821.0
1074020 816.7
1074030 812.4
1074040 812.4
1074050 808.0
1074060 804.0
1074070 799.8
1074080 799.8
1074090 795.8
1074100 792.5
1074110 792.5
1074120 787.9
1074130 782.7
1074140 782.7
1074150 778.9
1074160 777.8
1074170 777.8
1074180 774.8
1074190 771.7
1074200 771.7
1074210 769.2
1074220 766.9
1074230 766.9
1074240 764.8
1074250 762.1
1074260 762.1
1074270 759.6
1074280 757.4
1074290 757.4
1074300 755.7
1074310 754.2
1074320 752.5
1074330 752.5
1074340 751.0
1074350 748.5
1074360 748.5
1074370 746.8
1074380 745.2
1074390 745.2
1074400 743.8
1074410 742.8
1074420 742.8
1074430 741.0
1074440 739.5
1074450 739.5
1074460 737.7
1074470 736.0
1074480 736.0
1074490 734.4
1074500 732.8
1074510 732.8
1074520 732.1
1074530 730.6
1074540 730.6
1074550 729.5
1074560 728.4
1074570 727.7
1074580 727.7
1074590 726.4
1074600 725.2
1074610 725.2
1074620 724.4
1074630 723.5
1074640 723.5
1074650 722.6
1074660 721.6
1074670 721.6
1074680 720.6
1074690 719.7
1074700 719.7
1074710 719.0
1074720 718.5
1074730 718.5
1074740 717.7
1074750 716.8
1074760 716.8
1074770 715.8
1074780 714.8
1074790 714.8
1074800 714.0
1074810 713.4
1074820 712.6
1074830 712.6
1074840 711.8
1074850 710.8
1074860 710.8
1074870 710.1
1074880 709.4
1074890 709.4
1074900 708.6
1074910 707.9
1074920 707.9
1074930 707.4
1074940 707.6
1074950 707.6
1074960 710.6
1074970 714.5
1074980 714.5
1074990 717.0
1075000 718.4
1075010 718.4
1075020 720.2
1075030 719.0
1075040 719.0
1075050 722.1
1075060 724.0
1075070 725.1
1075080 725.1
1075090 725.2
1075100 724.6
1075110 724.6
1075120 722.7
1075130 720.3
1075140 720.3
1075150 717.6
1075160 715.8
1075170 715.8
1075180 714.7
1075190 713.6
1075200 713.6
1075210 712.7
1075220 711.4
1075230 711.4
1075240 709.8
1075250 706.9
1075260 706.9
1075270 701.8
1075280 692.9
1075290 692.9
1075300 680.8
1075310 667.1
1075320 656.9
1075330 656.9
1075340 673.9
1075350 680.7
1075360 680.7
1075370 679.4
1075380 677.4
1075390 677.4
1075400 675.0
1075410 674.1
1075420 674.1
1075430 673.7
1075440 670.3
1075450 670.3
1075460 664.0
1075470 654.4
1075480 654.4
1075490 647.4
1075500 649.5
1075510 649.5
1075520 663.2
1075530 669.0
1075540 669.0
1075550 667.8
1075560 666.7
1075570 666.7
1075580 663.9
1075590 660.1
1075600 657.4
1075610 657.4
1075620 657.7
1075630 658.7
1075640 658.7
1075650 658.5
1075660 656.6
1075670 656.6
1075680 652.2
1075690 646.7
1075700 646.7
1075710 644.6
1075720 644.4
1075730 644.4
1075740 646.1
1075750 651.2
1075760 651.2
1075770 658.0
1075780 662.8
1075790 662.8
1075800 668.3
1075810 673.7
1075820 673.7
1075830 678.8
1075840 682.9
1075850 686.3
1075860 686.3
1075870 689.4
1075880 691.6
1075890 691.6
1075900 694.2
1075910 697.1
1075920 697.1
1075930 699.5
1075940 700.5
1075950 700.5
1075960 702.1
1075970 701.5
1075980 701.5
1075990 701.5
1076000 701.7
1076010 701.7
1076020 702.1
1076030 704.3
1076040 704.3
1076050 707.6
1076060 711.1
1076070 711.1
1076080 714.0
1076090 716.2
1076100 716.6
1076110 716.6
1076120 717.2
1076130 718.2
1076140 718.2
1076150 719.0
1076160 720.5
1076170 720.5
1076180 722.8
1076190 726.2
1076200 726.2
1076210 729.0
1076220 730.2
1076230 730.2
1076240 729.6
1076250 728.0
1076260 728.0
1076270 727.3
1076280 724.9
1076290 724.9
1076300 724.6
1076310 726.9
1076320 726.9
1076330 729.9
1076340 731.5
1076350 732.9
1076360 732.9
1076370 734.4
1076380 735.6
1076390 735.6
1076400 736.0
1076410 735.7
1076420 735.7
1076430 735.4
1076440 735.9
1076450 735.9
1076460 736.8
1076470 738.1
1076480 738.1
1076490 739.7
1076500 742.1
1076510 742.1
1076520 744.3
1076530 745.8
1076540 745.8
1076550 746.7
1076560 746.9
1076570 746.9
1076580 749.0
1076590 746.3
1076600 742.8
1076610 742.8
1076620 738.4
1076630 733.5
1076640 733.5
1076650 728.4
1076660 723.5
1076670 723.5
1076680 718.5
1076690 713.2
1076700 713.2
1076710 708.0
1076720 703.4
1076730 703.4
1076740 699.9
1076750 696.8
1076760 696.8
1076770 693.9
1076780 691.3
1076790 691.3
1076800 688.0
1076810 683.8
1076820 683.8
1076830 680.1
1076840 675.8
1076850 671.1
1076860 671.1
1076870 666.2
1076880 661.8
1076890 664.4
1076900 660.1
1076910 656.1
1076920 656.1
1076930 653.1
1076940 650.9
1076950 650.9
1076960 646.2
1076970 641.7
1076980 641.7
1076990 639.5
1077000 637.5
1077010 637.5
1077020 637.3
1077030 640.0
1077040 640.0
1077050 642.2
1077060 643.4
1077070 643.4
1077080 644.1
1077090 643.7
1077100 641.7
1077110 641.7
1077120 640.1
1077130 638.7
1077140 638.7
1077150 638.4
1077160 639.2
1077170 639.2
1077180 640.1
1077190 640.3
1077200 640.3
1077210 642.2
1077220 641.4
1077230 641.4
1077240 639.6
1077250 637.2
1077260 637.2
1077270 634.6
1077280 632.8
1077290 632.8
1077300 632.0
1077310 631.2
1077320 631.2
1077330 630.3
1077340 629.7
1077350 629.7
1077360 629.4
1077370 629.2
1077380 628.2
1077390 628.2
1077400 625.6
1077410 623.8
1077420 623.8
1077430 621.7
1077440 620.3
1077450 620.3
1077460 619.0
1077470 618.2
1077480 618.2
1077490 617.5
1077500 615.7
1077510 615.7
1077520 613.4
1077530 610.3
1077540 610.3
1077550 606.0
1077560 601.5
1077570 601.5
1077580 597.5
1077590 594.5
1077600 594.5
1077610 592.3
1077620 590.7
1077630 589.8
1077640 589.8
1077650 587.8
1077660 585.0
1077670 585.0
1077680 583.2
1077690 580.8
1077700 580.8
1077710 577.6
1077720 574.4
1077730 574.4
1077740 571.0
1077750 567.4
1077760 567.4
1077770 564.1
1077780 561.8
1077790 561.8
1077800 560.2
1077810 556.4
1077820 556.4
1077830 555.9
1077840 552.6
1077850 552.6
1077860 551.5
1077870 548.3
1077880 543.2
1077890 543.2
1077900 538.0
1077910 533.1
1077920 533.1
1077930 529.2
1077940 525.4
1077950 525.4
1077960 520.4
1077970 517.3
1077980 517.3
1077990 515.9
1078000 515.4
1078010 515.4
1078020 513.9
1078030 508.9
1078040 508.9
1078050 505.1
1078060 503.7
1078070 503.7
1078080 502.6
1078090 502.0
1078100 502.0
1078110 502.2
1078120 502.1
1078130 502.0
1078140 502.7
1078150 502.7
1078160 502.6
1078170 502.6
1078180 502.3
1078190 502.3
1078200 502.3
1078210 502.1
1078220 502.2
1078230 502.2
1078240 501.9
1078250 501.6
1078260 501.6
1078270 502.1
1078280 501.8
1078290 501.8
1078300 501.2
1078310 499.3
1078320 499.3
1078330 496.7
1078340 494.8
1078350 494.8
1078360 494.0
1078370 493.5
1078380 493.1
1078390 493.1
1078400 493.2
1078410 493.3
1078420 493.3
1078430 493.3
1078440 493.3
1078450 493.3
1078460 493.5
1078470 493.6
1078480 493.6
1078490 493.5
1078500 493.5
1078510 493.5
1078520 493.9
1078530 494.4
1078540 494.4
1078550 494.3
1078560 493.7
1078570 493.7
1078580 493.5
1078590 493.6
1078600 493.6
1078610 493.7
1078620 494.1
1078630 494.6
1078640 494.6
1078650 494.6
1078660 494.7
1078670 494.7
1078680 494.9
1078690 495.1
1078700 495.1
1078710 495.3
1078720 495.2
1078730 495.2
1078740 494.7
1078750 494.4
1078760 494.4
1078770 494.4
1078780 494.4
1078790 494.4
1078800 494.6
1078810 494.7
1078820 494.7
1078830 494.7
1078840 494.8
1078850 494.8
1078860 495.0
1078870 495.1
1078880 495.1
1078890 495.1
1078900 495.2
1078910 495.3
1078920 495.3
1078930 495.3
1078940 495.2
1078950 495.2
1078960 495.2
1078970 495.3
1078980 495.3
1078990 495.4
1079000 495.5
1079010 495.5
1079020 495.3
1079030 495.2
1079040 495.2
1079050 495.2
1079060 495.3
1079070 495.3
1079080 495.5
1079090 495.5
1079100 495.5
1079110 495.5
1079120 495.6
1079130 495.6
1079140 495.8
1079150 495.9
1079160 496.1
1079170 496.1
1079180 496.0
1079190 496.0
1079200 496.0
1079210 496.1
1079220 496.2
1079230 496.2
1079240 496.3
1079250 496.4
1079260 496.4
1079270 496.4
1079280 496.6
1079290 496.6
1079300 496.6
1079310 496.7
1079320 496.7
1079330 496.7
1079340 496.6
1079350 496.6
1079360 496.6
1079370 496.7
1079380 496.7
1079390 496.7
1079400 496.6
1079410 496.6
1079420 496.6
1079430 496.7
1079440 496.7
1079450 496.7
1079460 496.7
1079470 496.8
1079480 496.8
1079490 496.9
1079500 496.9
1079510 496.9
1079520 497.1
1079530 497.3
1079540 497.3
1079550 497.4
1079560 497.4
1079570 497.4
1079580 497.4
1079590 497.6
1079600 497.6
1079610 498.0
1079620 498.7
1079630 498.7
1079640 499.5
1079650 500.5
1079660 501.3
1079670 501.3
1079680 501.9
1079690 502.2
1079700 502.2
1079710 500.6
1079720 501.6
1079730 501.6
1079740 502.3
1079750 502.7
1079760 502.7
1079770 502.8
1079780 502.9
1079790 502.9
1079800 502.9
1079810 502.6
1079820 502.6
1079830 501.9
1079840 501.2
1079850 501.2
1079860 500.1
1079870 499.2
1079880 499.2
1079890 498.3
1079900 498.0
1079910 497.8
1079920 497.8
1079930 498.0
1079940 498.0
1079950 498.0
1079960 498.1
1079970 498.3
1079980 498.3
1079990 498.3
