1065740 1415.2
1065750 1415.2
1065760 1417.7
1065770 1424.3
1065780 1424.3
1065790 1430.8
1065800 1437.3
1065810 1437.3
1065820 1443.5
1065830 1450.7
1065840 1460.0
1065850 1467.7
1065860 1475.3
1065870 1475.3
1065880 1484.0
1065890 1493.7
1065900 1493.7
1065910 1504.2
1065920 1515.0
1065930 1517.7
1065940 1517.7
1065950 1521.7
1065960 1532.8
1065970 1532.8
1065980 1536.4
1065990 1540.6
1066000 1540.6
1066010 1551.6
1066020 1563.6
1066030 1563.6
1066040 1575.7
1066050 1587.1
1066060 1587.1
1066070 1598.6
1066080 1608.2
1066090 1608.2
1066100 1618.1
1066110 1626.3
1066120 1626.3
1066130 1635.0
1066140 1643.2
1066150 1644.6
1066160 1644.5
1066170 1643.3
1066180 1642.9
1066190 1642.9
1066200 1642.7
1066210 1642.4
1066220 1642.4
1066230 1640.7
1066240 1638.8
1066250 1638.8
1066260 1636.9
1066270 1635.3
1066280 1635.3
1066290 1634.0
1066300 1633.1
1066310 1633.1
1066320 1632.2
1066330 1631.5
1066340 1631.5
1066350 1631.5
1066360 1631.2
1066370 1631.2
1066380 1631.0
1066390 1630.2
1066400 1630.2
1066410 1629.9
1066420 1629.2
1066430 1628.9
1066440 1628.9
1066450 1625.8
1066460 1624.2
1066470 1624.2
1066480 1622.8
1066490 1621.1
1066500 1621.1
1066510 1619.1
1066520 1617.5
1066530 1617.5
1066540 1616.5
1066550 1615.2
1066560 1615.2
1066570 1613.7
1066580 1611.6
1066590 1611.6
1066600 1609.2
1066610 1606.4
1066620 1606.4
1066630 1603.6
1066640 1600.9
1066650 1600.9
1066660 1597.9
1066670 1594.8
1066680 1594.8
1066690 1591.4
1066700 1587.8
1066710 1583.8
1066720 1583.8
1066730 1580.8
1066740 1578.3
1066750 1578.3
1066760 1570.7
1066770 1567.6
1066780 1567.6
1066790 1564.0
1066800 1560.0
1066810 1560.0
1066820 1555.8
1066830 1550.3
1066840 1550.3
1066850 1543.3
1066860 1535.4
1066870 1535.4
1066880 1527.5
1066890 1519.2
1066900 1519.2
1066910 1511.1
1066920 1502.8
1066930 1502.8
1066940 1494.6
1066950 1486.3
1066960 1480.1
1066970 1480.1
1066980 1472.7
1066990 1464.7
1067000 1464.7
1067010 1457.1
1067020 1449.9
1067030 1449.9
1067040 1443.2
1067050 1436.8
1067060 1439.8
1067070 1433.1
1067080 1426.4
1067090 1426.4
1067100 1419.4
1067110 1412.1
1067120 1412.1
1067130 1405.1
1067140 1398.1
1067150 1398.1
1067160 1390.2
1067170 1382.0
1067180 1382.0
1067190 1373.8
1067200 1366.0
1067210 1358.2
1067220 1358.2
1067230 1350.3
1067240 1342.7
1067250 1342.7
1067260 1335.7
1067270 1328.6
1067280 1328.6
1067290 1321.5
1067300 1314.0
1067310 1314.0
1067320 1306.3
1067330 1298.8
1067340 1298.8
1067350 1292.1
1067360 1285.7
1067370 1288.2
1067380 1281.0
1067390 1273.4
1067400 1273.4
1067410 1265.2
1067420 1257.4
1067430 1257.4
1067440 1249.5
1067450 1241.7
1067460 1234.5
1067470 1234.5
1067480 1226.9
1067490 1218.8
1067500 1218.8
1067510 1209.9
1067520 1200.8
1067530 1200.8
1067540 1191.9
1067550 1183.3
1067560 1183.3
1067570 1175.0
1067580 1166.0
1067590 1166.0
1067600 1156.9
1067610 1148.4
1067620 1148.4
1067630 1140.0
1067640 1132.3
1067650 1132.3
1067660 1126.0
1067670 1120.9
1067680 1120.9
1067690 1113.9
1067700 1107.3
1067710 1100.4
1067720 1100.4
1067730 1094.3
1067740 1088.0
1067750 1088.0
1067760 1082.0
1067770 1076.4
1067780 1076.4
1067790 1071.0
1067800 1065.7
1067810 1065.7
1067820 1060.9
1067830 1055.7
1067840 1055.7
1067850 1051.1
1067860 1046.8
1067870 1046.8
1067880 1042.6
1067890 1038.7
1067900 1038.7
1067910 1034.9
1067920 1030.4
1067930 1030.4
1067940 1025.7
1067950 1023.5
1067960 1018.3
1067970 1018.3
1067980 1010.8
1067990 1006.0
1068000 1006.0
1068010 1000.6
1068020 995.0
1068030 995.0
1068040 988.8
1068050 982.7
1068060 982.7
1068070 976.8
1068080 972.0
1068090 972.0
1068100 967.3
1068110 962.2
1068120 962.2
1068130 956.3
1068140 949.1
1068150 949.1
1068160 940.8
1068170 934.4
1068180 934.4
1068190 926.8
1068200 917.0
1068210 917.0
1068220 912.3
1068230 911.4
1068240 910.7
1068250 910.7
1068260 908.9
1068270 906.4
1068280 903.6
1068290 900.5
1068300 897.1
1068310 897.1
1068320 893.9
1068330 892.0
1068340 892.0
1068350 889.5
1068360 886.4
1068370 886.4
1068380 882.3
1068390 877.0
1068400 877.0
1068410 872.9
1068420 871.2
1068430 871.2
1068440 868.4
1068450 864.4
1068460 864.4
1068470 859.3
1068480 854.0
1068490 848.9
1068500 848.9
1068510 844.1
1068520 839.6
1068530 839.6
1068540 835.3
1068550 833.0
1068560 833.0
1068570 832.0
1068580 829.0
1068590 825.4
1068600 822.1
1068610 821.4
1068620 821.4
1068630 822.3
1068640 823.0
1068650 823.0
1068660 824.7
1068670 822.9
1068680 822.9
1068690 818.3
1068700 816.2
1068710 816.2
1068720 816.4
1068730 815.5
1068740 813.0
1068750 813.0
1068760 808.4
1068770 802.9
1068780 802.9
1068790 798.4
1068800 793.6
1068810 793.6
1068820 789.1
1068830 784.8
1068840 784.8
1068850 779.9
1068860 774.4
1068870 774.4
1068880 768.6
1068890 763.2
1068900 763.2
1068910 758.0
1068920 753.0
1068930 753.0
1068940 747.9
1068950 742.5
1068960 742.5
1068970 737.5
1068980 734.5
1068990 733.1
1069000 733.1
1069010 730.0
1069020 722.3
1069030 722.3
1069040 717.5
1069050 711.5
1069060 711.5
1069070 704.0
1069080 698.3
1069090 698.3
1069100 692.1
1069110 687.9
1069120 687.9
1069130 682.3
1069140 678.3
1069150 678.3
1069160 673.0
1069170 673.9
1069180 673.9
1069190 680.6
1069200 691.3
1069210 691.3
1069220 698.0
1069230 699.4
1069240 701.7
1069250 701.7
1069260 705.4
1069270 710.8
1069280 710.8
1069290 715.8
1069300 721.5
1069310 721.5
1069320 727.6
1069330 735.4
1069340 735.4
1069350 743.7
1069360 751.3
1069370 751.3
1069380 758.0
1069390 759.0
1069400 759.0
1069410 756.1
1069420 754.1
1069430 754.1
1069440 757.1
1069450 756.3
1069460 756.3
1069470 765.3
1069480 777.6
1069490 797.7
1069500 790.7
1069510 803.2
1069520 809.9
1069530 809.9
1069540 818.3
1069550 821.9
1069560 821.9
1069570 827.4
1069580 834.5
1069590 834.5
1069600 841.7
1069610 846.7
1069620 846.7
1069630 851.4
1069640 855.7
1069650 855.7
1069660 857.2
1069670 858.7
1069680 858.7
1069690 863.2
1069700 867.2
1069710 867.2
1069720 868.8
1069730 869.4
1069740 869.4
1069750 874.0
1069760 877.3
1069770 879.6
1069780 879.6
1069790 884.0
1069800 888.2
1069810 884.1
1069820 888.3
1069830 892.8
1069840 892.8
1069850 897.9
1069860 903.5
1069870 903.5
1069880 907.6
1069890 911.7
1069900 911.7
1069910 916.0
1069920 920.1
1069930 920.1
1069940 923.6
1069950 927.3
1069960 927.3
1069970 928.2
1069980 928.4
1069990 928.4
1070000 929.6
1070010 933.1
1070020 937.4
1070030 937.4
1070040 941.4
1070050 944.5
1070060 944.5
1070070 943.2
1070080 936.6
1070090 936.6
1070100 932.0
1070110 927.0
1070120 932.5
1070130 930.5
1070140 934.9
1070150 934.9
1070160 935.1
1070170 931.5
1070180 931.5
1070190 927.7
1070200 926.9
1070210 926.9
1070220 925.1
1070230 927.6
1070240 927.6
1070250 931.0
1070260 936.7
1070270 942.9
1070280 942.9
1070290 948.4
1070300 955.4
1070310 955.4
1070320 961.1
1070330 966.4
1070340 966.4
1070350 973.6
1070360 977.5
1070370 977.5
1070380 982.3
1070390 986.5
1070400 986.5
1070410 991.6
1070420 1002.1
1070430 1002.1
1070440 1007.9
1070450 1011.4
1070460 1011.4
1070470 1016.6
1070480 1022.5
1070490 1022.5
1070500 1027.0
1070510 1031.8
1070520 1036.3
1070530 1036.3
1070540 1040.7
1070550 1045.7
1070560 1045.7
1070570 1050.7
1070580 1055.8
1070590 1055.8
1070600 1060.2
1070610 1062.9
1070620 1062.9
1070630 1067.8
1070640 1072.8
1070650 1072.8
1070660 1075.1
1070670 1080.7
1070680 1080.7
1070690 1085.5
1070700 1089.6
1070710 1089.6
1070720 1092.9
1070730 1098.0
1070740 1098.0
1070750 1099.5
1070760 1101.7
1070770 1104.4
1070780 1104.4
1070790 1109.5
1070800 1114.8
1070810 1114.8
1070820 1118.0
1070830 1118.8
1070840 1118.8
1070850 1119.6
1070860 1120.0
1070870 1120.0
1070880 1120.3
1070890 1120.0
1070900 1120.0
1070910 1119.6
1070920 1120.8
1070930 1120.8
1070940 1121.1
1070950 1120.5
1070960 1120.5
1070970 1118.4
1070980 1115.9
1070990 1115.9
1071000 1117.1
1071010 1119.0
1071020 1118.2
1071030 1118.2
1071040 1123.4
1071050 1125.1
1071060 1125.1
1071070 1126.9
1071080 1129.0
1071090 1129.0
1071100 1130.5
1071110 1131.8
1071120 1131.8
1071130 1133.0
1071140 1133.4
1071150 1133.4
1071160 1133.2
1071170 1132.6
1071180 1132.6
1071190 1132.5
1071200 1132.4
1071210 1132.4
1071220 1132.7
1071230 1132.5
1071240 1132.5
1071250 1135.8
1071260 1138.0
1071270 1138.0
1071280 1139.1
1071290 1141.7
1071300 1144.3
1071310 1144.3
1071320 1145.2
1071330 1145.6
1071340 1145.6
1071350 1149.2
1071360 1150.8
1071370 1150.8
1071380 1153.1
1071390 1154.8
1071400 1154.8
1071410 1156.9
1071420 1158.9
1071430 1158.9
1071440 1160.1
1071450 1160.0
1071460 1160.0
1071470 1159.7
1071480 1159.9
1071490 1159.9
1071500 1160.4
1071510 1160.0
1071520 1160.0
1071530 1158.3
1071540 1156.7
1071550 1153.9
1071560 1153.9
1071570 1151.2
1071580 1149.1
1071590 1149.1
1071600 1148.7
1071610 1148.4
1071620 1148.4
1071630 1147.6
1071640 1146.5
1071650 1149.5
1071660 1149.3
1071670 1149.9
1071680 1149.9
1071690 1150.4
1071700 1150.7
1071710 1150.7
1071720 1151.2
1071730 1150.6
1071740 1150.6
1071750 1149.7
1071760 1148.6
1071770 1148.6
1071780 1146.8
1071790 1145.1
1071800 1143.0
1071810 1143.0
1071820 1140.0
1071830 1136.2
1071840 1136.2
1071850 1132.1
1071860 1130.3
1071870 1130.3
1071880 1128.5
1071890 1126.5
1071900 1126.5
1071910 1125.4
1071920 1124.3
1071930 1124.3
1071940 1122.4
1071950 1121.0
1071960 1121.9
1071970 1121.0
1071980 1120.5
1071990 1120.5
1072000 1120.4
1072010 1120.4
1072020 1120.4
1072030 1120.3
1072040 1119.5
1072050 1117.2
1072060 1117.2
1072070 1114.8
1072080 1112.2
1072090 1112.2
1072100 1109.5
1072110 1106.9
1072120 1106.9
1072130 1104.8
1072140 1101.9
1072150 1101.9
1072160 1098.6
1072170 1094.2
1072180 1094.2
1072190 1089.0
1072200 1083.3
1072210 1083.3
1072220 1078.4
1072230 1073.9
1072240 1073.9
1072250 1069.7
1072260 1065.9
1072270 1064.4
1072280 1061.1
1072290 1057.8
1072300 1055.4
1072310 1055.4
1072320 1053.5
1072330 1050.6
1072340 1050.6
1072350 1047.1
1072360 1043.0
1072370 1043.0
1072380 1039.1
1072390 1034.2
1072400 1034.2
1072410 1029.9
1072420 1026.4
1072430 1026.4
1072440 1023.0
1072450 1020.4
1072460 1020.4
1072470 1018.7
1072480 1017.2
1072490 1017.2
1072500 1015.9
1072510 1014.1
1072520 1014.1
1072530 1011.4
1072540 1008.2
1072550 1005.5
1072560 1005.5
1072570 1002.9
1072580 1000.3
1072590 1000.3
1072600 996.7
1072610 993.0
1072620 993.0
1072630 988.9
1072640 985.1
1072650 985.1
1072660 982.9
1072670 982.5
1072680 982.5
1072690 981.9
1072700 980.0
1072710 980.0
1072720 977.1
1072730 974.1
1072740 974.1
1072750 970.8
1072760 968.3
1072770 968.3
1072780 967.0
1072790 967.1
1072800 967.1
1072810 968.7
1072820 970.5
1072830 971.4
1072840 971.4
1072850 971.1
1072860 970.3
1072870 970.3
1072880 969.4
1072890 965.3
1072900 965.3
1072910 962.5
1072920 959.5
1072930 959.5
1072940 956.3
1072950 952.8
1072960 952.8
1072970 949.2
1072980 945.5
1072990 945.5
1073000 941.5
1073010 938.2
1073020 938.2
1073030 936.1
1073040 934.5
1073050 934.5
1073060 933.4
1073070 933.0
1073080 932.0
1073090 932.0
1073100 930.4
1073110 929.4
1073120 929.4
1073130 928.7
1073140 927.7
1073150 927.7
1073160 926.5
1073170 925.6
1073180 925.6
1073190 924.0
1073200 920.0
1073210 920.0
1073220 917.9
1073230 914.9
1073240 914.9
1073250 912.3
1073260 911.1
1073270 911.1
1073280 910.8
1073290 910.7
1073300 910.7
1073310 910.6
1073320 910.8
1073330 910.9
1073340 910.9
1073350 909.4
1073360 905.6
1073370 905.6
1073380 904.1
1073390 903.9
1073400 903.9
1073410 904.0
1073420 903.4
1073430 903.4
1073440 902.2
1073450 900.5
1073460 900.5
1073470 899.2
1073480 898.2
1073490 898.2
1073500 897.3
1073510 896.2
1073520 896.2
1073530 895.5
1073540 894.6
1073550 894.6
1073560 893.3
1073570 891.9
1073580 889.7
1073590 889.7
1073600 885.6
1073610 883.1
1073620 883.1
1073630 882.7
1073640 883.6
1073650 883.6
1073660 882.4
1073670 879.8
1073680 879.8
1073690 877.2
1073700 874.2
1073710 874.2
1073720 872.3
1073730 870.3
1073740 870.3
1073750 868.2
1073760 865.3
1073770 865.3
1073780 862.1
1073790 859.0
1073800 859.0
1073810 855.9
1073820 851.7
1073830 849.6
1073840 849.6
1073850 847.1
1073860 845.3
1073870 845.3
1073880 843.6
1073890 841.3
1073900 841.3
1073910 839.1
1073920 835.5
1073930 835.5
1073940 831.9
1073950 829.2
1073960 829.2
1073970 827.5
1073980 825.7
1073990 825.7
1074000 824.2
1074010 822.6
1074020 822.6
1074030 819.7
1074040 815.4
1074050 815.4
1074060 811.3
1074070 807.8
1074080 804.4
1074090 804.4
1074100 802.1
1074110 800.5
1074120 800.5
1074130 797.3
1074140 794.6
1074150 794.6
1074160 793.0
1074170 790.7
1074180 790.7
1074190 788.9
1074200 786.1
1074210 786.1
1074220 783.2
1074230 781.0
1074240 781.0
1074250 780.0
1074260 779.0
1074270 779.0
1074280 775.9
1074290 772.1
1074300 772.1
1074310 767.9
1074320 766.4
1074330 766.4
1074340 762.8
1074350 759.0
1074360 757.7
1074370 757.7
1074380 752.9
1074390 746.8
1074400 746.8
1074410 741.4
1074420 737.8
1074430 737.8
1074440 737.0
1074450 736.1
1074460 736.1
1074470 735.3
1074480 734.8
1074490 734.8
1074500 733.8
1074510 732.4
1074520 732.4
1074530 731.2
1074540 730.3
1074550 730.3
1074560 729.7
1074570 728.3
1074580 728.3
1074590 727.1
1074600 725.9
1074610 724.9
1074620 724.9
1074630 724.2
1074640 723.3
1074650 723.3
1074660 722.4
1074670 721.7
1074680 721.7
1074690 720.9
1074700 720.0
1074710 720.0
1074720 719.1
1074730 718.2
1074740 718.2
1074750 717.3
1074760 716.5
1074770 716.5
1074780 715.9
1074790 715.2
1074800 715.2
1074810 714.4
1074820 713.5
1074830 713.5
1074840 711.9
1074850 711.1
1074860 710.6
1074870 710.6
1074880 711.2
1074890 713.8
1074900 713.8
1074910 717.5
1074920 721.2
1074930 721.2
1074940 724.6
1074950 726.9
1074960 726.9
1074970 729.2
1074980 732.8
1074990 732.8
1075000 737.0
1075010 740.4
1075020 740.4
1075030 743.0
1075040 744.7
1075050 744.7
1075060 742.3
1075070 742.2
1075080 742.2
1075090 740.8
1075100 738.1
1075110 734.5
1075120 734.5
1075130 730.5
1075140 725.3
1075150 725.3
1075160 721.7
1075170 719.5
1075180 719.5
1075190 718.4
1075200 717.7
1075210 717.7
1075220 716.7
1075230 715.0
1075240 715.0
1075250 713.1
1075260 712.0
1075270 712.0
1075280 709.2
1075290 704.4
1075300 704.4
1075310 699.8
1075320 695.6
1075330 695.6
1075340 691.3
1075350 687.3
1075360 683.5
1075370 670.8
1075380 665.9
1075390 665.4
1075400 665.4
1075410 674.3
1075420 680.3
1075430 680.3
1075440 680.8
1075450 680.7
1075460 680.7
1075470 679.5
1075480 675.8
1075490 675.8
1075500 670.2
1075510 664.3
1075520 664.3
1075530 658.6
1075540 653.7
1075550 653.7
1075560 649.8
1075570 647.3
1075580 647.3
1075590 642.8
1075600 639.0
1075610 633.8
1075620 633.8
1075630 629.0
1075640 625.9
1075650 625.9
1075660 628.7
1075670 633.2
1075680 638.3
1075690 639.8
1075700 644.3
1075710 644.3
1075720 649.5
1075730 655.6
1075740 655.6
1075750 657.8
1075760 659.6
1075770 659.6
1075780 661.7
1075790 664.2
1075800 664.2
1075810 666.1
1075820 669.7
1075830 669.7
1075840 672.3
1075850 675.6
1075860 679.4
1075870 679.4
1075880 683.9
1075890 688.2
1075900 688.2
1075910 690.4
1075920 692.1
1075930 692.1
1075940 693.9
1075950 694.7
1075960 694.7
1075970 695.8
1075980 697.2
1075990 697.6
1076000 700.5
1076010 703.8
1076020 703.8
1076030 706.5
1076040 708.8
1076050 708.8
1076060 709.9
1076070 709.7
1076080 709.7
1076090 708.9
1076100 707.9
1076110 707.9
1076120 707.3
1076130 707.6
1076140 707.7
1076150 707.7
1076160 707.6
1076170 707.9
1076180 707.9
1076190 709.6
1076200 713.2
1076210 713.2
1076220 717.6
1076230 720.8
1076240 720.8
1076250 722.8
1076260 724.0
1076270 724.0
1076280 724.2
1076290 724.4
1076300 726.4
1076310 726.7
1076320 727.1
1076330 727.1
1076340 727.2
1076350 726.7
1076360 726.7
1076370 725.4
1076380 724.8
1076390 725.9
1076400 725.9
1076410 727.6
1076420 729.2
1076430 729.2
1076440 729.8
1076450 730.2
1076460 730.2
1076470 729.9
1076480 728.9
1076490 728.9
1076500 727.4
1076510 725.8
1076520 725.8
1076530 724.4
1076540 722.9
1076550 722.9
1076560 720.9
1076570 718.1
1076580 718.1
1076590 715.3
1076600 712.7
1076610 716.8
1076620 713.5
1076630 709.9
1076640 706.3
1076650 706.3
1076660 702.7
1076670 698.8
1076680 698.8
1076690 694.6
1076700 689.9
1076710 689.9
1076720 685.2
1076730 681.0
1076740 681.0
1076750 676.4
1076760 672.2
1076770 672.2
1076780 669.4
1076790 666.9
1076800 666.9
1076810 664.4
1076820 661.0
1076830 661.0
1076840 656.8
1076850 652.6
1076860 652.6
1076870 647.7
1076880 643.5
1076890 639.9
1076900 639.9
1076910 638.8
1076920 639.1
1076930 639.1
1076940 637.2
1076950 635.4
1076960 635.4
1076970 632.9
1076980 629.3
1076990 629.3
1077000 625.3
1077010 625.7
1077020 625.7
1077030 628.6
1077040 629.3
1077050 629.3
1077060 628.9
1077070 627.7
1077080 627.7
1077090 628.0
1077100 629.1
1077110 629.1
1077120 630.1
1077130 630.7
1077140 630.8
1077150 630.8
1077160 630.0
1077170 628.3
1077180 628.3
1077190 626.9
1077200 626.2
1077210 626.2
1077220 626.2
1077230 626.1
1077240 626.8
1077250 626.3
1077260 624.7
1077270 624.7
1077280 623.6
1077290 622.9
1077300 622.9
1077310 622.3
1077320 621.7
1077330 621.7
1077340 621.2
1077350 620.4
1077360 620.4
1077370 619.6
1077380 619.0
1077390 618.4
1077400 618.4
1077410 617.4
1077420 616.6
1077430 616.6
1077440 616.1
1077450 615.3
1077460 615.3
1077470 614.8
1077480 613.3
1077490 613.3
1077500 611.3
1077510 609.0
1077520 609.0
1077530 606.4
1077540 603.1
1077550 604.1
1077560 600.9
1077570 597.4
1077580 597.4
1077590 592.7
1077600 587.8
1077610 587.8
1077620 583.4
1077630 579.6
1077640 575.9
1077650 575.9
1077660 572.3
1077670 568.1
1077680 568.1
1077690 563.7
1077700 560.4
1077710 560.4
1077720 558.4
1077730 557.5
1077740 557.5
1077750 555.4
1077760 551.7
1077770 551.7
1077780 549.1
1077790 548.0
1077800 548.0
1077810 546.3
1077820 542.1
1077830 542.1
1077840 537.4
1077850 532.9
1077860 536.7
1077870 531.8
1077880 526.5
1077890 526.5
1077900 520.5
1077910 515.9
1077920 513.2
1077930 513.2
1077940 510.5
1077950 506.9
1077960 506.9
1077970 501.4
1077980 498.9
1077990 498.9
1078000 497.7
1078010 497.4
1078020 497.4
1078030 497.2
1078040 497.8
1078050 497.8
1078060 498.7
1078070 498.8
1078080 498.8
1078090 498.7
1078100 498.6
1078110 498.6
1078120 498.6
1078130 498.8
1078140 498.8
1078150 499.1
1078160 499.0
1078170 499.2
1078180 499.2
1078190 498.9
1078200 496.2
1078210 496.2
1078220 494.1
1078230 494.2
1078240 494.2
1078250 493.5
1078260 493.5
1078270 493.5
1078280 493.6
1078290 493.7
1078300 493.7
1078310 494.2
1078320 494.5
1078330 494.5
1078340 494.1
1078350 493.4
1078360 493.4
1078370 493.1
1078380 493.1
1078390 493.1
1078400 493.1
1078410 492.9
1078420 492.8
1078430 492.8
1078440 492.8
1078450 493.1
1078460 493.1
1078470 493.5
1078480 493.7
1078490 493.4
1078500 493.7
1078510 494.0
1078520 494.0
1078530 494.4
1078540 494.7
1078550 494.7
1078560 495.0
1078570 495.1
1078580 495.1
1078590 495.1
1078600 495.0
1078610 495.0
1078620 494.8
1078630 494.4
1078640 494.4
1078650 494.2
1078660 494.1
1078670 494.1
1078680 494.1
1078690 494.2
1078700 494.3
1078710 494.3
1078720 494.5
1078730 494.5
1078740 494.5
1078750 494.5
1078760 494.6
1078770 494.6
1078780 494.7
1078790 494.8
1078800 494.6
1078810 494.7
1078820 494.9
1078830 494.9
1078840 495.0
1078850 495.0
1078860 495.0
1078870 494.9
1078880 494.9
1078890 494.9
1078900 494.9
1078910 494.8
1078920 494.9
1078930 494.9
1078940 495.1
1078950 495.2
1078960 495.2
1078970 495.3
1078980 495.5
1078990 495.5
1079000 495.7
1079010 495.7
1079020 495.7
1079030 495.7
1079040 495.7
1079050 495.7
1079060 495.7
1079070 495.7
1079080 495.7
1079090 495.8
1079100 495.8
1079110 495.9
1079120 495.9
1079130 496.0
1079140 496.0
1079150 496.0
1079160 496.0
1079170 496.0
1079180 496.0
1079190 495.9
1079200 495.9
1079210 495.9
1079220 496.7
1079230 497.3
1079240 497.3
1079250 497.8
1079260 498.5
1079270 498.5
1079280 499.0
1079290 499.3
1079300 499.3
1079310 499.4
1079320 499.1
1079330 499.1
1079340 498.3
1079350 497.3
1079360 497.3
1079370 496.5
1079380 495.9
1079390 495.9
1079400 495.9
1079410 495.9
1079420 495.9
1079430 496.6
1079440 496.2
1079450 496.1
1079460 496.1
1079470 496.1
1079480 496.2
1079490 496.2
1079500 496.2
1079510 496.3
1079520 496.3
1079530 496.4
1079540 496.5
1079550 496.5
1079560 496.6
1079570 496.6
1079580 496.6
1079590 496.7
1079600 496.7
1079610 496.7
1079620 496.8
1079630 496.9
1079640 496.9
1079650 496.9
1079660 497.0
1079670 497.0
1079680 497.1
1079690 497.2
1079700 497.2
1079710 497.2
1079720 497.3
1079730 497.3
1079740 497.2
1079750 497.2
1079760 497.3
1079770 497.3
1079780 497.3
1079790 497.4
1079800 497.4
1079810 497.4
1079820 497.7
1079830 497.7
1079840 497.6
1079850 497.6
1079860 497.6
1079870 497.7
1079880 497.7
1079890 497.7
1079900 497.7
1079910 497.6
1079920 497.6
1079930 497.9
1079940 498.4
1079950 498.4
1079960 498.4
1079970 498.5
1079980 498.6
1079990 498.6
