1066000 1469.5
1066010 1470.4
1066020 1470.4
1066030 1471.2
1066040 1475.0
1066050 1475.0
1066060 1481.5
1066070 1491.4
1066080 1499.2
1066090 1499.2
1066100 1495.6
1066110 1487.7
1066120 1487.7
1066130 1497.5
1066140 1504.9
1066150 1504.9
1066160 1512.5
1066170 1523.9
1066180 1523.9
1066190 1531.8
1066200 1537.8
1066210 1537.8
1066220 1541.1
1066230 1544.6
1066240 1544.6
1066250 1551.3
1066260 1559.1
1066270 1559.1
1066280 1566.4
1066290 1574.4
1066300 1574.4
1066310 1583.0
1066320 1591.0
1066330 1595.0
1066340 1595.0
1066350 1591.5
1066360 1587.0
1066370 1587.0
1066380 1582.4
1066390 1578.4
1066400 1578.4
1066410 1574.1
1066420 1569.7
1066430 1575.7
1066440 1572.0
1066450 1568.8
1066460 1568.8
1066470 1565.3
1066480 1562.6
1066490 1562.6
1066500 1559.4
1066510 1556.7
1066520 1556.7
1066530 1554.3
1066540 1550.9
1066550 1550.9
1066560 1546.1
1066570 1541.1
1066580 1536.4
1066590 1536.4
1066600 1531.3
1066610 1525.8
1066620 1525.8
1066630 1520.2
1066640 1514.5
1066650 1514.5
1066660 1508.9
1066670 1503.2
1066680 1503.2
1066690 1497.5
1066700 1491.4
1066710 1491.4
1066720 1485.3
1066730 1480.1
1066740 1486.0
1066750 1481.4
1066760 1477.7
1066770 1477.7
1066780 1475.4
1066790 1472.4
1066800 1472.4
1066810 1469.9
1066820 1467.8
1066830 1465.5
1066840 1465.5
1066850 1463.2
1066860 1461.1
1066870 1461.1
1066880 1458.6
1066890 1456.1
1066900 1456.1
1066910 1453.6
1066920 1451.6
1066930 1451.6
1066940 1449.7
1066950 1448.3
1066960 1448.3
1066970 1446.5
1066980 1444.0
1066990 1444.0
1067000 1441.2
1067010 1437.3
1067020 1437.3
1067030 1433.5
1067040 1433.1
1067050 1433.1
1067060 1429.1
1067070 1424.2
1067080 1418.4
1067090 1418.4
1067100 1412.4
1067110 1406.4
1067120 1406.4
1067130 1400.4
1067140 1393.9
1067150 1393.9
1067160 1387.5
1067170 1380.1
1067180 1380.1
1067190 1373.1
1067200 1366.1
1067210 1366.1
1067220 1358.7
1067230 1351.1
1067240 1351.1
1067250 1342.5
1067260 1333.5
1067270 1333.5
1067280 1323.2
1067290 1312.5
1067300 1312.5
1067310 1303.7
1067320 1292.9
1067330 1292.9
1067340 1283.8
1067350 1285.2
1067360 1275.1
1067370 1275.1
1067380 1265.2
1067390 1257.7
1067400 1257.7
1067410 1249.4
1067420 1240.5
1067430 1240.5
1067440 1231.2
1067450 1223.5
1067460 1223.5
1067470 1217.0
1067480 1210.4
1067490 1210.4
1067500 1203.7
1067510 1198.9
1067520 1198.9
1067530 1195.7
1067540 1191.3
1067550 1191.3
1067560 1184.0
1067570 1175.9
1067580 1175.9
1067590 1168.4
1067600 1161.5
1067610 1155.0
1067620 1155.0
1067630 1151.5
1067640 1147.7
1067650 1142.4
1067660 1135.6
1067670 1129.5
1067680 1129.5
1067690 1123.4
1067700 1117.6
1067710 1117.6
1067720 1112.6
1067730 1108.5
1067740 1108.5
1067750 1105.1
1067760 1101.0
1067770 1101.0
1067780 1095.8
1067790 1091.1
1067800 1091.1
1067810 1087.3
1067820 1083.1
1067830 1083.1
1067840 1077.8
1067850 1071.1
1067860 1064.0
1067870 1064.0
1067880 1057.6
1067890 1052.7
1067900 1052.7
1067910 1048.8
1067920 1044.1
1067930 1044.1
1067940 1037.9
1067950 1033.3
1067960 1032.7
1067970 1026.9
1067980 1022.0
1067990 1022.0
1068000 1016.8
1068010 1011.3
1068020 1011.3
1068030 1006.5
1068040 999.8
1068050 999.8
1068060 995.0
1068070 991.2
1068080 991.2
1068090 987.3
1068100 982.6
1068110 977.2
1068120 977.2
1068130 971.5
1068140 965.8
1068150 965.8
1068160 959.9
1068170 954.9
1068180 954.9
1068190 950.9
1068200 946.2
1068210 946.2
1068220 941.4
1068230 936.8
1068240 936.8
1068250 930.2
1068260 922.0
1068270 922.0
1068280 917.7
1068290 914.3
1068300 914.3
1068310 908.6
1068320 901.7
1068330 901.7
1068340 895.5
1068350 891.7
1068360 889.1
1068370 889.1
1068380 885.4
1068390 879.3
1068400 879.3
1068410 872.2
1068420 865.6
1068430 865.6
1068440 861.3
1068450 855.9
1068460 855.9
1068470 851.8
1068480 850.0
1068490 850.0
1068500 847.9
1068510 847.5
1068520 847.5
1068530 846.7
1068540 843.7
1068550 843.7
1068560 841.1
1068570 832.1
1068580 832.1
1068590 829.6
1068600 826.4
1068610 822.3
1068620 822.3
1068630 820.4
1068640 818.0
1068650 818.0
1068660 812.7
1068670 808.4
1068680 808.4
1068690 807.3
1068700 804.6
1068710 804.6
1068720 800.1
1068730 793.0
1068740 793.0
1068750 784.4
1068760 778.1
1068770 778.1
1068780 775.4
1068790 771.1
1068800 771.1
1068810 767.1
1068820 764.6
1068830 764.6
1068840 761.3
1068850 760.2
1068860 760.2
1068870 754.5
1068880 752.0
1068890 749.2
1068900 749.2
1068910 745.0
1068920 740.9
1068930 740.9
1068940 739.5
1068950 736.2
1068960 736.2
1068970 734.2
1068980 728.5
1068990 728.5
1069000 722.2
1069010 717.5
1069020 717.5
1069030 715.2
1069040 716.1
1069050 716.1
1069060 715.6
1069070 713.1
1069080 713.1
1069090 707.8
1069100 703.1
1069110 703.1
1069120 702.7
1069130 698.2
1069140 693.0
1069150 693.0
1069160 687.5
1069170 679.9
1069180 677.9
1069190 675.0
1069200 673.8
1069210 673.8
1069220 670.5
1069230 668.5
1069240 668.5
1069250 667.4
1069260 667.1
1069270 667.1
1069280 667.3
1069290 666.2
1069300 666.2
1069310 666.5
1069320 680.6
1069330 680.6
1069340 691.4
1069350 702.5
1069360 702.5
1069370 714.6
1069380 724.5
1069390 733.9
1069400 733.9
1069410 743.4
1069420 753.0
1069430 753.0
1069440 761.9
1069450 769.9
1069460 769.9
1069470 777.6
1069480 785.3
1069490 785.8
1069500 792.5
1069510 796.9
1069520 796.9
1069530 798.4
1069540 798.3
1069550 798.3
1069560 800.5
1069570 805.7
1069580 805.7
1069590 809.9
1069600 813.1
1069610 813.1
1069620 816.1
1069630 819.5
1069640 822.8
1069650 822.8
1069660 827.3
1069670 831.9
1069680 831.9
1069690 836.3
1069700 840.8
1069710 840.8
1069720 844.5
1069730 848.1
1069740 848.1
1069750 853.3
1069760 855.8
1069770 855.8
1069780 852.9
1069790 854.1
1069800 854.1
1069810 850.5
1069820 845.1
1069830 845.1
1069840 839.2
1069850 843.4
1069860 843.4
1069870 847.0
1069880 846.4
1069890 843.0
1069900 843.0
1069910 840.6
1069920 844.5
1069930 844.5
1069940 846.7
1069950 846.8
1069960 846.8
1069970 846.4
1069980 848.2
1069990 848.2
1070000 854.6
1070010 863.3
1070020 863.3
1070030 872.2
1070040 880.6
1070050 880.6
1070060 885.5
1070070 892.5
1070080 892.5
1070090 899.0
1070100 899.0
1070110 899.0
1070120 902.1
1070130 905.7
1070140 905.7
1070150 911.0
1070160 917.1
1070170 923.4
1070180 923.4
1070190 929.4
1070200 934.7
1070210 934.7
1070220 940.5
1070230 944.5
1070240 944.5
1070250 947.0
1070260 949.1
1070270 949.1
1070280 951.3
1070290 953.8
1070300 953.8
1070310 956.1
1070320 958.7
1070330 958.7
1070340 961.4
1070350 964.5
1070360 964.5
1070370 968.3
1070380 972.1
1070390 972.1
1070400 975.9
1070410 980.7
1070420 984.8
1070430 984.8
1070440 989.2
1070450 993.7
1070460 993.7
1070470 998.3
1070480 1003.2
1070490 1003.2
1070500 1007.6
1070510 1011.6
1070520 1011.6
1070530 1016.0
1070540 1017.9
1070550 1017.9
1070560 1018.8
1070570 1021.8
1070580 1021.8
1070590 1021.9
1070600 1022.5
1070610 1022.5
1070620 1025.9
1070630 1029.0
1070640 1029.0
1070650 1030.4
1070660 1031.0
1070670 1032.8
1070680 1032.8
1070690 1034.5
1070700 1035.1
1070710 1040.4
1070720 1043.5
1070730 1048.3
1070740 1048.3
1070750 1052.3
1070760 1055.3
1070770 1055.3
1070780 1058.8
1070790 1064.4
1070800 1064.4
1070810 1069.3
1070820 1070.7
1070830 1070.7
1070840 1069.9
1070850 1068.3
1070860 1068.3
1070870 1066.6
1070880 1064.7
1070890 1064.7
1070900 1063.7
1070910 1062.5
1070920 1061.2
1070930 1061.2
1070940 1060.8
1070950 1060.3
1070960 1060.3
1070970 1058.5
1070980 1056.8
1070990 1056.8
1071000 1056.3
1071010 1057.7
1071020 1060.2
1071030 1062.6
1071040 1063.9
1071050 1063.9
1071060 1061.9
1071070 1058.5
1071080 1058.5
1071090 1058.6
1071100 1060.0
1071110 1060.0
1071120 1063.4
1071130 1066.1
1071140 1066.1
1071150 1067.4
1071160 1069.0
1071170 1069.8
1071180 1069.8
1071190 1070.1
1071200 1070.1
1071210 1070.1
1071220 1070.6
1071230 1070.9
1071240 1070.9
1071250 1071.9
1071260 1073.6
1071270 1073.6
1071280 1074.9
1071290 1075.8
1071300 1075.8
1071310 1076.8
1071320 1076.9
1071330 1081.7
1071340 1082.0
1071350 1081.9
1071360 1081.9
1071370 1081.7
1071380 1080.9
1071390 1080.9
1071400 1079.5
1071410 1077.7
1071420 1078.2
1071430 1078.2
1071440 1079.3
1071450 1080.5
1071460 1080.5
1071470 1081.6
1071480 1082.6
1071490 1082.6
1071500 1083.4
1071510 1084.0
1071520 1084.0
1071530 1084.6
1071540 1085.0
1071550 1085.0
1071560 1085.2
1071570 1085.6
1071580 1085.6
1071590 1085.6
1071600 1086.3
1071610 1086.3
1071620 1086.7
1071630 1087.1
1071640 1092.4
1071650 1092.4
1071660 1091.7
1071670 1091.7
1071680 1091.0
1071690 1090.4
1071700 1090.2
1071710 1090.2
1071720 1089.7
1071730 1089.3
1071740 1089.3
1071750 1088.9
1071760 1088.5
1071770 1088.5
1071780 1088.7
1071790 1088.9
1071800 1088.9
1071810 1089.0
1071820 1089.1
1071830 1089.1
1071840 1088.8
1071850 1087.8
1071860 1087.8
1071870 1086.5
1071880 1085.1
1071890 1085.1
1071900 1083.6
1071910 1082.1
1071920 1082.1
1071930 1080.6
1071940 1084.6
1071950 1083.4
1071960 1083.4
1071970 1081.7
1071980 1079.4
1071990 1079.4
1072000 1077.1
1072010 1074.2
1072020 1074.2
1072030 1071.6
1072040 1069.6
1072050 1069.6
1072060 1066.9
1072070 1063.7
1072080 1063.7
1072090 1060.1
1072100 1055.4
1072110 1055.4
1072120 1052.5
1072130 1048.9
1072140 1048.9
1072150 1045.0
1072160 1040.8
1072170 1040.8
1072180 1038.5
1072190 1034.2
1072200 1029.8
1072210 1029.8
1072220 1027.6
1072230 1025.4
1072240 1025.4
1072250 1027.3
1072260 1022.0
1072270 1022.0
1072280 1018.4
1072290 1014.9
1072300 1014.9
1072310 1010.9
1072320 1008.5
1072330 1008.5
1072340 1005.8
1072350 1003.3
1072360 1003.3
1072370 1001.0
1072380 999.1
1072390 999.1
1072400 997.5
1072410 996.1
1072420 996.1
1072430 994.8
1072440 993.9
1072450 993.6
1072460 993.6
1072470 994.9
1072480 997.8
1072490 997.8
1072500 999.6
1072510 1000.3
1072520 1000.3
1072530 1000.9
1072540 1001.4
1072550 1001.4
1072560 1002.0
1072570 1002.5
1072580 1002.5
1072590 1002.3
1072600 1002.4
1072610 1002.4
1072620 1001.4
1072630 999.1
1072640 999.1
1072650 996.1
1072660 995.1
1072670 995.1
1072680 994.6
1072690 993.8
1072700 992.6
1072710 992.6
1072720 990.9
1072730 988.7
1072740 988.7
1072750 986.2
1072760 983.7
1072770 983.7
1072780 982.2
1072790 982.6
1072800 982.6
1072810 981.3
1072820 978.8
1072830 978.8
1072840 977.6
1072850 975.9
1072860 975.9
1072870 973.3
1072880 970.5
1072890 970.5
1072900 968.8
1072910 965.7
1072920 965.7
1072930 964.8
1072940 964.4
1072950 963.7
1072960 963.7
1072970 962.6
1072980 961.1
1072990 961.1
1073000 959.2
1073010 955.9
1073020 955.9
1073030 952.1
1073040 948.9
1073050 948.9
1073060 945.7
1073070 942.3
1073080 942.3
1073090 939.2
1073100 936.6
1073110 936.6
1073120 934.4
1073130 932.9
1073140 932.9
1073150 932.5
1073160 932.6
1073170 932.6
1073180 930.7
1073190 930.4
1073200 930.4
1073210 930.2
1073220 929.3
1073230 926.4
1073240 926.4
1073250 923.0
1073260 919.6
1073270 919.6
1073280 917.5
1073290 915.8
1073300 915.8
1073310 914.3
1073320 913.2
1073330 913.2
1073340 912.6
1073350 912.3
1073360 912.3
1073370 912.3
1073380 912.2
1073390 912.2
1073400 912.2
1073410 913.4
1073420 913.4
1073430 914.1
1073440 915.0
1073450 915.0
1073460 915.6
1073470 916.0
1073480 916.3
1073490 915.5
1073500 916.1
1073510 916.3
1073520 916.3
1073530 917.2
1073540 919.0
1073550 919.0
1073560 919.9
1073570 919.5
1073580 919.5
1073590 919.6
1073600 920.0
1073610 920.0
1073620 920.5
1073630 921.2
1073640 921.2
1073650 921.9
1073660 922.5
1073670 922.5
1073680 923.5
1073690 924.2
1073700 924.2
1073710 924.6
1073720 924.5
1073730 923.0
1073740 923.0
1073750 919.4
1073760 914.9
1073770 914.9
1073780 911.1
1073790 906.8
1073800 904.0
1073810 898.7
1073820 894.1
1073830 894.1
1073840 890.0
1073850 886.4
1073860 886.4
1073870 882.7
1073880 879.1
1073890 879.1
1073900 875.5
1073910 872.2
1073920 872.2
1073930 869.0
1073940 866.2
1073950 866.2
1073960 862.7
1073970 861.2
1073980 862.4
1073990 862.4
1074000 863.3
1074010 859.8
1074020 859.8
1074030 855.1
1074040 850.6
1074050 850.6
1074060 845.4
1074070 839.4
1074080 839.4
1074090 833.0
1074100 827.4
1074110 827.5
1074120 822.6
1074130 816.9
1074140 816.9
1074150 812.6
1074160 809.2
1074170 809.2
1074180 805.6
1074190 801.2
1074200 801.2
1074210 796.9
1074220 792.8
1074230 788.6
1074240 788.6
1074250 784.0
1074260 779.6
1074270 779.6
1074280 775.5
1074290 773.1
1074300 773.1
1074310 768.9
1074320 765.4
1074330 765.4
1074340 761.7
1074350 758.4
1074360 758.4
1074370 754.6
1074380 751.4
1074390 751.4
1074400 748.0
1074410 745.6
1074420 745.7
1074430 741.1
1074440 735.3
1074450 735.3
1074460 730.2
1074470 726.6
1074480 726.6
1074490 724.3
1074500 723.6
1074510 723.2
1074520 723.2
1074530 722.8
1074540 722.3
1074550 722.3
1074560 721.8
1074570 721.4
1074580 721.4
1074590 721.0
1074600 720.7
1074610 720.7
1074620 720.4
1074630 720.1
1074640 720.1
1074650 719.9
1074660 719.8
1074670 719.8
1074680 719.7
1074690 719.4
1074700 719.4
1074710 719.3
1074720 719.6
1074730 719.6
1074740 722.1
1074750 725.2
1074760 728.0
1074770 728.0
1074780 730.6
1074790 733.6
1074800 733.6
1074810 736.4
1074820 737.8
1074830 737.8
1074840 738.0
1074850 736.9
1074860 736.9
1074870 734.5
1074880 732.0
1074890 732.0
1074900 729.5
1074910 727.2
1074920 727.2
1074930 724.6
1074940 723.1
1074950 723.1
1074960 722.4
1074970 721.1
1074980 721.1
1074990 719.2
1075000 716.9
1075010 714.9
1075020 714.9
1075030 713.1
1075040 717.0
1075050 717.0
1075060 715.6
1075070 713.1
1075080 713.1
1075090 710.5
1075100 708.5
1075110 708.5
1075120 705.2
1075130 702.1
1075140 702.1
1075150 699.0
1075160 696.8
1075170 696.8
1075180 694.9
1075190 692.4
1075200 692.4
1075210 690.1
1075220 686.8
1075230 686.8
1075240 683.1
1075250 681.6
1075260 681.0
1075270 681.0
1075280 680.3
1075290 680.0
1075300 680.0
1075310 679.1
1075320 678.0
1075330 678.0
1075340 676.1
1075350 676.9
1075360 676.9
1075370 673.6
1075380 671.1
1075390 671.1
1075400 669.6
1075410 666.5
1075420 666.5
1075430 661.1
1075440 655.1
1075450 655.1
1075460 649.2
1075470 640.4
1075480 640.4
1075490 621.7
1075500 607.1
1075510 590.7
1075520 590.7
1075530 584.9
1075540 595.5
1075550 595.5
1075560 611.3
1075570 626.8
1075580 626.8
1075590 635.3
1075600 641.6
1075610 641.6
1075620 647.5
1075630 653.3
1075640 653.3
1075650 657.9
1075660 659.5
1075670 659.5
1075680 658.9
1075690 659.6
1075700 659.6
1075710 662.4
1075720 662.5
1075730 662.5
1075740 662.0
1075750 661.0
1075760 659.7
1075770 659.7
1075780 658.4
1075790 656.8
1075800 656.8
1075810 654.1
1075820 652.9
1075830 652.9
1075840 653.1
1075850 654.4
1075860 654.4
1075870 655.3
1075880 656.4
1075890 656.4
1075900 657.5
1075910 659.0
1075920 659.0
1075930 661.0
1075940 663.8
1075950 663.8
1075960 665.2
1075970 670.0
1075980 670.0
1075990 669.9
1076000 669.9
1076010 669.9
1076020 670.3
1076030 670.3
1076040 668.9
1076050 668.9
1076060 666.7
1076070 665.4
1076080 665.4
1076090 663.2
1076100 660.0
1076110 660.0
1076120 657.5
1076130 655.9
1076140 655.9
1076150 653.1
1076160 648.5
1076170 648.5
1076180 649.5
1076190 652.1
1076200 652.1
1076210 652.4
1076220 650.9
1076230 650.9
1076240 648.9
1076250 647.6
1076260 647.6
1076270 646.1
1076280 648.8
1076290 646.0
1076300 646.0
1076310 642.4
1076320 637.4
1076330 637.4
1076340 632.4
1076350 627.0
1076360 627.0
1076370 622.9
1076380 621.7
1076390 621.7
1076400 619.4
1076410 616.7
1076420 616.7
1076430 614.1
1076440 611.4
1076450 611.4
1076460 609.6
1076470 607.8
1076480 607.8
1076490 605.4
1076500 602.5
1076510 602.5
1076520 599.9
1076530 597.7
1076540 595.4
1076550 595.4
1076560 593.5
1076570 591.3
1076580 591.3
1076590 597.7
1076600 595.2
1076610 595.2
1076620 592.7
1076630 591.6
1076640 591.6
1076650 590.6
1076660 589.3
1076670 589.3
1076680 588.4
1076690 587.2
1076700 587.2
1076710 584.8
1076720 584.0
1076730 584.0
1076740 584.6
1076750 584.7
1076760 584.7
1076770 585.0
1076780 585.1
1076790 584.7
1076800 584.7
1076810 583.5
1076820 582.2
1076830 582.2
1076840 581.0
1076850 579.5
1076860 579.5
1076870 578.9
1076880 577.5
1076890 577.5
1076900 576.3
1076910 580.3
1076920 580.3
1076930 583.7
1076940 584.2
1076950 584.2
1076960 584.1
1076970 585.9
1076980 585.9
1076990 587.3
1077000 587.3
1077010 587.3
1077020 586.9
1077030 586.1
1077040 585.4
1077050 585.4
1077060 583.8
1077070 582.1
1077080 582.1
1077090 580.0
1077100 576.8
1077110 576.8
1077120 576.4
1077130 575.2
1077140 575.2
1077150 574.0
1077160 571.6
1077170 571.6
1077180 568.5
1077190 565.7
1077200 565.7
1077210 563.1
1077220 566.0
1077230 566.0
1077240 564.3
1077250 563.6
1077260 563.6
1077270 562.6
1077280 560.9
1077290 559.5
1077300 559.5
1077310 557.0
1077320 555.3
1077330 555.3
1077340 555.1
1077350 554.0
1077360 554.0
1077370 551.5
1077380 548.4
1077390 548.4
1077400 544.9
1077410 541.0
1077420 541.0
1077430 537.3
1077440 534.9
1077450 534.9
1077460 532.4
1077470 528.9
1077480 528.9
1077490 525.0
1077500 522.6
1077510 522.6
1077520 520.2
1077530 522.8
1077540 518.8
1077550 518.8
1077560 515.0
1077570 511.4
1077580 511.4
1077590 508.6
1077600 505.9
1077610 505.9
1077620 503.7
1077630 501.5
1077640 501.5
1077650 501.3
1077660 500.0
1077670 500.0
1077680 498.5
1077690 497.4
1077700 497.4
1077710 496.0
1077720 494.3
1077730 494.3
1077740 493.0
1077750 491.7
1077760 491.7
1077770 491.1
1077780 491.1
1077790 491.1
1077800 491.1
1077810 491.3
1077820 491.6
1077830 491.6
1077840 491.8
1077850 492.1
1077860 492.1
1077870 492.6
1077880 492.8
1077890 492.8
1077900 492.9
1077910 493.0
1077920 493.0
1077930 492.9
1077940 492.8
1077950 492.8
1077960 492.7
1077970 492.6
1077980 492.6
1077990 492.7
1078000 492.5
1078010 492.5
1078020 492.5
1078030 492.4
1078040 492.4
1078050 492.3
1078060 492.4
1078070 492.4
1078080 492.4
1078090 492.4
1078100 492.5
1078110 492.5
1078120 492.5
1078130 492.6
1078140 492.6
1078150 492.7
1078160 492.7
1078170 492.7
1078180 492.8
1078190 493.0
1078200 493.0
1078210 493.0
1078220 493.0
1078230 493.0
1078240 492.9
1078250 493.0
1078260 493.0
1078270 493.0
1078280 493.1
1078290 493.1
1078300 493.1
1078310 493.3
1078320 493.5
1078330 493.5
1078340 493.6
1078350 493.6
1078360 493.6
1078370 493.5
1078380 493.5
1078390 493.5
1078400 493.5
1078410 493.4
1078420 493.4
1078430 493.5
1078440 493.7
1078450 493.7
1078460 494.2
1078470 493.6
1078480 493.6
1078490 494.0
1078500 494.6
1078510 494.6
1078520 495.1
1078530 495.3
1078540 495.3
1078550 495.3
1078560 494.8
1078570 494.3
1078580 494.3
1078590 493.9
1078600 493.9
1078610 493.9
1078620 493.9
1078630 493.9
1078640 493.9
1078650 493.9
1078660 492.8
1078670 492.8
1078680 493.0
1078690 494.9
1078700 494.9
1078710 494.7
1078720 494.8
1078730 494.8
1078740 494.8
1078750 494.9
1078760 494.9
1078770 494.9
1078780 494.8
1078790 494.8
1078800 494.3
1078810 494.1
1078820 494.1
1078830 494.1
1078840 494.3
1078850 494.4
1078860 494.4
1078870 494.5
1078880 494.3
1078890 494.3
1078900 494.2
1078910 494.2
1078920 494.2
1078930 494.2
1078940 494.2
1078950 494.2
1078960 494.2
1078970 494.2
1078980 494.2
1078990 494.3
1079000 494.4
1079010 494.4
1079020 494.4
1079030 494.4
1079040 494.4
1079050 494.5
1079060 494.6
1079070 494.8
1079080 494.8
1079090 495.1
1079100 494.7
1079110 494.7
1079120 494.7
1079130 494.7
1079140 494.7
1079150 494.8
1079160 494.9
1079170 494.9
1079180 494.9
1079190 495.1
1079200 495.1
1079210 495.0
1079220 495.0
1079230 495.0
1079240 495.0
1079250 495.1
1079260 495.1
1079270 495.0
1079280 495.0
1079290 495.0
1079300 495.4
1079310 496.8
1079320 496.8
1079330 497.9
1079340 498.2
1079350 496.1
1079360 496.1
1079370 495.4
1079380 495.7
1079390 495.7
1079400 495.8
1079410 495.9
1079420 495.9
1079430 495.9
1079440 496.0
1079450 496.0
1079460 496.1
1079470 496.2
1079480 496.2
1079490 496.3
1079500 496.4
1079510 496.4
1079520 496.4
1079530 496.5
1079540 496.5
1079550 496.7
1079560 496.8
1079570 496.8
1079580 496.9
1079590 497.1
1079600 497.1
1079610 497.1
1079620 497.2
1079630 497.2
1079640 497.2
1079650 497.4
1079660 497.5
1079670 497.5
1079680 497.6
1079690 497.6
1079700 497.6
1079710 497.6
1079720 497.5
1079730 497.5
1079740 497.5
1079750 497.6
1079760 497.6
1079770 497.7
1079780 497.8
1079790 497.8
1079800 497.8
1079810 498.1
1079820 498.1
1079830 498.5
1079840 498.6
1079850 498.4
1079860 498.4
1079870 498.5
1079880 499.0
1079890 499.0
1079900 499.8
1079910 500.2
1079920 500.2
1079930 499.9
1079940 499.8
1079950 499.8
1079960 499.8
1079970 499.9
1079980 499.9
1079990 499.9
