1066230 1387.0
1066240 1387.0
1066250 1390.7
1066260 1397.2
1066270 1397.2
1066280 1403.2
1066290 1407.8
1066300 1407.8
1066310 1411.3
1066320 1415.2
1066330 1415.2
1066340 1419.8
1066350 1425.0
1066360 1425.0
1066370 1429.9
1066380 1432.3
1066390 1431.6
1066400 1431.6
1066410 1428.9
1066420 1425.9
1066430 1425.9
1066440 1426.1
1066450 1432.8
1066460 1432.8
1066470 1440.9
1066480 1448.6
1066490 1448.6
1066500 1457.3
1066510 1465.4
1066520 1465.4
1066530 1467.1
1066540 1462.6
1066550 1462.6
1066560 1457.3
1066570 1452.4
1066580 1452.4
1066590 1446.7
1066600 1440.0
1066610 1440.0
1066620 1433.5
1066630 1426.2
1066640 1426.2
1066650 1420.9
1066660 1414.9
1066670 1408.1
1066680 1408.1
1066690 1403.5
1066700 1400.0
1066710 1400.0
1066720 1395.8
1066730 1389.9
1066740 1389.9
1066750 1383.5
1066760 1377.4
1066770 1377.4
1066780 1371.5
1066790 1365.1
1066800 1365.1
1066810 1358.4
1066820 1351.3
1066830 1350.8
1066840 1344.2
1066850 1337.3
1066860 1337.3
1066870 1329.9
1066880 1322.1
1066890 1322.1
1066900 1314.0
1066910 1306.3
1066920 1297.9
1066930 1297.9
1066940 1289.0
1066950 1281.4
1066960 1281.4
1066970 1274.2
1066980 1266.2
1066990 1266.2
1067000 1258.6
1067010 1252.2
1067020 1252.2
1067030 1245.8
1067040 1239.1
1067050 1239.1
1067060 1232.0
1067070 1224.3
1067080 1224.3
1067090 1215.6
1067100 1208.8
1067110 1208.8
1067120 1203.7
1067130 1191.3
1067140 1191.3
1067150 1184.6
1067160 1175.9
1067170 1168.7
1067180 1168.7
1067190 1165.7
1067200 1159.3
1067210 1159.3
1067220 1152.0
1067230 1147.5
1067240 1147.5
1067250 1141.7
1067260 1136.7
1067270 1136.7
1067280 1133.4
1067290 1128.5
1067300 1128.5
1067310 1121.1
1067320 1117.4
1067330 1117.4
1067340 1115.1
1067350 1112.0
1067360 1112.0
1067370 1112.5
1067380 1111.8
1067390 1111.8
1067400 1107.7
1067410 1110.2
1067420 1107.6
1067430 1107.6
1067440 1111.2
1067450 1109.1
1067460 1109.1
1067470 1111.4
1067480 1115.6
1067490 1115.6
1067500 1115.5
1067510 1112.4
1067520 1112.4
1067530 1110.8
1067540 1110.1
1067550 1110.1
1067560 1110.1
1067570 1109.4
1067580 1109.4
1067590 1110.1
1067600 1111.1
1067610 1111.1
1067620 1112.2
1067630 1113.1
1067640 1113.1
1067650 1112.1
1067660 1109.6
1067670 1106.8
1067680 1106.8
1067690 1104.1
1067700 1101.9
1067710 1101.9
1067720 1098.9
1067730 1094.6
1067740 1100.7
1067750 1097.5
1067760 1092.6
1067770 1092.6
1067780 1090.3
1067790 1093.2
1067800 1093.2
1067810 1092.7
1067820 1089.8
1067830 1089.8
1067840 1085.4
1067850 1082.8
1067860 1082.8
1067870 1079.6
1067880 1075.3
1067890 1075.3
1067900 1073.6
1067910 1070.1
1067920 1070.1
1067930 1067.2
1067940 1064.2
1067950 1061.0
1067960 1061.0
1067970 1058.6
1067980 1055.5
1067990 1055.5
1068000 1050.9
1068010 1045.1
1068020 1045.1
1068030 1041.8
1068040 1039.7
1068050 1044.9
1068060 1041.4
1068070 1037.3
1068080 1037.3
1068090 1032.8
1068100 1028.4
1068110 1028.4
1068120 1023.7
1068130 1018.1
1068140 1018.1
1068150 1012.8
1068160 1008.0
1068170 1008.0
1068180 1002.4
1068190 997.3
1068200 992.2
1068210 992.2
1068220 986.9
1068230 982.2
1068240 982.2
1068250 977.7
1068260 973.0
1068270 973.0
1068280 968.5
1068290 964.5
1068300 964.5
1068310 960.3
1068320 956.2
1068330 956.2
1068340 951.0
1068350 946.1
1068360 946.1
1068370 941.8
1068380 938.6
1068390 938.6
1068400 935.0
1068410 930.0
1068420 930.0
1068430 924.4
1068440 919.7
1068450 915.5
1068460 915.5
1068470 912.1
1068480 908.7
1068490 908.7
1068500 905.0
1068510 901.1
1068520 901.1
1068530 896.8
1068540 892.5
1068550 892.5
1068560 888.6
1068570 884.5
1068580 884.5
1068590 880.3
1068600 876.3
1068610 876.3
1068620 871.9
1068630 867.7
1068640 867.7
1068650 863.6
1068660 857.2
1068670 857.2
1068680 853.5
1068690 849.7
1068700 845.9
1068710 845.9
1068720 842.0
1068730 838.4
1068740 838.4
1068750 835.2
1068760 832.4
1068770 832.4
1068780 829.9
1068790 826.8
1068800 826.8
1068810 824.3
1068820 822.3
1068830 822.3
1068840 820.6
1068850 817.0
1068860 817.0
1068870 812.9
1068880 812.6
1068890 812.6
1068900 815.3
1068910 816.7
1068920 816.7
1068930 816.2
1068940 813.4
1068950 809.9
1068960 809.9
1068970 807.1
1068980 801.9
1068990 801.9
1069000 796.6
1069010 790.8
1069020 790.8
1069030 785.3
1069040 780.3
1069050 780.3
1069060 775.1
1069070 769.9
1069080 769.9
1069090 764.0
1069100 757.4
1069110 757.4
1069120 749.2
1069130 742.2
1069140 742.2
1069150 735.4
1069160 727.6
1069170 727.6
1069180 721.3
1069190 716.3
1069200 716.3
1069210 712.5
1069220 709.0
1069230 703.7
1069240 703.7
1069250 697.5
1069260 691.3
1069270 687.4
1069280 681.9
1069290 678.2
1069300 678.2
1069310 676.3
1069320 675.8
1069330 675.8
1069340 673.8
1069350 667.9
1069360 667.9
1069370 661.9
1069380 658.5
1069390 658.5
1069400 656.9
1069410 654.2
1069420 654.2
1069430 650.4
1069440 647.0
1069450 647.0
1069460 645.4
1069470 645.7
1069480 648.2
1069490 648.2
1069500 658.5
1069510 676.7
1069520 676.7
1069530 685.4
1069540 690.9
1069550 690.9
1069560 694.4
1069570 697.8
1069580 697.4
1069590 702.7
1069600 707.0
1069610 707.0
1069620 710.5
1069630 714.4
1069640 714.4
1069650 721.2
1069660 729.0
1069670 729.0
1069680 736.6
1069690 742.5
1069700 742.5
1069710 746.5
1069720 749.9
1069730 752.4
1069740 752.4
1069750 751.1
1069760 747.2
1069770 747.2
1069780 743.9
1069790 743.3
1069800 743.3
1069810 745.0
1069820 743.9
1069830 743.9
1069840 735.7
1069850 741.7
1069860 741.7
1069870 751.8
1069880 761.7
1069890 762.8
1069900 770.1
1069910 776.3
1069920 776.3
1069930 782.1
1069940 787.6
1069950 787.6
1069960 793.3
1069970 799.0
1069980 804.8
1069990 804.8
1070000 808.7
1070010 814.6
1070020 814.6
1070030 819.8
1070040 823.5
1070050 823.5
1070060 826.5
1070070 827.4
1070080 827.4
1070090 825.8
1070100 823.9
1070110 823.9
1070120 822.9
1070130 822.6
1070140 822.6
1070150 822.5
1070160 822.1
1070170 822.1
1070180 824.0
1070190 830.0
1070200 830.0
1070210 834.7
1070220 842.0
1070230 842.0
1070240 847.2
1070250 852.9
1070260 857.2
1070270 857.2
1070280 860.5
1070290 864.5
1070300 864.5
1070310 869.0
1070320 873.9
1070330 873.9
1070340 879.4
1070350 884.0
1070360 884.0
1070370 889.0
1070380 894.5
1070390 894.5
1070400 899.9
1070410 904.8
1070420 904.8
1070430 910.0
1070440 915.6
1070450 915.6
1070460 921.5
1070470 927.2
1070480 927.2
1070490 932.3
1070500 932.3
1070510 936.0
1070520 936.0
1070530 939.4
1070540 942.1
1070550 942.1
1070560 943.7
1070570 944.8
1070580 944.8
1070590 946.3
1070600 947.6
1070610 947.6
1070620 949.4
1070630 951.3
1070640 951.3
1070650 952.7
1070660 953.7
1070670 953.7
1070680 954.5
1070690 955.3
1070700 955.3
1070710 955.8
1070720 956.0
1070730 956.0
1070740 956.2
1070750 956.1
1070760 956.1
1070770 956.1
1070780 955.8
1070790 955.0
1070800 955.0
1070810 956.1
1070820 955.4
1070830 955.4
1070840 955.0
1070850 954.9
1070860 954.9
1070870 955.0
1070880 954.9
1070890 954.9
1070900 955.2
1070910 955.8
1070920 955.8
1070930 956.2
1070940 957.0
1070950 957.0
1070960 958.8
1070970 959.6
1070980 959.6
1070990 960.2
1071000 961.1
1071010 962.3
1071020 962.3
1071030 963.7
1071040 965.1
1071050 965.1
1071060 966.1
1071070 966.4
1071080 966.4
1071090 966.9
1071100 967.4
1071110 969.9
1071120 968.9
1071130 967.7
1071140 967.7
1071150 969.8
1071160 972.0
1071170 972.0
1071180 973.3
1071190 975.1
1071200 975.1
1071210 977.0
1071220 978.6
1071230 978.6
1071240 979.6
1071250 980.9
1071260 981.7
1071270 981.7
1071280 981.8
1071290 981.5
1071300 981.5
1071310 980.7
1071320 979.2
1071330 979.2
1071340 977.7
1071350 977.6
1071360 977.6
1071370 977.2
1071380 976.2
1071390 976.2
1071400 975.3
1071410 974.7
1071420 976.8
1071430 975.9
1071440 974.7
1071450 974.7
1071460 973.8
1071470 971.8
1071480 971.8
1071490 972.1
1071500 973.0
1071510 973.0
1071520 972.9
1071530 971.3
1071540 968.6
1071550 968.6
1071560 965.3
1071570 963.8
1071580 963.8
1071590 962.1
1071600 960.1
1071610 960.1
1071620 959.9
1071630 959.5
1071640 959.5
1071650 958.3
1071660 956.1
1071670 956.1
1071680 954.7
1071690 953.6
1071700 953.6
1071710 952.9
1071720 952.6
1071730 954.9
1071740 954.6
1071750 954.1
1071760 954.1
1071770 953.5
1071780 951.2
1071790 948.2
1071800 948.2
1071810 948.8
1071820 950.0
1071830 950.0
1071840 948.8
1071850 946.5
1071860 946.5
1071870 944.6
1071880 942.6
1071890 942.6
1071900 941.6
1071910 941.2
1071920 941.2
1071930 940.7
1071940 940.3
1071950 940.3
1071960 940.0
1071970 939.4
1071980 939.4
1071990 939.2
1072000 938.9
1072010 938.9
1072020 938.8
1072030 940.5
1072040 940.8
1072050 940.8
1072060 942.3
1072070 942.7
1072080 942.7
1072090 941.7
1072100 939.1
1072110 939.1
1072120 936.4
1072130 934.7
1072140 934.7
1072150 932.7
1072160 930.6
1072170 930.6
1072180 928.1
1072190 926.4
1072200 926.4
1072210 924.8
1072220 922.8
1072230 922.8
1072240 920.7
1072250 919.0
1072260 919.0
1072270 917.8
1072280 916.1
1072290 915.2
1072300 915.2
1072310 913.5
1072320 912.5
1072330 912.5
1072340 911.7
1072350 914.9
1072360 914.9
1072370 913.4
1072380 911.9
1072390 911.9
1072400 910.2
1072410 909.0
1072420 909.0
1072430 908.1
1072440 907.2
1072450 907.2
1072460 905.5
1072470 904.4
1072480 904.4
1072490 905.2
1072500 905.2
1072510 905.2
1072520 904.4
1072530 903.8
1072540 902.2
1072550 902.2
1072560 900.8
1072570 898.1
1072580 898.1
1072590 896.7
1072600 896.0
1072610 896.0
1072620 894.5
1072630 893.1
1072640 893.1
1072650 898.1
1072660 897.3
1072670 897.3
1072680 896.4
1072690 895.3
1072700 895.3
1072710 893.7
1072720 892.4
1072730 892.4
1072740 890.9
1072750 888.8
1072760 888.8
1072770 886.9
1072780 884.9
1072790 884.9
1072800 882.5
1072810 880.7
1072820 878.8
1072830 878.8
1072840 876.4
1072850 874.2
1072860 874.2
1072870 872.6
1072880 871.1
1072890 871.1
1072900 869.5
1072910 867.9
1072920 867.9
1072930 866.2
1072940 865.2
1072950 865.2
1072960 871.5
1072970 870.3
1072980 870.3
1072990 869.0
1073000 867.7
1073010 867.7
1073020 866.5
1073030 865.8
1073040 865.8
1073050 865.2
1073060 864.4
1073070 863.7
1073080 863.7
1073090 862.4
1073100 860.9
1073110 860.9
1073120 858.9
1073130 857.2
1073140 857.2
1073150 854.8
1073160 852.3
1073170 852.3
1073180 849.5
1073190 846.9
1073200 846.9
1073210 845.2
1073220 843.4
1073230 843.4
1073240 842.2
1073250 841.0
1073260 841.0
1073270 845.5
1073280 844.3
1073290 844.3
1073300 842.7
1073310 840.6
1073320 839.1
1073330 839.1
1073340 839.5
1073350 839.7
1073360 839.7
1073370 838.0
1073380 835.7
1073390 835.7
1073400 834.4
1073410 832.9
1073420 832.9
1073430 832.1
1073440 831.6
1073450 831.6
1073460 830.0
1073470 828.1
1073480 828.1
1073490 826.8
1073500 826.6
1073510 826.6
1073520 826.7
1073530 824.9
1073540 824.9
1073550 822.7
1073560 820.2
1073570 817.6
1073580 823.7
1073590 821.7
1073600 819.4
1073610 819.4
1073620 816.3
1073630 812.8
1073640 812.8
1073650 809.2
1073660 805.7
1073670 805.7
1073680 802.4
1073690 798.9
1073700 798.9
1073710 795.3
1073720 791.0
1073730 791.0
1073740 786.9
1073750 782.9
1073760 782.9
1073770 779.0
1073780 776.6
1073790 776.6
1073800 774.0
1073810 771.0
1073820 768.4
1073830 768.4
1073840 766.0
1073850 763.4
1073860 763.4
1073870 759.2
1073880 758.0
1073890 764.2
1073900 762.5
1073910 758.8
1073920 758.8
1073930 754.6
1073940 749.7
1073950 749.7
1073960 745.8
1073970 742.6
1073980 742.6
1073990 739.9
1074000 736.7
1074010 736.7
1074020 733.5
1074030 731.5
1074040 731.5
1074050 730.3
1074060 729.8
1074070 729.8
1074080 729.8
1074090 729.1
1074100 727.1
1074110 727.1
1074120 724.2
1074130 721.0
1074140 721.0
1074150 719.8
1074160 718.0
1074170 718.0
1074180 716.4
1074190 714.4
1074200 718.1
1074210 716.3
1074220 716.3
1074230 716.3
1074240 716.5
1074250 717.7
1074260 717.7
1074270 718.9
1074280 719.3
1074290 719.3
1074300 718.6
1074310 717.2
1074320 717.2
1074330 715.5
1074340 713.0
1074350 710.6
1074360 710.6
1074370 708.0
1074380 705.5
1074390 705.5
1074400 702.5
1074410 699.3
1074420 699.3
1074430 695.9
1074440 692.3
1074450 692.3
1074460 689.5
1074470 687.1
1074480 687.1
1074490 684.6
1074500 683.5
1074510 687.2
1074520 685.9
1074530 684.5
1074540 684.5
1074550 684.2
1074560 684.2
1074570 684.2
1074580 684.3
1074590 687.0
1074600 689.3
1074610 689.3
1074620 690.0
1074630 690.8
1074640 690.8
1074650 691.8
1074660 693.4
1074670 693.4
1074680 695.1
1074690 696.0
1074700 696.0
1074710 697.0
1074720 697.3
1074730 697.3
1074740 697.2
1074750 696.1
1074760 696.1
1074770 695.4
1074780 694.9
1074790 694.9
1074800 693.7
1074810 692.5
1074820 696.5
1074830 695.0
1074840 692.4
1074850 689.3
1074860 689.3
1074870 685.3
1074880 681.0
1074890 681.0
1074900 676.3
1074910 671.3
1074920 671.3
1074930 667.0
1074940 663.1
1074950 663.1
1074960 659.9
1074970 656.1
1074980 656.1
1074990 651.8
1075000 647.2
1075010 647.2
1075020 643.4
1075030 640.7
1075040 640.7
1075050 636.1
1075060 630.3
1075070 630.3
1075080 624.5
1075090 619.2
1075100 614.3
1075110 614.3
1075120 609.4
1075130 609.1
1075140 609.1
1075150 604.4
1075160 599.4
1075170 599.4
1075180 595.3
1075190 592.4
1075200 592.4
1075210 589.9
1075220 587.6
1075230 587.6
1075240 585.2
1075250 583.5
1075260 583.5
1075270 582.5
1075280 582.1
1075290 582.1
1075300 581.8
1075310 580.8
1075320 580.8
1075330 580.4
1075340 580.9
1075350 580.9
1075360 581.4
1075370 582.1
1075380 581.7
1075390 581.7
1075400 580.0
1075410 577.9
1075420 577.9
1075430 574.4
1075440 572.3
1075450 572.3
1075460 567.5
1075470 562.7
1075480 562.7
1075490 558.9
1075500 555.7
1075510 555.7
1075520 555.1
1075530 556.0
1075540 556.0
1075550 556.4
1075560 555.3
1075570 555.3
1075580 552.1
1075590 546.9
1075600 546.9
1075610 545.0
1075620 546.4
1075630 546.2
1075640 546.2
1075650 544.9
1075660 546.7
1075670 546.7
1075680 548.2
1075690 547.8
1075700 547.8
1075710 547.1
1075720 546.3
1075730 546.3
1075740 545.5
1075750 545.3
1075760 545.3
1075770 543.9
1075780 543.3
1075790 543.3
1075800 542.1
1075810 541.0
1075820 541.0
1075830 540.9
1075840 540.0
1075850 540.0
1075860 539.2
1075870 538.3
1075880 537.4
1075890 537.4
1075900 536.6
1075910 535.8
1075920 535.8
1075930 534.7
1075940 533.6
1075950 533.6
1075960 532.3
1075970 531.1
1075980 531.1
1075990 530.2
1076000 529.4
1076010 529.4
1076020 528.4
1076030 527.2
1076040 527.2
1076050 526.2
1076060 525.3
1076070 525.2
1076080 524.1
1076090 523.2
1076100 523.2
1076110 522.1
1076120 520.9
1076130 519.9
1076140 519.9
1076150 518.7
1076160 517.9
1076170 517.9
1076180 516.9
1076190 516.2
1076200 516.2
1076210 515.6
1076220 514.9
1076230 514.9
1076240 514.2
1076250 512.9
1076260 512.9
1076270 511.7
1076280 510.7
1076290 510.7
1076300 509.7
1076310 508.7
1076320 508.7
1076330 507.7
1076340 505.3
1076350 505.3
1076360 500.4
1076370 496.1
1076380 495.7
1076390 495.7
1076400 495.7
1076410 495.8
1076420 495.8
1076430 495.7
1076440 495.8
1076450 495.8
1076460 495.8
1076470 495.9
1076480 495.9
1076490 495.9
1076500 495.7
1076510 495.7
1076520 495.7
1076530 496.8
1076540 496.8
1076550 495.7
1076560 492.9
1076570 492.9
1076580 491.9
1076590 491.3
1076600 491.3
1076610 490.9
1076620 490.6
1076630 490.6
1076640 490.4
1076650 490.3
1076660 490.2
1076670 490.2
1076680 490.0
1076690 489.9
1076700 489.9
1076710 489.8
1076720 489.7
1076730 489.7
1076740 489.7
1076750 489.7
1076760 489.7
1076770 489.7
1076780 489.7
1076790 489.7
1076800 489.6
1076810 489.5
1076820 489.5
1076830 489.4
1076840 489.3
1076850 489.3
1076860 489.2
1076870 489.3
1076880 489.3
1076890 489.7
1076900 489.8
1076910 489.5
1076920 489.5
1076930 488.6
1076940 488.3
1076950 488.3
1076960 488.2
1076970 488.1
1076980 488.1
1076990 488.1
1077000 488.1
1077010 488.1
1077020 488.2
1077030 488.5
1077040 488.5
1077050 488.8
1077060 488.4
1077070 488.4
1077080 488.7
1077090 489.1
1077100 489.1
1077110 489.5
1077120 490.3
1077130 490.3
1077140 490.9
1077150 490.5
1077160 489.4
1077170 489.4
1077180 489.0
1077190 488.9
1077200 488.9
1077210 489.0
1077220 489.2
1077230 489.2
1077240 489.5
1077250 489.6
1077260 489.6
1077270 489.6
1077280 489.5
1077290 489.5
1077300 489.5
1077310 489.5
1077320 489.5
1077330 489.5
1077340 489.6
1077350 489.6
1077360 489.6
1077370 489.6
1077380 489.6
1077390 489.6
1077400 489.7
1077410 489.8
1077420 489.8
1077430 489.8
1077440 489.8
1077450 489.8
1077460 489.9
1077470 490.0
1077480 490.0
1077490 490.1
1077500 490.1
1077510 490.1
1077520 490.1
1077530 490.1
1077540 490.1
1077550 490.2
1077560 490.3
1077570 490.3
1077580 490.3
1077590 490.3
1077600 490.3
1077610 490.3
1077620 490.4
1077630 490.4
1077640 490.3
1077650 490.4
1077660 490.3
1077670 490.3
1077680 490.3
1077690 490.3
1077700 490.3
1077710 490.3
1077720 490.7
1077730 490.7
1077740 490.9
1077750 490.7
1077760 490.7
1077770 490.2
1077780 489.8
1077790 489.8
1077800 489.7
1077810 489.8
1077820 489.8
1077830 489.7
1077840 489.7
1077850 489.7
1077860 489.7
1077870 489.9
1077880 489.9
1077890 490.3
1077900 490.7
1077910 491.0
1077920 491.0
1077930 491.3
1077940 490.8
1077950 490.8
1077960 491.2
1077970 491.9
1077980 491.9
1077990 492.4
1078000 492.8
1078010 492.8
1078020 493.1
1078030 492.7
1078040 492.7
1078050 491.1
1078060 489.1
1078070 489.1
1078080 488.4
1078090 488.7
1078100 488.7
1078110 489.2
1078120 489.4
1078130 489.4
1078140 489.4
1078150 489.4
1078160 489.4
1078170 490.0
1078180 491.4
1078190 493.0
1078200 493.0
1078210 494.0
1078220 494.4
1078230 494.4
1078240 494.6
1078250 494.5
1078260 494.5
1078270 494.7
1078280 494.7
1078290 494.7
1078300 494.7
1078310 494.7
1078320 494.7
1078330 494.7
1078340 494.7
1078350 494.7
1078360 495.3
1078370 495.9
1078380 495.9
1078390 495.2
1078400 493.8
1078410 493.8
1078420 492.7
1078430 492.3
1078440 492.1
1078450 492.1
1078460 492.1
1078470 492.2
1078480 492.2
1078490 492.2
1078500 492.4
1078510 492.4
1078520 492.6
1078530 492.8
1078540 492.8
1078550 492.8
1078560 492.9
1078570 492.9
1078580 492.9
1078590 493.0
1078600 493.0
1078610 493.0
1078620 493.0
1078630 493.0
1078640 492.9
1078650 493.0
1078660 493.0
1078670 493.6
1078680 493.2
1078690 493.2
1078700 493.2
1078710 492.9
1078720 492.6
1078730 492.6
1078740 492.7
1078750 492.7
1078760 492.7
1078770 492.7
1078780 492.8
1078790 492.8
1078800 492.8
1078810 492.7
1078820 492.7
1078830 492.7
1078840 492.6
1078850 492.6
1078860 492.9
1078870 494.5
1078880 495.9
1078890 497.6
1078900 496.7
1078910 496.7
1078920 494.2
1078930 494.0
1078940 494.1
1078950 494.1
1078960 494.0
1078970 493.9
1078980 493.9
1078990 493.8
1079000 493.9
1079010 493.9
1079020 493.9
1079030 494.0
1079040 494.0
1079050 494.1
1079060 494.2
1079070 494.2
1079080 494.5
1079090 494.7
1079100 494.7
1079110 494.5
1079120 494.4
1079130 494.4
1079140 494.7
1079150 494.6
1079160 494.6
1079170 494.8
1079180 494.8
1079190 494.7
1079200 494.7
1079210 494.8
1079220 495.0
1079230 495.0
1079240 495.1
1079250 495.2
1079260 495.2
1079270 495.2
1079280 495.1
1079290 495.1
1079300 495.2
1079310 495.2
1079320 495.2
1079330 495.3
1079340 495.4
1079350 495.4
1079360 495.5
1079370 495.7
1079380 495.7
1079390 495.9
1079400 495.9
1079410 495.9
1079420 496.0
1079430 496.1
1079440 496.1
1079450 496.3
1079460 496.3
1079470 496.5
1079480 496.5
1079490 496.6
1079500 497.1
1079510 497.1
1079520 498.1
1079530 497.5
1079540 497.5
1079550 497.0
1079560 496.4
1079570 496.4
1079580 496.2
1079590 496.1
1079600 496.1
1079610 496.3
1079620 496.2
1079630 496.2
1079640 496.2
1079650 496.2
1079660 496.2
1079670 496.1
1079680 496.1
1079690 496.1
1079700 496.1
1079710 496.1
1079720 496.4
1079730 496.4
1079740 496.8
1079750 496.8
1079760 496.8
1079770 497.4
1079780 497.9
1079790 497.9
1079800 497.8
1079810 497.1
1079820 496.7
1079830 496.7
1079840 497.3
1079850 497.3
1079860 497.0
1079870 497.2
1079880 497.2
1079890 497.5
1079900 497.5
1079910 497.5
1079920 497.2
1079930 497.3
1079940 497.3
1079950 497.5
1079960 497.6
1079970 497.6
1079980 497.6
1079990 497.5
