1066200 1418.2
1066210 1418.2
1066220 1423.9
1066230 1432.7
1066240 1440.6
1066250 1440.6
1066260 1447.0
1066270 1453.3
1066280 1453.3
1066290 1459.8
1066300 1466.9
1066310 1466.9
1066320 1474.9
1066330 1482.5
1066340 1482.5
1066350 1488.9
1066360 1489.9
1066370 1489.9
1066380 1487.8
1066390 1484.5
1066400 1484.5
1066410 1481.0
1066420 1477.0
1066430 1477.0
1066440 1473.1
1066450 1474.3
1066460 1474.3
1066470 1480.2
1066480 1486.5
1066490 1490.5
1066500 1490.5
1066510 1488.9
1066520 1484.3
1066530 1484.3
1066540 1479.0
1066550 1473.7
1066560 1473.7
1066570 1468.0
1066580 1463.4
1066590 1463.4
1066600 1457.7
1066610 1452.5
1066620 1452.5
1066630 1447.0
1066640 1441.5
1066650 1441.5
1066660 1436.7
1066670 1431.6
1066680 1431.6
1066690 1425.5
1066700 1417.3
1066710 1417.3
1066720 1409.4
1066730 1404.1
1066740 1399.1
1066750 1402.9
1066760 1396.3
1066770 1389.9
1066780 1389.9
1066790 1384.7
1066800 1383.3
1066810 1383.3
1066820 1378.6
1066830 1372.2
1066840 1372.2
1066850 1365.2
1066860 1358.1
1066870 1358.1
1066880 1351.0
1066890 1343.9
1066900 1343.9
1066910 1336.6
1066920 1329.6
1066930 1329.6
1066940 1322.7
1066950 1315.7
1066960 1315.7
1066970 1308.8
1066980 1301.1
1066990 1293.8
1067000 1293.8
1067010 1287.2
1067020 1279.0
1067030 1279.0
1067040 1270.1
1067050 1266.2
1067060 1266.2
1067070 1268.3
1067080 1268.6
1067090 1268.6
1067100 1266.6
1067110 1263.5
1067120 1263.5
1067130 1261.1
1067140 1257.4
1067150 1257.4
1067160 1257.4
1067170 1257.6
1067180 1257.6
1067190 1256.6
1067200 1256.6
1067210 1256.6
1067220 1257.0
1067230 1256.6
1067240 1256.6
1067250 1255.0
1067260 1253.0
1067270 1249.9
1067280 1249.9
1067290 1244.9
1067300 1242.5
1067310 1242.5
1067320 1241.9
1067330 1241.0
1067340 1241.0
1067350 1239.5
1067360 1245.0
1067370 1245.0
1067380 1243.1
1067390 1241.2
1067400 1241.2
1067410 1238.4
1067420 1236.1
1067430 1236.1
1067440 1234.5
1067450 1232.7
1067460 1232.7
1067470 1232.1
1067480 1231.0
1067490 1231.0
1067500 1229.5
1067510 1228.3
1067520 1226.9
1067530 1226.9
1067540 1225.3
1067550 1223.1
1067560 1223.1
1067570 1221.1
1067580 1219.1
1067590 1219.1
1067600 1217.1
1067610 1215.3
1067620 1215.3
1067630 1212.6
1067640 1209.8
1067650 1209.8
1067660 1207.5
1067670 1204.0
1067680 1204.0
1067690 1200.4
1067700 1196.5
1067710 1196.5
1067720 1192.4
1067730 1188.6
1067740 1188.6
1067750 1185.0
1067760 1181.6
1067770 1177.8
1067780 1177.8
1067790 1173.5
1067800 1168.8
1067810 1168.8
1067820 1163.8
1067830 1158.4
1067840 1158.4
1067850 1153.2
1067860 1148.0
1067870 1148.0
1067880 1142.5
1067890 1137.0
1067900 1137.0
1067910 1131.3
1067920 1125.4
1067930 1125.4
1067940 1119.2
1067950 1112.6
1067960 1112.6
1067970 1103.4
1067980 1096.5
1067990 1096.5
1068000 1089.4
1068010 1082.2
1068020 1074.8
1068030 1074.8
1068040 1068.3
1068050 1061.0
1068060 1061.0
1068070 1054.1
1068080 1046.7
1068090 1046.7
1068100 1039.7
1068110 1032.8
1068120 1032.8
1068130 1026.1
1068140 1019.2
1068150 1019.2
1068160 1012.3
1068170 1004.1
1068180 1004.1
1068190 997.9
1068200 993.3
1068210 993.3
1068220 989.5
1068230 982.7
1068240 982.7
1068250 976.1
1068260 970.2
1068270 963.4
1068280 963.4
1068290 958.7
1068300 952.7
1068310 952.7
1068320 946.0
1068330 939.5
1068340 939.5
1068350 933.5
1068360 927.4
1068370 927.4
1068380 921.6
1068390 916.2
1068400 916.2
1068410 911.0
1068420 905.5
1068430 905.5
1068440 899.7
1068450 895.4
1068460 895.4
1068470 891.5
1068480 887.0
1068490 887.0
1068500 883.1
1068510 880.3
1068520 880.3
1068530 877.3
1068540 873.4
1068550 868.7
1068560 868.7
1068570 863.9
1068580 860.3
1068590 860.3
1068600 856.2
1068610 852.2
1068620 852.2
1068630 848.2
1068640 844.7
1068650 844.7
1068660 841.2
1068670 837.8
1068680 837.8
1068690 834.6
1068700 831.4
1068710 831.4
1068720 827.9
1068730 824.5
1068740 824.5
1068750 821.0
1068760 817.6
1068770 817.6
1068780 814.5
1068790 811.8
1068800 809.9
1068810 809.9
1068820 808.3
1068830 806.6
1068840 806.6
1068850 802.8
1068860 797.2
1068870 797.2
1068880 790.5
1068890 787.1
1068900 787.1
1068910 780.0
1068920 772.2
1068930 772.2
1068940 764.3
1068950 760.9
1068960 760.9
1068970 760.2
1068980 759.1
1068990 759.1
1069000 752.9
1069010 745.7
1069020 745.7
1069030 739.3
1069040 733.9
1069050 730.2
1069060 730.2
1069070 725.4
1069080 720.4
1069090 720.4
1069100 714.5
1069110 709.7
1069120 709.7
1069130 706.9
1069140 703.8
1069150 703.8
1069160 700.3
1069170 693.8
1069180 693.8
1069190 686.8
1069200 681.5
1069210 681.5
1069220 675.3
1069230 670.1
1069240 670.1
1069250 662.6
1069260 657.1
1069270 657.1
1069280 654.5
1069290 653.7
1069300 655.5
1069310 655.5
1069320 661.7
1069330 668.4
1069340 668.4
1069350 678.1
1069360 688.8
1069370 688.8
1069380 690.6
1069390 698.9
1069400 698.9
1069410 709.2
1069420 712.4
1069430 712.4
1069440 713.1
1069450 712.7
1069460 712.7
1069470 710.6
1069480 713.9
1069490 713.9
1069500 721.4
1069510 730.1
1069520 730.1
1069530 740.2
1069540 749.6
1069550 755.6
1069560 755.6
1069570 754.2
1069580 749.5
1069590 749.5
1069600 744.5
1069610 739.9
1069620 739.9
1069630 747.5
1069640 755.3
1069650 755.3
1069660 762.2
1069670 768.6
1069680 768.6
1069690 774.7
1069700 781.7
1069710 781.7
1069720 789.2
1069730 795.8
1069740 795.8
1069750 800.8
1069760 805.9
1069770 805.9
1069780 811.2
1069790 816.9
1069800 818.0
1069810 823.6
1069820 829.6
1069830 831.8
1069840 831.8
1069850 829.4
1069860 825.6
1069870 825.6
1069880 822.9
1069890 823.8
1069900 823.8
1069910 828.7
1069920 834.5
1069930 834.5
1069940 839.8
1069950 842.1
1069960 842.1
1069970 839.5
1069980 835.6
1069990 835.6
1070000 833.3
1070010 830.5
1070020 830.5
1070030 832.0
1070040 838.0
1070050 838.0
1070060 843.3
1070070 845.0
1070080 844.7
1070090 844.7
1070100 844.1
1070110 854.9
1070120 854.9
1070130 857.0
1070140 856.4
1070150 856.4
1070160 855.4
1070170 861.0
1070180 861.0
1070190 868.7
1070200 875.9
1070210 875.9
1070220 881.7
1070230 887.2
1070240 887.2
1070250 892.6
1070260 898.1
1070270 898.1
1070280 903.2
1070290 908.0
1070300 908.0
1070310 912.5
1070320 917.0
1070330 920.6
1070340 920.6
1070350 924.2
1070360 928.6
1070370 928.6
1070380 933.8
1070390 938.6
1070400 938.6
1070410 942.6
1070420 946.7
1070430 946.7
1070440 951.5
1070450 956.4
1070460 956.4
1070470 960.7
1070480 964.7
1070490 964.7
1070500 968.2
1070510 971.1
1070520 971.1
1070530 971.6
1070540 971.3
1070550 971.3
1070560 972.7
1070570 973.1
1070580 975.4
1070590 975.4
1070600 978.8
1070610 983.2
1070620 983.2
1070630 987.8
1070640 991.5
1070650 991.5
1070660 992.9
1070670 994.1
1070680 994.1
1070690 994.9
1070700 995.3
1070710 995.3
1070720 995.5
1070730 998.7
1070740 998.7
1070750 998.9
1070760 999.0
1070770 999.0
1070780 999.2
1070790 999.2
1070800 999.2
1070810 998.5
1070820 998.8
1070830 999.3
1070840 999.3
1070850 999.6
1070860 1000.1
1070870 1000.1
1070880 1000.2
1070890 1000.3
1070900 1000.3
1070910 1000.5
1070920 1000.6
1070930 1000.6
1070940 1000.6
1070950 1000.2
1070960 1000.2
1070970 999.3
1070980 997.9
1070990 997.9
1071000 996.3
1071010 995.2
1071020 995.2
1071030 997.1
1071040 996.7
1071050 996.7
1071060 996.1
1071070 997.0
1071080 997.0
1071090 997.4
1071100 998.0
1071110 998.4
1071120 998.4
1071130 1000.0
1071140 1000.8
1071150 1000.8
1071160 1000.6
1071170 999.7
1071180 999.7
1071190 999.1
1071200 998.9
1071210 998.9
1071220 998.3
1071230 997.5
1071240 997.5
1071250 996.7
1071260 996.1
1071270 996.1
1071280 995.2
1071290 994.1
1071300 994.1
1071310 993.1
1071320 992.0
1071330 992.0
1071340 993.4
1071350 992.2
1071360 992.3
1071370 992.3
1071380 992.1
1071390 992.0
1071400 992.0
1071410 991.9
1071420 991.4
1071430 991.4
1071440 991.1
1071450 991.2
1071460 991.2
1071470 991.2
1071480 990.9
1071490 990.9
1071500 990.8
1071510 991.2
1071520 991.2
1071530 991.2
1071540 991.1
1071550 991.1
1071560 990.9
1071570 990.9
1071580 990.9
1071590 990.6
1071600 990.3
1071610 990.0
1071620 990.0
1071630 989.7
1071640 989.2
1071650 991.5
1071660 991.3
1071670 990.7
1071680 990.7
1071690 989.8
1071700 988.8
1071710 988.8
1071720 987.7
1071730 986.8
1071740 986.8
1071750 985.9
1071760 984.6
1071770 984.6
1071780 984.0
1071790 984.4
1071800 984.4
1071810 984.3
1071820 984.0
1071830 984.0
1071840 983.3
1071850 982.1
1071860 981.4
1071870 981.4
1071880 980.5
1071890 979.6
1071900 979.6
1071910 979.1
1071920 979.7
1071930 979.7
1071940 980.3
1071950 980.9
1071960 983.1
1071970 983.5
1071980 983.7
1071990 983.7
1072000 983.5
1072010 983.5
1072020 983.5
1072030 983.7
1072040 984.1
1072050 984.1
1072060 984.3
1072070 984.7
1072080 984.7
1072090 985.5
1072100 985.9
1072110 986.3
1072120 986.3
1072130 986.4
1072140 986.9
1072150 986.9
1072160 986.5
1072170 986.3
1072180 986.3
1072190 985.9
1072200 985.6
1072210 985.6
1072220 986.0
1072230 985.5
1072240 985.5
1072250 985.2
1072260 986.7
1072270 986.7
1072280 986.4
1072290 986.4
1072300 986.4
1072310 985.9
1072320 985.1
1072330 985.1
1072340 982.9
1072350 979.0
1072360 979.0
1072370 976.8
1072380 973.8
1072390 971.0
1072400 971.0
1072410 968.7
1072420 966.8
1072430 966.8
1072440 965.1
1072450 965.2
1072460 965.2
1072470 967.5
1072480 968.7
1072490 968.7
1072500 968.8
1072510 968.5
1072520 968.5
1072530 967.0
1072540 965.4
1072550 965.4
1072560 964.2
1072570 964.5
1072580 964.5
1072590 964.2
1072600 964.7
1072610 964.7
1072620 964.3
1072630 962.1
1072640 958.8
1072650 958.8
1072660 956.6
1072670 956.3
1072680 956.3
1072690 956.1
1072700 954.9
1072710 954.9
1072720 952.9
1072730 952.6
1072740 952.6
1072750 954.7
1072760 957.2
1072770 957.2
1072780 957.7
1072790 957.6
1072800 957.6
1072810 958.3
1072820 959.4
1072830 959.4
1072840 961.1
1072850 962.5
1072860 962.5
1072870 963.8
1072880 965.0
1072890 966.3
1072900 966.3
1072910 967.2
1072920 968.0
1072930 968.0
1072940 967.4
1072950 966.1
1072960 966.1
1072970 964.5
1072980 962.2
1072990 962.2
1073000 959.4
1073010 956.6
1073020 956.6
1073030 954.1
1073040 951.1
1073050 951.1
1073060 950.1
1073070 949.4
1073080 949.4
1073090 950.0
1073100 951.4
1073110 951.4
1073120 952.7
1073130 953.1
1073140 952.4
1073150 952.4
1073160 951.0
1073170 949.9
1073180 949.9
1073190 950.5
1073200 950.4
1073210 950.4
1073220 951.7
1073230 954.3
1073240 954.3
1073250 956.1
1073260 956.4
1073270 956.4
1073280 955.9
1073290 954.9
1073300 954.9
1073310 951.9
1073320 948.7
1073330 948.7
1073340 946.3
1073350 945.5
1073360 945.5
1073370 944.6
1073380 943.5
1073390 942.1
1073400 942.1
1073410 940.4
1073420 939.1
1073430 939.1
1073440 937.9
1073450 934.7
1073460 934.7
1073470 931.1
1073480 927.4
1073490 927.4
1073500 930.3
1073510 926.6
1073520 926.6
1073530 923.3
1073540 920.7
1073550 920.7
1073560 919.5
1073570 919.1
1073580 919.1
1073590 917.7
1073600 915.7
1073610 915.7
1073620 913.4
1073630 911.0
1073640 911.0
1073650 909.7
1073660 908.2
1073670 905.4
1073680 905.4
1073690 901.8
1073700 898.2
1073710 898.2
1073720 894.6
1073730 891.0
1073740 891.0
1073750 886.6
1073760 881.6
1073770 881.6
1073780 876.3
1073790 871.6
1073800 871.6
1073810 872.3
1073820 868.3
1073830 868.3
1073840 864.7
1073850 860.7
1073860 860.7
1073870 856.5
1073880 851.3
1073890 851.3
1073900 845.5
1073910 839.4
1073920 833.9
1073930 833.9
1073940 828.6
1073950 824.6
1073960 824.6
1073970 821.8
1073980 819.8
1073990 819.8
1074000 817.1
1074010 813.5
1074020 813.5
1074030 809.8
1074040 806.1
1074050 806.1
1074060 803.8
1074070 802.6
1074080 802.6
1074090 801.6
1074100 800.8
1074110 800.8
1074120 799.2
1074130 794.5
1074140 794.5
1074150 788.5
1074160 783.1
1074170 778.3
1074180 778.3
1074190 778.5
1074200 779.7
1074210 779.7
1074220 778.0
1074230 774.4
1074240 774.4
1074250 770.6
1074260 766.1
1074270 766.1
1074280 761.5
1074290 759.1
1074300 759.1
1074310 758.4
1074320 757.6
1074330 757.6
1074340 755.6
1074350 751.6
1074360 751.6
1074370 747.1
1074380 743.4
1074390 743.4
1074400 742.5
1074410 741.6
1074420 740.6
1074430 740.8
1074440 739.7
1074450 739.0
1074460 739.0
1074470 740.0
1074480 740.3
1074490 740.3
1074500 740.6
1074510 740.7
1074520 740.7
1074530 739.1
1074540 734.9
1074550 734.9
1074560 728.8
1074570 722.7
1074580 722.7
1074590 716.9
1074600 711.3
1074610 711.3
1074620 707.8
1074630 707.3
1074640 707.3
1074650 708.9
1074660 709.9
1074670 710.4
1074680 710.4
1074690 710.8
1074700 711.1
1074710 711.1
1074720 711.8
1074730 713.8
1074740 712.7
1074750 713.7
1074760 715.1
1074770 715.1
1074780 717.3
1074790 719.5
1074800 719.5
1074810 720.0
1074820 718.5
1074830 718.5
1074840 716.7
1074850 714.8
1074860 714.8
1074870 713.4
1074880 711.5
1074890 711.5
1074900 708.7
1074910 706.3
1074920 706.3
1074930 704.1
1074940 700.6
1074950 696.8
1074960 696.8
1074970 692.8
1074980 689.0
1074990 689.0
1075000 685.1
1075010 682.2
1075020 682.2
1075030 679.5
1075040 677.0
1075050 680.8
1075060 678.7
1075070 675.7
1075080 675.7
1075090 672.5
1075100 669.0
1075110 669.0
1075120 665.4
1075130 661.6
1075140 661.6
1075150 656.5
1075160 651.2
1075170 651.2
1075180 646.6
1075190 643.1
1075200 639.6
1075210 639.6
1075220 634.6
1075230 629.8
1075240 629.8
1075250 626.3
1075260 623.8
1075270 623.8
1075280 621.4
1075290 619.4
1075300 619.4
1075310 619.1
1075320 619.1
1075330 619.1
1075340 618.2
1075350 617.2
1075360 618.8
1075370 617.8
1075380 616.7
1075390 616.7
1075400 614.3
1075410 612.3
1075420 612.3
1075430 609.7
1075440 608.0
1075450 606.1
1075460 606.1
1075470 600.1
1075480 593.8
1075490 593.8
1075500 587.2
1075510 581.1
1075520 581.1
1075530 578.7
1075540 574.0
1075550 574.0
1075560 566.4
1075570 560.4
1075580 560.4
1075590 556.7
1075600 555.7
1075610 555.7
1075620 557.7
1075630 573.3
1075640 573.3
1075650 581.9
1075660 583.6
1075670 588.7
1075680 588.0
1075690 585.7
1075700 584.0
1075710 584.0
1075720 582.2
1075730 580.9
1075740 580.9
1075750 579.8
1075760 578.5
1075770 578.5
1075780 576.4
1075790 573.9
1075800 573.9
1075810 571.4
1075820 569.5
1075830 569.5
1075840 568.1
1075850 566.7
1075860 566.7
1075870 566.0
1075880 565.6
1075890 565.6
1075900 565.5
1075910 564.7
1075920 564.7
1075930 562.8
1075940 561.3
1075950 560.1
1075960 560.1
1075970 558.9
1075980 560.6
1075990 560.6
1076000 559.2
1076010 558.0
1076020 558.0
1076030 556.0
1076040 554.0
1076050 554.0
1076060 552.3
1076070 550.1
1076080 550.1
1076090 547.9
1076100 546.7
1076110 546.7
1076120 544.9
1076130 542.7
1076140 542.7
1076150 541.6
1076160 540.6
1076170 540.6
1076180 538.6
1076190 535.6
1076200 531.1
1076210 531.1
1076220 527.7
1076230 526.2
1076240 526.2
1076250 524.8
1076260 523.6
1076270 523.6
1076280 522.5
1076290 524.4
1076300 524.4
1076310 522.9
1076320 521.3
1076330 521.3
1076340 519.3
1076350 517.9
1076360 517.9
1076370 516.7
1076380 515.7
1076390 515.7
1076400 515.0
1076410 515.3
1076420 515.3
1076430 517.0
1076440 518.7
1076450 518.7
1076460 521.5
1076470 522.8
1076480 521.4
1076490 521.4
1076500 519.3
1076510 517.7
1076520 517.7
1076530 516.5
1076540 515.0
1076550 515.0
1076560 514.0
1076570 513.4
1076580 513.4
1076590 512.8
1076600 512.3
1076610 512.2
1076620 511.5
1076630 510.8
1076640 510.8
1076650 510.2
1076660 509.3
1076670 509.3
1076680 508.4
1076690 507.3
1076700 507.3
1076710 506.5
1076720 505.9
1076730 505.0
1076740 505.0
1076750 503.9
1076760 502.8
1076770 502.8
1076780 501.8
1076790 500.2
1076800 500.2
1076810 499.3
1076820 498.5
1076830 498.5
1076840 496.9
1076850 494.5
1076860 494.5
1076870 492.3
1076880 491.2
1076890 491.2
1076900 490.6
1076910 490.2
1076920 490.4
1076930 490.1
1076940 490.1
1076950 490.1
1076960 490.4
1076970 490.1
1076980 490.0
1076990 490.0
1077000 490.0
1077010 490.0
1077020 490.0
1077030 490.0
1077040 490.0
1077050 490.0
1077060 490.1
1077070 490.2
1077080 490.2
1077090 490.3
1077100 490.4
1077110 490.4
1077120 490.4
1077130 490.5
1077140 490.5
1077150 490.6
1077160 490.7
1077170 490.7
1077180 490.8
1077190 490.7
1077200 490.7
1077210 490.5
1077220 490.4
1077230 490.4
1077240 490.4
1077250 490.2
1077260 490.0
1077270 490.0
1077280 490.0
1077290 490.1
1077300 490.1
1077310 490.3
1077320 490.8
1077330 490.8
1077340 490.9
1077350 490.8
1077360 490.8
1077370 490.7
1077380 490.6
1077390 490.6
1077400 490.4
1077410 490.3
1077420 490.3
1077430 490.4
1077440 490.5
1077450 490.5
1077460 490.5
1077470 490.5
1077480 490.6
1077490 490.6
1077500 491.2
1077510 491.7
1077520 491.7
1077530 491.6
1077540 491.8
1077550 491.8
1077560 491.7
1077570 491.1
1077580 491.1
1077590 490.8
1077600 490.8
1077610 490.8
1077620 490.3
1077630 490.1
1077640 490.1
1077650 490.0
1077660 490.3
1077670 490.3
1077680 490.5
1077690 490.6
1077700 490.6
1077710 490.5
1077720 490.4
1077730 490.4
1077740 490.4
1077750 490.3
1077760 490.3
1077770 490.3
1077780 490.2
1077790 490.2
1077800 490.2
1077810 490.3
1077820 490.4
1077830 490.4
1077840 490.5
1077850 490.5
1077860 490.5
1077870 490.6
1077880 490.7
1077890 490.7
1077900 490.8
1077910 490.9
1077920 490.9
1077930 491.0
1077940 491.1
1077950 491.1
1077960 491.1
1077970 491.2
1077980 491.2
1077990 491.3
1078000 491.3
1078010 491.4
1078020 491.4
1078030 491.5
1078040 491.5
1078050 491.5
1078060 491.5
1078070 491.5
1078080 491.5
1078090 491.5
1078100 491.6
1078110 491.6
1078120 491.7
1078130 491.8
1078140 491.8
1078150 491.9
1078160 492.0
1078170 492.0
1078180 492.0
1078190 492.1
1078200 492.1
1078210 492.2
1078220 492.3
1078230 492.3
1078240 492.3
1078250 492.4
1078260 492.5
1078270 492.5
1078280 492.5
1078290 492.6
1078300 492.6
1078310 492.6
1078320 492.6
1078330 492.6
1078340 492.5
1078350 492.6
1078360 492.6
1078370 492.7
1078380 492.9
1078390 492.9
1078400 493.0
1078410 493.1
1078420 493.1
1078430 493.1
1078440 493.1
1078450 493.1
1078460 493.1
1078470 493.3
1078480 493.1
1078490 493.3
1078500 493.5
1078510 493.4
1078520 493.4
1078530 493.4
1078540 493.5
1078550 493.5
1078560 493.8
1078570 493.8
1078580 493.8
1078590 493.9
1078600 494.1
1078610 494.1
1078620 494.6
1078630 494.8
1078640 494.8
1078650 494.2
1078660 492.7
1078670 492.7
1078680 491.4
1078690 490.9
1078700 490.9
1078710 490.8
1078720 490.9
1078730 490.9
1078740 490.9
1078750 491.2
1078760 492.3
1078770 492.3
1078780 493.6
1078790 491.9
1078800 491.9
1078810 493.0
1078820 494.3
1078830 494.3
1078840 495.7
1078850 496.8
1078860 496.8
1078870 497.2
1078880 497.2
1078890 497.2
1078900 497.1
1078910 497.0
1078920 497.0
1078930 497.0
1078940 497.0
1078950 497.0
1078960 496.9
1078970 496.8
1078980 496.8
1078990 496.6
1079000 495.8
1079010 495.0
1079020 495.0
1079030 494.4
1079040 494.4
1079050 494.4
1079060 494.4
1079070 494.4
1079080 494.4
1079090 494.6
1079100 494.7
1079110 494.4
1079120 494.5
1079130 494.9
1079140 494.9
1079150 495.1
1079160 495.1
1079170 495.1
1079180 494.9
1079190 494.8
1079200 494.8
1079210 494.8
1079220 494.7
1079230 494.7
1079240 494.7
1079250 494.5
1079260 494.5
1079270 494.4
1079280 494.5
1079290 494.9
1079300 494.9
1079310 495.3
1079320 495.4
1079330 495.4
1079340 495.4
1079350 495.4
1079360 495.4
1079370 495.4
1079380 495.5
1079390 495.5
1079400 495.6
1079410 495.7
1079420 495.3
1079430 495.4
1079440 495.7
1079450 495.7
1079460 495.9
1079470 496.0
1079480 496.0
1079490 495.9
1079500 495.9
1079510 495.9
1079520 496.0
1079530 495.9
1079540 495.9
1079550 495.9
1079560 495.9
1079570 496.1
1079580 496.1
1079590 496.2
1079600 496.2
1079610 496.2
1079620 496.1
1079630 495.8
1079640 495.8
1079650 495.8
1079660 495.7
1079670 495.7
1079680 495.8
1079690 496.1
1079700 496.1
1079710 496.1
1079720 496.3
1079730 496.3
1079740 496.2
1079750 496.3
1079760 496.3
1079770 496.3
1079780 496.3
1079790 496.3
1079800 496.3
1079810 496.3
1079820 496.3
1079830 496.3
1079840 496.3
1079850 496.0
1079860 496.0
1079870 495.9
1079880 496.1
1079890 496.1
1079900 496.8
1079910 497.4
1079920 497.4
1079930 497.4
1079940 497.5
1079950 497.5
1079960 497.8
1079970 497.9
1079980 497.9
1079990 498.1
