1066050 1457.5
1066060 1457.5
1066070 1454.1
1066080 1449.0
1066090 1449.0
1066100 1446.5
1066110 1449.6
1066120 1449.6
1066130 1456.1
1066140 1465.8
1066150 1476.6
1066160 1476.6
1066170 1487.9
1066180 1497.7
1066190 1497.7
1066200 1505.3
1066210 1514.8
1066220 1514.8
1066230 1521.6
1066240 1524.7
1066250 1524.7
1066260 1526.6
1066270 1530.6
1066280 1530.6
1066290 1536.2
1066300 1542.7
1066310 1542.7
1066320 1551.2
1066330 1558.2
1066340 1558.2
1066350 1561.5
1066360 1562.3
1066370 1562.3
1066380 1558.8
1066390 1556.2
1066400 1553.3
1066410 1553.3
1066420 1550.3
1066430 1547.1
1066440 1547.1
1066450 1544.4
1066460 1541.9
1066470 1541.9
1066480 1540.4
1066490 1538.6
1066500 1538.6
1066510 1536.1
1066520 1532.4
1066530 1532.4
1066540 1528.4
1066550 1523.8
1066560 1523.8
1066570 1519.0
1066580 1513.9
1066590 1513.9
1066600 1508.6
1066610 1503.3
1066620 1503.3
1066630 1497.9
1066640 1492.7
1066650 1487.4
1066660 1492.1
1066670 1487.0
1066680 1481.5
1066690 1481.5
1066700 1475.9
1066710 1471.2
1066720 1471.2
1066730 1465.6
1066740 1460.1
1066750 1460.1
1066760 1454.2
1066770 1447.4
1066780 1447.4
1066790 1440.7
1066800 1433.4
1066810 1433.4
1066820 1429.3
1066830 1429.5
1066840 1429.5
1066850 1429.1
1066860 1426.7
1066870 1426.7
1066880 1422.8
1066890 1418.4
1066900 1418.4
1066910 1416.0
1066920 1414.9
1066930 1412.8
1066940 1412.8
1066950 1411.0
1066960 1416.8
1066970 1416.8
1066980 1415.8
1066990 1414.0
1067000 1414.0
1067010 1411.1
1067020 1408.1
1067030 1408.1
1067040 1405.0
1067050 1403.0
1067060 1403.0
1067070 1401.5
1067080 1399.7
1067090 1399.7
1067100 1397.8
1067110 1395.6
1067120 1395.6
1067130 1392.3
1067140 1385.8
1067150 1385.8
1067160 1376.8
1067170 1367.7
1067180 1358.5
1067190 1358.5
1067200 1349.0
1067210 1339.5
1067220 1339.5
1067230 1329.9
1067240 1320.2
1067250 1320.2
1067260 1311.6
1067270 1306.1
1067280 1306.1
1067290 1298.3
1067300 1290.3
1067310 1290.3
1067320 1282.2
1067330 1274.5
1067340 1274.5
1067350 1267.4
1067360 1260.4
1067370 1260.4
1067380 1253.4
1067390 1247.4
1067400 1247.4
1067410 1241.2
1067420 1234.9
1067430 1228.8
1067440 1228.8
1067450 1222.9
1067460 1217.7
1067470 1217.7
1067480 1212.8
1067490 1207.6
1067500 1207.6
1067510 1202.6
1067520 1198.2
1067530 1198.2
1067540 1194.0
1067550 1189.3
1067560 1189.3
1067570 1184.3
1067580 1180.1
1067590 1180.1
1067600 1176.3
1067610 1172.7
1067620 1172.7
1067630 1169.4
1067640 1165.1
1067650 1165.1
1067660 1158.9
1067670 1153.3
1067680 1147.8
1067690 1147.8
1067700 1141.7
1067710 1135.7
1067720 1135.7
1067730 1129.6
1067740 1123.7
1067750 1123.7
1067760 1117.8
1067770 1111.9
1067780 1111.9
1067790 1105.6
1067800 1099.1
1067810 1099.1
1067820 1091.8
1067830 1085.2
1067840 1085.2
1067850 1078.8
1067860 1073.0
1067870 1073.0
1067880 1067.3
1067890 1067.1
1067900 1067.1
1067910 1064.6
1067920 1060.2
1067930 1054.7
1067940 1054.7
1067950 1047.5
1067960 1040.2
1067970 1040.2
1067980 1035.6
1067990 1031.8
1068000 1031.8
1068010 1030.3
1068020 1027.6
1068030 1027.6
1068040 1022.4
1068050 1015.8
1068060 1015.8
1068070 1007.7
1068080 1001.8
1068090 1001.8
1068100 994.3
1068110 988.3
1068120 988.3
1068130 982.7
1068140 979.4
1068150 979.4
1068160 975.7
1068170 970.8
1068180 963.3
1068190 963.3
1068200 958.6
1068210 955.0
1068220 955.0
1068230 949.3
1068240 942.5
1068250 942.5
1068260 937.6
1068270 929.6
1068280 929.6
1068290 922.1
1068300 917.7
1068310 917.7
1068320 912.8
1068330 908.4
1068340 908.4
1068350 905.0
1068360 900.9
1068370 900.9
1068380 895.6
1068390 890.4
1068400 890.4
1068410 885.8
1068420 882.3
1068430 882.3
1068440 879.4
1068450 875.5
1068460 870.3
1068470 870.3
1068480 864.8
1068490 860.5
1068500 860.5
1068510 856.6
1068520 852.0
1068530 852.0
1068540 848.0
1068550 844.5
1068560 844.5
1068570 842.2
1068580 840.8
1068590 840.8
1068600 840.0
1068610 837.5
1068620 837.5
1068630 832.9
1068640 827.6
1068650 827.6
1068660 821.4
1068670 814.3
1068680 814.3
1068690 812.7
1068700 814.1
1068710 815.1
1068720 815.1
1068730 814.4
1068740 810.5
1068750 810.5
1068760 807.3
1068770 803.8
1068780 803.8
1068790 801.5
1068800 794.7
1068810 794.7
1068820 792.7
1068830 792.3
1068840 792.3
1068850 790.2
1068860 786.2
1068870 786.2
1068880 783.6
1068890 780.5
1068900 780.5
1068910 775.1
1068920 767.7
1068930 767.7
1068940 761.7
1068950 758.0
1068960 754.6
1068970 754.6
1068980 751.1
1068990 746.9
1069000 746.9
1069010 741.4
1069020 734.3
1069030 734.3
1069040 726.1
1069050 718.6
1069060 718.6
1069070 712.3
1069080 705.2
1069090 705.2
1069100 695.7
1069110 688.5
1069120 688.5
1069130 681.3
1069140 674.2
1069150 674.2
1069160 671.3
1069170 665.8
1069180 665.8
1069190 664.3
1069200 664.1
1069210 664.4
1069220 664.4
1069230 664.9
1069240 664.3
1069250 664.3
1069260 664.6
1069270 664.3
1069280 664.3
1069290 663.5
1069300 674.1
1069310 674.1
1069320 691.5
1069330 697.4
1069340 697.4
1069350 706.1
1069360 712.0
1069370 712.0
1069380 723.1
1069390 732.0
1069400 732.0
1069410 744.7
1069420 750.7
1069430 750.7
1069440 754.7
1069450 759.0
1069460 762.8
1069470 762.8
1069480 765.6
1069490 767.5
1069500 767.5
1069510 772.2
1069520 777.4
1069530 777.4
1069540 783.8
1069550 791.0
1069560 791.0
1069570 797.2
1069580 803.4
1069590 803.4
1069600 809.2
1069610 815.5
1069620 815.5
1069630 821.8
1069640 828.0
1069650 828.0
1069660 832.9
1069670 839.1
1069680 839.1
1069690 843.5
1069700 845.4
1069710 844.4
1069720 845.6
1069730 840.4
1069740 835.3
1069750 835.3
1069760 830.4
1069770 827.7
1069780 827.7
1069790 824.8
1069800 820.6
1069810 820.6
1069820 812.5
1069830 813.3
1069840 813.3
1069850 822.4
1069860 828.4
1069870 828.4
1069880 836.5
1069890 842.9
1069900 842.9
1069910 849.7
1069920 855.8
1069930 855.8
1069940 862.0
1069950 867.4
1069960 867.4
1069970 873.3
1069980 878.1
1069990 881.3
1070000 881.3
1070010 881.3
1070020 886.1
1070030 886.1
1070040 888.6
1070050 890.1
1070060 890.1
1070070 891.6
1070080 894.2
1070090 894.2
1070100 899.4
1070110 903.3
1070120 903.3
1070130 905.6
1070140 910.1
1070150 910.1
1070160 916.1
1070170 920.6
1070180 920.6
1070190 925.1
1070200 930.7
1070210 930.7
1070220 933.3
1070230 934.3
1070240 937.0
1070250 937.0
1070260 941.0
1070270 943.4
1070280 943.4
1070290 945.8
1070300 948.6
1070310 948.6
1070320 952.1
1070330 957.1
1070340 957.1
1070350 960.8
1070360 964.6
1070370 964.6
1070380 968.8
1070390 972.9
1070400 972.9
1070410 976.8
1070420 980.6
1070430 980.6
1070440 982.9
1070450 982.7
1070460 982.7
1070470 981.1
1070480 979.8
1070490 981.3
1070500 981.3
1070510 981.9
1070520 985.8
1070530 985.8
1070540 987.6
1070550 989.1
1070560 989.1
1070570 991.8
1070580 994.0
1070590 994.0
1070600 997.5
1070610 1001.3
1070620 1001.3
1070630 1007.3
1070640 1010.8
1070650 1010.8
1070660 1014.8
1070670 1018.5
1070680 1018.5
1070690 1022.2
1070700 1026.4
1070710 1026.4
1070720 1032.0
1070730 1037.7
1070740 1043.8
1070750 1043.8
1070760 1049.7
1070770 1055.1
1070780 1055.1
1070790 1058.0
1070800 1057.2
1070810 1057.2
1070820 1055.8
1070830 1054.7
1070840 1054.7
1070850 1054.1
1070860 1053.6
1070870 1053.6
1070880 1052.9
1070890 1052.6
1070900 1052.6
1070910 1051.4
1070920 1050.3
1070930 1050.3
1070940 1050.8
1070950 1050.1
1070960 1050.1
1070970 1049.2
1070980 1048.9
1070990 1048.5
1071000 1048.5
1071010 1047.5
1071020 1045.1
1071030 1045.1
1071040 1045.3
1071050 1045.1
1071060 1045.1
1071070 1043.5
1071080 1043.0
1071090 1043.0
1071100 1044.6
1071110 1045.5
1071120 1045.5
1071130 1046.6
1071140 1047.9
1071150 1047.9
1071160 1047.9
1071170 1047.3
1071180 1047.3
1071190 1046.8
1071200 1046.9
1071210 1046.9
1071220 1046.9
1071230 1047.4
1071240 1047.4
1071250 1052.4
1071260 1053.4
1071270 1053.4
1071280 1053.4
1071290 1053.3
1071300 1052.8
1071310 1052.8
1071320 1051.2
1071330 1051.2
1071340 1051.2
1071350 1051.3
1071360 1051.2
1071370 1051.2
1071380 1051.9
1071390 1052.1
1071400 1052.1
1071410 1052.7
1071420 1052.6
1071430 1052.6
1071440 1053.8
1071450 1053.4
1071460 1053.4
1071470 1054.3
1071480 1055.1
1071490 1055.1
1071500 1055.4
1071510 1055.8
1071520 1056.0
1071530 1056.0
1071540 1055.8
1071550 1055.7
1071560 1061.6
1071570 1060.6
1071580 1061.3
1071590 1061.3
1071600 1061.5
1071610 1061.5
1071620 1061.5
1071630 1062.2
1071640 1062.2
1071650 1062.2
1071660 1062.3
1071670 1061.9
1071680 1061.9
1071690 1062.2
1071700 1061.8
1071710 1061.8
1071720 1061.3
1071730 1060.0
1071740 1060.0
1071750 1059.1
1071760 1058.7
1071770 1058.6
1071780 1058.6
1071790 1058.5
1071800 1058.2
1071810 1058.2
1071820 1057.5
1071830 1056.5
1071840 1056.5
1071850 1055.7
1071860 1059.9
1071870 1059.9
1071880 1057.7
1071890 1056.3
1071900 1056.3
1071910 1055.0
1071920 1052.7
1071930 1052.7
1071940 1050.8
1071950 1048.3
1071960 1048.3
1071970 1047.4
1071980 1045.8
1071990 1045.8
1072000 1043.6
1072010 1041.5
1072020 1039.7
1072030 1039.7
1072040 1037.7
1072050 1035.7
1072060 1035.7
1072070 1033.7
1072080 1031.0
1072090 1031.0
1072100 1028.4
1072110 1025.8
1072120 1025.8
1072130 1023.4
1072140 1021.7
1072150 1021.7
1072160 1019.7
1072170 1020.3
1072180 1020.3
1072190 1018.1
1072200 1015.7
1072210 1015.7
1072220 1013.2
1072230 1010.2
1072240 1010.2
1072250 1006.9
1072260 1004.0
1072270 1001.3
1072280 1001.3
1072290 999.5
1072300 998.1
1072310 998.1
1072320 996.0
1072330 994.7
1072340 994.7
1072350 993.8
1072360 993.6
1072370 993.6
1072380 993.8
1072390 993.7
1072400 993.7
1072410 993.4
1072420 993.3
1072430 993.3
1072440 993.3
1072450 992.8
1072460 992.8
1072470 992.4
1072480 993.7
1072490 993.7
1072500 995.5
1072510 996.3
1072520 996.3
1072530 997.2
1072540 998.8
1072550 999.9
1072560 999.9
1072570 999.9
1072580 999.9
1072590 999.9
1072600 998.9
1072610 997.6
1072620 997.6
1072630 996.1
1072640 994.4
1072650 994.4
1072660 992.5
1072670 990.3
1072680 990.3
1072690 987.9
1072700 985.5
1072710 985.5
1072720 983.5
1072730 981.5
1072740 981.5
1072750 978.6
1072760 976.3
1072770 976.3
1072780 976.8
1072790 978.4
1072800 978.7
1072810 978.7
1072820 978.2
1072830 976.7
1072840 976.7
1072850 973.5
1072860 969.9
1072870 969.9
1072880 967.4
1072890 965.7
1072900 965.7
1072910 965.3
1072920 963.6
1072930 963.6
1072940 961.8
1072950 960.9
1072960 960.9
1072970 959.7
1072980 956.5
1072990 956.5
1073000 952.6
1073010 949.6
1073020 949.6
1073030 946.8
1073040 944.3
1073050 942.3
1073060 942.3
1073070 940.8
1073080 939.7
1073090 939.7
1073100 937.3
1073110 936.6
1073120 936.6
1073130 936.6
1073140 937.0
1073150 937.0
1073160 936.8
1073170 936.3
1073180 936.3
1073190 935.9
1073200 935.1
1073210 935.1
1073220 932.5
1073230 928.6
1073240 928.6
1073250 924.8
1073260 922.2
1073270 922.2
1073280 919.8
1073290 918.5
1073300 918.7
1073310 918.7
1073320 918.6
1073330 918.2
1073340 918.2
1073350 917.5
1073360 917.3
1073370 917.3
1073380 917.4
1073390 918.2
1073400 918.2
1073410 918.8
1073420 918.9
1073430 918.9
1073440 918.9
1073450 918.8
1073460 918.8
1073470 918.5
1073480 918.4
1073490 918.4
1073500 919.1
1073510 921.9
1073520 921.9
1073530 924.5
1073540 925.6
1073550 926.0
1073560 926.0
1073570 927.3
1073580 929.7
1073590 929.7
1073600 933.1
1073610 936.6
1073620 936.6
1073630 939.5
1073640 940.8
1073650 940.8
1073660 940.9
1073670 939.9
1073680 939.9
1073690 937.8
1073700 935.5
1073710 935.5
1073720 931.3
1073730 928.5
1073740 928.5
1073750 925.8
1073760 923.3
1073770 923.3
1073780 920.9
1073790 917.9
1073800 914.1
1073810 914.1
1073820 910.0
1073830 905.8
1073840 905.8
1073850 901.4
1073860 897.1
1073870 897.1
1073880 892.9
1073890 890.3
1073900 890.3
1073910 888.6
1073920 887.1
1073930 887.1
1073940 885.2
1073950 882.8
1073960 882.8
1073970 879.8
1073980 876.2
1073990 876.2
1074000 871.1
1074010 865.2
1074020 865.2
1074030 858.6
1074040 852.3
1074050 852.3
1074060 845.5
1074070 839.0
1074080 832.5
1074090 832.5
1074100 826.3
1074110 823.0
1074120 823.0
1074130 818.3
1074140 813.6
1074150 813.6
1074160 809.5
1074170 805.4
1074180 805.4
1074190 799.7
1074200 794.4
1074210 794.4
1074220 790.3
1074230 788.2
1074240 788.2
1074250 782.8
1074260 780.5
1074270 780.5
1074280 780.2
1074290 780.8
1074300 780.8
1074310 780.3
1074320 776.3
1074330 773.0
1074340 770.6
1074350 767.4
1074360 762.7
1074370 762.7
1074380 756.4
1074390 750.7
1074400 750.7
1074410 747.2
1074420 744.2
1074430 744.2
1074440 742.7
1074450 740.6
1074460 740.6
1074470 737.4
1074480 735.6
1074490 735.6
1074500 734.9
1074510 734.3
1074520 734.3
1074530 732.0
1074540 727.9
1074550 727.9
1074560 724.7
1074570 722.8
1074580 722.3
1074590 722.3
1074600 721.8
1074610 721.6
1074620 721.6
1074630 721.3
1074640 719.7
1074650 719.1
1074660 718.8
1074670 718.7
1074680 718.7
1074690 718.3
1074700 718.8
1074710 718.8
1074720 720.5
1074730 722.8
1074740 722.8
1074750 725.9
1074760 729.5
1074770 729.5
1074780 732.0
1074790 733.8
1074800 733.8
1074810 734.5
1074820 733.7
1074830 732.3
1074840 732.3
1074850 731.2
1074860 729.8
1074870 729.8
1074880 728.4
1074890 726.4
1074900 726.4
1074910 723.7
1074920 721.0
1074930 721.0
1074940 718.8
1074950 716.0
1074960 716.1
1074970 713.4
1074980 710.1
1074990 710.1
1075000 705.9
1075010 701.8
1075020 701.8
1075030 698.7
1075040 696.6
1075050 696.6
1075060 695.1
1075070 696.7
1075080 698.7
1075090 698.7
1075100 700.1
1075110 700.5
1075120 700.5
1075130 700.7
1075140 700.8
1075150 700.8
1075160 699.6
1075170 696.7
1075180 696.7
1075190 692.3
1075200 688.2
1075210 688.2
1075220 683.6
1075230 680.6
1075240 680.6
1075250 680.0
1075260 678.4
1075270 681.0
1075280 679.5
1075290 677.0
1075300 677.0
1075310 673.4
1075320 668.9
1075330 663.8
1075340 663.8
1075350 659.5
1075360 655.3
1075370 655.3
1075380 652.2
1075390 649.4
1075400 649.4
1075410 646.7
1075420 640.4
1075430 640.4
1075440 628.7
1075450 617.3
1075460 617.3
1075470 606.3
1075480 595.7
1075490 595.7
1075500 586.4
1075510 575.8
1075520 575.8
1075530 572.5
1075540 580.6
1075550 580.6
1075560 616.7
1075570 624.0
1075580 617.8
1075590 632.1
1075600 639.9
1075610 646.1
1075620 646.1
1075630 652.5
1075640 658.3
1075650 658.3
1075660 660.7
1075670 659.5
1075680 659.5
1075690 657.4
1075700 657.0
1075710 657.0
1075720 656.4
1075730 653.7
1075740 653.7
1075750 652.1
1075760 651.1
1075770 651.1
1075780 650.6
1075790 650.0
1075800 650.0
1075810 648.2
1075820 643.7
1075830 643.7
1075840 638.5
1075850 636.3
1075860 636.3
1075870 636.3
1075880 638.5
1075890 642.1
1075900 642.1
1075910 642.3
1075920 642.3
1075930 642.3
1075940 641.3
1075950 641.2
1075960 641.2
1075970 641.1
1075980 640.8
1075990 640.8
1076000 640.7
1076010 640.7
1076020 640.7
1076030 640.4
1076040 640.1
1076050 640.1
1076060 639.5
1076070 639.4
1076080 639.4
1076090 637.9
1076100 634.7
1076110 631.0
1076120 631.0
1076130 629.7
1076140 629.9
1076150 629.9
1076160 628.5
1076170 625.4
1076180 625.4
1076190 622.8
1076200 629.0
1076210 629.0
1076220 629.0
1076230 626.9
1076240 626.9
1076250 625.3
1076260 623.6
1076270 623.6
1076280 621.4
1076290 617.9
1076300 617.9
1076310 614.1
1076320 610.0
1076330 610.0
1076340 606.1
1076350 601.2
1076360 596.2
1076370 596.2
1076380 591.0
1076390 585.9
1076400 585.9
1076410 581.4
1076420 577.6
1076430 577.6
1076440 574.5
1076450 572.0
1076460 572.0
1076470 570.3
1076480 568.1
1076490 568.1
1076500 565.9
1076510 570.6
1076520 570.6
1076530 568.9
1076540 566.9
1076550 566.9
1076560 565.0
1076570 563.0
1076580 563.0
1076590 561.3
1076600 560.6
1076610 561.8
1076620 561.8
1076630 563.4
1076640 563.6
1076650 563.6
1076660 563.2
1076670 562.6
1076680 562.6
1076690 561.7
1076700 561.0
1076710 561.0
1076720 561.3
1076730 562.4
1076740 562.4
1076750 562.8
1076760 562.9
1076770 562.9
1076780 563.0
1076790 561.5
1076800 561.5
1076810 558.3
1076820 556.0
1076830 560.0
1076840 558.8
1076850 559.0
1076860 555.9
1076870 555.9
1076880 551.9
1076890 550.0
1076900 550.0
1076910 548.7
1076920 547.9
1076930 547.9
1076940 546.9
1076950 545.5
1076960 545.5
1076970 544.6
1076980 544.0
1076990 544.0
1077000 543.6
1077010 543.4
1077020 543.4
1077030 543.6
1077040 544.2
1077050 544.2
1077060 544.8
1077070 544.2
1077080 544.2
1077090 542.5
1077100 541.8
1077110 541.8
1077120 541.9
1077130 542.5
1077140 547.6
1077150 547.6
1077160 548.3
1077170 548.5
1077180 548.5
1077190 545.9
1077200 541.2
1077210 541.2
1077220 537.5
1077230 534.4
1077240 534.4
1077250 530.2
1077260 528.0
1077270 528.0
1077280 525.6
1077290 522.3
1077300 522.3
1077310 519.6
1077320 518.6
1077330 518.6
1077340 517.8
1077350 515.8
1077360 515.8
1077370 512.6
1077380 510.7
1077390 509.9
1077400 509.9
1077410 506.4
1077420 504.2
1077430 504.2
1077440 503.0
1077450 505.8
1077460 505.8
1077470 503.1
1077480 500.7
1077490 500.7
1077500 497.6
1077510 496.1
1077520 496.1
1077530 495.4
1077540 494.9
1077550 494.9
1077560 493.9
1077570 492.8
1077580 492.8
1077590 492.3
1077600 491.9
1077610 491.9
1077620 491.7
1077630 491.6
1077640 491.6
1077650 491.6
1077660 491.5
1077670 491.4
1077680 491.4
1077690 491.3
1077700 491.2
1077710 491.2
1077720 491.0
1077730 491.0
1077740 491.0
1077750 491.2
1077760 491.4
1077770 491.4
1077780 491.6
1077790 492.2
1077800 492.2
1077810 492.4
1077820 492.3
1077830 492.3
1077840 492.3
1077850 492.3
1077860 492.3
1077870 492.5
1077880 492.5
1077890 492.2
1077900 492.2
1077910 491.9
1077920 492.0
1077930 492.0
1077940 492.1
1077950 492.3
1077960 492.3
1077970 492.5
1077980 492.7
1077990 492.7
1078000 492.5
1078010 492.0
1078020 492.0
1078030 492.0
1078040 492.2
1078050 492.2
1078060 492.4
1078070 492.5
1078080 492.5
1078090 492.5
1078100 492.5
1078110 492.5
1078120 492.6
1078130 492.6
1078140 492.6
1078150 492.6
1078160 492.8
1078170 492.9
1078180 492.9
1078190 493.0
1078200 493.0
1078210 493.0
1078220 493.1
1078230 493.1
1078240 493.1
1078250 493.4
1078260 493.8
1078270 493.8
1078280 494.3
1078290 494.5
1078300 494.5
1078310 494.3
1078320 494.0
1078330 494.0
1078340 493.4
1078350 493.3
1078360 493.3
1078370 493.3
1078380 493.3
1078390 493.4
1078400 493.4
1078410 493.3
1078420 493.2
1078430 493.2
1078440 493.2
1078450 493.3
1078460 493.3
1078470 493.3
1078480 493.4
1078490 493.4
1078500 493.4
1078510 493.4
1078520 493.4
1078530 493.5
1078540 493.4
1078550 493.4
1078560 493.3
1078570 493.2
1078580 493.2
1078590 493.2
1078600 493.2
1078610 493.2
1078620 493.2
1078630 493.3
1078640 493.3
1078650 493.4
1078660 493.8
1078670 494.4
1078680 494.4
1078690 494.9
1078700 494.9
1078710 494.9
1078720 495.3
1078730 495.4
1078740 495.4
1078750 495.3
1078760 495.0
1078770 495.0
1078780 494.9
1078790 494.7
1078800 494.7
1078810 494.6
1078820 494.7
1078830 494.7
1078840 494.7
1078850 494.7
1078860 494.7
1078870 494.6
1078880 494.6
1078890 494.6
1078900 495.0
1078910 495.6
1078920 494.9
1078930 494.9
1078940 494.7
1078950 494.6
1078960 494.6
1078970 494.6
1078980 494.5
1078990 494.5
1079000 494.6
1079010 494.7
1079020 494.7
1079030 495.8
1079040 496.2
1079050 496.2
1079060 494.5
1079070 494.5
1079080 494.5
1079090 494.7
1079100 494.7
1079110 494.7
1079120 494.7
1079130 494.7
1079140 494.7
1079150 494.8
1079160 494.9
1079170 495.5
1079180 495.5
1079190 495.7
1079200 495.2
1079210 495.2
1079220 495.2
1079230 495.1
1079240 495.1
1079250 495.0
1079260 495.0
1079270 495.0
1079280 495.0
1079290 495.1
1079300 495.1
1079310 495.1
1079320 495.7
1079330 495.5
1079340 496.9
1079350 497.9
1079360 497.9
1079370 496.9
1079380 496.7
1079390 496.7
1079400 496.5
1079410 496.4
1079420 496.5
1079430 496.5
1079440 496.6
1079450 496.7
1079460 496.7
1079470 496.9
1079480 497.1
1079490 497.1
1079500 497.3
1079510 497.5
1079520 497.5
1079530 497.6
1079540 497.5
1079550 497.5
1079560 497.3
1079570 496.8
1079580 496.8
1079590 496.1
1079600 495.7
1079610 495.7
1079620 495.0
1079630 494.5
1079640 497.6
1079650 497.5
1079660 497.0
1079670 496.2
1079680 496.2
1079690 495.5
1079700 494.6
1079710 494.6
1079720 494.1
1079730 494.1
1079740 494.1
1079750 494.1
1079760 494.2
1079770 494.2
1079780 494.3
1079790 494.4
1079800 494.4
1079810 494.4
1079820 494.5
1079830 494.5
1079840 494.5
1079850 494.6
1079860 494.6
1079870 494.6
1079880 494.7
1079890 494.7
1079900 494.7
1079910 494.8
1079920 495.1
1079930 495.1
1079940 495.3
1079950 495.8
1079960 494.9
1079970 495.0
1079980 495.1
1079990 495.1
