1066560 1250.5
1066570 1248.2
1066580 1248.2
1066590 1248.2
1066600 1247.6
1066610 1247.6
1066620 1246.7
1066630 1248.5
1066640 1248.5
1066650 1255.7
1066660 1263.8
1066670 1263.8
1066680 1267.7
1066690 1273.2
1066700 1280.4
1066710 1280.4
1066720 1286.0
1066730 1294.2
1066740 1294.2
1066750 1303.1
1066760 1309.9
1066770 1309.9
1066780 1314.8
1066790 1320.1
1066800 1320.1
1066810 1326.3
1066820 1349.3
1066830 1349.3
1066840 1356.0
1066850 1360.8
1066860 1360.8
1066870 1364.4
1066880 1367.6
1066890 1367.6
1066900 1370.7
1066910 1373.1
1066920 1373.1
1066930 1376.5
1066940 1378.5
1066950 1378.5
1066960 1378.5
1066970 1376.4
1066980 1372.5
1066990 1372.5
1067000 1369.3
1067010 1366.2
1067020 1366.2
1067030 1363.5
1067040 1361.1
1067050 1361.1
1067060 1358.5
1067070 1356.0
1067080 1356.0
1067090 1353.0
1067100 1350.2
1067110 1350.2
1067120 1347.5
1067130 1339.9
1067140 1339.9
1067150 1337.3
1067160 1334.8
1067170 1334.8
1067180 1332.4
1067190 1330.8
1067200 1329.6
1067210 1329.6
1067220 1328.4
1067230 1326.8
1067240 1326.8
1067250 1325.0
1067260 1323.1
1067270 1323.1
1067280 1321.5
1067290 1319.5
1067300 1319.5
1067310 1317.7
1067320 1315.4
1067330 1315.4
1067340 1312.2
1067350 1308.4
1067360 1308.4
1067370 1303.5
1067380 1297.9
1067390 1297.9
1067400 1292.0
1067410 1285.5
1067420 1285.5
1067430 1277.2
1067440 1271.0
1067450 1271.0
1067460 1265.0
1067470 1258.8
1067480 1251.8
1067490 1251.8
1067500 1244.6
1067510 1237.1
1067520 1237.1
1067530 1229.8
1067540 1223.2
1067550 1223.2
1067560 1216.7
1067570 1210.2
1067580 1210.2
1067590 1203.6
1067600 1196.8
1067610 1196.8
1067620 1189.9
1067630 1182.6
1067640 1182.6
1067650 1174.4
1067660 1165.7
1067670 1165.7
1067680 1158.0
1067690 1150.0
1067700 1150.0
1067710 1141.3
1067720 1133.4
1067730 1126.0
1067740 1126.9
1067750 1117.8
1067760 1110.5
1067770 1110.5
1067780 1105.3
1067790 1101.1
1067800 1101.1
1067810 1094.8
1067820 1088.1
1067830 1088.1
1067840 1085.7
1067850 1087.6
1067860 1087.6
1067870 1088.6
1067880 1088.3
1067890 1088.3
1067900 1086.6
1067910 1085.2
1067920 1085.2
1067930 1082.0
1067940 1076.8
1067950 1076.8
1067960 1072.2
1067970 1066.2
1067980 1064.1
1067990 1064.1
1068000 1070.8
1068010 1075.4
1068020 1075.4
1068030 1080.0
1068040 1075.7
1068050 1075.7
1068060 1077.3
1068070 1078.8
1068080 1078.8
1068090 1080.3
1068100 1082.0
1068110 1082.0
1068120 1082.3
1068130 1083.4
1068140 1083.4
1068150 1082.8
1068160 1081.5
1068170 1081.5
1068180 1080.0
1068190 1079.5
1068200 1079.5
1068210 1080.5
1068220 1082.0
1068230 1083.0
1068240 1083.0
1068250 1081.7
1068260 1080.4
1068270 1080.4
1068280 1080.9
1068290 1081.5
1068300 1081.5
1068310 1082.4
1068320 1083.6
1068330 1083.6
1068340 1084.5
1068350 1076.2
1068360 1076.2
1068370 1074.8
1068380 1072.9
1068390 1072.9
1068400 1071.0
1068410 1069.4
1068420 1069.4
1068430 1067.1
1068440 1065.0
1068450 1065.0
1068460 1062.1
1068470 1059.6
1068480 1059.6
1068490 1057.7
1068500 1055.4
1068510 1051.7
1068520 1051.7
1068530 1048.6
1068540 1046.4
1068550 1046.4
1068560 1043.6
1068570 1041.3
1068580 1041.3
1068590 1038.0
1068600 1034.5
1068610 1034.5
1068620 1031.3
1068630 1027.8
1068640 1027.8
1068650 1018.2
1068660 1013.9
1068670 1013.9
1068680 1009.5
1068690 1004.9
1068700 1004.9
1068710 1000.1
1068720 994.9
1068730 994.9
1068740 989.9
1068750 985.0
1068760 980.7
1068770 980.7
1068780 975.8
1068790 968.4
1068800 968.4
1068810 961.7
1068820 953.2
1068830 953.2
1068840 948.3
1068850 950.2
1068860 950.2
1068870 948.4
1068880 944.1
1068890 944.1
1068900 939.1
1068910 934.4
1068920 934.4
1068930 929.8
1068940 926.0
1068950 926.0
1068960 917.9
1068970 917.0
1068980 917.0
1068990 915.3
1069000 912.5
1069010 908.9
1069020 908.9
1069030 903.8
1069040 899.1
1069050 899.1
1069060 896.2
1069070 894.2
1069080 894.2
1069090 891.6
1069100 889.5
1069110 889.5
1069120 887.6
1069130 886.3
1069140 886.3
1069150 885.3
1069160 885.0
1069170 885.0
1069180 884.7
1069190 882.7
1069200 882.7
1069210 880.0
1069220 876.4
1069230 876.4
1069240 873.1
1069250 871.1
1069260 868.8
1069270 866.3
1069280 865.3
1069290 864.9
1069300 864.9
1069310 863.7
1069320 861.4
1069330 861.4
1069340 858.4
1069350 854.9
1069360 854.9
1069370 851.4
1069380 847.6
1069390 847.6
1069400 843.1
1069410 839.1
1069420 839.1
1069430 834.8
1069440 829.9
1069450 829.9
1069460 825.7
1069470 820.6
1069480 820.6
1069490 815.3
1069500 810.0
1069510 810.0
1069520 805.0
1069530 800.2
1069540 795.5
1069550 795.5
1069560 790.9
1069570 784.9
1069580 784.9
1069590 781.3
1069600 778.1
1069610 778.1
1069620 774.2
1069630 769.4
1069640 769.4
1069650 764.9
1069660 759.8
1069670 759.8
1069680 754.9
1069690 749.4
1069700 749.4
1069710 743.1
1069720 737.6
1069730 737.6
1069740 730.0
1069750 724.0
1069760 724.0
1069770 714.9
1069780 709.0
1069790 707.9
1069800 707.9
1069810 707.0
1069820 701.9
1069830 701.9
1069840 695.4
1069850 687.9
1069860 687.9
1069870 680.6
1069880 670.3
1069890 670.3
1069900 663.8
1069910 656.4
1069920 656.4
1069930 649.4
1069940 640.7
1069950 640.7
1069960 631.6
1069970 621.9
1069980 621.9
1069990 613.3
1070000 612.6
1070010 612.6
1070020 616.0
1070030 621.1
1070040 621.1
1070050 621.1
1070060 620.8
1070070 619.5
1070080 619.5
1070090 626.9
1070100 645.3
1070110 645.3
1070120 673.0
1070130 681.5
1070140 681.5
1070150 686.4
1070160 689.7
1070170 689.7
1070180 694.0
1070190 704.2
1070200 704.2
1070210 702.1
1070220 707.0
1070230 707.0
1070240 714.7
1070250 721.3
1070260 721.3
1070270 721.9
1070280 720.5
1070290 720.5
1070300 718.5
1070310 714.2
1070320 718.2
1070330 718.2
1070340 724.6
1070350 731.1
1070360 731.1
1070370 736.8
1070380 737.9
1070390 737.9
1070400 735.1
1070410 732.1
1070420 732.1
1070430 727.3
1070440 719.6
1070450 719.6
1070460 716.0
1070470 725.1
1070480 725.1
1070490 738.5
1070500 744.8
1070510 744.8
1070520 744.7
1070530 739.4
1070540 739.4
1070550 732.2
1070560 728.7
1070570 733.4
1070580 733.4
1070590 736.8
1070600 742.4
1070610 742.4
1070620 752.2
1070630 759.8
1070640 759.8
1070650 764.9
1070660 768.9
1070670 768.9
1070680 772.7
1070690 774.7
1070700 774.7
1070710 775.6
1070720 776.5
1070730 776.5
1070740 779.2
1070750 784.0
1070760 784.0
1070770 788.5
1070780 792.5
1070790 792.5
1070800 798.6
1070810 798.2
1070820 794.9
1070830 794.9
1070840 795.7
1070850 798.5
1070860 798.5
1070870 801.4
1070880 803.4
1070890 803.4
1070900 804.6
1070910 807.1
1070920 807.1
1070930 811.1
1070940 815.2
1070950 815.2
1070960 818.4
1070970 820.2
1070980 820.2
1070990 821.2
1071000 821.6
1071010 821.6
1071020 821.5
1071030 821.0
1071040 821.0
1071050 820.4
1071060 820.0
1071070 819.5
1071080 819.5
1071090 819.7
1071100 820.5
1071110 823.0
1071120 821.4
1071130 818.3
1071140 818.3
1071150 815.5
1071160 813.4
1071170 813.4
1071180 810.8
1071190 807.9
1071200 807.9
1071210 806.4
1071220 805.6
1071230 805.6
1071240 804.7
1071250 804.0
1071260 804.0
1071270 803.2
1071280 802.7
1071290 802.7
1071300 803.1
1071310 804.1
1071320 804.1
1071330 805.4
1071340 806.7
1071350 806.8
1071360 806.8
1071370 806.2
1071380 805.9
1071390 805.9
1071400 806.1
1071410 809.2
1071420 809.2
1071430 808.6
1071440 808.3
1071450 808.3
1071460 807.3
1071470 806.9
1071480 806.9
1071490 808.4
1071500 808.4
1071510 808.4
1071520 807.6
1071530 808.3
1071540 808.3
1071550 810.0
1071560 810.8
1071570 810.8
1071580 811.1
1071590 811.4
1071600 813.0
1071610 813.0
1071620 813.3
1071630 813.2
1071640 813.2
1071650 813.5
1071660 813.2
1071670 813.2
1071680 813.4
1071690 813.8
1071700 813.8
1071710 813.7
1071720 816.9
1071730 816.9
1071740 815.6
1071750 814.4
1071760 814.4
1071770 812.4
1071780 810.8
1071790 810.8
1071800 809.5
1071810 808.6
1071820 808.6
1071830 807.0
1071840 804.4
1071850 801.8
1071860 801.8
1071870 798.1
1071880 793.3
1071890 793.3
1071900 787.7
1071910 781.3
1071920 781.3
1071930 774.3
1071940 766.8
1071950 766.8
1071960 759.4
1071970 751.9
1071980 751.9
1071990 745.4
1072000 740.3
1072010 740.3
1072020 735.2
1072030 735.8
1072040 735.8
1072050 730.1
1072060 724.8
1072070 724.8
1072080 719.8
1072090 714.7
1072100 711.3
1072110 711.3
1072120 709.6
1072130 709.5
1072140 709.5
1072150 710.5
1072160 711.2
1072170 711.2
1072180 711.0
1072190 709.9
1072200 709.9
1072210 705.6
1072220 700.6
1072230 700.6
1072240 695.0
1072250 688.6
1072260 688.6
1072270 682.2
1072280 677.7
1072290 677.7
1072300 675.0
1072310 672.7
1072320 672.7
1072330 670.3
1072340 672.1
1072350 672.1
1072360 676.0
1072370 682.1
1072380 684.4
1072390 684.4
1072400 684.2
1072410 684.2
1072420 684.2
1072430 683.7
1072440 680.9
1072450 680.9
1072460 676.1
1072470 671.7
1072480 671.7
1072490 669.3
1072500 669.1
1072510 669.1
1072520 670.0
1072530 672.7
1072540 672.7
1072550 676.6
1072560 680.6
1072570 680.6
1072580 682.3
1072590 683.3
1072600 683.3
1072610 684.6
1072620 686.0
1072630 686.3
1072640 686.3
1072650 688.9
1072660 689.5
1072670 689.5
1072680 690.8
1072690 691.9
1072700 691.9
1072710 693.3
1072720 694.5
1072730 694.5
1072740 694.0
1072750 693.6
1072760 693.6
1072770 693.0
1072780 692.1
1072790 692.1
1072800 690.4
1072810 689.3
1072820 689.3
1072830 689.3
1072840 688.8
1072850 688.8
1072860 688.0
1072870 688.2
1072880 688.3
1072890 688.3
1072900 688.9
1072910 689.4
1072920 689.4
1072930 688.9
1072940 688.4
1072950 688.4
1072960 690.1
1072970 689.0
1072980 689.0
1072990 688.1
1073000 687.4
1073010 687.4
1073020 686.7
1073030 685.6
1073040 685.6
1073050 683.7
1073060 680.9
1073070 680.9
1073080 678.8
1073090 675.6
1073100 675.6
1073110 671.6
1073120 668.2
1073130 664.9
1073140 664.9
1073150 660.9
1073160 656.7
1073170 656.7
1073180 652.6
1073190 649.2
1073200 649.2
1073210 646.7
1073220 644.6
1073230 644.6
1073240 643.0
1073250 641.1
1073260 641.1
1073270 636.8
1073280 632.7
1073290 632.7
1073300 629.7
1073310 628.4
1073320 628.4
1073330 626.7
1073340 622.1
1073350 622.1
1073360 617.4
1073370 614.1
1073380 614.1
1073390 613.2
1073400 612.0
1073410 609.9
1073420 609.9
1073430 605.9
1073440 602.6
1073450 602.6
1073460 601.3
1073470 600.5
1073480 600.5
1073490 599.7
1073500 599.3
1073510 599.3
1073520 598.6
1073530 597.6
1073540 597.6
1073550 595.9
1073560 594.3
1073570 594.3
1073580 596.0
1073590 596.0
1073600 596.0
1073610 596.3
1073620 597.2
1073630 597.2
1073640 599.5
1073650 602.3
1073660 605.4
1073670 605.4
1073680 607.7
1073690 609.0
1073700 609.0
1073710 610.7
1073720 611.8
1073730 611.8
1073740 612.8
1073750 613.8
1073760 613.8
1073770 615.1
1073780 615.5
1073790 615.5
1073800 616.0
1073810 616.1
1073820 616.1
1073830 615.5
1073840 615.1
1073850 615.1
1073860 614.3
1073870 613.0
1073880 613.0
1073890 612.5
1073900 611.0
1073910 609.0
1073920 609.0
1073930 607.4
1073940 606.1
1073950 606.1
1073960 605.7
1073970 604.9
1073980 604.9
1073990 603.7
1074000 602.6
1074010 602.6
1074020 602.4
1074030 602.8
1074040 602.8
1074050 603.3
1074060 603.9
1074070 603.9
1074080 604.6
1074090 605.1
1074100 605.1
1074110 605.6
1074120 606.1
1074130 606.1
1074140 606.6
1074150 607.8
1074160 609.1
1074170 609.1
1074180 610.2
1074190 611.2
1074200 611.2
1074210 612.0
1074220 612.4
1074230 612.4
1074240 612.6
1074250 611.9
1074260 611.9
1074270 611.3
1074280 611.0
1074290 611.0
1074300 607.0
1074310 600.7
1074320 600.7
1074330 594.8
1074340 590.6
1074350 590.6
1074360 587.1
1074370 584.4
1074380 584.4
1074390 583.4
1074400 582.9
1074410 582.9
1074420 585.0
1074430 586.2
1074440 584.9
1074450 584.9
1074460 581.0
1074470 575.8
1074480 575.8
1074490 570.0
1074500 564.9
1074510 566.2
1074520 562.1
1074530 560.2
1074540 560.2
1074550 559.7
1074560 559.7
1074570 559.7
1074580 559.3
1074590 556.3
1074600 556.3
1074610 552.2
1074620 547.8
1074630 547.8
1074640 542.6
1074650 538.1
1074660 538.1
1074670 535.2
1074680 533.4
1074690 530.9
1074700 530.9
1074710 528.5
1074720 526.6
1074730 526.6
1074740 524.9
1074750 523.6
1074760 523.6
1074770 522.8
1074780 522.2
1074790 522.2
1074800 519.6
1074810 515.7
1074820 518.9
1074830 515.2
1074840 512.1
1074850 512.1
1074860 509.8
1074870 507.2
1074880 507.2
1074890 504.7
1074900 503.7
1074910 503.7
1074920 503.6
1074930 503.9
1074940 504.7
1074950 504.7
1074960 504.8
1074970 504.6
1074980 504.6
1074990 504.6
1075000 504.7
1075010 504.7
1075020 504.8
1075030 505.0
1075040 505.0
1075050 505.2
1075060 505.1
1075070 505.1
1075080 505.0
1075090 505.1
1075100 505.1
1075110 505.0
1075120 505.2
1075130 505.9
1075140 506.2
1075150 506.5
1075160 506.5
1075170 506.8
1075180 507.1
1075190 507.1
1075200 507.1
1075210 507.0
1075220 507.0
1075230 507.0
1075240 507.0
1075250 507.0
1075260 507.0
1075270 507.2
1075280 507.5
1075290 507.5
1075300 507.7
1075310 507.8
1075320 507.8
1075330 508.1
1075340 508.4
1075350 508.4
1075360 508.8
1075370 508.9
1075380 508.9
1075390 508.9
1075400 509.1
1075410 509.1
1075420 509.2
1075430 509.2
1075440 509.2
1075450 509.2
1075460 508.0
1075470 507.5
1075480 507.5
1075490 507.7
1075500 508.0
1075510 508.0
1075520 507.8
1075530 508.7
1075540 508.7
1075550 508.2
1075560 506.3
1075570 506.3
1075580 505.0
1075590 501.5
1075600 501.5
1075610 501.5
1075620 505.0
1075630 505.0
1075640 506.8
1075650 510.5
1075660 510.5
1075670 511.0
1075680 511.3
1075690 511.3
1075700 511.4
1075710 511.5
1075720 511.1
1075730 511.1
1075740 510.3
1075750 510.4
1075760 510.4
1075770 510.2
1075780 509.9
1075790 509.9
1075800 509.1
1075810 508.9
1075820 508.9
1075830 508.5
1075840 508.2
1075850 508.2
1075860 507.6
1075870 507.2
1075880 507.2
1075890 507.1
1075900 506.7
1075910 506.7
1075920 506.4
1075930 506.2
1075940 506.2
1075950 505.9
1075960 505.7
1075970 505.5
1075980 505.5
1075990 505.5
1076000 505.4
1076010 505.4
1076020 505.4
1076030 505.5
1076040 505.5
1076050 505.3
1076060 505.6
1076070 505.6
1076080 505.0
1076090 504.8
1076100 504.8
1076110 504.5
1076120 502.4
1076130 502.4
1076140 500.9
1076150 499.9
1076160 499.9
1076170 494.0
1076180 487.9
1076190 487.9
1076200 485.3
1076210 488.2
1076220 490.7
1076230 490.7
1076240 490.7
1076250 488.3
1076260 488.3
1076270 484.6
1076280 484.4
1076290 484.4
1076300 485.0
1076310 485.0
1076320 485.0
1076330 484.9
1076340 484.8
1076350 484.8
1076360 484.9
1076370 484.9
1076380 484.9
1076390 485.0
1076400 485.1
1076410 485.1
1076420 485.1
1076430 485.2
1076440 485.2
1076450 486.3
1076460 487.6
1076470 485.9
1076480 485.9
1076490 483.1
1076500 483.1
1076510 483.1
1076520 483.5
1076530 487.1
1076540 487.1
1076550 488.2
1076560 487.6
1076570 487.6
1076580 484.1
1076590 482.4
1076600 482.4
1076610 482.3
1076620 482.4
1076630 482.4
1076640 484.3
1076650 487.6
1076660 487.6
1076670 488.3
1076680 488.4
1076690 488.4
1076700 488.7
1076710 488.5
1076720 488.5
1076730 488.4
1076740 488.2
1076750 487.3
1076760 487.3
1076770 486.7
1076780 486.7
1076790 486.7
1076800 486.6
1076810 486.5
1076820 486.5
1076830 486.4
1076840 486.3
1076850 486.3
1076860 486.6
1076870 486.7
1076880 486.7
1076890 486.6
1076900 486.6
1076910 486.6
1076920 486.5
1076930 486.5
1076940 486.5
1076950 486.5
1076960 486.7
1076970 486.7
1076980 486.7
1076990 486.6
1077000 486.8
1077010 486.8
1077020 486.9
1077030 486.8
1077040 486.8
1077050 486.7
1077060 487.3
1077070 487.3
1077080 487.0
1077090 487.3
1077100 487.3
1077110 487.4
1077120 487.4
1077130 487.4
1077140 487.3
1077150 487.2
1077160 487.2
1077170 487.2
1077180 487.3
1077190 487.3
1077200 487.5
1077210 487.5
1077220 487.5
1077230 487.6
1077240 487.7
1077250 487.5
1077260 487.5
1077270 487.4
1077280 487.9
1077290 487.9
1077300 488.0
1077310 488.1
1077320 488.1
1077330 488.2
1077340 488.2
1077350 488.2
1077360 488.2
1077370 488.2
1077380 488.2
1077390 488.0
1077400 487.8
1077410 487.8
1077420 488.0
1077430 488.2
1077440 488.2
1077450 488.3
1077460 488.3
1077470 488.3
1077480 488.3
1077490 488.3
1077500 488.4
1077510 488.4
1077520 488.4
1077530 488.5
1077540 488.5
1077550 488.5
1077560 488.7
1077570 488.7
1077580 488.9
1077590 488.9
1077600 488.9
1077610 489.1
1077620 489.1
1077630 489.1
1077640 489.2
1077650 489.1
1077660 489.1
1077670 489.0
1077680 488.8
1077690 488.8
1077700 489.1
1077710 489.0
1077720 489.0
1077730 488.9
1077740 488.9
1077750 488.9
1077760 488.9
1077770 488.9
1077780 488.9
1077790 488.9
1077800 489.0
1077810 489.1
1077820 489.1
1077830 489.1
1077840 489.3
1077850 489.3
1077860 489.4
1077870 489.6
1077880 489.6
1077890 489.8
1077900 489.6
1077910 489.6
1077920 489.4
1077930 489.5
1077940 489.5
1077950 489.4
1077960 489.4
1077970 489.4
1077980 489.5
1077990 489.7
1078000 489.7
1078010 489.7
1078020 489.8
1078030 489.8
1078040 489.8
1078050 489.8
1078060 490.0
1078070 490.0
1078080 490.3
1078090 490.7
1078100 490.7
1078110 490.6
1078120 490.4
1078130 490.4
1078140 490.3
1078150 490.2
1078160 490.2
1078170 490.1
1078180 490.0
1078190 490.0
1078200 490.0
1078210 490.1
1078220 490.1
1078230 490.1
1078240 490.1
1078250 490.1
1078260 490.1
1078270 490.2
1078280 490.3
1078290 490.3
1078300 490.4
1078310 490.4
1078320 490.4
1078330 490.5
1078340 490.7
1078350 490.7
1078360 490.7
1078370 490.6
1078380 490.6
1078390 490.6
1078400 490.6
1078410 490.6
1078420 490.6
1078430 490.8
1078440 490.8
1078450 491.0
1078460 491.0
1078470 491.0
1078480 491.0
1078490 491.1
1078500 491.1
1078510 491.2
1078520 491.2
1078530 491.2
1078540 491.2
1078550 491.2
1078560 491.1
1078570 491.1
1078580 491.2
1078590 491.3
1078600 491.3
1078610 491.4
1078620 491.2
1078630 491.2
1078640 491.2
1078650 490.9
1078660 490.9
1078670 491.1
1078680 491.5
1078690 491.5
1078700 491.6
1078710 491.6
1078720 491.6
1078730 491.6
1078740 491.5
1078750 491.5
1078760 491.4
1078770 491.4
1078780 491.4
1078790 491.3
1078800 491.3
1078810 491.2
1078820 491.2
1078830 490.9
1078840 490.7
1078850 490.7
1078860 490.7
1078870 490.8
1078880 490.8
1078890 490.9
1078900 490.9
1078910 490.9
1078920 491.6
1078930 492.2
1078940 492.2
1078950 492.5
1078960 492.4
1078970 492.4
1078980 492.5
1078990 492.5
1079000 492.5
1079010 492.4
1079020 492.3
1079030 492.3
1079040 492.1
1079050 491.7
1079060 491.7
1079070 491.7
1079080 491.7
1079090 491.8
1079100 491.8
1079110 492.1
1079120 492.4
1079130 492.4
1079140 492.7
1079150 492.5
1079160 492.5
1079170 492.7
1079180 492.6
1079190 492.6
1079200 492.9
1079210 493.2
1079220 493.2
1079230 492.8
1079240 492.4
1079250 492.4
1079260 492.4
1079270 492.5
1079280 492.5
1079290 492.7
1079300 492.8
1079310 492.8
1079320 492.8
1079330 494.0
1079340 494.5
1079350 494.5
1079360 494.4
1079370 494.2
1079380 494.2
1079390 494.0
1079400 493.9
1079410 493.9
1079420 493.9
1079430 493.9
1079440 493.9
1079450 494.0
1079460 493.9
1079470 493.9
1079480 493.8
1079490 493.7
1079500 493.4
1079510 493.1
1079520 493.1
1079530 493.1
1079540 493.1
1079550 493.1
1079560 493.7
1079570 493.7
1079580 493.8
1079590 493.8
1079600 493.8
1079610 494.8
1079620 496.1
1079630 496.1
1079640 496.8
1079650 497.8
1079660 497.8
1079670 499.3
1079680 501.0
1079690 501.0
1079700 502.6
1079710 504.3
1079720 504.3
1079730 505.8
1079740 507.4
1079750 507.4
1079760 508.7
1079770 508.6
1079780 508.6
1079790 507.2
1079800 505.7
1079810 512.2
1079820 512.2
1079830 511.3
1079840 511.1
1079850 511.1
1079860 511.1
1079870 511.2
1079880 511.2
1079890 511.8
1079900 512.3
1079910 512.3
1079920 512.4
1079930 512.4
1079940 512.4
1079950 512.5
1079960 512.7
1079970 512.7
1079980 512.8
1079990 514.4
