1066460 1114.6
1066470 1114.6
1066480 1116.4
1066490 1118.7
1066500 1122.0
1066510 1122.0
1066520 1126.3
1066530 1127.6
1066540 1127.6
1066550 1128.8
1066560 1134.9
1066570 1134.9
1066580 1149.3
1066590 1155.2
1066600 1155.2
1066610 1158.6
1066620 1162.9
1066630 1162.9
1066640 1168.3
1066650 1168.3
1066660 1168.3
1066670 1169.8
1066680 1172.4
1066690 1172.4
1066700 1173.9
1066710 1176.9
1066720 1176.9
1066730 1186.9
1066740 1196.6
1066750 1200.2
1066760 1200.2
1066770 1203.4
1066780 1210.9
1066790 1210.9
1066800 1214.9
1066810 1213.4
1066820 1213.4
1066830 1210.4
1066840 1212.7
1066850 1212.7
1066860 1215.4
1066870 1214.4
1066880 1230.3
1066890 1229.7
1066900 1229.6
1066910 1229.6
1066920 1235.5
1066930 1238.5
1066940 1238.5
1066950 1240.5
1066960 1246.0
1066970 1246.0
1066980 1259.5
1066990 1271.5
1067000 1285.2
1067010 1285.2
1067020 1314.8
1067030 1344.3
1067040 1344.3
1067050 1350.6
1067060 1355.4
1067070 1355.4
1067080 1358.2
1067090 1359.9
1067100 1359.9
1067110 1360.9
1067120 1362.6
1067130 1362.6
1067140 1365.5
1067150 1369.8
1067160 1369.8
1067170 1374.0
1067180 1377.6
1067190 1383.4
1067200 1383.1
1067210 1379.9
1067220 1379.9
1067230 1374.8
1067240 1368.9
1067250 1368.9
1067260 1362.5
1067270 1356.8
1067280 1351.0
1067290 1351.0
1067300 1344.6
1067310 1338.1
1067320 1338.1
1067330 1331.9
1067340 1326.0
1067350 1326.0
1067360 1319.8
1067370 1313.0
1067380 1313.0
1067390 1307.0
1067400 1301.3
1067410 1301.3
1067420 1295.4
1067430 1288.8
1067440 1288.8
1067450 1282.5
1067460 1276.1
1067470 1276.1
1067480 1269.4
1067490 1260.5
1067500 1260.5
1067510 1254.3
1067520 1247.5
1067530 1240.4
1067540 1240.4
1067550 1232.9
1067560 1226.9
1067570 1226.9
1067580 1224.5
1067590 1223.5
1067600 1223.5
1067610 1221.1
1067620 1218.1
1067630 1218.1
1067640 1214.1
1067650 1209.3
1067660 1209.3
1067670 1204.5
1067680 1198.8
1067690 1198.8
1067700 1192.6
1067710 1189.6
1067720 1189.6
1067730 1190.6
1067740 1191.2
1067750 1191.2
1067760 1191.3
1067770 1190.6
1067780 1188.0
1067790 1188.0
1067800 1178.3
1067810 1172.8
1067820 1172.8
1067830 1169.8
1067840 1167.0
1067850 1167.0
1067860 1162.0
1067870 1154.9
1067880 1154.9
1067890 1148.5
1067900 1142.9
1067910 1142.9
1067920 1138.4
1067930 1141.0
1067940 1141.0
1067950 1144.7
1067960 1147.2
1067970 1147.2
1067980 1148.7
1067990 1151.0
1068000 1151.0
1068010 1152.6
1068020 1154.1
1068030 1154.1
1068040 1157.5
1068050 1161.1
1068060 1164.1
1068070 1164.1
1068080 1165.7
1068090 1167.2
1068100 1159.9
1068110 1161.9
1068120 1162.0
1068130 1162.0
1068140 1160.0
1068150 1157.0
1068160 1157.0
1068170 1155.9
1068180 1158.3
1068190 1158.3
1068200 1161.2
1068210 1164.1
1068220 1164.1
1068230 1165.4
1068240 1166.7
1068250 1166.7
1068260 1167.9
1068270 1168.2
1068280 1168.2
1068290 1168.5
1068300 1168.2
1068310 1167.2
1068320 1167.2
1068330 1165.3
1068340 1163.4
1068350 1163.4
1068360 1161.6
1068370 1159.3
1068380 1159.3
1068390 1156.9
1068400 1153.8
1068410 1147.1
1068420 1144.1
1068430 1141.3
1068440 1141.3
1068450 1138.3
1068460 1135.4
1068470 1135.4
1068480 1131.8
1068490 1127.8
1068500 1127.8
1068510 1123.0
1068520 1115.4
1068530 1115.4
1068540 1106.3
1068550 1097.5
1068560 1089.7
1068570 1089.7
1068580 1085.1
1068590 1082.7
1068600 1082.7
1068610 1079.8
1068620 1075.7
1068630 1075.7
1068640 1070.1
1068650 1062.5
1068660 1062.5
1068670 1055.6
1068680 1050.5
1068690 1050.5
1068700 1047.3
1068710 1038.7
1068720 1038.7
1068730 1038.1
1068740 1036.0
1068750 1036.0
1068760 1032.7
1068770 1028.4
1068780 1028.4
1068790 1024.4
1068800 1021.2
1068810 1017.4
1068820 1017.4
1068830 1012.6
1068840 1007.9
1068850 1007.9
1068860 1003.4
1068870 999.1
1068880 999.1
1068890 995.6
1068900 991.9
1068910 991.9
1068920 988.3
1068930 984.3
1068940 984.3
1068950 980.4
1068960 974.8
1068970 974.8
1068980 971.4
1068990 967.9
1069000 967.9
1069010 964.6
1069020 957.3
1069030 957.3
1069040 954.2
1069050 951.3
1069060 951.3
1069070 948.3
1069080 944.8
1069090 940.6
1069100 940.6
1069110 936.5
1069120 931.9
1069130 931.9
1069140 927.7
1069150 923.8
1069160 923.8
1069170 920.3
1069180 916.9
1069190 916.9
1069200 913.6
1069210 910.5
1069220 910.5
1069230 907.8
1069240 905.2
1069250 905.2
1069260 902.6
1069270 899.9
1069280 899.9
1069290 896.5
1069300 893.0
1069310 893.0
1069320 889.7
1069330 883.3
1069340 878.8
1069350 878.8
1069360 874.5
1069370 871.9
1069380 871.9
1069390 869.0
1069400 866.5
1069410 866.5
1069420 864.4
1069430 861.7
1069440 861.7
1069450 858.5
1069460 855.0
1069470 855.0
1069480 851.8
1069490 846.8
1069500 846.8
1069510 840.7
1069520 835.7
1069530 835.7
1069540 830.7
1069550 824.9
1069560 824.9
1069570 818.7
1069580 814.5
1069590 810.2
1069600 810.2
1069610 805.5
1069620 801.2
1069630 798.4
1069640 794.7
1069650 790.8
1069660 790.8
1069670 785.6
1069680 780.7
1069690 780.7
1069700 776.1
1069710 772.6
1069720 772.6
1069730 768.7
1069740 764.4
1069750 764.4
1069760 758.7
1069770 751.7
1069780 751.7
1069790 745.1
1069800 736.5
1069810 736.5
1069820 728.8
1069830 722.7
1069840 719.3
1069850 719.3
1069860 715.2
1069870 708.6
1069880 708.6
1069890 699.1
1069900 689.0
1069910 689.0
1069920 673.6
1069930 663.9
1069940 664.8
1069950 657.1
1069960 650.0
1069970 650.0
1069980 643.7
1069990 635.3
1070000 635.3
1070010 625.6
1070020 616.9
1070030 616.9
1070040 609.1
1070050 607.8
1070060 607.8
1070070 609.3
1070080 618.5
1070090 618.5
1070100 620.8
1070110 620.0
1070120 619.9
1070130 619.9
1070140 621.2
1070150 622.6
1070160 622.6
1070170 621.8
1070180 621.1
1070190 621.1
1070200 620.6
1070210 620.1
1070220 620.1
1070230 623.1
1070240 631.2
1070250 631.2
1070260 636.1
1070270 636.6
1070280 636.6
1070290 637.5
1070300 639.4
1070310 639.4
1070320 642.6
1070330 645.5
1070340 645.5
1070350 648.4
1070360 651.2
1070370 652.5
1070380 652.5
1070390 652.1
1070400 647.8
1070410 647.8
1070420 649.2
1070430 652.2
1070440 652.2
1070450 652.1
1070460 649.6
1070470 649.6
1070480 642.8
1070490 639.8
1070500 639.8
1070510 647.4
1070520 652.0
1070530 652.0
1070540 655.6
1070550 665.0
1070560 665.0
1070570 668.3
1070580 673.9
1070590 673.9
1070600 682.2
1070610 688.8
1070620 691.7
1070630 691.7
1070640 690.3
1070650 688.4
1070660 688.4
1070670 689.8
1070680 701.2
1070690 701.2
1070700 713.6
1070710 724.4
1070720 724.4
1070730 733.6
1070740 740.0
1070750 740.0
1070760 744.2
1070770 747.7
1070780 747.7
1070790 752.3
1070800 756.0
1070810 756.0
1070820 761.5
1070830 767.0
1070840 767.0
1070850 772.2
1070860 780.8
1070870 784.9
1070880 784.9
1070890 786.3
1070900 784.4
1070910 784.4
1070920 781.5
1070930 780.3
1070940 780.3
1070950 780.1
1070960 780.8
1070970 780.8
1070980 782.3
1070990 786.5
1071000 786.5
1071010 791.3
1071020 794.0
1071030 794.0
1071040 793.9
1071050 792.4
1071060 792.4
1071070 791.7
1071080 790.6
1071090 790.6
1071100 788.7
1071110 787.2
1071120 787.2
1071130 785.4
1071140 783.3
1071150 782.5
1071160 782.5
1071170 784.1
1071180 783.1
1071190 783.1
1071200 782.3
1071210 781.7
1071220 781.7
1071230 781.2
1071240 781.1
1071250 781.1
1071260 780.9
1071270 780.7
1071280 780.7
1071290 779.7
1071300 778.8
1071310 778.8
1071320 777.2
1071330 775.1
1071340 775.1
1071350 775.1
1071360 774.8
1071370 774.8
1071380 773.1
1071390 772.2
1071400 771.5
1071410 771.5
1071420 770.6
1071430 769.6
1071440 769.6
1071450 769.5
1071460 768.8
1071470 772.9
1071480 770.3
1071490 767.1
1071500 767.1
1071510 765.5
1071520 768.3
1071530 768.3
1071540 769.7
1071550 770.9
1071560 770.9
1071570 770.0
1071580 768.3
1071590 768.3
1071600 767.3
1071610 764.6
1071620 764.6
1071630 760.7
1071640 759.8
1071650 760.2
1071660 760.2
1071670 758.3
1071680 755.8
1071690 755.8
1071700 753.9
1071710 752.6
1071720 752.6
1071730 750.2
1071740 746.8
1071750 746.8
1071760 743.0
1071770 738.9
1071780 746.4
1071790 741.9
1071800 737.8
1071810 737.8
1071820 733.9
1071830 729.0
1071840 729.0
1071850 724.8
1071860 720.6
1071870 720.6
1071880 715.1
1071890 709.6
1071900 709.6
1071910 704.1
1071920 698.7
1071930 694.7
1071940 694.7
1071950 690.9
1071960 688.4
1071970 688.4
1071980 688.1
1071990 689.9
1072000 689.9
1072010 691.0
1072020 688.3
1072030 688.3
1072040 683.1
1072050 677.8
1072060 677.8
1072070 673.5
1072080 670.1
1072090 674.9
1072100 673.3
1072110 671.9
1072120 671.9
1072130 671.7
1072140 672.3
1072150 672.3
1072160 671.0
1072170 665.9
1072180 659.6
1072190 659.6
1072200 654.5
1072210 652.6
1072220 652.6
1072230 651.6
1072240 651.9
1072250 651.9
1072260 653.6
1072270 653.8
1072280 653.8
1072290 652.7
1072300 650.0
1072310 650.0
1072320 646.1
1072330 642.8
1072340 642.8
1072350 640.9
1072360 639.9
1072370 639.9
1072380 639.5
1072390 640.0
1072400 642.5
1072410 641.7
1072420 640.4
1072430 639.4
1072440 639.4
1072450 639.6
1072460 639.9
1072470 639.9
1072480 640.2
1072490 640.4
1072500 640.4
1072510 640.8
1072520 641.2
1072530 641.2
1072540 642.2
1072550 645.0
1072560 645.0
1072570 649.2
1072580 651.9
1072590 651.9
1072600 653.7
1072610 655.3
1072620 655.3
1072630 656.8
1072640 658.0
1072650 658.0
1072660 659.2
1072670 660.7
1072680 662.1
1072690 662.1
1072700 662.9
1072710 666.7
1072720 666.7
1072730 667.2
1072740 667.6
1072750 667.6
1072760 666.9
1072770 665.4
1072780 665.4
1072790 664.6
1072800 666.0
1072810 666.0
1072820 667.0
1072830 667.6
1072840 667.6
1072850 668.2
1072860 668.7
1072870 668.7
1072880 669.4
1072890 669.5
1072900 669.5
1072910 668.7
1072920 667.2
1072930 667.2
1072940 664.4
1072950 661.4
1072960 659.3
1072970 659.3
1072980 658.0
1072990 656.3
1073000 656.3
1073010 654.0
1073020 656.8
1073030 656.8
1073040 655.2
1073050 652.3
1073060 652.3
1073070 648.7
1073080 645.6
1073090 645.6
1073100 643.0
1073110 640.8
1073120 640.8
1073130 639.0
1073140 636.6
1073150 636.6
1073160 633.2
1073170 628.8
1073180 628.8
1073190 623.2
1073200 617.8
1073210 612.6
1073220 612.6
1073230 607.4
1073240 602.4
1073250 602.4
1073260 598.5
1073270 595.7
1073280 595.7
1073290 593.6
1073300 592.2
1073310 592.2
1073320 591.4
1073330 592.7
1073340 592.7
1073350 591.7
1073360 590.1
1073370 590.1
1073380 587.7
1073390 585.2
1073400 585.2
1073410 583.1
1073420 581.9
1073430 581.9
1073440 581.3
1073450 581.1
1073460 581.7
1073470 581.7
1073480 582.8
1073490 585.3
1073500 585.3
1073510 589.4
1073520 591.2
1073530 591.2
1073540 592.0
1073550 593.3
1073560 593.3
1073570 595.2
1073580 595.5
1073590 595.5
1073600 595.3
1073610 595.0
1073620 595.0
1073630 594.6
1073640 596.6
1073650 596.6
1073660 595.6
1073670 594.0
1073680 594.0
1073690 592.2
1073700 590.4
1073710 588.6
1073720 588.6
1073730 587.3
1073740 586.7
1073750 586.7
1073760 586.7
1073770 587.0
1073780 587.0
1073790 587.4
1073800 587.8
1073810 587.8
1073820 588.5
1073830 589.2
1073840 589.2
1073850 589.5
1073860 589.5
1073870 589.5
1073880 589.9
1073890 590.6
1073900 590.6
1073910 591.0
1073920 590.9
1073930 590.9
1073940 590.6
1073950 591.6
1073960 591.6
1073970 589.8
1073980 588.6
1073990 588.2
1074000 588.2
1074010 588.3
1074020 588.4
1074030 588.4
1074040 589.3
1074050 591.6
1074060 591.6
1074070 593.0
1074080 593.9
1074090 593.9
1074100 595.1
1074110 596.1
1074120 596.1
1074130 595.0
1074140 591.6
1074150 591.6
1074160 587.8
1074170 585.3
1074180 585.3
1074190 582.2
1074200 578.0
1074210 578.0
1074220 574.0
1074230 570.5
1074240 567.8
1074250 567.8
1074260 568.7
1074270 564.8
1074280 564.8
1074290 560.2
1074300 555.0
1074310 555.0
1074320 550.9
1074330 547.9
1074340 547.9
1074350 546.6
1074360 546.9
1074370 546.9
1074380 545.7
1074390 543.3
1074400 543.3
1074410 541.7
1074420 538.5
1074430 538.5
1074440 534.6
1074450 532.5
1074460 532.5
1074470 532.3
1074480 532.2
1074490 530.4
1074500 530.4
1074510 527.4
1074520 523.1
1074530 523.1
1074540 519.0
1074550 515.4
1074560 515.4
1074570 516.7
1074580 515.4
1074590 515.4
1074600 514.7
1074610 512.6
1074620 512.6
1074630 509.5
1074640 506.8
1074650 506.8
1074660 504.5
1074670 502.3
1074680 502.3
1074690 499.8
1074700 497.3
1074710 497.3
1074720 495.6
1074730 495.1
1074740 495.2
1074750 495.2
1074760 495.4
1074770 495.7
1074780 495.7
1074790 495.9
1074800 496.3
1074810 496.3
1074820 496.7
1074830 496.9
1074840 496.9
1074850 497.0
1074860 497.2
1074870 497.2
1074880 497.8
1074890 498.0
1074900 498.0
1074910 498.4
1074920 498.8
1074930 498.8
1074940 499.2
1074950 499.6
1074960 499.6
1074970 499.8
1074980 499.4
1074990 499.4
1075000 499.5
1075010 499.5
1075020 499.6
1075030 499.6
1075040 499.7
1075050 499.9
1075060 499.9
1075070 500.1
1075080 500.4
1075090 500.4
1075100 500.7
1075110 501.0
1075120 501.0
1075130 501.2
1075140 501.4
1075150 501.4
1075160 501.5
1075170 501.6
1075180 501.6
1075190 502.0
1075200 501.6
1075210 501.6
1075220 501.6
1075230 501.7
1075240 501.7
1075250 501.8
1075260 502.2
1075270 502.8
1075280 502.8
1075290 503.1
1075300 502.9
1075310 502.9
1075320 502.8
1075330 503.0
1075340 503.0
1075350 502.8
1075360 502.8
1075370 502.8
1075380 503.1
1075390 503.5
1075400 503.5
1075410 503.5
1075420 503.4
1075430 503.4
1075440 502.3
1075450 501.0
1075460 501.0
1075470 501.0
1075480 501.3
1075490 501.3
1075500 502.1
1075510 502.2
1075520 502.2
1075530 502.2
1075540 502.4
1075550 502.6
1075560 502.6
1075570 502.7
1075580 502.7
1075590 502.7
1075600 503.0
1075610 502.7
1075620 502.7
1075630 499.7
1075640 498.9
1075650 498.9
1075660 498.6
1075670 498.2
1075680 498.2
1075690 498.0
1075700 497.8
1075710 497.8
1075720 497.4
1075730 497.5
1075740 497.5
1075750 498.6
1075760 498.4
1075770 498.8
1075780 498.8
1075790 500.3
1075800 503.6
1075810 504.2
1075820 504.0
1075830 503.6
1075840 503.6
1075850 503.2
1075860 502.8
1075870 502.8
1075880 502.3
1075890 502.0
1075900 502.0
1075910 501.4
1075920 501.0
1075930 501.0
1075940 500.3
1075950 499.4
1075960 499.4
1075970 498.0
1075980 494.8
1075990 494.8
1076000 490.8
1076010 487.4
1076020 487.4
1076030 486.6
1076040 489.7
1076050 490.9
1076060 490.9
1076070 490.5
1076080 487.0
1076090 487.0
1076100 484.4
1076110 484.3
1076120 484.4
1076130 484.4
1076140 484.4
1076150 484.4
1076160 484.3
1076170 483.9
1076180 483.9
1076190 483.8
1076200 483.8
1076210 483.8
1076220 483.7
1076230 484.4
1076240 484.4
1076250 484.3
1076260 484.1
1076270 484.1
1076280 484.1
1076290 484.1
1076300 484.2
1076310 484.2
1076320 484.4
1076330 484.5
1076340 484.5
1076350 484.5
1076360 484.5
1076370 484.5
1076380 484.8
1076390 485.6
1076400 485.6
1076410 486.9
1076420 484.9
1076430 486.8
1076440 483.5
1076450 481.7
1076460 481.7
1076470 481.7
1076480 482.1
1076490 482.1
1076500 485.7
1076510 487.3
1076520 487.3
1076530 487.8
1076540 487.7
1076550 487.6
1076560 487.6
1076570 487.4
1076580 486.6
1076590 486.6
1076600 485.9
1076610 485.6
1076620 485.6
1076630 485.8
1076640 485.9
1076650 485.9
1076660 486.1
1076670 485.9
1076680 485.9
1076690 485.8
1076700 486.0
1076710 486.0
1076720 486.0
1076730 485.8
1076740 485.9
1076750 485.8
1076760 485.5
1076770 485.5
1076780 485.4
1076790 485.3
1076800 485.3
1076810 485.3
1076820 485.2
1076830 485.2
1076840 485.2
1076850 485.3
1076860 485.2
1076870 485.2
1076880 485.9
1076890 486.2
1076900 486.2
1076910 486.0
1076920 486.2
1076930 486.2
1076940 486.4
1076950 486.5
1076960 486.5
1076970 486.6
1076980 486.7
1076990 486.7
1077000 486.7
1077010 486.5
1077020 486.5
1077030 486.1
1077040 485.9
1077050 486.2
1077060 485.9
1077070 486.0
1077080 486.1
1077090 486.1
1077100 486.4
1077110 486.4
1077120 486.4
1077130 486.6
1077140 486.7
1077150 486.7
1077160 486.8
1077170 486.9
1077180 486.9
1077190 487.1
1077200 487.5
1077210 487.5
1077220 487.4
1077230 487.3
1077240 487.3
1077250 487.4
1077260 487.4
1077270 487.4
1077280 487.4
1077290 487.3
1077300 487.3
1077310 487.3
1077320 487.2
1077330 487.1
1077340 487.1
1077350 487.5
1077360 487.5
1077370 487.6
1077380 487.7
1077390 487.7
1077400 487.7
1077410 487.8
1077420 487.8
1077430 487.8
1077440 487.5
1077450 487.6
1077460 487.6
1077470 488.0
1077480 488.2
1077490 488.2
1077500 488.3
1077510 488.3
1077520 488.3
1077530 488.2
1077540 488.2
1077550 488.2
1077560 488.0
1077570 488.0
1077580 488.1
1077590 488.1
1077600 488.1
1077610 488.1
1077620 488.1
1077630 488.2
1077640 488.5
1077650 488.5
1077660 488.8
1077670 489.1
1077680 488.7
1077690 488.9
1077700 489.3
1077710 489.3
1077720 489.4
1077730 489.4
1077740 489.4
1077750 489.3
1077760 489.0
1077770 489.0
1077780 488.8
1077790 488.8
1077800 488.8
1077810 488.9
1077820 488.9
1077830 488.9
1077840 488.9
1077850 488.9
1077860 488.9
1077870 488.9
1077880 488.9
1077890 488.9
1077900 488.9
1077910 488.9
1077920 489.0
1077930 489.0
1077940 489.0
1077950 489.1
1077960 489.1
1077970 489.1
1077980 489.2
1077990 489.2
1078000 489.2
1078010 489.3
1078020 489.3
1078030 489.3
1078040 489.4
1078050 489.4
1078060 489.4
1078070 489.5
1078080 489.5
1078090 489.5
1078100 489.6
1078110 489.7
1078120 489.7
1078130 489.7
1078140 489.8
1078150 489.8
1078160 489.9
1078170 490.0
1078180 490.0
1078190 490.2
1078200 490.2
1078210 490.2
1078220 490.1
1078230 490.0
1078240 490.0
1078250 490.0
1078260 490.1
1078270 490.1
1078280 490.0
1078290 490.0
1078300 490.0
1078310 490.1
1078320 490.1
1078330 490.1
1078340 490.1
1078350 490.2
1078360 490.3
1078370 490.3
1078380 490.3
1078390 490.5
1078400 490.5
1078410 490.6
1078420 490.8
1078430 490.8
1078440 491.0
1078450 491.3
1078460 491.3
1078470 491.4
1078480 491.3
1078490 491.3
1078500 491.2
1078510 491.1
1078520 491.1
1078530 491.0
1078540 491.0
1078550 491.0
1078560 491.0
1078570 491.1
1078580 491.1
1078590 491.6
1078600 491.7
1078610 491.7
1078620 492.7
1078630 492.9
1078640 493.0
1078650 493.0
1078660 492.8
1078670 492.2
1078680 492.2
1078690 491.6
1078700 491.3
1078710 491.3
1078720 491.3
1078730 491.3
1078740 491.3
1078750 491.3
1078760 491.4
1078770 491.4
1078780 491.4
1078790 491.5
1078800 491.5
1078810 491.5
1078820 491.6
1078830 491.6
1078840 492.3
1078850 493.1
1078860 492.4
1078870 492.4
1078880 492.3
1078890 492.5
1078900 492.5
1078910 493.6
1078920 493.7
1078930 493.5
1078940 493.2
1078950 492.7
1078960 492.7
1078970 492.8
1078980 493.2
1078990 493.2
1079000 492.6
1079010 492.6
1079020 492.6
1079030 492.2
1079040 492.0
1079050 492.0
1079060 492.1
1079070 492.2
1079080 492.2
1079090 492.5
1079100 492.8
1079110 492.8
1079120 493.2
1079130 492.9
1079140 492.5
1079150 492.5
1079160 492.2
1079170 492.4
1079180 492.4
1079190 492.7
1079200 492.7
1079210 492.7
1079220 492.4
1079230 492.4
1079240 492.4
1079250 492.3
1079260 492.3
1079270 492.3
1079280 492.4
1079290 492.6
1079300 492.6
1079310 492.9
1079320 493.2
1079330 493.2
1079340 493.5
1079350 493.9
1079360 493.9
1079370 494.4
1079380 494.6
1079390 494.7
1079400 494.7
1079410 494.9
1079420 495.0
1079430 495.0
1079440 495.2
1079450 495.3
1079460 495.3
1079470 495.4
1079480 495.7
1079490 495.7
1079500 495.8
1079510 496.1
1079520 496.1
1079530 496.2
1079540 495.6
1079550 495.6
1079560 495.2
1079570 495.1
1079580 495.1
1079590 495.6
1079600 495.8
1079610 495.8
1079620 495.7
1079630 495.3
1079640 495.2
1079650 495.2
1079660 495.5
1079670 496.1
1079680 496.1
1079690 496.3
1079700 496.3
1079710 496.3
1079720 496.3
1079730 496.3
1079740 496.3
1079750 496.2
1079760 496.0
1079770 496.0
1079780 495.9
1079790 495.9
1079800 495.9
1079810 495.8
1079820 495.8
1079830 495.8
1079840 495.8
1079850 495.9
1079860 495.9
1079870 496.0
1079880 496.0
1079890 496.2
1079900 496.2
1079910 496.6
1079920 496.7
1079930 496.7
1079940 497.0
1079950 497.4
1079960 497.4
1079970 497.7
1079980 498.1
1079990 498.1
