1066210 946.1
1066220 946.1
1066230 948.4
1066240 951.5
1066250 951.5
1066260 951.6
1066270 952.7
1066280 952.7
1066290 959.5
1066300 964.5
1066310 964.5
1066320 967.4
1066330 970.7
1066340 970.7
1066350 983.6
1066360 986.6
1066370 986.6
1066380 983.1
1066390 983.6
1066400 985.5
1066410 985.5
1066420 991.3
1066430 994.4
1066440 994.4
1066450 998.8
1066460 1005.3
1066470 1005.3
1066480 1013.6
1066490 1017.8
1066500 1017.8
1066510 1016.7
1066520 1015.3
1066530 1015.3
1066540 1016.1
1066550 1017.4
1066560 1017.4
1066570 1019.3
1066580 1018.0
1066590 1018.0
1066600 1018.0
1066610 1017.8
1066620 1017.8
1066630 1019.0
1066640 1025.5
1066650 1039.4
1066660 1035.2
1066670 1048.9
1066680 1066.6
1066690 1066.6
1066700 1083.6
1066710 1101.8
1066720 1101.8
1066730 1112.8
1066740 1123.0
1066750 1123.0
1066760 1135.3
1066770 1143.9
1066780 1143.9
1066790 1152.5
1066800 1159.2
1066810 1159.2
1066820 1164.3
1066830 1170.2
1066840 1170.2
1066850 1177.2
1066860 1186.4
1066870 1186.4
1066880 1196.0
1066890 1203.7
1066900 1203.7
1066910 1208.3
1066920 1211.6
1066930 1214.2
1066940 1214.2
1066950 1217.1
1066960 1225.9
1066970 1225.9
1066980 1229.0
1066990 1232.6
1067000 1232.6
1067010 1236.6
1067020 1240.8
1067030 1240.8
1067040 1245.0
1067050 1248.8
1067060 1248.8
1067070 1253.1
1067080 1256.8
1067090 1256.8
1067100 1260.8
1067110 1265.0
1067120 1265.0
1067130 1269.9
1067140 1275.0
1067150 1275.0
1067160 1280.6
1067170 1287.4
1067180 1294.7
1067190 1294.7
1067200 1302.0
1067210 1308.2
1067220 1308.2
1067230 1315.6
1067240 1322.1
1067250 1322.1
1067260 1328.6
1067270 1341.1
1067280 1341.1
1067290 1347.1
1067300 1353.2
1067310 1353.2
1067320 1359.4
1067330 1362.2
1067340 1362.2
1067350 1360.3
1067360 1357.8
1067370 1357.8
1067380 1355.9
1067390 1354.3
1067400 1354.3
1067410 1352.1
1067420 1349.9
1067430 1347.4
1067440 1347.4
1067450 1345.4
1067460 1343.8
1067470 1343.8
1067480 1342.8
1067490 1342.3
1067500 1342.3
1067510 1341.7
1067520 1341.2
1067530 1341.2
1067540 1340.0
1067550 1337.5
1067560 1337.5
1067570 1329.9
1067580 1326.9
1067590 1326.9
1067600 1323.5
1067610 1319.7
1067620 1319.7
1067630 1316.2
1067640 1311.9
1067650 1311.9
1067660 1306.6
1067670 1301.3
1067680 1301.3
1067690 1295.9
1067700 1290.8
1067710 1285.5
1067720 1285.5
1067730 1278.5
1067740 1270.7
1067750 1270.7
1067760 1265.3
1067770 1264.1
1067780 1264.1
1067790 1263.4
1067800 1260.7
1067810 1260.7
1067820 1257.7
1067830 1254.2
1067840 1254.2
1067850 1251.7
1067860 1251.6
1067870 1251.6
1067880 1246.2
1067890 1246.6
1067900 1246.6
1067910 1245.9
1067920 1244.2
1067930 1244.2
1067940 1245.3
1067950 1247.0
1067960 1248.7
1067970 1248.7
1067980 1247.7
1067990 1246.2
1068000 1246.2
1068010 1247.7
1068020 1248.0
1068030 1248.0
1068040 1248.9
1068050 1250.2
1068060 1250.2
1068070 1250.7
1068080 1250.8
1068090 1250.8
1068100 1250.9
1068110 1251.4
1068120 1251.4
1068130 1252.0
1068140 1252.8
1068150 1252.8
1068160 1253.1
1068170 1252.7
1068180 1249.1
1068190 1248.7
1068200 1248.2
1068210 1247.6
1068220 1247.6
1068230 1247.3
1068240 1246.6
1068250 1246.6
1068260 1245.3
1068270 1244.6
1068280 1244.6
1068290 1244.9
1068300 1244.8
1068310 1244.8
1068320 1243.5
1068330 1241.1
1068340 1241.1
1068350 1237.8
1068360 1234.0
1068370 1234.0
1068380 1230.0
1068390 1225.2
1068400 1225.2
1068410 1218.8
1068420 1211.9
1068430 1211.9
1068440 1205.6
1068450 1200.5
1068460 1196.6
1068470 1196.6
1068480 1193.2
1068490 1184.0
1068500 1184.0
1068510 1181.6
1068520 1179.5
1068530 1179.5
1068540 1177.2
1068550 1174.7
1068560 1174.7
1068570 1170.9
1068580 1166.6
1068590 1166.6
1068600 1161.1
1068610 1157.8
1068620 1157.8
1068630 1155.2
1068640 1152.4
1068650 1152.4
1068660 1148.6
1068670 1144.3
1068680 1144.3
1068690 1139.2
1068700 1132.6
1068710 1132.6
1068720 1126.3
1068730 1120.7
1068740 1115.7
1068750 1115.7
1068760 1112.2
1068770 1107.5
1068780 1107.5
1068790 1098.0
1068800 1093.0
1068810 1093.0
1068820 1087.3
1068830 1083.3
1068840 1083.3
1068850 1080.2
1068860 1075.9
1068870 1075.9
1068880 1071.9
1068890 1068.0
1068900 1068.0
1068910 1063.9
1068920 1060.3
1068930 1060.3
1068940 1056.8
1068950 1052.7
1068960 1052.7
1068970 1048.1
1068980 1043.7
1068990 1039.1
1069000 1039.1
1069010 1034.6
1069020 1030.5
1069030 1030.5
1069040 1026.8
1069050 1023.8
1069060 1023.8
1069070 1020.6
1069080 1017.2
1069090 1017.2
1069100 1010.0
1069110 1006.8
1069120 1006.8
1069130 1003.5
1069140 1000.1
1069150 1000.1
1069160 995.8
1069170 991.0
1069180 991.0
1069190 986.0
1069200 979.9
1069210 979.9
1069220 973.6
1069230 967.3
1069240 960.6
1069250 960.6
1069260 952.5
1069270 944.6
1069280 944.6
1069290 937.1
1069300 930.3
1069310 930.3
1069320 924.1
1069330 918.6
1069340 918.6
1069350 913.6
1069360 908.7
1069370 908.7
1069380 903.2
1069390 898.3
1069400 896.4
1069410 891.6
1069420 886.7
1069430 886.7
1069440 882.0
1069450 878.1
1069460 878.1
1069470 873.6
1069480 869.4
1069490 869.4
1069500 865.0
1069510 861.0
1069520 857.6
1069530 857.6
1069540 855.0
1069550 850.8
1069560 850.8
1069570 846.3
1069580 843.4
1069590 843.4
1069600 840.9
1069610 837.8
1069620 837.8
1069630 834.5
1069640 829.3
1069650 829.3
1069660 823.6
1069670 817.0
1069680 817.0
1069690 811.6
1069700 807.3
1069710 805.6
1069720 801.3
1069730 796.0
1069740 796.0
1069750 792.5
1069760 789.6
1069770 786.3
1069780 786.3
1069790 782.3
1069800 778.0
1069810 778.0
1069820 774.2
1069830 771.9
1069840 771.9
1069850 768.9
1069860 765.7
1069870 765.7
1069880 762.3
1069890 759.7
1069900 759.7
1069910 756.5
1069920 753.4
1069930 753.4
1069940 749.6
1069950 745.8
1069960 745.8
1069970 743.6
1069980 741.8
1069990 741.8
1070000 739.6
1070010 737.1
1070020 728.7
1070030 728.7
1070040 726.1
1070050 724.5
1070060 724.5
1070070 724.1
1070080 723.5
1070090 723.5
1070100 722.2
1070110 720.1
1070120 720.1
1070130 717.1
1070140 713.8
1070150 713.8
1070160 712.2
1070170 712.0
1070180 712.0
1070190 711.2
1070200 707.1
1070210 707.1
1070220 704.2
1070230 703.0
1070240 703.0
1070250 698.0
1070260 691.8
1070270 690.4
1070280 690.4
1070290 685.5
1070300 680.7
1070310 680.7
1070320 667.2
1070330 661.8
1070340 661.8
1070350 656.3
1070360 649.6
1070370 649.6
1070380 640.2
1070390 629.8
1070400 629.8
1070410 621.9
1070420 616.3
1070430 616.3
1070440 612.0
1070450 608.6
1070460 608.6
1070470 606.7
1070480 607.0
1070490 607.0
1070500 606.7
1070510 599.3
1070520 599.3
1070530 589.5
1070540 583.7
1070550 583.4
1070560 583.4
1070570 588.5
1070580 593.3
1070590 593.3
1070600 599.4
1070610 606.1
1070620 606.1
1070630 610.9
1070640 621.9
1070650 621.9
1070660 634.6
1070670 650.4
1070680 650.4
1070690 670.9
1070700 690.4
1070710 690.4
1070720 699.4
1070730 706.3
1070740 706.3
1070750 711.8
1070760 717.7
1070770 717.7
1070780 721.7
1070790 725.2
1070800 728.9
1070810 728.9
1070820 733.3
1070830 738.3
1070840 738.3
1070850 743.0
1070860 747.9
1070870 747.9
1070880 751.3
1070890 750.2
1070900 750.2
1070910 746.8
1070920 747.8
1070930 747.8
1070940 755.5
1070950 753.5
1070960 753.5
1070970 750.0
1070980 749.4
1070990 749.4
1071000 748.8
1071010 748.4
1071020 748.4
1071030 749.4
1071040 749.5
1071050 748.2
1071060 748.2
1071070 747.1
1071080 746.6
1071090 746.6
1071100 745.6
1071110 744.6
1071120 744.6
1071130 744.0
1071140 743.3
1071150 743.3
1071160 742.5
1071170 741.5
1071180 741.5
1071190 740.5
1071200 739.9
1071210 739.9
1071220 739.6
1071230 739.3
1071240 739.3
1071250 740.4
1071260 739.6
1071270 739.6
1071280 739.3
1071290 739.5
1071300 739.6
1071310 739.6
1071320 739.4
1071330 737.5
1071340 737.5
1071350 733.8
1071360 730.6
1071370 730.6
1071380 728.3
1071390 726.1
1071400 726.1
1071410 723.1
1071420 720.4
1071430 720.4
1071440 718.3
1071450 715.5
1071460 715.5
1071470 711.7
1071480 709.5
1071490 709.5
1071500 708.2
1071510 706.6
1071520 706.6
1071530 704.2
1071540 702.5
1071550 705.6
1071560 702.7
1071570 700.2
1071580 697.7
1071590 697.7
1071600 694.5
1071610 694.0
1071620 694.0
1071630 693.1
1071640 691.3
1071650 691.3
1071660 689.4
1071670 684.1
1071680 684.1
1071690 678.6
1071700 674.9
1071710 674.9
1071720 671.8
1071730 670.8
1071740 670.8
1071750 671.3
1071760 671.6
1071770 671.6
1071780 669.9
1071790 667.0
1071800 667.0
1071810 664.1
1071820 659.9
1071830 655.1
1071840 655.1
1071850 652.4
1071860 656.0
1071870 656.0
1071880 655.9
1071890 652.6
1071900 652.6
1071910 647.4
1071920 643.4
1071930 643.4
1071940 640.5
1071950 637.8
1071960 637.8
1071970 635.8
1071980 634.1
1071990 634.1
1072000 632.9
1072010 632.1
1072020 632.1
1072030 631.2
1072040 630.0
1072050 630.0
1072060 628.6
1072070 626.8
1072080 625.2
1072090 625.2
1072100 623.8
1072110 622.4
1072120 622.4
1072130 620.8
1072140 619.1
1072150 619.1
1072160 617.4
1072170 617.4
1072180 617.4
1072190 615.8
1072200 614.4
1072210 614.4
1072220 613.2
1072230 612.4
1072240 612.4
1072250 612.0
1072260 611.9
1072270 611.9
1072280 611.7
1072290 611.4
1072300 611.4
1072310 610.8
1072320 609.8
1072330 609.8
1072340 609.2
1072350 609.3
1072360 609.6
1072370 609.6
1072380 609.2
1072390 609.1
1072400 609.1
1072410 608.6
1072420 607.9
1072430 607.9
1072440 607.1
1072450 606.9
1072460 606.9
1072470 607.5
1072480 609.6
1072490 609.6
1072500 610.3
1072510 610.7
1072520 610.7
1072530 612.2
1072540 613.3
1072550 613.3
1072560 614.3
1072570 615.3
1072580 615.3
1072590 617.4
1072600 618.8
1072610 620.5
1072620 620.5
1072630 620.9
1072640 621.6
1072650 621.6
1072660 622.6
1072670 623.6
1072680 623.6
1072690 624.3
1072700 625.4
1072710 625.4
1072720 626.3
1072730 625.7
1072740 625.7
1072750 625.5
1072760 625.7
1072770 625.7
1072780 625.4
1072790 626.9
1072800 626.9
1072810 626.3
1072820 625.3
1072830 625.3
1072840 623.7
1072850 621.0
1072860 618.9
1072870 618.9
1072880 616.6
1072890 613.1
1072900 613.1
1072910 609.8
1072920 606.5
1072930 606.5
1072940 603.5
1072950 600.4
1072960 600.4
1072970 597.0
1072980 593.3
1072990 593.3
1073000 589.7
1073010 586.2
1073020 586.2
1073030 582.7
1073040 579.1
1073050 579.1
1073060 576.7
1073070 575.6
1073080 575.6
1073090 575.8
1073100 577.2
1073110 577.4
1073120 577.4
1073130 577.6
1073140 577.8
1073150 577.8
1073160 578.0
1073170 578.2
1073180 578.2
1073190 577.1
1073200 574.9
1073210 574.9
1073220 570.8
1073230 566.1
1073240 566.1
1073250 562.0
1073260 559.8
1073270 559.8
1073280 559.9
1073290 565.0
1073300 565.0
1073310 568.4
1073320 569.4
1073330 569.4
1073340 570.8
1073350 571.0
1073360 571.0
1073370 569.2
1073380 566.7
1073390 566.2
1073400 566.2
1073410 566.4
1073420 565.2
1073430 565.2
1073440 564.0
1073450 561.8
1073460 561.8
1073470 559.2
1073480 558.9
1073490 558.9
1073500 558.6
1073510 559.1
1073520 559.1
1073530 559.9
1073540 560.8
1073550 560.8
1073560 561.7
1073570 561.9
1073580 561.9
1073590 562.1
1073600 562.1
1073610 562.1
1073620 562.0
1073630 561.7
1073640 562.4
1073650 562.4
1073660 564.7
1073670 566.9
1073680 566.9
1073690 567.7
1073700 568.1
1073710 568.1
1073720 572.2
1073730 573.2
1073740 573.2
1073750 574.5
1073760 575.0
1073770 575.0
1073780 574.2
1073790 572.8
1073800 572.8
1073810 572.6
1073820 572.4
1073830 572.4
1073840 572.3
1073850 571.6
1073860 571.6
1073870 570.0
1073880 567.0
1073890 562.6
1073900 562.6
1073910 559.0
1073920 557.7
1073930 557.7
1073940 556.7
1073950 555.3
1073960 555.3
1073970 553.3
1073980 550.7
1073990 550.7
1074000 548.9
1074010 546.9
1074020 546.9
1074030 549.8
1074040 547.8
1074050 547.8
1074060 545.5
1074070 542.5
1074080 542.5
1074090 539.6
1074100 536.9
1074110 536.9
1074120 534.6
1074130 532.2
1074140 532.2
1074150 530.2
1074160 529.3
1074170 528.5
1074180 528.5
1074190 526.6
1074200 524.9
1074210 524.9
1074220 523.3
1074230 521.1
1074240 521.1
1074250 519.7
1074260 517.5
1074270 517.5
1074280 515.1
1074290 512.0
1074300 512.0
1074310 509.7
1074320 507.4
1074330 507.4
1074340 509.2
1074350 507.3
1074360 507.3
1074370 504.4
1074380 501.9
1074390 501.9
1074400 499.4
1074410 497.0
1074420 494.5
1074430 494.5
1074440 492.2
1074450 490.0
1074460 490.0
1074470 488.2
1074480 487.5
1074490 487.5
1074500 487.1
1074510 487.1
1074520 487.1
1074530 487.2
1074540 487.4
1074550 487.4
1074560 487.7
1074570 487.9
1074580 487.9
1074590 488.1
1074600 488.4
1074610 488.4
1074620 488.6
1074630 488.8
1074640 488.8
1074650 489.4
1074660 489.7
1074670 489.9
1074680 489.9
1074690 490.0
1074700 490.1
1074710 490.1
1074720 490.6
1074730 490.9
1074740 490.9
1074750 491.2
1074760 492.0
1074770 492.0
1074780 491.9
1074790 491.6
1074800 491.6
1074810 491.5
1074820 492.7
1074830 492.7
1074840 493.3
1074850 493.0
1074860 493.0
1074870 493.1
1074880 493.3
1074890 493.3
1074900 493.3
1074910 493.4
1074920 493.5
1074930 493.5
1074940 493.5
1074950 493.8
1074960 494.1
1074970 494.3
1074980 494.4
1074990 494.4
1075000 494.8
1075010 494.9
1075020 494.9
1075030 495.0
1075040 495.0
1075050 495.0
1075060 495.2
1075070 495.4
1075080 495.4
1075090 495.6
1075100 495.5
1075110 495.5
1075120 495.4
1075130 495.1
1075140 495.1
1075150 494.6
1075160 494.6
1075170 494.6
1075180 494.8
1075190 495.2
1075200 495.4
1075210 495.4
1075220 495.5
1075230 495.6
1075240 495.6
1075250 495.7
1075260 495.6
1075270 496.0
1075280 496.0
1075290 495.9
1075300 495.9
1075310 495.7
1075320 495.7
1075330 495.7
1075340 495.5
1075350 495.3
1075360 495.3
1075370 495.2
1075380 495.3
1075390 495.3
1075400 495.4
1075410 495.5
1075420 495.5
1075430 495.4
1075440 495.4
1075450 495.3
1075460 495.3
1075470 495.1
1075480 494.4
1075490 494.4
1075500 494.5
1075510 494.3
1075520 494.3
1075530 494.3
1075540 494.2
1075550 494.2
1075560 494.1
1075570 494.1
1075580 494.5
1075590 494.5
1075600 494.4
1075610 494.4
1075620 494.2
1075630 494.3
1075640 494.3
1075650 494.2
1075660 494.1
1075670 494.1
1075680 495.5
1075690 495.9
1075700 494.6
1075710 494.6
1075720 492.1
1075730 489.7
1075740 489.7
1075750 487.8
1075760 487.6
1075770 487.6
1075780 487.9
1075790 489.1
1075800 489.1
1075810 490.5
1075820 490.6
1075830 490.6
1075840 490.6
1075850 490.1
1075860 490.1
1075870 489.5
1075880 487.9
1075890 487.9
1075900 489.1
1075910 489.1
1075920 489.1
1075930 488.6
1075940 488.2
1075950 487.9
1075960 487.9
1075970 487.6
1075980 487.3
1075990 487.3
1076000 487.0
1076010 486.5
1076020 486.5
1076030 486.1
1076040 485.7
1076050 485.7
1076060 485.3
1076070 484.9
1076080 484.9
1076090 484.7
1076100 484.4
1076110 484.4
1076120 484.2
1076130 484.4
1076140 484.4
1076150 484.3
1076160 484.2
1076170 484.2
1076180 484.3
1076190 484.3
1076200 484.4
1076210 484.5
1076220 484.9
1076230 485.7
1076240 485.7
1076250 485.0
1076260 481.5
1076270 481.5
1076280 480.7
1076290 480.9
1076300 480.9
1076310 484.1
1076320 486.0
1076330 486.0
1076340 486.7
1076350 486.6
1076360 486.6
1076370 486.5
1076380 486.2
1076390 486.2
1076400 485.4
1076410 485.2
1076420 485.2
1076430 485.3
1076440 485.1
1076450 485.1
1076460 485.3
1076470 485.4
1076480 485.5
1076490 485.5
1076500 485.4
1076510 484.6
1076520 484.6
1076530 484.6
1076540 484.8
1076550 484.8
1076560 484.8
1076570 484.3
1076580 484.3
1076590 484.0
1076600 484.6
1076610 484.6
1076620 485.1
1076630 485.3
1076640 485.3
1076650 485.1
1076660 484.3
1076670 484.3
1076680 484.3
1076690 484.4
1076700 484.4
1076710 484.6
1076720 484.9
1076730 484.9
1076740 484.9
1076750 484.9
1076760 485.7
1076770 485.7
1076780 485.8
1076790 485.9
1076800 485.9
1076810 486.0
1076820 485.5
1076830 485.5
1076840 485.2
1076850 485.7
1076860 485.7
1076870 486.0
1076880 486.3
1076890 486.3
1076900 486.1
1076910 485.8
1076920 485.8
1076930 485.9
1076940 485.8
1076950 485.8
1076960 485.3
1076970 485.7
1076980 486.0
1076990 486.0
1077000 486.1
1077010 486.4
1077020 486.4
1077030 486.4
1077040 486.4
1077050 486.4
1077060 486.5
1077070 486.5
1077080 486.5
1077090 486.5
1077100 486.5
1077110 486.5
1077120 486.6
1077130 486.7
1077140 486.9
1077150 487.0
1077160 486.9
1077170 486.9
1077180 486.8
1077190 486.8
1077200 486.8
1077210 486.9
1077220 486.9
1077230 486.9
1077240 486.9
1077250 487.0
1077260 487.0
1077270 487.0
1077280 487.0
1077290 487.0
1077300 487.0
1077310 487.0
1077320 487.1
1077330 487.1
1077340 487.5
1077350 487.3
1077360 487.3
1077370 487.2
1077380 487.3
1077390 487.3
1077400 487.5
1077410 487.0
1077420 487.0
1077430 487.0
1077440 486.9
1077450 487.0
1077460 487.0
1077470 487.0
1077480 487.0
1077490 487.0
1077500 487.3
1077510 487.2
1077520 487.2
1077530 487.1
1077540 487.1
1077550 487.1
1077560 487.1
1077570 487.2
1077580 487.2
1077590 487.1
1077600 487.3
1077610 487.3
1077620 487.4
1077630 487.3
1077640 487.3
1077650 487.2
1077660 487.3
1077670 487.3
1077680 487.3
1077690 487.4
1077700 487.4
1077710 487.5
1077720 487.5
1077730 487.5
1077740 487.4
1077750 487.5
1077760 487.6
1077770 487.6
1077780 487.6
1077790 487.6
1077800 487.6
1077810 487.7
1077820 487.9
1077830 487.9
1077840 487.9
1077850 487.8
1077860 487.8
1077870 487.8
1077880 487.8
1077890 487.8
1077900 487.8
1077910 487.8
1077920 487.8
1077930 487.9
1077940 487.9
1077950 487.9
1077960 487.9
1077970 487.9
1077980 487.9
1077990 487.9
1078000 488.1
1078010 488.1
1078020 488.1
1078030 488.3
1078040 488.4
1078050 488.4
1078060 488.4
1078070 488.6
1078080 488.6
1078090 488.5
1078100 488.5
1078110 488.5
1078120 488.5
1078130 488.5
1078140 488.5
1078150 488.4
1078160 488.4
1078170 488.4
1078180 488.5
1078190 488.6
1078200 488.6
1078210 488.6
1078220 488.5
1078230 488.5
1078240 488.6
1078250 488.6
1078260 488.6
1078270 488.6
1078280 488.7
1078290 488.7
1078300 488.7
1078310 488.8
1078320 488.8
1078330 488.8
1078340 488.9
1078350 489.1
1078360 489.1
1078370 489.2
1078380 489.2
1078390 489.2
1078400 489.2
1078410 489.3
1078420 489.3
1078430 489.4
1078440 489.8
1078450 489.8
1078460 490.4
1078470 490.4
1078480 490.4
1078490 490.7
1078500 494.1
1078510 494.1
1078520 493.9
1078530 490.8
1078540 490.6
1078550 490.6
1078560 490.5
1078570 490.5
1078580 490.5
1078590 490.6
1078600 490.7
1078610 490.7
1078620 490.7
1078630 490.4
1078640 490.4
1078650 490.5
1078660 490.6
1078670 490.6
1078680 490.6
1078690 490.6
1078700 490.8
1078710 490.9
1078720 491.0
1078730 491.0
1078740 491.2
1078750 491.4
1078760 491.4
1078770 491.6
1078780 491.9
1078790 492.3
1078800 492.3
1078810 492.4
1078820 492.4
1078830 492.4
1078840 492.4
1078850 492.5
1078860 492.5
1078870 492.6
1078880 492.6
1078890 492.6
1078900 492.7
1078910 493.2
1078920 493.2
1078930 493.7
1078940 494.3
1078950 494.3
1078960 494.8
1078970 495.4
1078980 495.4
1078990 495.9
1079000 496.3
1079010 496.2
1079020 496.5
1079030 496.9
1079040 498.4
1079050 498.4
1079060 498.8
1079070 498.6
1079080 498.6
1079090 498.6
1079100 498.5
1079110 498.5
1079120 498.7
1079130 499.1
1079140 499.1
1079150 498.8
1079160 498.5
1079170 498.5
1079180 498.5
1079190 499.2
1079200 499.2
1079210 500.5
1079220 499.9
1079230 499.9
1079240 499.0
1079250 499.3
1079260 499.3
1079270 499.2
1079280 499.1
1079290 499.1
1079300 499.2
1079310 498.9
1079320 498.7
1079330 498.6
1079340 498.5
1079350 498.5
1079360 498.5
1079370 498.3
1079380 498.5
1079390 498.5
1079400 498.5
1079410 498.4
1079420 498.4
1079430 498.3
1079440 498.2
1079450 498.2
1079460 498.5
1079470 498.5
1079480 498.5
1079490 498.3
1079500 498.4
1079510 498.4
1079520 498.4
1079530 498.5
1079540 498.5
1079550 498.8
1079560 499.2
1079570 499.5
1079580 499.5
1079590 499.8
1079600 499.9
1079610 499.9
1079620 500.3
1079630 500.5
1079640 500.3
1079650 500.4
1079660 500.6
1079670 500.6
1079680 501.1
1079690 500.7
1079700 500.7
1079710 500.7
1079720 501.0
1079730 501.0
1079740 501.4
1079750 501.5
1079760 501.5
1079770 501.7
1079780 501.8
1079790 501.8
1079800 502.1
1079810 502.3
1079820 502.7
1079830 502.7
1079840 503.0
1079850 503.2
1079860 503.2
1079870 503.4
1079880 503.8
1079890 503.8
1079900 504.0
1079910 504.0
1079920 504.0
1079930 503.9
1079940 503.9
1079950 503.9
1079960 503.7
1079970 504.0
1079980 504.0
1079990 504.2
