1066380 1073.0
1066390 1073.0
1066400 1076.2
1066410 1075.7
1066420 1075.7
1066430 1076.3
1066440 1075.5
1066450 1075.5
1066460 1075.7
1066470 1078.6
1066480 1078.6
1066490 1080.6
1066500 1090.8
1066510 1090.8
1066520 1093.6
1066530 1097.9
1066540 1097.9
1066550 1102.6
1066560 1106.1
1066570 1110.3
1066580 1110.3
1066590 1114.9
1066600 1119.5
1066610 1119.5
1066620 1120.9
1066630 1120.9
1066640 1120.9
1066650 1122.2
1066660 1123.8
1066670 1123.8
1066680 1127.3
1066690 1132.6
1066700 1132.6
1066710 1132.2
1066720 1134.2
1066730 1134.2
1066740 1137.2
1066750 1139.7
1066760 1139.7
1066770 1139.8
1066780 1142.9
1066790 1142.9
1066800 1160.4
1066810 1163.8
1066820 1163.8
1066830 1161.7
1066840 1163.1
1066850 1170.2
1066860 1170.2
1066870 1177.0
1066880 1190.2
1066890 1190.2
1066900 1202.0
1066910 1212.4
1066920 1212.4
1066930 1223.4
1066940 1239.1
1066950 1239.1
1066960 1252.3
1066970 1269.7
1066980 1269.7
1066990 1288.3
1067000 1300.5
1067010 1300.5
1067020 1304.1
1067030 1307.3
1067040 1307.3
1067050 1310.0
1067060 1312.3
1067070 1312.3
1067080 1314.8
1067090 1316.2
1067100 1319.4
1067110 1326.2
1067120 1330.3
1067130 1333.5
1067140 1333.5
1067150 1336.7
1067160 1341.7
1067170 1341.7
1067180 1347.3
1067190 1353.8
1067200 1353.8
1067210 1360.3
1067220 1365.8
1067230 1365.8
1067240 1369.3
1067250 1367.6
1067260 1367.6
1067270 1364.0
1067280 1358.5
1067290 1358.5
1067300 1353.0
1067310 1347.5
1067320 1347.5
1067330 1342.0
1067340 1336.4
1067350 1330.5
1067360 1330.5
1067370 1324.6
1067380 1318.5
1067390 1318.5
1067400 1312.8
1067410 1304.5
1067420 1304.5
1067430 1298.6
1067440 1292.7
1067450 1292.7
1067460 1285.9
1067470 1280.2
1067480 1280.2
1067490 1275.2
1067500 1272.5
1067510 1272.5
1067520 1270.4
1067530 1268.6
1067540 1268.6
1067550 1265.5
1067560 1262.7
1067570 1262.7
1067580 1259.9
1067590 1255.7
1067600 1249.1
1067610 1249.1
1067620 1244.9
1067630 1241.3
1067640 1241.3
1067650 1238.0
1067660 1235.8
1067670 1235.8
1067680 1234.1
1067690 1233.1
1067700 1233.1
1067710 1230.7
1067720 1222.1
1067730 1222.1
1067740 1221.1
1067750 1218.0
1067760 1218.0
1067770 1212.7
1067780 1209.4
1067790 1209.4
1067800 1203.4
1067810 1197.0
1067820 1197.0
1067830 1194.4
1067840 1190.1
1067850 1190.1
1067860 1186.0
1067870 1179.8
1067880 1174.4
1067890 1174.4
1067900 1170.6
1067910 1167.5
1067920 1167.5
1067930 1172.2
1067940 1177.1
1067950 1177.1
1067960 1180.1
1067970 1181.2
1067980 1181.2
1067990 1182.5
1068000 1185.6
1068010 1185.6
1068020 1180.2
1068030 1182.0
1068040 1182.0
1068050 1184.4
1068060 1186.7
1068070 1186.7
1068080 1188.2
1068090 1190.4
1068100 1190.4
1068110 1191.1
1068120 1190.9
1068130 1191.7
1068140 1191.7
1068150 1192.6
1068160 1192.0
1068170 1192.0
1068180 1192.6
1068190 1194.7
1068200 1194.7
1068210 1197.1
1068220 1199.0
1068230 1199.0
1068240 1201.2
1068250 1202.3
1068260 1202.3
1068270 1202.1
1068280 1200.7
1068290 1200.7
1068300 1198.8
1068310 1197.7
1068320 1197.7
1068330 1189.4
1068340 1187.7
1068350 1187.7
1068360 1185.9
1068370 1183.7
1068380 1181.5
1068390 1181.5
1068400 1178.6
1068410 1175.3
1068420 1175.3
1068430 1171.6
1068440 1166.7
1068450 1166.7
1068460 1156.8
1068470 1147.3
1068480 1147.3
1068490 1139.6
1068500 1134.1
1068510 1134.1
1068520 1130.2
1068530 1126.1
1068540 1126.1
1068550 1120.3
1068560 1112.6
1068570 1112.6
1068580 1105.2
1068590 1098.4
1068600 1098.4
1068610 1093.6
1068620 1091.1
1068630 1082.0
1068640 1082.0
1068650 1079.3
1068660 1076.8
1068670 1076.8
1068680 1075.1
1068690 1074.5
1068700 1074.5
1068710 1071.9
1068720 1067.7
1068730 1067.7
1068740 1063.4
1068750 1059.1
1068760 1059.1
1068770 1054.0
1068780 1049.3
1068790 1049.3
1068800 1046.0
1068810 1040.9
1068820 1040.9
1068830 1036.4
1068840 1032.3
1068850 1032.3
1068860 1027.7
1068870 1022.4
1068880 1022.4
1068890 1017.8
1068900 1013.6
1068910 1010.4
1068920 1010.4
1068930 1006.6
1068940 997.6
1068950 997.6
1068960 993.9
1068970 990.0
1068980 990.0
1068990 986.6
1069000 982.3
1069010 982.3
1069020 978.2
1069030 974.5
1069040 974.5
1069050 970.7
1069060 966.6
1069070 966.6
1069080 962.8
1069090 958.8
1069100 958.8
1069110 955.7
1069120 951.9
1069130 951.9
1069140 948.0
1069150 943.9
1069160 940.1
1069170 940.1
1069180 936.8
1069190 934.0
1069200 934.0
1069210 931.3
1069220 928.7
1069230 928.7
1069240 926.5
1069250 919.3
1069260 919.3
1069270 916.4
1069280 913.4
1069290 913.4
1069300 910.6
1069310 908.0
1069320 908.0
1069330 905.2
1069340 901.4
1069350 901.4
1069360 897.5
1069370 892.3
1069380 892.3
1069390 887.0
1069400 881.7
1069410 876.2
1069420 876.2
1069430 871.2
1069440 866.4
1069450 866.4
1069460 861.4
1069470 855.9
1069480 855.9
1069490 849.3
1069500 842.9
1069510 842.9
1069520 837.9
1069530 832.6
1069540 832.6
1069550 830.7
1069560 825.3
1069570 825.3
1069580 820.4
1069590 815.2
1069600 815.2
1069610 809.5
1069620 804.9
1069630 804.9
1069640 801.1
1069650 797.8
1069660 797.8
1069670 793.5
1069680 788.3
1069690 783.2
1069700 783.2
1069710 778.3
1069720 773.5
1069730 773.5
1069740 768.9
1069750 764.7
1069760 764.7
1069770 760.8
1069780 755.5
1069790 755.5
1069800 751.2
1069810 747.0
1069820 747.0
1069830 742.0
1069840 730.9
1069850 730.9
1069860 709.5
1069870 702.1
1069880 702.1
1069890 695.8
1069900 689.3
1069910 689.3
1069920 681.3
1069930 672.9
1069940 665.9
1069950 665.9
1069960 660.8
1069970 656.9
1069980 656.9
1069990 651.1
1070000 638.2
1070010 638.2
1070020 629.4
1070030 622.5
1070040 622.5
1070050 614.6
1070060 608.5
1070070 608.5
1070080 606.7
1070090 606.4
1070100 606.4
1070110 606.3
1070120 605.9
1070130 605.9
1070140 605.8
1070150 605.9
1070160 605.9
1070170 605.0
1070180 604.8
1070190 604.6
1070200 604.6
1070210 604.3
1070220 604.2
1070230 604.2
1070240 604.0
1070250 602.8
1070260 602.8
1070270 603.5
1070280 607.2
1070290 607.2
1070300 616.2
1070310 619.8
1070320 619.8
1070330 617.8
1070340 616.2
1070350 616.2
1070360 616.3
1070370 616.7
1070380 616.7
1070390 615.2
1070400 616.6
1070410 616.6
1070420 619.6
1070430 616.9
1070440 616.6
1070450 616.6
1070460 619.4
1070470 623.7
1070480 623.7
1070490 627.5
1070500 631.2
1070510 631.2
1070520 637.5
1070530 644.5
1070540 644.5
1070550 650.9
1070560 652.1
1070570 652.1
1070580 648.3
1070590 644.2
1070600 644.2
1070610 645.2
1070620 655.1
1070630 655.1
1070640 664.7
1070650 673.3
1070660 673.3
1070670 679.9
1070680 686.1
1070690 686.1
1070700 694.9
1070710 704.4
1070720 711.9
1070730 711.9
1070740 719.6
1070750 728.3
1070760 728.3
1070770 734.0
1070780 740.9
1070790 740.9
1070800 745.7
1070810 749.9
1070820 749.9
1070830 753.7
1070840 756.6
1070850 756.6
1070860 759.3
1070870 759.9
1070880 759.9
1070890 757.4
1070900 756.9
1070910 756.9
1070920 759.9
1070930 762.9
1070940 762.9
1070950 765.4
1070960 767.9
1070970 770.8
1070980 770.8
1070990 773.5
1071000 775.6
1071010 775.6
1071020 777.1
1071030 777.5
1071040 777.5
1071050 777.7
1071060 777.8
1071070 777.8
1071080 777.6
1071090 778.0
1071100 778.0
1071110 778.1
1071120 778.4
1071130 778.4
1071140 778.3
1071150 777.8
1071160 777.8
1071170 777.0
1071180 776.4
1071190 776.4
1071200 776.0
1071210 775.4
1071220 774.4
1071230 774.4
1071240 773.5
1071250 772.2
1071260 772.2
1071270 771.6
1071280 770.4
1071290 770.4
1071300 768.6
1071310 766.6
1071320 766.6
1071330 764.4
1071340 762.4
1071350 762.4
1071360 760.8
1071370 759.1
1071380 759.1
1071390 756.9
1071400 758.5
1071410 758.5
1071420 757.7
1071430 757.0
1071440 757.0
1071450 756.1
1071460 755.9
1071470 754.5
1071480 754.5
1071490 750.3
1071500 746.1
1071510 746.1
1071520 743.3
1071530 745.1
1071540 745.1
1071550 746.4
1071560 745.8
1071570 745.8
1071580 743.5
1071590 740.8
1071600 740.8
1071610 739.2
1071620 738.0
1071630 738.0
1071640 736.1
1071650 733.6
1071660 733.6
1071670 731.3
1071680 728.6
1071690 728.6
1071700 730.8
1071710 726.9
1071720 726.9
1071730 723.5
1071740 719.9
1071750 715.8
1071760 715.8
1071770 711.3
1071780 709.0
1071790 709.0
1071800 707.9
1071810 707.3
1071820 707.3
1071830 704.8
1071840 701.5
1071850 701.5
1071860 699.5
1071870 697.5
1071880 697.5
1071890 695.7
1071900 692.4
1071910 692.4
1071920 687.7
1071930 682.4
1071940 682.4
1071950 676.7
1071960 672.6
1071970 672.6
1071980 670.5
1071990 669.9
1072000 670.5
1072010 674.9
1072020 677.2
1072030 676.5
1072040 676.5
1072050 672.6
1072060 667.2
1072070 667.2
1072080 661.4
1072090 655.7
1072100 655.7
1072110 651.2
1072120 649.1
1072130 649.1
1072140 647.3
1072150 646.1
1072160 646.1
1072170 645.0
1072180 642.4
1072190 642.4
1072200 639.6
1072210 638.0
1072220 638.0
1072230 637.4
1072240 636.8
1072250 635.8
1072260 635.8
1072270 634.5
1072280 633.3
1072290 633.3
1072300 631.7
1072310 630.6
1072320 633.0
1072330 632.7
1072340 632.5
1072350 632.5
1072360 631.6
1072370 630.9
1072380 630.9
1072390 631.2
1072400 631.1
1072410 631.1
1072420 630.7
1072430 629.9
1072440 629.9
1072450 629.7
1072460 629.5
1072470 629.5
1072480 629.6
1072490 629.9
1072500 629.9
1072510 630.3
1072520 630.9
1072530 631.3
1072540 631.3
1072550 632.7
1072560 634.9
1072570 634.9
1072580 636.9
1072590 638.9
1072600 638.9
1072610 640.7
1072620 643.0
1072630 645.4
1072640 647.2
1072650 648.8
1072660 648.8
1072670 650.1
1072680 651.0
1072690 651.0
1072700 652.0
1072710 652.8
1072720 652.8
1072730 653.5
1072740 653.8
1072750 653.8
1072760 653.7
1072770 654.0
1072780 656.0
1072790 656.0
1072800 657.0
1072810 658.0
1072820 658.0
1072830 658.3
1072840 658.1
1072850 658.1
1072860 657.1
1072870 655.1
1072880 655.1
1072890 653.3
1072900 651.1
1072910 651.1
1072920 649.0
1072930 647.9
1072940 650.8
1072950 649.8
1072960 648.8
1072970 648.8
1072980 647.1
1072990 644.1
1073000 644.1
1073010 640.9
1073020 638.4
1073030 635.5
1073040 635.5
1073050 634.5
1073060 634.0
1073070 634.0
1073080 631.7
1073090 627.9
1073100 627.9
1073110 624.1
1073120 620.4
1073130 620.4
1073140 615.9
1073150 610.8
1073160 610.8
1073170 606.1
1073180 601.5
1073190 601.5
1073200 596.9
1073210 592.5
1073220 592.5
1073230 590.8
1073240 590.9
1073250 591.2
1073260 590.7
1073270 588.8
1073280 586.0
1073290 586.0
1073300 583.1
1073310 580.4
1073320 580.4
1073330 579.0
1073340 577.6
1073350 577.6
1073360 576.1
1073370 575.0
1073380 575.0
1073390 575.0
1073400 576.0
1073410 576.0
1073420 577.4
1073430 580.0
1073440 580.0
1073450 582.1
1073460 582.5
1073470 582.5
1073480 582.4
1073490 582.8
1073500 582.8
1073510 583.2
1073520 583.7
1073530 583.7
1073540 584.4
1073550 584.4
1073560 585.3
1073570 585.3
1073580 584.2
1073590 582.4
1073600 582.4
1073610 580.8
1073620 579.5
1073630 579.5
1073640 578.4
1073650 578.3
1073660 578.3
1073670 578.5
1073680 580.4
1073690 580.4
1073700 582.1
1073710 582.9
1073720 582.9
1073730 583.5
1073740 584.1
1073750 584.1
1073760 584.6
1073770 585.2
1073780 585.2
1073790 585.9
1073800 586.3
1073810 586.7
1073820 586.7
1073830 587.1
1073840 587.2
1073850 587.2
1073860 587.3
1073870 587.6
1073880 587.6
1073890 587.2
1073900 586.2
1073910 586.2
1073920 585.1
1073930 584.3
1073940 584.3
1073950 583.9
1073960 583.9
1073970 583.9
1073980 584.6
1073990 586.3
1074000 586.3
1074010 587.4
1074020 588.1
1074030 588.1
1074040 588.6
1074050 588.5
1074060 587.2
1074070 587.2
1074080 584.6
1074090 581.2
1074100 581.2
1074110 579.4
1074120 577.5
1074130 577.5
1074140 574.5
1074150 570.5
1074160 570.5
1074170 566.6
1074180 567.5
1074190 567.5
1074200 566.9
1074210 566.3
1074220 566.3
1074230 563.4
1074240 559.5
1074250 559.5
1074260 554.8
1074270 550.9
1074280 550.9
1074290 550.1
1074300 549.2
1074310 546.5
1074320 546.5
1074330 542.8
1074340 537.9
1074350 537.9
1074360 532.8
1074370 529.4
1074380 529.4
1074390 527.6
1074400 525.5
1074410 525.5
1074420 523.1
1074430 521.5
1074440 521.5
1074450 521.4
1074460 519.5
1074470 519.5
1074480 516.7
1074490 515.1
1074500 515.1
1074510 512.0
1074520 509.0
1074530 509.0
1074540 506.4
1074550 504.3
1074560 504.3
1074570 501.9
1074580 498.6
1074590 496.2
1074600 496.2
1074610 495.2
1074620 494.1
1074630 494.1
1074640 493.0
1074650 492.5
1074660 492.5
1074670 492.6
1074680 492.8
1074690 492.8
1074700 493.0
1074710 493.2
1074720 493.2
1074730 493.5
1074740 493.7
1074750 493.7
1074760 494.0
1074770 494.3
1074780 494.3
1074790 494.6
1074800 495.1
1074810 495.1
1074820 495.2
1074830 495.2
1074840 495.3
1074850 495.3
1074860 495.4
1074870 495.7
1074880 495.7
1074890 496.1
1074900 496.6
1074910 496.6
1074920 497.2
1074930 497.4
1074940 497.4
1074950 497.6
1074960 497.5
1074970 497.5
1074980 497.6
1074990 498.1
1075000 498.1
1075010 498.3
1075020 498.4
1075030 498.4
1075040 498.5
1075050 498.8
1075060 498.8
1075070 499.0
1075080 499.2
1075090 499.2
1075100 499.2
1075110 499.7
1075120 499.6
1075130 499.6
1075140 499.3
1075150 499.4
1075160 499.4
1075170 499.8
1075180 499.6
1075190 499.6
1075200 499.5
1075210 499.4
1075220 499.4
1075230 499.8
1075240 500.3
1075250 500.3
1075260 500.6
1075270 500.8
1075280 500.8
1075290 500.6
1075300 500.3
1075310 500.3
1075320 500.2
1075330 500.4
1075340 500.4
1075350 500.4
1075360 500.5
1075370 500.7
1075380 500.7
1075390 500.6
1075400 500.4
1075410 500.4
1075420 501.0
1075430 501.1
1075440 501.1
1075450 500.1
1075460 499.6
1075470 499.6
1075480 499.6
1075490 499.5
1075500 499.5
1075510 499.6
1075520 499.7
1075530 499.7
1075540 499.8
1075550 500.0
1075560 500.0
1075570 500.2
1075580 500.2
1075590 500.2
1075600 500.0
1075610 499.8
1075620 499.8
1075630 499.8
1075640 500.5
1075650 499.8
1075660 499.8
1075670 499.0
1075680 498.6
1075690 498.6
1075700 498.5
1075710 497.9
1075720 497.9
1075730 497.7
1075740 497.2
1075750 497.2
1075760 496.7
1075770 497.2
1075780 497.2
1075790 497.7
1075800 500.4
1075810 500.4
1075820 501.6
1075830 501.4
1075840 501.4
1075850 501.3
1075860 501.0
1075870 499.7
1075880 499.7
1075890 498.6
1075900 494.9
1075910 494.9
1075920 489.2
1075930 487.9
1075940 487.9
1075950 487.7
1075960 489.2
1075970 489.2
1075980 490.6
1075990 490.9
1076000 490.9
1076010 489.5
1076020 485.8
1076030 485.8
1076040 485.5
1076050 484.6
1076060 484.6
1076070 484.4
1076080 484.6
1076090 484.6
1076100 484.5
1076110 484.1
1076120 484.2
1076130 484.2
1076140 483.7
1076150 483.6
1076160 483.6
1076170 483.5
1076180 483.9
1076190 483.9
1076200 484.2
1076210 484.0
1076220 484.0
1076230 484.1
1076240 484.0
1076250 484.0
1076260 484.1
1076270 484.2
1076280 484.2
1076290 484.4
1076300 484.5
1076310 484.5
1076320 484.6
1076330 484.9
1076340 484.9
1076350 484.9
1076360 486.3
1076370 485.5
1076380 485.5
1076390 481.9
1076400 481.5
1076410 481.5
1076420 481.5
1076430 483.3
1076440 483.3
1076450 486.7
1076460 487.4
1076470 487.4
1076480 487.4
1076490 487.3
1076500 487.3
1076510 487.1
1076520 486.6
1076530 486.6
1076540 485.8
1076550 485.4
1076560 485.4
1076570 485.1
1076580 485.1
1076590 485.1
1076600 485.4
1076610 485.7
1076620 485.7
1076630 485.8
1076640 485.9
1076650 485.9
1076660 485.9
1076670 485.8
1076680 485.6
1076690 485.6
1076700 485.3
1076710 485.2
1076720 485.2
1076730 485.0
1076740 485.1
1076750 485.1
1076760 484.7
1076770 484.9
1076780 484.9
1076790 485.1
1076800 485.5
1076810 485.5
1076820 485.8
1076830 485.9
1076840 485.9
1076850 485.7
1076860 485.6
1076870 485.6
1076880 486.1
1076890 486.2
1076900 486.2
1076910 486.2
1076920 486.3
1076930 486.4
1076940 486.4
1076950 486.4
1076960 486.4
1076970 486.4
1076980 486.4
1076990 486.4
1077000 486.4
1077010 486.2
1077020 485.8
1077030 485.8
1077040 485.4
1077050 486.5
1077060 486.5
1077070 486.7
1077080 486.8
1077090 486.8
1077100 486.8
1077110 486.9
1077120 486.9
1077130 486.8
1077140 486.7
1077150 486.9
1077160 486.9
1077170 487.0
1077180 487.0
1077190 487.0
1077200 486.9
1077210 486.9
1077220 486.9
1077230 486.9
1077240 487.1
1077250 487.1
1077260 486.9
1077270 487.1
1077280 487.1
1077290 487.1
1077300 486.8
1077310 486.8
1077320 486.9
1077330 487.4
1077340 487.4
1077350 487.5
1077360 487.6
1077370 487.6
1077380 487.6
1077390 487.6
1077400 487.6
1077410 487.6
1077420 487.7
1077430 487.8
1077440 487.8
1077450 487.9
1077460 487.9
1077470 487.9
1077480 487.8
1077490 487.9
1077500 487.9
1077510 488.0
1077520 488.1
1077530 488.1
1077540 488.8
1077550 489.2
1077560 489.2
1077570 489.2
1077580 488.7
1077590 488.7
1077600 489.0
1077610 488.6
1077620 488.6
1077630 488.3
1077640 488.3
1077650 488.3
1077660 488.2
1077670 488.2
1077680 488.3
1077690 488.3
1077700 488.3
1077710 488.4
1077720 488.4
1077730 488.4
1077740 488.5
1077750 488.5
1077760 488.5
1077770 488.4
1077780 488.4
1077790 488.4
1077800 488.4
1077810 488.4
1077820 488.5
1077830 488.5
1077840 488.5
1077850 488.5
1077860 488.5
1077870 488.5
1077880 488.6
1077890 488.6
1077900 488.6
1077910 488.7
1077920 488.7
1077930 488.6
1077940 488.6
1077950 488.7
1077960 488.8
1077970 488.8
1077980 488.8
1077990 488.9
1078000 488.9
1078010 489.0
1078020 489.1
1078030 489.1
1078040 489.1
1078050 489.2
1078060 489.2
1078070 489.1
1078080 489.2
1078090 489.2
1078100 489.2
1078110 489.3
1078120 489.3
1078130 489.5
1078140 489.6
1078150 489.6
1078160 489.5
1078170 489.4
1078180 489.4
1078190 489.4
1078200 489.4
1078210 489.4
1078220 489.5
1078230 489.5
1078240 489.5
1078250 489.5
1078260 489.6
1078270 489.6
1078280 489.6
1078290 489.6
1078300 489.6
1078310 489.6
1078320 489.6
1078330 489.6
1078340 489.6
1078350 489.6
1078360 489.6
1078370 489.6
1078380 489.6
1078390 489.6
1078400 489.6
1078410 489.6
1078420 489.7
1078430 490.0
1078440 490.0
1078450 490.1
1078460 490.1
1078470 490.1
1078480 490.2
1078490 490.2
1078500 490.2
1078510 490.2
1078520 490.3
1078530 490.3
1078540 490.5
1078550 490.7
1078560 490.7
1078570 491.0
1078580 490.9
1078590 490.9
1078600 491.0
1078610 491.0
1078620 491.0
1078630 491.1
1078640 491.2
1078650 491.2
1078660 491.3
1078670 491.4
1078680 491.4
1078690 491.6
1078700 492.2
1078710 492.6
1078720 492.6
1078730 492.7
1078740 493.0
1078750 493.0
1078760 492.9
1078770 492.7
1078780 492.7
1078790 492.5
1078800 492.4
1078810 492.4
1078820 492.1
1078830 491.9
1078840 491.9
1078850 493.0
1078860 492.9
1078870 492.9
1078880 493.3
1078890 494.1
1078900 494.1
1078910 494.2
1078920 494.3
1078930 494.3
1078940 495.2
1078950 495.7
1078960 495.9
1078970 495.9
1078980 495.8
1078990 495.4
1079000 495.4
1079010 494.7
1079020 493.5
1079030 493.5
1079040 492.8
1079050 492.6
1079060 492.6
1079070 492.8
1079080 492.8
1079090 492.8
1079100 492.8
1079110 492.8
1079120 492.8
1079130 492.8
1079140 492.6
1079150 492.6
1079160 492.5
1079170 492.4
1079180 492.4
1079190 492.5
1079200 492.5
1079210 492.5
1079220 492.5
1079230 492.8
1079240 493.2
1079250 493.2
1079260 493.8
1079270 494.0
1079280 494.0
1079290 494.2
1079300 494.4
1079310 494.4
1079320 494.6
1079330 494.8
1079340 494.8
1079350 495.1
1079360 495.3
1079370 495.3
1079380 495.5
1079390 496.1
1079400 496.1
1079410 496.3
1079420 496.3
1079430 496.3
1079440 496.1
1079450 496.3
1079460 496.5
1079470 496.5
1079480 496.4
1079490 496.5
1079500 496.5
1079510 496.7
1079520 496.9
1079530 496.9
1079540 497.0
1079550 497.1
1079560 497.1
1079570 497.3
1079580 497.7
1079590 497.7
1079600 498.3
1079610 499.1
1079620 499.1
1079630 500.1
1079640 499.4
1079650 499.4
1079660 499.6
1079670 499.7
1079680 499.7
1079690 499.7
1079700 499.6
1079710 499.6
1079720 499.2
1079730 499.0
1079740 498.8
1079750 498.8
1079760 498.5
1079770 497.9
1079780 497.9
1079790 497.2
1079800 497.2
1079810 497.2
1079820 497.3
1079830 497.0
1079840 497.0
1079850 496.9
1079860 496.8
1079870 496.8
1079880 496.8
1079890 497.0
1079900 497.0
1079910 497.4
1079920 497.6
1079930 497.6
1079940 497.4
1079950 497.5
1079960 497.5
1079970 497.6
1079980 497.8
1079990 498.4
