1066370 1308.2
1066380 1308.2
1066390 1310.9
1066400 1314.2
1066410 1314.2
1066420 1318.0
1066430 1322.0
1066440 1322.0
1066450 1326.7
1066460 1331.2
1066470 1331.2
1066480 1335.9
1066490 1341.5
1066500 1341.5
1066510 1347.9
1066520 1354.6
1066530 1354.6
1066540 1360.8
1066550 1368.5
1066560 1373.7
1066570 1373.7
1066580 1378.8
1066590 1384.7
1066600 1384.7
1066610 1393.9
1066620 1409.2
1066630 1409.2
1066640 1425.9
1066650 1436.8
1066660 1436.8
1066670 1448.1
1066680 1453.6
1066690 1453.6
1066700 1457.7
1066710 1458.9
1066720 1458.9
1066730 1457.0
1066740 1452.7
1066750 1452.7
1066760 1448.1
1066770 1443.1
1066780 1443.1
1066790 1438.5
1066800 1433.1
1066810 1427.2
1066820 1427.2
1066830 1420.4
1066840 1414.7
1066850 1414.7
1066860 1408.1
1066870 1402.1
1066880 1402.1
1066890 1395.9
1066900 1389.1
1066910 1389.1
1066920 1382.5
1066930 1375.3
1066940 1375.3
1066950 1368.1
1066960 1361.1
1066970 1361.1
1066980 1357.5
1066990 1350.5
1067000 1350.5
1067010 1343.2
1067020 1335.5
1067030 1335.5
1067040 1327.8
1067050 1320.3
1067060 1312.5
1067070 1312.5
1067080 1304.9
1067090 1297.6
1067100 1297.6
1067110 1290.6
1067120 1283.6
1067130 1283.6
1067140 1276.3
1067150 1269.7
1067160 1269.7
1067170 1263.5
1067180 1255.7
1067190 1255.7
1067200 1247.8
1067210 1240.7
1067220 1240.7
1067230 1235.2
1067240 1228.0
1067250 1228.0
1067260 1220.2
1067270 1213.7
1067280 1213.9
1067290 1207.4
1067300 1201.8
1067310 1195.5
1067320 1195.5
1067330 1189.3
1067340 1182.9
1067350 1182.9
1067360 1176.2
1067370 1169.1
1067380 1169.1
1067390 1162.3
1067400 1155.2
1067410 1155.2
1067420 1148.6
1067430 1141.7
1067440 1141.7
1067450 1135.3
1067460 1129.1
1067470 1129.1
1067480 1122.7
1067490 1115.6
1067500 1115.6
1067510 1109.6
1067520 1104.8
1067530 1104.8
1067540 1098.6
1067550 1094.0
1067560 1094.0
1067570 1090.3
1067580 1083.3
1067590 1074.6
1067600 1074.6
1067610 1065.1
1067620 1054.1
1067630 1054.1
1067640 1050.9
1067650 1052.5
1067660 1052.5
1067670 1054.6
1067680 1054.5
1067690 1054.5
1067700 1052.3
1067710 1049.6
1067720 1049.6
1067730 1046.0
1067740 1043.8
1067750 1043.8
1067760 1041.1
1067770 1036.8
1067780 1036.8
1067790 1033.9
1067800 1031.1
1067810 1031.1
1067820 1027.6
1067830 1024.0
1067840 1020.5
1067850 1020.5
1067860 1016.9
1067870 1013.9
1067880 1013.9
1067890 1005.4
1067900 1002.1
1067910 1002.1
1067920 998.7
1067930 995.0
1067940 995.0
1067950 991.0
1067960 987.1
1067970 987.1
1067980 983.5
1067990 980.3
1068000 980.3
1068010 976.4
1068020 972.1
1068030 972.1
1068040 968.1
1068050 964.7
1068060 964.7
1068070 961.7
1068080 958.2
1068090 954.6
1068100 954.6
1068110 951.1
1068120 946.4
1068130 946.4
1068140 940.7
1068150 934.5
1068160 934.5
1068170 929.9
1068180 925.5
1068190 925.5
1068200 918.3
1068210 914.2
1068220 914.2
1068230 907.2
1068240 899.9
1068250 899.9
1068260 894.1
1068270 886.6
1068280 886.6
1068290 878.8
1068300 876.5
1068310 876.5
1068320 875.3
1068330 877.0
1068340 880.5
1068350 880.5
1068360 883.2
1068370 883.6
1068380 883.6
1068390 887.4
1068400 891.7
1068410 891.7
1068420 891.5
1068430 890.9
1068440 890.9
1068450 892.1
1068460 891.2
1068470 891.2
1068480 888.9
1068490 889.5
1068500 882.3
1068510 882.3
1068520 882.8
1068530 882.8
1068540 886.6
1068550 887.3
1068560 887.3
1068570 885.7
1068580 883.1
1068590 883.1
1068600 880.0
1068610 876.0
1068620 871.0
1068630 871.0
1068640 866.3
1068650 864.3
1068660 864.3
1068670 860.0
1068680 855.6
1068690 855.6
1068700 859.8
1068710 863.5
1068720 863.5
1068730 862.1
1068740 857.5
1068750 857.5
1068760 854.4
1068770 856.7
1068780 856.7
1068790 862.6
1068800 863.3
1068810 860.6
1068820 855.8
1068830 851.4
1068840 851.4
1068850 851.0
1068860 851.7
1068870 856.6
1068880 856.6
1068890 859.7
1068900 859.5
1068910 859.5
1068920 857.1
1068930 853.1
1068940 853.1
1068950 848.5
1068960 844.0
1068970 844.0
1068980 838.1
1068990 831.7
1069000 831.7
1069010 827.6
1069020 822.2
1069030 822.2
1069040 817.0
1069050 811.6
1069060 811.6
1069070 805.9
1069080 799.4
1069090 799.4
1069100 793.5
1069110 786.9
1069120 783.8
1069130 783.8
1069140 779.8
1069150 780.8
1069160 780.8
1069170 782.4
1069180 786.1
1069190 786.1
1069200 789.8
1069210 790.4
1069220 790.4
1069230 790.2
1069240 786.9
1069250 786.9
1069260 780.5
1069270 773.1
1069280 773.1
1069290 766.4
1069300 760.9
1069310 760.9
1069320 756.0
1069330 751.8
1069340 751.8
1069350 747.3
1069360 742.7
1069370 737.4
1069380 737.4
1069390 730.6
1069400 723.3
1069410 723.3
1069420 722.7
1069430 712.2
1069440 712.2
1069450 702.6
1069460 696.7
1069470 696.7
1069480 689.9
1069490 686.1
1069500 686.1
1069510 687.0
1069520 689.6
1069530 689.6
1069540 688.9
1069550 686.5
1069560 686.5
1069570 684.4
1069580 682.8
1069590 682.8
1069600 676.8
1069610 667.1
1069620 660.0
1069630 660.0
1069640 647.8
1069650 628.3
1069660 628.3
1069670 628.3
1069680 630.2
1069690 630.2
1069700 635.4
1069710 643.7
1069720 643.7
1069730 650.5
1069740 649.9
1069750 649.9
1069760 648.5
1069770 646.7
1069780 646.7
1069790 641.4
1069800 640.1
1069810 640.1
1069820 644.8
1069830 649.3
1069840 649.3
1069850 653.0
1069860 655.9
1069870 655.9
1069880 665.1
1069890 680.1
1069900 688.9
1069910 688.9
1069920 692.4
1069930 701.9
1069940 701.9
1069950 719.6
1069960 728.7
1069970 728.7
1069980 730.5
1069990 730.8
1070000 730.8
1070010 731.1
1070020 733.0
1070030 733.0
1070040 740.9
1070050 745.7
1070060 745.7
1070070 753.3
1070080 759.8
1070090 759.8
1070100 764.8
1070110 766.1
1070120 766.1
1070130 764.1
1070140 763.1
1070150 768.0
1070160 768.0
1070170 773.7
1070180 779.7
1070190 779.7
1070200 786.3
1070210 792.7
1070220 792.7
1070230 797.9
1070240 803.3
1070250 803.3
1070260 808.1
1070270 813.5
1070280 813.5
1070290 819.6
1070300 825.5
1070310 825.5
1070320 830.8
1070330 835.5
1070340 835.2
1070350 840.3
1070360 845.4
1070370 845.4
1070380 850.4
1070390 855.0
1070400 858.5
1070410 858.5
1070420 861.0
1070430 862.2
1070440 862.2
1070450 862.6
1070460 863.6
1070470 863.6
1070480 865.6
1070490 868.0
1070500 868.0
1070510 868.9
1070520 868.3
1070530 868.3
1070540 865.5
1070550 862.4
1070560 862.4
1070570 864.3
1070580 867.6
1070590 867.6
1070600 869.5
1070610 870.4
1070620 870.4
1070630 869.8
1070640 869.2
1070650 872.6
1070660 872.6
1070670 874.0
1070680 874.9
1070690 874.9
1070700 874.1
1070710 868.7
1070720 868.7
1070730 862.7
1070740 862.9
1070750 862.9
1070760 866.4
1070770 871.6
1070780 871.6
1070790 876.9
1070800 882.4
1070810 882.4
1070820 887.7
1070830 892.4
1070840 892.4
1070850 895.3
1070860 897.1
1070870 897.1
1070880 898.1
1070890 898.8
1070900 898.8
1070910 899.2
1070920 899.9
1070930 900.3
1070940 900.3
1070950 900.0
1070960 902.7
1070970 902.7
1070980 901.8
1070990 901.7
1071000 901.7
1071010 902.1
1071020 902.8
1071030 902.8
1071040 904.3
1071050 905.6
1071060 905.6
1071070 906.5
1071080 907.2
1071090 907.2
1071100 907.1
1071110 906.7
1071120 906.7
1071130 906.0
1071140 905.9
1071150 905.9
1071160 907.6
1071170 910.2
1071180 912.8
1071190 912.8
1071200 914.7
1071210 916.4
1071220 916.4
1071230 917.6
1071240 917.8
1071250 917.8
1071260 921.2
1071270 921.4
1071280 921.4
1071290 920.7
1071300 919.7
1071310 919.7
1071320 918.7
1071330 917.6
1071340 917.6
1071350 916.0
1071360 913.7
1071370 913.7
1071380 911.2
1071390 908.8
1071400 908.8
1071410 906.4
1071420 903.8
1071430 902.6
1071440 902.6
1071450 901.9
1071460 900.9
1071470 900.9
1071480 899.2
1071490 898.4
1071500 898.4
1071510 897.7
1071520 897.2
1071530 897.2
1071540 896.7
1071550 895.3
1071560 895.3
1071570 895.0
1071580 894.2
1071590 894.2
1071600 894.4
1071610 894.8
1071620 894.8
1071630 894.6
1071640 894.1
1071650 894.1
1071660 893.8
1071670 893.4
1071680 892.8
1071690 892.8
1071700 891.9
1071710 891.0
1071720 891.0
1071730 890.0
1071740 888.4
1071750 888.4
1071760 886.8
1071770 885.2
1071780 885.2
1071790 883.9
1071800 881.9
1071810 881.9
1071820 880.1
1071830 879.3
1071840 879.3
1071850 878.3
1071860 876.8
1071870 876.8
1071880 876.6
1071890 873.8
1071900 873.8
1071910 872.3
1071920 870.9
1071930 870.9
1071940 868.7
1071950 865.2
1071960 862.7
1071970 862.7
1071980 860.2
1071990 858.9
1072000 858.9
1072010 856.9
1072020 853.4
1072030 853.4
1072040 850.0
1072050 846.6
1072060 846.6
1072070 842.4
1072080 837.6
1072090 837.6
1072100 833.8
1072110 830.8
1072120 830.8
1072130 827.3
1072140 823.7
1072150 823.7
1072160 820.5
1072170 818.5
1072180 818.5
1072190 819.0
1072200 815.6
1072210 811.1
1072220 811.1
1072230 805.9
1072240 802.0
1072250 802.0
1072260 801.2
1072270 798.1
1072280 798.1
1072290 794.3
1072300 789.8
1072310 789.8
1072320 785.1
1072330 782.2
1072340 782.2
1072350 780.4
1072360 777.4
1072370 777.4
1072380 772.4
1072390 768.3
1072400 768.3
1072410 765.5
1072420 762.9
1072430 762.9
1072440 764.6
1072450 762.6
1072460 759.1
1072470 759.1
1072480 756.2
1072490 755.9
1072500 759.7
1072510 758.4
1072520 758.5
1072530 758.5
1072540 758.8
1072550 757.2
1072560 757.2
1072570 755.8
1072580 754.4
1072590 754.4
1072600 753.7
1072610 756.5
1072620 756.5
1072630 758.6
1072640 757.7
1072650 757.7
1072660 755.2
1072670 752.8
1072680 752.8
1072690 750.2
1072700 748.9
1072710 747.5
1072720 747.5
1072730 746.3
1072740 745.3
1072750 745.3
1072760 744.3
1072770 743.0
1072780 743.0
1072790 741.7
1072800 740.5
1072810 745.6
1072820 744.0
1072830 741.8
1072840 741.8
1072850 740.9
1072860 739.8
1072870 739.8
1072880 738.9
1072890 737.9
1072900 737.9
1072910 736.8
1072920 735.8
1072930 735.8
1072940 736.2
1072950 736.3
1072960 736.0
1072970 736.0
1072980 735.2
1072990 733.7
1073000 733.7
1073010 732.9
1073020 732.6
1073030 732.6
1073040 731.8
1073050 729.4
1073060 729.4
1073070 725.7
1073080 725.1
1073090 725.1
1073100 724.4
1073110 728.2
1073120 728.2
1073130 726.3
1073140 724.0
1073150 724.0
1073160 721.6
1073170 720.1
1073180 720.1
1073190 718.9
1073200 717.3
1073210 717.3
1073220 716.1
1073230 716.5
1073240 716.4
1073250 716.4
1073260 715.3
1073270 714.3
1073280 714.3
1073290 713.6
1073300 712.1
1073310 712.1
1073320 710.3
1073330 707.9
1073340 707.9
1073350 705.4
1073360 702.6
1073370 702.6
1073380 699.2
1073390 696.1
1073400 696.1
1073410 693.0
1073420 694.5
1073430 694.5
1073440 691.7
1073450 688.8
1073460 688.8
1073470 686.2
1073480 684.5
1073490 682.8
1073500 682.8
1073510 680.4
1073520 677.7
1073530 677.7
1073540 675.1
1073550 672.7
1073560 672.7
1073570 671.0
1073580 670.4
1073590 670.4
1073600 670.0
1073610 669.5
1073620 669.5
1073630 668.2
1073640 667.2
1073650 667.2
1073660 665.9
1073670 665.4
1073680 665.4
1073690 664.2
1073700 661.3
1073710 661.3
1073720 657.2
1073730 658.1
1073740 658.4
1073750 658.4
1073760 655.9
1073770 653.5
1073780 653.5
1073790 650.9
1073800 648.2
1073810 648.2
1073820 646.7
1073830 644.8
1073840 644.8
1073850 643.6
1073860 642.5
1073870 642.5
1073880 641.0
1073890 639.5
1073900 639.5
1073910 638.0
1073920 635.5
1073930 635.5
1073940 633.9
1073950 632.1
1073960 632.1
1073970 630.7
1073980 629.9
1073990 629.7
1074000 629.7
1074010 630.9
1074020 632.7
1074030 632.7
1074040 633.5
1074050 634.7
1074060 634.7
1074070 636.7
1074080 639.4
1074090 639.4
1074100 641.8
1074110 643.3
1074120 643.3
1074130 644.7
1074140 646.9
1074150 646.9
1074160 647.3
1074170 648.5
1074180 648.5
1074190 649.2
1074200 650.0
1074210 650.0
1074220 650.3
1074230 650.0
1074240 650.0
1074250 650.8
1074260 651.5
1074270 653.1
1074280 653.1
1074290 653.6
1074300 655.4
1074310 655.4
1074320 656.5
1074330 655.7
1074340 655.7
1074350 656.6
1074360 655.5
1074370 655.5
1074380 654.5
1074390 653.8
1074400 653.8
1074410 653.5
1074420 653.2
1074430 653.2
1074440 652.5
1074450 651.4
1074460 651.4
1074470 649.6
1074480 648.0
1074490 648.0
1074500 646.8
1074510 645.3
1074520 644.3
1074530 644.3
1074540 642.9
1074550 641.1
1074560 641.1
1074570 637.0
1074580 636.6
1074590 636.6
1074600 636.0
1074610 633.8
1074620 633.8
1074630 631.7
1074640 629.4
1074650 629.4
1074660 631.6
1074670 628.0
1074680 628.0
1074690 624.4
1074700 620.6
1074710 620.6
1074720 616.3
1074730 612.2
1074740 612.2
1074750 608.3
1074760 605.0
1074770 601.6
1074780 601.6
1074790 599.0
1074800 596.5
1074810 596.5
1074820 594.4
1074830 591.9
1074840 591.9
1074850 589.7
1074860 587.6
1074870 587.6
1074880 585.4
1074890 583.6
1074900 583.6
1074910 582.2
1074920 580.3
1074930 580.3
1074940 578.0
1074950 576.8
1074960 576.8
1074970 578.0
1074980 575.2
1074990 575.2
1075000 572.4
1075010 570.3
1075020 569.3
1075030 569.3
1075040 568.3
1075050 565.7
1075060 565.7
1075070 562.1
1075080 558.4
1075090 558.4
1075100 554.7
1075110 551.0
1075120 551.0
1075130 547.3
1075140 543.5
1075150 543.5
1075160 540.3
1075170 536.9
1075180 536.9
1075190 533.3
1075200 530.2
1075210 530.2
1075220 528.1
1075230 526.3
1075240 526.3
1075250 523.7
1075260 521.4
1075270 521.4
1075280 523.3
1075290 522.9
1075300 524.2
1075310 524.2
1075320 525.0
1075330 526.2
1075340 526.2
1075350 526.4
1075360 526.3
1075370 526.3
1075380 526.1
1075390 525.9
1075400 525.9
1075410 526.0
1075420 526.6
1075430 526.6
1075440 527.1
1075450 527.4
1075460 527.4
1075470 527.1
1075480 525.5
1075490 525.5
1075500 523.3
1075510 520.9
1075520 520.9
1075530 522.0
1075540 523.4
1075550 523.3
1075560 523.3
1075570 523.5
1075580 524.1
1075590 524.1
1075600 527.6
1075610 528.1
1075620 528.1
1075630 528.3
1075640 527.7
1075650 527.7
1075660 527.2
1075670 526.7
1075680 526.7
1075690 526.1
1075700 525.8
1075710 525.8
1075720 526.2
1075730 526.1
1075740 526.1
1075750 525.7
1075760 525.3
1075770 525.3
1075780 524.8
1075790 524.5
1075800 524.2
1075810 524.2
1075820 523.6
1075830 523.1
1075840 523.1
1075850 523.1
1075860 523.2
1075870 523.2
1075880 523.2
1075890 522.8
1075900 522.8
1075910 522.2
1075920 521.8
1075930 521.8
1075940 521.5
1075950 521.2
1075960 521.2
1075970 520.7
1075980 520.1
1075990 520.1
1076000 519.2
1076010 518.2
1076020 518.2
1076030 517.6
1076040 517.2
1076050 516.4
1076060 516.4
1076070 514.3
1076080 510.7
1076090 510.7
1076100 507.4
1076110 504.7
1076120 504.7
1076130 502.3
1076140 499.3
1076150 499.3
1076160 495.8
1076170 493.6
1076180 493.6
1076190 491.6
1076200 487.8
1076210 487.8
1076220 487.1
1076230 486.1
1076240 486.1
1076250 486.1
1076260 486.1
1076270 486.1
1076280 486.1
1076290 486.1
1076300 486.1
1076310 486.1
1076320 486.1
1076330 486.1
1076340 486.1
1076350 486.1
1076360 486.1
1076370 486.1
1076380 486.2
1076390 488.8
1076400 488.8
1076410 492.7
1076420 491.5
1076430 491.5
1076440 486.5
1076450 484.1
1076460 484.1
1076470 485.8
1076480 487.5
1076490 487.5
1076500 492.0
1076510 495.4
1076520 495.4
1076530 497.6
1076540 497.1
1076550 495.4
1076560 495.4
1076570 489.4
1076580 486.8
1076590 486.8
1076600 486.9
1076610 486.9
1076620 486.9
1076630 486.7
1076640 488.7
1076650 488.7
1076660 490.4
1076670 490.2
1076680 490.2
1076690 487.9
1076700 486.5
1076710 486.5
1076720 486.5
1076730 485.9
1076740 485.9
1076750 485.1
1076760 485.0
1076770 485.0
1076780 485.0
1076790 485.0
1076800 485.0
1076810 485.0
1076820 485.0
1076830 485.0
1076840 485.0
1076850 485.0
1076860 485.0
1076870 485.0
1076880 485.1
1076890 485.1
1076900 485.1
1076910 485.0
1076920 485.1
1076930 485.1
1076940 485.1
1076950 485.1
1076960 485.1
1076970 485.1
1076980 485.0
1076990 485.0
1077000 485.3
1077010 486.8
1077020 486.8
1077030 488.1
1077040 489.4
1077050 489.4
1077060 490.6
1077070 488.9
1077080 485.7
1077090 485.7
1077100 484.9
1077110 484.9
1077120 484.9
1077130 484.9
1077140 485.5
1077150 485.0
1077160 485.3
1077170 487.5
1077180 487.5
1077190 490.6
1077200 491.7
1077210 491.7
1077220 491.6
1077230 491.5
1077240 491.5
1077250 491.4
1077260 491.1
1077270 491.1
1077280 491.0
1077290 490.9
1077300 490.9
1077310 490.8
1077320 490.7
1077330 490.6
1077340 490.6
1077350 490.7
1077360 490.9
1077370 490.9
1077380 491.1
1077390 491.3
1077400 491.3
1077410 491.0
1077420 489.9
1077430 489.9
1077440 489.6
1077450 489.7
1077460 489.7
1077470 489.6
1077480 489.7
1077490 489.7
1077500 489.8
1077510 489.8
1077520 489.8
1077530 489.7
1077540 489.6
1077550 489.6
1077560 489.7
1077570 489.8
1077580 489.8
1077590 489.8
1077600 489.9
1077610 489.9
1077620 489.9
1077630 489.9
1077640 490.0
1077650 490.0
1077660 490.0
1077670 490.0
1077680 490.0
1077690 489.9
1077700 489.9
1077710 489.9
1077720 490.0
1077730 490.0
1077740 490.0
1077750 490.1
1077760 490.1
1077770 490.1
1077780 490.1
1077790 490.2
1077800 490.2
1077810 490.3
1077820 490.2
1077830 490.2
1077840 490.2
1077850 490.4
1077860 490.5
1077870 490.5
1077880 490.6
1077890 490.6
1077900 490.6
1077910 490.7
1077920 490.9
1077930 490.9
1077940 491.0
1077950 491.0
1077960 491.0
1077970 491.0
1077980 491.1
1077990 491.1
1078000 491.1
1078010 491.0
1078020 491.0
1078030 491.0
1078040 491.1
1078050 491.1
1078060 491.1
1078070 491.1
1078080 491.1
1078090 491.2
1078100 491.2
1078110 491.2
1078120 491.2
1078130 491.1
1078140 491.2
1078150 491.2
1078160 491.2
1078170 491.1
1078180 491.1
1078190 491.2
1078200 491.2
1078210 491.2
1078220 491.3
1078230 491.2
1078240 491.2
1078250 491.1
1078260 491.2
1078270 491.2
1078280 491.4
1078290 491.5
1078300 491.5
1078310 491.6
1078320 491.4
1078330 491.4
1078340 491.4
1078350 491.5
1078360 491.4
1078370 491.4
1078380 491.4
1078390 491.4
1078400 491.4
1078410 491.5
1078420 491.5
1078430 491.5
1078440 491.6
1078450 491.7
1078460 491.7
1078470 491.7
1078480 491.7
1078490 491.7
1078500 491.6
1078510 491.6
1078520 491.6
1078530 491.7
1078540 491.7
1078550 491.7
1078560 491.6
1078570 491.4
1078580 491.4
1078590 491.4
1078600 491.6
1078610 491.7
1078620 491.7
1078630 491.8
1078640 491.8
1078650 491.8
1078660 491.9
1078670 492.4
1078680 492.4
1078690 492.4
1078700 492.4
1078710 492.4
1078720 492.5
1078730 492.6
1078740 492.6
1078750 492.6
1078760 492.7
1078770 492.7
1078780 492.7
1078790 492.8
1078800 492.8
1078810 492.9
1078820 493.0
1078830 493.0
1078840 493.2
1078850 493.3
1078860 493.1
1078870 493.1
1078880 493.2
1078890 493.2
1078900 493.2
1078910 493.2
1078920 493.2
1078930 493.2
1078940 493.2
1078950 493.2
1078960 493.2
1078970 493.2
1078980 493.5
1078990 493.5
1079000 493.5
1079010 493.4
1079020 493.4
1079030 493.5
1079040 493.6
1079050 493.6
1079060 494.0
1079070 494.0
1079080 494.0
1079090 493.9
1079100 494.0
1079110 494.0
1079120 494.2
1079130 494.2
1079140 494.2
1079150 494.2
1079160 494.0
1079170 493.8
1079180 493.8
1079190 493.6
1079200 493.6
1079210 493.6
1079220 493.8
1079230 493.8
1079240 493.8
1079250 493.9
1079260 493.9
1079270 493.9
1079280 493.9
1079290 493.8
1079300 493.8
1079310 493.8
1079320 493.7
1079330 493.7
1079340 493.8
1079350 493.6
1079360 493.6
1079370 493.9
1079380 495.2
1079390 498.2
1079400 498.2
1079410 501.5
1079420 503.3
1079430 503.3
1079440 506.1
1079450 508.8
1079460 508.8
1079470 508.3
1079480 505.5
1079490 505.5
1079500 505.2
1079510 505.9
1079520 505.9
1079530 507.1
1079540 508.1
1079550 508.1
1079560 510.0
1079570 512.3
1079580 512.3
1079590 515.3
1079600 518.5
1079610 518.5
1079620 520.9
1079630 523.3
1079640 524.9
1079650 524.9
1079660 523.9
1079670 524.7
1079680 524.7
1079690 525.6
1079700 526.8
1079710 526.8
1079720 528.1
1079730 529.2
1079740 529.2
1079750 530.0
1079760 530.7
1079770 530.7
1079780 531.6
1079790 532.2
1079800 532.2
1079810 532.6
1079820 532.8
1079830 532.8
1079840 532.4
1079850 532.0
1079860 532.0
1079870 532.2
1079880 531.7
1079890 530.9
1079900 530.9
1079910 529.9
1079920 529.0
1079930 529.0
1079940 527.9
1079950 526.6
1079960 526.6
1079970 523.9
1079980 522.7
1079990 522.7
