1066490 1271.4
1066500 1271.4
1066510 1274.4
1066520 1281.2
1066530 1281.2
1066540 1284.6
1066550 1286.3
1066560 1286.3
1066570 1288.8
1066580 1292.6
1066590 1295.1
1066600 1295.1
1066610 1298.3
1066620 1304.3
1066630 1304.3
1066640 1310.1
1066650 1316.5
1066660 1316.5
1066670 1330.5
1066680 1341.8
1066690 1341.8
1066700 1348.1
1066710 1355.5
1066720 1355.5
1066730 1361.7
1066740 1375.2
1066750 1375.2
1066760 1387.7
1066770 1397.4
1066780 1397.4
1066790 1401.6
1066800 1402.9
1066810 1402.9
1066820 1402.5
1066830 1400.5
1066840 1397.1
1066850 1397.1
1066860 1394.1
1066870 1391.0
1066880 1391.0
1066890 1385.6
1066900 1379.3
1066910 1379.3
1066920 1373.0
1066930 1366.0
1066940 1366.0
1066950 1359.3
1066960 1352.7
1066970 1352.7
1066980 1346.4
1066990 1339.8
1067000 1339.8
1067010 1333.5
1067020 1327.5
1067030 1327.5
1067040 1322.0
1067050 1316.5
1067060 1316.5
1067070 1310.7
1067080 1305.8
1067090 1301.1
1067100 1301.1
1067110 1297.0
1067120 1291.4
1067130 1291.4
1067140 1286.0
1067150 1283.7
1067160 1283.7
1067170 1282.1
1067180 1274.4
1067190 1274.4
1067200 1268.7
1067210 1261.7
1067220 1261.7
1067230 1256.6
1067240 1256.8
1067250 1256.8
1067260 1258.0
1067270 1257.0
1067280 1257.0
1067290 1254.8
1067300 1253.0
1067310 1253.0
1067320 1250.5
1067330 1247.8
1067340 1247.8
1067350 1247.1
1067360 1246.2
1067370 1244.3
1067380 1244.3
1067390 1240.8
1067400 1235.8
1067410 1235.8
1067420 1234.0
1067430 1231.4
1067440 1231.4
1067450 1227.5
1067460 1226.7
1067470 1226.7
1067480 1218.2
1067490 1215.9
1067500 1215.9
1067510 1212.7
1067520 1208.9
1067530 1208.9
1067540 1205.1
1067550 1201.6
1067560 1201.6
1067570 1197.8
1067580 1193.7
1067590 1193.7
1067600 1189.5
1067610 1184.8
1067620 1180.2
1067630 1180.2
1067640 1175.4
1067650 1169.3
1067660 1169.3
1067670 1163.0
1067680 1156.5
1067690 1156.5
1067700 1149.4
1067710 1142.5
1067720 1142.5
1067730 1135.4
1067740 1127.7
1067750 1127.7
1067760 1121.3
1067770 1114.8
1067780 1114.8
1067790 1107.4
1067800 1100.9
1067810 1100.9
1067820 1094.3
1067830 1087.8
1067840 1087.8
1067850 1079.6
1067860 1074.9
1067870 1067.4
1067880 1067.4
1067890 1059.6
1067900 1051.9
1067910 1051.9
1067920 1044.5
1067930 1038.6
1067940 1038.6
1067950 1033.4
1067960 1026.9
1067970 1026.9
1067980 1019.8
1067990 1012.8
1068000 1012.8
1068010 1003.2
1068020 996.4
1068030 996.4
1068040 1000.9
1068050 1003.4
1068060 1003.4
1068070 1007.1
1068080 1010.7
1068090 1001.0
1068100 1003.6
1068110 1005.6
1068120 1005.7
1068130 1005.7
1068140 1006.3
1068150 1007.9
1068160 1007.9
1068170 1010.4
1068180 1011.5
1068190 1011.5
1068200 1011.4
1068210 1009.3
1068220 1009.3
1068230 1012.7
1068240 1015.5
1068250 1015.5
1068260 1017.1
1068270 1018.4
1068280 1018.4
1068290 1018.7
1068300 1017.7
1068310 1017.7
1068320 1019.8
1068330 1019.5
1068340 1019.5
1068350 1016.8
1068360 1014.3
1068370 1014.3
1068380 1011.9
1068390 1011.3
1068400 1005.3
1068410 1005.3
1068420 1004.1
1068430 1002.4
1068440 1002.4
1068450 1001.6
1068460 1000.4
1068470 1000.4
1068480 998.3
1068490 995.0
1068500 995.0
1068510 992.0
1068520 988.7
1068530 988.7
1068540 985.4
1068550 981.9
1068560 981.9
1068570 978.8
1068580 976.0
1068590 976.0
1068600 973.6
1068610 970.6
1068620 970.6
1068630 967.5
1068640 965.2
1068650 961.5
1068660 961.5
1068670 958.8
1068680 955.8
1068690 955.8
1068700 947.7
1068710 943.1
1068720 943.1
1068730 938.5
1068740 934.6
1068750 934.6
1068760 930.3
1068770 926.7
1068780 926.7
1068790 922.2
1068800 918.4
1068810 918.4
1068820 915.8
1068830 912.4
1068840 912.4
1068850 907.9
1068860 904.0
1068870 904.0
1068880 899.9
1068890 895.7
1068900 889.8
1068910 889.8
1068920 883.0
1068930 883.8
1068940 883.8
1068950 883.4
1068960 880.8
1068970 880.8
1068980 877.1
1068990 873.0
1069000 873.0
1069010 866.2
1069020 863.7
1069030 863.7
1069040 861.6
1069050 861.9
1069060 861.9
1069070 865.1
1069080 864.8
1069090 864.8
1069100 859.9
1069110 853.9
1069120 853.9
1069130 848.4
1069140 844.2
1069150 841.7
1069160 841.7
1069170 840.3
1069180 839.6
1069190 839.6
1069200 839.2
1069210 837.8
1069220 837.8
1069230 833.7
1069240 828.3
1069250 828.3
1069260 824.4
1069270 822.4
1069280 822.4
1069290 821.9
1069300 820.6
1069310 815.3
1069320 813.9
1069330 812.7
1069340 812.7
1069350 812.0
1069360 811.0
1069370 811.0
1069380 808.5
1069390 805.3
1069400 805.3
1069410 802.7
1069420 800.1
1069430 797.6
1069440 797.6
1069450 794.9
1069460 792.5
1069470 792.5
1069480 790.0
1069490 787.3
1069500 787.3
1069510 785.2
1069520 782.6
1069530 782.6
1069540 780.2
1069550 778.1
1069560 778.1
1069570 776.3
1069580 774.8
1069590 774.8
1069600 773.7
1069610 770.8
1069620 768.9
1069630 764.3
1069640 758.2
1069650 758.2
1069660 750.9
1069670 743.0
1069680 733.6
1069690 733.6
1069700 726.8
1069710 718.0
1069720 718.0
1069730 708.9
1069740 699.4
1069750 699.4
1069760 689.3
1069770 679.0
1069780 679.0
1069790 669.3
1069800 659.4
1069810 659.4
1069820 648.8
1069830 636.8
1069840 636.8
1069850 625.4
1069860 617.9
1069870 617.9
1069880 616.9
1069890 620.1
1069900 620.1
1069910 624.3
1069920 626.1
1069930 635.8
1069940 635.8
1069950 639.8
1069960 644.5
1069970 644.5
1069980 651.1
1069990 658.0
1070000 658.0
1070010 660.0
1070020 661.7
1070030 661.7
1070040 673.3
1070050 683.2
1070060 683.2
1070070 691.0
1070080 699.5
1070090 699.5
1070100 706.5
1070110 713.6
1070120 713.6
1070130 721.0
1070140 726.4
1070150 726.4
1070160 730.7
1070170 737.6
1070180 744.2
1070190 744.2
1070200 750.8
1070210 756.9
1070220 756.9
1070230 763.7
1070240 767.1
1070250 767.1
1070260 767.2
1070270 766.3
1070280 766.3
1070290 767.8
1070300 769.6
1070310 769.6
1070320 771.9
1070330 774.6
1070340 774.6
1070350 777.0
1070360 779.7
1070370 779.7
1070380 782.0
1070390 783.5
1070400 783.5
1070410 785.4
1070420 788.2
1070430 788.2
1070440 791.3
1070450 792.5
1070460 791.9
1070470 791.9
1070480 791.8
1070490 791.5
1070500 791.5
1070510 789.9
1070520 788.6
1070530 788.6
1070540 794.2
1070550 797.9
1070560 797.9
1070570 800.3
1070580 799.3
1070590 799.3
1070600 799.1
1070610 800.9
1070620 800.9
1070630 802.7
1070640 803.3
1070650 803.3
1070660 802.4
1070670 800.8
1070680 800.8
1070690 803.2
1070700 810.1
1070710 814.8
1070720 814.8
1070730 818.7
1070740 822.7
1070750 822.7
1070760 826.2
1070770 827.5
1070780 827.5
1070790 829.1
1070800 832.4
1070810 832.4
1070820 835.3
1070830 838.0
1070840 838.0
1070850 843.8
1070860 845.9
1070870 845.9
1070880 847.9
1070890 849.6
1070900 849.6
1070910 851.1
1070920 852.1
1070930 852.1
1070940 853.3
1070950 854.1
1070960 854.9
1070970 854.9
1070980 855.4
1070990 855.8
1071000 855.8
1071010 856.1
1071020 856.1
1071030 856.1
1071040 856.7
1071050 856.9
1071060 856.9
1071070 856.7
1071080 856.2
1071090 856.2
1071100 855.5
1071110 854.0
1071120 854.0
1071130 852.0
1071140 850.5
1071150 850.5
1071160 854.1
1071170 854.3
1071180 854.3
1071190 854.5
1071200 853.5
1071210 851.1
1071220 851.1
1071230 848.8
1071240 847.8
1071250 847.8
1071260 846.5
1071270 845.4
1071280 845.4
1071290 844.4
1071300 843.1
1071310 843.1
1071320 841.6
1071330 840.0
1071340 840.0
1071350 838.1
1071360 836.1
1071370 836.1
1071380 834.6
1071390 833.8
1071400 833.8
1071410 834.1
1071420 834.3
1071430 834.3
1071440 835.0
1071450 835.7
1071460 837.0
1071470 837.2
1071480 838.0
1071490 838.7
1071500 838.7
1071510 839.4
1071520 840.2
1071530 840.2
1071540 840.0
1071550 841.3
1071560 841.3
1071570 842.6
1071580 843.7
1071590 843.7
1071600 844.4
1071610 845.4
1071620 845.4
1071630 846.0
1071640 846.1
1071650 846.1
1071660 847.0
1071670 847.2
1071680 847.2
1071690 847.2
1071700 847.1
1071710 847.1
1071720 846.8
1071730 846.0
1071740 844.7
1071750 844.7
1071760 843.2
1071770 844.6
1071780 844.6
1071790 842.6
1071800 840.7
1071810 840.7
1071820 839.1
1071830 837.2
1071840 837.2
1071850 835.2
1071860 832.9
1071870 832.9
1071880 830.6
1071890 827.8
1071900 827.8
1071910 824.2
1071920 820.5
1071930 820.5
1071940 817.4
1071950 814.5
1071960 814.5
1071970 811.3
1071980 807.7
1071990 803.5
1072000 803.5
1072010 798.9
1072020 793.4
1072030 793.4
1072040 787.4
1072050 781.0
1072060 781.0
1072070 774.4
1072080 772.5
1072090 772.5
1072100 765.5
1072110 757.9
1072120 757.9
1072130 749.2
1072140 742.6
1072150 742.6
1072160 739.8
1072170 735.9
1072180 735.9
1072190 731.0
1072200 727.2
1072210 727.2
1072220 724.0
1072230 719.9
1072240 716.9
1072250 716.9
1072260 714.6
1072270 711.9
1072280 711.9
1072290 708.2
1072300 705.2
1072310 705.2
1072320 702.7
1072330 702.1
1072340 702.1
1072350 706.8
1072360 711.2
1072370 711.2
1072380 715.0
1072390 718.8
1072400 718.8
1072410 717.0
1072420 715.5
1072430 715.5
1072440 714.3
1072450 711.1
1072460 711.1
1072470 707.3
1072480 704.9
1072490 704.9
1072500 701.0
1072510 696.6
1072520 695.3
1072530 695.3
1072540 696.2
1072550 698.1
1072560 698.1
1072570 702.0
1072580 706.9
1072590 706.9
1072600 711.2
1072610 714.1
1072620 714.1
1072630 714.8
1072640 714.4
1072650 714.4
1072660 711.1
1072670 709.5
1072680 709.5
1072690 711.8
1072700 713.6
1072710 713.6
1072720 713.1
1072730 712.2
1072740 712.2
1072750 711.4
1072760 710.8
1072770 710.1
1072780 710.1
1072790 710.0
1072800 709.8
1072810 709.8
1072820 709.0
1072830 707.3
1072840 707.3
1072850 705.0
1072860 701.9
1072870 701.9
1072880 700.2
1072890 700.0
1072900 700.0
1072910 699.6
1072920 699.2
1072930 699.2
1072940 699.0
1072950 698.8
1072960 698.8
1072970 698.0
1072980 696.6
1072990 696.6
1073000 695.2
1073010 694.4
1073020 694.0
1073030 694.0
1073040 692.1
1073050 691.0
1073060 691.0
1073070 689.8
1073080 688.4
1073090 688.4
1073100 687.2
1073110 685.3
1073120 685.3
1073130 682.4
1073140 679.8
1073150 679.8
1073160 677.1
1073170 673.7
1073180 673.7
1073190 670.2
1073200 665.9
1073210 665.9
1073220 660.5
1073230 654.7
1073240 654.7
1073250 648.7
1073260 643.9
1073270 641.5
1073280 641.5
1073290 643.0
1073300 642.6
1073310 642.6
1073320 645.2
1073330 644.2
1073340 644.2
1073350 642.2
1073360 639.9
1073370 639.9
1073380 639.1
1073390 638.0
1073400 638.0
1073410 638.6
1073420 637.4
1073430 637.4
1073440 634.6
1073450 631.9
1073460 631.9
1073470 629.7
1073480 627.2
1073490 627.2
1073500 624.9
1073510 623.6
1073520 623.6
1073530 622.1
1073540 620.9
1073550 619.6
1073560 619.6
1073570 617.9
1073580 616.1
1073590 616.1
1073600 615.2
1073610 615.0
1073620 616.6
1073630 616.7
1073640 617.3
1073650 617.3
1073660 617.1
1073670 616.2
1073680 616.2
1073690 616.1
1073700 616.7
1073710 616.7
1073720 616.4
1073730 613.7
1073740 613.7
1073750 609.7
1073760 608.1
1073770 608.1
1073780 608.2
1073790 609.1
1073800 612.0
1073810 612.0
1073820 615.0
1073830 617.9
1073840 617.9
1073850 620.0
1073860 621.3
1073870 621.3
1073880 623.0
1073890 623.7
1073900 623.7
1073910 624.1
1073920 624.5
1073930 625.5
1073940 626.0
1073950 626.3
1073960 626.3
1073970 627.0
1073980 627.4
1073990 627.4
1074000 627.5
1074010 627.5
1074020 627.5
1074030 628.0
1074040 628.3
1074050 628.7
1074060 628.7
1074070 629.2
1074080 629.5
1074090 629.5
1074100 629.7
1074110 630.0
1074120 630.0
1074130 630.6
1074140 630.9
1074150 630.9
1074160 630.7
1074170 630.1
1074180 630.1
1074190 629.2
1074200 627.8
1074210 627.8
1074220 626.2
1074230 624.2
1074240 628.0
1074250 625.5
1074260 623.1
1074270 623.1
1074280 620.5
1074290 617.7
1074300 615.6
1074310 615.6
1074320 614.2
1074330 613.4
1074340 613.4
1074350 612.6
1074360 611.6
1074370 611.6
1074380 610.1
1074390 608.6
1074400 608.6
1074410 607.3
1074420 606.6
1074430 606.6
1074440 605.7
1074450 604.0
1074460 604.0
1074470 603.6
1074480 605.2
1074490 605.2
1074500 605.0
1074510 602.1
1074520 602.1
1074530 598.5
1074540 595.2
1074550 596.9
1074560 595.0
1074570 593.8
1074580 591.9
1074590 591.9
1074600 589.2
1074610 585.7
1074620 585.7
1074630 582.3
1074640 578.7
1074650 578.7
1074660 575.9
1074670 573.2
1074680 573.2
1074690 570.9
1074700 567.1
1074710 567.1
1074720 563.3
1074730 560.4
1074740 560.4
1074750 557.1
1074760 554.2
1074770 554.2
1074780 551.3
1074790 548.4
1074800 548.4
1074810 543.7
1074820 540.4
1074830 538.0
1074840 538.0
1074850 534.6
1074860 533.8
1074870 533.8
1074880 531.0
1074890 529.3
1074900 529.3
1074910 527.5
1074920 526.7
1074930 526.7
1074940 524.1
1074950 519.7
1074960 519.7
1074970 515.5
1074980 511.8
1074990 511.8
1075000 509.7
1075010 509.2
1075020 509.2
1075030 509.8
1075040 510.5
1075050 510.5
1075060 511.2
1075070 511.9
1075080 512.5
1075090 512.5
1075100 513.1
1075110 513.9
1075120 513.9
1075130 514.4
1075140 514.9
1075150 514.9
1075160 515.3
1075170 515.8
1075180 516.6
1075190 517.2
1075200 517.6
1075210 517.6
1075220 517.9
1075230 518.0
1075240 518.0
1075250 518.0
1075260 518.1
1075270 518.1
1075280 518.1
1075290 518.0
1075300 518.0
1075310 517.8
1075320 516.1
1075330 513.4
1075340 513.4
1075350 513.7
1075360 514.1
1075370 514.1
1075380 514.0
1075390 514.6
1075400 514.6
1075410 516.6
1075420 516.0
1075430 516.0
1075440 514.0
1075450 512.6
1075460 512.6
1075470 512.7
1075480 513.1
1075490 513.7
1075500 514.5
1075510 514.6
1075520 514.6
1075530 514.9
1075540 513.6
1075550 513.6
1075560 510.5
1075570 511.4
1075580 511.7
1075590 511.7
1075600 512.3
1075610 512.9
1075620 512.9
1075630 515.5
1075640 516.1
1075650 516.1
1075660 516.1
1075670 515.9
1075680 515.9
1075690 515.4
1075700 514.9
1075710 514.9
1075720 514.3
1075730 514.2
1075740 514.2
1075750 514.0
1075760 514.1
1075770 514.1
1075780 514.1
1075790 513.8
1075800 514.5
1075810 514.2
1075820 514.2
1075830 514.2
1075840 514.2
1075850 513.8
1075860 513.3
1075870 513.3
1075880 512.7
1075890 512.5
1075900 512.5
1075910 512.7
1075920 512.7
1075930 512.7
1075940 512.5
1075950 512.1
1075960 512.1
1075970 511.1
1075980 509.2
1075990 509.2
1076000 507.6
1076010 505.9
1076020 505.9
1076030 503.4
1076040 500.5
1076050 500.5
1076060 498.4
1076070 497.0
1076080 497.0
1076090 496.0
1076100 496.4
1076110 494.7
1076120 494.7
1076130 497.5
1076140 498.4
1076150 498.4
1076160 501.1
1076170 505.0
1076180 505.0
1076190 506.8
1076200 505.0
1076210 505.0
1076220 502.5
1076230 502.0
1076240 502.0
1076250 501.3
1076260 499.2
1076270 499.2
1076280 496.3
1076290 493.0
1076300 493.0
1076310 490.1
1076320 487.8
1076330 487.8
1076340 486.4
1076350 486.9
1076360 489.7
1076370 489.7
1076380 490.7
1076390 490.0
1076400 490.0
1076410 486.6
1076420 486.2
1076430 486.2
1076440 485.5
1076450 485.8
1076460 485.8
1076470 487.6
1076480 485.4
1076490 485.4
1076500 483.1
1076510 483.1
1076520 483.1
1076530 484.1
1076540 487.3
1076550 487.3
1076560 486.5
1076570 485.7
1076580 485.7
1076590 485.8
1076600 485.9
1076610 486.1
1076620 486.1
1076630 486.1
1076640 486.1
1076650 486.1
1076660 486.2
1076670 486.2
1076680 486.2
1076690 486.4
1076700 487.8
1076710 487.8
1076720 489.4
1076730 489.4
1076740 489.4
1076750 488.1
1076760 484.9
1076770 484.9
1076780 483.7
1076790 483.2
1076800 483.2
1076810 483.2
1076820 484.8
1076830 484.8
1076840 488.7
1076850 489.4
1076860 489.4
1076870 489.4
1076880 489.3
1076890 489.1
1076900 489.1
1076910 488.9
1076920 488.2
1076930 488.2
1076940 487.5
1076950 487.3
1076960 487.3
1076970 487.2
1076980 487.2
1076990 487.2
1077000 487.3
1077010 487.3
1077020 487.3
1077030 487.5
1077040 487.6
1077050 487.6
1077060 487.7
1077070 487.6
1077080 487.6
1077090 487.6
1077100 487.6
1077110 487.6
1077120 487.4
1077130 487.4
1077140 487.4
1077150 487.4
1077160 487.3
1077170 487.9
1077180 487.9
1077190 488.3
1077200 488.2
1077210 488.2
1077220 488.2
1077230 488.2
1077240 488.2
1077250 488.2
1077260 488.2
1077270 488.2
1077280 487.9
1077290 488.0
1077300 488.0
1077310 488.2
1077320 488.2
1077330 488.2
1077340 488.4
1077350 488.0
1077360 488.5
1077370 488.1
1077380 488.3
1077390 488.4
1077400 488.4
1077410 488.5
1077420 488.5
1077430 488.5
1077440 488.5
1077450 488.5
1077460 488.5
1077470 488.5
1077480 488.5
1077490 488.5
1077500 488.6
1077510 488.8
1077520 488.8
1077530 488.8
1077540 488.9
1077550 488.9
1077560 488.9
1077570 489.0
1077580 489.0
1077590 489.1
1077600 489.1
1077610 489.1
1077620 489.2
1077630 489.2
1077640 489.2
1077650 489.2
1077660 489.3
1077670 489.3
1077680 489.3
1077690 489.4
1077700 489.6
1077710 489.6
1077720 489.8
1077730 489.8
1077740 489.8
1077750 489.6
1077760 489.6
1077770 489.6
1077780 489.6
1077790 489.6
1077800 489.6
1077810 489.7
1077820 489.7
1077830 489.7
1077840 489.7
1077850 489.7
1077860 489.7
1077870 489.7
1077880 489.7
1077890 489.6
1077900 489.6
1077910 489.7
1077920 489.8
1077930 489.8
1077940 489.9
1077950 490.0
1077960 490.0
1077970 490.0
1077980 490.0
1077990 490.0
1078000 490.1
1078010 490.1
1078020 490.1
1078030 490.2
1078040 490.3
1078050 490.3
1078060 490.4
1078070 490.4
1078080 490.4
1078090 490.5
1078100 490.6
1078110 490.6
1078120 490.7
1078130 490.8
1078140 490.8
1078150 491.0
1078160 490.7
1078170 490.5
1078180 490.5
1078190 490.5
1078200 490.6
1078210 490.6
1078220 490.5
1078230 490.3
1078240 490.3
1078250 490.5
1078260 490.6
1078270 490.6
1078280 490.7
1078290 490.5
1078300 490.5
1078310 490.6
1078320 490.7
1078330 490.7
1078340 490.8
1078350 490.8
1078360 490.8
1078370 490.8
1078380 490.9
1078390 490.9
1078400 491.0
1078410 490.9
1078420 490.9
1078430 490.9
1078440 490.9
1078450 491.0
1078460 491.0
1078470 491.0
1078480 491.1
1078490 491.1
1078500 491.2
1078510 491.3
1078520 491.3
1078530 491.3
1078540 491.4
1078550 491.4
1078560 491.5
1078570 491.4
1078580 491.4
1078590 491.4
1078600 491.5
1078610 491.5
1078620 491.6
1078630 491.7
1078640 491.7
1078650 491.7
1078660 491.7
1078670 491.7
1078680 491.7
1078690 491.7
1078700 491.8
1078710 491.8
1078720 491.8
1078730 491.8
1078740 491.8
1078750 491.8
1078760 491.9
1078770 491.9
1078780 491.9
1078790 491.8
1078800 491.8
1078810 491.8
1078820 492.1
1078830 492.1
1078840 492.4
1078850 492.4
1078860 492.4
1078870 492.4
1078880 492.4
1078890 492.4
1078900 492.4
1078910 492.4
1078920 492.5
1078930 492.5
1078940 492.4
1078950 492.3
1078960 492.3
1078970 492.4
1078980 492.6
1078990 492.6
1079000 492.8
1079010 493.1
1079020 493.1
1079030 493.1
1079040 492.9
1079050 492.9
1079060 493.0
1079070 492.9
1079080 492.9
1079090 492.9
1079100 492.8
1079110 492.8
1079120 492.6
1079130 492.5
1079140 492.5
1079150 492.6
1079160 492.9
1079170 492.9
1079180 492.8
1079190 492.6
1079200 492.6
1079210 492.6
1079220 492.7
1079230 493.0
1079240 493.0
1079250 492.9
1079260 493.1
1079270 493.1
1079280 493.1
1079290 493.0
1079300 493.0
1079310 493.2
1079320 493.2
1079330 493.2
1079340 493.2
1079350 493.2
1079360 493.2
1079370 493.4
1079380 493.6
1079390 493.6
1079400 493.4
1079410 493.2
1079420 493.2
1079430 493.1
1079440 493.0
1079450 492.9
1079460 492.9
1079470 492.8
1079480 492.6
1079490 492.6
1079500 492.5
1079510 492.5
1079520 492.5
1079530 492.8
1079540 494.9
1079550 495.5
1079560 501.4
1079570 510.9
1079580 510.9
1079590 522.3
1079600 529.4
1079610 529.4
1079620 534.8
1079630 538.5
1079640 538.5
1079650 542.2
1079660 545.2
1079670 545.2
1079680 545.8
1079690 545.9
1079700 546.1
1079710 546.1
1079720 546.4
1079730 547.5
1079740 547.5
1079750 550.1
1079760 550.9
1079770 550.9
1079780 553.2
1079790 557.7
1079800 557.7
1079810 560.3
1079820 563.2
1079830 563.2
1079840 568.7
1079850 569.6
1079860 569.5
1079870 572.1
1079880 573.2
1079890 573.2
1079900 568.6
1079910 564.1
1079920 564.1
1079930 564.0
1079940 563.8
1079950 562.5
1079960 562.5
1079970 558.9
1079980 555.9
1079990 555.9
