1065710 582.8
1065720 582.8
1065730 585.1
1065740 585.9
1065750 585.9
1065760 588.2
1065770 590.9
1065780 590.9
1065790 593.3
1065800 595.6
1065810 597.6
1065820 597.6
1065830 598.9
1065840 600.6
1065850 603.5
1065860 605.8
1065870 606.3
1065880 606.3
1065890 609.0
1065900 611.6
1065910 611.6
1065920 613.1
1065930 615.9
1065940 615.9
1065950 617.1
1065960 619.2
1065970 619.2
1065980 620.3
1065990 620.5
1066000 620.5
1066010 621.3
1066020 623.2
1066030 623.2
1066040 625.3
1066050 625.1
1066060 625.0
1066070 625.0
1066080 627.4
1066090 631.6
1066100 631.6
1066110 634.4
1066120 634.2
1066130 634.2
1066140 637.1
1066150 636.5
1066160 639.7
1066170 639.2
1066180 640.1
1066190 640.1
1066200 641.2
1066210 642.6
1066220 642.6
1066230 645.7
1066240 647.1
1066250 647.1
1066260 651.5
1066270 655.1
1066280 655.1
1066290 659.1
1066300 662.8
1066310 663.7
1066320 663.7
1066330 666.7
1066340 670.4
1066350 670.4
1066360 674.1
1066370 678.9
1066380 678.9
1066390 684.1
1066400 688.6
1066410 688.6
1066420 693.1
1066430 699.2
1066440 699.2
1066450 705.3
1066460 714.9
1066470 714.9
1066480 720.7
1066490 726.3
1066500 726.3
1066510 730.4
1066520 733.3
1066530 733.3
1066540 736.0
1066550 739.6
1066560 739.6
1066570 744.9
1066580 751.1
1066590 757.0
1066600 757.0
1066610 762.3
1066620 768.7
1066630 768.7
1066640 778.4
1066650 791.0
1066660 791.0
1066670 799.9
1066680 808.4
1066690 808.4
1066700 816.1
1066710 822.8
1066720 822.8
1066730 830.0
1066740 836.9
1066750 836.9
1066760 849.1
1066770 855.7
1066780 855.7
1066790 861.9
1066800 867.8
1066810 867.8
1066820 875.0
1066830 887.6
1066840 897.1
1066850 897.1
1066860 902.9
1066870 909.6
1066880 909.6
1066890 915.1
1066900 921.1
1066910 921.1
1066920 925.7
1066930 930.5
1066940 930.5
1066950 934.4
1066960 938.9
1066970 938.9
1066980 943.1
1066990 946.4
1067000 946.4
1067010 949.3
1067020 954.1
1067030 954.1
1067040 958.9
1067050 962.7
1067060 962.7
1067070 975.5
1067080 983.0
1067090 990.6
1067100 990.6
1067110 996.5
1067120 1002.6
1067130 1002.6
1067140 1006.3
1067150 1009.8
1067160 1009.8
1067170 1013.2
1067180 1016.2
1067190 1016.2
1067200 1019.3
1067210 1022.1
1067220 1022.1
1067230 1024.9
1067240 1028.1
1067250 1028.1
1067260 1029.6
1067270 1032.3
1067280 1032.3
1067290 1034.5
1067300 1036.1
1067310 1036.1
1067320 1038.9
1067330 1040.3
1067340 1040.3
1067350 1041.3
1067360 1041.7
1067370 1050.2
1067380 1050.2
1067390 1052.2
1067400 1053.6
1067410 1053.6
1067420 1052.9
1067430 1051.6
1067440 1051.6
1067450 1049.9
1067460 1049.7
1067470 1049.7
1067480 1050.8
1067490 1053.1
1067500 1053.1
1067510 1056.5
1067520 1060.4
1067530 1060.4
1067540 1063.7
1067550 1067.0
1067560 1067.0
1067570 1069.3
1067580 1071.1
1067590 1071.1
1067600 1073.0
1067610 1075.7
1067620 1077.9
1067630 1077.9
1067640 1080.2
1067650 1082.9
1067660 1082.9
1067670 1086.0
1067680 1096.0
1067690 1096.0
1067700 1098.2
1067710 1099.1
1067720 1099.1
1067730 1100.2
1067740 1101.8
1067750 1101.8
1067760 1103.3
1067770 1103.2
1067780 1103.2
1067790 1101.8
1067800 1100.8
1067810 1100.8
1067820 1099.4
1067830 1096.4
1067840 1096.4
1067850 1091.5
1067860 1085.4
1067870 1079.0
1067880 1079.0
1067890 1072.8
1067900 1065.9
1067910 1065.9
1067920 1059.1
1067930 1052.3
1067940 1052.3
1067950 1044.7
1067960 1037.6
1067970 1037.6
1067980 1035.9
1067990 1030.0
1068000 1030.0
1068010 1024.4
1068020 1019.2
1068030 1019.2
1068040 1012.9
1068050 1007.6
1068060 1007.6
1068070 1003.2
1068080 997.6
1068090 997.6
1068100 991.8
1068110 985.9
1068120 985.9
1068130 980.5
1068140 978.7
1068150 976.5
1068160 976.5
1068170 974.8
1068180 971.9
1068190 971.9
1068200 971.3
1068210 971.6
1068220 971.6
1068230 970.3
1068240 968.8
1068250 968.8
1068260 965.5
1068270 965.4
1068280 965.4
1068290 973.7
1068300 973.2
1068310 973.2
1068320 972.8
1068330 970.7
1068340 970.7
1068350 970.8
1068360 971.0
1068370 971.0
1068380 969.8
1068390 968.1
1068400 966.4
1068410 966.4
1068420 964.2
1068430 960.7
1068440 960.7
1068450 957.4
1068460 953.9
1068470 953.9
1068480 950.1
1068490 947.7
1068500 947.7
1068510 945.9
1068520 943.1
1068530 943.1
1068540 940.2
1068550 935.8
1068560 935.8
1068570 930.2
1068580 924.3
1068590 924.3
1068600 922.4
1068610 919.9
1068620 919.9
1068630 917.2
1068640 914.4
1068650 911.3
1068660 911.3
1068670 908.1
1068680 907.7
1068690 907.7
1068700 906.1
1068710 903.7
1068720 903.7
1068730 901.4
1068740 898.9
1068750 898.9
1068760 898.7
1068770 897.7
1068780 897.7
1068790 898.8
1068800 900.3
1068810 900.3
1068820 900.2
1068830 897.4
1068840 897.4
1068850 895.1
1068860 893.3
1068870 893.3
1068880 891.9
1068890 890.8
1068900 897.8
1068910 897.0
1068920 896.5
1068930 896.6
1068940 896.6
1068950 897.1
1068960 897.7
1068970 897.7
1068980 897.9
1068990 897.8
1069000 897.8
1069010 897.9
1069020 897.5
1069030 897.5
1069040 896.7
1069050 896.4
1069060 896.4
1069070 895.0
1069080 895.1
1069090 895.1
1069100 894.6
1069110 893.4
1069120 893.4
1069130 893.1
1069140 894.3
1069150 894.3
1069160 895.0
1069170 897.9
1069180 899.5
1069190 899.5
1069200 900.9
1069210 906.7
1069220 906.7
1069230 906.1
1069240 905.4
1069250 905.4
1069260 904.2
1069270 902.1
1069280 902.1
1069290 899.5
1069300 895.6
1069310 895.6
1069320 890.9
1069330 886.3
1069340 886.3
1069350 881.6
1069360 877.8
1069370 877.8
1069380 873.6
1069390 869.3
1069400 869.3
1069410 864.9
1069420 860.7
1069430 858.7
1069440 858.7
1069450 857.9
1069460 855.8
1069470 855.8
1069480 846.1
1069490 830.9
1069500 830.9
1069510 825.8
1069520 817.9
1069530 817.9
1069540 810.0
1069550 802.2
1069560 802.2
1069570 796.0
1069580 792.7
1069590 792.7
1069600 791.4
1069610 791.4
1069620 791.4
1069630 790.7
1069640 788.3
1069650 788.3
1069660 785.2
1069670 781.1
1069680 781.1
1069690 779.8
1069700 778.6
1069710 776.2
1069720 776.2
1069730 774.3
1069740 773.2
1069750 773.2
1069760 772.9
1069770 773.1
1069780 773.1
1069790 772.8
1069800 772.6
1069810 772.6
1069820 773.2
1069830 773.5
1069840 773.5
1069850 773.8
1069860 773.0
1069870 773.0
1069880 771.5
1069890 770.5
1069900 770.5
1069910 771.0
1069920 772.7
1069930 772.7
1069940 774.9
1069950 776.7
1069960 778.2
1069970 778.2
1069980 778.3
1069990 778.4
1070000 778.4
1070010 778.3
1070020 778.3
1070030 778.3
1070040 778.2
1070050 778.2
1070060 778.2
1070070 778.2
1070080 778.2
1070090 778.2
1070100 778.1
1070110 777.9
1070120 777.9
1070130 777.1
1070140 776.9
1070150 776.9
1070160 776.2
1070170 775.2
1070180 775.2
1070190 773.8
1070200 771.4
1070210 768.3
1070220 768.3
1070230 764.5
1070240 759.1
1070250 759.1
1070260 752.9
1070270 747.8
1070280 747.8
1070290 743.5
1070300 740.7
1070310 740.7
1070320 741.0
1070330 743.2
1070340 743.2
1070350 746.1
1070360 747.4
1070370 747.4
1070380 746.9
1070390 745.5
1070400 745.5
1070410 744.1
1070420 741.7
1070430 742.6
1070440 741.0
1070450 739.8
1070460 739.8
1070470 739.6
1070480 739.1
1070490 734.8
1070500 734.8
1070510 729.8
1070520 727.6
1070530 727.6
1070540 727.3
1070550 727.9
1070560 727.9
1070570 726.8
1070580 724.5
1070590 724.5
1070600 723.0
1070610 722.3
1070620 722.3
1070630 721.3
1070640 720.4
1070650 720.4
1070660 717.5
1070670 712.8
1070680 712.8
1070690 708.8
1070700 704.9
1070710 704.9
1070720 701.0
1070730 695.6
1070740 693.1
1070750 693.1
1070760 685.2
1070770 675.2
1070780 675.2
1070790 667.2
1070800 660.6
1070810 660.6
1070820 658.2
1070830 662.8
1070840 662.8
1070850 669.2
1070860 675.5
1070870 675.5
1070880 678.0
1070890 677.2
1070900 677.2
1070910 674.9
1070920 672.2
1070930 672.2
1070940 669.5
1070950 666.6
1070960 666.6
1070970 664.4
1070980 662.8
1070990 661.4
1071000 661.4
1071010 659.2
1071020 656.4
1071030 656.4
1071040 652.8
1071050 650.5
1071060 650.5
1071070 647.5
1071080 644.9
1071090 644.9
1071100 643.7
1071110 643.6
1071120 643.6
1071130 642.8
1071140 641.4
1071150 641.4
1071160 640.4
1071170 640.0
1071180 640.0
1071190 639.5
1071200 635.1
1071210 635.1
1071220 630.6
1071230 628.2
1071240 628.2
1071250 627.0
1071260 625.8
1071270 624.6
1071280 624.6
1071290 623.7
1071300 623.1
1071310 623.1
1071320 623.2
1071330 622.7
1071340 622.7
1071350 620.7
1071360 620.3
1071370 620.3
1071380 617.0
1071390 612.1
1071400 612.1
1071410 608.7
1071420 606.6
1071430 606.6
1071440 605.2
1071450 603.4
1071460 603.4
1071470 601.5
1071480 599.0
1071490 599.0
1071500 596.8
1071510 594.0
1071520 590.7
1071530 590.7
1071540 588.6
1071550 584.5
1071560 584.5
1071570 581.2
1071580 578.0
1071590 578.0
1071600 574.8
1071610 573.0
1071620 573.0
1071630 572.1
1071640 571.4
1071650 571.4
1071660 567.6
1071670 562.0
1071680 562.0
1071690 558.3
1071700 556.5
1071710 556.5
1071720 554.2
1071730 551.0
1071740 551.0
1071750 545.6
1071760 541.3
1071770 540.0
1071780 540.0
1071790 528.4
1071800 513.1
1071810 513.1
1071820 510.9
1071830 512.7
1071840 512.7
1071850 520.2
1071860 528.9
1071870 528.9
1071880 537.3
1071890 541.0
1071900 541.0
1071910 541.8
1071920 543.6
1071930 543.6
1071940 544.8
1071950 547.1
1071960 547.1
1071970 552.8
1071980 552.5
1071990 552.5
1072000 551.6
1072010 550.5
1072020 550.5
1072030 551.1
1072040 553.8
1072050 556.3
1072060 556.3
1072070 558.7
1072080 559.7
1072090 559.7
1072100 558.4
1072110 556.0
1072120 556.0
1072130 554.9
1072140 554.7
1072150 554.7
1072160 555.3
1072170 556.1
1072180 556.1
1072190 556.1
1072200 555.8
1072210 555.8
1072220 555.8
1072230 556.0
1072240 556.0
1072250 556.4
1072260 556.4
1072270 556.4
1072280 557.2
1072290 557.2
1072300 556.5
1072310 556.5
1072320 555.3
1072330 553.9
1072340 553.9
1072350 551.9
1072360 551.7
1072370 551.7
1072380 550.4
1072390 547.7
1072400 547.7
1072410 546.4
1072420 544.7
1072430 544.7
1072440 543.6
1072450 544.8
1072460 544.8
1072470 543.3
1072480 540.5
1072490 540.5
1072500 537.8
1072510 535.6
1072520 535.6
1072530 533.6
1072540 531.3
1072550 529.0
1072560 529.0
1072570 526.7
1072580 525.2
1072590 527.0
1072600 525.4
1072610 524.5
1072620 524.5
1072630 523.3
1072640 521.8
1072650 521.8
1072660 520.3
1072670 518.6
1072680 518.6
1072690 516.7
1072700 514.5
1072710 514.5
1072720 512.5
1072730 510.2
1072740 510.2
1072750 507.5
1072760 505.3
1072770 505.3
1072780 503.4
1072790 501.2
1072800 500.2
1072810 500.2
1072820 498.8
1072830 495.9
1072840 495.9
1072850 493.9
1072860 492.3
1072870 492.3
1072880 490.4
1072890 488.4
1072900 490.9
1072910 489.2
1072920 488.3
1072930 488.3
1072940 488.3
1072950 488.4
1072960 488.4
1072970 488.1
1072980 487.7
1072990 487.7
1073000 487.3
1073010 487.3
1073020 487.3
1073030 488.1
1073040 488.9
1073050 488.9
1073060 487.9
1073070 487.0
1073080 487.1
1073090 487.1
1073100 486.9
1073110 486.8
1073120 486.8
1073130 486.5
1073140 486.3
1073150 486.3
1073160 486.5
1073170 486.9
1073180 486.9
1073190 487.1
1073200 487.0
1073210 487.0
1073220 487.0
1073230 487.4
1073240 487.4
1073250 487.9
1073260 488.1
1073270 488.1
1073280 488.3
1073290 488.4
1073300 488.4
1073310 488.5
1073320 488.3
1073330 488.5
1073340 488.5
1073350 488.7
1073360 488.8
1073370 488.8
1073380 488.9
1073390 489.5
1073400 489.5
1073410 489.6
1073420 489.6
1073430 489.6
1073440 489.5
1073450 489.5
1073460 489.5
1073470 489.8
1073480 490.0
1073490 490.0
1073500 490.1
1073510 490.3
1073520 490.6
1073530 490.6
1073540 490.9
1073550 490.9
1073560 491.1
1073570 491.1
1073580 490.9
1073590 490.9
1073600 490.8
1073610 490.9
1073620 490.9
1073630 491.0
1073640 491.1
1073650 491.1
1073660 491.0
1073670 490.8
1073680 490.8
1073690 487.9
1073700 481.7
1073710 481.7
1073720 475.9
1073730 473.2
1073740 473.2
1073750 472.8
1073760 473.3
1073770 473.3
1073780 473.6
1073790 473.7
1073800 473.7
1073810 473.7
1073820 474.0
1073830 473.9
1073840 474.0
1073850 474.0
1073860 474.1
1073870 474.1
1073880 474.1
1073890 474.2
1073900 474.2
1073910 474.3
1073920 474.3
1073930 474.3
1073940 474.4
1073950 474.7
1073960 474.7
1073970 475.0
1073980 475.3
1073990 475.3
1074000 475.3
1074010 475.5
1074020 475.5
1074030 475.9
1074040 476.2
1074050 476.2
1074060 476.0
1074070 475.7
1074080 475.7
1074090 475.9
1074100 476.3
1074110 476.6
1074120 476.6
1074130 476.4
1074140 475.7
1074150 475.7
1074160 475.6
1074170 475.7
1074180 475.7
1074190 475.5
1074200 475.7
1074210 475.7
1074220 476.0
1074230 476.1
1074240 476.1
1074250 476.3
1074260 476.3
1074270 476.3
1074280 476.6
1074290 476.7
1074300 476.7
1074310 476.8
1074320 476.7
1074330 476.7
1074340 476.8
1074350 477.0
1074360 477.2
1074370 477.2
1074380 477.2
1074390 477.5
1074400 477.5
1074410 477.7
1074420 477.6
1074430 477.6
1074440 477.4
1074450 477.5
1074460 477.5
1074470 477.5
1074480 477.6
1074490 477.6
1074500 477.7
1074510 477.7
1074520 477.7
1074530 477.7
1074540 477.6
1074550 477.6
1074560 477.5
1074570 477.3
1074580 477.3
1074590 477.2
1074600 477.3
1074610 477.3
1074620 477.3
1074630 477.4
1074640 477.4
1074650 477.4
1074660 477.4
1074670 477.5
1074680 477.5
1074690 477.7
1074700 477.8
1074710 477.8
1074720 478.0
1074730 478.3
1074740 478.3
1074750 479.7
1074760 479.8
1074770 479.8
1074780 480.6
1074790 480.0
1074800 480.0
1074810 478.5
1074820 478.0
1074830 478.0
1074840 478.1
1074850 478.1
1074860 478.1
1074870 478.2
1074880 478.3
1074890 478.4
1074900 478.4
1074910 478.6
1074920 478.6
1074930 478.6
1074940 478.7
1074950 478.7
1074960 478.7
1074970 478.7
1074980 478.8
1074990 478.8
1075000 478.8
1075010 478.9
1075020 478.9
1075030 478.8
1075040 478.8
1075050 478.8
1075060 478.8
1075070 478.9
1075080 478.9
1075090 478.8
1075100 478.9
1075110 478.9
1075120 478.9
1075130 478.9
1075140 478.9
1075150 478.9
1075160 478.9
1075170 479.0
1075180 479.0
1075190 478.9
1075200 479.0
1075210 479.0
1075220 479.2
1075230 479.3
1075240 479.3
1075250 479.4
1075260 479.6
1075270 479.6
1075280 479.8
1075290 479.7
1075300 479.7
1075310 479.7
1075320 479.9
1075330 479.9
1075340 480.1
1075350 480.4
1075360 480.4
1075370 480.6
1075380 480.6
1075390 480.6
1075400 480.6
1075410 480.8
1075420 481.6
1075430 481.6
1075440 482.5
1075450 480.4
1075460 480.4
1075470 478.4
1075480 478.3
1075490 478.3
1075500 478.4
1075510 478.5
1075520 478.5
1075530 480.3
1075540 482.9
1075550 482.9
1075560 482.7
1075570 482.5
1075580 482.5
1075590 482.3
1075600 482.2
1075610 482.2
1075620 481.4
1075630 480.3
1075640 480.3
1075650 479.9
1075660 480.9
1075670 480.9
1075680 480.9
1075690 480.8
1075700 480.7
1075710 480.7
1075720 480.4
1075730 480.4
1075740 480.4
1075750 480.6
1075760 480.9
1075770 480.9
1075780 480.9
1075790 480.9
1075800 480.9
1075810 481.0
1075820 481.0
1075830 481.0
1075840 480.9
1075850 480.8
1075860 480.8
1075870 480.8
1075880 480.7
1075890 480.7
1075900 480.6
1075910 480.5
1075920 480.4
1075930 480.4
1075940 480.7
1075950 480.7
1075960 480.7
1075970 480.6
1075980 480.4
1075990 480.4
1076000 480.6
1076010 480.6
1076020 480.6
1076030 480.5
1076040 480.6
1076050 480.6
1076060 480.6
1076070 480.5
1076080 480.5
1076090 480.5
1076100 480.5
1076110 480.5
1076120 480.6
1076130 480.7
1076140 480.7
1076150 480.7
1076160 480.7
1076170 480.7
1076180 480.7
1076190 480.8
1076200 480.8
1076210 480.8
1076220 480.9
1076230 481.0
1076240 481.0
1076250 481.0
1076260 481.0
1076270 481.0
1076280 481.0
1076290 481.0
1076300 481.0
1076310 481.3
1076320 481.3
1076330 481.3
1076340 481.5
1076350 481.4
1076360 481.4
1076370 481.5
1076380 481.8
1076390 481.8
1076400 481.7
1076410 481.7
1076420 481.7
1076430 481.7
1076440 481.7
1076450 481.7
1076460 481.7
1076470 481.7
1076480 481.7
1076490 481.7
1076500 481.7
1076510 481.8
1076520 481.8
1076530 481.9
1076540 481.9
1076550 481.9
1076560 481.8
1076570 481.8
1076580 481.8
1076590 481.8
1076600 481.8
1076610 481.8
1076620 482.1
1076630 482.1
1076640 482.1
1076650 482.0
1076660 482.1
1076670 482.1
1076680 482.2
1076690 482.2
1076700 482.3
1076710 482.3
1076720 482.5
1076730 482.5
1076740 482.5
1076750 482.6
1076760 482.7
1076770 482.7
1076780 482.7
1076790 482.7
1076800 482.7
1076810 482.9
1076820 483.0
1076830 483.0
1076840 483.0
1076850 483.2
1076860 483.2
1076870 483.1
1076880 483.0
1076890 483.0
1076900 483.2
1076910 483.2
1076920 483.2
1076930 483.2
1076940 483.2
1076950 483.2
1076960 483.2
1076970 483.2
1076980 483.2
1076990 483.2
1077000 483.2
1077010 483.1
1077020 483.1
1077030 483.2
1077040 483.2
1077050 483.2
1077060 483.2
1077070 483.2
1077080 483.2
1077090 483.3
1077100 483.4
1077110 483.4
1077120 483.5
1077130 483.6
1077140 483.6
1077150 483.7
1077160 483.6
1077170 483.6
1077180 483.7
1077190 483.8
1077200 483.8
1077210 483.9
1077220 483.9
1077230 484.0
1077240 484.0
1077250 484.0
1077260 484.0
1077270 484.0
1077280 484.1
1077290 484.1
1077300 484.1
1077310 484.2
1077320 484.3
1077330 484.3
1077340 484.4
1077350 484.5
1077360 484.5
1077370 484.5
1077380 484.5
1077390 484.5
1077400 484.7
1077410 484.8
1077420 484.8
1077430 484.7
1077440 484.7
1077450 484.7
1077460 484.8
1077470 485.1
1077480 485.8
1077490 485.8
1077500 485.6
1077510 484.8
1077520 484.8
1077530 484.7
1077540 484.6
1077550 484.6
1077560 484.8
1077570 484.9
1077580 484.9
1077590 485.0
1077600 485.0
1077610 485.0
1077620 484.9
1077630 485.0
1077640 485.0
1077650 484.8
1077660 484.6
1077670 484.6
1077680 484.5
1077690 484.7
1077700 484.7
1077710 484.8
1077720 484.9
1077730 485.0
1077740 485.0
1077750 485.1
1077760 485.1
1077770 485.1
1077780 485.2
1077790 485.4
1077800 485.4
1077810 485.4
1077820 485.2
1077830 485.2
1077840 485.0
1077850 485.1
1077860 485.1
1077870 485.1
1077880 485.3
1077890 485.3
1077900 485.5
1077910 485.6
1077920 485.6
1077930 485.7
1077940 485.7
1077950 485.7
1077960 485.7
1077970 485.8
1077980 485.8
1077990 485.8
1078000 485.8
1078010 485.9
1078020 485.9
1078030 486.0
1078040 486.1
1078050 486.1
1078060 486.2
1078070 486.2
1078080 486.2
1078090 486.2
1078100 486.3
1078110 486.3
1078120 486.4
1078130 486.4
1078140 486.4
1078150 486.5
1078160 486.6
1078170 486.6
1078180 486.6
1078190 486.6
1078200 486.6
1078210 486.6
1078220 487.0
1078230 487.0
1078240 487.5
1078250 487.4
1078260 486.9
1078270 486.9
1078280 486.8
1078290 486.8
1078300 486.8
1078310 486.8
1078320 487.0
1078330 487.0
1078340 487.1
1078350 487.0
1078360 487.0
1078370 486.9
1078380 487.0
1078390 487.0
1078400 487.0
1078410 486.9
1078420 486.9
1078430 486.9
1078440 487.0
1078450 487.0
1078460 487.0
1078470 487.1
1078480 487.1
1078490 487.5
1078500 487.9
1078510 489.3
1078520 489.3
1078530 491.1
1078540 493.2
1078550 493.2
1078560 494.1
1078570 494.5
1078580 494.5
1078590 495.0
1078600 495.3
1078610 495.3
1078620 495.5
1078630 495.8
1078640 495.8
1078650 496.1
1078660 496.5
1078670 496.5
1078680 497.0
1078690 497.8
1078700 497.8
1078710 498.5
1078720 499.0
1078730 499.0
1078740 499.8
1078750 501.1
1078760 501.1
1078770 503.4
1078780 506.2
1078790 508.8
1078800 508.8
1078810 507.6
1078820 510.0
1078830 510.0
1078840 511.7
1078850 513.6
1078860 513.6
1078870 515.5
1078880 516.8
1078890 516.8
1078900 517.6
1078910 519.1
1078920 519.1
1078930 520.0
1078940 520.6
1078950 520.6
1078960 521.4
1078970 522.4
1078980 522.4
1078990 523.8
1079000 524.8
1079010 524.8
1079020 525.8
1079030 526.7
1079040 528.2
1079050 528.2
1079060 529.8
1079070 531.4
1079080 531.4
1079090 533.4
1079100 535.6
1079110 535.6
1079120 537.7
1079130 536.8
1079140 536.8
1079150 538.9
1079160 540.5
1079170 540.5
1079180 541.7
1079190 542.4
1079200 542.4
1079210 542.5
1079220 542.2
1079230 542.2
1079240 541.5
1079250 541.4
1079260 541.4
1079270 542.8
1079280 543.9
1079290 544.7
1079300 544.7
1079310 546.3
1079320 548.1
1079330 548.1
1079340 550.0
1079350 552.0
1079360 552.0
1079370 553.4
1079380 554.3
1079390 554.3
1079400 554.9
1079410 555.5
1079420 555.5
1079430 555.8
1079440 551.0
1079450 551.0
1079460 549.9
1079470 548.6
1079480 548.6
1079490 550.1
1079500 553.2
1079510 553.2
1079520 556.2
1079530 558.9
1079540 560.5
1079550 560.5
1079560 561.4
1079570 562.1
1079580 562.1
1079590 562.6
1079600 562.8
1079610 562.8
1079620 562.6
1079630 562.4
1079640 562.4
1079650 562.3
1079660 562.8
1079670 562.8
1079680 563.7
1079690 564.0
1079700 564.0
1079710 562.9
1079720 561.3
1079730 561.3
1079740 559.6
1079750 549.6
1079760 549.6
1079770 549.6
1079780 549.5
1079790 549.5
1079800 551.2
1079810 552.2
1079820 553.8
1079830 553.8
1079840 557.6
1079850 559.0
1079860 559.0
1079870 559.3
1079880 562.5
1079890 562.5
1079900 562.7
1079910 560.6
1079920 560.6
1079930 556.8
1079940 551.6
1079950 551.6
1079960 548.0
1079970 544.3
1079980 544.3
1079990 542.6
