1065940 715.8
1065950 715.8
1065960 717.8
1065970 723.5
1065980 723.5
1065990 732.0
1066000 735.0
1066010 735.0
1066020 738.2
1066030 741.4
1066040 741.4
1066050 744.5
1066060 747.0
1066070 748.6
1066080 748.6
1066090 749.7
1066100 751.5
1066110 751.5
1066120 754.2
1066130 757.2
1066140 757.2
1066150 761.6
1066160 764.5
1066170 764.5
1066180 765.0
1066190 764.9
1066200 764.9
1066210 766.4
1066220 765.6
1066230 765.6
1066240 772.6
1066250 777.1
1066260 777.1
1066270 776.2
1066280 782.0
1066290 785.2
1066300 794.2
1066310 801.4
1066320 808.0
1066330 808.0
1066340 813.8
1066350 819.6
1066360 819.6
1066370 825.2
1066380 831.1
1066390 831.1
1066400 837.0
1066410 842.5
1066420 842.5
1066430 846.4
1066440 852.9
1066450 852.9
1066460 861.8
1066470 870.3
1066480 870.3
1066490 879.1
1066500 886.5
1066510 886.5
1066520 891.6
1066530 896.2
1066540 896.2
1066550 901.5
1066560 907.1
1066570 911.6
1066580 911.6
1066590 915.9
1066600 925.2
1066610 925.2
1066620 928.8
1066630 934.8
1066640 934.8
1066650 941.8
1066660 948.9
1066670 948.9
1066680 956.1
1066690 963.3
1066700 963.3
1066710 970.1
1066720 977.3
1066730 977.3
1066740 985.0
1066750 993.0
1066760 993.0
1066770 1001.2
1066780 1009.9
1066790 1009.9
1066800 1018.8
1066810 1027.9
1066820 1027.9
1066830 1040.3
1066840 1053.2
1066850 1060.7
1066860 1060.7
1066870 1067.4
1066880 1074.6
1066890 1074.6
1066900 1082.7
1066910 1088.9
1066920 1088.9
1066930 1094.9
1066940 1100.7
1066950 1100.7
1066960 1106.3
1066970 1111.2
1066980 1111.2
1066990 1115.5
1067000 1120.3
1067010 1120.3
1067020 1125.1
1067030 1131.9
1067040 1131.9
1067050 1136.2
1067060 1140.5
1067070 1140.5
1067080 1149.2
1067090 1156.9
1067100 1163.5
1067110 1163.5
1067120 1170.4
1067130 1177.1
1067140 1177.1
1067150 1182.9
1067160 1188.2
1067170 1188.2
1067180 1192.5
1067190 1195.4
1067200 1195.4
1067210 1201.8
1067220 1205.3
1067230 1205.3
1067240 1208.3
1067250 1210.0
1067260 1210.0
1067270 1213.8
1067280 1216.9
1067290 1216.9
1067300 1220.4
1067310 1223.8
1067320 1223.8
1067330 1227.4
1067340 1231.2
1067350 1234.4
1067360 1234.4
1067370 1237.1
1067380 1240.1
1067390 1240.1
1067400 1243.9
1067410 1248.6
1067420 1248.6
1067430 1252.8
1067440 1257.4
1067450 1257.4
1067460 1261.7
1067470 1265.3
1067480 1265.3
1067490 1268.0
1067500 1269.6
1067510 1274.9
1067520 1276.5
1067530 1278.4
1067540 1278.4
1067550 1280.3
1067560 1282.2
1067570 1282.2
1067580 1284.1
1067590 1285.3
1067600 1285.3
1067610 1286.8
1067620 1287.6
1067630 1288.4
1067640 1288.4
1067650 1289.5
1067660 1290.1
1067670 1290.1
1067680 1290.9
1067690 1291.8
1067700 1291.8
1067710 1292.0
1067720 1292.3
1067730 1292.3
1067740 1292.3
1067750 1292.2
1067760 1292.2
1067770 1291.3
1067780 1290.0
1067790 1290.0
1067800 1288.5
1067810 1286.7
1067820 1288.0
1067830 1286.1
1067840 1284.4
1067850 1284.4
1067860 1283.3
1067870 1283.4
1067880 1283.3
1067890 1283.3
1067900 1282.5
1067910 1280.6
1067920 1280.6
1067930 1278.1
1067940 1274.5
1067950 1274.5
1067960 1271.1
1067970 1268.4
1067980 1268.4
1067990 1265.7
1068000 1261.6
1068010 1261.6
1068020 1254.3
1068030 1247.1
1068040 1247.1
1068050 1241.6
1068060 1232.7
1068070 1232.7
1068080 1226.6
1068090 1219.7
1068100 1219.7
1068110 1212.7
1068120 1209.6
1068130 1207.4
1068140 1207.4
1068150 1203.0
1068160 1196.8
1068170 1196.8
1068180 1190.3
1068190 1181.5
1068200 1181.5
1068210 1177.3
1068220 1174.7
1068230 1174.7
1068240 1169.6
1068250 1164.5
1068260 1164.5
1068270 1161.2
1068280 1159.5
1068290 1159.5
1068300 1157.5
1068310 1158.8
1068320 1158.8
1068330 1164.2
1068340 1166.6
1068350 1166.6
1068360 1167.6
1068370 1171.0
1068380 1174.6
1068390 1174.6
1068400 1177.5
1068410 1184.3
1068420 1184.3
1068430 1207.2
1068440 1213.5
1068450 1213.5
1068460 1213.2
1068470 1210.6
1068480 1210.6
1068490 1207.7
1068500 1206.9
1068510 1206.9
1068520 1208.1
1068530 1208.6
1068540 1208.6
1068550 1209.5
1068560 1212.9
1068570 1212.9
1068580 1215.2
1068590 1216.6
1068600 1216.6
1068610 1216.9
1068620 1216.6
1068630 1216.6
1068640 1214.9
1068650 1212.2
1068660 1210.1
1068670 1210.1
1068680 1208.2
1068690 1205.8
1068700 1205.8
1068710 1202.8
1068720 1201.1
1068730 1201.6
1068740 1199.5
1068750 1196.0
1068760 1196.0
1068770 1192.3
1068780 1187.5
1068790 1187.5
1068800 1182.3
1068810 1177.2
1068820 1177.2
1068830 1171.7
1068840 1166.5
1068850 1166.5
1068860 1161.3
1068870 1156.6
1068880 1156.6
1068890 1151.5
1068900 1146.3
1068910 1141.4
1068920 1141.4
1068930 1136.1
1068940 1131.0
1068950 1131.0
1068960 1124.4
1068970 1117.6
1068980 1117.6
1068990 1110.7
1069000 1103.6
1069010 1103.6
1069020 1097.4
1069030 1091.3
1069040 1090.6
1069050 1084.9
1069060 1079.7
1069070 1079.7
1069080 1074.4
1069090 1069.6
1069100 1069.6
1069110 1065.4
1069120 1060.7
1069130 1060.7
1069140 1055.4
1069150 1049.7
1069160 1045.1
1069170 1045.1
1069180 1040.2
1069190 1034.2
1069200 1034.2
1069210 1026.9
1069220 1021.5
1069230 1021.5
1069240 1016.5
1069250 1011.6
1069260 1011.6
1069270 1006.8
1069280 1002.3
1069290 1002.3
1069300 997.6
1069310 991.4
1069320 991.4
1069330 985.8
1069340 980.3
1069350 979.5
1069360 973.8
1069370 967.6
1069380 967.6
1069390 960.2
1069400 951.1
1069410 951.1
1069420 942.9
1069430 934.8
1069440 927.1
1069450 927.1
1069460 919.4
1069470 912.3
1069480 912.3
1069490 905.6
1069500 899.1
1069510 899.1
1069520 892.9
1069530 887.4
1069540 887.4
1069550 882.2
1069560 878.1
1069570 878.1
1069580 875.3
1069590 873.3
1069600 873.3
1069610 870.6
1069620 868.4
1069630 868.4
1069640 865.4
1069650 861.4
1069660 861.4
1069670 856.9
1069680 852.7
1069690 848.7
1069700 848.7
1069710 845.5
1069720 842.7
1069730 842.7
1069740 839.8
1069750 837.5
1069760 837.5
1069770 835.2
1069780 833.1
1069790 833.1
1069800 831.0
1069810 828.4
1069820 828.4
1069830 824.5
1069840 821.2
1069850 821.2
1069860 818.7
1069870 815.3
1069880 815.3
1069890 812.2
1069900 808.8
1069910 808.8
1069920 804.2
1069930 801.7
1069940 800.7
1069950 800.7
1069960 796.6
1069970 793.8
1069980 793.8
1069990 791.3
1070000 787.7
1070010 787.7
1070020 784.7
1070030 783.3
1070040 783.3
1070050 782.2
1070060 779.4
1070070 779.4
1070080 775.9
1070090 773.9
1070100 773.9
1070110 771.0
1070120 768.9
1070130 768.9
1070140 767.6
1070150 765.8
1070160 765.8
1070170 764.6
1070180 764.1
1070190 764.1
1070200 763.7
1070210 763.7
1070220 763.4
1070230 763.4
1070240 762.7
1070250 761.9
1070260 761.9
1070270 760.1
1070280 759.1
1070290 759.1
1070300 758.2
1070310 757.6
1070320 757.6
1070330 756.9
1070340 754.1
1070350 754.1
1070360 752.2
1070370 751.1
1070380 751.1
1070390 749.2
1070400 746.3
1070410 746.3
1070420 742.9
1070430 738.8
1070440 738.8
1070450 735.0
1070460 732.3
1070470 729.2
1070480 729.2
1070490 725.3
1070500 720.2
1070510 720.2
1070520 713.3
1070530 705.7
1070540 705.7
1070550 691.3
1070560 679.2
1070570 668.9
1070580 666.8
1070590 663.0
1070600 663.0
1070610 657.3
1070620 653.1
1070630 653.1
1070640 651.0
1070650 650.8
1070660 650.8
1070670 652.6
1070680 653.3
1070690 653.3
1070700 648.3
1070710 643.7
1070720 640.6
1070730 640.6
1070740 640.3
1070750 641.0
1070760 641.0
1070770 642.5
1070780 644.2
1070790 644.2
1070800 643.5
1070810 640.5
1070820 640.5
1070830 636.1
1070840 630.9
1070850 630.9
1070860 625.0
1070870 613.9
1070880 608.7
1070890 596.6
1070900 585.3
1070910 585.3
1070920 575.5
1070930 567.0
1070940 567.0
1070950 561.4
1070960 558.1
1070970 563.5
1070980 563.5
1070990 572.6
1071000 578.4
1071010 578.4
1071020 585.0
1071030 591.0
1071040 591.0
1071050 598.3
1071060 610.2
1071070 610.2
1071080 621.1
1071090 626.4
1071100 626.4
1071110 620.7
1071120 619.7
1071130 619.7
1071140 630.1
1071150 642.9
1071160 642.9
1071170 656.0
1071180 663.2
1071190 668.0
1071200 671.4
1071210 674.4
1071220 674.4
1071230 673.7
1071240 670.6
1071250 666.8
1071260 666.8
1071270 663.2
1071280 659.6
1071290 659.6
1071300 656.2
1071310 653.1
1071320 653.1
1071330 649.9
1071340 646.9
1071350 646.9
1071360 644.5
1071370 642.7
1071380 642.7
1071390 641.2
1071400 639.3
1071410 639.3
1071420 637.0
1071430 633.9
1071440 633.9
1071450 629.7
1071460 625.6
1071470 625.6
1071480 623.4
1071490 622.1
1071500 624.3
1071510 624.3
1071520 623.8
1071530 623.5
1071540 623.5
1071550 623.3
1071560 623.5
1071570 623.5
1071580 623.4
1071590 622.7
1071600 622.7
1071610 622.1
1071620 620.4
1071630 620.4
1071640 619.0
1071650 618.1
1071660 618.1
1071670 617.2
1071680 616.8
1071690 616.8
1071700 615.9
1071710 613.7
1071720 613.7
1071730 610.9
1071740 609.8
1071750 608.4
1071760 608.4
1071770 606.9
1071780 605.6
1071790 605.6
1071800 605.6
1071810 604.5
1071820 604.5
1071830 603.1
1071840 600.8
1071850 600.8
1071860 599.5
1071870 599.4
1071880 599.4
1071890 599.3
1071900 598.4
1071910 598.4
1071920 595.9
1071930 593.7
1071940 593.7
1071950 591.0
1071960 587.7
1071970 587.7
1071980 585.7
1071990 584.6
1072000 584.6
1072010 583.5
1072020 582.6
1072030 581.6
1072040 581.6
1072050 580.8
1072060 580.1
1072070 580.1
1072080 579.6
1072090 578.2
1072100 578.2
1072110 578.1
1072120 576.6
1072130 576.6
1072140 574.2
1072150 572.9
1072160 572.9
1072170 572.2
1072180 571.9
1072190 571.9
1072200 571.8
1072210 572.1
1072220 572.1
1072230 572.3
1072240 572.4
1072250 572.4
1072260 572.7
1072270 573.0
1072280 573.2
1072290 573.2
1072300 573.3
1072310 573.2
1072320 573.2
1072330 572.9
1072340 572.7
1072350 572.7
1072360 572.5
1072370 572.8
1072380 572.8
1072390 571.5
1072400 570.2
1072410 570.2
1072420 570.7
1072430 570.2
1072440 570.2
1072450 569.2
1072460 567.6
1072470 567.6
1072480 566.0
1072490 564.7
1072500 564.7
1072510 563.2
1072520 561.9
1072530 561.1
1072540 561.1
1072550 559.9
1072560 559.0
1072570 559.0
1072580 558.7
1072590 558.3
1072600 558.3
1072610 559.0
1072620 559.9
1072630 559.9
1072640 559.4
1072650 557.3
1072660 557.3
1072670 555.0
1072680 551.6
1072690 551.6
1072700 547.5
1072710 544.2
1072720 544.2
1072730 542.4
1072740 540.2
1072750 540.2
1072760 537.8
1072770 536.2
1072780 536.2
1072790 535.9
1072800 534.2
1072810 532.0
1072820 532.0
1072830 531.1
1072840 531.0
1072850 531.0
1072860 530.2
1072870 530.3
1072880 530.3
1072890 530.2
1072900 529.6
1072910 529.6
1072920 529.4
1072930 529.4
1072940 529.4
1072950 530.1
1072960 529.2
1072970 529.2
1072980 529.0
1072990 528.8
1073000 528.8
1073010 528.3
1073020 528.6
1073030 528.6
1073040 529.2
1073050 528.6
1073060 527.9
1073070 527.9
1073080 526.8
1073090 526.2
1073100 526.2
1073110 526.5
1073120 527.5
1073130 527.5
1073140 528.5
1073150 529.2
1073160 529.2
1073170 531.6
1073180 535.4
1073190 535.4
1073200 536.6
1073210 537.6
1073220 537.6
1073230 538.9
1073240 539.7
1073250 539.7
1073260 539.6
1073270 540.0
1073280 540.0
1073290 540.8
1073300 541.0
1073310 540.9
1073320 540.9
1073330 540.7
1073340 539.7
1073350 540.2
1073360 539.6
1073370 539.0
1073380 539.0
1073390 538.3
1073400 537.7
1073410 537.7
1073420 537.3
1073430 537.4
1073440 537.4
1073450 537.7
1073460 538.2
1073470 538.2
1073480 537.7
1073490 532.6
1073500 532.6
1073510 527.0
1073520 521.9
1073530 521.9
1073540 518.1
1073550 517.0
1073560 515.3
1073570 515.3
1073580 514.5
1073590 514.3
1073600 514.3
1073610 513.7
1073620 512.7
1073630 512.7
1073640 509.8
1073650 507.4
1073660 510.9
1073670 508.3
1073680 505.5
1073690 505.5
1073700 502.8
1073710 500.9
1073720 500.9
1073730 500.5
1073740 500.7
1073750 500.7
1073760 500.7
1073770 500.7
1073780 500.7
1073790 500.6
1073800 500.5
1073810 500.5
1073820 501.1
1073830 501.5
1073840 501.8
1073850 501.8
1073860 502.0
1073870 502.0
1073880 502.0
1073890 502.0
1073900 502.1
1073910 502.1
1073920 502.3
1073930 502.3
1073940 502.3
1073950 502.2
1073960 502.2
1073970 502.9
1073980 503.2
1073990 503.3
1074000 503.3
1074010 503.6
1074020 503.8
1074030 503.8
1074040 503.9
1074050 504.0
1074060 504.0
1074070 504.0
1074080 503.6
1074090 503.4
1074100 503.4
1074110 501.6
1074120 498.5
1074130 498.5
1074140 496.6
1074150 494.5
1074160 494.5
1074170 491.0
1074180 485.3
1074190 485.3
1074200 479.2
1074210 476.6
1074220 476.6
1074230 476.6
1074240 476.7
1074250 476.7
1074260 476.9
1074270 476.9
1074280 477.1
1074290 477.1
1074300 477.2
1074310 477.2
1074320 477.3
1074330 477.3
1074340 477.5
1074350 477.5
1074360 477.8
1074370 478.2
1074380 478.2
1074390 478.9
1074400 478.9
1074410 478.9
1074420 479.2
1074430 479.4
1074440 479.4
1074450 479.7
1074460 480.0
1074470 480.0
1074480 479.8
1074490 479.8
1074500 479.8
1074510 480.1
1074520 479.8
1074530 479.8
1074540 479.7
1074550 480.0
1074560 480.0
1074570 480.1
1074580 480.2
1074590 480.7
1074600 481.0
1074610 481.4
1074620 481.8
1074630 481.8
1074640 481.7
1074650 482.0
1074660 482.0
1074670 481.9
1074680 482.0
1074690 482.0
1074700 481.8
1074710 481.9
1074720 481.9
1074730 481.9
1074740 482.0
1074750 482.0
1074760 482.2
1074770 481.8
1074780 481.8
1074790 481.5
1074800 481.5
1074810 481.5
1074820 481.5
1074830 481.6
1074840 481.6
1074850 481.6
1074860 481.6
1074870 481.9
1074880 481.9
1074890 482.0
1074900 482.8
1074910 482.8
1074920 483.0
1074930 482.9
1074940 482.9
1074950 482.8
1074960 482.7
1074970 482.7
1074980 483.0
1074990 483.4
1075000 483.4
1075010 483.9
1075020 484.3
1075030 484.3
1075040 484.3
1075050 484.2
1075060 484.2
1075070 484.0
1075080 483.7
1075090 483.7
1075100 483.7
1075110 483.7
1075120 483.7
1075130 483.7
1075140 483.8
1075150 484.2
1075160 484.2
1075170 484.9
1075180 485.3
1075190 485.3
1075200 485.5
1075210 485.5
1075220 485.5
1075230 485.4
1075240 485.3
1075250 485.3
1075260 485.4
1075270 484.4
1075280 484.4
1075290 482.7
1075300 482.1
1075310 482.1
1075320 483.0
1075330 484.9
1075340 484.9
1075350 486.0
1075360 485.8
1075370 483.3
1075380 483.3
1075390 481.2
1075400 481.0
1075410 481.0
1075420 481.0
1075430 481.0
1075440 481.0
1075450 481.1
1075460 481.2
1075470 481.2
1075480 481.5
1075490 482.7
1075500 482.7
1075510 483.1
1075520 482.7
1075530 482.7
1075540 481.2
1075550 480.8
1075560 480.8
1075570 480.8
1075580 480.8
1075590 480.8
1075600 480.8
1075610 481.2
1075620 481.2
1075630 481.4
1075640 480.6
1075650 480.1
1075660 480.1
1075670 480.1
1075680 480.0
1075690 480.0
1075700 479.9
1075710 479.9
1075720 479.9
1075730 479.9
1075740 480.0
1075750 480.0
1075760 480.3
1075770 481.1
1075780 481.1
1075790 481.9
1075800 481.9
1075810 481.9
1075820 482.0
1075830 481.8
1075840 481.8
1075850 483.4
1075860 484.7
1075870 484.7
1075880 483.7
1075890 480.5
1075900 480.1
1075910 480.1
1075920 480.1
1075930 480.2
1075940 480.2
1075950 480.5
1075960 482.5
1075970 482.5
1075980 484.6
1075990 484.9
1076000 484.9
1076010 484.8
1076020 484.7
1076030 484.7
1076040 484.4
1076050 483.1
1076060 483.1
1076070 482.8
1076080 482.8
1076090 482.8
1076100 482.7
1076110 482.8
1076120 482.8
1076130 482.7
1076140 482.8
1076150 482.8
1076160 482.8
1076170 483.0
1076180 483.0
1076190 483.0
1076200 482.9
1076210 482.8
1076220 482.8
1076230 482.8
1076240 482.9
1076250 482.9
1076260 483.0
1076270 482.9
1076280 482.9
1076290 483.0
1076300 483.0
1076310 483.0
1076320 482.9
1076330 482.8
1076340 482.8
1076350 483.1
1076360 483.2
1076370 483.2
1076380 482.9
1076390 482.9
1076400 482.9
1076410 483.1
1076420 483.2
1076430 483.1
1076440 483.1
1076450 482.9
1076460 482.9
1076470 482.9
1076480 482.9
1076490 482.9
1076500 482.9
1076510 483.2
1076520 483.3
1076530 483.3
1076540 483.4
1076550 483.4
1076560 483.4
1076570 483.3
1076580 483.4
1076590 483.4
1076600 483.5
1076610 483.5
1076620 483.5
1076630 483.7
1076640 483.8
1076650 483.8
1076660 483.9
1076670 483.9
1076680 483.9
1076690 483.9
1076700 483.8
1076710 483.9
1076720 483.9
1076730 484.0
1076740 484.0
1076750 484.0
1076760 484.1
1076770 484.2
1076780 484.2
1076790 484.3
1076800 484.3
1076810 484.3
1076820 484.5
1076830 484.5
1076840 484.5
1076850 484.4
1076860 484.5
1076870 484.5
1076880 484.6
1076890 484.6
1076900 484.6
1076910 484.6
1076920 484.6
1076930 484.7
1076940 484.7
1076950 484.8
1076960 484.8
1076970 484.8
1076980 484.7
1076990 484.7
1077000 484.7
1077010 484.7
1077020 484.8
1077030 484.8
1077040 484.8
1077050 484.8
1077060 484.8
1077070 484.9
1077080 485.0
1077090 485.0
1077100 485.0
1077110 485.1
1077120 485.1
1077130 485.1
1077140 485.2
1077150 485.2
1077160 485.3
1077170 485.4
1077180 485.5
1077190 485.5
1077200 485.5
1077210 485.6
1077220 485.6
1077230 485.6
1077240 485.7
1077250 485.7
1077260 485.8
1077270 485.9
1077280 485.9
1077290 485.9
1077300 485.9
1077310 485.9
1077320 485.8
1077330 485.7
1077340 485.7
1077350 485.7
1077360 485.8
1077370 485.8
1077380 485.8
1077390 485.8
1077400 485.8
1077410 485.7
1077420 485.6
1077430 485.6
1077440 485.7
1077450 485.9
1077460 486.1
1077470 486.1
1077480 486.3
1077490 486.3
1077500 486.3
1077510 486.3
1077520 486.4
1077530 486.4
1077540 486.5
1077550 486.3
1077560 486.3
1077570 486.2
1077580 486.4
1077590 486.4
1077600 486.3
1077610 486.3
1077620 486.3
1077630 486.3
1077640 486.3
1077650 486.3
1077660 486.3
1077670 486.4
1077680 486.4
1077690 486.5
1077700 486.5
1077710 486.4
1077720 486.4
1077730 486.5
1077740 486.7
1077750 486.7
1077760 486.7
1077770 486.7
1077780 486.7
1077790 486.6
1077800 486.7
1077810 486.7
1077820 486.9
1077830 486.9
1077840 486.9
1077850 486.9
1077860 486.9
1077870 486.9
1077880 487.0
1077890 487.1
1077900 487.1
1077910 487.2
1077920 487.3
1077930 487.3
1077940 487.4
1077950 487.3
1077960 487.2
1077970 487.2
1077980 487.2
1077990 487.3
1078000 487.3
1078010 487.4
1078020 487.5
1078030 487.5
1078040 487.5
1078050 487.4
1078060 487.4
1078070 487.4
1078080 487.5
1078090 487.5
1078100 487.5
1078110 487.5
1078120 487.5
1078130 487.4
1078140 487.4
1078150 487.4
1078160 487.4
1078170 487.5
1078180 487.5
1078190 487.6
1078200 487.6
1078210 487.6
1078220 487.6
1078230 487.6
1078240 487.7
1078250 487.7
1078260 487.8
1078270 487.8
1078280 487.8
1078290 487.9
1078300 487.8
1078310 487.8
1078320 487.8
1078330 487.9
1078340 487.9
1078350 488.0
1078360 488.2
1078370 488.2
1078380 488.3
1078390 488.5
1078400 488.5
1078410 488.4
1078420 488.3
1078430 488.3
1078440 488.2
1078450 488.2
1078460 488.2
1078470 488.2
1078480 488.3
1078490 488.6
1078500 488.6
1078510 488.7
1078520 488.7
1078530 488.7
1078540 488.7
1078550 488.7
1078560 488.7
1078570 488.7
1078580 488.7
1078590 488.7
1078600 489.1
1078610 489.8
1078620 489.8
1078630 489.7
1078640 489.4
1078650 489.4
1078660 489.3
1078670 489.2
1078680 489.2
1078690 489.1
1078700 489.1
1078710 489.1
1078720 489.1
1078730 489.2
1078740 489.3
1078750 489.3
1078760 489.4
1078770 489.5
1078780 489.5
1078790 489.5
1078800 489.4
1078810 489.4
1078820 489.4
1078830 490.6
1078840 490.6
1078850 495.1
1078860 500.8
1078870 500.8
1078880 502.1
1078890 502.3
1078900 502.3
1078910 502.5
1078920 502.7
1078930 502.7
1078940 502.9
1078950 503.1
1078960 503.1
1078970 503.6
1078980 503.9
1078990 504.3
1079000 504.3
1079010 504.6
1079020 505.1
1079030 505.1
1079040 505.6
1079050 506.0
1079060 506.0
1079070 506.6
1079080 507.3
1079090 507.3
1079100 507.9
1079110 508.3
1079120 508.3
1079130 508.5
1079140 508.6
1079150 508.6
1079160 508.6
1079170 508.6
1079180 508.6
1079190 508.9
1079200 509.3
1079210 509.3
1079220 509.7
1079230 510.1
1079240 510.1
1079250 510.0
1079260 510.1
1079270 510.9
1079280 510.9
1079290 511.0
1079300 511.0
1079310 511.0
1079320 510.8
1079330 510.9
1079340 510.9
1079350 510.8
1079360 510.2
1079370 510.2
1079380 509.9
1079390 509.9
1079400 509.9
1079410 509.7
1079420 510.0
1079430 510.0
1079440 510.2
1079450 510.1
1079460 510.1
1079470 509.9
1079480 510.7
1079490 510.7
1079500 511.9
1079510 512.5
1079520 513.7
1079530 513.7
1079540 515.9
1079550 516.8
1079560 516.8
1079570 518.3
1079580 519.0
1079590 519.0
1079600 519.3
1079610 519.3
1079620 519.3
1079630 519.5
1079640 519.7
1079650 519.7
1079660 519.8
1079670 520.7
1079680 520.7
1079690 524.6
1079700 526.3
1079710 526.3
1079720 526.8
1079730 527.4
1079740 527.4
1079750 527.8
1079760 528.0
1079770 528.3
1079780 528.3
1079790 528.6
1079800 529.3
1079810 529.3
1079820 530.2
1079830 531.3
1079840 531.3
1079850 533.3
1079860 534.9
1079870 534.9
1079880 535.8
1079890 536.9
1079900 537.4
1079910 537.8
1079920 537.9
1079930 537.9
1079940 537.7
1079950 537.6
1079960 537.6
1079970 537.7
1079980 537.7
1079990 537.7
