1065430 516.9
1065440 516.9
1065450 518.2
1065460 519.7
1065470 519.7
1065480 520.5
1065490 521.0
1065500 521.0
1065510 521.1
1065520 522.1
1065530 523.3
1065540 523.3
1065550 526.0
1065560 527.5
1065570 527.5
1065580 528.7
1065590 529.1
1065600 529.1
1065610 530.2
1065620 531.6
1065630 531.6
1065640 532.5
1065650 533.2
1065660 533.2
1065670 534.0
1065680 534.8
1065690 534.8
1065700 535.7
1065710 537.3
1065720 537.3
1065730 539.3
1065740 541.6
1065750 541.6
1065760 543.2
1065770 542.9
1065780 540.9
1065790 540.9
1065800 540.6
1065810 543.2
1065820 543.2
1065830 546.4
1065840 549.5
1065850 551.0
1065860 552.9
1065870 554.0
1065880 554.0
1065890 555.1
1065900 556.5
1065910 556.5
1065920 557.7
1065930 558.7
1065940 558.7
1065950 559.9
1065960 562.2
1065970 562.2
1065980 563.3
1065990 563.4
1066000 563.4
1066010 563.9
1066020 563.7
1066030 564.5
1066040 564.5
1066050 565.5
1066060 566.4
1066070 566.4
1066080 567.1
1066090 568.2
1066100 568.2
1066110 568.9
1066120 569.7
1066130 569.7
1066140 570.0
1066150 570.4
1066160 573.0
1066170 573.5
1066180 574.4
1066190 574.4
1066200 574.7
1066210 575.3
1066220 575.3
1066230 576.2
1066240 576.5
1066250 576.5
1066260 578.5
1066270 581.7
1066280 581.7
1066290 582.8
1066300 584.7
1066310 587.1
1066320 587.1
1066330 590.4
1066340 593.2
1066350 593.2
1066360 595.2
1066370 597.3
1066380 597.3
1066390 599.1
1066400 601.1
1066410 601.1
1066420 604.1
1066430 608.5
1066440 608.5
1066450 612.3
1066460 618.8
1066470 618.8
1066480 623.7
1066490 629.1
1066500 629.1
1066510 634.9
1066520 637.6
1066530 637.6
1066540 638.0
1066550 640.4
1066560 643.1
1066570 643.1
1066580 645.7
1066590 648.5
1066600 648.5
1066610 652.6
1066620 657.4
1066630 657.4
1066640 662.3
1066650 668.3
1066660 668.3
1066670 674.2
1066680 680.0
1066690 680.0
1066700 685.9
1066710 691.3
1066720 691.3
1066730 696.3
1066740 701.7
1066750 701.7
1066760 712.2
1066770 717.8
1066780 717.8
1066790 722.1
1066800 726.8
1066810 732.6
1066820 732.6
1066830 739.8
1066840 752.6
1066850 752.6
1066860 761.4
1066870 764.3
1066880 764.3
1066890 765.8
1066900 767.1
1066910 767.1
1066920 767.9
1066930 771.3
1066940 771.3
1066950 776.1
1066960 784.0
1066970 784.0
1066980 793.1
1066990 799.6
1067000 799.6
1067010 803.6
1067020 809.1
1067030 809.1
1067040 814.8
1067050 819.5
1067060 819.5
1067070 830.1
1067080 833.9
1067090 837.9
1067100 837.9
1067110 840.4
1067120 841.1
1067130 841.1
1067140 846.9
1067150 853.7
1067160 853.7
1067170 861.6
1067180 870.0
1067190 870.0
1067200 877.1
1067210 883.1
1067220 883.1
1067230 889.6
1067240 896.1
1067250 896.1
1067260 898.5
1067270 898.9
1067280 898.9
1067290 900.6
1067300 899.9
1067310 899.9
1067320 895.6
1067330 899.2
1067340 907.7
1067350 907.7
1067360 916.0
1067370 926.0
1067380 926.0
1067390 929.1
1067400 931.7
1067410 931.7
1067420 934.5
1067430 937.4
1067440 937.4
1067450 940.6
1067460 943.3
1067470 943.3
1067480 944.7
1067490 945.6
1067500 945.6
1067510 948.6
1067520 952.5
1067530 952.5
1067540 955.5
1067550 956.9
1067560 956.9
1067570 958.0
1067580 959.4
1067590 959.4
1067600 963.0
1067610 968.0
1067620 973.5
1067630 973.5
1067640 978.6
1067650 982.6
1067660 982.6
1067670 986.6
1067680 994.2
1067690 994.2
1067700 997.4
1067710 998.9
1067720 998.9
1067730 999.3
1067740 999.5
1067750 999.5
1067760 1000.3
1067770 1001.0
1067780 1001.0
1067790 999.8
1067800 996.5
1067810 996.5
1067820 996.5
1067830 997.7
1067840 997.7
1067850 997.5
1067860 996.7
1067870 994.7
1067880 994.7
1067890 990.5
1067900 984.2
1067910 984.2
1067920 977.7
1067930 970.2
1067940 970.2
1067950 963.9
1067960 956.6
1067970 956.6
1067980 952.9
1067990 946.5
1068000 946.5
1068010 940.2
1068020 934.1
1068030 934.1
1068040 928.2
1068050 924.2
1068060 924.2
1068070 920.8
1068080 916.6
1068090 916.6
1068100 911.7
1068110 906.1
1068120 899.6
1068130 899.6
1068140 893.0
1068150 886.6
1068160 886.6
1068170 880.8
1068180 875.1
1068190 875.1
1068200 870.6
1068210 865.8
1068220 865.8
1068230 861.1
1068240 855.2
1068250 855.2
1068260 849.4
1068270 843.0
1068280 843.0
1068290 845.1
1068300 841.9
1068310 841.9
1068320 837.7
1068330 832.7
1068340 832.7
1068350 831.3
1068360 830.0
1068370 830.0
1068380 829.1
1068390 828.5
1068400 826.3
1068410 826.3
1068420 824.8
1068430 822.6
1068440 822.6
1068450 819.9
1068460 817.9
1068470 817.9
1068480 816.1
1068490 812.9
1068500 812.9
1068510 810.2
1068520 809.3
1068530 809.3
1068540 809.1
1068550 807.8
1068560 807.8
1068570 805.7
1068580 805.0
1068590 805.0
1068600 811.5
1068610 812.3
1068620 812.3
1068630 811.3
1068640 808.8
1068650 805.5
1068660 805.5
1068670 802.8
1068680 800.0
1068690 800.0
1068700 795.1
1068710 790.9
1068720 790.9
1068730 787.2
1068740 783.6
1068750 783.6
1068760 782.2
1068770 780.4
1068780 780.4
1068790 780.0
1068800 778.4
1068810 778.4
1068820 775.9
1068830 774.2
1068840 774.2
1068850 773.4
1068860 773.6
1068870 773.6
1068880 774.3
1068890 774.6
1068900 778.6
1068910 778.6
1068920 778.2
1068930 778.0
1068940 778.0
1068950 778.0
1068960 778.3
1068970 778.3
1068980 779.0
1068990 779.2
1069000 779.2
1069010 778.9
1069020 777.9
1069030 777.9
1069040 776.7
1069050 775.1
1069060 775.1
1069070 772.1
1069080 769.9
1069090 769.9
1069100 768.4
1069110 766.7
1069120 766.7
1069130 763.8
1069140 761.3
1069150 761.3
1069160 759.2
1069170 758.5
1069180 758.0
1069190 758.0
1069200 756.0
1069210 756.5
1069220 756.5
1069230 755.0
1069240 754.9
1069250 754.9
1069260 753.7
1069270 753.7
1069280 753.7
1069290 756.3
1069300 756.2
1069310 756.2
1069320 753.3
1069330 749.8
1069340 749.8
1069350 749.2
1069360 751.4
1069370 751.4
1069380 751.0
1069390 748.6
1069400 748.6
1069410 749.9
1069420 750.7
1069430 749.5
1069440 749.5
1069450 746.9
1069460 744.9
1069470 744.9
1069480 743.1
1069490 741.6
1069500 741.6
1069510 742.9
1069520 737.9
1069530 737.9
1069540 732.8
1069550 727.8
1069560 727.8
1069570 723.5
1069580 719.4
1069590 719.4
1069600 718.7
1069610 721.2
1069620 721.2
1069630 724.8
1069640 727.5
1069650 727.5
1069660 727.9
1069670 727.2
1069680 726.1
1069690 726.1
1069700 725.1
1069710 723.9
1069720 723.9
1069730 723.1
1069740 722.6
1069750 722.6
1069760 721.7
1069770 720.5
1069780 720.5
1069790 719.0
1069800 717.1
1069810 717.1
1069820 721.1
1069830 719.0
1069840 719.0
1069850 716.8
1069860 714.0
1069870 714.0
1069880 711.6
1069890 709.5
1069900 709.5
1069910 706.8
1069920 704.7
1069930 704.7
1069940 703.0
1069950 701.1
1069960 699.0
1069970 699.0
1069980 696.8
1069990 694.4
1070000 694.4
1070010 691.7
1070020 689.1
1070030 689.1
1070040 687.1
1070050 685.6
1070060 685.6
1070070 684.1
1070080 683.3
1070090 683.3
1070100 682.9
1070110 682.9
1070120 682.9
1070130 688.1
1070140 688.0
1070150 688.0
1070160 686.6
1070170 685.0
1070180 685.0
1070190 685.3
1070200 686.5
1070210 687.1
1070220 687.1
1070230 687.6
1070240 688.6
1070250 688.6
1070260 689.9
1070270 689.9
1070280 689.9
1070290 689.6
1070300 690.5
1070310 690.5
1070320 691.1
1070330 691.1
1070340 691.1
1070350 690.9
1070360 690.5
1070370 690.5
1070380 690.3
1070390 689.9
1070400 689.9
1070410 688.9
1070420 687.4
1070430 693.3
1070440 690.2
1070450 687.7
1070460 685.3
1070470 685.3
1070480 681.5
1070490 677.9
1070500 677.9
1070510 674.8
1070520 671.3
1070530 671.3
1070540 668.6
1070550 666.8
1070560 666.8
1070570 666.4
1070580 666.6
1070590 666.6
1070600 667.1
1070610 667.5
1070620 667.5
1070630 667.7
1070640 667.0
1070650 667.0
1070660 664.9
1070670 660.8
1070680 660.8
1070690 656.5
1070700 652.7
1070710 652.7
1070720 650.3
1070730 649.2
1070740 649.5
1070750 649.5
1070760 648.0
1070770 645.1
1070780 645.1
1070790 641.6
1070800 638.9
1070810 638.9
1070820 636.2
1070830 633.9
1070840 633.9
1070850 632.6
1070860 631.9
1070870 631.9
1070880 630.8
1070890 629.4
1070900 629.4
1070910 627.6
1070920 625.2
1070930 625.2
1070940 623.3
1070950 624.4
1070960 624.4
1070970 629.3
1070980 635.1
1070990 637.0
1071000 637.0
1071010 635.7
1071020 633.0
1071030 633.0
1071040 631.9
1071050 632.7
1071060 632.7
1071070 632.9
1071080 632.2
1071090 632.2
1071100 630.9
1071110 628.4
1071120 628.4
1071130 623.5
1071140 620.1
1071150 620.1
1071160 617.6
1071170 614.7
1071180 614.7
1071190 611.0
1071200 610.1
1071210 610.1
1071220 607.5
1071230 604.1
1071240 600.1
1071250 600.1
1071260 598.1
1071270 595.3
1071280 595.3
1071290 591.7
1071300 592.2
1071310 592.2
1071320 596.3
1071330 599.4
1071340 599.4
1071350 599.7
1071360 598.7
1071370 598.7
1071380 596.6
1071390 594.5
1071400 594.5
1071410 592.1
1071420 589.8
1071430 589.8
1071440 587.8
1071450 584.8
1071460 584.8
1071470 581.5
1071480 577.6
1071490 577.6
1071500 573.2
1071510 568.5
1071520 564.3
1071530 564.3
1071540 560.2
1071550 556.0
1071560 556.0
1071570 552.3
1071580 549.7
1071590 549.7
1071600 547.1
1071610 544.5
1071620 544.5
1071630 541.8
1071640 539.2
1071650 539.2
1071660 540.1
1071670 538.0
1071680 538.0
1071690 535.1
1071700 532.5
1071710 532.5
1071720 526.8
1071730 517.6
1071740 517.6
1071750 509.0
1071760 503.1
1071770 504.1
1071780 504.1
1071790 515.2
1071800 524.6
1071810 524.6
1071820 525.3
1071830 525.4
1071840 525.4
1071850 524.4
1071860 523.8
1071870 523.8
1071880 523.7
1071890 523.5
1071900 523.5
1071910 521.7
1071920 518.8
1071930 518.8
1071940 519.3
1071950 519.6
1071960 519.6
1071970 518.6
1071980 517.8
1071990 517.8
1072000 516.9
1072010 516.4
1072020 515.6
1072030 515.6
1072040 514.2
1072050 513.7
1072060 513.7
1072070 513.1
1072080 512.0
1072090 512.0
1072100 511.3
1072110 510.6
1072120 510.6
1072130 509.9
1072140 509.4
1072150 509.4
1072160 509.1
1072170 508.0
1072180 508.0
1072190 507.4
1072200 506.9
1072210 506.9
1072220 506.2
1072230 505.6
1072240 505.6
1072250 505.1
1072260 504.2
1072270 504.2
1072280 502.9
1072290 502.1
1072300 501.3
1072310 501.3
1072320 500.7
1072330 500.6
1072340 500.6
1072350 499.8
1072360 497.8
1072370 497.8
1072380 496.6
1072390 495.7
1072400 495.7
1072410 494.6
1072420 494.3
1072430 494.3
1072440 494.1
1072450 493.3
1072460 493.3
1072470 492.6
1072480 492.6
1072490 492.6
1072500 492.5
1072510 492.4
1072520 492.4
1072530 492.2
1072540 492.1
1072550 491.6
1072560 491.6
1072570 489.6
1072580 489.7
1072590 489.7
1072600 489.8
1072610 488.5
1072620 488.5
1072630 487.8
1072640 487.4
1072650 487.4
1072660 486.8
1072670 486.5
1072680 486.5
1072690 486.5
1072700 486.2
1072710 486.2
1072720 485.6
1072730 485.4
1072740 485.4
1072750 484.9
1072760 484.1
1072770 484.1
1072780 483.8
1072790 483.6
1072800 483.4
1072810 483.4
1072820 483.4
1072830 483.4
1072840 483.4
1072850 483.0
1072860 482.6
1072870 482.6
1072880 482.4
1072890 482.2
1072900 482.3
1072910 481.7
1072920 481.2
1072930 481.2
1072940 481.0
1072950 480.9
1072960 480.9
1072970 480.8
1072980 480.7
1072990 480.7
1073000 480.5
1073010 480.3
1073020 480.3
1073030 480.1
1073040 479.9
1073050 479.9
1073060 479.7
1073070 479.9
1073080 480.7
1073090 480.7
1073100 478.7
1073110 478.1
1073120 478.1
1073130 476.3
1073140 475.9
1073150 475.9
1073160 475.8
1073170 474.9
1073180 474.9
1073190 473.6
1073200 473.0
1073210 472.9
1073220 472.8
1073230 472.9
1073240 472.9
1073250 473.2
1073260 473.2
1073270 473.2
1073280 473.4
1073290 473.4
1073300 473.4
1073310 473.5
1073320 473.6
1073330 473.0
1073340 473.0
1073350 472.6
1073360 472.3
1073370 472.3
1073380 472.1
1073390 472.2
1073400 472.2
1073410 472.3
1073420 472.4
1073430 472.4
1073440 472.4
1073450 472.5
1073460 472.5
1073470 472.4
1073480 472.4
1073490 472.4
1073500 472.5
1073510 472.6
1073520 472.6
1073530 472.7
1073540 472.7
1073550 472.7
1073560 472.6
1073570 472.7
1073580 472.8
1073590 472.8
1073600 473.0
1073610 473.1
1073620 473.1
1073630 473.1
1073640 473.1
1073650 473.1
1073660 473.3
1073670 473.3
1073680 473.3
1073690 473.3
1073700 473.3
1073710 473.3
1073720 473.4
1073730 473.4
1073740 473.4
1073750 473.4
1073760 473.4
1073770 473.4
1073780 473.6
1073790 473.7
1073800 473.7
1073810 473.6
1073820 473.6
1073830 473.7
1073840 473.9
1073850 473.9
1073860 473.9
1073870 473.9
1073880 474.0
1073890 474.1
1073900 474.1
1073910 474.2
1073920 474.2
1073930 474.2
1073940 474.2
1073950 474.2
1073960 474.2
1073970 474.2
1073980 474.6
1073990 474.6
1074000 475.3
1074010 475.6
1074020 475.6
1074030 475.8
1074040 475.8
1074050 475.8
1074060 475.8
1074070 475.9
1074080 475.9
1074090 475.0
1074100 475.8
1074110 477.0
1074120 477.0
1074130 475.8
1074140 475.1
1074150 475.1
1074160 475.3
1074170 475.4
1074180 475.4
1074190 475.4
1074200 475.4
1074210 475.4
1074220 475.4
1074230 475.4
1074240 475.4
1074250 475.5
1074260 475.6
1074270 475.6
1074280 475.8
1074290 475.9
1074300 475.9
1074310 476.1
1074320 476.3
1074330 476.3
1074340 476.5
1074350 476.4
1074360 476.3
1074370 476.3
1074380 476.3
1074390 476.4
1074400 476.4
1074410 477.4
1074420 478.4
1074430 478.4
1074440 478.3
1074450 478.4
1074460 478.4
1074470 476.8
1074480 476.6
1074490 476.6
1074500 476.7
1074510 476.8
1074520 476.8
1074530 476.9
1074540 477.0
1074550 477.0
1074560 477.1
1074570 477.0
1074580 477.0
1074590 477.0
1074600 477.2
1074610 477.2
1074620 477.4
1074630 477.5
1074640 477.5
1074650 477.5
1074660 477.7
1074670 477.8
1074680 477.8
1074690 477.8
1074700 477.6
1074710 477.6
1074720 477.6
1074730 477.7
1074740 477.7
1074750 477.7
1074760 478.0
1074770 478.0
1074780 477.9
1074790 477.9
1074800 477.9
1074810 478.0
1074820 478.1
1074830 478.1
1074840 478.1
1074850 478.2
1074860 478.2
1074870 478.4
1074880 478.4
1074890 478.4
1074900 478.4
1074910 478.6
1074920 478.6
1074930 478.6
1074940 478.7
1074950 478.8
1074960 478.8
1074970 478.8
1074980 478.9
1074990 478.9
1075000 478.9
1075010 479.0
1075020 479.0
1075030 479.1
1075040 479.2
1075050 479.2
1075060 479.2
1075070 479.2
1075080 479.2
1075090 479.3
1075100 479.4
1075110 479.4
1075120 479.4
1075130 479.5
1075140 479.5
1075150 479.5
1075160 480.8
1075170 481.4
1075180 481.4
1075190 478.9
1075200 477.1
1075210 477.1
1075220 477.1
1075230 477.1
1075240 477.1
1075250 477.6
1075260 480.8
1075270 480.8
1075280 481.7
1075290 481.1
1075300 481.1
1075310 481.1
1075320 481.0
1075330 481.0
1075340 480.8
1075350 480.3
1075360 480.3
1075370 479.2
1075380 479.2
1075390 479.2
1075400 478.8
1075410 479.2
1075420 479.1
1075430 479.1
1075440 480.1
1075450 479.8
1075460 479.8
1075470 478.7
1075480 477.5
1075490 477.5
1075500 477.5
1075510 478.8
1075520 478.8
1075530 479.6
1075540 479.7
1075550 479.7
1075560 479.8
1075570 479.8
1075580 479.8
1075590 479.8
1075600 479.7
1075610 479.7
1075620 479.7
1075630 479.6
1075640 479.6
1075650 479.4
1075660 479.5
1075670 479.6
1075680 479.6
1075690 479.8
1075700 479.8
1075710 479.8
1075720 479.9
1075730 479.9
1075740 479.9
1075750 480.0
1075760 479.9
1075770 479.9
1075780 480.0
1075790 480.1
1075800 480.1
1075810 480.1
1075820 480.1
1075830 480.1
1075840 480.0
1075850 479.5
1075860 479.5
1075870 479.7
1075880 479.9
1075890 479.9
1075900 479.8
1075910 479.6
1075920 479.8
1075930 479.8
1075940 479.8
1075950 479.6
1075960 479.6
1075970 479.7
1075980 479.7
1075990 479.7
1076000 479.7
1076010 479.7
1076020 479.7
1076030 479.7
1076040 479.6
1076050 479.6
1076060 479.6
1076070 479.6
1076080 479.6
1076090 479.7
1076100 479.4
1076110 479.4
1076120 479.7
1076130 479.8
1076140 479.8
1076150 479.9
1076160 479.9
1076170 479.9
1076180 480.3
1076190 480.4
1076200 480.4
1076210 480.4
1076220 480.5
1076230 480.7
1076240 480.7
1076250 480.6
1076260 480.3
1076270 480.3
1076280 480.3
1076290 480.3
1076300 480.3
1076310 480.4
1076320 480.5
1076330 480.5
1076340 480.5
1076350 480.6
1076360 480.6
1076370 480.5
1076380 480.6
1076390 480.6
1076400 480.7
1076410 481.0
1076420 481.0
1076430 481.1
1076440 480.9
1076450 480.9
1076460 480.9
1076470 480.9
1076480 481.0
1076490 481.0
1076500 481.1
1076510 481.2
1076520 481.2
1076530 481.2
1076540 481.2
1076550 481.2
1076560 481.2
1076570 481.2
1076580 481.2
1076590 481.2
1076600 481.2
1076610 481.2
1076620 481.3
1076630 481.4
1076640 481.4
1076650 481.6
1076660 481.7
1076670 481.7
1076680 481.7
1076690 481.6
1076700 481.6
1076710 481.6
1076720 481.6
1076730 481.7
1076740 481.7
1076750 481.9
1076760 482.0
1076770 482.0
1076780 482.0
1076790 481.9
1076800 481.9
1076810 482.0
1076820 482.0
1076830 482.0
1076840 482.0
1076850 482.0
1076860 482.0
1076870 482.0
1076880 482.0
1076890 482.0
1076900 482.0
1076910 482.1
1076920 482.1
1076930 482.2
1076940 481.9
1076950 481.9
1076960 482.0
1076970 482.4
1076980 482.6
1076990 482.6
1077000 482.5
1077010 482.4
1077020 482.4
1077030 482.5
1077040 482.5
1077050 482.5
1077060 482.5
1077070 482.5
1077080 482.5
1077090 482.5
1077100 482.6
1077110 482.6
1077120 482.7
1077130 482.9
1077140 482.9
1077150 483.2
1077160 483.1
1077170 483.1
1077180 483.0
1077190 483.0
1077200 483.0
1077210 483.1
1077220 483.1
1077230 483.2
1077240 483.2
1077250 483.3
1077260 483.3
1077270 483.3
1077280 483.4
1077290 483.5
1077300 483.5
1077310 483.6
1077320 483.5
1077330 483.5
1077340 483.4
1077350 483.4
1077360 483.4
1077370 483.4
1077380 483.5
1077390 483.5
1077400 483.5
1077410 483.5
1077420 483.5
1077430 483.7
1077440 483.8
1077450 483.8
1077460 483.5
1077470 483.4
1077480 483.5
1077490 483.5
1077500 483.7
1077510 483.7
1077520 483.7
1077530 483.7
1077540 483.7
1077550 483.7
1077560 483.9
1077570 483.9
1077580 483.9
1077590 484.0
1077600 484.0
1077610 484.0
1077620 483.9
1077630 484.0
1077640 484.0
1077650 484.0
1077660 484.0
1077670 484.0
1077680 484.0
1077690 484.1
1077700 484.1
1077710 484.3
1077720 484.3
1077730 484.3
1077740 484.4
1077750 484.6
1077760 485.0
1077770 485.0
1077780 485.0
1077790 484.6
1077800 484.6
1077810 484.5
1077820 484.5
1077830 484.5
1077840 484.5
1077850 484.5
1077860 484.5
1077870 484.6
1077880 484.6
1077890 484.6
1077900 484.7
1077910 484.8
1077920 484.8
1077930 484.9
1077940 485.0
1077950 485.0
1077960 485.0
1077970 485.0
1077980 485.0
1077990 485.1
1078000 485.1
1078010 485.2
1078020 485.2
1078030 486.6
1078040 488.9
1078050 488.9
1078060 489.9
1078070 490.7
1078080 490.7
1078090 491.3
1078100 491.7
1078110 491.7
1078120 491.8
1078130 492.1
1078140 492.1
1078150 492.4
1078160 492.7
1078170 492.7
1078180 493.4
1078190 493.8
1078200 493.8
1078210 495.9
1078220 499.1
1078230 499.1
1078240 503.7
1078250 509.7
1078260 515.3
1078270 515.3
1078280 520.8
1078290 526.5
1078300 526.5
1078310 533.2
1078320 540.9
1078330 540.9
1078340 550.7
1078350 557.8
1078360 557.8
1078370 561.5
1078380 562.8
1078390 562.8
1078400 563.0
1078410 563.8
1078420 563.8
1078430 565.4
1078440 566.9
1078450 566.9
1078460 568.7
1078470 570.7
1078480 570.7
1078490 573.4
1078500 572.5
1078510 572.5
1078520 573.8
1078530 574.2
1078540 575.6
1078550 575.6
1078560 577.7
1078570 579.6
1078580 579.6
1078590 582.1
1078600 584.4
1078610 584.4
1078620 586.4
1078630 589.0
1078640 589.0
1078650 592.4
1078660 597.7
1078670 597.7
1078680 600.0
1078690 600.5
1078700 600.5
1078710 600.5
1078720 600.3
1078730 600.3
1078740 600.3
1078750 600.8
1078760 600.8
1078770 601.8
1078780 603.4
1078790 605.8
1078800 605.8
1078810 603.5
1078820 605.7
1078830 605.7
1078840 606.1
1078850 605.7
1078860 605.7
1078870 604.6
1078880 603.6
1078890 603.6
1078900 603.3
1078910 604.1
1078920 604.1
1078930 607.4
1078940 610.9
1078950 610.9
1078960 612.7
1078970 613.0
1078980 613.0
1078990 612.0
1079000 610.4
1079010 610.4
1079020 609.0
1079030 607.5
1079040 606.1
1079050 606.1
1079060 605.1
1079070 604.8
1079080 604.8
1079090 604.8
1079100 604.5
1079110 604.5
1079120 604.2
1079130 603.3
1079140 603.3
1079150 603.3
1079160 603.3
1079170 603.3
1079180 603.3
1079190 603.3
1079200 603.3
1079210 603.0
1079220 602.5
1079230 602.5
1079240 602.0
1079250 601.6
1079260 601.6
1079270 601.4
1079280 601.2
1079290 601.2
1079300 599.9
1079310 599.0
1079320 598.7
1079330 598.7
1079340 597.8
1079350 596.3
1079360 596.3
1079370 595.6
1079380 595.2
1079390 595.2
1079400 594.6
1079410 593.7
1079420 593.7
1079430 593.5
1079440 592.3
1079450 592.3
1079460 591.8
1079470 592.1
1079480 592.1
1079490 593.0
1079500 593.3
1079510 593.3
1079520 592.7
1079530 593.1
1079540 593.1
1079550 593.7
1079560 594.0
1079570 594.6
1079580 594.6
1079590 595.9
1079600 596.9
1079610 596.9
1079620 597.5
1079630 598.1
1079640 598.1
1079650 598.8
1079660 599.6
1079670 599.6
1079680 600.9
1079690 602.0
1079700 602.0
1079710 602.5
1079720 602.8
1079730 602.8
1079740 603.3
1079750 601.9
1079760 601.9
1079770 602.6
1079780 602.3
1079790 602.3
1079800 602.1
1079810 602.7
1079820 603.6
1079830 603.6
1079840 604.2
1079850 603.9
1079860 603.9
1079870 604.3
1079880 605.4
1079890 605.4
1079900 605.1
1079910 605.2
1079920 605.2
1079930 605.7
1079940 606.1
1079950 606.1
1079960 606.6
1079970 607.7
1079980 607.7
1079990 608.8
