1064770 441.5
1064780 441.6
1064790 441.6
1064800 441.7
1064810 441.9
1064820 442.0
1064830 442.0
1064840 441.9
1064850 441.9
1064860 441.9
1064870 441.9
1064880 442.0
1064890 442.0
1064900 442.4
1064910 442.5
1064920 442.5
1064930 442.4
1064940 442.4
1064950 442.4
1064960 442.5
1064970 442.8
1064980 442.8
1064990 443.3
1065000 443.8
1065010 443.8
1065020 444.4
1065030 444.9
1065040 444.9
1065050 445.4
1065060 445.8
1065070 446.1
1065080 446.1
1065090 446.3
1065100 446.5
1065110 446.5
1065120 446.9
1065130 447.5
1065140 447.5
1065150 447.9
1065160 448.2
1065170 448.2
1065180 448.6
1065190 449.1
1065200 449.1
1065210 449.5
1065220 449.9
1065230 449.9
1065240 450.3
1065250 450.6
1065260 451.5
1065270 451.8
1065280 452.1
1065290 452.1
1065300 453.0
1065310 454.7
1065320 454.7
1065330 458.2
1065340 459.5
1065350 459.4
1065360 459.4
1065370 459.4
1065380 459.4
1065390 459.4
1065400 459.4
1065410 459.4
1065420 459.4
1065430 459.3
1065440 459.2
1065450 459.2
1065460 459.1
1065470 459.0
1065480 459.0
1065490 458.9
1065500 458.7
1065510 458.7
1065520 458.7
1065530 458.9
1065540 458.9
1065550 459.2
1065560 460.0
1065570 460.5
1065580 462.6
1065590 465.8
1065600 468.0
1065610 468.0
1065620 468.8
1065630 470.0
1065640 470.0
1065650 471.0
1065660 472.0
1065670 472.0
1065680 472.7
1065690 473.4
1065700 473.4
1065710 474.2
1065720 475.2
1065730 475.2
1065740 477.1
1065750 477.9
1065760 477.9
1065770 477.4
1065780 478.0
1065790 478.0
1065800 478.9
1065810 480.0
1065820 480.0
1065830 481.2
1065840 482.6
1065850 485.4
1065860 485.4
1065870 491.2
1065880 493.6
1065890 493.6
1065900 495.5
1065910 498.5
1065920 498.5
1065930 502.5
1065940 504.6
1065950 504.6
1065960 506.0
1065970 507.1
1065980 507.1
1065990 507.8
1066000 509.7
1066010 509.7
1066020 513.4
1066030 515.2
1066040 515.2
1066050 515.8
1066060 516.4
1066070 516.4
1066080 516.4
1066090 517.4
1066100 517.4
1066110 518.8
1066120 519.6
1066130 519.8
1066140 519.8
1066150 520.2
1066160 520.4
1066170 520.0
1066180 520.4
1066190 522.0
1066200 522.0
1066210 522.4
1066220 522.5
1066230 522.5
1066240 522.7
1066250 523.3
1066260 523.3
1066270 523.8
1066280 524.3
1066290 524.3
1066300 524.9
1066310 525.9
1066320 525.9
1066330 527.2
1066340 528.5
1066350 528.5
1066360 529.5
1066370 529.3
1066380 530.1
1066390 530.1
1066400 531.0
1066410 531.8
1066420 531.8
1066430 533.0
1066440 534.1
1066450 534.1
1066460 535.8
1066470 537.2
1066480 537.2
1066490 538.5
1066500 539.4
1066510 539.4
1066520 539.4
1066530 539.5
1066540 539.5
1066550 540.2
1066560 541.8
1066570 541.8
1066580 544.5
1066590 546.5
1066600 546.5
1066610 547.9
1066620 550.0
1066630 550.0
1066640 550.4
1066650 550.0
1066660 548.8
1066670 548.8
1066680 548.4
1066690 548.3
1066700 548.3
1066710 548.0
1066720 547.8
1066730 547.8
1066740 548.1
1066750 548.2
1066760 548.2
1066770 548.6
1066780 549.6
1066790 549.6
1066800 550.9
1066810 552.8
1066820 552.8
1066830 555.1
1066840 557.6
1066850 557.6
1066860 560.4
1066870 562.0
1066880 562.0
1066890 563.3
1066900 564.4
1066910 565.9
1066920 565.9
1066930 567.5
1066940 568.9
1066950 568.9
1066960 570.5
1066970 572.2
1066980 572.2
1066990 573.7
1067000 575.3
1067010 575.3
1067020 577.2
1067030 579.1
1067040 579.1
1067050 580.8
1067060 582.5
1067070 582.5
1067080 584.5
1067090 588.9
1067100 588.9
1067110 591.1
1067120 592.9
1067130 592.9
1067140 595.2
1067150 597.9
1067160 600.0
1067170 600.0
1067180 602.2
1067190 603.1
1067200 603.1
1067210 605.5
1067220 608.0
1067230 608.0
1067240 610.8
1067250 615.6
1067260 615.6
1067270 620.9
1067280 625.4
1067290 625.4
1067300 627.6
1067310 628.6
1067320 628.6
1067330 630.1
1067340 631.7
1067350 631.7
1067360 632.4
1067370 634.0
1067380 634.0
1067390 639.5
1067400 640.4
1067410 640.4
1067420 639.4
1067430 640.9
1067440 644.0
1067450 644.0
1067460 647.7
1067470 650.1
1067480 650.1
1067490 652.5
1067500 655.2
1067510 655.2
1067520 658.4
1067530 659.1
1067540 659.1
1067550 657.5
1067560 656.6
1067570 656.6
1067580 657.9
1067590 659.6
1067600 659.6
1067610 661.4
1067620 663.9
1067630 663.9
1067640 667.1
1067650 672.0
1067660 672.0
1067670 676.0
1067680 681.1
1067690 686.5
1067700 688.2
1067710 692.8
1067720 695.0
1067730 695.0
1067740 695.9
1067750 696.5
1067760 696.5
1067770 697.1
1067780 697.3
1067790 697.3
1067800 696.2
1067810 693.4
1067820 693.4
1067830 692.1
1067840 691.0
1067850 691.0
1067860 691.2
1067870 694.4
1067880 694.4
1067890 696.6
1067900 698.7
1067910 698.7
1067920 700.4
1067930 700.3
1067940 698.8
1067950 698.8
1067960 700.5
1067970 703.0
1067980 703.0
1067990 702.3
1068000 706.3
1068010 706.3
1068020 706.4
1068030 711.4
1068040 711.4
1068050 714.7
1068060 715.7
1068070 715.7
1068080 715.6
1068090 714.8
1068100 714.8
1068110 713.9
1068120 711.8
1068130 711.8
1068140 709.0
1068150 705.7
1068160 705.7
1068170 703.4
1068180 697.9
1068190 697.9
1068200 693.3
1068210 688.4
1068220 683.2
1068230 683.2
1068240 677.0
1068250 669.6
1068260 669.6
1068270 663.1
1068280 658.7
1068290 658.7
1068300 654.0
1068310 651.6
1068320 651.6
1068330 648.0
1068340 645.4
1068350 645.4
1068360 643.6
1068370 642.2
1068380 642.2
1068390 640.6
1068400 639.4
1068410 639.4
1068420 639.2
1068430 640.7
1068440 640.7
1068450 641.4
1068460 640.9
1068470 641.7
1068480 641.7
1068490 641.4
1068500 642.3
1068510 642.3
1068520 642.9
1068530 642.4
1068540 642.4
1068550 642.1
1068560 642.0
1068570 642.0
1068580 640.9
1068590 639.6
1068600 639.6
1068610 639.3
1068620 637.1
1068630 637.1
1068640 634.4
1068650 632.1
1068660 632.1
1068670 631.2
1068680 630.9
1068690 630.9
1068700 631.7
1068710 636.4
1068720 636.4
1068730 638.4
1068740 636.3
1068750 634.9
1068760 634.9
1068770 633.4
1068780 632.4
1068790 632.4
1068800 631.9
1068810 631.0
1068820 631.0
1068830 629.8
1068840 628.4
1068850 628.4
1068860 627.6
1068870 627.9
1068880 627.9
1068890 628.1
1068900 627.7
1068910 627.7
1068920 629.2
1068930 628.5
1068940 628.5
1068950 628.2
1068960 627.8
1068970 627.8
1068980 626.7
1068990 624.3
1069000 622.7
1069010 622.7
1069020 621.1
1069030 619.7
1069040 619.7
1069050 617.8
1069060 616.3
1069070 616.3
1069080 615.2
1069090 614.6
1069100 614.6
1069110 613.7
1069120 612.5
1069130 612.5
1069140 611.0
1069150 610.0
1069160 610.0
1069170 609.8
1069180 610.0
1069190 610.0
1069200 609.7
1069210 609.2
1069220 609.2
1069230 610.9
1069240 609.9
1069250 608.6
1069260 608.6
1069270 608.6
1069280 608.4
1069290 608.4
1069300 608.3
1069310 608.9
1069320 608.9
1069330 609.3
1069340 607.1
1069350 607.1
1069360 603.5
1069370 600.3
1069380 600.3
1069390 596.7
1069400 593.2
1069410 593.2
1069420 589.5
1069430 585.5
1069440 585.5
1069450 581.5
1069460 577.8
1069470 577.8
1069480 573.4
1069490 568.6
1069500 568.6
1069510 564.5
1069520 560.5
1069530 559.5
1069540 559.5
1069550 554.2
1069560 548.8
1069570 548.8
1069580 543.9
1069590 539.6
1069600 539.6
1069610 537.4
1069620 538.4
1069630 538.4
1069640 539.5
1069650 541.0
1069660 541.0
1069670 542.2
1069680 543.3
1069690 543.3
1069700 544.1
1069710 544.1
1069720 544.1
1069730 543.4
1069740 543.1
1069750 543.1
1069760 543.1
1069770 542.9
1069780 542.7
1069790 542.7
1069800 542.4
1069810 541.7
1069820 541.7
1069830 541.4
1069840 548.0
1069850 548.0
1069860 548.5
1069870 548.4
1069880 548.4
1069890 547.8
1069900 546.7
1069910 546.7
1069920 544.0
1069930 541.9
1069940 541.9
1069950 542.0
1069960 544.0
1069970 544.0
1069980 546.3
1069990 548.6
1070000 548.6
1070010 551.1
1070020 552.4
1070030 552.4
1070040 550.2
1070050 546.0
1070060 541.9
1070070 541.9
1070080 537.9
1070090 534.3
1070100 534.3
1070110 531.4
1070120 528.6
1070130 528.6
1070140 528.8
1070150 525.1
1070160 525.1
1070170 522.6
1070180 523.0
1070190 523.0
1070200 523.7
1070210 525.0
1070220 525.0
1070230 527.1
1070240 528.7
1070250 528.7
1070260 530.6
1070270 531.4
1070280 531.4
1070290 531.4
1070300 531.9
1070310 532.5
1070320 532.5
1070330 535.0
1070340 536.0
1070350 536.0
1070360 536.5
1070370 537.0
1070380 537.0
1070390 537.5
1070400 539.1
1070410 539.1
1070420 540.3
1070430 540.5
1070440 540.5
1070450 541.5
1070460 539.7
1070470 539.7
1070480 538.2
1070490 536.1
1070500 536.1
1070510 533.9
1070520 532.0
1070530 532.0
1070540 530.1
1070550 528.7
1070560 527.2
1070570 527.2
1070580 524.0
1070590 520.5
1070600 520.5
1070610 517.5
1070620 515.3
1070630 515.3
1070640 512.9
1070650 510.8
1070660 510.8
1070670 509.4
1070680 507.7
1070690 507.7
1070700 506.1
1070710 505.9
1070720 505.9
1070730 504.2
1070740 498.8
1070750 498.8
1070760 501.2
1070770 498.3
1070780 498.3
1070790 495.3
1070800 491.2
1070810 491.2
1070820 487.5
1070830 484.6
1070840 482.5
1070850 482.5
1070860 480.8
1070870 479.1
1070880 479.1
1070890 478.9
1070900 478.7
1070910 478.7
1070920 478.0
1070930 477.8
1070940 477.8
1070950 478.1
1070960 478.5
1070970 478.5
1070980 479.0
1070990 479.4
1071000 479.4
1071010 479.8
1071020 480.3
1071030 480.3
1071040 480.9
1071050 481.4
1071060 481.4
1071070 481.8
1071080 482.3
1071090 482.7
1071100 482.7
1071110 483.2
1071120 483.7
1071130 483.7
1071140 484.2
1071150 484.8
1071160 484.8
1071170 485.2
1071180 485.6
1071190 485.6
1071200 486.0
1071210 486.5
1071220 486.5
1071230 487.1
1071240 487.3
1071250 487.3
1071260 487.5
1071270 487.9
1071280 487.9
1071290 488.2
1071300 488.6
1071310 488.6
1071320 489.0
1071330 489.4
1071340 489.4
1071350 489.7
1071360 490.0
1071370 490.6
1071380 490.6
1071390 490.9
1071400 491.2
1071410 491.2
1071420 491.6
1071430 492.1
1071440 492.1
1071450 492.4
1071460 492.6
1071470 492.6
1071480 493.0
1071490 493.4
1071500 493.4
1071510 494.0
1071520 494.1
1071530 494.1
1071540 494.7
1071550 494.9
1071560 494.9
1071570 495.1
1071580 495.3
1071590 495.3
1071600 495.5
1071610 495.5
1071620 495.9
1071630 495.9
1071640 496.4
1071650 496.0
1071660 496.0
1071670 494.5
1071680 491.1
1071690 491.1
1071700 487.2
1071710 486.9
1071720 486.9
1071730 487.0
1071740 487.2
1071750 487.2
1071760 487.2
1071770 487.3
1071780 487.3
1071790 487.5
1071800 487.6
1071810 487.6
1071820 487.4
1071830 487.2
1071840 487.2
1071850 487.8
1071860 487.8
1071870 486.6
1071880 486.6
1071890 485.6
1071900 485.5
1071910 485.5
1071920 485.0
1071930 485.1
1071940 485.1
1071950 485.0
1071960 485.0
1071970 485.0
1071980 484.8
1071990 483.4
1072000 483.4
1072010 485.8
1072020 486.3
1072030 486.3
1072040 486.6
1072050 486.9
1072060 486.9
1072070 486.8
1072080 486.7
1072090 486.7
1072100 486.5
1072110 487.0
1072120 487.0
1072130 487.4
1072140 487.4
1072150 487.2
1072160 487.2
1072170 487.0
1072180 486.9
1072190 486.9
1072200 486.7
1072210 486.7
1072220 486.7
1072230 486.9
1072240 487.3
1072250 487.3
1072260 487.9
1072270 488.2
1072280 488.2
1072290 488.1
1072300 488.5
1072310 488.5
1072320 488.5
1072330 488.7
1072340 488.7
1072350 488.9
1072360 488.9
1072370 488.9
1072380 488.7
1072390 488.3
1072400 488.1
1072410 488.1
1072420 487.6
1072430 486.8
1072440 486.8
1072450 486.4
1072460 486.2
1072470 486.2
1072480 486.0
1072490 485.6
1072500 485.6
1072510 484.9
1072520 484.9
1072530 484.9
1072540 484.4
1072550 483.8
1072560 483.8
1072570 483.6
1072580 483.3
1072590 483.3
1072600 482.7
1072610 482.7
1072620 482.7
1072630 482.4
1072640 482.3
1072650 482.2
1072660 482.2
1072670 481.6
1072680 481.2
1072690 481.2
1072700 480.8
1072710 480.0
1072720 480.0
1072730 478.6
1072740 478.2
1072750 478.2
1072760 477.6
1072770 476.9
1072780 476.9
1072790 474.6
1072800 472.3
1072810 472.3
1072820 472.0
1072830 472.3
1072840 472.3
1072850 472.6
1072860 472.2
1072870 472.2
1072880 472.0
1072890 472.0
1072900 472.0
1072910 472.0
1072920 471.9
1072930 471.7
1072940 471.7
1072950 471.7
1072960 471.7
1072970 471.7
1072980 471.3
1072990 471.6
1073000 471.6
1073010 471.3
1073020 470.9
1073030 470.9
1073040 471.1
1073050 471.3
1073060 471.3
1073070 471.3
1073080 471.7
1073090 471.7
1073100 471.8
1073110 471.9
1073120 471.9
1073130 471.9
1073140 471.9
1073150 471.9
1073160 471.9
1073170 472.1
1073180 472.4
1073190 472.4
1073200 472.7
1073210 472.9
1073220 472.9
1073230 472.8
1073240 472.3
1073250 472.3
1073260 472.0
1073270 472.0
1073280 472.0
1073290 472.0
1073300 471.8
1073310 471.8
1073320 472.0
1073330 472.4
1073340 472.4
1073350 472.8
1073360 473.2
1073370 473.2
1073380 473.3
1073390 473.3
1073400 473.3
1073410 473.3
1073420 473.3
1073430 473.3
1073440 473.4
1073450 473.2
1073460 472.5
1073470 472.5
1073480 472.0
1073490 472.1
1073500 472.1
1073510 472.1
1073520 472.3
1073530 472.3
1073540 473.4
1073550 473.3
1073560 473.3
1073570 473.2
1073580 472.8
1073590 472.8
1073600 472.7
1073610 472.9
1073620 472.9
1073630 473.2
1073640 473.3
1073650 473.3
1073660 473.2
1073670 473.2
1073680 473.2
1073690 473.1
1073700 473.0
1073710 473.2
1073720 473.2
1073730 473.3
1073740 473.4
1073750 473.4
1073760 473.5
1073770 473.6
1073780 473.6
1073790 473.6
1073800 473.7
1073810 473.7
1073820 473.7
1073830 473.7
1073840 473.7
1073850 473.8
1073860 473.8
1073870 473.8
1073880 474.0
1073890 474.6
1073900 474.6
1073910 474.8
1073920 474.6
1073930 474.6
1073940 474.6
1073950 474.8
1073960 474.9
1073970 474.9
1073980 474.8
1073990 474.6
1074000 474.6
1074010 474.7
1074020 474.8
1074030 474.8
1074040 474.8
1074050 474.8
1074060 474.8
1074070 474.9
1074080 474.9
1074090 474.9
1074100 474.9
1074110 474.9
1074120 474.9
1074130 475.0
1074140 475.1
1074150 475.1
1074160 475.2
1074170 475.3
1074180 475.3
1074190 475.3
1074200 475.3
1074210 475.3
1074220 475.3
1074230 475.4
1074240 475.4
1074250 475.4
1074260 475.5
1074270 475.5
1074280 475.5
1074290 475.5
1074300 475.8
1074310 475.8
1074320 475.8
1074330 475.9
1074340 475.9
1074350 475.9
1074360 476.0
1074370 476.0
1074380 476.0
1074390 476.1
1074400 476.1
1074410 476.1
1074420 476.1
1074430 476.1
1074440 476.1
1074450 476.1
1074460 476.1
1074470 476.2
1074480 476.3
1074490 476.3
1074500 476.3
1074510 476.5
1074520 476.7
1074530 476.7
1074540 476.4
1074550 476.7
1074560 476.7
1074570 478.3
1074580 478.8
1074590 478.8
1074600 476.7
1074610 474.8
1074620 474.8
1074630 474.7
1074640 474.7
1074650 474.7
1074660 475.5
1074670 478.4
1074680 478.4
1074690 478.8
1074700 477.6
1074710 477.6
1074720 477.1
1074730 476.8
1074740 477.1
1074750 477.1
1074760 477.0
1074770 476.6
1074780 476.7
1074790 477.1
1074800 477.4
1074810 477.4
1074820 477.4
1074830 477.6
1074840 477.6
1074850 477.9
1074860 478.2
1074870 478.2
1074880 478.4
1074890 479.5
1074900 479.5
1074910 481.8
1074920 479.4
1074930 479.4
1074940 477.3
1074950 477.2
1074960 477.2
1074970 477.3
1074980 477.2
1074990 477.2
1075000 477.1
1075010 477.2
1075020 477.2
1075030 477.2
1075040 477.2
1075050 477.1
1075060 477.1
1075070 477.3
1075080 477.3
1075090 477.4
1075100 477.4
1075110 477.5
1075120 477.5
1075130 477.6
1075140 477.6
1075150 477.6
1075160 477.6
1075170 477.7
1075180 477.7
1075190 477.8
1075200 477.7
1075210 477.7
1075220 477.6
1075230 477.6
1075240 477.6
1075250 477.6
1075260 477.5
1075270 477.5
1075280 477.5
1075290 477.4
1075300 477.4
1075310 477.4
1075320 477.4
1075330 477.4
1075340 477.4
1075350 477.3
1075360 477.3
1075370 477.3
1075380 477.4
1075390 477.5
1075400 477.5
1075410 477.5
1075420 477.5
1075430 477.5
1075440 477.5
1075450 477.6
1075460 477.6
1075470 477.8
1075480 478.1
1075490 478.1
1075500 478.2
1075510 478.4
1075520 478.4
1075530 478.4
1075540 478.5
1075550 478.6
1075560 478.6
1075570 478.4
1075580 478.3
1075590 478.3
1075600 478.4
1075610 478.3
1075620 478.3
1075630 477.7
1075640 477.6
1075650 477.6
1075660 477.3
1075670 477.2
1075680 477.2
1075690 477.2
1075700 477.3
1075710 477.5
1075720 477.5
1075730 477.4
1075740 477.4
1075750 477.5
1075760 477.6
1075770 477.6
1075780 477.7
1075790 477.8
1075800 477.6
1075810 477.6
1075820 477.3
1075830 477.2
1075840 477.2
1075850 477.2
1075860 477.5
1075870 477.5
1075880 477.8
1075890 477.7
1075900 477.7
1075910 477.8
1075920 477.9
1075930 477.9
1075940 478.8
1075950 479.4
1075960 479.4
1075970 479.8
1075980 478.5
1075990 478.5
1076000 478.5
1076010 478.6
1076020 478.9
1076030 479.0
1076040 479.0
1076050 478.9
1076060 478.9
1076070 478.9
1076080 479.0
1076090 479.0
1076100 479.2
1076110 479.9
1076120 479.9
1076130 479.7
1076140 479.6
1076150 479.6
1076160 479.7
1076170 479.5
1076180 479.5
1076190 479.1
1076200 479.2
1076210 479.2
1076220 480.1
1076230 480.8
1076240 480.8
1076250 479.9
1076260 479.7
1076270 479.7
1076280 479.8
1076290 479.9
1076300 479.8
1076310 479.8
1076320 479.7
1076330 479.7
1076340 479.7
1076350 479.8
1076360 479.8
1076370 479.8
1076380 479.7
1076390 479.6
1076400 479.6
1076410 479.7
1076420 479.7
1076430 479.7
1076440 479.8
1076450 479.8
1076460 479.8
1076470 479.9
1076480 479.9
1076490 479.9
1076500 479.9
1076510 479.9
1076520 479.9
1076530 479.9
1076540 479.9
1076550 479.9
1076560 479.9
1076570 480.0
1076580 480.2
1076590 480.2
1076600 480.7
1076610 480.6
1076620 480.6
1076630 480.3
1076640 480.3
1076650 480.3
1076660 480.4
1076670 480.4
1076680 480.4
1076690 480.5
1076700 480.6
1076710 480.6
1076720 480.6
1076730 480.7
1076740 480.7
1076750 480.7
1076760 480.8
1076770 480.8
1076780 480.8
1076790 480.9
1076800 480.9
1076810 480.9
1076820 480.9
1076830 480.9
1076840 480.9
1076850 480.9
1076860 480.9
1076870 480.9
1076880 480.9
1076890 480.9
1076900 480.9
1076910 481.0
1076920 481.1
1076930 481.1
1076940 481.2
1076950 481.2
1076960 481.2
1076970 481.3
1076980 481.3
1076990 481.3
1077000 481.4
1077010 481.4
1077020 481.4
1077030 481.4
1077040 481.7
1077050 481.7
1077060 482.2
1077070 482.2
1077080 482.2
1077090 482.1
1077100 482.2
1077110 483.7
1077120 483.7
1077130 486.5
1077140 492.4
1077150 492.4
1077160 496.7
1077170 502.2
1077180 502.2
1077190 504.9
1077200 507.7
1077210 507.7
1077220 511.4
1077230 513.0
1077240 513.0
1077250 518.2
1077260 523.7
1077270 521.9
1077280 522.0
1077290 524.3
1077300 524.3
1077310 530.0
1077320 534.1
1077330 534.1
1077340 536.4
1077350 538.7
1077360 542.4
1077370 542.4
1077380 546.0
1077390 548.5
1077400 548.5
1077410 549.6
1077420 549.0
1077430 549.0
1077440 546.4
1077450 542.9
1077460 542.9
1077470 540.2
1077480 537.1
1077490 537.1
1077500 534.0
1077510 532.6
1077520 532.6
1077530 533.0
1077540 533.8
1077550 533.8
1077560 535.0
1077570 536.5
1077580 536.0
1077590 537.3
1077600 538.9
1077610 539.3
1077620 539.3
1077630 539.0
1077640 538.9
1077650 538.9
1077660 539.1
1077670 540.1
1077680 540.1
1077690 540.7
1077700 541.4
1077710 541.4
1077720 542.0
1077730 542.5
1077740 542.5
1077750 542.9
1077760 543.2
1077770 543.2
1077780 543.3
1077790 544.4
1077800 544.4
1077810 548.9
1077820 553.5
1077830 553.5
1077840 558.3
1077850 561.6
1077860 561.6
1077870 563.7
1077880 565.7
1077890 565.7
1077900 565.7
1077910 567.7
1077920 570.2
1077930 570.2
1077940 573.3
1077950 577.0
1077960 577.0
1077970 579.7
1077980 581.8
1077990 581.8
1078000 583.7
1078010 585.2
1078020 585.2
1078030 586.9
1078040 587.7
1078050 587.7
1078060 587.8
1078070 587.8
1078080 587.8
1078090 588.4
1078100 589.5
1078110 589.5
1078120 591.3
1078130 592.5
1078140 593.3
1078150 593.3
1078160 594.0
1078170 595.1
1078180 595.1
1078190 596.6
1078200 600.9
1078210 600.9
1078220 600.7
1078230 599.1
1078240 599.1
1078250 596.9
1078260 595.4
1078270 595.4
1078280 594.1
1078290 593.2
1078300 593.2
1078310 591.6
1078320 590.8
1078330 590.8
1078340 590.8
1078350 590.5
1078360 590.5
1078370 590.1
1078380 589.9
1078390 589.6
1078400 589.6
1078410 589.3
1078420 592.3
1078430 592.3
1078440 597.0
1078450 599.2
1078460 599.2
1078470 598.8
1078480 596.2
1078490 596.2
1078500 595.1
1078510 595.5
1078520 595.1
1078530 595.0
1078540 595.2
1078550 595.2
1078560 595.2
1078570 594.6
1078580 594.6
1078590 592.9
1078600 590.9
1078610 590.9
1078620 588.5
1078630 589.2
1078640 589.2
1078650 592.6
1078660 594.2
1078670 595.3
1078680 595.3
1078690 596.1
1078700 597.0
1078710 597.0
1078720 599.0
1078730 601.6
1078740 601.6
1078750 605.0
1078760 607.6
1078770 607.6
1078780 608.2
1078790 608.0
1078800 608.0
1078810 607.7
1078820 607.1
1078830 607.1
1078840 607.1
1078850 607.8
1078860 607.8
1078870 608.3
1078880 608.4
1078890 608.4
1078900 608.6
1078910 608.8
1078920 608.9
1078930 608.9
1078940 608.8
1078950 608.3
1078960 608.3
1078970 607.4
1078980 607.0
1078990 607.0
1079000 607.0
1079010 607.2
1079020 607.2
1079030 607.4
1079040 608.3
1079050 608.3
1079060 610.1
1079070 611.1
1079080 611.1
1079090 611.5
1079100 612.9
1079110 612.9
1079120 614.9
1079130 617.6
1079140 617.6
1079150 619.2
1079160 622.0
1079170 624.5
1079180 624.5
1079190 627.3
1079200 629.5
1079210 629.5
1079220 632.8
1079230 637.2
1079240 637.2
1079250 640.8
1079260 642.2
1079270 642.2
1079280 644.5
1079290 646.7
1079300 646.7
1079310 648.8
1079320 650.5
1079330 650.5
1079340 652.3
1079350 654.6
1079360 654.6
1079370 656.6
1079380 657.5
1079390 657.5
1079400 658.2
1079410 658.4
1079420 658.4
1079430 658.5
1079440 659.0
1079450 660.1
1079460 659.4
1079470 660.4
1079480 661.6
1079490 661.6
1079500 662.4
1079510 663.0
1079520 663.0
1079530 663.3
1079540 663.1
1079550 663.1
1079560 662.0
1079570 661.3
1079580 661.3
1079590 661.1
1079600 660.9
1079610 660.9
1079620 660.9
1079630 660.8
1079640 660.8
1079650 660.0
1079660 658.2
1079670 658.2
1079680 656.1
1079690 654.2
1079700 652.7
1079710 652.7
1079720 651.7
1079730 650.7
1079740 650.7
1079750 649.3
1079760 648.3
1079770 649.0
1079780 648.1
1079790 647.6
1079800 647.6
1079810 647.8
1079820 648.4
1079830 648.4
1079840 649.6
1079850 651.0
1079860 651.0
1079870 652.8
1079880 654.0
1079890 654.0
1079900 654.8
1079910 655.5
1079920 655.5
1079930 656.3
1079940 656.7
1079950 656.8
1079960 656.8
1079970 657.2
1079980 657.6
1079990 657.6
