1065230 475.9
1065240 477.3
1065250 477.3
1065260 478.7
1065270 479.7
1065280 479.6
1065290 479.6
1065300 479.8
1065310 480.2
1065320 480.2
1065330 481.5
1065340 483.9
1065350 483.9
1065360 484.4
1065370 485.3
1065380 485.3
1065390 486.4
1065400 487.1
1065410 487.1
1065420 487.4
1065430 488.0
1065440 488.0
1065450 488.4
1065460 488.6
1065470 488.6
1065480 489.8
1065490 490.6
1065500 490.6
1065510 491.6
1065520 492.3
1065530 493.1
1065540 493.1
1065550 493.9
1065560 494.7
1065570 494.7
1065580 495.8
1065590 496.4
1065600 496.4
1065610 496.8
1065620 497.5
1065630 497.5
1065640 498.5
1065650 500.8
1065660 500.8
1065670 501.7
1065680 503.2
1065690 503.2
1065700 503.7
1065710 503.5
1065720 503.5
1065730 504.0
1065740 505.3
1065750 505.3
1065760 506.7
1065770 507.8
1065780 508.9
1065790 508.9
1065800 510.2
1065810 511.1
1065820 511.1
1065830 512.3
1065840 514.0
1065850 514.0
1065860 516.9
1065870 518.7
1065880 518.7
1065890 520.4
1065900 521.9
1065910 521.9
1065920 523.3
1065930 524.7
1065940 524.7
1065950 526.5
1065960 527.2
1065970 527.2
1065980 527.6
1065990 527.7
1066000 527.7
1066010 527.8
1066020 527.9
1066030 527.9
1066040 528.0
1066050 528.3
1066060 528.4
1066070 528.4
1066080 528.6
1066090 528.8
1066100 528.8
1066110 529.0
1066120 529.0
1066130 529.0
1066140 529.0
1066150 529.2
1066160 529.2
1066170 529.8
1066180 530.1
1066190 530.1
1066200 530.1
1066210 530.3
1066220 530.3
1066230 530.7
1066240 531.1
1066250 532.4
1066260 532.9
1066270 533.1
1066280 533.1
1066290 533.2
1066300 534.0
1066310 535.3
1066320 535.3
1066330 536.4
1066340 538.0
1066350 538.0
1066360 540.0
1066370 542.2
1066380 542.2
1066390 545.2
1066400 547.5
1066410 547.5
1066420 550.8
1066430 554.8
1066440 554.8
1066450 558.7
1066460 562.1
1066470 562.1
1066480 564.2
1066490 565.0
1066500 565.0
1066510 566.4
1066520 567.2
1066530 567.2
1066540 569.1
1066550 571.4
1066560 574.2
1066570 578.5
1066580 581.6
1066590 583.1
1066600 583.1
1066610 583.7
1066620 583.6
1066630 583.6
1066640 585.2
1066650 586.1
1066660 586.1
1066670 588.9
1066680 591.8
1066690 591.8
1066700 594.4
1066710 597.5
1066720 597.5
1066730 600.4
1066740 603.3
1066750 603.3
1066760 606.1
1066770 608.4
1066780 608.4
1066790 610.6
1066800 612.6
1066810 612.6
1066820 614.4
1066830 616.2
1066840 618.8
1066850 618.8
1066860 626.6
1066870 631.0
1066880 631.0
1066890 635.8
1066900 640.6
1066910 640.6
1066920 645.6
1066930 650.4
1066940 650.4
1066950 654.3
1066960 658.4
1066970 658.4
1066980 661.9
1066990 664.7
1067000 664.7
1067010 668.3
1067020 673.1
1067030 673.1
1067040 678.1
1067050 683.1
1067060 683.1
1067070 687.3
1067080 691.9
1067090 696.4
1067100 696.4
1067110 700.5
1067120 705.0
1067130 705.0
1067140 709.9
1067150 713.0
1067160 713.0
1067170 722.2
1067180 725.0
1067190 725.0
1067200 728.1
1067210 731.2
1067220 731.2
1067230 732.1
1067240 735.7
1067250 735.7
1067260 740.3
1067270 743.5
1067280 743.5
1067290 747.1
1067300 750.9
1067310 750.9
1067320 754.7
1067330 758.5
1067340 758.5
1067350 761.5
1067360 764.3
1067370 768.9
1067380 768.9
1067390 773.8
1067400 778.8
1067410 778.8
1067420 783.2
1067430 786.4
1067440 786.4
1067450 788.1
1067460 791.3
1067470 799.4
1067480 801.6
1067490 805.3
1067500 805.3
1067510 808.4
1067520 810.6
1067530 810.6
1067540 813.0
1067550 815.0
1067560 815.0
1067570 817.3
1067580 820.6
1067590 820.6
1067600 824.4
1067610 828.3
1067620 831.3
1067630 831.3
1067640 833.1
1067650 834.0
1067660 834.0
1067670 834.6
1067680 834.9
1067690 834.9
1067700 835.6
1067710 836.3
1067720 836.3
1067730 837.0
1067740 836.8
1067750 836.8
1067760 838.5
1067770 839.8
1067780 846.3
1067790 846.6
1067800 846.6
1067810 846.6
1067820 845.4
1067830 845.0
1067840 845.0
1067850 845.2
1067860 845.4
1067870 845.1
1067880 845.1
1067890 845.4
1067900 846.6
1067910 846.6
1067920 848.1
1067930 848.6
1067940 848.6
1067950 849.1
1067960 847.8
1067970 847.8
1067980 846.0
1067990 844.8
1068000 844.8
1068010 842.8
1068020 840.2
1068030 840.2
1068040 838.5
1068050 838.6
1068060 838.6
1068070 837.4
1068080 837.7
1068090 837.7
1068100 832.4
1068110 827.0
1068120 827.0
1068130 821.8
1068140 817.0
1068150 812.0
1068160 812.0
1068170 806.0
1068180 799.5
1068190 799.5
1068200 792.7
1068210 783.5
1068220 783.5
1068230 775.2
1068240 766.6
1068250 766.6
1068260 759.3
1068270 754.1
1068280 754.1
1068290 750.4
1068300 748.5
1068310 748.5
1068320 747.7
1068330 747.1
1068340 747.1
1068350 747.3
1068360 745.8
1068370 745.8
1068380 742.6
1068390 742.1
1068400 736.0
1068410 736.0
1068420 729.9
1068430 724.2
1068440 724.2
1068450 718.8
1068460 713.5
1068470 713.5
1068480 711.8
1068490 710.7
1068500 710.7
1068510 710.0
1068520 709.1
1068530 709.1
1068540 708.2
1068550 709.0
1068560 709.0
1068570 710.0
1068580 712.7
1068590 712.7
1068600 718.2
1068610 723.1
1068620 723.1
1068630 724.0
1068640 721.6
1068650 719.2
1068660 719.2
1068670 716.1
1068680 712.3
1068690 714.1
1068700 710.2
1068710 707.4
1068720 707.4
1068730 705.7
1068740 705.2
1068750 705.2
1068760 703.3
1068770 701.6
1068780 701.6
1068790 701.9
1068800 704.6
1068810 704.6
1068820 707.9
1068830 708.3
1068840 708.3
1068850 708.1
1068860 707.6
1068870 707.6
1068880 706.5
1068890 704.6
1068900 704.6
1068910 702.6
1068920 701.5
1068930 700.5
1068940 700.5
1068950 699.3
1068960 698.4
1068970 698.4
1068980 697.2
1068990 695.7
1069000 698.7
1069010 697.5
1069020 696.7
1069030 696.7
1069040 695.6
1069050 694.3
1069060 694.3
1069070 693.8
1069080 693.4
1069090 693.4
1069100 692.2
1069110 689.7
1069120 689.7
1069130 687.5
1069140 686.2
1069150 686.2
1069160 685.4
1069170 684.8
1069180 683.7
1069190 683.7
1069200 682.8
1069210 682.4
1069220 682.4
1069230 681.0
1069240 679.4
1069250 679.4
1069260 677.9
1069270 675.8
1069280 675.8
1069290 673.6
1069300 670.8
1069310 672.0
1069320 670.3
1069330 668.1
1069340 668.1
1069350 665.0
1069360 661.7
1069370 661.7
1069380 658.3
1069390 655.3
1069400 655.3
1069410 652.8
1069420 650.3
1069430 650.3
1069440 648.6
1069450 647.6
1069460 646.6
1069470 646.6
1069480 645.1
1069490 643.1
1069500 643.1
1069510 640.7
1069520 639.2
1069530 639.2
1069540 637.9
1069550 637.0
1069560 637.0
1069570 636.3
1069580 635.8
1069590 635.8
1069600 634.9
1069610 638.3
1069620 638.3
1069630 638.4
1069640 637.2
1069650 637.2
1069660 636.8
1069670 636.8
1069680 636.8
1069690 636.0
1069700 634.4
1069710 631.5
1069720 631.5
1069730 628.5
1069740 627.7
1069750 627.7
1069760 627.5
1069770 627.6
1069780 627.6
1069790 627.6
1069800 627.6
1069810 627.6
1069820 627.9
1069830 628.5
1069840 628.5
1069850 629.0
1069860 629.3
1069870 629.3
1069880 629.7
1069890 630.2
1069900 630.2
1069910 631.4
1069920 633.6
1069930 633.6
1069940 634.2
1069950 634.2
1069960 633.9
1069970 633.9
1069980 633.7
1069990 634.1
1070000 634.1
1070010 634.5
1070020 634.8
1070030 634.8
1070040 635.0
1070050 635.0
1070060 635.0
1070070 634.7
1070080 634.2
1070090 634.2
1070100 634.1
1070110 634.3
1070120 634.3
1070130 634.8
1070140 636.3
1070150 636.3
1070160 636.5
1070170 635.4
1070180 635.4
1070190 633.5
1070200 630.7
1070210 630.7
1070220 632.4
1070230 630.4
1070240 630.6
1070250 630.6
1070260 630.6
1070270 629.1
1070280 629.1
1070290 626.8
1070300 627.6
1070310 627.6
1070320 629.0
1070330 629.6
1070340 629.6
1070350 629.8
1070360 629.3
1070370 629.3
1070380 628.7
1070390 629.0
1070400 629.0
1070410 628.5
1070420 627.0
1070430 627.0
1070440 626.1
1070450 624.3
1070460 624.3
1070470 623.1
1070480 622.3
1070490 621.4
1070500 621.4
1070510 620.1
1070520 619.0
1070530 625.5
1070540 624.0
1070550 622.7
1070560 622.7
1070570 621.4
1070580 620.6
1070590 620.6
1070600 620.3
1070610 621.4
1070620 621.4
1070630 621.8
1070640 621.7
1070650 621.7
1070660 621.4
1070670 621.2
1070680 621.2
1070690 621.2
1070700 620.6
1070710 620.6
1070720 619.1
1070730 617.4
1070740 616.4
1070750 616.4
1070760 614.7
1070770 612.7
1070780 612.7
1070790 610.4
1070800 607.1
1070810 607.1
1070820 603.5
1070830 600.3
1070840 605.2
1070850 602.2
1070860 601.3
1070870 601.3
1070880 599.1
1070890 594.4
1070900 594.4
1070910 588.9
1070920 583.7
1070930 583.7
1070940 579.6
1070950 576.6
1070960 576.6
1070970 574.2
1070980 570.7
1070990 570.7
1071000 565.5
1071010 559.8
1071020 556.6
1071030 556.6
1071040 556.0
1071050 556.1
1071060 556.1
1071070 556.2
1071080 556.4
1071090 556.4
1071100 556.6
1071110 557.0
1071120 557.0
1071130 559.7
1071140 561.4
1071150 567.3
1071160 565.4
1071170 562.0
1071180 562.0
1071190 558.6
1071200 555.7
1071210 555.7
1071220 551.5
1071230 548.3
1071240 548.3
1071250 544.2
1071260 537.5
1071270 531.7
1071280 531.7
1071290 526.2
1071300 522.0
1071310 522.0
1071320 518.3
1071330 515.4
1071340 515.4
1071350 513.8
1071360 511.9
1071370 511.9
1071380 508.5
1071390 506.7
1071400 506.7
1071410 506.1
1071420 506.1
1071430 506.1
1071440 506.6
1071450 507.7
1071460 507.7
1071470 507.6
1071480 507.7
1071490 507.7
1071500 508.3
1071510 509.0
1071520 509.0
1071530 509.5
1071540 510.4
1071550 510.9
1071560 510.9
1071570 511.5
1071580 511.9
1071590 511.9
1071600 512.1
1071610 510.9
1071620 510.9
1071630 509.0
1071640 508.1
1071650 508.1
1071660 508.2
1071670 508.6
1071680 508.6
1071690 508.7
1071700 508.7
1071710 508.7
1071720 508.6
1071730 508.0
1071740 508.0
1071750 507.6
1071760 508.1
1071770 508.1
1071780 508.2
1071790 508.2
1071800 505.7
1071810 505.7
1071820 503.6
1071830 503.5
1071840 503.5
1071850 503.4
1071860 503.2
1071870 503.2
1071880 503.2
1071890 503.0
1071900 503.0
1071910 502.2
1071920 499.5
1071930 499.5
1071940 498.0
1071950 497.0
1071960 497.0
1071970 496.5
1071980 496.3
1071990 496.3
1072000 492.9
1072010 491.6
1072020 491.6
1072030 493.9
1072040 494.4
1072050 494.1
1072060 494.1
1072070 494.2
1072080 494.6
1072090 494.6
1072100 495.1
1072110 495.2
1072120 495.2
1072130 495.2
1072140 495.5
1072150 495.5
1072160 495.8
1072170 495.9
1072180 495.9
1072190 496.1
1072200 496.3
1072210 496.3
1072220 496.4
1072230 496.9
1072240 496.9
1072250 498.7
1072260 500.9
1072270 500.9
1072280 500.8
1072290 500.3
1072300 500.3
1072310 500.1
1072320 500.0
1072330 499.4
1072340 499.4
1072350 497.8
1072360 498.1
1072370 498.1
1072380 497.0
1072390 496.2
1072400 496.2
1072410 496.0
1072420 495.3
1072430 495.3
1072440 494.5
1072450 493.8
1072460 493.8
1072470 493.0
1072480 491.9
1072490 491.9
1072500 491.8
1072510 491.5
1072520 491.5
1072530 490.0
1072540 489.3
1072550 489.3
1072560 488.8
1072570 488.3
1072580 488.0
1072590 488.0
1072600 487.8
1072610 487.6
1072620 487.6
1072630 487.2
1072640 486.9
1072650 486.9
1072660 486.6
1072670 486.3
1072680 486.3
1072690 485.8
1072700 485.2
1072710 485.2
1072720 484.8
1072730 484.7
1072740 484.7
1072750 484.7
1072760 484.1
1072770 484.1
1072780 483.7
1072790 483.4
1072800 483.4
1072810 483.2
1072820 483.1
1072830 483.0
1072840 483.0
1072850 482.8
1072860 482.5
1072870 482.5
1072880 482.1
1072890 481.6
1072900 481.6
1072910 481.3
1072920 481.2
1072930 481.2
1072940 482.7
1072950 480.7
1072960 480.7
1072970 478.2
1072980 479.8
1072990 479.8
1073000 480.1
1073010 479.7
1073020 479.7
1073030 475.3
1073040 472.1
1073050 472.1
1073060 471.8
1073070 471.8
1073080 471.8
1073090 471.8
1073100 471.9
1073110 471.9
1073120 471.9
1073130 472.0
1073140 471.9
1073150 471.9
1073160 471.9
1073170 472.3
1073180 472.3
1073190 472.1
1073200 472.2
1073210 472.2
1073220 472.2
1073230 472.1
1073240 472.1
1073250 471.8
1073260 471.7
1073270 471.7
1073280 471.5
1073290 471.6
1073300 471.6
1073310 471.8
1073320 471.7
1073330 471.7
1073340 471.9
1073350 471.9
1073360 471.8
1073370 471.8
1073380 471.8
1073390 471.9
1073400 471.9
1073410 471.9
1073420 472.0
1073430 472.0
1073440 472.1
1073450 472.2
1073460 472.2
1073470 473.1
1073480 473.3
1073490 473.3
1073500 473.3
1073510 473.3
1073520 473.3
1073530 473.4
1073540 473.3
1073550 473.3
1073560 473.1
1073570 473.2
1073580 473.2
1073590 473.4
1073600 473.6
1073610 473.7
1073620 473.6
1073630 473.8
1073640 473.7
1073650 473.7
1073660 473.1
1073670 473.0
1073680 473.0
1073690 473.0
1073700 473.1
1073710 473.1
1073720 473.2
1073730 473.2
1073740 473.2
1073750 473.3
1073760 473.4
1073770 473.4
1073780 473.4
1073790 473.4
1073800 473.4
1073810 473.4
1073820 473.5
1073830 473.5
1073840 473.6
1073850 474.0
1073860 474.0
1073870 473.6
1073880 473.7
1073890 473.7
1073900 473.7
1073910 473.6
1073920 473.7
1073930 473.9
1073940 474.0
1073950 474.1
1073960 474.1
1073970 474.1
1073980 474.2
1073990 474.2
1074000 474.5
1074010 475.2
1074020 475.2
1074030 476.0
1074040 476.2
1074050 476.2
1074060 476.3
1074070 475.9
1074080 475.9
1074090 475.1
1074100 475.0
1074110 475.0
1074120 475.0
1074130 475.1
1074140 475.2
1074150 475.2
1074160 475.2
1074170 475.4
1074180 475.4
1074190 475.5
1074200 475.5
1074210 475.5
1074220 475.5
1074230 475.6
1074240 475.7
1074250 475.8
1074260 475.8
1074270 475.8
1074280 475.9
1074290 475.9
1074300 475.9
1074310 476.0
1074320 476.1
1074330 476.1
1074340 476.2
1074350 476.1
1074360 476.1
1074370 476.0
1074380 476.1
1074390 476.2
1074400 476.2
1074410 476.3
1074420 476.3
1074430 476.3
1074440 476.4
1074450 476.4
1074460 476.4
1074470 476.8
1074480 476.9
1074490 476.9
1074500 476.5
1074510 476.6
1074520 476.6
1074530 476.7
1074540 476.8
1074550 476.8
1074560 476.9
1074570 476.9
1074580 476.9
1074590 476.9
1074600 476.9
1074610 476.9
1074620 477.0
1074630 477.1
1074640 477.1
1074650 477.2
1074660 477.2
1074670 477.2
1074680 477.2
1074690 477.2
1074700 477.3
1074710 477.3
1074720 477.3
1074730 477.3
1074740 477.3
1074750 477.3
1074760 477.5
1074770 477.5
1074780 477.5
1074790 477.6
1074800 477.6
1074810 477.7
1074820 477.9
1074830 477.9
1074840 478.2
1074850 478.1
1074860 478.2
1074870 478.2
1074880 478.4
1074890 478.4
1074900 479.8
1074910 479.9
1074920 477.2
1074930 477.2
1074940 476.3
1074950 476.3
1074960 476.3
1074970 476.4
1074980 476.6
1074990 476.6
1075000 479.1
1075010 480.6
1075020 480.6
1075030 480.0
1075040 479.4
1075050 479.4
1075060 479.2
1075070 479.6
1075080 479.6
1075090 479.9
1075100 479.8
1075110 479.8
1075120 479.7
1075130 479.5
1075140 479.5
1075150 481.0
1075160 481.7
1075170 481.2
1075180 481.2
1075190 480.2
1075200 479.8
1075210 479.8
1075220 479.5
1075230 479.3
1075240 479.3
1075250 479.2
1075260 479.0
1075270 479.0
1075280 478.5
1075290 478.1
1075300 478.1
1075310 477.8
1075320 477.4
1075330 477.4
1075340 477.1
1075350 477.1
1075360 477.1
1075370 477.1
1075380 477.8
1075390 477.8
1075400 478.9
1075410 479.0
1075420 479.0
1075430 479.0
1075440 479.0
1075450 478.9
1075460 478.9
1075470 479.0
1075480 479.0
1075490 479.0
1075500 479.1
1075510 479.2
1075520 479.2
1075530 479.1
1075540 478.9
1075550 478.9
1075560 478.8
1075570 479.1
1075580 479.1
1075590 479.1
1075600 479.0
1075610 479.0
1075620 478.9
1075630 478.9
1075640 478.9
1075650 478.8
1075660 478.7
1075670 478.7
1075680 478.5
1075690 478.7
1075700 478.8
1075710 478.8
1075720 478.8
1075730 478.8
1075740 478.8
1075750 478.3
1075760 478.3
1075770 478.3
1075780 478.7
1075790 478.6
1075800 478.6
1075810 478.5
1075820 478.5
1075830 478.5
1075840 478.5
1075850 478.5
1075860 478.5
1075870 478.6
1075880 478.6
1075890 478.6
1075900 478.6
1075910 478.6
1075920 478.6
1075930 478.7
1075940 478.7
1075950 478.6
1075960 478.6
1075970 478.6
1075980 478.6
1075990 478.6
1076000 478.6
1076010 478.9
1076020 478.9
1076030 478.9
1076040 478.8
1076050 478.8
1076060 478.6
1076070 478.8
1076080 478.8
1076090 479.0
1076100 479.2
1076110 479.2
1076120 479.3
1076130 479.4
1076140 479.4
1076150 479.4
1076160 479.4
1076170 479.4
1076180 479.4
1076190 479.3
1076200 479.3
1076210 479.4
1076220 479.4
1076230 479.4
1076240 479.4
1076250 479.4
1076260 479.5
1076270 479.5
1076280 479.5
1076290 479.5
1076300 479.5
1076310 479.5
1076320 479.6
1076330 479.6
1076340 479.8
1076350 479.9
1076360 479.9
1076370 479.9
1076380 480.0
1076390 480.0
1076400 480.0
1076410 480.1
1076420 480.1
1076430 480.1
1076440 480.1
1076450 480.1
1076460 480.2
1076470 480.3
1076480 480.3
1076490 480.3
1076500 480.2
1076510 480.3
1076520 480.3
1076530 480.9
1076540 481.4
1076550 481.4
1076560 481.8
1076570 481.2
1076580 481.2
1076590 480.2
1076600 480.1
1076610 480.1
1076620 480.2
1076630 480.3
1076640 480.3
1076650 480.4
1076660 480.4
1076670 480.4
1076680 480.6
1076690 480.7
1076700 480.7
1076710 480.9
1076720 481.0
1076730 481.1
1076740 481.1
1076750 481.2
1076760 481.3
1076770 481.3
1076780 481.3
1076790 481.4
1076800 481.4
1076810 481.4
1076820 481.6
1076830 481.6
1076840 481.8
1076850 481.8
1076860 481.8
1076870 481.6
1076880 481.5
1076890 481.5
1076900 481.5
1076910 481.6
1076920 481.6
1076930 481.8
1076940 482.2
1076950 482.2
1076960 482.1
1076970 481.9
1076980 481.9
1076990 481.7
1077000 481.7
1077010 481.6
1077020 481.6
1077030 481.6
1077040 481.6
1077050 481.6
1077060 481.7
1077070 481.7
1077080 481.7
1077090 481.7
1077100 481.8
1077110 481.8
1077120 481.8
1077130 482.0
1077140 482.0
1077150 482.1
1077160 482.2
1077170 482.2
1077180 482.3
1077190 482.3
1077200 482.3
1077210 482.4
1077220 482.4
1077230 482.4
1077240 482.5
1077250 482.6
1077260 482.6
1077270 482.6
1077280 482.5
1077290 482.4
1077300 482.4
1077310 482.4
1077320 482.5
1077330 482.5
1077340 482.5
1077350 482.6
1077360 482.6
1077370 482.7
1077380 482.8
1077390 482.8
1077400 483.0
1077410 483.1
1077420 483.1
1077430 483.4
1077440 483.6
1077450 483.6
1077460 483.7
1077470 483.2
1077480 483.2
1077490 483.0
1077500 483.5
1077510 484.9
1077520 484.9
1077530 487.0
1077540 489.5
1077550 489.5
1077560 492.1
1077570 494.2
1077580 494.2
1077590 496.1
1077600 498.9
1077610 498.9
1077620 499.0
1077630 495.8
1077640 495.8
1077650 494.7
1077660 490.2
1077670 490.2
1077680 492.7
1077690 494.1
1077700 494.1
1077710 495.9
1077720 496.4
1077730 496.4
1077740 497.2
1077750 497.9
1077760 497.9
1077770 499.3
1077780 501.5
1077790 503.9
1077800 503.9
1077810 506.5
1077820 508.3
1077830 508.3
1077840 509.0
1077850 508.6
1077860 508.6
1077870 509.0
1077880 508.9
1077890 508.9
1077900 509.7
1077910 511.0
1077920 511.0
1077930 513.1
1077940 515.1
1077950 515.1
1077960 517.4
1077970 518.7
1077980 518.7
1077990 521.4
1078000 524.5
1078010 524.5
1078020 527.9
1078030 531.3
1078040 535.9
1078050 535.9
1078060 541.8
1078070 547.3
1078080 547.3
1078090 552.5
1078100 556.6
1078110 556.6
1078120 559.2
1078130 561.6
1078140 561.6
1078150 564.9
1078160 566.4
1078170 566.4
1078180 567.1
1078190 568.0
1078200 568.0
1078210 570.1
1078220 572.6
1078230 572.6
1078240 574.8
1078250 576.1
1078260 576.1
1078270 578.8
1078280 580.2
1078290 581.3
1078300 581.3
1078310 581.9
1078320 582.6
1078330 582.6
1078340 583.7
1078350 585.4
1078360 585.4
1078370 588.4
1078380 590.4
1078390 590.4
1078400 592.6
1078410 595.6
1078420 595.6
1078430 599.2
1078440 601.0
1078450 601.0
1078460 602.1
1078470 603.3
1078480 603.3
1078490 603.6
1078500 603.3
1078510 603.3
1078520 603.6
1078530 604.3
1078540 604.3
1078550 605.4
1078560 606.8
1078570 607.4
1078580 607.4
1078590 607.9
1078600 610.1
1078610 610.1
1078620 610.8
1078630 612.0
1078640 612.0
1078650 613.3
1078660 613.7
1078670 613.7
1078680 613.3
1078690 613.4
1078700 613.4
1078710 613.5
1078720 612.3
1078730 612.3
1078740 611.6
1078750 610.9
1078760 610.9
1078770 610.7
1078780 610.7
1078790 610.7
1078800 610.7
1078810 610.8
1078820 611.0
1078830 611.0
1078840 611.1
1078850 610.7
1078860 610.7
1078870 610.5
1078880 611.3
1078890 611.3
1078900 611.9
1078910 619.0
1078920 619.0
1078930 618.8
1078940 618.5
1078950 618.5
1078960 618.4
1078970 618.2
1078980 618.2
1078990 618.0
1079000 617.0
1079010 617.0
1079020 616.2
1079030 615.7
1079040 615.7
1079050 615.2
1079060 614.9
1079070 614.4
1079080 614.4
1079090 613.0
1079100 610.6
1079110 610.6
1079120 607.8
1079130 606.2
1079140 606.2
1079150 605.3
1079160 605.0
1079170 605.0
1079180 604.5
1079190 603.6
1079200 603.6
1079210 602.6
1079220 602.1
1079230 606.1
1079240 605.3
1079250 605.2
1079260 605.2
1079270 605.5
1079280 605.7
1079290 605.7
1079300 605.6
1079310 605.7
1079320 605.7
1079330 605.9
1079340 606.0
1079350 606.6
1079360 606.6
1079370 606.9
1079380 607.0
1079390 607.0
1079400 606.8
1079410 605.6
1079420 605.6
1079430 604.4
1079440 603.5
1079450 603.5
1079460 603.5
1079470 603.0
1079480 603.0
1079490 602.5
1079500 602.1
1079510 602.1
1079520 601.9
1079530 601.9
1079540 602.5
1079550 602.4
1079560 602.4
1079570 602.4
1079580 602.6
1079590 602.4
1079600 602.5
1079610 602.5
1079620 602.7
1079630 603.1
1079640 603.1
1079650 603.5
1079660 603.8
1079670 603.8
1079680 604.1
1079690 604.7
1079700 604.7
1079710 604.7
1079720 604.7
1079730 604.7
1079740 604.8
1079750 605.2
1079760 605.2
1079770 605.8
1079780 606.0
1079790 606.0
1079800 606.1
1079810 607.0
1079820 607.0
1079830 607.8
1079840 607.7
1079850 607.4
1079860 606.7
1079870 607.0
1079880 606.7
1079890 606.7
1079900 606.9
1079910 607.2
1079920 607.2
1079930 607.5
1079940 607.8
1079950 607.8
1079960 608.2
1079970 608.6
1079980 608.6
1079990 609.0
