1063040 509.8
1063050 509.8
1063060 509.6
1063070 509.3
1063080 509.3
1063090 508.8
1063100 508.5
1063110 508.5
1063120 508.3
1063130 505.5
1063140 505.5
1063150 504.1
1063160 502.0
1063170 502.0
1063180 501.9
1063190 501.5
1063200 501.5
1063210 502.2
1063220 502.5
1063230 502.5
1063240 504.0
1063250 505.1
1063260 504.1
1063270 504.1
1063280 503.2
1063290 498.0
1063300 498.0
1063310 489.1
1063320 483.8
1063330 483.8
1063340 479.9
1063350 476.9
1063360 476.9
1063370 470.9
1063380 466.9
1063390 466.9
1063400 464.5
1063410 462.9
1063420 462.9
1063430 458.3
1063440 457.1
1063450 457.1
1063460 455.5
1063470 453.9
1063480 453.9
1063490 453.1
1063500 452.6
1063510 452.6
1063520 452.1
1063530 451.4
1063540 450.5
1063550 450.5
1063560 450.1
1063570 450.0
1063580 450.0
1063590 449.8
1063600 449.7
1063610 449.7
1063620 449.9
1063630 450.7
1063640 450.7
1063650 451.8
1063660 452.7
1063670 452.7
1063680 453.3
1063690 453.8
1063700 453.8
1063710 454.2
1063720 454.9
1063730 454.9
1063740 453.1
1063750 453.2
1063760 453.2
1063770 452.6
1063780 451.2
1063790 449.8
1063800 449.8
1063810 448.5
1063820 447.2
1063830 447.2
1063840 445.7
1063850 444.3
1063860 444.3
1063870 443.5
1063880 442.9
1063890 442.9
1063900 442.4
1063910 442.1
1063920 442.1
1063930 441.8
1063940 441.7
1063950 441.7
1063960 441.7
1063970 441.6
1063980 441.6
1063990 441.7
1064000 441.7
1064010 441.7
1064020 441.5
1064030 441.4
1064040 441.5
1064050 441.5
1064060 441.4
1064070 441.3
1064080 441.3
1064090 441.2
1064100 441.2
1064110 441.2
1064120 441.2
1064130 441.2
1064140 441.2
1064150 441.2
1064160 441.3
1064170 441.3
1064180 441.4
1064190 441.4
1064200 441.4
1064210 441.5
1064220 441.7
1064230 441.7
1064240 441.5
1064250 441.5
1064260 441.5
1064270 441.5
1064280 441.5
1064290 441.5
1064300 441.5
1064310 441.5
1064320 441.4
1064330 441.4
1064340 441.4
1064350 441.5
1064360 441.5
1064370 441.3
1064380 441.4
1064390 441.4
1064400 441.4
1064410 441.4
1064420 441.4
1064430 441.3
1064440 441.3
1064450 441.3
1064460 441.2
1064470 441.3
1064480 441.3
1064490 441.6
1064500 441.5
1064510 441.5
1064520 441.5
1064530 441.7
1064540 441.7
1064550 441.7
1064560 441.7
1064570 441.8
1064580 441.8
1064590 441.8
1064600 441.7
1064610 441.7
1064620 441.6
1064630 441.5
1064640 441.4
1064650 441.4
1064660 441.3
1064670 441.3
1064680 441.4
1064690 441.5
1064700 441.5
1064710 441.7
1064720 441.7
1064730 441.7
1064740 441.6
1064750 441.5
1064760 441.5
1064770 441.5
1064780 441.6
1064790 441.6
1064800 441.5
1064810 441.6
1064820 441.6
1064830 441.7
1064840 441.6
1064850 441.6
1064860 441.6
1064870 441.6
1064880 441.7
1064890 441.7
1064900 441.6
1064910 441.6
1064920 441.6
1064930 441.6
1064940 441.6
1064950 441.6
1064960 441.7
1064970 442.1
1064980 442.1
1064990 442.2
1065000 441.9
1065010 441.9
1065020 441.8
1065030 441.9
1065040 441.9
1065050 442.0
1065060 442.1
1065070 442.1
1065080 442.1
1065090 442.1
1065100 442.1
1065110 442.1
1065120 442.1
1065130 442.2
1065140 442.2
1065150 442.3
1065160 442.4
1065170 442.4
1065180 442.4
1065190 442.5
1065200 442.5
1065210 442.6
1065220 442.6
1065230 442.6
1065240 442.5
1065250 442.6
1065260 442.6
1065270 442.6
1065280 442.8
1065290 442.8
1065300 442.7
1065310 442.7
1065320 442.7
1065330 442.8
1065340 442.9
1065350 442.9
1065360 442.9
1065370 443.0
1065380 443.2
1065390 443.2
1065400 443.3
1065410 443.4
1065420 443.4
1065430 443.6
1065440 443.9
1065450 443.9
1065460 443.8
1065470 444.1
1065480 444.1
1065490 444.4
1065500 444.8
1065510 444.8
1065520 445.1
1065530 445.4
1065540 445.4
1065550 445.1
1065560 445.2
1065570 445.2
1065580 445.3
1065590 445.4
1065600 445.4
1065610 445.6
1065620 445.7
1065630 445.8
1065640 445.8
1065650 445.6
1065660 445.5
1065670 445.5
1065680 445.5
1065690 445.6
1065700 445.6
1065710 445.9
1065720 446.0
1065730 446.0
1065740 445.8
1065750 445.7
1065760 445.7
1065770 446.0
1065780 446.0
1065790 446.0
1065800 445.9
1065810 446.1
1065820 446.1
1065830 446.3
1065840 447.0
1065850 447.0
1065860 450.0
1065870 452.3
1065880 452.3
1065890 456.9
1065900 460.6
1065910 464.0
1065920 464.0
1065930 467.8
1065940 471.5
1065950 471.5
1065960 474.0
1065970 474.3
1065980 474.3
1065990 473.7
1066000 472.2
1066010 472.2
1066020 470.5
1066030 468.3
1066040 468.3
1066050 466.1
1066060 464.3
1066070 464.3
1066080 463.6
1066090 462.8
1066100 462.8
1066110 462.6
1066120 462.7
1066130 462.7
1066140 463.0
1066150 462.8
1066160 463.2
1066170 463.2
1066180 463.2
1066190 463.4
1066200 463.4
1066210 463.7
1066220 464.0
1066230 464.0
1066240 464.4
1066250 464.8
1066260 464.8
1066270 465.3
1066280 465.7
1066290 465.7
1066300 466.8
1066310 468.4
1066320 468.4
1066330 469.4
1066340 470.7
1066350 470.7
1066360 472.9
1066370 475.3
1066380 475.3
1066390 477.4
1066400 479.0
1066410 480.3
1066420 480.3
1066430 481.3
1066440 483.1
1066450 483.1
1066460 484.3
1066470 484.6
1066480 484.6
1066490 485.0
1066500 485.9
1066510 485.9
1066520 488.9
1066530 489.1
1066540 489.1
1066550 489.2
1066560 489.3
1066570 489.3
1066580 489.4
1066590 490.2
1066600 490.2
1066610 491.0
1066620 491.8
1066630 491.8
1066640 493.7
1066650 495.7
1066660 495.7
1066670 496.8
1066680 499.3
1066690 501.7
1066700 501.7
1066710 503.2
1066720 506.4
1066730 506.4
1066740 509.6
1066750 511.8
1066760 511.8
1066770 513.6
1066780 513.9
1066790 513.9
1066800 514.7
1066810 515.2
1066820 515.2
1066830 518.3
1066840 519.4
1066850 519.4
1066860 521.7
1066870 522.7
1066880 522.7
1066890 523.7
1066900 525.3
1066910 525.3
1066920 527.3
1066930 528.4
1066940 529.9
1066950 529.9
1066960 529.8
1066970 531.0
1066980 531.0
1066990 532.4
1067000 532.8
1067010 532.8
1067020 533.0
1067030 533.4
1067040 533.4
1067050 534.5
1067060 534.8
1067070 534.6
1067080 535.2
1067090 535.6
1067100 535.6
1067110 535.6
1067120 534.7
1067130 534.7
1067140 534.1
1067150 533.8
1067160 533.8
1067170 533.7
1067180 533.5
1067190 533.5
1067200 533.5
1067210 533.3
1067220 532.9
1067230 532.9
1067240 532.8
1067250 533.0
1067260 533.0
1067270 533.1
1067280 533.1
1067290 533.1
1067300 533.2
1067310 533.3
1067320 533.3
1067330 533.4
1067340 533.6
1067350 533.6
1067360 533.6
1067370 533.7
1067380 533.9
1067390 534.1
1067400 534.6
1067410 534.6
1067420 535.4
1067430 536.9
1067440 536.9
1067450 540.0
1067460 543.0
1067470 544.3
1067480 544.3
1067490 544.6
1067500 544.1
1067510 544.1
1067520 542.4
1067530 541.8
1067540 541.8
1067550 541.6
1067560 541.6
1067570 541.6
1067580 541.4
1067590 541.8
1067600 541.8
1067610 541.7
1067620 541.5
1067630 541.5
1067640 541.4
1067650 541.8
1067660 541.8
1067670 541.9
1067680 542.6
1067690 542.6
1067700 543.8
1067710 546.6
1067720 546.6
1067730 548.5
1067740 551.2
1067750 553.9
1067760 553.9
1067770 554.7
1067780 557.1
1067790 557.1
1067800 559.4
1067810 562.6
1067820 562.6
1067830 564.9
1067840 565.9
1067850 565.9
1067860 564.7
1067870 563.0
1067880 563.0
1067890 562.1
1067900 561.2
1067910 561.2
1067920 560.9
1067930 559.8
1067940 559.8
1067950 558.6
1067960 557.4
1067970 557.4
1067980 556.3
1067990 555.1
1068000 554.3
1068010 554.3
1068020 552.5
1068030 551.1
1068040 551.1
1068050 550.7
1068060 552.2
1068070 552.2
1068080 553.3
1068090 554.1
1068100 554.1
1068110 555.2
1068120 556.8
1068130 556.8
1068140 558.1
1068150 560.5
1068160 560.5
1068170 562.5
1068180 563.8
1068190 563.8
1068200 565.1
1068210 566.9
1068220 566.9
1068230 567.2
1068240 567.0
1068250 567.0
1068260 566.6
1068270 566.0
1068280 565.1
1068290 566.2
1068300 564.5
1068310 563.5
1068320 563.5
1068330 563.3
1068340 563.5
1068350 563.5
1068360 564.8
1068370 567.7
1068380 567.7
1068390 569.0
1068400 567.1
1068410 567.1
1068420 562.9
1068430 559.9
1068440 559.9
1068450 558.4
1068460 554.2
1068470 554.2
1068480 548.1
1068490 544.5
1068500 544.5
1068510 540.3
1068520 537.4
1068530 535.3
1068540 535.3
1068550 533.9
1068560 532.5
1068570 532.5
1068580 532.0
1068590 531.5
1068600 532.4
1068610 531.8
1068620 531.3
1068630 531.3
1068640 530.8
1068650 530.5
1068660 530.5
1068670 529.1
1068680 527.6
1068690 527.6
1068700 526.8
1068710 526.8
1068720 526.8
1068730 526.6
1068740 526.6
1068750 526.6
1068760 526.4
1068770 526.1
1068780 525.9
1068790 525.9
1068800 525.1
1068810 524.1
1068820 524.1
1068830 523.0
1068840 521.9
1068850 521.9
1068860 521.6
1068870 519.6
1068880 519.6
1068890 516.8
1068900 514.2
1068910 515.2
1068920 512.0
1068930 509.2
1068940 509.2
1068950 508.4
1068960 507.8
1068970 507.8
1068980 509.2
1068990 510.5
1069000 510.5
1069010 510.1
1069020 509.7
1069030 509.7
1069040 508.9
1069050 508.1
1069060 507.1
1069070 507.1
1069080 506.1
1069090 504.5
1069100 504.5
1069110 501.3
1069120 498.1
1069130 498.1
1069140 496.3
1069150 494.1
1069160 494.1
1069170 490.1
1069180 487.5
1069190 487.5
1069200 485.7
1069210 484.7
1069220 484.7
1069230 483.2
1069240 481.3
1069250 481.3
1069260 480.0
1069270 478.3
1069280 478.3
1069290 476.7
1069300 475.3
1069310 474.0
1069320 474.0
1069330 472.7
1069340 471.3
1069350 471.3
1069360 469.8
1069370 468.6
1069380 468.6
1069390 467.2
1069400 465.9
1069410 465.9
1069420 465.1
1069430 463.2
1069440 463.2
1069450 461.7
1069460 461.7
1069470 461.7
1069480 461.7
1069490 461.8
1069500 461.8
1069510 462.1
1069520 462.2
1069530 462.2
1069540 462.2
1069550 462.2
1069560 462.2
1069570 462.0
1069580 462.0
1069590 462.1
1069600 462.1
1069610 462.2
1069620 462.2
1069630 462.2
1069640 462.2
1069650 462.2
1069660 462.2
1069670 462.2
1069680 462.3
1069690 462.3
1069700 462.4
1069710 462.4
1069720 462.4
1069730 462.4
1069740 462.5
1069750 462.5
1069760 462.6
1069770 462.6
1069780 462.6
1069790 462.6
1069800 462.7
1069810 462.7
1069820 462.6
1069830 462.6
1069840 462.6
1069850 462.6
1069860 462.6
1069870 462.7
1069880 462.7
1069890 462.7
1069900 462.7
1069910 462.7
1069920 462.6
1069930 462.6
1069940 462.6
1069950 462.6
1069960 462.6
1069970 462.6
1069980 462.6
1069990 462.6
1070000 462.6
1070010 462.7
1070020 462.7
1070030 462.7
1070040 462.7
1070050 462.7
1070060 462.7
1070070 462.8
1070080 462.8
1070090 462.8
1070100 462.8
1070110 462.8
1070120 462.8
1070130 462.8
1070140 462.8
1070150 462.9
1070160 462.9
1070170 462.9
1070180 462.9
1070190 462.9
1070200 463.0
1070210 463.0
1070220 463.0
1070230 463.1
1070240 463.1
1070250 463.1
1070260 463.2
1070270 463.1
1070280 463.1
1070290 463.1
1070300 463.1
1070310 463.1
1070320 463.1
1070330 463.2
1070340 463.2
1070350 463.2
1070360 463.2
1070370 463.2
1070380 463.2
1070390 463.2
1070400 463.2
1070410 463.2
1070420 463.3
1070430 463.3
1070440 463.4
1070450 463.4
1070460 463.5
1070470 463.5
1070480 463.5
1070490 463.5
1070500 463.5
1070510 463.5
1070520 463.5
1070530 463.5
1070540 463.6
1070550 463.6
1070560 463.6
1070570 464.1
1070580 465.0
1070590 465.0
1070600 465.0
1070610 464.9
1070620 464.7
1070630 464.7
1070640 464.7
1070650 464.7
1070660 464.7
1070670 464.8
1070680 464.7
1070690 464.7
1070700 464.8
1070710 464.8
1070720 464.8
1070730 464.7
1070740 465.0
1070750 465.1
1070760 465.4
1070770 465.4
1070780 465.4
1070790 465.2
1070800 465.4
1070810 465.4
1070820 465.7
1070830 465.8
1070840 465.8
1070850 465.8
1070860 466.1
1070870 466.1
1070880 466.0
1070890 466.2
1070900 466.3
1070910 466.3
1070920 466.4
1070930 466.5
1070940 466.5
1070950 466.5
1070960 466.6
1070970 466.6
1070980 466.7
1070990 466.7
1071000 466.7
1071010 466.7
1071020 466.6
1071030 466.6
1071040 466.6
1071050 466.7
1071060 466.7
1071070 466.8
1071080 466.8
1071090 466.8
1071100 466.2
1071110 466.6
1071120 466.6
1071130 466.4
1071140 466.0
1071150 466.4
1071160 466.4
1071170 466.2
1071180 466.3
1071190 466.3
1071200 466.6
1071210 466.5
1071220 466.5
1071230 467.0
1071240 467.1
1071250 467.1
1071260 467.0
1071270 466.8
1071280 466.8
1071290 466.7
1071300 466.9
1071310 466.9
1071320 467.0
1071330 467.2
1071340 467.2
1071350 467.4
1071360 467.8
1071370 467.8
1071380 467.8
1071390 467.9
1071400 467.9
1071410 468.0
1071420 468.2
1071430 468.3
1071440 468.3
1071450 468.4
1071460 468.2
1071470 468.2
1071480 468.2
1071490 468.2
1071500 468.2
1071510 468.2
1071520 468.2
1071530 468.2
1071540 468.2
1071550 468.4
1071560 468.4
1071570 468.6
1071580 468.8
1071590 468.8
1071600 469.0
1071610 468.8
1071620 468.8
1071630 469.2
1071640 469.6
1071650 469.6
1071660 469.9
1071670 469.7
1071680 469.7
1071690 469.7
1071700 469.9
1071710 469.9
1071720 469.9
1071730 470.3
1071740 470.4
1071750 470.4
1071760 470.5
1071770 470.6
1071780 470.6
1071790 470.9
1071800 470.7
1071810 470.7
1071820 472.3
1071830 472.0
1071840 472.0
1071850 471.4
1071860 472.7
1071870 472.7
1071880 472.1
1071890 471.1
1071900 471.1
1071910 471.3
1071920 471.4
1071930 471.4
1071940 471.3
1071950 471.3
1071960 471.4
1071970 471.4
1071980 471.2
1071990 471.1
1072000 471.1
1072010 471.2
1072020 471.2
1072030 471.2
1072040 471.4
1072050 471.2
1072060 471.2
1072070 472.2
1072080 472.4
1072090 472.4
1072100 472.1
1072110 471.1
1072120 471.1
1072130 470.8
1072140 470.7
1072150 470.7
1072160 469.3
1072170 468.9
1072180 468.9
1072190 469.4
1072200 469.5
1072210 469.5
1072220 469.5
1072230 469.4
1072240 469.3
1072250 469.3
1072260 469.5
1072270 469.7
1072280 469.7
1072290 471.1
1072300 471.0
1072310 471.0
1072320 471.1
1072330 471.0
1072340 471.0
1072350 470.4
1072360 469.5
1072370 469.5
1072380 469.4
1072390 469.4
1072400 469.4
1072410 469.4
1072420 469.5
1072430 469.5
1072440 469.5
1072450 469.5
1072460 469.5
1072470 469.5
1072480 469.6
1072490 469.7
1072500 469.7
1072510 469.6
1072520 469.6
1072530 469.6
1072540 469.5
1072550 469.2
1072560 469.2
1072570 469.2
1072580 469.5
1072590 468.7
1072600 468.9
1072610 469.4
1072620 469.4
1072630 469.8
1072640 470.3
1072650 470.3
1072660 471.0
1072670 472.4
1072680 472.4
1072690 474.2
1072700 471.9
1072710 471.9
1072720 470.3
1072730 470.3
1072740 470.4
1072750 470.4
1072760 470.5
1072770 470.7
1072780 470.7
1072790 470.6
1072800 470.7
1072810 470.7
1072820 470.7
1072830 470.7
1072840 470.7
1072850 470.6
1072860 470.6
1072870 470.6
1072880 470.7
1072890 470.8
1072900 470.7
1072910 470.7
1072920 470.8
1072930 470.8
1072940 470.9
1072950 471.0
1072960 471.0
1072970 471.1
1072980 471.1
1072990 471.1
1073000 471.1
1073010 471.2
1073020 471.3
1073030 471.3
1073040 471.3
1073050 471.8
1073060 471.8
1073070 471.3
1073080 471.8
1073090 471.8
1073100 472.4
1073110 471.7
1073120 471.7
1073130 471.6
1073140 471.8
1073150 471.8
1073160 471.9
1073170 471.9
1073180 471.9
1073190 471.8
1073200 471.8
1073210 471.8
1073220 471.9
1073230 471.9
1073240 471.9
1073250 472.3
1073260 474.7
1073270 478.0
1073280 478.0
1073290 479.0
1073300 479.0
1073310 479.0
1073320 478.4
1073330 479.9
1073340 479.9
1073350 482.7
1073360 482.9
1073370 482.9
1073380 480.5
1073390 476.1
1073400 476.1
1073410 474.2
1073420 473.8
1073430 473.8
1073440 473.9
1073450 473.9
1073460 473.9
1073470 473.8
1073480 473.7
1073490 473.7
1073500 474.1
1073510 475.6
1073520 475.4
1073530 475.4
1073540 476.8
1073550 476.5
1073560 476.5
1073570 474.1
1073580 471.5
1073590 471.5
1073600 470.9
1073610 470.9
1073620 470.9
1073630 471.0
1073640 471.6
1073650 471.6
1073660 473.7
1073670 475.4
1073680 475.4
1073690 474.8
1073700 473.6
1073710 473.6
1073720 473.7
1073730 474.0
1073740 474.0
1073750 474.0
1073760 474.1
1073770 474.1
1073780 474.7
1073790 475.9
1073800 477.8
1073810 477.8
1073820 479.4
1073830 477.7
1073840 477.7
1073850 479.4
1073860 480.1
1073870 480.1
1073880 480.3
1073890 479.9
1073900 479.9
1073910 476.3
1073920 477.4
1073930 477.4
1073940 480.6
1073950 480.3
1073960 480.3
1073970 478.1
1073980 475.7
1073990 475.7
1074000 474.7
1074010 474.5
1074020 474.5
1074030 474.5
1074040 474.5
1074050 474.3
1074060 474.3
1074070 474.3
1074080 474.4
1074090 474.4
1074100 474.5
1074110 474.6
1074120 474.6
1074130 474.4
1074140 473.9
1074150 473.9
1074160 473.6
1074170 474.6
1074180 474.6
1074190 474.7
1074200 474.6
1074210 474.6
1074220 474.3
1074230 474.6
1074240 474.6
1074250 474.7
1074260 474.7
1074270 474.7
1074280 474.6
1074290 474.7
1074300 474.5
1074310 474.5
1074320 474.4
1074330 474.3
1074340 474.3
1074350 474.4
1074360 474.5
1074370 474.5
1074380 474.5
1074390 474.5
1074400 474.5
1074410 474.7
1074420 474.6
1074430 474.6
1074440 474.4
1074450 474.8
1074460 474.8
1074470 474.7
1074480 474.7
1074490 474.7
1074500 474.6
1074510 474.5
1074520 474.5
1074530 474.5
1074540 474.6
1074550 474.6
1074560 475.1
1074570 475.3
1074580 474.7
1074590 474.7
1074600 473.6
1074610 473.9
1074620 473.9
1074630 474.7
1074640 474.9
1074650 474.9
1074660 474.8
1074670 474.9
1074680 474.9
1074690 474.8
1074700 474.8
1074710 474.8
1074720 474.8
1074730 474.8
1074740 474.8
1074750 474.8
1074760 473.9
1074770 473.9
1074780 473.9
1074790 473.9
1074800 473.9
1074810 474.5
1074820 474.8
1074830 474.6
1074840 474.6
1074850 474.6
1074860 474.7
1074870 474.7
1074880 474.7
1074890 474.6
1074900 474.6
1074910 474.5
1074920 474.5
1074930 474.5
1074940 474.5
1074950 474.6
1074960 474.6
1074970 474.7
1074980 474.6
1074990 474.6
1075000 474.6
1075010 474.7
1075020 474.7
1075030 474.7
1075040 474.8
1075050 474.8
1075060 474.8
1075070 474.8
1075080 474.8
1075090 474.7
1075100 474.7
1075110 474.7
1075120 474.7
1075130 474.7
1075140 474.7
1075150 474.7
1075160 474.8
1075170 474.8
1075180 474.8
1075190 474.9
1075200 474.8
1075210 474.8
1075220 474.8
1075230 474.9
1075240 474.9
1075250 474.9
1075260 474.9
1075270 474.9
1075280 474.9
1075290 475.0
1075300 475.0
1075310 475.5
1075320 475.6
1075330 475.6
1075340 475.4
1075350 475.5
1075360 475.6
1075370 475.6
1075380 475.7
1075390 475.8
1075400 475.8
1075410 475.8
1075420 475.9
1075430 475.9
1075440 475.9
1075450 476.1
1075460 476.1
1075470 476.0
1075480 476.1
1075490 476.1
1075500 476.1
1075510 476.2
1075520 476.2
1075530 476.2
1075540 476.3
1075550 476.3
1075560 476.4
1075570 476.5
1075580 476.5
1075590 476.6
1075600 476.7
1075610 476.8
1075620 476.8
1075630 477.0
1075640 477.0
1075650 477.0
1075660 477.2
1075670 477.8
1075680 477.8
1075690 478.5
1075700 478.5
1075710 478.5
1075720 479.5
1075730 479.8
1075740 479.8
1075750 480.2
1075760 480.3
1075770 480.3
1075780 480.6
1075790 481.1
1075800 481.1
1075810 481.5
1075820 482.1
1075830 482.1
1075840 483.1
1075850 483.7
1075860 483.7
1075870 484.0
1075880 484.1
1075890 484.3
1075900 484.3
1075910 484.4
1075920 484.3
1075930 484.3
1075940 484.3
1075950 484.5
1075960 484.5
1075970 484.5
1075980 484.8
1075990 484.8
1076000 486.0
1076010 488.2
1076020 488.2
1076030 488.4
1076040 488.5
1076050 488.5
1076060 488.7
1076070 488.6
1076080 488.6
1076090 488.2
1076100 488.3
1076110 488.3
1076120 488.7
1076130 489.0
1076140 489.3
1076150 489.3
1076160 489.7
1076170 490.8
1076180 490.8
1076190 491.2
1076200 489.0
1076210 489.0
1076220 488.2
1076230 487.7
1076240 487.7
1076250 487.1
1076260 487.0
1076270 487.0
1076280 487.2
1076290 487.1
1076300 487.1
1076310 487.4
1076320 487.8
1076330 487.8
1076340 487.9
1076350 488.2
1076360 488.2
1076370 488.5
1076380 488.4
1076390 488.4
1076400 488.4
1076410 488.3
1076420 488.1
1076430 488.1
1076440 488.3
1076450 488.4
1076460 488.4
1076470 488.4
1076480 488.5
1076490 488.5
1076500 488.3
1076510 488.4
1076520 488.4
1076530 488.9
1076540 489.4
1076550 489.4
1076560 489.4
1076570 489.4
1076580 489.4
1076590 489.7
1076600 490.1
1076610 490.1
1076620 490.1
1076630 489.8
1076640 489.8
1076650 489.8
1076660 490.1
1076670 490.4
1076680 490.4
1076690 490.8
1076700 491.2
1076710 491.2
1076720 491.2
1076730 491.6
1076740 491.6
1076750 492.2
1076760 493.4
1076770 493.4
1076780 494.9
1076790 497.6
1076800 497.6
1076810 499.3
1076820 502.2
1076830 502.2
1076840 504.5
1076850 507.1
1076860 507.1
1076870 508.5
1076880 508.9
1076890 508.9
1076900 509.3
1076910 510.3
1076920 511.1
1076930 511.1
1076940 511.8
1076950 512.7
1076960 512.7
1076970 513.4
1076980 514.1
1076990 514.1
1077000 514.2
1077010 514.9
1077020 514.9
1077030 516.9
1077040 517.5
1077050 517.5
1077060 518.5
1077070 520.3
1077080 520.3
1077090 520.5
1077100 520.5
1077110 520.5
1077120 520.7
1077130 520.8
1077140 520.8
1077150 520.9
1077160 520.8
1077170 520.8
1077180 520.6
1077190 519.9
1077200 518.4
1077210 518.4
1077220 516.3
1077230 513.0
1077240 513.0
1077250 512.4
1077260 508.2
1077270 508.2
1077280 507.8
1077290 507.8
1077300 507.8
1077310 508.0
1077320 508.1
1077330 508.1
1077340 509.2
1077350 513.7
1077360 513.7
1077370 514.7
1077380 514.7
1077390 514.7
1077400 515.2
1077410 516.3
1077420 516.3
1077430 516.4
1077440 516.1
1077450 515.9
1077460 515.9
1077470 516.2
1077480 516.5
1077490 516.5
1077500 516.6
1077510 516.7
1077520 516.7
1077530 517.0
1077540 517.5
1077550 517.5
1077560 518.3
1077570 519.0
1077580 519.0
1077590 520.1
1077600 523.2
1077610 523.2
1077620 527.7
1077630 529.6
1077640 529.6
1077650 531.1
1077660 533.3
1077670 533.3
1077680 534.0
1077690 536.5
1077700 536.5
1077710 538.2
1077720 538.2
1077730 537.8
1077740 537.8
1077750 537.9
1077760 539.9
1077770 539.9
1077780 542.3
1077790 545.7
1077800 545.7
1077810 549.6
1077820 551.5
1077830 551.5
1077840 550.8
1077850 550.9
1077860 550.9
1077870 554.3
1077880 556.9
1077890 556.9
1077900 559.9
1077910 563.7
1077920 563.7
1077930 566.2
1077940 567.9
1077950 567.9
1077960 569.3
1077970 570.3
1077980 571.0
1077990 571.0
1078000 571.0
1078010 570.6
1078020 570.6
1078030 570.1
1078040 569.9
1078050 569.9
1078060 570.8
1078070 571.6
1078080 571.6
1078090 571.9
1078100 571.1
1078110 571.1
1078120 569.5
1078130 567.6
1078140 567.6
1078150 564.7
1078160 563.6
1078170 563.6
1078180 564.0
1078190 564.5
1078200 564.5
1078210 564.9
1078220 564.7
1078230 564.7
1078240 565.2
1078250 565.5
1078260 566.2
1078270 566.2
1078280 567.0
1078290 567.6
1078300 567.6
1078310 568.2
1078320 569.0
1078330 569.0
1078340 569.6
1078350 570.1
1078360 570.1
1078370 571.2
1078380 574.7
1078390 574.7
1078400 580.2
1078410 586.3
1078420 586.3
1078430 589.7
1078440 590.2
1078450 590.2
1078460 590.4
1078470 590.4
1078480 590.4
1078490 588.6
1078500 588.3
1078510 587.4
1078520 587.4
1078530 588.7
1078540 590.0
1078550 590.0
1078560 591.7
1078570 593.7
1078580 593.7
1078590 594.9
1078600 595.8
1078610 595.8
1078620 596.4
1078630 595.4
1078640 595.4
1078650 594.3
1078660 594.9
1078670 594.9
1078680 596.6
1078690 599.3
1078700 599.3
1078710 602.5
1078720 605.2
1078730 605.2
1078740 607.7
1078750 610.5
1078760 613.9
1078770 613.9
1078780 618.9
1078790 625.0
1078800 625.0
1078810 628.7
1078820 631.9
1078830 631.9
1078840 633.0
1078850 633.4
1078860 633.4
1078870 633.6
1078880 632.6
1078890 632.6
1078900 632.3
1078910 634.3
1078920 634.3
1078930 635.6
1078940 636.0
1078950 636.0
1078960 636.8
1078970 637.8
1078980 637.8
1078990 637.7
1079000 636.8
1079010 636.8
1079020 636.4
1079030 637.2
1079040 639.2
1079050 639.2
1079060 642.1
1079070 645.4
1079080 645.4
1079090 648.5
1079100 651.9
1079110 651.9
1079120 655.1
1079130 651.5
1079140 651.5
1079150 654.0
1079160 656.4
1079170 656.4
1079180 658.3
1079190 660.7
1079200 660.7
1079210 663.2
1079220 665.7
1079230 665.7
1079240 668.5
1079250 670.6
1079260 670.6
1079270 672.1
1079280 673.4
1079290 674.5
1079300 674.5
1079310 674.7
1079320 674.1
1079330 674.1
1079340 673.5
1079350 673.4
1079360 673.4
1079370 673.8
1079380 674.3
1079390 674.3
1079400 676.1
1079410 678.9
1079420 678.9
1079430 681.8
1079440 683.5
1079450 683.1
1079460 684.1
1079470 684.8
1079480 684.8
1079490 684.5
1079500 683.9
1079510 683.9
1079520 683.0
1079530 681.6
1079540 681.6
1079550 680.3
1079560 679.9
1079570 679.5
1079580 679.5
1079590 678.4
1079600 677.0
1079610 677.0
1079620 674.7
1079630 672.2
1079640 672.2
1079650 669.7
1079660 667.9
1079670 667.9
1079680 664.5
1079690 661.8
1079700 661.8
1079710 658.2
1079720 654.6
1079730 654.6
1079740 655.0
1079750 659.2
1079760 655.6
1079770 658.8
1079780 663.4
1079790 663.4
1079800 668.5
1079810 673.7
1079820 679.6
1079830 679.6
1079840 686.1
1079850 693.5
1079860 693.5
1079870 696.1
1079880 698.1
1079890 698.1
1079900 699.8
1079910 702.1
1079920 702.1
1079930 704.7
1079940 706.2
1079950 706.2
1079960 707.2
1079970 707.5
1079980 707.5
1079990 707.8
