1063520 441.6
1063530 441.6
1063540 441.5
1063550 441.5
1063560 441.5
1063570 441.5
1063580 441.5
1063590 441.5
1063600 441.4
1063610 441.5
1063620 441.5
1063630 441.4
1063640 441.4
1063650 441.4
1063660 441.3
1063670 441.4
1063680 441.4
1063690 441.3
1063700 441.3
1063710 441.3
1063720 441.3
1063730 441.4
1063740 441.4
1063750 441.4
1063760 441.3
1063770 441.4
1063780 441.4
1063790 441.3
1063800 441.2
1063810 441.2
1063820 441.3
1063830 441.3
1063840 441.3
1063850 441.6
1063860 441.6
1063870 441.6
1063880 441.4
1063890 441.3
1063900 441.3
1063910 441.2
1063920 441.2
1063930 441.2
1063940 441.3
1063950 441.3
1063960 441.1
1063970 441.1
1064260 441.2
1064270 441.1
1064280 441.1
1064290 441.1
1064300 440.9
1064310 440.9
1064320 440.7
1064330 440.6
1064340 440.6
1064350 441.1
1064360 441.1
1064370 441.1
1064380 441.2
1064390 441.1
1064400 441.1
1064410 441.1
1064420 441.2
1064430 441.2
1064440 441.3
1064450 441.3
1064460 441.3
1064470 441.3
1064480 441.3
1064490 441.3
1064500 441.3
1064510 441.3
1064520 441.3
1064530 441.3
1064540 441.3
1064550 441.3
1064560 441.3
1064570 441.3
1064580 441.5
1064590 441.5
1064600 441.5
1064610 441.5
1064620 441.5
1064630 441.5
1064640 441.4
1064650 441.4
1064660 441.4
1064670 441.3
1064680 441.3
1064690 441.4
1064700 441.4
1064710 441.4
1064720 441.5
1064730 441.5
1064740 441.6
1064750 441.6
1064760 441.7
1064770 441.6
1064780 441.6
1064790 441.6
1064800 441.7
1064810 441.7
1064820 441.7
1064830 442.0
1064840 442.0
1064850 442.5
1064860 442.6
1064870 442.6
1064880 442.6
1064890 442.3
1064900 442.3
1064910 441.9
1064920 441.9
1064930 441.9
1064940 441.9
1064950 441.9
1064960 441.9
1064970 442.0
1064980 442.0
1064990 442.0
1065000 442.0
1065010 442.1
1065020 442.2
1065030 442.2
1065040 442.3
1065050 442.5
1065060 442.5
1065070 442.7
1065080 443.0
1065090 443.0
1065100 443.3
1065110 443.8
1065120 443.8
1065130 444.2
1065140 444.3
1065150 444.3
1065160 444.0
1065170 443.9
1065180 443.9
1065190 443.8
1065200 443.7
1065210 443.7
1065220 443.7
1065230 443.9
1065240 443.9
1065250 444.1
1065260 444.1
1065270 443.9
1065280 443.9
1065290 443.9
1065300 444.0
1065310 444.0
1065320 444.1
1065330 444.2
1065340 444.2
1065350 444.4
1065360 444.6
1065370 444.6
1065380 445.0
1065390 445.1
1065400 445.1
1065410 444.8
1065420 444.7
1065430 444.7
1065440 444.7
1065450 444.8
1065460 444.8
1065470 444.9
1065480 445.0
1065490 445.0
1065500 445.0
1065510 445.1
1065520 445.1
1065530 445.1
1065540 445.2
1065550 445.2
1065560 445.2
1065570 445.4
1065580 445.8
1065590 445.8
1065600 447.8
1065610 451.1
1065620 451.1
1065630 453.4
1065640 457.1
1065650 457.1
1065660 460.5
1065670 463.1
1065680 463.1
1065690 463.2
1065700 461.7
1065710 461.7
1065720 460.3
1065730 459.8
1065740 459.8
1065750 460.7
1065760 461.0
1065770 461.0
1065780 461.4
1065790 462.2
1065800 463.6
1065810 463.6
1065820 464.7
1065830 465.5
1065840 465.5
1065850 466.2
1065860 466.8
1065870 466.8
1065880 467.6
1065890 468.9
1065900 468.9
1065910 469.7
1065920 470.1
1065930 470.1
1065940 470.3
1065950 471.0
1065960 471.0
1065970 471.8
1065980 472.6
1065990 472.6
1066000 473.8
1066010 474.9
1066020 474.9
1066030 477.2
1066040 479.3
1066050 480.5
1066060 480.5
1066070 481.5
1066080 482.4
1066090 482.4
1066100 482.9
1066110 483.8
1066120 483.8
1066130 484.3
1066140 484.7
1066150 484.7
1066160 485.6
1066170 486.5
1066180 486.5
1066190 487.3
1066200 488.7
1066210 490.1
1066220 490.9
1066230 493.5
1066240 493.5
1066250 496.9
1066260 497.7
1066270 497.7
1066280 498.1
1066290 499.5
1066300 499.5
1066310 500.1
1066320 500.0
1066330 500.6
1066340 500.6
1066350 501.1
1066360 501.7
1066370 501.7
1066380 502.5
1066390 503.6
1066400 503.6
1066410 503.6
1066420 503.7
1066430 503.7
1066440 504.7
1066450 507.4
1066460 507.4
1066470 509.8
1066480 511.1
1066490 511.1
1066500 512.6
1066510 515.7
1066520 517.6
1066530 520.4
1066540 520.8
1066550 520.8
1066560 521.0
1066570 522.9
1066580 525.6
1066590 525.6
1066600 526.1
1066610 526.4
1066620 526.4
1066630 526.8
1066640 526.8
1066650 526.8
1066660 526.4
1066670 526.3
1066680 526.3
1066690 526.1
1066700 525.7
1066710 525.7
1066720 525.4
1066730 525.1
1066740 525.1
1066750 524.6
1066760 524.1
1066770 524.1
1066780 524.2
1066790 524.0
1066800 524.0
1066810 523.8
1066820 524.4
1066830 524.4
1066840 524.8
1066850 525.5
1066860 526.1
1066870 526.1
1066880 526.5
1066890 526.9
1066900 526.9
1066910 527.2
1066920 527.8
1066930 527.8
1066940 530.4
1066950 532.0
1066960 532.0
1066970 535.0
1066980 537.6
1066990 537.6
1067000 537.9
1067010 539.3
1067020 539.3
1067030 542.1
1067040 545.1
1067050 545.1
1067060 547.9
1067070 550.2
1067080 550.2
1067090 552.0
1067100 553.4
1067110 555.0
1067120 556.0
1067130 556.1
1067140 556.1
1067150 556.1
1067160 556.2
1067170 556.5
1067180 556.5
1067190 556.8
1067200 557.1
1067210 557.1
1067220 557.3
1067230 557.9
1067240 557.9
1067250 558.7
1067260 559.1
1067270 559.1
1067280 559.5
1067290 560.1
1067300 560.1
1067310 560.7
1067320 561.5
1067330 561.5
1067340 562.4
1067350 563.4
1067360 564.3
1067370 564.3
1067380 565.1
1067390 566.1
1067400 566.1
1067410 567.3
1067420 568.7
1067430 571.0
1067440 572.0
1067450 573.1
1067460 573.1
1067470 574.2
1067480 575.3
1067490 575.3
1067500 576.6
1067510 577.4
1067520 577.4
1067530 577.8
1067540 578.2
1067550 578.2
1067560 579.7
1067570 581.3
1067580 581.3
1067590 582.5
1067600 582.8
1067610 582.8
1067620 583.2
1067630 583.6
1067640 584.0
1067650 584.0
1067660 584.2
1067670 585.1
1067680 585.1
1067690 586.2
1067700 588.1
1067710 588.1
1067720 590.7
1067730 594.3
1067740 594.3
1067750 596.5
1067760 597.2
1067770 597.2
1067780 598.4
1067790 601.0
1067800 601.0
1067810 602.3
1067820 602.7
1067830 602.7
1067840 603.3
1067850 603.9
1067860 603.9
1067870 604.4
1067880 605.0
1067890 605.4
1067900 605.4
1067910 604.8
1067920 604.0
1067930 604.0
1067940 604.2
1067950 605.3
1067960 605.3
1067970 606.6
1067980 607.6
1067990 607.6
1068000 609.3
1068010 610.6
1068020 610.6
1068030 611.4
1068040 615.0
1068050 615.0
1068060 615.4
1068070 615.8
1068080 615.8
1068090 616.3
1068100 617.3
1068110 617.3
1068120 617.9
1068130 617.9
1068140 617.9
1068150 617.5
1068160 616.5
1068170 615.6
1068180 615.6
1068190 613.9
1068200 612.5
1068210 612.5
1068220 611.3
1068230 610.3
1068240 610.3
1068250 609.3
1068260 607.7
1068270 607.7
1068280 605.8
1068290 604.0
1068300 604.0
1068310 601.3
1068320 598.3
1068330 598.3
1068340 596.0
1068350 591.4
1068360 591.4
1068370 587.5
1068380 584.8
1068390 584.8
1068400 582.6
1068410 581.4
1068420 581.1
1068430 581.1
1068440 580.6
1068450 580.9
1068460 580.9
1068470 580.6
1068480 579.9
1068490 579.9
1068500 579.6
1068510 579.3
1068520 579.3
1068530 579.0
1068540 578.7
1068550 578.7
1068560 578.7
1068570 579.0
1068580 579.0
1068590 578.7
1068600 577.8
1068610 577.8
1068620 576.8
1068630 575.9
1068640 575.9
1068650 577.1
1068660 577.0
1068670 577.0
1068680 577.1
1068690 575.3
1068700 572.7
1068710 572.7
1068720 571.4
1068730 571.3
1068740 571.3
1068750 572.9
1068760 573.0
1068770 573.0
1068780 571.5
1068790 570.6
1068800 570.6
1068810 569.9
1068820 569.2
1068830 569.2
1068840 568.4
1068850 567.9
1068860 567.9
1068870 567.3
1068880 566.8
1068890 566.8
1068900 566.9
1068910 566.9
1068920 566.9
1068930 566.7
1068940 566.5
1068950 566.4
1068960 567.2
1068970 567.1
1068980 567.2
1068990 567.2
1069000 567.4
1069010 567.7
1069020 567.7
1069030 568.0
1069040 567.7
1069050 567.7
1069060 567.2
1069070 566.7
1069080 566.7
1069090 566.5
1069100 566.3
1069110 566.3
1069120 566.2
1069130 567.2
1069140 567.2
1069150 567.8
1069160 567.9
1069170 567.9
1069180 567.6
1069190 563.9
1069200 559.0
1069210 559.0
1069220 554.4
1069230 548.6
1069240 548.6
1069250 543.1
1069260 538.8
1069270 538.8
1069280 537.8
1069290 539.5
1069300 539.5
1069310 543.2
1069320 546.7
1069330 546.7
1069340 547.5
1069350 544.4
1069360 544.4
1069370 540.3
1069380 536.2
1069390 536.2
1069400 532.2
1069410 528.1
1069420 528.1
1069430 524.3
1069440 520.7
1069450 520.7
1069460 516.6
1069470 512.5
1069480 508.5
1069490 508.5
1069500 504.7
1069510 500.4
1069520 500.4
1069530 495.6
1069540 490.2
1069550 490.2
1069560 486.3
1069570 485.1
1069580 485.1
1069590 483.8
1069600 482.0
1069610 482.0
1069620 480.9
1069630 481.0
1069640 481.0
1069650 481.8
1069660 481.5
1069670 481.5
1069680 479.7
1069690 476.6
1069700 476.6
1069710 473.7
1069720 472.1
1069730 471.3
1069740 471.3
1069750 470.8
1069760 470.3
1069770 470.3
1069780 468.5
1069790 465.8
1069800 465.8
1069810 463.9
1069820 462.9
1069830 462.9
1069840 462.4
1069850 462.3
1069860 462.3
1069870 462.2
1069880 462.2
1069890 462.2
1069900 462.1
1069910 462.0
1069920 462.0
1069930 462.0
1069940 462.1
1069950 462.1
1069960 462.2
1069970 462.3
1069980 462.3
1069990 462.3
1070000 462.3
1070010 462.3
1070020 462.3
1070030 462.3
1070040 462.4
1070050 462.4
1070060 462.3
1070070 462.3
1070080 462.3
1070090 462.3
1070100 462.3
1070110 462.3
1070120 462.4
1070130 462.4
1070140 462.4
1070150 462.5
1070160 462.4
1070170 462.4
1070180 462.4
1070190 462.5
1070200 462.5
1070210 462.6
1070220 462.6
1070230 462.6
1070240 462.7
1070250 462.7
1070260 462.8
1070270 462.8
1070280 462.9
1070290 463.0
1070300 463.0
1070310 463.0
1070320 462.9
1070330 462.9
1070340 462.9
1070350 462.9
1070360 462.9
1070370 462.9
1070380 462.9
1070390 462.9
1070400 462.9
1070410 462.8
1070420 462.8
1070430 462.8
1070440 462.8
1070450 462.8
1070460 462.9
1070470 462.9
1070480 462.9
1070490 463.0
1070500 463.0
1070510 463.0
1070520 463.0
1070530 463.1
1070540 463.1
1070550 463.1
1070560 463.1
1070570 463.2
1070580 463.2
1070590 463.3
1070600 463.3
1070610 463.3
1070620 463.4
1070630 463.7
1070640 463.7
1070650 464.0
1070660 463.9
1070670 463.9
1070680 463.7
1070690 463.6
1070700 463.6
1070710 463.6
1070720 463.6
1070730 463.6
1070740 463.7
1070750 463.7
1070760 463.7
1070770 463.8
1070780 463.8
1070790 463.9
1070800 463.9
1070810 464.0
1070820 464.0
1070830 464.0
1070840 464.1
1070850 464.1
1070860 464.1
1070870 464.1
1070880 464.1
1070890 464.1
1070900 464.1
1070910 464.1
1070920 464.1
1070930 464.2
1070940 464.2
1070950 464.2
1070960 464.2
1070970 464.2
1070980 464.2
1070990 464.2
1071000 464.3
1071010 464.3
1071020 464.3
1071030 464.7
1071040 466.9
1071050 466.9
1071060 471.7
1071070 476.2
1071080 476.2
1071090 477.2
1071100 477.4
1071110 477.4
1071120 477.7
1071130 477.9
1071140 477.9
1071150 477.9
1071160 478.2
1071170 478.2
1071180 478.4
1071190 478.4
1071200 478.4
1071210 478.7
1071220 479.3
1071230 479.3
1071240 479.6
1071250 479.6
1071260 479.6
1071270 479.8
1071280 479.9
1071290 479.9
1071300 480.2
1071310 480.4
1071320 480.7
1071330 480.7
1071340 480.9
1071350 481.6
1071360 481.6
1071370 481.9
1071380 481.8
1071390 481.8
1071400 481.7
1071410 481.8
1071420 481.8
1071430 481.9
1071440 482.1
1071450 482.1
1071460 482.3
1071470 482.6
1071480 482.6
1071490 482.9
1071500 481.5
1071510 481.5
1071520 479.5
1071530 478.7
1071540 478.7
1071550 478.6
1071560 478.2
1071570 478.1
1071580 478.1
1071590 478.2
1071600 478.0
1071610 478.0
1071620 477.6
1071630 477.7
1071640 477.7
1071650 478.0
1071660 478.0
1071670 478.0
1071680 477.6
1071690 477.7
1071700 477.7
1071710 477.8
1071720 478.4
1071730 478.4
1071740 478.1
1071750 478.0
1071760 478.0
1071770 477.9
1071780 478.0
1071790 478.0
1071800 478.2
1071810 478.1
1071820 478.1
1071830 478.1
1071840 478.0
1071850 477.7
1071860 477.7
1071870 477.8
1071880 478.3
1071890 478.3
1071900 478.5
1071910 478.7
1071920 478.7
1071930 478.9
1071940 479.0
1071950 479.0
1071960 477.2
1071970 478.9
1071980 478.9
1071990 479.4
1072000 479.1
1072010 479.1
1072020 478.6
1072030 479.0
1072040 479.0
1072050 478.8
1072060 478.9
1072070 478.9
1072080 478.8
1072090 478.7
1072100 478.9
1072110 478.9
1072120 479.2
1072130 479.7
1072140 479.7
1072150 479.9
1072160 480.0
1072170 480.0
1072180 480.2
1072190 480.3
1072200 480.3
1072210 480.3
1072220 480.6
1072230 480.6
1072240 480.6
1072250 480.5
1072260 480.5
1072270 480.6
1072280 480.7
1072290 480.7
1072300 480.8
1072310 480.7
1072320 480.7
1072330 480.6
1072340 481.2
1072350 481.1
1072360 481.1
1072370 480.2
1072380 479.7
1072390 479.7
1072400 479.2
1072410 479.0
1072420 479.0
1072430 478.8
1072440 478.7
1072450 478.7
1072460 478.5
1072470 478.6
1072480 478.6
1072490 478.1
1072500 477.7
1072510 477.7
1072520 477.0
1072530 474.0
1072540 474.0
1072550 472.0
1072560 471.5
1072570 471.5
1072580 467.6
1072590 470.2
1072600 470.2
1072610 472.2
1072620 472.6
1072630 472.5
1072640 472.5
1072650 472.6
1072660 472.4
1072670 472.4
1072680 472.2
1072690 471.4
1072700 471.4
1072710 470.8
1072720 470.9
1072730 470.9
1072740 470.9
1072750 470.9
1072760 470.9
1072770 470.6
1072780 470.5
1072790 470.5
1072800 470.5
1072810 470.6
1072820 470.6
1072830 470.7
1072840 470.8
1072850 470.8
1072860 471.2
1072870 471.5
1072880 471.5
1072890 471.5
1072900 471.1
1072910 471.1
1072920 471.1
1072930 471.4
1072940 471.3
1072950 471.3
1072960 471.3
1072970 471.4
1072980 471.4
1072990 470.7
1073000 470.5
1073010 470.5
1073020 470.6
1073030 471.0
1073040 471.0
1073050 471.1
1073060 471.1
1073070 471.1
1073080 471.0
1073090 471.0
1073100 471.0
1073110 471.3
1073120 471.5
1073130 471.6
1073140 471.6
1073150 471.6
1073160 471.2
1073170 471.2
1073180 471.3
1073190 471.5
1073200 471.5
1073210 471.6
1073220 471.5
1073230 471.5
1073240 471.5
1073250 471.5
1073260 471.9
1073270 472.1
1073280 472.1
1073290 472.1
1073300 471.6
1073310 471.5
1073320 471.5
1073330 471.6
1073340 471.8
1073350 471.8
1073360 472.1
1073370 472.1
1073380 472.1
1073390 471.4
1073400 471.7
1073410 472.0
1073420 472.0
1073430 472.1
1073440 472.3
1073450 472.3
1073460 472.3
1073470 472.3
1073480 472.3
1073490 472.5
1073500 472.6
1073510 472.6
1073520 472.7
1073530 472.4
1073540 472.4
1073550 472.5
1073560 472.7
1073570 472.8
1073580 472.9
1073590 472.7
1073600 472.7
1073610 472.7
1073620 472.9
1073630 472.9
1073640 473.2
1073650 473.1
1073660 473.3
1073670 473.3
1073680 473.4
1073690 473.4
1073700 473.4
1073710 473.6
1073720 473.5
1073730 473.5
1073740 473.5
1073750 473.5
1073760 473.5
1073770 473.4
1073780 473.4
1073790 473.4
1073800 473.5
1073810 473.5
1073820 473.5
1073830 473.6
1073840 473.7
1073850 473.7
1073860 473.8
1073870 473.8
1073880 473.9
1073890 473.9
1073900 474.2
1073910 474.2
1073920 474.3
1073930 474.2
1073940 473.9
1073950 473.9
1073960 474.2
1073970 474.4
1073980 474.4
1073990 474.4
1074000 474.4
1074010 474.4
1074020 474.6
1074030 474.8
1074040 474.8
1074050 475.0
1074060 475.0
1074070 475.0
1074080 475.1
1074090 475.1
1074100 475.1
1074110 475.9
1074120 476.9
1074130 476.9
1074140 476.2
1074150 473.7
1074160 473.7
1074170 472.9
1074180 472.9
1074190 473.0
1074200 473.0
1074210 473.0
1074220 473.2
1074230 473.2
1074240 475.6
1074250 477.5
1074260 477.5
1074270 477.3
1074280 476.2
1074290 476.2
1074300 475.7
1074310 475.8
1074320 475.8
1074330 475.8
1074340 475.7
1074350 475.7
1074360 475.4
1074370 475.3
1074380 475.3
1074390 475.4
1074400 475.7
1074410 475.7
1074420 475.8
1074430 475.9
1074440 475.5
1074450 475.5
1074460 475.8
1074470 476.0
1074480 476.0
1074490 475.9
1074500 476.1
1074510 476.1
1074520 477.0
1074530 478.1
1074540 478.1
1074550 478.4
1074560 478.5
1074570 478.5
1074580 478.7
1074590 477.4
1074600 477.4
1074610 476.5
1074620 476.0
1074630 476.0
1074640 475.7
1074650 475.8
1074660 475.8
1074670 475.8
1074680 475.8
1074690 475.8
1074700 475.7
1074710 475.7
1074720 475.8
1074730 475.8
1074740 475.6
1074750 475.7
1074760 475.7
1074770 475.7
1074780 475.5
1074790 475.5
1074800 475.6
1074810 475.7
1074820 475.7
1074830 475.6
1074840 475.7
1074850 475.7
1074860 475.8
1074870 476.1
1074880 476.1
1074890 475.9
1074900 475.9
1074910 475.9
1074920 476.0
1074930 475.9
1074940 475.9
1074950 475.8
1074960 475.8
1074970 475.8
1074980 475.8
1074990 475.8
1075000 475.8
1075010 475.8
1075020 475.9
1075030 476.0
1075040 476.0
1075050 476.0
1075060 476.1
1075070 476.1
1075080 476.1
1075090 476.2
1075100 476.2
1075110 476.2
1075120 476.2
1075130 476.3
1075140 476.3
1075150 476.3
1075160 476.3
1075170 476.1
1075180 476.0
1075190 476.0
1075200 476.0
1075210 476.0
1075220 476.0
1075230 476.0
1075240 476.1
1075250 476.2
1075260 476.2
1075270 476.2
1075280 476.2
1075290 476.2
1075300 476.4
1075310 476.5
1075320 476.5
1075330 476.6
1075340 476.8
1075350 476.8
1075360 476.8
1075370 476.8
1075380 476.8
1075390 476.8
1075400 476.7
1075410 476.7
1075420 476.7
1075430 476.6
1075440 476.8
1075450 476.8
1075460 476.7
1075470 476.7
1075480 476.1
1075490 476.2
1075500 476.5
1075510 476.5
1075520 476.6
1075530 476.6
1075540 476.6
1075550 476.6
1075560 476.5
1075570 476.5
1075580 476.4
1075590 476.7
1075600 476.7
1075610 476.8
1075620 476.8
1075630 476.8
1075640 476.9
1075650 476.9
1075660 476.9
1075670 476.9
1075680 476.9
1075690 476.9
1075700 477.0
1075710 477.1
1075720 477.1
1075730 477.2
1075740 477.2
1075750 477.3
1075760 477.3
1075770 477.3
1075780 477.4
1075790 477.4
1075800 477.4
1075810 477.5
1075820 477.5
1075830 477.5
1075840 477.7
1075850 477.7
1075860 477.9
1075870 477.8
1075880 477.8
1075890 477.8
1075900 477.9
1075910 477.9
1075920 478.0
1075930 478.1
1075940 478.1
1075950 478.1
1075960 478.0
1075970 478.0
1075980 478.0
1075990 478.0
1076000 478.0
1076010 478.2
1076020 478.3
1076030 478.3
1076040 478.3
1076050 478.4
1076060 478.4
1076070 478.4
1076080 478.5
1076090 478.6
1076100 478.6
1076110 478.7
1076120 478.7
1076130 478.7
1076140 478.8
1076150 478.9
1076160 478.9
1076170 479.1
1076180 479.3
1076190 479.3
1076200 479.5
1076210 479.6
1076220 479.6
1076230 479.4
1076240 479.3
1076250 479.3
1076260 479.3
1076270 479.3
1076280 479.3
1076290 479.3
1076300 479.2
1076310 479.3
1076320 479.3
1076330 479.4
1076340 479.4
1076350 479.4
1076360 479.4
1076370 479.5
1076380 479.5
1076390 479.5
1076400 479.5
1076410 479.5
1076420 479.5
1076430 479.5
1076440 479.5
1076450 479.7
1076460 480.0
1076470 480.0
1076480 479.9
1076490 480.4
1076500 480.4
1076510 481.1
1076520 481.1
1076530 481.1
1076540 481.1
1076550 481.2
1076560 480.7
1076570 480.7
1076580 480.3
1076590 480.1
1076600 480.1
1076610 480.1
1076620 480.3
1076630 480.3
1076640 480.8
1076650 481.3
1076660 481.3
1076670 481.7
1076680 481.6
1076690 481.6
1076700 481.1
1076710 480.3
1076720 480.3
1076730 480.5
1076740 482.0
1076750 482.0
1076760 482.5
1076770 482.4
1076780 482.4
1076790 483.6
1076800 484.6
1076810 486.7
1076820 486.7
1076830 488.7
1076840 490.2
1076850 490.2
1076860 491.4
1076870 492.7
1076880 492.7
1076890 493.7
1076900 495.5
1076910 495.5
1076920 497.9
1076930 499.4
1076940 499.4
1076950 500.3
1076960 500.8
1076970 500.8
1076980 502.2
1076990 503.0
1077000 503.0
1077010 504.9
1077020 506.5
1077030 506.5
1077040 507.6
1077050 509.0
1077060 511.6
1077070 511.6
1077080 515.0
1077090 518.5
1077100 518.5
1077110 521.4
1077120 522.9
1077130 522.9
1077140 524.2
1077150 525.6
1077160 525.6
1077170 527.3
1077180 528.1
1077190 528.1
1077200 528.4
1077210 528.5
1077220 528.5
1077230 528.7
1077240 529.2
1077250 529.2
1077260 530.5
1077270 531.6
1077280 531.6
1077290 531.0
1077300 528.3
1077310 529.5
1077320 527.2
1077330 526.7
1077340 526.9
1077350 526.9
1077360 527.5
1077370 528.6
1077380 528.6
1077390 530.9
1077400 533.9
1077410 533.9
1077420 537.6
1077430 541.0
1077440 541.0
1077450 543.1
1077460 544.9
1077470 544.9
1077480 547.0
1077490 547.6
1077500 547.6
1077510 546.9
1077520 547.7
1077530 547.7
1077540 548.8
1077550 549.5
1077560 549.5
1077570 549.6
1077580 548.7
1077590 546.3
1077600 546.3
1077610 542.5
1077620 543.5
1077630 543.5
1077640 545.6
1077650 548.0
1077660 548.0
1077670 548.4
1077680 548.3
1077690 548.3
1077700 548.4
1077710 549.4
1077720 549.4
1077730 550.0
1077740 549.6
1077750 549.6
1077760 548.4
1077770 546.1
1077780 546.1
1077790 543.0
1077800 542.0
1077810 542.0
1077820 541.8
1077830 541.3
1077840 542.2
1077850 542.2
1077860 545.0
1077870 547.6
1077880 547.6
1077890 548.7
1077900 549.7
1077910 549.7
1077920 551.0
1077930 551.6
1077940 551.6
1077950 552.0
1077960 550.5
1077970 550.5
1077980 548.8
1077990 548.1
1078000 548.1
1078010 548.6
1078020 549.0
1078030 549.0
1078040 548.8
1078050 547.4
1078060 547.4
1078070 544.9
1078080 543.6
1078090 543.6
1078100 542.6
1078110 542.8
1078120 544.9
1078130 544.9
1078140 546.9
1078150 549.8
1078160 549.8
1078170 553.0
1078180 553.9
1078190 553.9
1078200 554.1
1078210 554.6
1078220 554.6
1078230 555.5
1078240 556.3
1078250 556.3
1078260 557.9
1078270 559.4
1078280 559.4
1078290 560.7
1078300 561.8
1078310 561.8
1078320 563.3
1078330 566.3
1078340 566.3
1078350 569.7
1078360 573.3
1078370 577.2
1078380 577.2
1078390 580.4
1078400 581.0
1078410 581.0
1078420 580.0
1078430 580.5
1078440 580.5
1078450 584.3
1078460 587.1
1078470 587.1
1078480 590.3
1078490 593.3
1078500 593.3
1078510 595.0
1078520 596.6
1078530 596.6
1078540 597.9
1078550 601.3
1078560 599.1
1078570 601.1
1078580 604.8
1078590 604.8
1078600 607.3
1078610 609.9
1078620 612.4
1078630 612.4
1078640 613.4
1078650 614.7
1078660 614.7
1078670 615.3
1078680 615.0
1078690 615.0
1078700 616.8
1078710 619.1
1078720 619.1
1078730 620.4
1078740 620.8
1078750 620.8
1078760 620.2
1078770 619.3
1078780 619.3
1078790 619.3
1078800 620.1
1078810 620.1
1078820 621.0
1078830 621.1
1078840 621.1
1078850 620.8
1078860 620.9
1078870 621.3
1078880 622.1
1078890 625.1
1078900 627.2
1078910 627.2
1078920 628.2
1078930 627.4
1078940 627.4
1078950 625.5
1078960 624.3
1078970 624.3
1078980 623.6
1078990 622.4
1079000 622.4
1079010 620.8
1079020 620.7
1079030 620.7
1079040 621.3
1079050 622.3
1079060 622.3
1079070 622.4
1079080 622.7
1079090 622.7
1079100 624.1
1079110 627.9
1079120 627.9
1079130 632.4
1079140 636.2
1079150 639.5
1079160 639.5
1079170 641.1
1079180 638.6
1079190 638.6
1079200 640.0
1079210 642.0
1079220 642.0
1079230 642.3
1079240 643.5
1079250 643.5
1079260 646.3
1079270 648.5
1079280 648.5
1079290 649.6
1079300 650.0
1079310 650.0
1079320 650.2
1079330 650.5
1079340 650.5
1079350 651.1
1079360 651.1
1079370 651.1
1079380 650.5
1079390 649.2
1079400 649.2
1079410 648.4
1079420 648.3
1079430 647.9
1079440 647.9
1079450 646.3
1079460 646.6
1079470 646.6
1079480 647.5
1079490 648.2
1079500 647.8
1079510 648.5
1079520 650.0
1079530 650.0
1079540 652.8
1079550 655.8
1079560 655.8
1079570 658.8
1079580 660.8
1079590 660.8
1079600 662.1
1079610 663.5
1079620 663.5
1079630 665.2
1079640 666.0
1079650 666.0
1079660 666.0
1079670 665.7
1079680 665.2
1079690 665.2
1079700 665.3
1079710 666.5
1079720 666.5
1079730 667.5
1079740 669.1
1079750 669.1
1079760 671.2
1079770 673.0
1079780 673.0
1079790 673.9
1079800 674.6
1079810 675.8
1079820 676.3
1079830 676.7
1079840 676.7
1079850 677.5
1079860 678.0
1079870 678.0
1079880 678.2
1079890 678.5
1079900 678.5
1079910 678.5
1079920 678.5
1079930 678.5
1079940 678.5
1079950 678.5
1079960 678.9
1079970 678.9
1079980 679.8
1079990 680.3
