1063520 618.2
1063530 618.2
1063540 617.2
1063550 616.2
1063560 616.2
1063570 615.7
1063580 615.0
1063590 615.0
1063600 613.9
1063610 612.8
1063620 612.8
1063630 611.3
1063640 610.2
1063650 610.2
1063660 609.1
1063670 608.5
1063680 608.5
1063690 607.9
1063700 606.3
1063710 606.3
1063720 604.9
1063730 603.5
1063740 603.5
1063750 601.8
1063760 596.2
1063770 593.0
1063780 593.0
1063790 589.3
1063800 584.8
1063810 584.8
1063820 582.1
1063830 579.6
1063840 579.6
1063850 569.9
1063860 557.7
1063870 557.7
1063880 553.2
1063890 548.1
1063900 548.1
1063910 542.6
1063920 536.7
1063930 536.7
1063940 531.0
1063950 525.9
1063960 525.9
1063970 521.1
1063980 516.4
1063990 516.4
1064000 512.2
1064010 507.5
1064020 504.0
1064030 504.0
1064040 500.4
1064050 497.1
1064060 493.7
1064070 491.1
1064080 489.2
1064090 489.2
1064100 487.4
1064110 485.7
1064120 485.7
1064130 484.3
1064140 482.7
1064150 482.7
1064160 481.3
1064170 480.3
1064180 480.3
1064190 479.0
1064200 477.1
1064210 477.1
1064220 473.8
1064230 470.2
1064240 470.2
1064250 467.2
1064260 464.7
1064270 464.7
1064280 462.7
1064290 461.0
1064300 459.0
1064310 459.0
1064320 457.9
1064330 456.6
1064340 456.6
1064350 455.2
1064360 452.9
1064370 452.9
1064380 451.0
1064390 449.8
1064400 449.8
1064410 447.8
1064420 446.7
1064430 446.7
1064440 446.7
1064450 446.3
1064460 446.3
1064470 445.5
1064480 444.4
1064490 444.4
1064500 444.0
1064510 443.5
1064520 443.5
1064530 442.9
1064540 443.0
1064550 442.7
1064560 442.7
1064570 442.6
1064580 442.5
1064590 442.5
1064600 442.6
1064610 442.7
1064620 442.7
1064630 442.5
1064640 442.7
1064650 442.7
1064660 442.7
1064670 442.7
1064680 442.7
1064690 442.6
1064700 442.7
1064710 442.7
1064720 442.8
1064730 442.7
1064740 442.7
1064750 442.4
1064760 442.5
1064770 442.5
1064780 442.8
1064790 442.9
1064800 442.9
1064810 443.0
1064820 442.8
1064830 442.7
1064840 442.7
1064850 442.5
1064860 442.4
1064870 442.4
1064880 442.4
1064890 442.4
1064900 442.4
1064910 442.3
1064920 442.3
1064930 442.3
1064940 442.3
1064950 442.2
1064960 442.2
1064970 442.2
1064980 442.2
1064990 442.2
1065000 442.1
1065010 442.1
1065020 442.1
1065030 442.2
1065040 442.2
1065050 442.2
1065060 442.2
1065070 442.2
1065080 442.1
1065090 442.1
1065100 442.1
1065110 442.1
1065120 442.1
1065130 442.2
1065140 442.4
1065150 442.4
1065160 442.6
1065170 442.5
1065180 442.5
1065190 442.5
1065200 442.5
1065210 442.5
1065220 442.6
1065230 442.6
1065240 442.6
1065250 442.6
1065260 442.6
1065270 442.6
1065280 442.6
1065290 442.7
1065300 442.7
1065310 442.7
1065320 442.8
1065330 442.8
1065340 442.8
1065350 443.0
1065360 442.9
1065370 442.9
1065380 442.8
1065390 442.8
1065400 442.8
1065410 442.7
1065420 442.9
1065430 442.9
1065440 443.2
1065450 444.0
1065460 444.0
1065470 443.5
1065480 442.9
1065490 442.9
1065500 442.7
1065510 442.7
1065520 442.7
1065530 442.6
1065540 442.6
1065550 442.6
1065560 442.7
1065570 442.8
1065580 442.8
1065590 442.4
1065600 442.3
1065610 442.4
1065620 442.4
1065630 442.4
1065640 442.6
1065650 442.6
1065660 442.7
1065670 442.8
1065680 442.8
1065690 443.1
1065700 443.1
1065710 443.1
1065720 443.0
1065730 443.2
1065740 443.2
1065750 443.4
1065760 443.5
1065770 443.5
1065780 443.6
1065790 443.6
1065800 443.6
1065810 443.5
1065820 443.4
1065830 443.4
1065840 443.7
1065850 446.0
1065860 446.0
1065870 450.4
1065880 452.6
1065890 455.6
1065900 455.6
1065910 460.2
1065920 466.2
1065930 466.2
1065940 471.7
1065950 475.5
1065960 475.5
1065970 475.8
1065980 474.3
1065990 474.3
1066000 472.9
1066010 471.2
1066020 471.2
1066030 469.6
1066040 470.8
1066050 470.8
1066060 473.7
1066070 476.0
1066080 476.0
1066090 476.5
1066100 475.8
1066110 475.8
1066120 476.3
1066130 476.4
1066140 475.1
1066150 475.1
1066160 473.4
1066170 472.7
1066180 472.7
1066190 472.1
1066200 471.6
1066210 471.6
1066220 471.9
1066230 473.2
1066240 473.2
1066250 473.0
1066260 472.9
1066270 472.9
1066280 472.7
1066290 472.7
1066300 472.7
1066310 472.8
1066320 472.9
1066330 472.9
1066340 472.8
1066350 472.8
1066360 472.8
1066370 473.3
1066380 474.0
1066390 474.0
1066400 475.1
1066410 475.9
1066420 476.0
1066430 476.0
1066440 475.9
1066450 476.3
1066460 476.3
1066470 477.5
1066480 477.2
1066490 476.5
1066500 476.0
1066510 475.9
1066520 475.9
1066530 475.9
1066540 476.0
1066550 476.0
1066560 476.2
1066570 476.2
1066580 476.2
1066590 476.1
1066600 475.4
1066610 475.4
1066620 472.6
1066630 472.2
1066640 472.2
1066650 473.3
1066660 473.0
1066670 473.0
1066680 473.0
1066690 472.8
1066700 472.4
1066710 472.4
1066720 472.6
1066730 471.8
1066740 471.8
1066750 470.8
1066760 470.5
1066770 470.5
1066780 470.2
1066790 470.8
1066800 470.8
1066810 471.2
1066820 472.1
1066830 472.1
1066840 472.1
1066850 472.0
1066860 472.0
1066870 472.4
1066880 472.6
1066890 472.6
1066900 472.8
1066910 473.0
1066920 473.0
1066930 473.2
1066940 473.4
1066950 473.4
1066960 473.4
1066970 473.4
1066980 473.4
1066990 473.4
1067000 473.3
1067010 473.4
1067020 473.4
1067030 473.6
1067040 473.7
1067050 473.7
1067060 473.9
1067070 474.4
1067080 474.4
1067090 474.7
1067100 475.5
1067110 475.5
1067120 478.2
1067130 478.9
1067140 478.9
1067150 480.0
1067160 480.7
1067170 480.7
1067180 482.1
1067190 482.9
1067200 489.1
1067210 489.1
1067220 495.5
1067230 499.5
1067240 499.5
1067250 503.3
1067260 506.6
1067270 506.6
1067280 510.1
1067290 513.7
1067300 513.7
1067310 516.8
1067320 519.0
1067330 519.0
1067340 520.7
1067350 522.3
1067360 522.3
1067370 524.0
1067380 525.9
1067390 525.9
1067400 529.2
1067410 529.4
1067420 529.4
1067430 524.9
1067440 523.9
1067450 523.9
1067460 530.3
1067470 537.7
1067480 547.7
1067490 547.7
1067500 551.9
1067510 555.1
1067520 555.1
1067530 557.6
1067540 558.4
1067550 558.4
1067560 558.3
1067570 558.9
1067580 558.9
1067590 560.7
1067600 563.5
1067610 563.5
1067620 566.7
1067630 568.6
1067640 568.6
1067650 570.1
1067660 572.9
1067670 572.9
1067680 575.4
1067690 576.4
1067700 576.4
1067710 577.0
1067720 578.1
1067730 579.5
1067740 579.5
1067750 580.5
1067760 581.4
1067770 581.4
1067780 582.7
1067790 584.1
1067800 584.1
1067810 585.5
1067820 586.0
1067830 586.0
1067840 586.3
1067850 586.8
1067860 586.8
1067870 587.3
1067880 587.3
1067890 587.3
1067900 587.6
1067910 588.0
1067920 588.0
1067930 588.3
1067940 588.9
1067950 588.9
1067960 589.7
1067970 589.7
1067980 589.7
1067990 589.2
1068000 588.8
1068010 588.1
1068020 588.1
1068030 588.8
1068040 587.2
1068050 587.2
1068060 586.1
1068070 585.3
1068080 585.3
1068090 584.6
1068100 583.8
1068110 583.8
1068120 583.1
1068130 582.2
1068140 582.2
1068150 581.6
1068160 581.5
1068170 581.5
1068180 581.4
1068190 580.8
1068200 580.8
1068210 580.1
1068220 579.3
1068230 579.3
1068240 578.1
1068250 577.1
1068260 575.5
1068270 575.5
1068280 574.0
1068290 572.5
1068300 572.5
1068310 571.4
1068320 568.7
1068330 568.7
1068340 567.6
1068350 566.5
1068360 566.5
1068370 565.4
1068380 564.3
1068390 564.3
1068400 563.1
1068410 561.8
1068420 561.8
1068430 560.1
1068440 558.0
1068450 558.0
1068460 556.4
1068470 555.2
1068480 555.2
1068490 554.0
1068500 553.0
1068510 553.0
1068520 552.4
1068530 551.2
1068540 549.5
1068550 549.5
1068560 547.4
1068570 544.6
1068580 544.6
1068590 542.2
1068600 540.5
1068610 540.5
1068620 538.2
1068630 536.9
1068640 536.9
1068650 535.3
1068660 533.2
1068670 533.2
1068680 530.9
1068690 528.1
1068700 528.1
1068710 525.1
1068720 522.2
1068730 522.2
1068740 519.0
1068750 516.8
1068760 516.8
1068770 515.2
1068780 513.1
1068790 510.7
1068800 510.7
1068810 506.7
1068820 502.7
1068830 502.7
1068840 500.9
1068850 498.1
1068860 498.1
1068870 497.3
1068880 497.2
1068890 497.2
1068900 497.5
1068910 498.7
1068920 498.7
1068930 495.4
1068940 492.8
1068950 492.8
1068960 489.6
1068970 485.5
1068980 485.5
1068990 480.8
1069000 479.9
1069010 479.9
1069020 477.9
1069030 476.6
1069040 476.6
1069050 475.3
1069060 473.4
1069070 473.5
1069080 473.5
1069090 470.8
1069100 466.4
1069110 466.4
1069120 461.8
1069130 459.5
1069140 459.5
1069150 459.3
1069160 459.4
1069170 459.4
1069180 461.1
1069190 464.5
1069200 464.5
1069210 464.8
1069220 472.1
1069230 464.6
1069240 470.6
1069250 484.3
1069260 484.3
1069270 491.3
1069280 496.7
1069290 496.7
1069300 499.3
1069310 500.8
1069320 502.0
1069330 502.0
1069340 503.5
1069350 504.7
1069360 504.7
1069370 505.4
1069380 504.6
1069390 504.6
1069400 503.5
1069410 502.9
1069420 502.9
1069430 503.1
1069440 504.3
1069450 504.3
1069460 507.4
1069470 510.7
1069480 510.7
1069490 511.8
1069500 511.9
1069510 511.9
1069520 512.0
1069530 512.8
1069540 508.8
1069550 509.4
1069560 509.6
1069570 509.6
1069580 509.5
1069590 510.0
1069600 511.6
1069610 511.6
1069620 513.6
1069630 514.4
1069640 514.4
1069650 515.2
1069660 511.0
1069670 511.0
1069680 508.1
1069690 510.3
1069700 510.3
1069710 511.1
1069720 511.3
1069730 511.3
1069740 510.6
1069750 509.2
1069760 509.2
1069770 507.6
1069780 505.7
1069790 505.7
1069800 502.8
1069810 500.9
1069820 500.9
1069830 500.1
1069840 499.5
1069850 497.8
1069860 497.8
1069870 498.1
1069880 498.1
1069890 498.1
1069900 497.9
1069910 498.3
1069920 498.3
1069930 499.3
1069940 500.1
1069950 500.1
1069960 501.2
1069970 502.9
1069980 502.9
1069990 504.8
1070000 505.6
1070010 505.6
1070020 505.5
1070030 504.7
1070040 504.7
1070050 504.0
1070060 504.1
1070070 504.1
1070080 503.7
1070090 502.2
1070100 502.2
1070110 501.9
1070120 501.9
1070130 502.0
1070140 502.0
1070150 501.3
1070160 501.5
1070170 501.5
1070180 501.6
1070190 500.8
1070200 500.8
1070210 499.8
1070220 501.5
1070230 501.5
1070240 503.5
1070250 505.6
1070260 505.6
1070270 508.5
1070280 509.4
1070290 509.4
1070300 508.9
1070310 508.5
1070320 508.5
1070330 508.7
1070340 509.1
1070350 509.1
1070360 509.4
1070370 509.9
1070380 510.2
1070390 510.2
1070400 510.3
1070410 508.9
1070420 508.9
1070430 505.1
1070440 501.0
1070450 501.0
1070460 500.1
1070470 499.8
1070480 499.8
1070490 499.6
1070500 499.5
1070510 499.5
1070520 499.0
1070530 499.2
1070540 499.2
1070550 501.7
1070560 506.1
1070570 506.1
1070580 510.9
1070590 515.3
1070600 515.3
1070610 517.2
1070620 517.7
1070630 517.7
1070640 518.1
1070650 518.7
1070660 519.4
1070670 519.4
1070680 520.1
1070690 520.7
1070700 520.7
1070710 521.4
1070720 522.1
1070730 522.1
1070740 522.8
1070750 523.3
1070760 523.3
1070770 522.7
1070780 523.4
1070790 523.4
1070800 524.3
1070810 525.3
1070820 525.3
1070830 526.5
1070840 527.2
1070850 527.2
1070860 527.7
1070870 528.2
1070880 528.2
1070890 528.7
1070900 529.2
1070910 529.5
1070920 529.5
1070930 529.6
1070940 529.5
1070950 529.5
1070960 529.5
1070970 529.5
1070980 529.5
1070990 529.6
1071000 529.6
1071010 529.6
1071020 529.5
1071030 529.6
1071040 529.6
1071050 529.8
1071060 529.8
1071070 529.8
1071080 528.8
1071090 528.8
1071100 528.8
1071110 528.5
1071120 528.4
1071130 528.4
1071140 528.4
1071150 528.7
1071160 528.7
1071170 529.4
1071180 530.5
1071190 531.8
1071200 531.8
1071210 532.7
1071220 533.4
1071230 533.4
1071240 533.6
1071250 533.7
1071260 533.7
1071270 534.0
1071280 534.3
1071290 534.3
1071300 535.2
1071310 536.3
1071320 536.3
1071330 536.9
1071340 537.5
1071350 537.5
1071360 537.6
1071370 536.4
1071380 536.1
1071390 534.1
1071400 531.8
1071410 531.8
1071420 530.3
1071430 529.3
1071440 528.4
1071450 528.4
1071460 527.2
1071470 525.8
1071480 525.8
1071490 524.8
1071500 524.7
1071510 524.7
1071520 524.7
1071530 523.9
1071540 523.9
1071550 522.7
1071560 521.5
1071570 521.5
1071580 520.5
1071590 521.5
1071600 521.5
1071610 522.9
1071620 522.9
1071630 522.9
1071640 521.0
1071650 515.5
1071660 515.5
1071670 510.8
1071680 504.9
1071690 505.4
1071700 499.7
1071710 495.2
1071720 493.1
1071730 493.1
1071740 492.6
1071750 491.7
1071760 491.7
1071770 488.8
1071780 487.6
1071790 487.6
1071800 487.5
1071810 487.3
1071820 487.3
1071830 485.9
1071840 483.7
1071850 483.7
1071860 480.3
1071870 476.4
1071880 476.4
1071890 473.2
1071900 472.2
1071910 472.2
1071920 471.8
1071930 471.7
1071940 471.7
1071950 471.7
1071960 471.5
1071970 471.5
1071980 471.5
1071990 471.4
1072000 471.1
1072010 471.1
1072020 471.1
1072030 471.0
1072040 471.0
1072050 471.0
1072060 471.0
1072070 471.0
1072080 470.9
1072090 471.0
1072100 471.0
1072110 471.0
1072120 471.1
1072130 471.1
1072140 471.2
1072150 471.7
1072160 471.7
1072170 472.3
1072180 472.8
1072190 472.8
1072200 473.8
1072210 475.3
1072220 475.3
1072230 477.1
1072240 478.3
1072250 478.9
1072260 478.9
1072270 480.0
1072280 482.0
1072290 482.0
1072300 483.2
1072310 482.7
1072320 482.7
1072330 484.1
1072340 485.2
1072350 485.2
1072360 486.5
1072370 488.1
1072380 488.1
1072390 488.6
1072400 489.5
1072410 489.5
1072420 491.9
1072430 494.5
1072440 494.5
1072450 497.3
1072460 498.6
1072470 498.6
1072480 501.7
1072490 506.5
1072500 510.7
1072510 510.7
1072520 515.1
1072530 519.7
1072540 519.7
1072550 525.0
1072560 530.3
1072570 530.3
1072580 535.5
1072590 540.7
1072600 540.7
1072610 544.8
1072620 553.3
1072630 553.3
1072640 558.8
1072650 564.7
1072660 564.7
1072670 575.6
1072680 590.7
1072690 590.7
1072700 602.7
1072710 609.0
1072720 609.0
1072730 612.1
1072740 614.4
1072750 614.4
1072760 616.4
1072770 617.0
1072780 615.0
1072790 615.0
1072800 611.4
1072810 608.3
1072820 608.3
1072830 606.3
1072840 607.2
1072850 607.2
1072860 609.3
1072870 611.9
1072880 611.9
1072890 614.1
1072900 616.0
1072910 616.0
1072920 617.7
1072930 617.4
1072940 617.4
1072950 619.9
1072960 621.6
1072970 621.6
1072980 623.3
1072990 625.1
1073000 625.1
1073010 627.3
1073020 628.8
1073030 630.4
1073040 630.4
1073050 631.9
1073060 632.5
1073070 632.5
1073080 632.6
1073090 632.4
1073100 632.4
1073110 632.2
1073120 632.2
1073130 632.2
1073140 632.3
1073150 632.0
1073160 632.0
1073170 631.3
1073180 630.2
1073190 630.2
1073200 628.7
1073210 626.6
1073220 626.6
1073230 624.4
1073240 616.0
1073250 616.0
1073260 613.2
1073270 611.2
1073280 611.2
1073290 609.8
1073300 608.0
1073310 605.2
1073320 605.2
1073330 603.2
1073340 603.1
1073350 603.1
1073360 604.5
1073370 606.2
1073380 606.2
1073390 608.7
1073400 611.2
1073410 611.2
1073420 614.4
1073430 618.1
1073440 618.1
1073450 618.8
1073460 617.9
1073470 617.9
1073480 617.2
1073490 617.0
1073500 617.0
1073510 616.8
1073520 617.5
1073530 617.5
1073540 619.5
1073550 624.5
1073560 628.7
1073570 628.7
1073580 636.0
1073590 642.5
1073600 642.5
1073610 648.1
1073620 650.2
1073630 650.2
1073640 649.9
1073650 649.1
1073660 649.1
1073670 649.5
1073680 650.8
1073690 650.8
1073700 651.2
1073710 650.2
1073720 650.2
1073730 647.7
1073740 646.2
1073750 646.2
1073760 645.2
1073770 644.5
1073780 644.5
1073790 644.1
1073800 643.9
1073810 643.9
1073820 643.8
1073830 643.1
1073840 641.5
1073850 641.5
1073860 636.8
1073870 632.5
1073880 632.5
1073890 628.5
1073900 623.3
1073910 623.3
1073920 618.2
1073930 614.3
1073940 614.3
1073950 612.4
1073960 610.5
1073970 610.5
1073980 608.5
1073990 606.0
1074000 606.0
1074010 604.6
1074020 603.1
1074030 603.1
1074040 600.9
1074050 597.9
1074060 597.9
1074070 595.9
1074080 593.9
1074090 592.3
1074100 592.3
1074110 590.5
1074120 589.2
1074130 589.2
1074140 588.0
1074150 587.1
1074160 587.1
1074170 584.6
1074180 583.6
1074190 583.6
1074200 583.4
1074210 583.3
1074220 583.3
1074230 583.0
1074240 582.6
1074250 582.6
1074260 582.4
1074270 582.8
1074280 582.8
1074290 582.9
1074300 582.7
1074310 582.7
1074320 582.0
1074330 581.3
1074340 582.0
1074350 582.0
1074360 583.3
1074370 584.5
1074380 584.5
1074390 586.0
1074400 587.5
1074410 587.5
1074420 588.0
1074430 587.6
1074440 587.6
1074450 585.5
1074460 582.8
1074470 582.8
1074480 579.1
1074490 577.2
1074500 577.2
1074510 575.8
1074520 574.3
1074530 574.3
1074540 572.5
1074550 571.4
1074560 571.4
1074570 568.8
1074580 563.6
1074590 563.6
1074600 561.0
1074610 559.9
1074620 558.8
1074630 558.8
1074640 557.7
1074650 556.1
1074660 556.1
1074670 554.4
1074680 552.9
1074690 552.9
1074700 551.6
1074710 549.6
1074720 549.6
1074730 547.3
1074740 543.5
1074750 543.5
1074760 539.2
1074770 536.2
1074780 536.2
1074790 532.3
1074800 529.6
1074810 529.6
1074820 527.8
1074830 526.5
1074840 526.5
1074850 525.4
1074860 524.6
1074870 524.6
1074880 524.6
1074890 525.2
1074900 525.9
1074910 525.9
1074920 525.4
1074930 525.1
1074940 525.1
1074950 525.3
1074960 522.2
1074970 522.2
1074980 520.9
1074990 520.2
1075000 520.2
1075010 521.8
1075020 522.7
1075030 522.7
1075040 523.8
1075050 526.3
1075060 526.3
1075070 529.7
1075080 532.5
1075090 532.5
1075100 531.8
1075110 533.9
1075120 533.9
1075130 534.8
1075140 534.9
1075150 535.7
1075160 535.7
1075170 536.3
1075180 536.7
1075190 536.7
1075200 537.8
1075210 539.2
1075220 539.2
1075230 539.7
1075240 540.5
1075250 540.5
1075260 542.2
1075270 543.6
1075280 543.6
1075290 545.4
1075300 545.8
1075310 545.8
1075320 546.9
1075330 548.6
1075340 548.6
1075350 552.6
1075360 557.4
1075370 557.4
1075380 559.7
1075390 560.6
1075400 562.1
1075410 562.2
1075420 565.1
1075430 565.5
1075440 565.5
1075450 565.3
1075460 563.9
1075470 563.9
1075480 562.1
1075490 558.6
1075500 558.6
1075510 555.1
1075520 552.8
1075530 552.8
1075540 550.7
1075550 548.9
1075560 548.9
1075570 546.7
1075580 543.1
1075590 543.1
1075600 539.9
1075610 538.2
1075620 538.2
1075630 537.4
1075640 536.5
1075650 536.5
1075660 533.6
1075670 530.9
1075680 528.9
1075690 528.9
1075700 527.3
1075710 526.9
1075720 525.2
1075730 524.1
1075740 523.8
1075750 523.8
1075760 523.4
1075770 523.1
1075780 523.1
1075790 522.9
1075800 522.8
1075810 522.8
1075820 522.5
1075830 522.4
1075840 522.4
1075850 522.2
1075860 522.5
1075870 522.5
1075880 523.4
1075890 524.5
1075900 524.5
1075910 524.9
1075920 524.0
1075930 523.4
1075940 523.4
1075950 523.0
1075960 522.3
1075970 522.3
1075980 522.4
1075990 523.3
1076000 523.3
1076010 524.5
1076020 526.0
1076030 523.8
1076040 526.3
1076050 528.8
1076060 528.8
1076070 531.6
1076080 534.2
1076090 534.2
1076100 535.6
1076110 537.2
1076120 537.2
1076130 540.1
1076140 544.3
1076150 544.3
1076160 547.9
1076170 548.3
1076180 548.3
1076190 547.7
1076200 547.3
1076210 546.7
1076220 546.7
1076230 546.1
1076240 545.5
1076250 545.5
1076260 544.8
1076270 544.2
1076280 544.2
1076290 543.7
1076300 543.4
1076310 543.4
1076320 543.1
1076330 542.3
1076340 541.7
1076350 541.6
1076360 541.5
1076370 541.5
1076380 541.4
1076390 541.4
1076400 541.4
1076410 541.1
1076420 540.7
1076430 540.7
1076440 540.5
1076450 540.2
1076460 540.1
1076470 540.1
1076480 540.0
1076490 539.9
1076500 539.9
1076510 539.1
1076520 540.4
1076530 540.4
1076540 542.0
1076550 543.7
1076560 543.7
1076570 544.7
1076580 546.5
1076590 546.5
1076600 548.8
1076610 550.2
1076620 550.2
1076630 550.7
1076640 552.7
1076650 551.4
1076660 552.1
1076670 552.8
1076680 552.8
1076690 554.9
1076700 556.8
1076710 556.8
1076720 558.7
1076730 559.8
1076740 560.5
1076750 560.5
1076760 561.1
1076770 561.1
1076780 561.1
1076790 561.0
1076800 560.3
1076810 560.3
1076820 559.2
1076830 557.8
1076840 557.8
1076850 554.9
1076860 552.1
1076870 552.1
1076880 550.0
1076890 549.7
1076900 549.7
1076910 550.3
1076920 550.3
1076930 550.3
1076940 551.7
1076950 552.6
1076960 552.6
1076970 551.3
1076980 551.5
1076990 551.7
1077000 551.7
1077010 552.4
1077020 553.5
1077030 553.5
1077040 554.7
1077050 555.9
1077060 555.9
1077070 557.3
1077080 558.7
1077090 558.7
1077100 560.3
1077110 561.7
1077120 561.7
1077130 565.1
1077140 569.2
1077150 569.2
1077160 573.5
1077170 576.6
1077180 576.6
1077190 579.2
1077200 581.4
1077210 581.4
1077220 583.1
1077230 584.8
1077240 584.8
1077250 587.7
1077260 589.5
1077270 590.5
1077280 589.7
1077290 591.9
1077300 595.7
1077310 595.7
1077320 598.0
1077330 599.8
1077340 599.8
1077350 600.7
1077360 601.6
1077370 601.6
1077380 602.9
1077390 604.3
1077400 604.3
1077410 606.8
1077420 610.1
1077430 610.1
1077440 613.3
1077450 614.9
1077460 614.9
1077470 616.8
1077480 619.6
1077490 619.6
1077500 622.1
1077510 624.1
1077520 626.5
1077530 626.5
1077540 628.3
1077550 629.4
1077560 629.4
1077570 630.1
1077580 631.8
1077590 630.8
1077600 635.3
1077610 638.0
1077620 638.0
1077630 639.9
1077640 641.3
1077650 641.3
1077660 642.6
1077670 644.1
1077680 644.1
1077690 646.0
1077700 647.1
1077710 647.1
1077720 647.9
1077730 649.2
1077740 649.2
1077750 651.6
1077760 652.5
1077770 652.5
1077780 653.1
1077790 656.6
1077800 658.6
1077810 658.6
1077820 661.2
1077830 664.0
1077840 664.0
1077850 666.2
1077860 669.8
1077870 669.8
1077880 673.0
1077890 675.5
1077900 674.2
1077910 676.6
1077920 677.8
1077930 677.8
1077940 679.9
1077950 681.5
1077960 681.5
1077970 684.8
1077980 689.1
1077990 689.1
1078000 694.8
1078010 702.4
1078020 702.4
1078030 711.6
1078040 718.5
1078050 721.6
1078060 721.6
1078070 721.8
1078080 722.9
1078090 722.9
1078100 726.0
1078110 730.0
1078120 730.0
1078130 732.7
1078140 736.1
1078150 736.1
1078160 738.0
1078170 738.5
1078180 738.5
1078190 741.0
1078200 742.1
1078210 742.1
1078220 743.3
1078230 744.7
1078240 744.7
1078250 745.5
1078260 746.5
1078270 746.5
1078280 748.3
1078290 750.6
1078300 753.5
1078310 753.5
1078320 756.5
1078330 759.1
1078340 759.1
1078350 760.1
1078360 761.2
1078370 761.2
1078380 763.5
1078390 765.2
1078400 765.2
1078410 766.7
1078420 767.2
1078430 767.2
1078440 768.7
1078450 771.7
1078460 771.7
1078470 773.5
1078480 774.4
1078490 774.4
1078500 774.8
1078510 775.4
1078520 775.4
1078530 775.0
1078540 775.5
1078550 775.5
1078560 775.8
1078570 777.4
1078580 780.1
1078590 780.1
1078600 782.5
1078610 785.1
1078620 785.1
1078630 787.8
1078640 790.5
1078650 790.5
1078660 792.4
1078670 794.2
1078680 794.2
1078690 795.5
1078700 796.7
1078710 796.7
1078720 799.0
1078730 800.2
1078740 800.2
1078750 801.5
1078760 804.5
1078770 804.5
1078780 807.2
1078790 808.6
1078800 808.6
1078810 810.8
1078820 815.7
1078830 823.1
1078840 818.5
1078850 826.8
1078860 834.0
1078870 834.0
1078880 836.3
1078890 836.8
1078900 836.8
1078910 837.3
1078920 838.3
1078930 838.3
1078940 839.9
1078950 843.5
1078960 843.5
1078970 845.6
1078980 844.3
1078990 844.3
1079000 842.9
1079010 843.4
1079020 843.4
1079030 843.6
1079040 843.8
1079050 843.8
1079060 843.9
1079070 843.3
1079080 843.3
1079090 842.3
1079100 841.8
1079110 841.7
1079120 841.7
1079130 841.6
1079140 841.6
1079150 841.6
1079160 834.4
1079170 833.0
1079180 833.0
1079190 831.8
1079200 833.1
1079210 833.1
1079220 836.7
1079230 839.7
1079240 839.7
1079250 842.1
1079260 845.1
1079270 845.1
1079280 849.0
1079290 850.7
1079300 850.7
1079310 850.2
1079320 848.7
1079330 848.7
1079340 847.5
1079350 847.6
1079360 850.2
1079370 850.2
1079380 852.9
1079390 854.1
1079400 854.1
1079410 855.3
1079420 857.7
1079430 857.7
1079440 861.0
1079450 864.0
1079460 864.0
1079470 864.2
1079480 867.3
1079490 867.3
1079500 869.6
1079510 872.8
1079520 872.8
1079530 876.9
1079540 882.0
1079550 882.0
1079560 885.9
1079570 890.0
1079580 890.0
1079590 893.1
1079600 897.0
1079610 897.0
1079620 901.4
1079630 905.6
1079640 909.8
1079650 909.8
1079660 912.5
1079670 915.0
1079680 915.0
1079690 917.2
1079700 919.5
1079710 919.5
1079720 922.5
1079730 926.0
1079740 926.0
1079750 930.0
1079760 934.4
1079770 934.4
1079780 931.6
1079790 932.4
1079800 932.4
1079810 932.8
1079820 934.6
1079830 934.6
1079840 937.4
1079850 941.2
1079860 941.2
1079870 945.3
1079880 948.3
1079890 951.6
1079900 951.6
1079910 954.6
1079920 957.3
1079930 957.3
1079940 959.5
1079950 959.9
1079960 959.9
1079970 959.6
1079980 959.6
1079990 959.6
