1063170 549.0
1063180 549.0
1063190 549.8
1063200 549.6
1063210 549.6
1063220 549.2
1063230 549.0
1063240 549.0
1063250 549.0
1063260 549.2
1063270 549.2
1063280 548.9
1063290 545.5
1063300 545.5
1063310 539.0
1063320 532.5
1063330 532.5
1063340 527.1
1063350 523.0
1063360 523.0
1063370 520.5
1063380 519.0
1063390 519.0
1063400 516.9
1063410 514.5
1063420 512.3
1063430 512.3
1063440 508.3
1063450 506.1
1063460 506.1
1063470 505.1
1063480 503.8
1063490 503.8
1063500 501.5
1063510 499.7
1063520 499.7
1063530 497.7
1063540 496.2
1063550 496.2
1063560 495.3
1063570 494.8
1063580 494.8
1063590 494.0
1063600 490.1
1063610 490.1
1063620 483.5
1063630 479.5
1063640 479.5
1063650 476.2
1063660 473.8
1063670 473.8
1063680 473.0
1063690 472.9
1063700 472.3
1063710 472.3
1063720 471.7
1063730 471.5
1063740 471.1
1063750 471.2
1063760 471.5
1063770 471.5
1063780 472.1
1063790 473.4
1063800 473.4
1063810 474.6
1063820 475.7
1063830 475.7
1063840 476.5
1063850 476.5
1063860 476.5
1063870 476.5
1063880 476.3
1063890 476.3
1063900 475.8
1063910 475.3
1063920 475.3
1063930 473.6
1063940 472.3
1063950 471.9
1063960 471.9
1063970 471.1
1063980 469.9
1063990 469.9
1064000 468.8
1064010 466.1
1064020 466.1
1064030 463.6
1064040 460.9
1064050 458.5
1064060 455.5
1064070 452.6
1064080 452.6
1064090 449.7
1064100 448.0
1064110 448.0
1064120 445.8
1064130 443.4
1064140 443.4
1064150 442.9
1064160 442.4
1064170 442.4
1064180 442.8
1064190 442.9
1064200 442.9
1064210 442.8
1064220 442.9
1064230 443.5
1064240 443.5
1064250 443.8
1064260 442.9
1064270 442.9
1064280 442.6
1064290 442.3
1064300 442.3
1064310 442.3
1064320 442.4
1064330 442.4
1064340 442.2
1064350 442.1
1064360 442.1
1064370 442.1
1064380 442.2
1064390 442.2
1064400 442.2
1064410 442.2
1064420 442.2
1064430 442.2
1064440 442.2
1064450 442.2
1064460 442.1
1064470 441.9
1064480 441.9
1064490 441.9
1064500 442.4
1064510 442.2
1064520 442.2
1064530 442.5
1064540 442.6
1064550 442.6
1064560 442.5
1064570 442.4
1064580 442.4
1064590 442.4
1064600 442.3
1064610 442.3
1064620 442.2
1064630 442.1
1064640 442.1
1064650 442.1
1064660 442.0
1064670 442.0
1064680 442.0
1064690 442.0
1064700 442.0
1064710 442.0
1064720 442.0
1064730 442.0
1064740 442.0
1064750 441.9
1064760 442.0
1064770 442.0
1064780 442.1
1064790 441.9
1064800 441.9
1064810 441.9
1064820 441.9
1064830 441.9
1064840 441.9
1064850 441.9
1064860 441.9
1064870 441.8
1064880 441.7
1064890 441.7
1064900 441.7
1064910 441.7
1064920 441.7
1064930 441.7
1064940 441.7
1064950 441.6
1064960 441.6
1064970 441.7
1064980 441.7
1064990 441.6
1065000 441.6
1065010 441.8
1065020 441.8
1065030 441.9
1065040 441.7
1065050 441.7
1065060 441.7
1065070 441.8
1065080 441.8
1065090 441.9
1065100 442.1
1065110 442.1
1065120 442.1
1065130 442.0
1065140 442.0
1065150 442.1
1065160 442.1
1065170 442.1
1065180 442.2
1065190 442.1
1065200 442.1
1065210 442.0
1065220 442.0
1065230 442.0
1065240 442.1
1065250 442.1
1065260 442.1
1065270 442.3
1065280 442.5
1065290 443.0
1065300 443.0
1065310 443.1
1065320 442.7
1065330 442.7
1065340 442.7
1065350 442.9
1065360 442.9
1065370 443.5
1065380 444.2
1065390 444.2
1065400 444.2
1065410 444.8
1065420 444.8
1065430 444.9
1065440 445.0
1065450 445.0
1065460 445.5
1065470 446.2
1065480 446.2
1065490 446.9
1065500 447.4
1065510 447.4
1065520 448.3
1065530 449.0
1065540 448.7
1065550 448.7
1065560 448.8
1065570 449.6
1065580 449.6
1065590 450.5
1065600 451.4
1065610 451.4
1065620 451.9
1065630 452.0
1065640 452.0
1065650 451.8
1065660 451.7
1065670 451.7
1065680 451.5
1065690 451.1
1065700 451.1
1065710 450.8
1065720 450.5
1065730 450.5
1065740 450.3
1065750 450.1
1065760 450.1
1065770 449.9
1065780 449.8
1065790 449.8
1065800 449.6
1065810 448.9
1065820 448.6
1065830 448.6
1065840 448.6
1065850 449.1
1065860 449.2
1065870 449.3
1065880 449.2
1065890 449.2
1065900 449.9
1065910 450.6
1065920 450.6
1065930 450.8
1065940 450.8
1065950 450.8
1065960 451.7
1065970 451.8
1065980 451.8
1065990 451.7
1066000 451.8
1066010 451.8
1066020 451.6
1066030 451.3
1066040 451.3
1066050 451.6
1066060 450.8
1066070 449.3
1066080 449.3
1066090 449.3
1066100 449.9
1066110 449.9
1066120 451.0
1066130 452.4
1066140 452.4
1066150 455.1
1066160 458.0
1066170 461.0
1066180 463.0
1066190 464.5
1066200 464.5
1066210 463.3
1066220 461.6
1066230 461.6
1066240 461.7
1066250 461.6
1066260 461.6
1066270 461.0
1066280 460.5
1066290 460.5
1066300 460.5
1066310 460.6
1066320 460.5
1066330 460.5
1066340 460.6
1066350 460.2
1066360 460.2
1066370 460.4
1066380 461.1
1066390 461.1
1066400 461.6
1066410 462.4
1066420 462.4
1066430 462.8
1066440 463.0
1066450 463.0
1066460 464.6
1066470 467.0
1066480 467.0
1066490 468.4
1066500 470.5
1066510 470.5
1066520 472.8
1066530 474.6
1066540 474.6
1066550 475.6
1066560 477.0
1066570 477.0
1066580 477.9
1066590 478.5
1066600 479.0
1066610 479.0
1066620 479.7
1066630 480.5
1066640 480.5
1066650 481.5
1066660 482.4
1066670 482.4
1066680 483.7
1066690 484.7
1066700 484.7
1066710 486.0
1066720 487.9
1066730 487.9
1066740 490.2
1066750 490.3
1066760 490.3
1066770 490.3
1066780 491.2
1066790 491.2
1066800 492.3
1066810 493.7
1066820 493.7
1066830 496.5
1066840 500.3
1066850 503.8
1066860 503.8
1066870 507.0
1066880 510.2
1066890 510.2
1066900 513.7
1066910 516.7
1066920 516.7
1066930 520.1
1066940 522.1
1066950 522.1
1066960 526.0
1066970 530.6
1066980 530.6
1066990 534.7
1067000 537.5
1067010 537.5
1067020 540.2
1067030 543.3
1067040 543.3
1067050 544.7
1067060 546.2
1067070 546.2
1067080 548.7
1067090 549.8
1067100 549.8
1067110 550.7
1067120 550.9
1067130 551.4
1067140 551.4
1067150 551.9
1067160 552.1
1067170 552.1
1067180 553.7
1067190 554.2
1067200 554.2
1067210 554.1
1067220 553.4
1067230 553.4
1067240 551.6
1067250 550.3
1067260 550.3
1067270 549.3
1067280 548.1
1067290 548.1
1067300 547.0
1067310 546.1
1067320 546.1
1067330 545.3
1067340 544.8
1067350 544.8
1067360 544.5
1067370 544.9
1067380 545.7
1067390 544.0
1067400 544.8
1067410 545.0
1067420 545.0
1067430 545.3
1067440 545.6
1067450 545.6
1067460 545.2
1067470 545.1
1067480 545.1
1067490 544.7
1067500 544.5
1067510 544.5
1067520 544.4
1067530 544.5
1067540 544.5
1067550 545.5
1067560 545.8
1067570 545.8
1067580 545.8
1067590 548.0
1067600 548.0
1067610 549.9
1067620 550.6
1067630 550.6
1067640 551.8
1067650 553.1
1067660 554.3
1067670 554.3
1067680 554.8
1067690 556.0
1067700 556.0
1067710 555.6
1067720 554.8
1067730 554.8
1067740 553.6
1067750 553.2
1067760 553.2
1067770 553.8
1067780 554.9
1067790 554.9
1067800 555.6
1067810 555.4
1067820 555.4
1067830 554.5
1067840 554.2
1067850 554.2
1067860 553.9
1067870 553.8
1067880 553.8
1067890 553.7
1067900 552.8
1067910 552.3
1067920 552.3
1067930 552.3
1067940 552.3
1067950 552.3
1067960 551.2
1067970 549.6
1067980 549.6
1067990 548.3
1068000 547.5
1068010 547.5
1068020 545.5
1068030 545.0
1068040 545.0
1068050 544.9
1068060 544.7
1068070 544.7
1068080 544.5
1068090 544.3
1068100 544.3
1068110 544.1
1068120 544.0
1068130 544.0
1068140 544.2
1068150 545.0
1068160 545.0
1068170 546.8
1068180 547.8
1068190 547.8
1068200 547.8
1068210 547.5
1068220 547.4
1068230 547.4
1068240 547.3
1068250 547.2
1068260 547.2
1068270 547.1
1068280 547.6
1068290 547.6
1068300 550.2
1068310 553.8
1068320 553.8
1068330 557.6
1068340 560.9
1068350 560.9
1068360 563.9
1068370 566.2
1068380 566.2
1068390 567.3
1068400 567.9
1068410 567.9
1068420 568.7
1068430 569.8
1068440 570.1
1068450 570.1
1068460 568.6
1068470 567.3
1068480 567.3
1068490 565.4
1068500 563.4
1068510 563.4
1068520 560.9
1068530 557.5
1068540 557.5
1068550 553.7
1068560 551.8
1068570 551.8
1068580 548.9
1068590 545.4
1068600 545.4
1068610 542.4
1068620 539.6
1068630 539.6
1068640 536.9
1068650 534.4
1068660 534.4
1068670 531.3
1068680 527.1
1068690 527.1
1068700 522.6
1068710 517.6
1068720 512.7
1068730 512.7
1068740 507.9
1068750 504.7
1068760 504.7
1068770 502.2
1068780 501.1
1068790 501.1
1068800 500.4
1068810 499.2
1068820 499.2
1068830 497.6
1068840 496.6
1068850 496.6
1068860 495.4
1068870 494.2
1068880 494.2
1068890 492.5
1068900 490.1
1068910 489.8
1068920 488.9
1068930 488.0
1068940 488.0
1068950 488.0
1068960 486.4
1068970 482.8
1068980 482.8
1068990 479.9
1069000 478.2
1069010 478.2
1069020 476.6
1069030 475.6
1069040 475.6
1069050 474.6
1069060 474.0
1069070 474.0
1069080 473.3
1069090 472.7
1069100 472.7
1069110 472.5
1069120 471.4
1069130 471.4
1069140 470.5
1069150 468.3
1069160 468.3
1069170 467.3
1069180 466.4
1069190 466.4
1069200 466.2
1069210 466.0
1069220 466.3
1069230 466.0
1069240 464.9
1069250 463.6
1069260 463.6
1069270 464.2
1069280 464.2
1069290 464.2
1069300 463.4
1069310 463.3
1069320 463.3
1069330 463.9
1069340 462.9
1069350 462.9
1069360 463.0
1069370 463.3
1069380 463.3
1069390 463.2
1069400 462.9
1069410 462.9
1069420 463.0
1069430 463.2
1069440 463.2
1069450 463.3
1069460 463.4
1069470 463.4
1069480 463.5
1069490 463.4
1069500 463.4
1069510 463.4
1069520 463.5
1069530 464.4
1069540 464.4
1069550 464.9
1069560 462.7
1069570 462.7
1069580 462.1
1069590 462.2
1069600 462.2
1069610 462.2
1069620 462.2
1069630 462.2
1069640 462.3
1069650 462.3
1069660 462.3
1069670 462.3
1069680 462.4
1069690 462.4
1069700 462.3
1069710 462.4
1069720 462.4
1069730 462.4
1069740 462.4
1069750 462.4
1069760 462.4
1069770 462.5
1069780 462.5
1069790 462.5
1069800 462.6
1069810 462.6
1069820 462.6
1069830 462.7
1069840 462.7
1069850 462.7
1069860 462.7
1069870 462.8
1069880 462.8
1069890 462.9
1069900 463.1
1069910 463.1
1069920 463.2
1069930 463.3
1069940 463.3
1069950 463.6
1069960 463.9
1069970 463.9
1069980 464.3
1069990 464.6
1070000 464.6
1070010 465.5
1070020 466.8
1070030 468.7
1070040 468.7
1070050 470.5
1070060 472.3
1070070 472.3
1070080 473.9
1070090 474.3
1070100 474.3
1070110 474.1
1070120 474.2
1070130 474.2
1070140 474.6
1070150 473.9
1070160 473.9
1070170 472.9
1070180 471.4
1070190 471.4
1070200 470.0
1070210 468.5
1070220 468.5
1070230 466.8
1070240 465.6
1070250 465.6
1070260 464.6
1070270 464.0
1070280 463.8
1070290 463.8
1070300 463.8
1070310 463.9
1070320 463.9
1070330 463.9
1070340 464.0
1070350 464.0
1070360 464.0
1070370 463.9
1070380 463.9
1070390 464.0
1070400 464.1
1070410 464.1
1070420 464.2
1070430 464.2
1070440 464.2
1070450 464.4
1070460 464.3
1070470 464.3
1070480 464.3
1070490 464.4
1070500 464.4
1070510 464.4
1070520 464.4
1070530 464.4
1070540 464.4
1070550 464.4
1070560 464.5
1070570 464.5
1070580 464.9
1070590 465.4
1070600 465.4
1070610 465.4
1070620 465.5
1070630 465.5
1070640 465.6
1070650 465.7
1070660 465.7
1070670 465.8
1070680 466.0
1070690 466.0
1070700 466.2
1070710 466.1
1070720 466.1
1070730 466.3
1070740 466.4
1070750 466.4
1070760 466.1
1070770 465.8
1070780 465.8
1070790 465.7
1070800 465.8
1070810 466.1
1070820 466.1
1070830 466.0
1070840 467.9
1070850 467.9
1070860 468.2
1070870 468.4
1070880 468.4
1070890 466.2
1070900 465.8
1070910 465.8
1070920 466.2
1070930 465.9
1070940 465.9
1070950 466.5
1070960 468.1
1070970 468.1
1070980 468.1
1070990 468.0
1071000 468.0
1071010 468.1
1071020 468.5
1071030 468.5
1071040 467.6
1071050 465.8
1071060 468.5
1071070 467.3
1071080 465.7
1071090 464.6
1071100 464.6
1071110 464.2
1071120 464.0
1071130 464.0
1071140 464.0
1071150 464.1
1071160 464.1
1071170 464.2
1071180 464.3
1071190 464.3
1071200 464.7
1071210 465.2
1071220 465.2
1071230 466.3
1071240 467.1
1071250 467.1
1071260 468.3
1071270 468.3
1071280 468.3
1071290 467.9
1071300 467.9
1071310 467.9
1071320 468.3
1071330 469.6
1071340 470.9
1071350 470.9
1071360 471.6
1071370 470.9
1071380 470.9
1071390 471.6
1071400 472.3
1071410 472.3
1071420 474.0
1071430 477.3
1071440 477.3
1071450 480.3
1071460 484.3
1071470 484.3
1071480 485.3
1071490 485.1
1071500 485.1
1071510 484.8
1071520 484.7
1071530 484.7
1071540 484.4
1071550 484.1
1071560 484.1
1071570 484.0
1071580 484.4
1071590 484.4
1071600 486.1
1071610 488.5
1071620 490.8
1071630 490.8
1071640 493.7
1071650 496.9
1071660 496.9
1071670 499.4
1071680 494.6
1071690 494.6
1071700 494.4
1071710 492.0
1071720 492.0
1071730 490.1
1071740 489.7
1071750 489.7
1071760 489.6
1071770 489.5
1071780 489.5
1071790 489.0
1071800 486.9
1071810 486.9
1071820 485.0
1071830 484.3
1071840 484.3
1071850 484.5
1071860 484.7
1071870 484.6
1071880 484.6
1071890 484.1
1071900 481.9
1071910 481.9
1071920 478.3
1071930 476.5
1071940 476.5
1071950 476.0
1071960 475.9
1071970 475.9
1071980 475.3
1071990 471.6
1072000 471.6
1072010 471.4
1072020 470.1
1072030 470.1
1072040 468.7
1072050 468.8
1072060 468.8
1072070 469.6
1072080 469.9
1072090 469.9
1072100 469.7
1072110 469.8
1072120 469.9
1072130 469.9
1072140 469.7
1072150 469.6
1072160 469.6
1072170 469.6
1072180 469.6
1072190 469.6
1072200 469.5
1072210 469.5
1072220 469.5
1072230 469.6
1072240 469.7
1072250 469.7
1072260 469.8
1072270 469.9
1072280 469.9
1072290 470.1
1072300 470.0
1072310 470.0
1072320 469.9
1072330 469.7
1072340 469.7
1072350 469.8
1072360 469.8
1072370 469.8
1072380 471.7
1072390 473.0
1072400 471.4
1072410 471.4
1072420 470.3
1072430 470.1
1072440 470.1
1072450 470.2
1072460 470.2
1072470 470.2
1072480 470.2
1072490 470.3
1072500 470.3
1072510 470.4
1072520 470.5
1072530 470.5
1072540 470.5
1072550 470.4
1072560 470.4
1072570 470.3
1072580 470.3
1072590 470.3
1072600 470.5
1072610 470.4
1072620 470.4
1072630 470.8
1072640 471.3
1072650 472.1
1072660 472.1
1072670 472.6
1072680 472.8
1072690 472.8
1072700 473.0
1072710 473.3
1072720 473.3
1072730 473.5
1072740 473.6
1072750 473.6
1072760 473.8
1072770 474.0
1072780 474.0
1072790 474.1
1072800 474.1
1072810 474.1
1072820 474.1
1072830 473.9
1072840 473.9
1072850 473.8
1072860 473.7
1072870 473.7
1072880 473.5
1072890 473.4
1072900 473.4
1072910 469.9
1072920 469.7
1072930 469.6
1072940 469.6
1072950 469.7
1072960 470.0
1072970 470.0
1072980 470.3
1072990 470.7
1073000 470.7
1073010 471.4
1073020 472.4
1073030 472.4
1073040 473.9
1073050 477.3
1073060 477.3
1073070 480.0
1073080 480.1
1073090 480.1
1073100 478.8
1073110 479.8
1073120 479.8
1073130 480.4
1073140 477.6
1073150 477.6
1073160 475.1
1073170 475.8
1073180 477.6
1073190 477.6
1073200 479.1
1073210 481.8
1073220 476.1
1073230 479.0
1073240 481.3
1073250 481.3
1073260 483.1
1073270 486.5
1073280 486.5
1073290 487.8
1073300 491.5
1073310 491.5
1073320 497.0
1073330 499.2
1073340 499.2
1073350 502.1
1073360 503.2
1073370 503.2
1073380 505.3
1073390 510.3
1073400 510.3
1073410 512.9
1073420 514.1
1073430 514.1
1073440 514.4
1073450 514.3
1073460 514.4
1073470 514.4
1073480 514.7
1073490 515.2
1073500 515.2
1073510 515.7
1073520 516.0
1073530 513.9
1073540 513.9
1073550 514.3
1073560 514.3
1073570 515.0
1073580 515.8
1073590 515.8
1073600 516.7
1073610 518.1
1073620 518.1
1073630 519.6
1073640 521.4
1073650 521.4
1073660 523.3
1073670 524.8
1073680 524.8
1073690 525.9
1073700 527.1
1073710 528.0
1073720 528.0
1073730 528.6
1073740 529.2
1073750 529.2
1073760 529.6
1073770 529.4
1073780 529.4
1073790 527.8
1073800 524.9
1073810 524.9
1073820 521.7
1073830 518.5
1073840 513.6
1073850 509.6
1073860 505.9
1073870 505.9
1073880 502.4
1073890 499.2
1073900 499.2
1073910 496.6
1073920 494.9
1073930 494.9
1073940 493.8
1073950 492.7
1073960 492.7
1073970 491.6
1073980 490.6
1073990 490.1
1074000 490.1
1074010 489.9
1074020 489.7
1074030 489.7
1074040 489.5
1074050 489.5
1074060 489.5
1074070 489.3
1074080 489.1
1074090 489.1
1074100 488.9
1074110 488.6
1074120 488.6
1074130 488.3
1074140 487.9
1074150 487.1
1074160 486.7
1074170 487.0
1074180 487.0
1074190 487.1
1074200 487.2
1074210 487.2
1074220 487.8
1074230 487.8
1074240 487.0
1074250 487.0
1074260 485.6
1074270 484.6
1074280 484.6
1074290 484.2
1074300 483.9
1074310 483.9
1074320 483.0
1074330 481.8
1074340 481.8
1074350 480.5
1074360 479.3
1074370 479.3
1074380 478.3
1074390 477.5
1074400 477.5
1074410 476.8
1074420 476.2
1074430 476.2
1074440 475.5
1074450 475.0
1074460 475.1
1074470 475.0
1074480 474.8
1074490 474.4
1074500 474.4
1074510 473.8
1074520 473.9
1074530 473.9
1074540 473.9
1074550 473.9
1074560 473.9
1074570 473.9
1074580 473.9
1074590 473.9
1074600 473.9
1074610 473.9
1074620 473.9
1074630 473.9
1074640 474.0
1074650 474.0
1074660 474.0
1074670 474.1
1074680 474.1
1074690 474.0
1074700 474.0
1074710 474.0
1074720 474.0
1074730 474.1
1074740 474.1
1074750 474.1
1074760 474.0
1074770 474.1
1074780 474.1
1074790 474.1
1074800 474.2
1074810 474.2
1074820 474.6
1074830 474.2
1074840 474.2
1074850 474.4
1074860 474.2
1074870 474.2
1074880 474.2
1074890 474.2
1074900 474.2
1074910 474.2
1074920 474.3
1074930 474.3
1074940 474.3
1074950 474.3
1074960 474.3
1074970 474.4
1074980 474.4
1074990 474.4
1075000 474.5
1075010 474.5
1075020 474.5
1075030 474.5
1075040 474.6
1075050 474.6
1075060 474.6
1075070 474.6
1075080 474.8
1075090 474.8
1075100 474.8
1075110 474.9
1075120 474.9
1075130 475.0
1075140 475.3
1075150 475.3
1075160 475.2
1075170 475.3
1075180 475.3
1075190 475.3
1075200 475.4
1075210 475.4
1075220 475.4
1075230 475.5
1075240 475.5
1075250 475.5
1075260 475.6
1075270 475.6
1075280 475.6
1075290 475.7
1075300 475.8
1075310 475.8
1075320 476.0
1075330 476.9
1075340 476.9
1075350 477.2
1075360 478.2
1075370 478.2
1075380 478.0
1075390 478.2
1075400 478.2
1075410 477.8
1075420 477.7
1075430 477.7
1075440 476.8
1075450 477.0
1075460 477.0
1075470 477.6
1075480 478.0
1075490 478.0
1075500 478.4
1075510 479.1
1075520 479.1
1075530 478.9
1075540 478.6
1075550 478.5
1075560 478.5
1075570 478.4
1075580 477.8
1075590 477.8
1075600 477.8
1075610 477.9
1075620 477.9
1075630 478.0
1075640 478.1
1075650 478.1
1075660 478.1
1075670 478.2
1075680 478.2
1075690 478.3
1075700 478.6
1075710 478.6
1075720 478.8
1075730 478.9
1075740 478.9
1075750 479.0
1075760 479.0
1075770 479.0
1075780 479.2
1075790 479.8
1075800 479.8
1075810 480.7
1075820 482.3
1075830 482.4
1075840 482.4
1075850 482.3
1075860 482.5
1075870 482.5
1075880 483.2
1075890 483.5
1075900 483.5
1075910 485.1
1075920 485.8
1075930 485.8
1075940 485.3
1075950 485.4
1075960 485.4
1075970 485.9
1075980 486.8
1075990 486.8
1076000 487.0
1076010 487.3
1076020 487.3
1076030 487.9
1076040 488.2
1076050 488.2
1076060 488.5
1076070 489.0
1076080 489.4
1076090 489.4
1076100 489.8
1076110 490.2
1076120 490.2
1076130 491.1
1076140 491.8
1076150 491.8
1076160 492.7
1076170 493.4
1076180 493.4
1076190 493.7
1076200 494.0
1076210 494.0
1076220 494.5
1076230 494.9
1076240 494.9
1076250 495.4
1076260 495.7
1076270 495.7
1076280 496.1
1076290 497.0
1076300 497.0
1076310 497.7
1076320 498.3
1076330 498.7
1076340 498.7
1076350 498.8
1076360 498.6
1076370 498.6
1076380 498.5
1076390 498.5
1076400 498.5
1076410 498.7
1076420 499.1
1076430 499.1
1076440 499.3
1076450 499.3
1076460 499.3
1076470 499.6
1076480 499.6
1076490 499.6
1076500 499.5
1076510 499.6
1076520 499.6
1076530 499.6
1076540 499.5
1076550 499.5
1076560 500.0
1076570 500.4
1076580 500.4
1076590 500.5
1076600 500.6
1076610 500.8
1076620 500.8
1076630 501.5
1076640 501.2
1076650 501.2
1076660 501.8
1076670 501.9
1076680 501.9
1076690 501.8
1076700 501.9
1076710 501.9
1076720 502.3
1076730 502.9
1076740 502.9
1076750 502.9
1076760 503.2
1076770 503.2
1076780 504.0
1076790 504.1
1076800 504.1
1076810 504.4
1076820 504.3
1076830 504.3
1076840 504.3
1076850 504.5
1076860 505.2
1076870 505.2
1076880 506.0
1076890 506.1
1076900 506.1
1076910 506.4
1076920 506.8
1076930 506.8
1076940 506.8
1076950 506.1
1076960 506.1
1076970 506.6
1076980 507.2
1076990 507.2
1077000 507.7
1077010 509.0
1077020 509.0
1077030 510.2
1077040 510.7
1077050 510.7
1077060 511.0
1077070 511.3
1077080 511.3
1077090 511.0
1077100 511.0
1077110 511.0
1077120 510.9
1077130 510.8
1077140 510.4
1077150 510.4
1077160 510.5
1077170 510.8
1077180 510.8
1077190 511.2
1077200 511.6
1077210 511.6
1077220 511.9
1077230 512.2
1077240 512.2
1077250 512.4
1077260 512.6
1077270 512.6
1077280 512.8
1077290 513.1
1077300 513.1
1077310 513.7
1077320 513.3
1077330 513.3
1077340 513.4
1077350 513.9
1077360 513.9
1077370 514.4
1077380 515.7
1077390 517.0
1077400 517.0
1077410 518.2
1077420 519.3
1077430 519.3
1077440 521.7
1077450 526.8
1077460 526.8
1077470 530.8
1077480 534.4
1077490 534.4
1077500 538.0
1077510 541.5
1077520 541.5
1077530 544.7
1077540 547.0
1077550 547.0
1077560 548.3
1077570 548.6
1077580 548.6
1077590 549.9
1077600 550.9
1077610 550.9
1077620 551.8
1077630 552.5
1077640 553.4
1077650 553.4
1077660 555.0
1077670 557.6
1077680 557.6
1077690 560.1
1077700 562.4
1077710 562.4
1077720 565.6
1077730 568.6
1077740 568.6
1077750 570.6
1077760 572.1
1077770 572.1
1077780 573.6
1077790 575.0
1077800 575.0
1077810 576.8
1077820 577.9
1077830 577.9
1077840 579.7
1077850 582.9
1077860 582.9
1077870 586.6
1077880 588.0
1077890 584.4
1077900 586.8
1077910 588.6
1077920 590.0
1077930 590.0
1077940 591.7
1077950 592.9
1077960 592.9
1077970 593.3
1077980 595.4
1077990 595.4
1078000 597.7
1078010 599.4
1078020 599.4
1078030 602.3
1078040 604.3
1078050 604.3
1078060 605.6
1078070 606.6
1078080 606.6
1078090 606.6
1078100 605.6
1078110 605.6
1078120 604.7
1078130 603.8
1078140 603.8
1078150 603.1
1078160 603.1
1078170 603.2
1078180 603.2
1078190 603.6
1078200 600.6
1078210 600.6
1078220 601.5
1078230 601.1
1078240 601.1
1078250 599.7
1078260 599.1
1078270 599.1
1078280 600.0
1078290 601.3
1078300 601.3
1078310 603.6
1078320 606.5
1078330 606.5
1078340 608.8
1078350 610.5
1078360 610.5
1078370 611.6
1078380 612.2
1078390 612.2
1078400 612.7
1078410 613.8
1078420 613.8
1078430 615.0
1078440 615.1
1078450 614.3
1078460 614.3
1078470 613.1
1078480 613.5
1078490 613.5
1078500 613.6
1078510 605.6
1078520 605.6
1078530 607.8
1078540 612.9
1078550 612.9
1078560 617.8
1078570 621.0
1078580 621.0
1078590 621.7
1078600 622.3
1078610 622.3
1078620 624.5
1078630 626.6
1078640 626.6
1078650 629.1
1078660 631.9
1078670 631.9
1078680 635.3
1078690 638.9
1078700 640.6
1078710 640.6
1078720 641.9
1078730 644.2
1078740 644.2
1078750 646.8
1078760 649.3
1078770 649.3
1078780 651.2
1078790 651.8
1078800 651.8
1078810 651.8
1078820 651.3
1078830 654.9
1078840 655.2
1078850 654.7
1078860 654.7
1078870 653.0
1078880 651.5
1078890 651.5
1078900 651.9
1078910 651.6
1078920 651.6
1078930 649.8
1078940 650.1
1078950 650.1
1078960 654.3
1078970 657.5
1078980 661.2
1078990 661.2
1079000 664.7
1079010 666.7
1079020 666.7
1079030 667.3
1079040 666.5
1079050 666.5
1079060 665.9
1079070 665.1
1079080 665.1
1079090 664.7
1079100 665.5
1079110 665.5
1079120 667.4
1079130 668.7
1079140 670.3
1079150 670.7
1079160 671.7
1079170 671.7
1079180 672.7
1079190 673.2
1079200 673.2
1079210 668.9
1079220 661.1
1079230 656.0
1079240 656.0
1079250 651.9
1079260 646.1
1079270 646.1
1079280 641.7
1079290 640.1
1079300 640.1
1079310 640.1
1079320 639.9
1079330 639.9
1079340 640.1
1079350 643.4
1079360 643.4
1079370 648.8
1079380 655.1
1079390 655.1
1079400 661.8
1079410 668.5
1079420 668.5
1079430 675.1
1079440 682.1
1079450 680.0
1079460 688.5
1079470 696.0
1079480 698.7
1079490 698.7
1079500 700.6
1079510 703.2
1079520 703.2
1079530 703.7
1079540 702.0
1079550 702.0
1079560 701.1
1079570 701.4
1079580 701.4
1079590 700.0
1079600 698.8
1079610 698.8
1079620 697.8
1079630 697.6
1079640 697.6
1079650 698.2
1079660 699.2
1079670 699.2
1079680 699.5
1079690 702.7
1079700 702.7
1079710 707.1
1079720 710.1
1079730 710.1
1079740 712.2
1079750 713.3
1079760 715.0
1079770 713.4
1079780 715.3
1079790 719.2
1079800 719.2
1079810 724.6
1079820 730.8
1079830 730.8
1079840 736.7
1079850 739.7
1079860 739.7
1079870 742.0
1079880 744.3
1079890 744.3
1079900 747.6
1079910 752.3
1079920 752.3
1079930 755.3
1079940 755.7
1079950 755.7
1079960 755.5
1079970 755.2
1079980 755.2
1079990 755.2
