1063500 618.9
1063510 617.5
1063520 617.5
1063530 607.3
1063540 603.5
1063550 603.5
1063560 602.5
1063570 601.7
1063580 601.7
1063590 600.9
1063600 599.8
1063610 599.8
1063620 598.7
1063630 597.2
1063640 597.2
1063650 595.3
1063660 593.4
1063670 593.4
1063680 591.7
1063690 590.0
1063700 588.0
1063710 588.0
1063720 586.1
1063730 584.3
1063740 584.3
1063750 580.9
1063760 576.8
1063770 576.8
1063780 572.5
1063790 568.4
1063800 568.4
1063810 563.3
1063820 556.1
1063830 556.1
1063840 542.7
1063850 535.6
1063860 535.6
1063870 529.3
1063880 523.6
1063890 523.6
1063900 519.0
1063910 515.3
1063920 515.3
1063930 511.4
1063940 507.5
1063950 504.1
1063960 504.1
1063970 501.0
1063980 498.2
1063990 498.2
1064000 495.3
1064010 493.0
1064020 493.0
1064030 491.4
1064040 489.7
1064050 489.7
1064060 488.3
1064070 487.2
1064080 487.2
1064090 485.9
1064100 484.7
1064110 484.7
1064120 482.7
1064130 481.2
1064140 480.6
1064150 479.5
1064160 478.2
1064170 478.2
1064180 475.1
1064190 470.8
1064200 470.8
1064210 467.3
1064220 464.9
1064230 463.2
1064240 463.2
1064250 461.9
1064260 459.4
1064270 459.4
1064280 455.8
1064290 452.5
1064300 452.5
1064310 450.2
1064320 449.1
1064330 449.1
1064340 448.3
1064350 447.5
1064360 447.5
1064370 447.0
1064380 446.3
1064390 446.3
1064400 445.4
1064410 444.5
1064420 444.5
1064430 443.9
1064440 443.3
1064450 443.3
1064460 443.1
1064470 443.2
1064480 442.9
1064490 442.9
1064500 442.7
1064510 442.7
1064520 442.7
1064530 442.7
1064540 443.0
1064550 443.0
1064560 443.2
1064570 443.1
1064580 443.1
1064590 442.7
1064600 442.5
1064610 442.5
1064620 442.6
1064630 442.5
1064640 442.5
1064650 442.4
1064660 442.4
1064670 442.4
1064680 442.5
1064690 442.5
1064700 442.5
1064710 442.4
1064720 442.4
1064730 442.4
1064740 442.5
1064750 442.5
1064760 442.5
1064770 442.5
1064780 442.5
1064790 442.5
1064800 442.5
1064810 442.5
1064820 442.5
1064830 442.5
1064840 442.6
1064850 442.7
1064860 442.7
1064870 442.6
1064880 442.4
1064890 442.4
1064900 442.4
1064910 442.4
1064920 442.4
1064930 442.3
1064940 442.2
1064950 442.2
1064960 442.2
1064970 442.2
1064980 442.2
1064990 442.2
1065000 442.2
1065010 442.2
1065020 442.2
1065030 442.2
1065040 442.1
1065050 442.1
1065060 442.1
1065070 442.1
1065080 442.1
1065090 442.2
1065100 442.3
1065110 442.3
1065120 442.3
1065130 442.4
1065140 442.4
1065150 442.4
1065160 442.6
1065170 442.6
1065180 442.7
1065190 442.6
1065200 442.6
1065210 442.7
1065220 442.8
1065230 442.8
1065240 442.7
1065250 442.7
1065260 442.7
1065270 442.8
1065280 442.7
1065290 442.7
1065300 442.7
1065310 442.8
1065320 442.7
1065330 442.7
1065340 442.6
1065350 442.8
1065360 442.8
1065370 442.9
1065380 442.9
1065390 442.9
1065400 443.7
1065410 444.8
1065420 444.8
1065430 444.0
1065440 443.2
1065450 443.2
1065460 443.1
1065470 443.1
1065480 443.1
1065490 443.2
1065500 443.1
1065510 443.1
1065520 443.0
1065530 442.6
1065540 442.1
1065550 442.1
1065560 442.1
1065570 442.1
1065580 442.1
1065590 442.2
1065600 442.4
1065610 442.4
1065620 442.5
1065630 442.5
1065640 442.5
1065650 442.7
1065660 442.8
1065670 442.8
1065680 442.8
1065690 443.2
1065700 443.2
1065710 443.3
1065720 443.4
1065730 443.4
1065740 443.5
1065750 443.5
1065760 443.5
1065770 443.4
1065780 443.4
1065790 443.3
1065800 443.3
1065810 444.1
1065820 446.2
1065830 446.2
1065840 450.1
1065850 452.2
1065860 452.2
1065870 452.8
1065880 453.0
1065890 453.0
1065900 462.0
1065910 476.6
1065920 476.6
1065930 478.9
1065940 479.3
1065950 479.3
1065960 480.2
1065970 480.8
1065980 480.8
1065990 477.9
1066000 474.6
1066010 474.6
1066020 469.8
1066030 469.5
1066040 469.5
1066050 472.5
1066060 472.5
1066070 472.3
1066080 472.3
1066090 471.6
1066100 470.7
1066110 470.7
1066120 470.6
1066130 470.8
1066140 470.8
1066150 471.1
1066160 471.7
1066170 471.7
1066180 472.2
1066190 471.3
1066200 471.3
1066210 470.1
1066220 469.8
1066230 469.8
1066240 469.7
1066250 469.7
1066260 469.2
1066270 469.4
1066280 469.3
1066290 469.3
1066300 469.2
1066310 469.4
1066320 470.7
1066330 470.7
1066340 472.3
1066350 472.6
1066360 472.6
1066370 472.7
1066380 472.6
1066390 472.6
1066400 472.6
1066410 472.6
1066420 472.6
1066430 472.3
1066440 472.6
1066450 472.6
1066460 472.7
1066470 472.9
1066480 472.9
1066490 473.5
1066500 474.1
1066510 474.1
1066520 474.0
1066530 473.9
1066540 473.9
1066550 473.8
1066560 473.3
1066570 472.7
1066580 472.7
1066590 472.8
1066600 471.7
1066610 471.7
1066620 471.1
1066630 471.2
1066640 471.2
1066650 471.1
1066660 470.8
1066670 470.8
1066680 470.6
1066690 470.4
1066700 470.4
1066710 470.0
1066720 469.7
1066730 469.7
1066740 469.6
1066750 469.5
1066760 469.5
1066770 469.5
1066780 470.5
1066790 470.5
1066800 471.5
1066810 471.7
1066820 471.7
1066830 471.9
1066840 472.0
1066850 472.3
1066860 472.3
1066870 472.4
1066880 472.2
1066890 472.2
1066900 472.7
1066910 473.4
1066920 473.4
1066930 473.8
1066940 474.1
1066950 474.1
1066960 474.2
1066970 474.5
1066980 474.5
1066990 474.6
1067000 474.6
1067010 474.6
1067020 474.7
1067030 474.9
1067040 474.9
1067050 475.0
1067060 476.0
1067070 476.0
1067080 477.4
1067090 478.5
1067100 478.5
1067110 480.3
1067120 481.1
1067130 481.4
1067140 481.4
1067150 483.0
1067160 485.8
1067170 485.8
1067180 493.9
1067190 498.4
1067200 498.4
1067210 503.9
1067220 508.7
1067230 508.7
1067240 512.2
1067250 515.1
1067260 515.1
1067270 518.4
1067280 522.3
1067290 522.3
1067300 526.8
1067310 530.9
1067320 530.9
1067330 535.0
1067340 538.0
1067350 538.0
1067360 539.4
1067370 540.7
1067380 540.7
1067390 540.7
1067400 538.8
1067410 534.5
1067420 534.5
1067430 529.7
1067440 533.3
1067450 533.3
1067460 541.7
1067470 549.1
1067480 550.8
1067490 556.0
1067500 559.4
1067510 559.4
1067520 559.6
1067530 559.4
1067540 559.4
1067550 560.0
1067560 562.2
1067570 562.2
1067580 564.6
1067590 566.5
1067600 566.5
1067610 567.8
1067620 569.8
1067630 569.8
1067640 571.2
1067650 572.2
1067660 573.2
1067670 573.2
1067680 574.5
1067690 575.6
1067700 575.6
1067710 576.4
1067720 576.9
1067730 576.9
1067740 577.4
1067750 577.6
1067760 577.6
1067770 578.0
1067780 578.0
1067790 576.3
1067800 576.4
1067810 576.8
1067820 576.8
1067830 576.8
1067840 577.4
1067850 577.4
1067860 578.2
1067870 578.8
1067880 578.8
1067890 579.3
1067900 580.1
1067910 580.4
1067920 580.4
1067930 580.8
1067940 581.5
1067950 581.5
1067960 582.2
1067970 582.8
1067980 582.8
1067990 583.3
1068000 583.8
1068010 583.8
1068020 584.3
1068030 583.9
1068040 583.9
1068050 583.1
1068060 582.3
1068070 582.3
1068080 580.4
1068090 577.4
1068100 577.4
1068110 577.4
1068120 577.5
1068130 577.5
1068140 577.1
1068150 575.6
1068160 575.6
1068170 574.9
1068180 574.6
1068190 573.9
1068200 573.9
1068210 572.3
1068220 570.4
1068230 570.4
1068240 568.9
1068250 567.6
1068260 567.6
1068270 566.1
1068280 564.7
1068290 564.7
1068300 563.4
1068310 562.2
1068320 562.2
1068330 561.1
1068340 560.3
1068350 560.3
1068360 559.7
1068370 559.7
1068380 559.7
1068390 559.9
1068400 559.0
1068410 559.0
1068420 555.3
1068430 551.6
1068440 550.0
1068450 550.0
1068460 548.6
1068470 547.4
1068480 547.4
1068490 545.9
1068500 544.4
1068510 544.4
1068520 543.1
1068530 541.8
1068540 541.8
1068550 540.6
1068560 539.3
1068570 539.3
1068580 538.1
1068590 536.9
1068600 536.9
1068610 536.0
1068620 535.0
1068630 535.0
1068640 534.4
1068650 534.2
1068660 534.2
1068670 533.7
1068680 532.6
1068690 532.6
1068700 530.4
1068710 527.9
1068720 526.7
1068730 526.7
1068740 525.6
1068750 524.1
1068760 524.1
1068770 520.9
1068780 517.3
1068790 517.3
1068800 515.2
1068810 514.1
1068820 514.1
1068830 512.9
1068840 511.8
1068850 511.8
1068860 507.6
1068870 503.0
1068880 503.0
1068890 500.2
1068900 499.8
1068910 499.8
1068920 498.7
1068930 496.1
1068940 496.1
1068950 492.6
1068960 484.0
1068970 480.2
1068980 480.2
1068990 480.2
1069000 480.2
1069010 480.4
1069020 480.2
1069030 480.2
1069040 480.2
1069050 480.1
1069060 479.5
1069070 479.5
1069080 478.8
1069090 475.2
1069100 475.2
1069110 472.2
1069120 472.4
1069130 472.4
1069140 471.0
1069150 467.4
1069160 467.4
1069170 462.3
1069180 459.4
1069190 459.4
1069200 459.3
1069210 459.4
1069220 459.4
1069230 459.7
1069240 461.9
1069250 464.2
1069260 464.2
1069270 465.2
1069280 466.0
1069290 466.0
1069300 473.9
1069310 473.5
1069320 473.5
1069330 475.5
1069340 476.2
1069350 476.2
1069360 483.6
1069370 492.3
1069380 492.3
1069390 494.2
1069400 494.7
1069410 494.7
1069420 494.7
1069430 494.7
1069440 494.7
1069450 494.9
1069460 496.1
1069470 496.1
1069480 498.4
1069490 498.9
1069500 498.8
1069510 498.8
1069520 498.6
1069530 498.8
1069540 498.8
1069550 499.5
1069560 501.0
1069570 501.0
1069580 501.0
1069590 500.7
1069600 500.7
1069610 500.6
1069620 499.5
1069630 499.5
1069640 499.5
1069650 499.2
1069660 499.2
1069670 497.8
1069680 496.0
1069690 496.0
1069700 495.0
1069710 495.3
1069720 495.3
1069730 496.0
1069740 497.3
1069750 497.3
1069760 497.6
1069770 497.0
1069780 495.4
1069790 495.4
1069800 493.5
1069810 491.1
1069820 491.1
1069830 489.5
1069840 488.8
1069850 488.8
1069860 489.4
1069870 490.1
1069880 490.1
1069890 490.8
1069900 491.3
1069910 491.3
1069920 491.8
1069930 490.0
1069940 490.0
1069950 489.9
1069960 490.5
1069970 490.5
1069980 491.4
1069990 492.8
1070000 492.8
1070010 494.1
1070020 495.7
1070030 496.7
1070040 496.7
1070050 497.3
1070060 497.0
1070070 497.0
1070080 496.5
1070090 495.9
1070100 495.9
1070110 495.2
1070120 494.2
1070130 494.2
1070140 492.8
1070150 490.5
1070160 490.5
1070170 488.3
1070180 491.1
1070190 491.1
1070200 493.6
1070210 494.8
1070220 494.8
1070230 491.1
1070240 492.0
1070250 492.0
1070260 492.9
1070270 493.8
1070280 493.8
1070290 494.4
1070300 495.3
1070310 496.2
1070320 496.2
1070330 497.3
1070340 498.2
1070350 498.2
1070360 499.3
1070370 500.5
1070380 500.5
1070390 501.1
1070400 501.4
1070410 501.4
1070420 502.1
1070430 502.7
1070440 502.7
1070450 503.2
1070460 503.0
1070470 503.0
1070480 501.4
1070490 499.2
1070500 499.2
1070510 498.8
1070520 498.6
1070530 498.6
1070540 498.2
1070550 497.9
1070560 497.8
1070570 497.8
1070580 497.4
1070590 496.9
1070600 496.9
1070610 496.6
1070620 496.9
1070630 496.9
1070640 499.3
1070650 505.6
1070660 505.6
1070670 510.1
1070680 513.6
1070690 513.6
1070700 515.2
1070710 516.2
1070720 516.2
1070730 516.7
1070740 516.8
1070750 516.8
1070760 516.9
1070770 517.1
1070780 517.1
1070790 517.7
1070800 518.3
1070810 518.3
1070820 518.9
1070830 519.4
1070840 520.1
1070850 518.1
1070860 518.8
1070870 519.8
1070880 519.8
1070890 521.2
1070900 522.7
1070910 522.7
1070920 523.7
1070930 524.1
1070940 524.1
1070950 524.2
1070960 524.5
1070970 524.5
1070980 525.0
1070990 525.5
1071000 525.5
1071010 525.9
1071020 526.2
1071030 526.2
1071040 526.5
1071050 526.8
1071060 526.8
1071070 527.0
1071080 526.5
1071090 525.9
1071100 525.9
1071110 525.5
1071120 525.0
1071130 525.0
1071140 524.7
1071150 524.5
1071160 523.1
1071170 523.2
1071180 523.8
1071190 523.8
1071200 524.7
1071210 525.8
1071220 525.8
1071230 526.9
1071240 527.6
1071250 527.6
1071260 528.0
1071270 528.3
1071280 528.3
1071290 528.7
1071300 529.0
1071310 529.0
1071320 529.2
1071330 528.1
1071340 528.1
1071350 526.8
1071360 526.8
1071370 526.1
1071380 526.1
1071390 524.0
1071400 523.4
1071410 523.4
1071420 523.2
1071430 522.8
1071440 522.8
1071450 520.7
1071460 519.0
1071470 519.0
1071480 518.9
1071490 519.2
1071500 519.2
1071510 518.4
1071520 517.6
1071530 517.6
1071540 517.7
1071550 517.7
1071560 517.7
1071570 517.8
1071580 519.5
1071590 519.5
1071600 519.6
1071610 518.2
1071620 514.2
1071630 514.2
1071640 510.9
1071650 508.8
1071660 508.8
1071670 505.0
1071680 501.5
1071690 501.5
1071700 500.2
1071710 495.5
1071720 495.5
1071730 491.2
1071740 490.6
1071750 490.6
1071760 490.1
1071770 490.4
1071780 490.4
1071790 490.7
1071800 491.3
1071810 491.3
1071820 491.6
1071830 491.1
1071840 491.1
1071850 490.0
1071860 488.1
1071870 488.1
1071880 484.8
1071890 478.6
1071900 472.5
1071910 472.5
1071920 470.7
1071930 470.5
1071940 470.5
1071950 470.4
1071960 470.4
1071970 470.4
1071980 470.3
1071990 470.3
1072000 470.3
1072010 470.3
1072020 470.3
1072030 470.3
1072040 470.3
1072050 470.3
1072060 470.3
1072070 470.3
1072080 470.1
1072090 470.1
1072100 470.2
1072110 470.3
1072120 470.3
1072130 470.4
1072140 470.6
1072150 470.8
1072160 470.8
1072170 471.2
1072180 471.4
1072190 471.4
1072200 472.1
1072210 472.7
1072220 472.7
1072230 473.3
1072240 473.9
1072250 473.9
1072260 474.8
1072270 475.9
1072280 475.9
1072290 476.9
1072300 477.7
1072310 477.7
1072320 479.0
1072330 480.5
1072340 480.5
1072350 482.0
1072360 483.5
1072370 483.5
1072380 484.7
1072390 485.2
1072400 485.2
1072410 486.6
1072420 489.1
1072430 492.2
1072440 492.2
1072450 494.9
1072460 499.5
1072470 499.5
1072480 502.6
1072490 506.0
1072500 506.0
1072510 511.2
1072520 514.8
1072530 514.8
1072540 519.3
1072550 526.5
1072560 526.5
1072570 534.7
1072580 544.6
1072590 544.6
1072600 553.0
1072610 573.0
1072620 573.0
1072630 586.5
1072640 589.6
1072650 589.6
1072660 592.3
1072670 594.7
1072680 596.8
1072690 596.8
1072700 596.7
1072710 598.5
1072720 598.5
1072730 600.7
1072740 602.7
1072750 602.7
1072760 604.5
1072770 605.9
1072780 605.9
1072790 607.0
1072800 607.7
1072810 607.7
1072820 607.8
1072830 607.5
1072840 607.5
1072850 607.6
1072860 607.9
1072870 607.9
1072880 608.4
1072890 609.0
1072900 609.0
1072910 609.6
1072920 610.2
1072930 610.2
1072940 611.3
1072950 612.3
1072960 613.3
1072970 613.3
1072980 614.3
1072990 615.3
1073000 615.3
1073010 613.6
1073020 614.4
1073030 614.4
1073040 615.5
1073050 616.6
1073060 616.6
1073070 617.0
1073080 616.6
1073090 616.6
1073100 615.4
1073110 614.4
1073120 614.4
1073130 613.8
1073140 613.5
1073150 613.5
1073160 612.6
1073170 611.3
1073180 611.3
1073190 608.6
1073200 605.3
1073210 602.1
1073220 602.1
1073230 598.9
1073240 594.8
1073250 594.8
1073260 592.7
1073270 592.0
1073280 592.0
1073290 591.5
1073300 591.4
1073310 591.4
1073320 589.6
1073330 591.3
1073340 591.3
1073350 593.5
1073360 596.2
1073370 596.2
1073380 600.2
1073390 604.8
1073400 604.8
1073410 608.5
1073420 608.9
1073430 608.9
1073440 607.9
1073450 607.6
1073460 607.6
1073470 607.8
1073480 609.7
1073490 613.3
1073500 613.3
1073510 617.2
1073520 621.2
1073530 621.2
1073540 626.2
1073550 632.7
1073560 632.7
1073570 638.0
1073580 643.0
1073590 643.0
1073600 645.0
1073610 644.9
1073620 644.9
1073630 643.1
1073640 642.6
1073650 642.6
1073660 641.7
1073670 640.6
1073680 640.6
1073690 640.3
1073700 639.6
1073710 639.6
1073720 638.9
1073730 638.2
1073740 637.0
1073750 637.0
1073760 636.0
1073770 635.1
1073780 635.1
1073790 634.2
1073800 633.4
1073810 633.4
1073820 631.2
1073830 627.6
1073840 627.6
1073850 623.4
1073860 617.9
1073870 617.9
1073880 611.5
1073890 608.7
1073900 608.7
1073910 606.2
1073920 604.0
1073930 604.0
1073940 600.1
1073950 598.6
1073960 598.6
1073970 597.1
1073980 595.9
1073990 595.9
1074000 594.9
1074010 594.1
1074020 593.4
1074030 593.4
1074040 591.9
1074050 590.7
1074060 590.7
1074070 589.1
1074080 587.2
1074090 587.2
1074100 585.5
1074110 584.0
1074120 584.0
1074130 582.3
1074140 580.2
1074150 580.2
1074160 578.7
1074170 577.1
1074180 577.1
1074190 575.9
1074200 574.8
1074210 574.8
1074220 574.1
1074230 573.8
1074240 573.8
1074250 571.6
1074260 571.5
1074270 571.2
1074280 571.2
1074290 570.9
1074300 570.5
1074310 570.5
1074320 569.6
1074330 568.4
1074340 568.4
1074350 567.4
1074360 566.8
1074370 566.8
1074380 566.0
1074390 565.5
1074400 565.5
1074410 565.7
1074420 566.3
1074430 566.3
1074440 567.3
1074450 568.1
1074460 568.1
1074470 568.6
1074480 568.3
1074490 568.3
1074500 567.6
1074510 566.6
1074520 565.0
1074530 565.0
1074540 563.0
1074550 560.8
1074560 558.2
1074570 556.7
1074580 554.9
1074590 554.9
1074600 553.5
1074610 552.0
1074620 552.0
1074630 550.6
1074640 549.2
1074650 549.2
1074660 548.1
1074670 547.1
1074680 547.1
1074690 546.1
1074700 544.8
1074710 544.8
1074720 543.3
1074730 541.8
1074740 541.8
1074750 539.4
1074760 536.7
1074770 536.7
1074780 532.7
1074790 528.1
1074800 524.2
1074810 524.2
1074820 521.5
1074830 520.1
1074840 520.1
1074850 518.9
1074860 517.7
1074870 516.5
1074880 515.4
1074890 514.9
1074900 514.9
1074910 514.6
1074920 514.6
1074930 514.6
1074940 515.2
1074950 516.3
1074960 516.3
1074970 516.3
1074980 515.3
1074990 515.3
1075000 515.1
1075010 515.3
1075020 515.3
1075030 515.0
1075040 514.6
1075050 514.5
1075060 514.5
1075070 515.1
1075080 515.9
1075090 515.9
1075100 517.0
1075110 518.2
1075120 518.2
1075130 519.4
1075140 520.7
1075150 520.7
1075160 521.7
1075170 521.9
1075180 518.6
1075190 519.5
1075200 520.7
1075210 520.7
1075220 521.9
1075230 523.1
1075240 523.1
1075250 523.8
1075260 523.8
1075270 523.8
1075280 526.8
1075290 533.2
1075300 533.2
1075310 536.5
1075320 540.0
1075330 542.6
1075340 542.6
1075350 547.0
1075360 550.3
1075370 550.3
1075380 553.2
1075390 555.9
1075400 555.9
1075410 557.2
1075420 556.7
1075430 556.7
1075440 555.3
1075450 553.2
1075460 553.2
1075470 549.8
1075480 546.5
1075490 542.8
1075500 541.3
1075510 538.4
1075520 538.4
1075530 534.8
1075540 533.2
1075550 533.2
1075560 531.4
1075570 528.5
1075580 525.0
1075590 525.0
1075600 522.3
1075610 520.6
1075620 520.6
1075630 519.9
1075640 519.0
1075650 519.0
1075660 517.1
1075670 515.8
1075680 515.8
1075690 515.0
1075700 514.0
1075710 514.0
1075720 513.5
1075730 514.2
1075740 514.2
1075750 515.0
1075760 515.0
1075770 515.0
1075780 515.3
1075790 515.7
1075800 513.1
1075810 512.9
1075820 513.7
1075830 513.7
1075840 514.1
1075850 514.7
1075860 516.2
1075870 516.2
1075880 517.0
1075890 517.6
1075900 517.6
1075910 517.7
1075920 517.4
1075930 517.4
1075940 517.0
1075950 516.6
1075960 516.6
1075970 515.9
1075980 515.5
1075990 515.5
1076000 515.0
1076010 515.1
1076020 515.1
1076030 515.7
1076040 517.4
1076050 517.4
1076060 519.7
1076070 522.0
1076080 522.0
1076090 523.3
1076100 524.8
1076110 524.2
1076120 524.2
1076130 527.1
1076140 529.8
1076150 529.8
1076160 533.0
1076170 535.7
1076180 535.7
1076190 537.2
1076200 537.9
1076210 537.9
1076220 537.9
1076230 537.6
1076240 537.6
1076250 537.9
1076260 539.2
1076270 539.2
1076280 539.1
1076290 539.2
1076300 539.2
1076310 539.7
1076320 539.7
1076330 539.7
1076340 539.8
1076350 539.9
1076360 539.9
1076370 539.9
1076380 539.5
1076390 539.0
1076400 539.0
1076410 538.8
1076420 538.3
1076430 538.3
1076440 538.0
1076450 537.8
1076460 537.8
1076470 537.7
1076480 537.5
1076490 537.5
1076500 535.2
1076510 536.7
1076520 536.7
1076530 537.1
1076540 537.6
1076550 537.6
1076560 539.0
1076570 540.1
1076580 540.1
1076590 540.3
1076600 540.8
1076610 540.8
1076620 541.4
1076630 541.7
1076640 542.1
1076650 542.1
1076660 542.7
1076670 543.9
1076680 543.9
1076690 544.8
1076700 545.4
1076710 545.4
1076720 547.7
1076730 542.4
1076740 542.4
1076750 542.8
1076760 543.1
1076770 543.1
1076780 544.5
1076790 545.9
1076800 545.9
1076810 547.8
1076820 550.0
1076830 550.0
1076840 550.5
1076850 550.6
1076860 550.6
1076870 549.2
1076880 544.0
1076890 544.0
1076900 544.2
1076910 544.7
1076920 545.4
1076930 545.4
1076940 545.8
1076950 546.4
1076960 546.4
1076970 546.9
1076980 547.5
1076990 547.5
1077000 548.3
1077010 549.3
1077020 549.3
1077030 550.4
1077040 551.7
1077050 555.0
1077060 555.3
1077070 555.7
1077080 555.7
1077090 556.7
1077100 557.5
1077110 557.5
1077120 558.1
1077130 559.9
1077140 559.9
1077150 562.2
1077160 565.9
1077170 570.1
1077180 570.1
1077190 574.8
1077200 578.6
1077210 578.6
1077220 579.6
1077230 584.8
1077240 584.8
1077250 588.2
1077260 590.1
1077270 590.1
1077280 592.3
1077290 594.7
1077300 594.7
1077310 595.5
1077320 596.6
1077330 596.6
1077340 597.3
1077350 597.6
1077360 597.1
1077370 597.0
1077380 596.8
1077390 596.8
1077400 597.0
1077410 597.4
1077420 598.1
1077430 598.1
1077440 599.2
1077450 600.2
1077460 600.2
1077470 601.8
1077480 604.1
1077490 604.1
1077500 607.1
1077510 610.1
1077520 610.1
1077530 612.7
1077540 614.6
1077550 614.6
1077560 616.1
1077570 618.4
1077580 618.4
1077590 621.3
1077600 624.2
1077610 624.2
1077620 626.8
1077630 629.8
1077640 629.8
1077650 632.2
1077660 634.7
1077670 631.8
1077680 634.4
1077690 635.3
1077700 635.7
1077710 635.7
1077720 636.3
1077730 637.0
1077740 637.0
1077750 638.6
1077760 640.6
1077770 640.6
1077780 642.3
1077790 645.1
1077800 645.1
1077810 648.4
1077820 651.5
1077830 651.5
1077840 654.3
1077850 656.3
1077860 656.3
1077870 658.7
1077880 661.4
1077890 661.4
1077900 664.8
1077910 667.7
1077920 667.7
1077930 669.2
1077940 669.9
1077950 671.0
1077960 671.0
1077970 674.3
1077980 677.0
1077990 677.0
1078000 679.6
1078010 682.6
1078020 682.6
1078030 686.2
1078040 689.6
1078050 689.6
1078060 694.3
1078070 699.4
1078080 699.4
1078090 704.0
1078100 707.4
1078110 707.4
1078120 711.1
1078130 715.7
1078140 715.7
1078150 719.3
1078160 722.9
1078170 722.9
1078180 726.0
1078190 729.1
1078200 729.1
1078210 733.0
1078220 735.4
1078230 737.2
1078240 737.2
1078250 738.4
1078260 740.0
1078270 740.0
1078280 742.2
1078290 744.0
1078300 741.8
1078310 743.5
1078320 744.8
1078330 744.8
1078340 746.4
1078350 748.4
1078360 748.4
1078370 749.4
1078380 751.0
1078390 751.0
1078400 753.4
1078410 755.5
1078420 755.5
1078430 757.4
1078440 759.4
1078450 759.4
1078460 761.2
1078470 762.9
1078480 764.2
1078490 764.2
1078500 765.5
1078510 767.2
1078520 767.2
1078530 768.5
1078540 769.4
1078550 769.4
1078560 770.4
1078570 771.8
1078580 771.8
1078590 774.2
1078600 776.8
1078610 775.3
1078620 778.2
1078630 781.1
1078640 781.1
1078650 784.2
1078660 786.7
1078670 786.7
1078680 789.2
1078690 791.2
1078700 791.2
1078710 792.3
1078720 792.5
1078730 792.5
1078740 792.0
1078750 791.3
1078760 790.5
1078770 790.5
1078780 789.6
1078790 788.5
1078800 788.5
1078810 787.9
1078820 790.6
1078830 790.6
1078840 795.0
1078850 800.4
1078860 800.4
1078870 805.9
1078880 810.9
1078890 810.9
1078900 815.0
1078910 820.3
1078920 814.2
1078930 819.4
1078940 822.5
1078950 822.5
1078960 823.2
1078970 822.6
1078980 822.6
1078990 822.3
1079000 823.1
1079010 827.2
1079020 827.2
1079030 831.4
1079040 830.8
1079050 830.8
1079060 827.9
1079070 826.5
1079080 826.5
1079090 825.2
1079100 824.1
1079110 824.1
1079120 823.6
1079130 823.7
1079140 823.7
1079150 823.2
1079160 821.2
1079170 821.2
1079180 819.2
1079190 817.8
1079200 817.8
1079210 817.2
1079220 817.1
1079230 817.1
1079240 810.4
1079250 810.3
1079260 810.3
1079270 811.6
1079280 811.9
1079290 809.8
1079300 809.8
1079310 809.5
1079320 813.4
1079330 813.4
1079340 820.3
1079350 830.0
1079360 830.0
1079370 833.7
1079380 835.8
1079390 835.8
1079400 837.2
1079410 838.8
1079420 838.8
1079430 842.1
1079440 845.8
1079450 845.8
1079460 848.4
1079470 850.4
1079480 850.4
1079490 854.1
1079500 859.8
1079510 859.8
1079520 866.9
1079530 873.7
1079540 877.0
1079550 875.3
1079560 878.6
1079570 880.1
1079580 880.1
1079590 880.6
1079600 881.6
1079610 881.6
1079620 882.0
1079630 882.6
1079640 882.6
1079650 884.5
1079660 887.7
1079670 887.7
1079680 892.1
1079690 894.7
1079700 894.7
1079710 896.0
1079720 896.9
1079730 896.9
1079740 898.2
1079750 900.5
1079760 900.5
1079770 903.8
1079780 907.0
1079790 907.0
1079800 910.4
1079810 911.7
1079820 912.2
1079830 912.2
1079840 913.3
1079850 915.1
1079860 915.1
1079870 911.2
1079880 913.9
1079890 913.9
1079900 917.2
1079910 919.5
1079920 919.5
1079930 919.9
1079940 919.8
1079950 919.8
1079960 919.8
1079970 921.0
1079980 921.0
1079990 923.2
