1064030 679.6
1064040 677.1
1064050 677.1
1064060 673.6
1064070 673.0
1064080 673.0
1064090 673.2
1064100 673.3
1064110 673.3
1064120 673.4
1064130 673.3
1064140 673.3
1064150 672.6
1064160 672.1
1064170 672.1
1064180 673.6
1064190 674.4
1064200 673.6
1064210 673.6
1064220 672.6
1064230 671.1
1064240 671.1
1064250 671.8
1064260 672.0
1064270 672.0
1064280 671.8
1064290 671.7
1064300 671.7
1064310 671.9
1064320 670.6
1064330 670.6
1064340 669.0
1064350 668.3
1064360 668.3
1064370 669.0
1064380 668.9
1064390 668.9
1064400 667.2
1064410 664.9
1064420 664.9
1064430 630.1
1064440 619.9
1064450 613.7
1064460 613.7
1064470 607.5
1064480 601.5
1064490 601.5
1064500 595.5
1064510 590.0
1064520 590.0
1064530 580.2
1064540 575.4
1064550 575.4
1064560 570.5
1064570 565.2
1064580 565.2
1064590 559.5
1064600 554.2
1064610 554.2
1064620 549.3
1064630 545.7
1064640 545.7
1064650 542.9
1064660 543.3
1064670 543.3
1064680 545.2
1064690 546.4
1064700 546.4
1064710 546.3
1064720 545.1
1064730 543.2
1064740 543.2
1064750 541.3
1064760 539.5
1064770 539.5
1064780 537.0
1064790 535.1
1064800 535.1
1064810 533.2
1064820 528.2
1064830 527.3
1064840 525.4
1064850 524.4
1064860 524.4
1064870 522.9
1064880 520.7
1064890 520.7
1064900 519.6
1064910 519.0
1064920 519.0
1064930 515.2
1064940 511.3
1064950 511.3
1064960 509.1
1064970 509.3
1064980 507.9
1064990 507.9
1065000 506.5
1065010 501.7
1065020 501.7
1065030 497.8
1065040 493.1
1065050 493.1
1065060 487.9
1065070 482.0
1065080 482.0
1065090 478.4
1065100 475.7
1065110 475.7
1065120 475.2
1065130 474.1
1065140 468.8
1065150 468.5
1065160 466.3
1065170 466.3
1065180 462.6
1065190 457.9
1065200 457.9
1065210 454.2
1065220 451.2
1065230 451.2
1065240 449.1
1065250 448.0
1065260 447.3
1065270 447.3
1065280 446.7
1065290 446.2
1065300 446.2
1065310 445.8
1065320 445.5
1065330 445.5
1065340 445.5
1065350 445.5
1065360 445.5
1065370 445.4
1065380 445.5
1065390 445.5
1065400 445.8
1065410 445.6
1065420 445.6
1065430 445.3
1065440 445.3
1065450 445.3
1065460 444.9
1065470 444.7
1065480 444.7
1065490 444.9
1065500 445.0
1065510 445.2
1065520 445.2
1065530 445.1
1065540 445.2
1065550 445.2
1065560 445.2
1065570 445.1
1065580 445.1
1065590 445.0
1065600 445.0
1065610 445.0
1065620 444.9
1065630 445.0
1065640 445.0
1065650 445.1
1065660 445.2
1065670 445.2
1065680 445.3
1065690 445.2
1065700 445.2
1065710 445.3
1065720 445.3
1065730 445.3
1065740 445.2
1065750 445.1
1065760 445.1
1065770 445.0
1065780 445.0
1065790 445.1
1065800 445.1
1065810 445.2
1065820 445.2
1065830 445.2
1065840 445.3
1065850 445.4
1065860 445.4
1065870 445.5
1065880 445.7
1065890 445.7
1065900 445.7
1065910 445.7
1065920 445.7
1065930 445.8
1065940 445.8
1065950 445.8
1065960 445.7
1065970 446.2
1065980 446.2
1065990 445.9
1066000 445.5
1066010 445.5
1066020 445.5
1066030 445.5
1066040 445.5
1066050 445.4
1066060 445.4
1066070 445.5
1066080 445.5
1066090 445.6
1066100 445.5
1066110 445.5
1066120 445.6
1066130 445.7
1066140 445.7
1066150 445.7
1066160 445.9
1066170 445.9
1066180 445.9
1066190 445.9
1066200 445.9
1066210 445.8
1066220 445.8
1066230 445.8
1066240 445.9
1066250 445.9
1066260 445.9
1066270 446.0
1066280 446.1
1066290 446.1
1066300 446.1
1066310 446.1
1066320 446.1
1066330 446.1
1066340 446.2
1066350 446.1
1066360 446.1
1066370 445.3
1066380 444.4
1066390 444.4
1066400 445.0
1066410 446.4
1066420 446.4
1066430 446.7
1066440 446.7
1066450 446.7
1066460 445.7
1066470 445.3
1066480 445.3
1066490 448.1
1066500 448.4
1066510 448.4
1066520 448.4
1066530 448.3
1066540 448.3
1066550 446.5
1066560 443.7
1066570 443.7
1066580 444.1
1066590 455.4
1066600 462.6
1066610 462.6
1066620 467.5
1066630 471.6
1066640 471.6
1066650 474.2
1066660 481.3
1066670 481.3
1066680 484.2
1066690 490.5
1066700 490.5
1066710 500.1
1066720 512.4
1066730 512.4
1066740 519.3
1066750 519.8
1066760 519.8
1066770 520.3
1066780 520.8
1066790 520.8
1066800 520.4
1066810 519.4
1066820 519.4
1066830 518.7
1066840 518.3
1066850 518.3
1066860 518.3
1066870 518.8
1066880 519.0
1066890 519.0
1066900 518.6
1066910 518.7
1066920 518.7
1066930 518.3
1066940 517.8
1066950 517.8
1066960 517.2
1066970 517.6
1066980 517.6
1066990 518.0
1067000 518.9
1067010 518.9
1067020 520.8
1067030 523.1
1067040 523.1
1067050 522.9
1067060 520.5
1067070 520.5
1067080 517.6
1067090 514.6
1067100 514.6
1067110 512.9
1067120 512.2
1067130 511.5
1067140 511.5
1067150 509.5
1067160 507.3
1067170 507.3
1067180 506.4
1067190 505.8
1067200 505.8
1067210 505.3
1067220 505.1
1067230 505.1
1067240 504.7
1067250 503.7
1067260 503.7
1067270 500.5
1067280 498.9
1067290 498.9
1067300 497.5
1067310 496.2
1067320 496.2
1067330 494.6
1067340 493.7
1067350 493.7
1067360 492.8
1067370 491.7
1067380 490.3
1067390 490.3
1067400 488.9
1067410 487.9
1067420 487.9
1067430 487.0
1067440 486.0
1067450 486.0
1067460 484.6
1067470 482.6
1067480 482.6
1067490 480.7
1067500 478.7
1067510 478.7
1067520 475.9
1067530 473.5
1067540 473.5
1067550 470.6
1067560 467.7
1067570 465.6
1067580 464.1
1067590 463.9
1067600 463.9
1067610 463.4
1067620 462.5
1067630 462.5
1067640 462.2
1067650 460.4
1067660 459.1
1067670 459.1
1067680 458.6
1067690 458.2
1067700 458.2
1067710 457.8
1067720 457.5
1067730 457.5
1067740 457.6
1067750 457.3
1067760 457.3
1067770 457.1
1067780 457.0
1067790 457.0
1067800 456.9
1067810 456.9
1067820 456.9
1067830 456.6
1067840 456.6
1067850 456.6
1067860 456.6
1067870 456.5
1067880 456.5
1067890 456.4
1067900 456.6
1067910 457.0
1067920 457.0
1067930 456.8
1067940 456.9
1067950 456.9
1067960 457.1
1067970 457.2
1067980 457.2
1067990 457.1
1068000 456.9
1068010 456.9
1068020 456.8
1068030 456.6
1068040 456.6
1068050 456.5
1068060 456.5
1068070 456.5
1068080 456.4
1068090 456.3
1068100 456.3
1068110 454.7
1068120 449.4
1068130 449.4
1068140 447.8
1068150 447.8
1068160 447.8
1068170 450.8
1068180 451.2
1068190 454.6
1068200 454.6
1068210 454.7
1068220 454.6
1068230 454.6
1068240 454.6
1068250 454.9
1068260 454.9
1068270 455.3
1068280 455.3
1068290 455.3
1068300 455.6
1068310 454.9
1068320 454.9
1068330 454.5
1068340 456.6
1068350 456.6
1068360 458.5
1068370 458.6
1068380 458.6
1068390 458.6
1068400 458.5
1068410 458.5
1068420 458.5
1068430 458.6
1068440 458.6
1068450 458.6
1068460 458.6
1068470 458.6
1068480 458.6
1068490 458.6
1068500 458.7
1068510 458.7
1068520 458.9
1068530 460.3
1068540 460.3
1068550 463.2
1068560 463.6
1068570 463.6
1068580 463.5
1068590 465.0
1068600 465.0
1068610 469.6
1068620 471.8
1068630 471.8
1068640 472.7
1068650 473.0
1068660 473.0
1068670 474.0
1068680 475.2
1068690 475.2
1068700 476.5
1068710 478.4
1068720 480.4
1068730 480.4
1068740 482.4
1068750 484.6
1068760 484.6
1068770 489.4
1068780 492.1
1068790 492.7
1068800 497.3
1068810 502.1
1068820 502.1
1068830 507.5
1068840 513.0
1068850 513.0
1068860 517.3
1068870 522.4
1068880 522.4
1068890 529.0
1068900 536.3
1068910 536.3
1068920 543.5
1068930 551.8
1068940 551.8
1068950 561.2
1068960 606.6
1068970 620.7
1068980 620.7
1068990 624.3
1069000 624.7
1069010 624.7
1069020 624.4
1069030 624.0
1069040 624.0
1069050 622.6
1069060 621.7
1069070 621.7
1069080 622.2
1069090 622.8
1069100 622.1
1069110 622.2
1069120 622.0
1069130 622.0
1069140 621.6
1069150 621.1
1069160 621.1
1069170 620.5
1069180 619.5
1069190 619.5
1069200 618.5
1069210 617.6
1069220 617.6
1069230 616.7
1069240 616.4
1069250 615.5
1069260 615.5
1069270 614.2
1069280 612.7
1069290 612.7
1069300 611.5
1069310 610.5
1069320 610.5
1069330 609.7
1069340 608.8
1069350 608.8
1069360 607.8
1069370 606.5
1069380 606.5
1069390 604.4
1069400 600.8
1069410 600.8
1069420 599.9
1069430 598.8
1069440 598.8
1069450 598.1
1069460 596.4
1069470 596.4
1069480 594.7
1069490 593.3
1069500 593.3
1069510 592.1
1069520 590.8
1069530 588.8
1069540 588.8
1069550 586.7
1069560 584.8
1069570 584.8
1069580 583.1
1069590 581.3
1069600 581.3
1069610 579.5
1069620 578.3
1069630 578.3
1069640 576.8
1069650 575.7
1069660 575.7
1069670 574.9
1069680 574.3
1069690 574.3
1069700 572.9
1069710 570.2
1069720 570.2
1069730 567.3
1069740 564.8
1069750 564.8
1069760 563.0
1069770 561.2
1069780 559.2
1069790 559.2
1069800 556.9
1069810 555.5
1069820 555.5
1069830 554.5
1069840 553.2
1069850 553.2
1069860 551.4
1069870 549.8
1069880 549.8
1069890 548.7
1069900 548.4
1069910 548.4
1069920 548.2
1069930 547.8
1069940 547.8
1069950 547.1
1069960 545.9
1069970 545.9
1069980 544.3
1069990 542.8
1070000 542.8
1070010 541.4
1070020 539.8
1070030 539.8
1070040 539.7
1070050 540.0
1070060 540.0
1070070 540.0
1070080 540.6
1070090 541.1
1070100 541.1
1070110 541.7
1070120 541.9
1070130 541.9
1070140 542.2
1070150 542.6
1070160 542.6
1070170 543.0
1070180 543.8
1070190 543.8
1070200 544.2
1070210 543.7
1070220 543.7
1070230 543.3
1070240 542.9
1070250 542.9
1070260 541.8
1070270 541.0
1070280 541.0
1070290 540.5
1070300 540.2
1070310 539.8
1070320 539.8
1070330 539.3
1070340 539.1
1070350 539.1
1070360 538.9
1070370 539.1
1070380 539.1
1070390 539.3
1070400 540.2
1070410 540.2
1070420 541.9
1070430 542.8
1070440 542.8
1070450 543.2
1070460 543.9
1070470 543.9
1070480 543.7
1070490 543.6
1070500 543.6
1070510 543.7
1070520 543.6
1070530 543.6
1070540 543.5
1070550 543.8
1070560 543.8
1070570 544.2
1070580 544.0
1070590 544.8
1070600 544.8
1070610 546.4
1070620 550.3
1070630 547.8
1070640 552.5
1070650 557.8
1070660 557.8
1070670 560.6
1070680 562.2
1070690 562.2
1070700 563.3
1070710 564.8
1070720 564.8
1070730 565.6
1070740 566.2
1070750 566.2
1070760 567.2
1070770 567.8
1070780 567.8
1070790 568.3
1070800 569.0
1070810 569.0
1070820 570.1
1070830 572.0
1070840 573.5
1070850 573.5
1070860 574.4
1070870 574.6
1070880 574.6
1070890 574.4
1070900 574.4
1070910 574.4
1070920 575.3
1070930 575.6
1070940 574.3
1070950 574.4
1070960 575.6
1070970 575.6
1070980 576.4
1070990 577.8
1071000 577.8
1071010 578.9
1071020 579.6
1071030 579.6
1071040 580.7
1071050 582.1
1071060 582.1
1071070 583.4
1071080 585.1
1071090 585.1
1071100 585.3
1071110 584.5
1071120 584.7
1071130 584.7
1071140 587.1
1071150 591.0
1071160 591.0
1071170 593.7
1071180 595.2
1071190 595.2
1071200 593.8
1071210 589.6
1071220 589.6
1071230 586.5
1071240 586.9
1071250 585.9
1071260 587.1
1071270 588.7
1071280 588.7
1071290 590.5
1071300 591.2
1071310 591.2
1071320 592.3
1071330 592.8
1071340 592.8
1071350 592.4
1071360 593.2
1071370 594.2
1071380 594.2
1071390 593.3
1071400 591.0
1071410 591.0
1071420 589.2
1071430 588.8
1071440 588.8
1071450 588.9
1071460 588.6
1071470 588.6
1071480 588.5
1071490 589.6
1071500 589.6
1071510 589.4
1071520 587.4
1071530 587.4
1071540 584.8
1071550 581.2
1071560 580.1
1071570 578.0
1071580 576.8
1071590 576.8
1071600 575.2
1071610 573.6
1071620 573.6
1071630 572.8
1071640 571.9
1071650 569.6
1071660 569.6
1071670 567.0
1071680 564.8
1071690 564.8
1071700 561.8
1071710 559.7
1071720 559.7
1071730 558.1
1071740 556.5
1071750 556.5
1071760 555.4
1071770 555.4
1071780 555.4
1071790 554.6
1071800 554.1
1071810 554.1
1071820 553.9
1071830 554.0
1071840 554.0
1071850 554.1
1071860 553.6
1071870 553.6
1071880 554.0
1071890 555.5
1071900 556.4
1071910 556.4
1071920 557.4
1071930 558.4
1071940 558.4
1071950 558.9
1071960 559.0
1071970 559.0
1071980 558.9
1071990 558.5
1072000 558.5
1072010 557.8
1072020 557.6
1072030 557.6
1072040 557.7
1072050 557.9
1072060 557.9
1072070 557.9
1072080 558.2
1072090 558.2
1072100 558.4
1072110 558.3
1072120 558.3
1072130 558.1
1072140 558.2
1072150 558.2
1072160 558.5
1072170 558.6
1072180 558.7
1072190 558.7
1072200 558.1
1072210 556.9
1072220 556.9
1072230 555.7
1072240 554.8
1072250 554.8
1072260 553.9
1072270 553.0
1072280 553.0
1072290 553.0
1072300 552.8
1072310 552.8
1072320 552.4
1072330 551.6
1072340 551.6
1072350 551.2
1072360 550.4
1072370 550.4
1072380 548.7
1072390 547.7
1072400 547.7
1072410 546.7
1072420 545.8
1072430 544.6
1072440 544.6
1072450 543.4
1072460 542.1
1072470 542.1
1072480 539.3
1072490 537.8
1072500 537.8
1072510 537.4
1072520 537.3
1072530 537.3
1072540 536.1
1072550 535.3
1072560 535.3
1072570 535.1
1072580 534.6
1072590 534.6
1072600 533.7
1072610 532.5
1072620 532.5
1072630 532.1
1072640 532.2
1072650 532.2
1072660 532.1
1072670 531.9
1072680 531.9
1072690 531.7
1072700 531.5
1072710 530.7
1072720 530.7
1072730 530.1
1072740 529.8
1072750 529.8
1072760 529.7
1072770 529.7
1072780 529.7
1072790 529.9
1072800 530.0
1072810 530.0
1072820 530.5
1072830 531.1
1072840 531.1
1072850 531.2
1072860 531.6
1072870 531.6
1072880 532.2
1072890 533.4
1072900 533.4
1072910 534.4
1072920 535.0
1072930 535.0
1072940 535.3
1072950 535.3
1072960 535.8
1072970 535.8
1072980 536.7
1072990 537.7
1073000 537.7
1073010 539.3
1073020 541.9
1073030 541.9
1073040 543.7
1073050 544.5
1073060 544.5
1073070 545.2
1073080 546.1
1073090 546.1
1073100 549.5
1073110 550.7
1073120 550.7
1073130 551.7
1073140 552.8
1073150 552.8
1073160 554.4
1073170 555.8
1073180 555.8
1073190 557.5
1073200 558.6
1073210 558.6
1073220 558.5
1073230 557.8
1073240 556.8
1073250 556.8
1073260 556.7
1073270 557.4
1073280 557.4
1073290 561.2
1073300 566.1
1073310 566.1
1073320 568.8
1073330 571.2
1073340 571.2
1073350 572.4
1073360 572.6
1073370 572.6
1073380 571.9
1073390 569.2
1073400 569.2
1073410 567.0
1073420 565.2
1073430 565.2
1073440 565.8
1073450 566.8
1073460 566.8
1073470 567.4
1073480 568.2
1073490 568.2
1073500 569.6
1073510 572.6
1073520 577.3
1073530 577.3
1073540 583.2
1073550 588.7
1073560 588.7
1073570 593.7
1073580 598.0
1073590 598.0
1073600 601.8
1073610 606.1
1073620 606.1
1073630 610.3
1073640 614.2
1073650 614.2
1073660 618.7
1073670 623.4
1073680 623.4
1073690 627.7
1073700 631.8
1073710 631.8
1073720 644.0
1073730 649.3
1073740 649.3
1073750 651.0
1073760 652.1
1073770 654.3
1073780 654.3
1073790 654.2
1073800 653.6
1073810 653.6
1073820 653.0
1073830 652.5
1073840 652.5
1073850 651.4
1073860 650.9
1073870 650.9
1073880 650.3
1073890 648.5
1073900 648.5
1073910 645.6
1073920 644.0
1073930 644.0
1073940 644.4
1073950 645.6
1073960 645.6
1073970 647.5
1073980 649.7
1073990 649.7
1074000 651.6
1074010 654.3
1074020 654.3
1074030 661.2
1074040 666.5
1074050 669.4
1074060 669.4
1074070 672.0
1074080 675.9
1074090 675.9
1074100 681.1
1074110 688.7
1074120 688.7
1074130 694.5
1074140 699.8
1074150 699.8
1074160 702.9
1074170 703.5
1074180 703.5
1074190 701.1
1074200 697.7
1074210 697.7
1074220 694.5
1074230 692.3
1074240 692.3
1074250 687.1
1074260 683.6
1074270 683.6
1074280 683.2
1074290 685.4
1074300 689.6
1074310 689.6
1074320 694.8
1074330 700.2
1074340 699.1
1074350 701.7
1074360 699.9
1074370 699.9
1074380 696.2
1074390 695.1
1074400 695.1
1074410 694.9
1074420 694.1
1074430 694.1
1074440 691.1
1074450 688.9
1074460 688.9
1074470 686.7
1074480 684.6
1074490 684.6
1074500 682.6
1074510 680.6
1074520 680.6
1074530 679.0
1074540 677.4
1074550 677.4
1074560 675.8
1074570 674.1
1074580 672.9
1074590 672.9
1074600 671.7
1074610 670.5
1074620 670.5
1074630 672.2
1074640 674.5
1074650 672.5
1074660 673.2
1074670 673.1
1074680 673.1
1074690 670.8
1074700 667.8
1074710 667.8
1074720 665.7
1074730 662.7
1074740 662.7
1074750 659.4
1074760 657.1
1074770 657.1
1074780 656.2
1074790 654.8
1074800 654.8
1074810 652.5
1074820 651.1
1074830 650.6
1074840 650.6
1074850 650.8
1074860 652.1
1074870 652.1
1074880 653.9
1074890 654.4
1074900 654.4
1074910 654.4
1074920 654.5
1074930 654.5
1074940 654.2
1074950 653.5
1074960 649.8
1074970 646.5
1074980 642.3
1074990 642.3
1075000 640.3
1075010 640.0
1075020 640.0
1075030 638.8
1075040 637.2
1075050 637.2
1075060 633.0
1075070 628.0
1075080 628.0
1075090 626.7
1075100 627.5
1075110 629.6
1075120 629.6
1075130 631.6
1075140 634.8
1075150 634.8
1075160 635.1
1075170 631.8
1075180 631.8
1075190 629.7
1075200 627.8
1075210 627.8
1075220 623.4
1075230 614.7
1075240 614.7
1075250 595.7
1075260 584.2
1075270 584.7
1075280 577.2
1075290 571.4
1075300 571.4
1075310 565.5
1075320 566.1
1075330 566.1
1075340 571.8
1075350 579.3
1075360 592.2
1075370 592.2
1075380 614.9
1075390 625.5
1075400 625.5
1075410 634.2
1075420 637.1
1075430 637.1
1075440 638.2
1075450 639.6
1075460 639.6
1075470 641.7
1075480 644.1
1075490 644.1
1075500 646.3
1075510 647.1
1075520 647.1
1075530 643.6
1075540 640.8
1075550 640.8
1075560 639.7
1075570 644.0
1075580 641.3
1075590 644.9
1075600 646.2
1075610 646.2
1075620 652.0
1075630 657.0
1075640 657.1
1075650 657.1
1075660 656.8
1075670 653.9
1075680 653.9
1075690 651.8
1075700 650.5
1075710 650.5
1075720 652.4
1075730 655.4
1075740 655.4
1075750 658.5
1075760 663.1
1075770 663.1
1075780 660.7
1075790 658.0
1075800 658.0
1075810 659.1
1075820 658.1
1075830 658.1
1075840 657.5
1075850 656.2
1075860 656.2
1075870 658.1
1075880 661.8
1075890 665.3
1075900 665.3
1075910 673.4
1075920 677.9
1075930 677.9
1075940 679.2
1075950 679.7
1075960 679.7
1075970 680.8
1075980 680.9
1075990 680.9
1076000 681.0
1076010 681.4
1076020 681.4
1076030 681.4
1076040 680.8
1076050 680.8
1076060 678.5
1076070 674.0
1076080 674.0
1076090 672.2
1076100 671.3
1076110 671.3
1076120 670.5
1076130 669.7
1076140 669.7
1076150 668.4
1076160 666.5
1076170 664.8
1076180 664.8
1076190 663.2
1076200 656.6
1076210 656.6
1076220 654.8
1076230 654.1
1076240 654.1
1076250 652.9
1076260 652.2
1076270 652.2
1076280 651.8
1076290 650.8
1076300 650.8
1076310 651.5
1076320 652.4
1076330 652.4
1076340 651.7
1076350 652.0
1076360 652.0
1076370 652.3
1076380 652.2
1076390 652.2
1076400 652.1
1076410 652.6
1076420 653.6
1076430 653.6
1076440 653.6
1076450 652.9
1076460 652.9
1076470 652.6
1076480 652.2
1076490 652.2
1076500 651.6
1076510 650.7
1076520 647.9
1076530 648.6
1076540 653.0
1076550 653.0
1076560 657.1
1076570 661.1
1076580 661.1
1076590 665.1
1076600 667.8
1076610 667.8
1076620 669.6
1076630 672.8
1076640 672.8
1076650 677.3
1076660 680.6
1076670 680.6
1076680 680.4
1076690 677.3
1076700 674.2
1076710 674.2
1076720 673.2
1076730 672.6
1076740 672.6
1076750 672.5
1076760 672.8
1076770 672.8
1076780 673.1
1076790 673.5
1076800 673.5
1076810 674.0
1076820 674.5
1076830 671.8
1076840 672.2
1076850 671.5
1076860 671.5
1076870 671.6
1076880 676.3
1076890 676.3
1076900 680.6
1076910 682.4
1076920 682.4
1076930 684.1
1076940 686.2
1076950 687.5
1076960 687.5
1076970 688.6
1076980 690.0
1076990 690.0
1077000 691.6
1077010 692.2
1077020 692.2
1077030 693.2
1077040 693.8
1077050 693.8
1077060 694.2
1077070 694.4
1077080 694.4
1077090 694.2
1077100 694.1
1077110 694.1
1077120 693.9
1077130 693.3
1077140 691.2
1077150 690.6
1077160 690.1
1077170 690.1
1077180 689.8
1077190 689.7
1077200 689.7
1077210 690.1
1077220 691.1
1077230 692.4
1077240 692.4
1077250 694.1
1077260 696.0
1077270 696.0
1077280 697.7
1077290 698.4
1077300 698.4
1077310 698.3
1077320 695.0
1077330 695.0
1077340 690.6
1077350 686.9
1077360 686.9
1077370 682.3
1077380 677.4
1077390 677.4
1077400 677.6
1077410 679.0
1077420 679.0
1077430 679.5
1077440 675.2
1077450 670.1
1077460 664.9
1077470 666.1
1077480 677.8
1077490 677.8
1077500 686.4
1077510 693.9
1077520 693.9
1077530 702.7
1077540 712.1
1077550 712.1
1077560 721.1
1077570 728.8
1077580 728.8
1077590 731.2
1077600 732.1
1077610 732.1
1077620 734.7
1077630 738.6
1077640 738.6
1077650 742.4
1077660 745.2
1077670 745.2
1077680 747.7
1077690 750.6
1077700 750.6
1077710 752.3
1077720 752.6
1077730 752.6
1077740 752.4
1077750 752.2
1077760 749.2
1077770 749.2
1077780 748.4
1077790 748.1
1077800 748.1
1077810 748.4
1077820 749.1
1077830 749.1
1077840 750.8
1077850 753.8
1077860 753.8
1077870 757.4
1077880 760.1
1077890 760.1
1077900 760.4
1077910 760.5
1077920 760.5
1077930 761.3
1077940 764.3
1077950 764.3
1077960 769.6
1077970 775.8
1077980 775.8
1077990 783.4
1078000 791.7
1078010 799.9
1078020 799.9
1078030 806.1
1078040 810.7
1078050 810.7
1078060 814.1
1078070 816.9
1078080 813.7
1078090 816.9
1078100 821.3
1078110 821.3
1078120 824.9
1078130 829.1
1078140 829.1
1078150 833.9
1078160 836.4
1078170 836.4
1078180 839.4
1078190 841.6
1078200 841.6
1078210 843.6
1078220 847.9
1078230 847.9
1078240 851.6
1078250 853.7
1078260 853.7
1078270 856.3
1078280 858.8
1078290 860.9
1078300 860.9
1078310 862.8
1078320 865.1
1078330 865.1
1078340 867.5
1078350 870.2
1078360 870.2
1078370 873.9
1078380 877.9
1078390 877.5
1078400 881.3
1078410 883.7
1078420 883.7
1078430 885.6
1078440 888.5
1078450 888.5
1078460 891.5
1078470 893.6
1078480 893.6
1078490 895.1
1078500 896.6
1078510 896.6
1078520 897.4
1078530 897.4
1078540 896.1
1078550 896.1
1078560 895.7
1078570 897.1
1078580 897.1
1078590 899.9
1078600 903.2
1078610 903.2
1078620 907.0
1078630 911.9
1078640 911.9
1078650 915.7
1078660 918.3
1078670 918.3
1078680 919.8
1078690 920.5
1078700 921.0
1078710 921.6
1078720 923.1
1078730 923.1
1078740 926.8
1078750 930.5
1078760 930.5
1078770 933.1
1078780 934.8
1078790 934.8
1078800 935.5
1078810 935.0
1078820 933.9
1078830 933.9
1078840 932.4
1078850 931.4
1078860 931.4
1078870 930.7
1078880 930.7
1078890 930.7
1078900 931.0
1078910 932.8
1078920 932.8
1078930 934.8
1078940 935.8
1078950 935.8
1078960 936.1
1078970 937.3
1078980 937.3
1078990 938.3
1079000 938.2
1079010 938.2
1079020 934.3
1079030 935.0
1079040 935.0
1079050 935.4
1079060 936.6
1079070 938.1
1079080 938.1
1079090 940.2
1079100 940.6
1079110 940.6
1079120 941.4
1079130 943.3
1079140 943.3
1079150 945.0
1079160 945.9
1079170 945.9
1079180 946.9
1079190 947.9
1079200 947.9
1079210 949.0
1079220 951.0
1079230 951.0
1079240 952.6
1079250 955.3
1079260 955.3
1079270 958.0
1079280 959.9
1079290 959.9
1079300 963.8
1079310 967.9
1079320 967.9
1079330 967.3
1079340 971.4
1079350 974.5
1079360 974.5
1079370 977.8
1079380 980.1
1079390 980.1
1079400 982.0
1079410 985.2
1079420 985.2
1079430 986.9
1079440 990.4
1079450 990.4
1079460 996.0
1079470 1001.3
1079480 1001.3
1079490 1006.2
1079500 1009.2
1079510 1009.2
1079520 1011.3
1079530 1014.9
1079540 1014.9
1079550 1019.6
1079560 1024.9
1079570 1024.9
1079580 1030.6
1079590 1036.9
1079600 1043.0
1079610 1043.0
1079620 1046.3
1079630 1051.7
1079640 1051.7
1079650 1054.8
1079660 1059.5
1079670 1059.5
1079680 1065.0
1079690 1070.4
1079700 1070.4
1079710 1073.0
1079720 1075.4
1079730 1075.4
1079740 1078.5
1079750 1082.8
1079760 1082.8
1079770 1087.7
1079780 1092.5
1079790 1092.5
1079800 1097.4
1079810 1102.2
1079820 1102.2
1079830 1106.7
1079840 1110.6
1079850 1110.6
1079860 1114.3
1079870 1118.2
1079880 1121.9
1079890 1121.9
1079900 1125.1
1079910 1128.6
1079920 1128.6
1079930 1131.9
1079940 1135.5
1079950 1135.5
1079960 1137.8
1079970 1141.2
1079980 1141.2
1079990 1144.9
