1064290 680.3
1064300 680.3
1064310 684.7
1064320 687.5
1064330 687.5
1064340 687.9
1064350 687.8
1064360 687.4
1064370 687.4
1064380 687.3
1064390 688.8
1064400 688.8
1064410 690.0
1064420 692.9
1064430 692.9
1064440 693.7
1064450 693.0
1064460 693.0
1064470 692.1
1064480 691.9
1064490 691.9
1064500 691.6
1064510 691.2
1064520 691.2
1064530 690.4
1064540 688.4
1064550 688.4
1064560 688.0
1064570 687.9
1064580 687.9
1064590 687.0
1064600 682.2
1064610 682.2
1064620 681.6
1064630 680.6
1064640 678.5
1064650 678.5
1064660 675.9
1064670 664.0
1064680 664.0
1064690 643.1
1064700 631.1
1064710 631.1
1064720 625.2
1064730 619.4
1064740 619.4
1064750 613.1
1064760 607.3
1064770 607.3
1064780 601.9
1064790 596.5
1064800 596.5
1064810 591.2
1064820 586.4
1064830 586.4
1064840 577.4
1064850 573.0
1064860 573.0
1064870 569.0
1064880 566.2
1064890 564.9
1064900 564.9
1064910 563.9
1064920 562.4
1064930 562.4
1064940 561.0
1064950 559.6
1064960 559.6
1064970 558.5
1064980 555.7
1064990 555.7
1065000 555.5
1065010 556.9
1065020 556.9
1065030 557.1
1065040 557.5
1065050 557.5
1065060 557.2
1065070 554.9
1065080 554.9
1065090 552.3
1065100 548.0
1065110 548.0
1065120 544.0
1065130 541.6
1065140 538.7
1065150 536.9
1065160 536.1
1065170 535.8
1065180 535.8
1065190 534.5
1065200 530.9
1065210 530.9
1065220 525.2
1065230 519.5
1065240 519.5
1065250 515.1
1065260 512.8
1065270 512.8
1065280 512.4
1065290 511.0
1065300 511.0
1065310 508.3
1065320 504.8
1065330 504.8
1065340 501.0
1065350 498.8
1065360 498.8
1065370 497.1
1065380 495.2
1065390 495.2
1065400 493.5
1065410 490.9
1065420 488.8
1065430 488.8
1065440 486.0
1065450 479.4
1065460 479.4
1065470 477.8
1065480 476.5
1065490 476.5
1065500 474.8
1065510 473.1
1065520 473.1
1065530 470.7
1065540 469.1
1065550 469.1
1065560 468.7
1065570 468.8
1065580 468.8
1065590 468.3
1065600 465.0
1065610 465.0
1065620 462.5
1065630 460.3
1065640 460.3
1065650 458.6
1065660 457.4
1065670 457.4
1065680 455.9
1065690 454.5
1065700 453.9
1065710 453.9
1065720 453.4
1065730 453.1
1065740 453.1
1065750 450.6
1065760 450.6
1065770 450.6
1065780 449.4
1065790 448.7
1065800 448.7
1065810 448.4
1065820 448.0
1065830 448.0
1065840 447.8
1065850 447.7
1065860 447.7
1065870 447.1
1065880 446.6
1065890 446.6
1065900 446.3
1065910 446.5
1065920 446.5
1065930 446.5
1065940 446.5
1065950 446.5
1065960 446.6
1065970 446.5
1065980 446.5
1065990 446.5
1066000 446.4
1066010 446.6
1066020 446.6
1066030 446.8
1066040 446.8
1066050 446.8
1066060 446.8
1066070 446.8
1066080 446.8
1066090 446.9
1066100 447.0
1066110 447.0
1066120 446.8
1066130 446.7
1066140 446.7
1066150 446.6
1066160 446.7
1066170 446.7
1066180 446.8
1066190 446.6
1066200 446.6
1066210 446.4
1066220 446.5
1066230 446.8
1066240 446.8
1066250 447.2
1066260 447.6
1066270 447.6
1066280 447.0
1066290 447.0
1066300 447.0
1066310 447.1
1066320 446.9
1066330 446.9
1066340 446.7
1066350 446.8
1066360 446.6
1066370 446.7
1066380 446.9
1066390 446.9
1066400 447.1
1066410 446.9
1066420 446.9
1066430 446.6
1066440 446.7
1066450 446.7
1066460 447.3
1066470 447.6
1066480 447.6
1066490 447.7
1066500 447.6
1066510 447.7
1066520 447.7
1066530 447.6
1066540 447.8
1066550 447.8
1066560 448.6
1066570 448.2
1066580 448.2
1066590 448.2
1066600 448.1
1066610 448.1
1066620 448.0
1066630 448.1
1066640 448.1
1066650 448.1
1066660 447.8
1066670 447.8
1066680 447.8
1066690 447.7
1066700 447.7
1066710 447.7
1066720 447.8
1066730 447.8
1066740 447.9
1066750 448.2
1066760 448.7
1066770 448.7
1066780 448.9
1066790 448.9
1066800 448.9
1066810 448.9
1066820 448.9
1066830 448.9
1066840 448.8
1066850 448.8
1066860 448.8
1066870 448.8
1066880 448.9
1066890 448.9
1066900 449.2
1066910 450.1
1066920 450.1
1066930 450.0
1066940 449.7
1066950 449.7
1066960 449.3
1066970 449.2
1066980 449.2
1066990 449.2
1067000 449.8
1067010 449.8
1067020 450.0
1067030 451.0
1067040 455.9
1067050 455.9
1067060 460.5
1067070 465.3
1067080 465.3
1067090 471.0
1067100 489.8
1067110 489.8
1067120 529.9
1067130 543.4
1067140 543.4
1067150 544.0
1067160 539.6
1067170 539.6
1067180 546.7
1067190 551.5
1067200 551.5
1067210 553.8
1067220 555.6
1067230 555.6
1067240 555.4
1067250 554.3
1067260 554.3
1067270 549.2
1067280 546.7
1067290 543.8
1067300 543.8
1067310 541.3
1067320 539.5
1067330 539.5
1067340 537.7
1067350 534.3
1067360 534.3
1067370 530.1
1067380 524.1
1067390 524.1
1067400 518.2
1067410 514.3
1067420 514.3
1067430 512.4
1067440 510.9
1067450 510.9
1067460 509.9
1067470 508.9
1067480 508.9
1067490 507.8
1067500 507.4
1067510 507.4
1067520 506.2
1067530 505.4
1067540 505.4
1067550 504.1
1067560 502.4
1067570 497.7
1067580 495.0
1067590 487.8
1067600 462.5
1067610 462.5
1067620 456.0
1067630 455.3
1067640 455.3
1067650 450.4
1067660 445.9
1067670 445.9
1067680 448.7
1067690 454.0
1067700 454.0
1067710 459.3
1067720 460.6
1067730 460.6
1067740 460.4
1067750 459.5
1067760 459.5
1067770 459.1
1067780 458.6
1067790 458.6
1067800 457.5
1067810 457.6
1067820 457.8
1067830 457.8
1067840 457.2
1067850 456.5
1067860 456.5
1067870 455.8
1067880 455.2
1067890 455.2
1067900 455.3
1067910 455.1
1067920 455.1
1067930 454.7
1067940 454.3
1067950 454.3
1067960 454.5
1067970 454.9
1067980 454.9
1067990 454.7
1068000 454.5
1068010 454.5
1068020 454.6
1068030 454.6
1068040 454.6
1068050 454.6
1068060 454.6
1068070 454.6
1068080 454.6
1068090 454.9
1068100 454.9
1068110 454.9
1068120 454.9
1068130 455.2
1068140 455.2
1068150 455.4
1068160 455.3
1068170 455.3
1068180 455.4
1068190 455.2
1068200 455.2
1068210 455.1
1068220 455.2
1068230 455.2
1068240 455.1
1068250 455.3
1068260 455.3
1068270 455.4
1068280 455.5
1068290 455.5
1068300 455.5
1068310 455.7
1068320 455.7
1068330 455.7
1068340 455.7
1068350 455.3
1068360 455.3
1068370 455.1
1068380 455.3
1068390 455.3
1068400 455.8
1068410 456.1
1068420 456.1
1068430 456.3
1068440 456.4
1068450 456.4
1068460 456.4
1068470 456.6
1068480 456.6
1068490 456.6
1068500 457.0
1068510 457.0
1068520 457.5
1068530 457.9
1068540 457.9
1068550 457.8
1068560 458.0
1068570 458.0
1068580 458.2
1068590 458.2
1068600 458.2
1068610 458.0
1068620 457.7
1068630 457.5
1068640 457.5
1068650 457.7
1068660 457.8
1068670 457.8
1068680 457.7
1068690 457.6
1068700 457.6
1068710 457.7
1068720 457.9
1068730 457.9
1068740 458.3
1068750 458.5
1068760 458.5
1068770 460.1
1068780 464.0
1068790 464.0
1068800 474.4
1068810 481.5
1068820 481.5
1068830 487.6
1068840 489.0
1068850 489.0
1068860 489.6
1068870 489.7
1068880 489.7
1068890 489.8
1068900 490.1
1068910 490.6
1068920 490.6
1068930 491.3
1068940 492.1
1068950 492.1
1068960 493.3
1068970 495.1
1068980 495.1
1068990 496.5
1069000 498.3
1069010 498.3
1069020 500.4
1069030 503.2
1069040 503.2
1069050 506.4
1069060 509.3
1069070 509.3
1069080 513.1
1069090 516.8
1069100 519.0
1069110 524.3
1069120 529.6
1069130 529.6
1069140 534.9
1069150 540.2
1069160 546.1
1069170 546.1
1069180 552.3
1069190 558.8
1069200 558.8
1069210 565.1
1069220 571.8
1069230 571.8
1069240 586.1
1069250 629.0
1069260 629.0
1069270 636.9
1069280 637.2
1069290 637.2
1069300 636.6
1069310 635.3
1069320 635.3
1069330 633.7
1069340 632.2
1069350 632.2
1069360 630.8
1069370 629.7
1069380 629.7
1069390 628.8
1069400 628.8
1069410 628.3
1069420 628.2
1069430 628.4
1069440 628.4
1069450 628.4
1069460 628.2
1069470 627.0
1069480 627.0
1069490 626.2
1069500 625.7
1069510 625.7
1069520 623.3
1069530 621.1
1069540 621.1
1069550 618.7
1069560 616.3
1069570 616.3
1069580 615.1
1069590 614.7
1069600 614.7
1069610 613.1
1069620 611.0
1069630 611.0
1069640 609.3
1069650 607.8
1069660 607.8
1069670 606.3
1069680 605.3
1069690 604.4
1069700 604.4
1069710 602.9
1069720 600.9
1069730 600.9
1069740 599.0
1069750 596.2
1069760 596.2
1069770 593.3
1069780 590.7
1069790 590.7
1069800 587.9
1069810 585.2
1069820 585.2
1069830 582.4
1069840 580.6
1069850 580.6
1069860 579.5
1069870 578.6
1069880 578.6
1069890 577.1
1069900 575.3
1069910 575.3
1069920 574.1
1069930 572.5
1069940 572.5
1069950 570.2
1069960 567.8
1069970 566.4
1069980 566.4
1069990 565.3
1070000 564.2
1070010 564.2
1070020 561.3
1070030 560.4
1070040 560.4
1070050 559.3
1070060 558.5
1070070 558.5
1070080 557.8
1070090 557.2
1070100 557.2
1070110 556.9
1070120 556.2
1070130 556.2
1070140 555.6
1070150 554.9
1070160 554.9
1070170 554.4
1070180 554.2
1070190 554.2
1070200 554.0
1070210 554.0
1070220 553.7
1070230 553.7
1070240 553.7
1070250 555.4
1070260 555.4
1070270 556.4
1070280 556.8
1070290 556.8
1070300 557.0
1070310 557.0
1070320 557.0
1070330 556.6
1070340 556.2
1070350 556.2
1070360 555.5
1070370 555.3
1070380 555.3
1070390 555.4
1070400 556.0
1070410 556.0
1070420 556.1
1070430 556.3
1070440 556.3
1070450 557.1
1070460 557.9
1070470 557.9
1070480 558.7
1070490 559.7
1070500 561.4
1070510 561.4
1070520 562.8
1070530 563.4
1070540 563.4
1070550 563.8
1070560 563.6
1070570 563.6
1070580 563.3
1070590 563.2
1070600 563.2
1070610 563.0
1070620 562.6
1070630 562.6
1070640 561.6
1070650 560.9
1070660 560.9
1070670 560.7
1070680 560.6
1070690 560.6
1070700 560.7
1070710 560.6
1070720 560.6
1070730 560.3
1070740 560.2
1070750 560.1
1070760 560.1
1070770 560.1
1070780 560.0
1070790 560.0
1070800 559.8
1070810 559.6
1070820 559.6
1070830 559.5
1070840 559.4
1070850 559.4
1070860 559.4
1070870 559.5
1070880 559.5
1070890 560.0
1070900 560.7
1070910 560.7
1070920 561.1
1070930 562.1
1070940 562.1
1070950 563.2
1070960 563.7
1070970 563.7
1070980 564.1
1070990 564.3
1071000 564.3
1071010 564.5
1071020 564.9
1071030 565.6
1071040 565.6
1071050 566.5
1071060 567.6
1071070 567.6
1071080 569.5
1071090 572.7
1071100 572.7
1071110 574.9
1071120 577.1
1071130 577.1
1071140 578.6
1071150 580.8
1071160 580.8
1071170 582.3
1071180 583.0
1071190 583.0
1071200 584.1
1071210 585.0
1071220 585.0
1071230 586.7
1071240 588.4
1071250 590.2
1071260 594.8
1071270 599.4
1071280 599.4
1071290 603.8
1071300 608.4
1071310 612.9
1071320 612.9
1071330 614.0
1071340 613.8
1071350 613.8
1071360 612.7
1071370 611.0
1071380 611.0
1071390 608.4
1071400 604.8
1071410 604.8
1071420 600.8
1071430 597.0
1071440 597.0
1071450 594.3
1071460 590.6
1071470 590.6
1071480 586.5
1071490 586.5
1071500 586.5
1071510 587.4
1071520 586.1
1071530 586.1
1071540 583.2
1071550 581.0
1071560 579.5
1071570 579.5
1071580 579.3
1071590 579.0
1071600 579.0
1071610 577.3
1071620 576.9
1071630 576.9
1071640 576.7
1071650 575.8
1071660 575.8
1071670 575.1
1071680 576.5
1071690 576.5
1071700 577.7
1071710 577.2
1071720 577.2
1071730 576.3
1071740 577.7
1071750 577.7
1071760 578.8
1071770 579.3
1071780 579.3
1071790 581.7
1071800 583.6
1071810 583.6
1071820 584.3
1071830 584.4
1071840 584.3
1071850 584.3
1071860 584.7
1071870 584.1
1071880 584.1
1071890 583.2
1071900 581.8
1071910 581.8
1071920 580.3
1071930 579.1
1071940 579.1
1071950 578.8
1071960 577.7
1071970 577.7
1071980 576.9
1071990 576.2
1072000 576.2
1072010 574.9
1072020 574.3
1072030 574.3
1072040 574.3
1072050 574.8
1072060 574.8
1072070 574.7
1072080 573.9
1072090 573.1
1072100 573.1
1072110 572.7
1072120 572.0
1072130 572.0
1072140 570.0
1072150 568.9
1072160 568.9
1072170 568.6
1072180 566.2
1072190 566.2
1072200 564.6
1072210 563.5
1072220 563.5
1072230 562.6
1072240 562.3
1072250 562.3
1072260 561.7
1072270 560.0
1072280 560.0
1072290 558.8
1072300 558.5
1072310 558.5
1072320 557.9
1072330 556.9
1072340 556.9
1072350 556.3
1072360 555.8
1072370 555.2
1072380 555.2
1072390 554.0
1072400 552.1
1072410 552.1
1072420 550.5
1072430 549.5
1072440 549.5
1072450 548.4
1072460 547.7
1072470 547.7
1072480 547.4
1072490 546.9
1072500 546.9
1072510 546.2
1072520 545.8
1072530 545.8
1072540 545.5
1072550 544.2
1072560 544.2
1072570 542.1
1072580 540.8
1072590 540.8
1072600 539.6
1072610 538.2
1072620 537.1
1072630 537.1
1072640 536.4
1072650 535.5
1072660 535.5
1072670 534.3
1072680 533.5
1072690 533.5
1072700 531.5
1072710 530.0
1072720 530.0
1072730 529.5
1072740 529.2
1072750 529.2
1072760 529.0
1072770 529.0
1072780 529.0
1072790 528.9
1072800 528.5
1072810 528.5
1072820 528.4
1072830 528.4
1072840 528.4
1072850 528.3
1072860 528.2
1072870 528.2
1072880 528.0
1072890 527.7
1072900 527.4
1072910 527.4
1072920 527.2
1072930 526.8
1072940 526.8
1072950 526.6
1072960 526.8
1072970 526.8
1072980 526.9
1072990 527.0
1073000 527.0
1073010 527.0
1073020 526.9
1073030 526.9
1073040 526.8
1073050 526.7
1073060 526.7
1073070 526.6
1073080 526.5
1073090 526.5
1073100 526.5
1073110 527.0
1073120 527.0
1073130 527.1
1073140 527.4
1073150 527.8
1073160 527.8
1073170 528.0
1073180 528.4
1073190 528.4
1073200 528.9
1073210 528.7
1073220 528.7
1073230 528.4
1073240 528.7
1073250 528.7
1073260 528.9
1073270 529.2
1073280 529.2
1073290 529.6
1073300 530.4
1073310 530.4
1073320 530.2
1073330 529.5
1073340 529.5
1073350 528.6
1073360 528.0
1073370 528.0
1073380 527.7
1073390 527.9
1073400 527.9
1073410 528.5
1073420 528.1
1073430 527.8
1073440 527.8
1073450 528.2
1073460 528.5
1073470 528.5
1073480 528.8
1073490 529.0
1073500 529.0
1073510 528.7
1073520 528.3
1073530 528.3
1073540 527.9
1073550 527.5
1073560 527.5
1073570 527.5
1073580 527.8
1073590 527.8
1073600 528.6
1073610 529.8
1073620 529.8
1073630 530.8
1073640 531.6
1073650 531.6
1073660 532.7
1073670 534.2
1073680 534.2
1073690 535.9
1073700 537.7
1073710 538.1
1073720 542.4
1073730 541.5
1073740 541.1
1073750 541.1
1073760 542.5
1073770 545.0
1073780 545.0
1073790 548.3
1073800 551.5
1073810 551.5
1073820 553.8
1073830 556.2
1073840 556.2
1073850 559.5
1073860 562.1
1073870 562.1
1073880 564.4
1073890 567.2
1073900 567.2
1073910 568.9
1073920 569.8
1073930 569.8
1073940 570.9
1073950 571.4
1073960 571.9
1073970 571.9
1073980 573.9
1073990 575.2
1074000 575.2
1074010 576.5
1074020 577.6
1074030 582.6
1074040 583.7
1074050 585.5
1074060 585.5
1074070 586.5
1074080 588.9
1074090 588.9
1074100 591.5
1074110 593.8
1074120 593.8
1074130 596.2
1074140 597.8
1074150 597.8
1074160 600.9
1074170 605.6
1074180 605.6
1074190 609.7
1074200 613.6
1074210 613.6
1074220 612.1
1074230 610.1
1074240 618.1
1074250 618.1
1074260 624.7
1074270 628.3
1074280 628.3
1074290 630.3
1074300 632.3
1074310 632.3
1074320 633.0
1074330 632.4
1074340 640.4
1074350 638.8
1074360 636.6
1074370 636.6
1074380 633.2
1074390 631.0
1074400 631.0
1074410 629.5
1074420 628.1
1074430 628.1
1074440 627.4
1074450 627.9
1074460 627.9
1074470 630.1
1074480 631.3
1074490 632.3
1074500 632.3
1074510 633.8
1074520 636.4
1074530 636.4
1074540 638.1
1074550 640.0
1074560 640.0
1074570 641.1
1074580 641.4
1074590 641.4
1074600 641.8
1074610 641.9
1074620 641.9
1074630 641.9
1074640 643.5
1074650 649.3
1074660 651.2
1074670 651.8
1074680 651.8
1074690 652.4
1074700 654.8
1074710 654.8
1074720 657.3
1074730 659.4
1074740 659.4
1074750 661.1
1074760 662.7
1074770 663.1
1074780 663.1
1074790 663.6
1074800 665.3
1074810 665.3
1074820 664.1
1074830 660.5
1074840 660.5
1074850 657.7
1074860 654.8
1074870 654.8
1074880 651.9
1074890 648.4
1074900 648.4
1074910 644.4
1074920 639.9
1074930 639.9
1074940 634.9
1074950 629.3
1074960 629.3
1074970 627.2
1074980 619.9
1074990 619.9
1075000 613.1
1075010 606.3
1075020 600.2
1075030 600.2
1075040 594.6
1075050 588.9
1075060 588.9
1075070 584.2
1075080 579.8
1075090 579.8
1075100 576.3
1075110 573.5
1075120 573.5
1075130 572.0
1075140 571.7
1075150 571.7
1075160 573.2
1075170 574.9
1075180 574.9
1075190 575.8
1075200 575.5
1075210 575.5
1075220 574.7
1075230 575.6
1075240 575.6
1075250 575.7
1075260 575.6
1075270 575.6
1075280 573.3
1075290 568.3
1075300 565.0
1075310 565.0
1075320 563.3
1075330 561.0
1075340 561.0
1075350 555.0
1075360 553.4
1075370 553.4
1075380 553.8
1075390 556.6
1075400 556.6
1075410 563.2
1075420 570.7
1075430 570.7
1075440 578.2
1075450 586.2
1075460 586.2
1075470 594.1
1075480 601.9
1075490 601.9
1075500 609.8
1075510 617.7
1075520 617.7
1075530 625.7
1075540 633.5
1075550 641.9
1075560 641.9
1075570 656.0
1075580 663.2
1075590 661.7
1075600 664.1
1075610 666.8
1075620 666.8
1075630 668.9
1075640 670.6
1075650 670.6
1075660 672.7
1075670 675.4
1075680 675.4
1075690 677.7
1075700 679.8
1075710 679.8
1075720 681.7
1075730 684.8
1075740 684.8
1075750 688.4
1075760 692.7
1075770 692.7
1075780 695.4
1075790 697.7
1075800 697.7
1075810 699.5
1075820 700.8
1075830 702.3
1075840 702.3
1075850 706.8
1075860 709.9
1075870 709.9
1075880 713.3
1075890 717.4
1075900 713.5
1075910 717.1
1075920 720.5
1075930 720.5
1075940 722.5
1075950 722.4
1075960 722.4
1075970 722.0
1075980 721.3
1075990 721.3
1076000 716.7
1076010 713.7
1076020 713.7
1076030 714.1
1076040 711.9
1076050 711.9
1076060 714.4
1076070 719.2
1076080 721.4
1076090 721.4
1076100 725.9
1076110 728.4
1076120 728.4
1076130 727.6
1076140 724.8
1076150 724.8
1076160 724.4
1076170 725.4
1076180 725.4
1076190 725.4
1076200 724.6
1076210 722.9
1076220 721.4
1076230 719.8
1076240 719.8
1076250 719.2
1076260 719.1
1076270 719.1
1076280 719.1
1076290 719.0
1076300 719.0
1076310 718.8
1076320 718.5
1076330 718.5
1076340 718.2
1076350 718.0
1076360 718.2
1076370 718.2
1076380 718.5
1076390 717.6
1076400 717.6
1076410 715.7
1076420 713.9
1076430 713.9
1076440 712.3
1076450 712.7
1076460 712.7
1076470 713.2
1076480 713.1
1076490 713.1
1076500 713.2
1076510 713.7
1076520 711.4
1076530 712.0
1076540 713.0
1076550 713.0
1076560 714.2
1076570 715.9
1076580 715.9
1076590 717.4
1076600 718.9
1076610 720.2
1076620 720.2
1076630 720.6
1076640 721.4
1076650 721.4
1076660 721.9
1076670 722.7
1076680 722.7
1076690 723.6
1076700 724.1
1076710 724.1
1076720 725.0
1076730 726.3
1076740 726.3
1076750 727.4
1076760 728.8
1076770 728.8
1076780 730.6
1076790 732.6
1076800 732.6
1076810 734.6
1076820 736.2
1076830 732.8
1076840 734.1
1076850 735.8
1076860 735.8
1076870 738.3
1076880 739.7
1076890 742.1
1076900 742.1
1076910 744.4
1076920 746.2
1076930 746.2
1076940 747.5
1076950 748.5
1076960 748.5
1076970 753.4
1076980 755.0
1076990 755.0
1077000 755.8
1077010 756.8
1077020 756.8
1077030 759.0
1077040 761.9
1077050 761.9
1077060 764.3
1077070 767.4
1077080 767.4
1077090 769.8
1077100 771.8
1077110 771.8
1077120 774.6
1077130 777.2
1077140 778.7
1077150 775.2
1077160 776.8
1077170 779.1
1077180 779.1
1077190 781.0
1077200 782.1
1077210 782.1
1077220 783.2
1077230 784.0
1077240 784.0
1077250 786.0
1077260 789.5
1077270 789.5
1077280 792.7
1077290 796.7
1077300 796.7
1077310 802.4
1077320 805.9
1077330 805.9
1077340 808.0
1077350 808.8
1077360 808.8
1077370 808.1
1077380 805.1
1077390 805.1
1077400 801.1
1077410 794.7
1077420 789.2
1077430 789.2
1077440 786.5
1077450 786.3
1077460 780.4
1077470 781.1
1077480 783.2
1077490 783.2
1077500 783.1
1077510 783.8
1077520 783.8
1077530 785.7
1077540 789.3
1077550 789.3
1077560 791.8
1077570 792.5
1077580 792.5
1077590 790.6
1077600 786.5
1077610 786.5
1077620 781.8
1077630 778.2
1077640 778.2
1077650 774.2
1077660 765.4
1077670 753.6
1077680 753.6
1077690 756.9
1077700 760.9
1077710 760.9
1077720 766.2
1077730 773.6
1077740 773.6
1077750 779.7
1077760 782.1
1077770 781.2
1077780 783.5
1077790 785.8
1077800 785.8
1077810 789.6
1077820 790.9
1077830 790.9
1077840 792.6
1077850 799.4
1077860 799.4
1077870 808.6
1077880 819.2
1077890 819.2
1077900 828.7
1077910 832.3
1077920 832.3
1077930 834.7
1077940 836.8
1077950 838.9
1077960 838.9
1077970 841.7
1077980 845.7
1077990 845.7
1078000 849.7
1078010 852.7
1078020 852.7
1078030 855.9
1078040 858.2
1078050 858.2
1078060 859.4
1078070 860.2
1078080 857.7
1078090 859.3
1078100 860.8
1078110 860.8
1078120 861.7
1078130 863.4
1078140 863.4
1078150 865.2
1078160 867.1
1078170 867.1
1078180 869.3
1078190 872.4
1078200 872.4
1078210 875.4
1078220 878.7
1078230 883.1
1078240 883.1
1078250 887.6
1078260 890.4
1078270 890.4
1078280 893.3
1078290 896.8
1078300 896.8
1078310 899.3
1078320 901.5
1078330 901.5
1078340 903.6
1078350 905.9
1078360 905.9
1078370 908.0
1078380 909.4
1078390 909.4
1078400 908.8
1078410 910.1
1078420 910.1
1078430 911.5
1078440 913.6
1078450 913.6
1078460 915.7
1078470 917.6
1078480 919.8
1078490 919.8
1078500 922.3
1078510 924.5
1078520 924.5
1078530 927.2
1078540 930.9
1078550 930.9
1078560 933.5
1078570 936.8
1078580 936.8
1078590 939.1
1078600 940.1
1078610 940.1
1078620 940.5
1078630 941.1
1078640 941.1
1078650 942.3
1078660 945.4
1078670 945.4
1078680 947.4
1078690 949.7
1078700 949.7
1078710 951.6
1078720 952.1
1078730 952.1
1078740 952.7
1078750 954.6
1078760 955.7
1078770 955.7
1078780 956.7
1078790 958.8
1078800 958.8
1078810 962.1
1078820 965.4
1078830 965.4
1078840 968.8
1078850 971.7
1078860 971.7
1078870 974.5
1078880 975.5
1078890 975.5
1078900 976.2
1078910 977.2
1078920 977.2
1078930 978.6
1078940 980.2
1078950 980.2
1078960 981.6
1078970 982.7
1078980 982.7
1078990 984.3
1079000 986.4
1079010 988.4
1079020 987.5
1079030 989.1
1079040 991.5
1079050 991.5
1079060 993.2
1079070 995.2
1079080 995.2
1079090 997.8
1079100 999.6
1079110 999.6
1079120 1001.6
1079130 1004.8
1079140 1004.8
1079150 1007.5
1079160 1009.8
1079170 1009.8
1079180 1011.8
1079190 1013.8
1079200 1013.8
1079210 1016.7
1079220 1019.5
1079230 1019.5
1079240 1022.7
1079250 1025.5
1079260 1025.5
1079270 1027.2
1079280 1030.1
1079290 1034.7
1079300 1034.7
1079310 1038.9
1079320 1041.4
1079330 1041.4
1079340 1038.5
1079350 1040.9
1079360 1040.9
1079370 1043.1
1079380 1045.2
1079390 1045.2
1079400 1048.3
1079410 1052.2
1079420 1052.2
1079430 1058.4
1079440 1063.5
1079450 1063.5
1079460 1066.3
1079470 1069.1
1079480 1069.1
1079490 1072.0
1079500 1074.8
1079510 1074.8
1079520 1078.3
1079530 1082.8
1079540 1088.8
1079550 1088.8
1079560 1094.4
1079570 1096.7
1079580 1096.7
1079590 1097.2
1079600 1099.0
1079610 1099.0
1079620 1102.1
1079630 1104.4
1079640 1104.4
1079650 1105.5
1079660 1107.7
1079670 1107.7
1079680 1110.1
1079690 1112.4
1079700 1112.4
1079710 1115.1
1079720 1118.7
1079730 1118.7
1079740 1121.5
1079750 1125.1
1079760 1125.1
1079770 1129.8
1079780 1134.1
1079790 1134.1
1079800 1137.7
1079810 1141.9
1079820 1146.7
1079830 1146.7
1079840 1151.6
1079850 1156.6
1079860 1156.6
1079870 1160.8
1079880 1165.0
1079890 1165.0
1079900 1169.8
1079910 1174.9
1079920 1174.9
1079930 1179.7
1079940 1184.3
1079950 1184.3
1079960 1188.0
1079970 1189.0
1079980 1189.0
1079990 1192.7
