1064080 674.3
1064090 674.3
1064100 675.2
1064110 676.1
1064120 676.1
1064130 676.5
1064140 678.6
1064150 678.6
1064160 680.1
1064170 680.4
1064180 680.4
1064190 681.0
1064200 681.3
1064210 681.3
1064220 682.0
1064230 682.3
1064240 682.5
1064250 682.5
1064260 682.1
1064270 681.8
1064280 681.8
1064290 681.3
1064300 680.2
1064310 680.2
1064320 677.6
1064330 676.1
1064340 676.1
1064350 676.3
1064360 674.1
1064370 674.1
1064380 673.8
1064390 673.2
1064400 673.2
1064410 673.1
1064420 674.2
1064430 674.2
1064440 674.4
1064450 675.0
1064460 675.0
1064470 675.2
1064480 674.1
1064490 674.1
1064500 641.4
1064510 617.3
1064520 611.3
1064530 611.3
1064540 605.3
1064550 599.5
1064560 599.5
1064570 593.7
1064580 588.2
1064590 588.2
1064600 582.7
1064610 577.6
1064620 577.6
1064630 572.6
1064640 567.8
1064650 567.8
1064660 558.5
1064670 554.6
1064680 554.6
1064690 550.8
1064700 547.7
1064710 547.7
1064720 546.3
1064730 545.9
1064740 545.9
1064750 545.1
1064760 542.6
1064770 539.0
1064780 539.0
1064790 537.1
1064800 537.6
1064810 537.6
1064820 539.1
1064830 540.5
1064840 540.5
1064850 541.2
1064860 540.9
1064870 540.9
1064880 538.1
1064890 534.5
1064900 534.5
1064910 530.6
1064920 527.9
1064930 527.9
1064940 525.8
1064950 523.3
1064960 520.1
1064970 517.9
1064980 517.0
1064990 517.0
1065000 516.8
1065010 514.3
1065020 514.3
1065030 513.0
1065040 513.1
1065050 512.7
1065060 512.7
1065070 511.3
1065080 506.0
1065090 506.0
1065100 499.8
1065110 494.9
1065120 494.9
1065130 490.2
1065140 485.8
1065150 485.8
1065160 483.3
1065170 482.2
1065180 482.2
1065190 482.0
1065200 479.7
1065210 479.7
1065220 475.7
1065230 471.9
1065240 471.9
1065250 468.7
1065260 463.1
1065270 463.1
1065280 460.7
1065290 458.5
1065300 456.2
1065310 456.2
1065320 453.7
1065330 451.7
1065340 451.7
1065350 449.9
1065360 448.2
1065370 448.2
1065380 447.4
1065390 446.7
1065400 446.7
1065410 446.5
1065420 446.5
1065430 446.5
1065440 446.6
1065450 446.4
1065460 446.4
1065470 445.8
1065480 445.6
1065490 445.6
1065500 445.7
1065510 445.7
1065520 445.7
1065530 445.8
1065540 445.7
1065550 445.7
1065560 445.6
1065570 445.6
1065580 445.5
1065590 445.5
1065600 445.5
1065610 445.5
1065620 445.5
1065630 445.6
1065640 445.7
1065650 445.7
1065660 445.6
1065670 445.6
1065680 445.6
1065690 445.7
1065700 445.6
1065710 445.6
1065720 445.6
1065730 445.6
1065740 445.6
1065750 445.5
1065760 445.6
1065770 445.6
1065780 445.6
1065790 445.7
1065800 445.7
1065810 445.7
1065820 445.7
1065830 445.7
1065840 445.8
1065850 445.7
1065860 445.7
1065870 445.7
1065880 445.7
1065890 445.9
1065900 445.9
1065910 445.9
1065920 445.8
1065930 445.8
1065940 445.7
1065950 445.5
1065960 445.5
1065970 445.5
1065980 445.6
1065990 445.6
1066000 446.0
1066010 445.9
1066020 445.9
1066030 445.7
1066040 445.5
1066050 445.5
1066060 445.5
1066070 445.6
1066080 445.6
1066090 445.8
1066100 445.8
1066110 446.0
1066120 446.0
1066130 446.1
1066140 445.9
1066150 445.9
1066160 446.0
1066170 446.2
1066180 446.2
1066190 446.1
1066200 446.0
1066210 446.0
1066220 445.9
1066230 446.0
1066240 446.0
1066250 445.9
1066260 445.9
1066270 445.9
1066280 446.0
1066290 446.0
1066300 446.0
1066310 446.2
1066320 446.2
1066330 446.2
1066340 446.3
1066350 446.5
1066360 446.5
1066370 446.6
1066380 446.6
1066390 446.8
1066400 446.8
1066410 446.7
1066420 446.7
1066430 446.7
1066440 446.7
1066450 446.7
1066460 446.7
1066470 446.9
1066480 447.1
1066490 447.1
1066500 447.2
1066510 447.2
1066520 447.2
1066530 447.2
1066540 447.3
1066550 447.3
1066560 448.1
1066570 448.5
1066580 448.5
1066590 448.5
1066600 448.5
1066610 448.5
1066620 448.5
1066630 448.5
1066640 448.4
1066650 448.4
1066660 447.6
1066670 446.6
1066680 446.6
1066690 447.1
1066700 447.6
1066710 447.6
1066720 447.6
1066730 453.4
1066740 453.4
1066750 466.1
1066760 487.6
1066770 487.6
1066780 510.5
1066790 517.7
1066800 517.7
1066810 522.1
1066820 524.9
1066830 524.9
1066840 526.3
1066850 526.4
1066860 526.4
1066870 525.5
1066880 524.0
1066890 524.0
1066900 522.8
1066910 522.4
1066920 522.3
1066930 522.3
1066940 522.2
1066950 522.0
1066960 522.0
1066970 521.6
1066980 521.5
1066990 521.5
1067000 521.8
1067010 522.3
1067020 522.3
1067030 523.0
1067040 524.0
1067050 524.0
1067060 525.6
1067070 527.1
1067080 527.1
1067090 523.8
1067100 521.2
1067110 521.2
1067120 519.2
1067130 517.3
1067140 517.3
1067150 516.0
1067160 514.7
1067170 514.2
1067180 514.2
1067190 513.5
1067200 512.9
1067210 512.9
1067220 512.5
1067230 512.2
1067240 512.2
1067250 511.6
1067260 511.1
1067270 511.1
1067280 510.4
1067290 509.1
1067300 509.1
1067310 507.7
1067320 506.3
1067330 506.3
1067340 504.4
1067350 502.5
1067360 502.5
1067370 500.8
1067380 499.1
1067390 497.7
1067400 496.6
1067410 496.6
1067420 496.6
1067430 495.8
1067440 494.6
1067450 493.5
1067460 493.5
1067470 492.8
1067480 491.8
1067490 491.8
1067500 489.6
1067510 486.6
1067520 486.6
1067530 482.9
1067540 479.5
1067550 479.5
1067560 476.6
1067570 473.4
1067580 473.4
1067590 469.3
1067600 463.1
1067610 463.1
1067620 462.0
1067630 461.8
1067640 461.8
1067650 460.1
1067660 458.7
1067670 458.7
1067680 458.1
1067690 457.5
1067700 457.2
1067710 457.2
1067720 457.1
1067730 456.9
1067740 456.9
1067750 456.8
1067760 456.7
1067770 456.7
1067780 456.5
1067790 456.3
1067800 456.3
1067810 456.6
1067820 456.6
1067830 456.6
1067840 456.4
1067850 456.4
1067860 456.4
1067870 456.4
1067880 456.2
1067890 456.2
1067900 456.3
1067910 456.3
1067920 456.3
1067930 456.2
1067940 456.2
1067950 456.2
1067960 456.3
1067970 456.4
1067980 456.3
1067990 456.3
1068000 456.4
1068010 456.3
1068020 456.3
1068030 456.2
1068040 454.0
1068050 454.0
1068060 448.1
1068070 447.6
1068080 447.6
1068090 447.8
1068100 451.1
1068110 451.1
1068120 454.9
1068130 454.5
1068140 454.5
1068150 454.4
1068160 454.4
1068170 454.4
1068180 454.4
1068190 454.5
1068200 454.5
1068210 454.7
1068220 455.0
1068230 455.0
1068240 455.0
1068250 455.1
1068260 455.6
1068270 455.6
1068280 456.2
1068290 458.6
1068300 458.6
1068310 458.9
1068320 456.5
1068330 456.5
1068340 456.2
1068350 456.4
1068360 456.4
1068370 456.5
1068380 456.7
1068390 456.7
1068400 457.1
1068410 456.5
1068420 456.5
1068430 456.1
1068440 456.8
1068450 456.8
1068460 457.6
1068470 457.0
1068480 457.0
1068490 457.4
1068500 458.5
1068510 459.4
1068520 459.4
1068530 464.1
1068540 469.9
1068550 469.9
1068560 478.7
1068570 487.0
1068580 487.0
1068590 486.8
1068600 485.8
1068610 483.9
1068620 483.1
1068630 482.3
1068640 482.3
1068650 481.7
1068660 481.8
1068670 481.8
1068680 480.0
1068690 480.2
1068700 480.2
1068710 480.7
1068720 481.2
1068730 481.2
1068740 482.1
1068750 483.2
1068760 486.6
1068770 486.6
1068780 490.4
1068790 490.8
1068800 490.8
1068810 494.1
1068820 500.0
1068830 500.0
1068840 504.7
1068850 508.6
1068860 508.6
1068870 510.5
1068880 512.9
1068890 512.9
1068900 518.2
1068910 521.8
1068920 525.9
1068930 530.7
1068940 536.9
1068950 536.9
1068960 543.0
1068970 549.5
1068980 549.5
1068990 556.2
1069000 560.6
1069010 560.6
1069020 566.4
1069030 601.0
1069040 622.7
1069050 622.7
1069060 627.2
1069070 628.9
1069080 628.9
1069090 628.9
1069100 628.6
1069110 628.6
1069120 628.2
1069130 628.3
1069140 628.3
1069150 628.5
1069160 627.9
1069170 627.9
1069180 627.1
1069190 626.2
1069200 626.2
1069210 625.3
1069220 624.6
1069230 623.3
1069240 622.4
1069250 621.8
1069260 621.8
1069270 620.9
1069280 619.1
1069290 619.1
1069300 616.9
1069310 615.4
1069320 614.0
1069330 614.0
1069340 612.8
1069350 611.4
1069360 611.4
1069370 609.6
1069380 608.2
1069390 608.2
1069400 606.4
1069410 605.2
1069420 605.2
1069430 604.8
1069440 604.4
1069450 604.4
1069460 602.6
1069470 600.0
1069480 600.0
1069490 597.7
1069500 596.1
1069510 596.1
1069520 594.4
1069530 591.7
1069540 591.7
1069550 589.9
1069560 588.1
1069570 586.6
1069580 586.6
1069590 584.7
1069600 582.4
1069610 582.4
1069620 581.0
1069630 579.3
1069640 579.3
1069650 577.9
1069660 576.8
1069670 576.8
1069680 575.6
1069690 574.7
1069700 574.7
1069710 574.1
1069720 572.4
1069730 572.4
1069740 569.7
1069750 567.7
1069760 567.7
1069770 565.8
1069780 563.7
1069790 563.7
1069800 562.1
1069810 560.3
1069820 560.3
1069830 558.9
1069840 556.7
1069850 555.5
1069860 555.5
1069870 554.4
1069880 553.8
1069890 553.8
1069900 553.5
1069910 553.1
1069920 553.1
1069930 552.6
1069940 551.9
1069950 551.9
1069960 551.1
1069970 550.1
1069980 550.1
1069990 550.0
1070000 550.3
1070010 550.3
1070020 550.2
1070030 549.9
1070040 549.9
1070050 549.5
1070060 548.9
1070070 548.9
1070080 548.1
1070090 547.6
1070100 547.6
1070110 547.6
1070120 547.9
1070130 548.0
1070140 548.0
1070150 545.7
1070160 546.0
1070170 546.0
1070180 546.5
1070190 547.4
1070200 547.4
1070210 548.0
1070220 548.4
1070230 548.4
1070240 548.4
1070250 548.5
1070260 548.5
1070270 548.2
1070280 547.8
1070290 547.8
1070300 546.8
1070310 545.0
1070320 545.0
1070330 543.3
1070340 542.9
1070350 542.9
1070360 542.3
1070370 541.3
1070380 541.1
1070390 541.1
1070400 542.1
1070410 542.6
1070420 542.6
1070430 542.4
1070440 542.8
1070450 542.4
1070460 542.9
1070470 544.1
1070480 544.1
1070490 544.3
1070500 543.7
1070510 543.7
1070520 543.5
1070530 543.8
1070540 543.8
1070550 544.0
1070560 544.3
1070570 544.3
1070580 545.4
1070590 546.9
1070600 546.9
1070610 549.6
1070620 553.2
1070630 557.5
1070640 557.5
1070650 561.7
1070660 564.1
1070670 564.1
1070680 565.1
1070690 566.7
1070700 566.7
1070710 568.5
1070720 570.2
1070730 570.2
1070740 571.3
1070750 571.9
1070760 572.4
1070770 572.6
1070780 572.4
1070790 572.4
1070800 572.8
1070810 574.3
1070820 574.3
1070830 576.4
1070840 578.7
1070850 578.7
1070860 579.5
1070870 580.2
1070880 580.2
1070890 580.0
1070900 579.9
1070910 577.6
1070920 577.6
1070930 576.3
1070940 575.5
1070950 575.5
1070960 574.7
1070970 575.1
1070980 575.1
1070990 575.6
1071000 576.7
1071010 576.7
1071020 577.7
1071030 579.0
1071040 579.0
1071050 580.0
1071060 580.5
1071070 582.0
1071080 582.6
1071090 583.8
1071100 583.8
1071110 588.1
1071120 590.2
1071130 590.2
1071140 592.5
1071150 593.1
1071160 592.4
1071170 592.4
1071180 591.2
1071190 590.7
1071200 590.7
1071210 590.5
1071220 590.6
1071230 590.6
1071240 593.2
1071250 595.5
1071260 595.5
1071270 597.4
1071280 598.3
1071290 598.3
1071300 599.0
1071310 598.8
1071320 598.8
1071330 599.9
1071340 600.0
1071350 600.0
1071360 599.5
1071370 598.9
1071380 597.9
1071390 597.1
1071400 595.9
1071410 595.9
1071420 595.0
1071430 593.2
1071440 591.8
1071450 591.8
1071460 591.3
1071470 590.3
1071480 590.3
1071490 589.2
1071500 587.1
1071510 587.1
1071520 585.3
1071530 583.8
1071540 583.8
1071550 581.5
1071560 578.9
1071570 578.9
1071580 577.2
1071590 576.4
1071600 576.4
1071610 575.6
1071620 574.9
1071630 574.9
1071640 575.1
1071650 575.4
1071660 575.4
1071670 574.9
1071680 572.8
1071690 571.7
1071700 571.7
1071710 569.5
1071720 566.7
1071730 566.7
1071740 564.4
1071750 562.1
1071760 562.1
1071770 559.9
1071780 557.5
1071790 557.5
1071800 556.6
1071810 556.7
1071820 556.7
1071830 556.7
1071840 557.3
1071850 557.3
1071860 559.4
1071870 558.7
1071880 558.7
1071890 559.4
1071900 560.2
1071910 560.2
1071920 560.8
1071930 562.1
1071940 562.1
1071950 562.4
1071960 562.3
1071970 561.7
1071980 561.7
1071990 560.8
1072000 560.5
1072010 560.5
1072020 560.5
1072030 560.5
1072040 560.5
1072050 560.8
1072060 561.3
1072070 561.3
1072080 561.2
1072090 561.1
1072100 561.1
1072110 561.4
1072120 561.7
1072130 561.7
1072140 561.7
1072150 561.5
1072160 561.5
1072170 561.6
1072180 559.8
1072190 559.8
1072200 558.6
1072210 558.2
1072220 558.2
1072230 557.8
1072240 557.5
1072250 557.7
1072260 557.7
1072270 558.0
1072280 557.8
1072290 557.8
1072300 556.3
1072310 556.3
1072320 556.3
1072330 557.3
1072340 555.8
1072350 555.8
1072360 554.1
1072370 553.4
1072380 553.4
1072390 552.5
1072400 551.2
1072410 551.2
1072420 549.6
1072430 548.2
1072440 548.2
1072450 546.2
1072460 544.3
1072470 544.3
1072480 542.9
1072490 541.4
1072500 540.0
1072510 540.0
1072520 538.3
1072530 537.6
1072540 537.6
1072550 537.5
1072560 536.3
1072570 536.3
1072580 536.1
1072590 535.6
1072600 535.6
1072610 534.5
1072620 533.3
1072630 533.3
1072640 532.6
1072650 532.3
1072660 532.3
1072670 532.2
1072680 532.0
1072690 532.0
1072700 531.8
1072710 531.3
1072720 531.3
1072730 531.0
1072740 530.6
1072750 530.6
1072760 529.9
1072770 529.3
1072780 529.3
1072790 529.3
1072800 529.7
1072810 529.7
1072820 529.7
1072830 529.4
1072840 529.7
1072850 529.7
1072860 529.9
1072870 530.3
1072880 530.3
1072890 530.7
1072900 531.4
1072910 531.4
1072920 532.1
1072930 532.5
1072940 532.5
1072950 532.7
1072960 532.9
1072970 532.9
1072980 533.4
1072990 534.1
1073000 534.1
1073010 535.0
1073020 536.9
1073030 539.1
1073040 539.1
1073050 540.2
1073060 540.8
1073070 540.8
1073080 540.6
1073090 540.3
1073100 540.3
1073110 540.9
1073120 541.9
1073130 541.9
1073140 543.2
1073150 545.3
1073160 545.3
1073170 547.0
1073180 548.2
1073190 548.2
1073200 549.4
1073210 550.9
1073220 550.9
1073230 553.1
1073240 553.1
1073250 553.1
1073260 553.1
1073270 552.9
1073280 552.9
1073290 553.3
1073300 554.8
1073310 556.2
1073320 556.2
1073330 557.1
1073340 556.2
1073350 556.2
1073360 554.9
1073370 554.5
1073380 554.5
1073390 555.3
1073400 556.9
1073410 556.9
1073420 558.7
1073430 560.1
1073440 560.1
1073450 562.5
1073460 564.9
1073470 564.9
1073480 566.8
1073490 567.2
1073500 567.2
1073510 565.7
1073520 564.6
1073530 564.6
1073540 565.1
1073550 566.6
1073560 570.4
1073570 570.4
1073580 575.9
1073590 580.7
1073600 580.7
1073610 585.2
1073620 588.1
1073630 588.1
1073640 589.6
1073650 591.3
1073660 591.3
1073670 593.7
1073680 596.8
1073690 596.8
1073700 600.8
1073710 604.8
1073720 604.8
1073730 607.6
1073740 611.6
1073750 611.6
1073760 617.3
1073770 621.3
1073780 621.3
1073790 621.2
1073800 621.5
1073810 621.5
1073820 623.4
1073830 625.5
1073840 627.4
1073850 633.1
1073860 632.8
1073870 631.6
1073880 631.6
1073890 631.1
1073900 632.3
1073910 632.3
1073920 634.2
1073930 637.1
1073940 637.1
1073950 640.3
1073960 643.5
1073970 643.5
1073980 645.5
1073990 648.0
1074000 648.0
1074010 651.2
1074020 654.3
1074030 654.3
1074040 656.9
1074050 659.1
1074060 659.1
1074070 661.5
1074080 662.9
1074090 664.5
1074100 664.5
1074110 666.7
1074120 669.7
1074130 669.7
1074140 672.8
1074150 674.0
1074160 676.0
1074170 676.2
1074180 677.3
1074190 677.3
1074200 677.7
1074210 677.5
1074220 677.5
1074230 677.2
1074240 676.6
1074250 676.6
1074260 675.6
1074270 674.3
1074280 674.3
1074290 673.9
1074300 674.2
1074310 674.2
1074320 677.0
1074330 681.1
1074340 681.1
1074350 684.8
1074360 688.9
1074370 693.0
1074380 693.0
1074390 696.5
1074400 698.6
1074410 698.6
1074420 699.1
1074430 700.2
1074440 700.2
1074450 700.5
1074460 699.7
1074470 697.8
1074480 696.5
1074490 695.4
1074500 695.4
1074510 694.3
1074520 692.6
1074530 692.6
1074540 688.9
1074550 687.6
1074560 687.6
1074570 686.6
1074580 684.4
1074590 684.4
1074600 680.8
1074610 679.1
1074620 680.1
1074630 680.1
1074640 681.5
1074650 682.9
1074660 682.9
1074670 683.0
1074680 681.5
1074690 681.5
1074700 678.3
1074710 675.3
1074720 675.3
1074730 675.0
1074740 675.1
1074750 675.1
1074760 673.7
1074770 671.3
1074780 669.9
1074790 666.2
1074800 663.8
1074810 663.8
1074820 665.9
1074830 666.2
1074840 666.2
1074850 664.6
1074860 663.6
1074870 663.6
1074880 663.6
1074890 663.0
1074900 662.2
1074910 662.2
1074920 661.3
1074930 660.2
1074940 660.2
1074950 658.4
1074960 655.4
1074970 655.4
1074980 654.2
1074990 655.9
1075000 655.9
1075010 657.5
1075020 657.3
1075030 657.3
1075040 655.8
1075050 652.0
1075060 652.0
1075070 647.7
1075080 644.4
1075090 641.6
1075100 638.0
1075110 634.3
1075120 634.3
1075130 633.8
1075140 637.5
1075150 639.3
1075160 639.3
1075170 638.0
1075180 637.2
1075190 637.2
1075200 633.0
1075210 618.6
1075220 618.6
1075230 598.6
1075240 590.1
1075250 590.1
1075260 582.4
1075270 575.2
1075280 575.2
1075290 568.6
1075300 564.0
1075310 564.0
1075320 562.8
1075330 563.7
1075340 563.7
1075350 568.5
1075360 574.2
1075370 574.2
1075380 581.4
1075390 589.3
1075400 591.6
1075410 604.6
1075420 626.6
1075430 643.0
1075440 643.0
1075450 647.7
1075460 651.0
1075470 651.0
1075480 653.2
1075490 654.2
1075500 654.2
1075510 655.1
1075520 655.6
1075530 655.6
1075540 649.5
1075550 644.7
1075560 644.7
1075570 646.8
1075580 650.5
1075590 650.5
1075600 652.5
1075610 654.5
1075620 654.5
1075630 656.2
1075640 656.7
1075650 656.7
1075660 656.6
1075670 658.6
1075680 662.7
1075690 662.7
1075700 665.9
1075710 664.4
1075720 664.4
1075730 664.0
1075740 662.3
1075750 662.3
1075760 663.9
1075770 668.5
1075780 668.5
1075790 669.7
1075800 670.0
1075810 670.0
1075820 670.4
1075830 669.8
1075840 669.8
1075850 670.0
1075860 670.6
1075870 670.6
1075880 671.2
1075890 672.8
1075900 672.8
1075910 676.0
1075920 680.1
1075930 680.1
1075940 685.8
1075950 689.0
1075960 690.5
1075970 690.5
1075980 691.8
1075990 693.5
1076000 693.5
1076010 695.2
1076020 694.3
1076030 694.3
1076040 695.2
1076050 695.5
1076060 695.5
1076070 694.4
1076080 691.0
1076090 691.0
1076100 689.8
1076110 688.6
1076120 688.6
1076130 687.9
1076140 687.4
1076150 687.4
1076160 686.3
1076170 684.1
1076180 684.1
1076190 682.1
1076200 682.1
1076210 682.7
1076220 682.7
1076230 683.0
1076240 683.0
1076250 683.0
1076260 682.6
1076270 682.1
1076280 682.1
1076290 682.2
1076300 682.4
1076310 682.4
1076320 681.9
1076330 676.7
1076340 676.7
1076350 675.4
1076360 675.0
1076370 675.0
1076380 676.5
1076390 675.8
1076400 675.8
1076410 675.3
1076420 674.1
1076430 674.1
1076440 672.8
1076450 672.1
1076460 672.1
1076470 670.9
1076480 669.9
1076490 669.1
1076500 669.1
1076510 669.2
1076520 670.2
1076530 670.2
1076540 672.3
1076550 675.6
1076560 675.6
1076570 678.0
1076580 678.7
1076590 678.7
1076600 679.5
1076610 680.6
1076620 680.6
1076630 682.2
1076640 684.5
1076650 681.9
1076660 682.5
1076670 680.7
1076680 680.7
1076690 679.4
1076700 679.0
1076710 679.0
1076720 679.2
1076730 679.5
1076740 679.8
1076750 679.8
1076760 680.5
1076770 681.6
1076780 681.6
1076790 683.2
1076800 684.7
1076810 684.7
1076820 686.1
1076830 687.2
1076840 687.2
1076850 688.7
1076860 690.1
1076870 690.1
1076880 690.6
1076890 689.9
1076900 689.9
1076910 690.0
1076920 694.0
1076930 694.0
1076940 695.9
1076950 696.3
1076960 694.4
1076970 694.6
1076980 695.0
1076990 695.0
1077000 695.6
1077010 696.4
1077020 697.0
1077030 697.0
1077040 697.3
1077050 698.1
1077060 698.1
1077070 699.7
1077080 702.3
1077090 702.3
1077100 704.9
1077110 707.7
1077120 707.7
1077130 710.8
1077140 714.8
1077150 714.8
1077160 716.4
1077170 717.6
1077180 717.6
1077190 718.5
1077200 719.6
1077210 719.6
1077220 721.0
1077230 722.4
1077240 722.4
1077250 723.5
1077260 724.3
1077270 722.0
1077280 722.0
1077290 722.9
1077300 722.2
1077310 722.2
1077320 715.9
1077330 708.8
1077340 708.8
1077350 704.2
1077360 701.6
1077370 701.6
1077380 697.8
1077390 695.5
1077400 695.5
1077410 692.6
1077420 691.6
1077430 691.6
1077440 690.8
1077450 690.9
1077460 690.9
1077470 687.9
1077480 681.3
1077490 681.3
1077500 677.8
1077510 683.8
1077520 683.8
1077530 691.7
1077540 702.5
1077550 711.8
1077560 711.8
1077570 719.3
1077580 729.5
1077590 729.5
1077600 733.5
1077610 734.7
1077620 734.7
1077630 736.9
1077640 739.7
1077650 739.7
1077660 742.5
1077670 747.1
1077680 747.1
1077690 753.1
1077700 758.7
1077710 758.7
1077720 763.3
1077730 766.8
1077740 766.8
1077750 767.8
1077760 768.8
1077770 768.8
1077780 769.2
1077790 768.9
1077800 767.5
1077810 767.5
1077820 769.2
1077830 772.8
1077840 772.8
1077850 775.6
1077860 777.2
1077870 777.2
1077880 778.0
1077890 777.1
1077900 777.1
1077910 777.6
1077920 778.9
1077930 778.9
1077940 780.3
1077950 783.4
1077960 783.4
1077970 789.0
1077980 795.8
1077990 795.8
1078000 802.3
1078010 808.2
1078020 808.2
1078030 813.3
1078040 818.1
1078050 818.1
1078060 823.0
1078070 827.0
1078080 831.6
1078090 831.6
1078100 834.7
1078110 837.0
1078120 837.0
1078130 840.1
1078140 842.0
1078150 842.0
1078160 844.8
1078170 847.1
1078180 847.1
1078190 849.4
1078200 852.2
1078210 850.1
1078220 852.4
1078230 856.0
1078240 856.0
1078250 860.7
1078260 866.3
1078270 866.3
1078280 870.2
1078290 873.2
1078300 873.2
1078310 875.3
1078320 877.4
1078330 879.8
1078340 879.8
1078350 881.9
1078360 883.7
1078370 883.7
1078380 886.4
1078390 890.1
1078400 890.1
1078410 893.2
1078420 896.2
1078430 896.2
1078440 898.4
1078450 899.6
1078460 899.6
1078470 901.1
1078480 901.4
1078490 901.4
1078500 903.0
1078510 905.6
1078520 904.0
1078530 905.4
1078540 906.3
1078550 906.3
1078560 907.3
1078570 908.7
1078580 908.7
1078590 910.0
1078600 912.0
1078610 914.0
1078620 914.0
1078630 916.0
1078640 918.1
1078650 918.1
1078660 921.5
1078670 924.7
1078680 924.7
1078690 927.6
1078700 932.4
1078710 932.4
1078720 935.3
1078730 936.6
1078740 936.6
1078750 936.9
1078760 937.5
1078770 937.5
1078780 938.7
1078790 939.5
1078800 939.5
1078810 940.1
1078820 941.1
1078830 937.5
1078840 937.8
1078850 938.7
1078860 940.2
1078870 940.2
1078880 942.3
1078890 945.5
1078900 945.5
1078910 949.5
1078920 951.7
1078930 951.7
1078940 951.6
1078950 952.1
1078960 952.1
1078970 952.2
1078980 952.6
1078990 952.6
1079000 952.8
1079010 953.2
1079020 953.2
1079030 953.8
1079040 954.0
1079050 954.0
1079060 954.0
1079070 954.1
1079080 954.1
1079090 954.6
1079100 955.5
1079110 955.5
1079120 957.0
1079130 958.8
1079140 961.2
1079150 958.4
1079160 960.7
1079170 963.1
1079180 963.1
1079190 965.2
1079200 967.4
1079210 967.4
1079220 969.3
1079230 971.1
1079240 971.1
1079250 972.6
1079260 974.2
1079270 974.2
1079280 975.8
1079290 977.6
1079300 977.6
1079310 979.3
1079320 980.6
1079330 980.6
1079340 981.8
1079350 983.8
1079360 983.8
1079370 986.6
1079380 988.0
1079390 988.0
1079400 990.2
1079410 993.2
1079420 996.0
1079430 996.0
1079440 999.1
1079450 1001.8
1079460 1000.3
1079470 1004.5
1079480 1006.2
1079490 1006.2
1079500 1010.3
1079510 1014.4
1079520 1014.4
1079530 1019.0
1079540 1023.5
1079550 1023.5
1079560 1027.7
1079570 1032.8
1079580 1032.8
1079590 1038.4
1079600 1043.5
1079610 1043.5
1079620 1046.0
1079630 1050.8
1079640 1050.8
1079650 1055.7
1079660 1060.3
1079670 1065.5
1079680 1065.5
1079690 1070.9
1079700 1076.6
1079710 1076.6
1079720 1081.6
1079730 1085.9
1079740 1085.9
1079750 1089.9
1079760 1093.7
1079770 1093.7
1079780 1096.2
1079790 1100.4
1079800 1100.4
1079810 1105.4
1079820 1110.7
1079830 1110.7
1079840 1115.4
1079850 1119.4
1079860 1119.4
1079870 1123.1
1079880 1126.2
1079890 1126.2
1079900 1129.6
1079910 1133.4
1079920 1133.4
1079930 1137.3
1079940 1141.7
1079950 1146.6
1079960 1146.6
1079970 1151.2
1079980 1154.0
1079990 1154.0
