1064670 628.5
1064680 628.6
1064690 628.6
1064700 630.7
1064710 632.3
1064720 632.3
1064730 632.8
1064740 634.3
1064750 634.3
1064760 640.9
1064770 642.5
1064780 642.5
1064790 643.7
1064800 645.1
1064810 645.1
1064820 646.9
1064830 649.1
1064840 649.1
1064850 650.3
1064860 652.9
1064870 655.9
1064880 655.9
1064890 656.5
1064900 656.8
1064910 656.8
1064920 657.3
1064930 657.9
1064940 657.9
1064950 658.5
1064960 659.4
1064970 659.4
1064980 660.1
1064990 660.4
1065000 660.4
1065010 660.5
1065020 660.4
1065030 660.4
1065040 659.9
1065050 659.8
1065060 661.1
1065070 662.6
1065080 664.1
1065090 664.1
1065100 665.1
1065110 666.2
1065120 666.2
1065130 667.0
1065140 667.2
1065150 663.0
1065160 663.0
1065170 645.3
1065180 638.2
1065190 638.2
1065200 631.1
1065210 624.2
1065220 624.2
1065230 617.8
1065240 611.8
1065250 611.8
1065260 605.8
1065270 599.6
1065280 599.6
1065290 593.4
1065300 587.4
1065310 587.4
1065320 581.6
1065330 575.4
1065340 575.4
1065350 569.5
1065360 563.3
1065370 561.8
1065380 555.8
1065390 549.7
1065400 545.6
1065410 545.6
1065420 542.5
1065430 541.1
1065440 541.1
1065450 540.4
1065460 539.7
1065470 539.7
1065480 539.3
1065490 538.9
1065500 538.9
1065510 538.2
1065520 535.9
1065530 535.9
1065540 533.6
1065550 531.0
1065560 531.0
1065570 529.6
1065580 528.8
1065590 528.8
1065600 528.2
1065610 527.8
1065620 527.8
1065630 527.5
1065640 527.2
1065650 527.2
1065660 526.9
1065670 527.1
1065680 527.2
1065690 527.2
1065700 528.1
1065710 530.9
1065720 530.9
1065730 536.5
1065740 543.7
1065750 543.7
1065760 550.0
1065770 552.2
1065780 552.2
1065790 551.9
1065800 550.9
1065810 550.9
1065820 548.7
1065830 547.4
1065840 547.4
1065850 546.7
1065860 546.2
1065870 546.2
1065880 544.6
1065890 542.2
1065900 542.2
1065910 538.2
1065920 533.3
1065930 529.4
1065940 529.4
1065950 523.5
1065960 516.1
1065970 516.1
1065980 506.2
1065990 500.1
1066000 500.1
1066010 495.1
1066020 487.2
1066030 487.2
1066040 480.4
1066050 475.8
1066060 475.8
1066070 472.3
1066080 468.5
1066090 468.5
1066100 465.7
1066110 464.1
1066120 464.1
1066130 462.7
1066140 460.9
1066150 460.9
1066160 458.4
1066170 456.2
1066180 456.2
1066190 454.9
1066200 454.2
1066210 453.2
1066220 453.2
1066230 452.4
1066240 451.6
1066250 451.6
1066260 451.1
1066270 450.9
1066280 450.2
1066290 450.3
1066300 450.3
1066310 450.3
1066320 450.3
1066330 450.3
1066340 450.3
1066350 450.5
1066360 451.1
1066370 451.1
1066380 452.1
1066390 452.6
1066400 452.6
1066410 453.4
1066420 455.4
1066430 455.4
1066440 456.7
1066450 456.7
1066460 456.7
1066470 456.1
1066480 455.1
1066490 454.5
1066500 454.5
1066510 452.8
1066520 451.5
1066530 451.5
1066540 450.7
1066550 449.4
1066560 449.4
1066570 449.0
1066580 448.8
1066590 448.8
1066600 448.9
1066610 448.9
1066620 448.9
1066630 448.9
1066640 449.0
1066650 449.0
1066660 449.2
1066670 449.3
1066680 449.3
1066690 449.4
1066700 449.4
1066710 449.4
1066720 449.4
1066730 449.3
1066740 449.3
1066750 449.3
1066760 449.3
1066770 449.2
1066780 449.2
1066790 449.3
1066800 449.3
1066810 449.3
1066820 449.6
1066830 449.8
1066840 449.8
1066850 449.9
1066860 449.7
1066870 449.7
1066880 449.6
1066890 449.7
1066900 449.7
1066910 449.7
1066920 449.7
1066930 449.7
1066940 449.6
1066950 450.2
1066960 450.2
1066970 450.9
1066980 450.3
1066990 450.3
1067000 450.2
1067010 450.1
1067020 450.0
1067030 450.0
1067040 450.3
1067050 450.6
1067060 450.6
1067070 450.5
1067080 450.5
1067090 450.5
1067100 450.5
1067110 450.4
1067120 450.4
1067130 450.4
1067140 450.3
1067150 450.3
1067160 450.3
1067170 450.4
1067180 450.4
1067190 450.5
1067200 450.3
1067210 450.3
1067220 450.3
1067230 450.3
1067240 450.3
1067250 450.2
1067260 450.1
1067270 450.1
1067280 450.1
1067290 450.3
1067300 451.1
1067310 451.1
1067320 451.9
1067330 451.9
1067340 451.9
1067350 451.5
1067360 451.2
1067370 451.2
1067380 446.7
1067390 450.7
1067400 450.7
1067410 452.1
1067420 449.9
1067430 449.9
1067440 446.1
1067450 444.7
1067460 444.7
1067470 444.7
1067480 445.3
1067490 445.3
1067500 448.0
1067510 451.5
1067520 451.5
1067530 449.9
1067540 449.8
1067550 450.6
1067560 450.6
1067570 450.5
1067580 450.4
1067590 450.4
1067600 450.4
1067610 450.5
1067620 450.5
1067630 450.9
1067640 451.0
1067650 451.0
1067660 450.6
1067670 450.3
1067680 450.3
1067690 450.3
1067700 450.5
1067710 450.5
1067720 451.1
1067730 451.1
1067740 451.1
1067750 451.1
1067760 451.1
1067770 451.1
1067780 451.1
1067790 451.0
1067800 451.0
1067810 451.0
1067820 450.8
1067830 451.1
1067840 451.1
1067850 451.9
1067860 455.0
1067870 455.0
1067880 461.7
1067890 469.1
1067900 469.1
1067910 476.4
1067920 485.7
1067930 485.7
1067940 540.8
1067950 551.9
1067960 551.9
1067970 560.1
1067980 565.7
1067990 565.7
1068000 565.8
1068010 565.9
1068020 565.9
1068030 565.9
1068040 566.0
1068050 566.0
1068060 566.0
1068070 566.1
1068080 565.2
1068090 565.2
1068100 565.1
1068110 560.2
1068120 560.2
1068130 556.4
1068140 550.8
1068150 550.8
1068160 549.0
1068170 545.7
1068180 545.7
1068190 544.6
1068200 544.7
1068210 544.7
1068220 543.8
1068230 542.5
1068240 542.5
1068250 541.1
1068260 538.8
1068270 538.8
1068280 536.7
1068290 534.5
1068300 534.5
1068310 531.8
1068320 529.0
1068330 529.0
1068340 525.9
1068350 522.9
1068360 519.8
1068370 519.8
1068380 516.8
1068390 513.9
1068400 513.9
1068410 510.9
1068420 506.1
1068430 506.1
1068440 503.4
1068450 499.2
1068460 499.2
1068470 495.6
1068480 492.3
1068490 492.3
1068500 489.4
1068510 487.0
1068520 487.0
1068530 484.9
1068540 482.9
1068550 482.9
1068560 481.2
1068570 479.7
1068580 479.7
1068590 478.6
1068600 477.5
1068610 476.6
1068620 476.6
1068630 475.9
1068640 475.3
1068650 475.3
1068660 474.9
1068670 474.2
1068680 474.2
1068690 474.0
1068700 473.9
1068710 473.9
1068720 472.7
1068730 472.2
1068740 472.2
1068750 471.5
1068760 470.3
1068770 470.3
1068780 468.7
1068790 466.9
1068800 466.9
1068810 464.9
1068820 462.4
1068830 462.4
1068840 459.6
1068850 457.3
1068860 457.3
1068870 456.3
1068880 455.8
1068890 455.6
1068900 455.6
1068910 455.6
1068920 455.5
1068930 455.5
1068940 455.6
1068950 455.9
1068960 455.9
1068970 455.8
1068980 455.7
1068990 455.7
1069000 455.4
1069010 455.3
1069020 455.3
1069030 455.4
1069040 455.4
1069050 455.4
1069060 455.4
1069070 455.6
1069080 455.6
1069090 455.6
1069100 455.4
1069110 455.4
1069120 454.8
1069130 455.1
1069140 455.1
1069150 455.8
1069160 455.9
1069170 456.0
1069180 456.0
1069190 455.9
1069200 455.8
1069210 455.8
1069220 455.8
1069230 455.8
1069240 455.8
1069250 455.7
1069260 455.7
1069270 455.7
1069280 455.7
1069290 455.7
1069300 455.7
1069310 455.9
1069320 455.8
1069330 456.2
1069340 461.2
1069350 465.5
1069360 465.5
1069370 465.9
1069380 464.8
1069390 464.8
1069400 463.3
1069410 462.6
1069420 462.1
1069430 462.1
1069440 462.2
1069450 463.1
1069460 463.1
1069470 464.1
1069480 465.6
1069490 465.6
1069500 467.3
1069510 469.5
1069520 469.5
1069530 471.5
1069540 472.6
1069550 472.6
1069560 474.3
1069570 477.6
1069580 477.6
1069590 481.7
1069600 485.6
1069610 485.6
1069620 488.9
1069630 492.0
1069640 497.2
1069650 500.5
1069660 503.4
1069670 503.4
1069680 506.2
1069690 509.2
1069700 511.0
1069710 511.0
1069720 512.7
1069730 514.6
1069740 514.6
1069750 515.8
1069760 517.6
1069770 517.6
1069780 519.0
1069790 520.6
1069800 520.6
1069810 522.7
1069820 524.8
1069830 524.8
1069840 526.3
1069850 527.5
1069860 527.5
1069870 527.5
1069880 527.2
1069890 527.2
1069900 526.9
1069910 527.3
1069920 527.3
1069930 527.2
1069940 528.7
1069950 536.0
1069960 536.0
1069970 539.3
1069980 545.5
1069990 545.5
1070000 553.3
1070010 554.8
1070020 554.8
1070030 557.4
1070040 561.6
1070050 561.6
1070060 566.5
1070070 572.8
1070080 572.8
1070090 579.9
1070100 587.3
1070110 587.3
1070120 593.7
1070130 597.7
1070140 597.7
1070150 601.1
1070160 602.3
1070170 602.3
1070180 602.8
1070190 603.8
1070200 603.8
1070210 603.7
1070220 603.7
1070230 603.6
1070240 603.6
1070250 601.7
1070260 601.1
1070270 601.1
1070280 600.4
1070290 599.9
1070300 599.9
1070310 599.4
1070320 598.6
1070330 598.6
1070340 598.3
1070350 598.7
1070360 598.7
1070370 599.2
1070380 599.4
1070390 599.4
1070400 600.8
1070410 600.5
1070420 600.5
1070430 598.9
1070440 597.4
1070450 597.4
1070460 596.1
1070470 595.4
1070480 595.4
1070490 594.5
1070500 594.0
1070510 593.4
1070520 593.4
1070530 592.4
1070540 591.5
1070550 591.5
1070560 589.4
1070570 588.7
1070580 588.7
1070590 587.7
1070600 587.2
1070610 587.2
1070620 587.1
1070630 585.5
1070640 585.5
1070650 584.9
1070660 584.8
1070670 584.8
1070680 584.5
1070690 584.0
1070700 584.0
1070710 583.3
1070720 582.7
1070730 582.7
1070740 582.0
1070750 581.5
1070760 581.3
1070770 581.3
1070780 581.6
1070790 581.8
1070800 581.8
1070810 581.8
1070820 581.9
1070830 581.9
1070840 582.1
1070850 582.2
1070860 582.2
1070870 582.0
1070880 582.2
1070890 582.2
1070900 582.6
1070910 582.9
1070920 582.9
1070930 583.1
1070940 583.6
1070950 583.6
1070960 584.3
1070970 584.8
1070980 584.8
1070990 584.9
1071000 585.2
1071010 585.2
1071020 585.1
1071030 584.8
1071040 584.8
1071050 584.8
1071060 584.8
1071070 585.5
1071080 585.5
1071090 586.3
1071100 586.9
1071110 586.9
1071120 587.4
1071130 588.4
1071140 588.4
1071150 589.4
1071160 590.5
1071170 590.5
1071180 591.6
1071190 593.3
1071200 593.3
1071210 593.9
1071220 594.1
1071230 594.1
1071240 594.2
1071250 594.1
1071260 594.1
1071270 594.1
1071280 593.7
1071290 592.7
1071300 592.7
1071310 592.5
1071320 592.6
1071330 592.6
1071340 592.3
1071350 592.3
1071360 592.3
1071370 592.3
1071380 592.5
1071390 592.5
1071400 592.5
1071410 592.2
1071420 592.2
1071430 592.8
1071440 593.9
1071450 593.9
1071460 594.7
1071470 594.8
1071480 595.0
1071490 594.4
1071500 594.2
1071510 594.2
1071520 594.1
1071530 593.6
1071540 593.6
1071550 592.7
1071560 592.6
1071570 592.7
1071580 592.7
1071590 592.1
1071600 592.4
1071610 592.4
1071620 593.1
1071630 594.4
1071640 594.4
1071650 595.9
1071660 596.6
1071670 596.6
1071680 596.8
1071690 596.5
1071700 596.5
1071710 596.7
1071720 597.5
1071730 597.5
1071740 597.9
1071750 598.3
1071760 598.3
1071770 598.9
1071780 599.6
1071790 599.1
1071800 599.6
1071810 600.2
1071820 600.2
1071830 601.3
1071840 601.9
1071850 602.4
1071860 602.4
1071870 603.2
1071880 603.5
1071890 603.5
1071900 603.9
1071910 604.5
1071920 604.5
1071930 605.3
1071940 606.0
1071950 606.0
1071960 606.7
1071970 607.1
1071980 607.1
1071990 607.2
1072000 607.3
1072010 607.3
1072020 607.9
1072030 608.8
1072040 608.8
1072050 609.4
1072060 610.0
1072070 610.0
1072080 610.7
1072090 611.7
1072100 610.5
1072110 610.5
1072120 611.8
1072130 612.9
1072140 612.9
1072150 613.4
1072160 611.9
1072170 611.9
1072180 606.3
1072190 602.9
1072200 602.9
1072210 599.8
1072220 597.1
1072230 597.1
1072240 595.1
1072250 592.6
1072260 592.6
1072270 590.9
1072280 589.4
1072290 589.4
1072300 587.8
1072310 586.2
1072320 586.2
1072330 584.7
1072340 583.9
1072350 583.9
1072360 583.2
1072370 582.3
1072380 581.2
1072390 581.2
1072400 580.2
1072410 577.9
1072420 577.9
1072430 576.5
1072440 575.5
1072450 575.5
1072460 574.3
1072470 572.8
1072480 572.8
1072490 571.2
1072500 569.8
1072510 569.8
1072520 568.4
1072530 566.8
1072540 566.8
1072550 565.0
1072560 563.2
1072570 563.2
1072580 561.6
1072590 560.1
1072600 560.1
1072610 559.4
1072620 559.1
1072630 558.2
1072640 558.2
1072650 556.9
1072660 555.9
1072670 555.9
1072680 554.5
1072690 553.7
1072700 553.7
1072710 553.2
1072720 553.3
1072730 553.3
1072740 552.5
1072750 550.8
1072760 550.8
1072770 550.1
1072780 550.1
1072790 550.1
1072800 549.7
1072810 547.3
1072820 547.3
1072830 546.0
1072840 544.7
1072850 544.7
1072860 543.7
1072870 543.1
1072880 543.1
1072890 542.6
1072900 542.3
1072910 542.1
1072920 542.1
1072930 542.1
1072940 542.1
1072950 542.1
1072960 542.8
1072970 544.7
1072980 544.7
1072990 545.5
1073000 544.5
1073010 544.5
1073020 542.4
1073030 538.8
1073040 538.8
1073050 538.2
1073060 537.3
1073070 537.3
1073080 536.4
1073090 535.3
1073100 535.3
1073110 534.3
1073120 532.9
1073130 532.9
1073140 530.7
1073150 526.7
1073160 523.0
1073170 523.0
1073180 518.9
1073190 514.3
1073200 514.3
1073210 509.6
1073220 505.3
1073230 505.3
1073240 501.4
1073250 499.7
1073260 499.7
1073270 498.3
1073280 497.3
1073290 497.3
1073300 497.1
1073310 497.0
1073320 497.0
1073330 496.8
1073340 496.8
1073350 496.8
1073360 496.7
1073370 496.8
1073380 496.8
1073390 497.1
1073400 497.1
1073410 497.1
1073420 496.7
1073430 496.3
1073440 496.0
1073450 496.0
1073460 495.9
1073470 496.0
1073480 496.0
1073490 495.9
1073500 495.8
1073510 495.8
1073520 495.7
1073530 495.6
1073540 495.6
1073550 496.0
1073560 497.0
1073570 497.0
1073580 498.7
1073590 501.1
1073600 501.1
1073610 504.4
1073620 507.9
1073630 507.9
1073640 510.4
1073650 508.6
1073660 508.6
1073670 508.2
1073680 504.2
1073690 504.2
1073700 499.3
1073710 499.2
1073720 499.0
1073730 499.0
1073740 499.6
1073750 500.3
1073760 500.3
1073770 501.1
1073780 499.7
1073790 499.7
1073800 498.0
1073810 496.5
1073820 496.5
1073830 494.4
1073840 492.7
1073850 492.7
1073860 491.6
1073870 491.2
1073880 491.2
1073890 491.5
1073900 491.4
1073910 491.4
1073920 491.2
1073930 491.0
1073940 491.0
1073950 490.8
1073960 490.7
1073970 490.5
1073980 490.5
1073990 490.5
1074000 490.5
1074010 490.5
1074020 490.6
1074030 490.7
1074040 490.7
1074050 490.9
1074060 491.1
1074070 491.1
1074080 491.1
1074090 491.2
1074100 491.2
1074110 491.3
1074120 491.4
1074130 491.4
1074140 491.5
1074150 491.6
1074160 491.6
1074170 491.8
1074180 491.9
1074190 491.9
1074200 492.0
1074210 492.1
1074220 492.1
1074230 492.4
1074240 492.8
1074250 492.9
1074260 492.9
1074270 492.8
1074280 492.9
1074290 492.9
1074300 493.1
1074310 493.7
1074320 493.7
1074330 494.0
1074340 494.0
1074350 494.0
1074360 493.9
1074370 493.7
1074380 493.7
1074390 493.6
1074400 493.6
1074410 493.6
1074420 494.1
1074430 495.2
1074440 495.2
1074450 494.8
1074460 494.4
1074470 494.4
1074480 494.1
1074490 493.4
1074500 493.5
1074510 493.5
1074520 493.2
1074530 492.5
1074540 492.5
1074550 492.2
1074560 492.2
1074570 492.2
1074580 492.9
1074590 492.8
1074600 492.8
1074610 492.8
1074620 493.0
1074630 493.0
1074640 493.5
1074650 494.3
1074660 494.3
1074670 495.5
1074680 497.6
1074690 497.6
1074700 500.0
1074710 502.5
1074720 502.5
1074730 505.4
1074740 508.7
1074750 508.7
1074760 510.9
1074770 512.4
1074780 514.2
1074790 514.2
1074800 516.4
1074810 518.9
1074820 518.9
1074830 521.9
1074840 524.4
1074850 524.4
1074860 526.5
1074870 529.0
1074880 529.0
1074890 530.0
1074900 533.6
1074910 533.6
1074920 535.6
1074930 539.7
1074940 539.7
1074950 545.7
1074960 552.4
1074970 552.4
1074980 558.9
1074990 564.5
1075000 564.5
1075010 569.9
1075020 575.7
1075030 581.1
1075040 581.1
1075050 585.9
1075060 591.1
1075070 591.1
1075080 596.6
1075090 602.9
1075100 602.9
1075110 609.7
1075120 616.5
1075130 616.5
1075140 623.6
1075150 630.8
1075160 630.8
1075170 637.7
1075180 645.2
1075190 645.2
1075200 649.4
1075210 656.4
1075220 656.4
1075230 661.7
1075240 667.1
1075250 667.1
1075260 671.3
1075270 677.4
1075280 677.4
1075290 682.5
1075300 704.8
1075310 728.0
1075320 728.0
1075330 733.3
1075340 737.2
1075350 737.2
1075360 741.8
1075370 745.6
1075380 745.6
1075390 747.0
1075400 745.9
1075410 745.9
1075420 747.1
1075430 748.3
1075440 748.3
1075450 749.5
1075460 751.0
1075470 751.0
1075480 753.0
1075490 755.9
1075500 755.9
1075510 756.5
1075520 757.7
1075530 757.7
1075540 759.2
1075550 760.3
1075560 760.3
1075570 760.5
1075580 759.6
1075590 758.7
1075600 758.7
1075610 756.4
1075620 759.8
1075630 759.8
1075640 762.8
1075650 763.0
1075660 763.0
1075670 765.0
1075680 766.3
1075690 766.3
1075700 766.1
1075710 765.4
1075720 765.4
1075730 760.3
1075740 756.6
1075750 756.6
1075760 755.7
1075770 756.6
1075780 756.6
1075790 757.7
1075800 759.5
1075810 759.5
1075820 759.7
1075830 762.7
1075840 765.7
1075850 765.7
1075860 767.5
1075870 769.3
1075880 769.3
1075890 772.2
1075900 775.9
1075910 775.9
1075920 779.0
1075930 780.9
1075940 780.9
1075950 781.8
1075960 782.2
1075970 782.2
1075980 782.6
1075990 783.2
1076000 783.2
1076010 784.2
1076020 785.6
1076030 785.6
1076040 787.7
1076050 790.6
1076060 790.6
1076070 793.2
1076080 795.3
1076090 795.3
1076100 798.2
1076110 802.7
1076120 808.1
1076130 807.4
1076140 812.1
1076150 814.7
1076160 814.7
1076170 816.5
1076180 817.5
1076190 817.5
1076200 818.8
1076210 820.2
1076220 820.2
1076230 821.5
1076240 822.8
1076250 822.8
1076260 824.1
1076270 825.7
1076280 825.7
1076290 828.6
1076300 831.6
1076310 831.6
1076320 834.6
1076330 837.2
1076340 837.2
1076350 839.7
1076360 840.9
1076370 840.3
1076380 840.3
1076390 839.7
1076400 841.3
1076410 841.3
1076420 843.3
1076430 846.0
1076440 845.4
1076450 848.5
1076460 852.2
1076470 852.2
1076480 854.4
1076490 856.7
1076500 856.7
1076510 860.3
1076520 863.9
1076530 863.9
1076540 865.9
1076550 866.5
1076560 866.5
1076570 868.0
1076580 870.5
1076590 870.5
1076600 873.3
1076610 876.5
1076620 876.5
1076630 881.4
1076640 888.2
1076650 895.1
1076660 895.1
1076670 899.2
1076680 901.5
1076690 901.5
1076700 902.1
1076710 901.8
1076720 901.8
1076730 901.2
1076740 900.9
1076750 900.9
1076760 893.7
1076770 894.3
1076780 894.3
1076790 895.1
1076800 896.4
1076810 896.4
1076820 897.4
1076830 897.8
1076840 897.8
1076850 897.8
1076860 898.1
1076870 898.1
1076880 898.5
1076890 899.0
1076900 899.5
1076910 899.5
1076920 899.9
1076930 900.1
1076940 900.1
1076950 900.2
1076960 900.2
1076970 900.2
1076980 900.7
1076990 902.0
1077000 902.0
1077010 904.3
1077020 905.3
1077030 905.3
1077040 906.4
1077050 908.8
1077060 908.8
1077070 909.8
1077080 912.8
1077090 912.8
1077100 915.8
1077110 917.9
1077120 917.9
1077130 918.5
1077140 920.6
1077150 920.6
1077160 923.9
1077170 929.7
1077180 936.7
1077190 936.7
1077200 946.6
1077210 954.2
1077220 954.2
1077230 956.5
1077240 960.0
1077250 960.0
1077260 963.3
1077270 964.4
1077280 964.4
1077290 965.6
1077300 965.7
1077310 965.7
1077320 964.4
1077330 964.6
1077340 964.6
1077350 963.6
1077360 960.3
1077370 960.3
1077380 955.3
1077390 952.0
1077400 952.0
1077410 948.9
1077420 945.9
1077430 945.9
1077440 943.2
1077450 941.0
1077460 939.3
1077470 939.3
1077480 938.5
1077490 937.5
1077500 937.5
1077510 936.1
1077520 935.1
1077530 935.1
1077540 933.9
1077550 932.5
1077560 932.5
1077570 930.7
1077580 929.0
1077590 929.0
1077600 926.9
1077610 925.0
1077620 925.0
1077630 923.7
1077640 922.2
1077650 922.2
1077660 921.4
1077670 920.4
1077680 920.4
1077690 917.4
1077700 916.9
1077710 916.5
1077720 916.5
1077730 913.5
1077740 909.5
1077750 909.5
1077760 903.8
1077770 902.3
1077780 902.3
1077790 903.9
1077800 905.1
1077810 905.1
1077820 905.0
1077830 906.4
1077840 906.4
1077850 907.7
1077860 907.4
1077870 907.4
1077880 903.7
1077890 897.1
1077900 897.1
1077910 891.6
1077920 899.2
1077930 899.2
1077940 908.1
1077950 905.1
1077960 905.1
1077970 904.8
1077980 912.8
1077990 914.7
1078000 914.7
1078010 915.4
1078020 917.6
1078030 917.6
1078040 920.0
1078050 923.1
1078060 923.1
1078070 925.3
1078080 930.3
1078090 930.3
1078100 935.7
1078110 940.2
1078120 940.2
1078130 943.6
1078140 945.7
1078150 945.7
1078160 948.0
1078170 949.8
1078180 949.8
1078190 951.9
1078200 954.7
1078210 954.7
1078220 956.6
1078230 958.3
1078240 959.6
1078250 959.6
1078260 960.8
1078270 962.1
1078280 962.1
1078290 962.8
1078300 963.2
1078310 963.2
1078320 961.6
1078330 962.6
1078340 962.6
1078350 964.0
1078360 967.1
1078370 967.1
1078380 973.5
1078390 978.3
1078400 978.3
1078410 982.7
1078420 991.0
1078430 991.0
1078440 998.4
1078450 1004.6
1078460 1004.6
1078470 1006.5
1078480 1009.9
1078490 1009.9
1078500 1013.9
1078510 1017.7
1078520 1021.2
1078530 1021.2
1078540 1024.7
1078550 1027.2
1078560 1027.2
1078570 1030.9
1078580 1036.2
1078590 1036.2
1078600 1039.2
1078610 1040.7
1078620 1040.7
1078630 1041.9
1078640 1046.8
1078650 1046.8
1078660 1049.5
1078670 1052.4
1078680 1052.4
1078690 1055.2
1078700 1058.3
1078710 1058.3
1078720 1062.4
1078730 1065.8
1078740 1065.8
1078750 1068.1
1078760 1069.8
1078770 1071.1
1078780 1071.1
1078790 1073.0
1078800 1075.6
1078810 1075.6
1078820 1078.0
1078830 1078.4
1078840 1078.4
1078850 1080.2
1078860 1082.4
1078870 1082.4
1078880 1084.4
1078890 1086.3
1078900 1086.3
1078910 1088.9
1078920 1090.6
1078930 1090.6
1078940 1092.7
1078950 1093.4
1078960 1093.4
1078970 1096.2
1078980 1098.4
1078990 1098.4
1079000 1102.3
1079010 1103.7
1079020 1103.7
1079030 1105.1
1079040 1106.5
1079050 1107.2
1079060 1107.2
1079070 1109.0
1079080 1110.4
1079090 1110.4
1079100 1113.5
1079110 1116.8
1079120 1116.8
1079130 1119.0
1079140 1120.3
1079150 1120.3
1079160 1123.7
1079170 1130.0
1079180 1130.0
1079190 1137.2
1079200 1142.7
1079210 1142.7
1079220 1148.2
1079230 1152.8
1079240 1152.8
1079250 1155.6
1079260 1154.4
1079270 1154.4
1079280 1157.8
1079290 1160.2
1079300 1160.2
1079310 1161.7
1079320 1162.6
1079330 1162.9
1079340 1162.9
1079350 1163.5
1079360 1165.2
1079370 1165.2
1079380 1167.9
1079390 1170.9
1079400 1170.9
1079410 1175.3
1079420 1180.3
1079430 1180.3
1079440 1184.8
1079450 1189.5
1079460 1189.5
1079470 1194.0
1079480 1198.0
1079490 1198.0
1079500 1203.4
1079510 1210.0
1079520 1210.0
1079530 1215.3
1079540 1219.7
1079550 1219.7
1079560 1224.6
1079570 1225.8
1079580 1229.1
1079590 1229.1
1079600 1232.7
1079610 1238.1
1079620 1238.1
1079630 1244.2
1079640 1250.2
1079650 1250.2
1079660 1256.6
1079670 1264.0
1079680 1264.0
1079690 1270.9
1079700 1276.6
1079710 1276.6
1079720 1281.7
1079730 1286.9
1079740 1286.9
1079750 1291.6
1079760 1295.7
1079770 1295.7
1079780 1300.8
1079790 1304.8
1079800 1304.8
1079810 1306.7
1079820 1307.3
1079830 1307.3
1079840 1308.0
1079850 1312.0
1079860 1318.7
1079870 1318.7
1079880 1324.7
1079890 1329.9
1079900 1329.9
1079910 1334.7
1079920 1338.5
1079930 1338.5
1079940 1342.2
1079950 1347.1
1079960 1347.1
1079970 1352.6
1079980 1358.7
1079990 1358.7
