1064570 607.4
1064580 607.4
1064590 608.3
1064600 610.6
1064610 610.6
1064620 611.3
1064630 612.4
1064640 612.4
1064650 613.5
1064660 615.1
1064670 615.1
1064680 617.5
1064690 620.4
1064700 620.4
1064710 622.4
1064720 623.5
1064730 623.5
1064740 624.0
1064750 624.5
1064760 625.3
1064770 625.3
1064780 626.2
1064790 627.5
1064800 627.5
1064810 628.9
1064820 630.0
1064830 630.0
1064840 630.2
1064850 631.3
1064860 631.3
1064870 633.7
1064880 636.7
1064890 636.7
1064900 638.9
1064910 641.9
1064920 641.9
1064930 642.8
1064940 644.5
1064950 644.5
1064960 647.0
1064970 648.2
1064980 648.2
1064990 648.4
1065000 648.5
1065010 648.5
1065020 648.6
1065030 648.2
1065040 647.8
1065050 647.8
1065060 647.8
1065070 647.6
1065080 647.6
1065090 647.1
1065100 645.6
1065110 645.6
1065120 644.6
1065130 644.5
1065140 644.5
1065150 645.6
1065160 646.6
1065170 646.6
1065180 646.7
1065190 646.2
1065200 646.2
1065210 647.9
1065220 645.5
1065230 645.5
1065240 637.8
1065250 630.2
1065260 630.2
1065270 622.8
1065280 615.4
1065290 615.4
1065300 608.7
1065310 602.2
1065320 596.3
1065330 596.3
1065340 590.7
1065350 585.5
1065360 585.5
1065370 580.1
1065380 575.2
1065390 575.2
1065400 569.7
1065410 565.8
1065420 565.8
1065430 561.9
1065440 557.0
1065450 557.0
1065460 550.1
1065470 543.9
1065480 543.9
1065490 538.8
1065500 534.5
1065510 534.2
1065520 532.1
1065530 530.7
1065540 530.7
1065550 530.1
1065560 529.4
1065570 528.9
1065580 528.9
1065590 528.4
1065600 528.2
1065610 528.2
1065620 527.8
1065630 527.3
1065640 527.3
1065650 526.7
1065660 525.7
1065670 525.7
1065680 524.7
1065690 523.8
1065700 523.8
1065710 523.2
1065720 522.8
1065730 522.8
1065740 522.7
1065750 520.9
1065760 520.9
1065770 515.3
1065780 513.0
1065790 513.0
1065800 513.2
1065810 518.2
1065820 528.3
1065830 537.5
1065840 542.4
1065850 555.8
1065860 555.8
1065870 557.9
1065880 558.4
1065890 558.4
1065900 558.8
1065910 559.0
1065920 559.0
1065930 557.6
1065940 556.4
1065950 556.4
1065960 555.5
1065970 536.6
1065980 536.6
1065990 523.1
1066000 515.7
1066010 515.7
1066020 509.2
1066030 503.7
1066040 503.7
1066050 499.2
1066060 495.7
1066070 495.7
1066080 492.1
1066090 488.0
1066100 483.9
1066110 483.9
1066120 476.8
1066130 475.5
1066140 475.5
1066150 473.9
1066160 473.0
1066170 473.0
1066180 471.8
1066190 468.6
1066200 468.6
1066210 466.4
1066220 465.0
1066230 465.0
1066240 464.1
1066250 463.5
1066260 463.5
1066270 462.9
1066280 462.4
1066290 462.4
1066300 462.1
1066310 461.7
1066320 461.7
1066330 461.2
1066340 461.2
1066350 461.2
1066360 461.8
1066370 462.9
1066380 464.0
1066390 464.0
1066400 466.7
1066410 471.3
1066420 471.3
1066430 468.2
1066440 470.8
1066450 470.8
1066460 472.9
1066470 473.8
1066480 473.8
1066490 474.2
1066500 474.0
1066510 474.0
1066520 473.8
1066530 472.8
1066540 472.8
1066550 472.7
1066560 474.0
1066570 474.0
1066580 475.3
1066590 475.8
1066600 475.8
1066610 473.8
1066620 469.3
1066630 469.3
1066640 463.8
1066650 456.4
1066660 449.3
1066670 449.3
1066680 448.8
1066690 448.7
1066700 448.7
1066710 448.8
1066720 448.9
1066730 448.8
1066740 448.9
1066750 448.8
1066760 448.8
1066770 448.8
1066780 448.8
1066790 448.8
1066800 448.9
1066810 449.0
1066820 449.0
1066830 449.0
1066840 449.1
1066850 449.1
1066860 449.0
1066870 449.0
1066880 449.0
1066890 449.0
1066900 449.1
1066910 449.1
1066920 449.1
1066930 449.1
1066940 449.3
1066950 449.3
1066960 449.4
1066970 449.4
1066980 449.4
1066990 449.6
1067000 449.5
1067010 449.5
1067020 449.5
1067030 450.1
1067040 450.1
1067050 450.2
1067060 450.0
1067070 450.0
1067080 450.0
1067090 449.9
1067100 449.9
1067110 449.6
1067120 449.5
1067130 449.5
1067140 449.5
1067150 449.7
1067160 449.7
1067170 450.1
1067180 450.2
1067190 450.1
1067200 450.1
1067210 449.9
1067220 449.9
1067230 449.9
1067240 450.1
1067250 450.5
1067260 450.5
1067270 451.1
1067280 450.8
1067290 450.8
1067300 448.0
1067310 447.8
1067320 447.8
1067330 452.0
1067340 452.6
1067350 452.6
1067360 450.8
1067370 449.3
1067380 449.3
1067390 445.6
1067400 444.5
1067410 444.5
1067420 444.5
1067430 446.0
1067440 450.6
1067450 450.6
1067460 451.1
1067470 449.1
1067480 449.1
1067490 449.8
1067500 450.1
1067510 450.1
1067520 450.2
1067530 450.3
1067540 450.3
1067550 450.1
1067560 450.2
1067570 450.2
1067580 450.0
1067590 449.8
1067600 449.8
1067610 449.8
1067620 449.9
1067630 449.9
1067640 450.2
1067650 450.3
1067660 450.3
1067670 450.4
1067680 450.5
1067690 450.5
1067700 450.8
1067710 450.9
1067720 450.7
1067730 450.7
1067740 450.7
1067750 450.9
1067760 450.9
1067770 450.8
1067780 450.8
1067790 450.8
1067800 450.7
1067810 450.6
1067820 450.6
1067830 450.4
1067840 450.4
1067850 450.4
1067860 450.3
1067870 450.3
1067880 450.3
1067890 450.5
1067900 452.2
1067910 452.2
1067920 457.5
1067930 464.3
1067940 464.3
1067950 474.9
1067960 482.0
1067970 482.0
1067980 489.3
1067990 509.0
1068000 554.4
1068010 554.4
1068020 563.5
1068030 565.2
1068040 565.2
1068050 565.8
1068060 567.0
1068070 567.0
1068080 566.6
1068090 565.7
1068100 565.7
1068110 564.6
1068120 563.8
1068130 563.8
1068140 562.5
1068150 560.9
1068160 560.9
1068170 559.4
1068180 558.9
1068190 558.9
1068200 563.2
1068210 565.1
1068220 565.1
1068230 566.8
1068240 567.0
1068250 566.4
1068260 565.6
1068270 564.6
1068280 563.0
1068290 563.0
1068300 560.3
1068310 557.0
1068320 557.0
1068330 553.8
1068340 550.7
1068350 550.7
1068360 547.7
1068370 544.6
1068380 544.6
1068390 541.7
1068400 539.4
1068410 539.4
1068420 537.3
1068430 534.6
1068440 534.6
1068450 531.0
1068460 527.1
1068470 527.1
1068480 522.2
1068490 518.5
1068500 518.5
1068510 515.3
1068520 512.7
1068530 510.4
1068540 510.4
1068550 508.2
1068560 503.9
1068570 503.9
1068580 501.6
1068590 499.5
1068600 499.5
1068610 497.1
1068620 494.7
1068630 494.7
1068640 492.2
1068650 489.7
1068660 489.7
1068670 487.4
1068680 485.4
1068690 485.4
1068700 484.0
1068710 482.0
1068720 482.0
1068730 479.8
1068740 478.7
1068750 478.7
1068760 475.8
1068770 473.3
1068780 471.0
1068790 471.0
1068800 469.6
1068810 467.7
1068820 467.7
1068830 466.6
1068840 465.2
1068850 465.2
1068860 464.0
1068870 462.8
1068880 462.8
1068890 461.0
1068900 459.4
1068910 459.4
1068920 459.2
1068930 458.7
1068940 458.7
1068950 457.8
1068960 457.1
1068970 457.1
1068980 456.7
1068990 456.5
1069000 456.5
1069010 456.6
1069020 456.6
1069030 456.6
1069040 456.7
1069050 456.7
1069060 456.4
1069070 456.4
1069080 455.5
1069090 455.1
1069100 455.1
1069110 455.0
1069120 454.8
1069130 454.8
1069140 454.9
1069150 455.1
1069160 455.1
1069170 455.4
1069180 455.6
1069190 455.6
1069200 455.7
1069210 455.7
1069220 455.7
1069230 455.7
1069240 455.6
1069250 455.6
1069260 455.7
1069270 455.9
1069280 455.9
1069290 456.2
1069300 456.6
1069310 456.6
1069320 455.8
1069330 455.5
1069340 455.5
1069350 455.5
1069360 455.4
1069370 455.7
1069380 455.7
1069390 456.0
1069400 455.8
1069410 455.8
1069420 456.0
1069430 455.6
1069440 455.6
1069450 455.3
1069460 455.2
1069470 455.2
1069480 455.3
1069490 455.2
1069500 455.2
1069510 455.2
1069520 455.2
1069530 455.2
1069540 455.1
1069550 455.2
1069560 455.2
1069570 455.6
1069580 455.6
1069590 455.6
1069600 455.6
1069610 455.4
1069620 455.2
1069630 455.2
1069640 455.2
1069650 455.2
1069660 455.2
1069670 456.2
1069680 459.4
1069690 459.4
1069700 462.4
1069710 464.5
1069720 464.5
1069730 467.7
1069740 470.2
1069750 470.2
1069760 472.2
1069770 474.2
1069780 474.2
1069790 479.7
1069800 481.8
1069810 481.8
1069820 483.6
1069830 485.4
1069840 485.4
1069850 485.9
1069860 487.1
1069870 488.2
1069880 488.2
1069890 489.0
1069900 490.4
1069910 490.4
1069920 493.3
1069930 495.7
1069940 495.7
1069950 496.9
1069960 498.7
1069970 498.7
1069980 501.8
1069990 505.7
1070000 505.7
1070010 510.4
1070020 515.5
1070030 515.5
1070040 520.5
1070050 526.0
1070060 526.0
1070070 531.7
1070080 538.0
1070090 543.1
1070100 549.5
1070110 555.7
1070120 562.7
1070130 562.7
1070140 575.6
1070150 593.9
1070160 593.9
1070170 604.8
1070180 609.0
1070190 609.0
1070200 612.3
1070210 614.2
1070220 614.2
1070230 615.3
1070240 617.2
1070250 617.2
1070260 619.4
1070270 621.8
1070280 621.8
1070290 621.8
1070300 620.7
1070310 620.7
1070320 620.0
1070330 619.9
1070340 619.9
1070350 620.1
1070360 620.0
1070370 620.0
1070380 619.5
1070390 618.7
1070400 615.2
1070410 615.2
1070420 614.3
1070430 613.1
1070440 613.1
1070450 611.7
1070460 610.2
1070470 610.2
1070480 608.7
1070490 606.7
1070500 606.7
1070510 604.9
1070520 603.1
1070530 603.1
1070540 601.4
1070550 599.5
1070560 599.5
1070570 596.7
1070580 593.8
1070590 593.8
1070600 590.1
1070610 587.1
1070620 587.1
1070630 586.0
1070640 585.7
1070650 585.7
1070660 585.3
1070670 585.3
1070680 585.4
1070690 585.4
1070700 586.2
1070710 588.9
1070720 588.9
1070730 591.1
1070740 591.6
1070750 591.6
1070760 591.6
1070770 591.5
1070780 591.5
1070790 591.6
1070800 591.8
1070810 591.8
1070820 590.1
1070830 587.6
1070840 587.6
1070850 586.0
1070860 586.0
1070870 586.0
1070880 586.1
1070890 587.0
1070900 587.0
1070910 587.9
1070920 589.2
1070930 590.4
1070940 590.4
1070950 591.3
1070960 591.8
1070970 591.8
1070980 592.3
1070990 593.0
1071000 593.0
1071010 593.0
1071020 592.8
1071030 592.8
1071040 592.0
1071050 591.2
1071060 591.2
1071070 591.1
1071080 590.4
1071090 590.4
1071100 589.4
1071110 588.8
1071120 588.8
1071130 588.4
1071140 588.3
1071150 588.3
1071160 588.3
1071170 588.5
1071180 588.5
1071190 588.4
1071200 588.6
1071210 589.2
1071220 589.2
1071230 589.7
1071240 590.9
1071250 590.9
1071260 591.5
1071270 591.8
1071280 591.8
1071290 592.2
1071300 592.2
1071310 592.2
1071320 591.4
1071330 589.4
1071340 589.4
1071350 588.8
1071360 588.8
1071370 588.8
1071380 588.6
1071390 588.6
1071400 588.6
1071410 588.1
1071420 587.8
1071430 587.8
1071440 587.6
1071450 587.7
1071460 588.7
1071470 588.7
1071480 588.6
1071490 588.4
1071500 588.4
1071510 588.7
1071520 588.8
1071530 588.8
1071540 589.0
1071550 589.7
1071560 589.7
1071570 591.5
1071580 592.8
1071590 592.8
1071600 593.8
1071610 594.8
1071620 594.8
1071630 595.2
1071640 595.8
1071650 595.8
1071660 595.7
1071670 596.1
1071680 596.1
1071690 596.7
1071700 597.4
1071710 597.4
1071720 599.6
1071730 600.5
1071740 601.0
1071750 601.0
1071760 601.5
1071770 602.4
1071780 602.4
1071790 604.2
1071800 604.1
1071810 604.1
1071820 604.5
1071830 605.3
1071840 605.3
1071850 606.4
1071860 607.5
1071870 607.5
1071880 608.6
1071890 610.2
1071900 610.2
1071910 614.4
1071920 614.9
1071930 614.9
1071940 614.0
1071950 614.1
1071960 614.1
1071970 615.5
1071980 617.3
1071990 617.3
1072000 619.6
1072010 620.0
1072020 620.0
1072030 620.0
1072040 620.3
1072050 621.0
1072060 621.0
1072070 622.1
1072080 623.3
1072090 623.3
1072100 623.7
1072110 623.8
1072120 623.8
1072130 623.9
1072140 622.1
1072150 622.1
1072160 617.5
1072170 615.2
1072180 615.2
1072190 614.4
1072200 613.0
1072210 613.0
1072220 611.7
1072230 610.2
1072240 610.2
1072250 607.0
1072260 606.3
1072270 605.9
1072280 605.9
1072290 605.2
1072300 604.0
1072310 604.0
1072320 601.0
1072330 597.6
1072340 597.6
1072350 594.9
1072360 593.1
1072370 593.1
1072380 591.8
1072390 590.7
1072400 590.7
1072410 589.4
1072420 588.2
1072430 588.2
1072440 586.9
1072450 585.1
1072460 585.1
1072470 583.7
1072480 582.1
1072490 582.1
1072500 580.2
1072510 578.3
1072520 578.3
1072530 577.0
1072540 575.4
1072550 573.5
1072560 572.4
1072570 570.9
1072580 569.2
1072590 569.2
1072600 567.2
1072610 566.1
1072620 566.1
1072630 565.0
1072640 563.7
1072650 563.7
1072660 562.6
1072670 561.3
1072680 561.3
1072690 560.2
1072700 559.1
1072710 559.1
1072720 558.0
1072730 556.2
1072740 556.2
1072750 554.1
1072760 552.2
1072770 552.2
1072780 551.4
1072790 550.6
1072800 550.0
1072810 550.0
1072820 549.6
1072830 548.9
1072840 548.9
1072850 547.9
1072860 547.9
1072870 548.0
1072880 546.5
1072890 545.5
1072900 545.5
1072910 544.8
1072920 544.0
1072930 544.0
1072940 543.9
1072950 544.0
1072960 544.0
1072970 543.4
1072980 542.8
1072990 542.8
1073000 542.4
1073010 542.1
1073020 542.1
1073030 542.0
1073040 542.4
1073050 542.4
1073060 543.2
1073070 543.5
1073080 543.9
1073090 543.9
1073100 543.9
1073110 543.8
1073120 543.8
1073130 543.5
1073140 542.7
1073150 542.7
1073160 541.0
1073170 538.4
1073180 535.7
1073190 534.5
1073200 531.4
1073210 531.4
1073220 527.1
1073230 522.5
1073240 522.5
1073250 518.9
1073260 515.9
1073270 515.9
1073280 512.8
1073290 509.2
1073300 509.2
1073310 505.7
1073320 502.5
1073330 502.5
1073340 500.0
1073350 498.0
1073360 496.6
1073370 496.6
1073380 496.0
1073390 495.6
1073400 495.6
1073410 495.3
1073420 495.1
1073430 495.1
1073440 494.9
1073450 494.8
1073460 494.8
1073470 494.9
1073480 495.0
1073490 495.0
1073500 494.7
1073510 494.4
1073520 494.4
1073530 494.4
1073540 495.2
1073550 495.2
1073560 496.2
1073570 497.3
1073580 497.3
1073590 498.1
1073600 498.4
1073610 498.0
1073620 498.0
1073630 497.1
1073640 495.9
1073650 495.9
1073660 494.9
1073670 494.5
1073680 494.5
1073690 494.3
1073700 494.0
1073710 494.0
1073720 494.1
1073730 495.7
1073740 495.7
1073750 496.3
1073760 496.6
1073770 496.6
1073780 495.7
1073790 494.0
1073800 494.0
1073810 491.7
1073820 489.9
1073830 489.9
1073840 489.7
1073850 489.6
1073860 489.6
1073870 489.5
1073880 489.6
1073890 489.6
1073900 489.6
1073910 489.7
1073920 489.8
1073930 489.8
1073940 489.9
1073950 489.9
1073960 489.9
1073970 490.0
1073980 490.1
1073990 490.1
1074000 490.4
1074010 490.9
1074020 490.9
1074030 490.9
1074040 490.8
1074050 490.8
1074060 490.7
1074070 490.8
1074080 490.8
1074090 490.8
1074100 490.8
1074110 490.8
1074120 490.8
1074130 490.9
1074140 491.0
1074150 491.0
1074160 491.0
1074170 491.1
1074180 491.1
1074190 491.1
1074200 491.2
1074210 491.2
1074220 491.4
1074230 491.6
1074240 491.6
1074250 491.9
1074260 492.2
1074270 492.2
1074280 491.6
1074290 490.9
1074300 490.9
1074310 491.0
1074320 491.2
1074330 491.2
1074340 491.2
1074350 491.4
1074360 491.4
1074370 491.4
1074380 491.1
1074390 491.1
1074400 490.9
1074410 491.2
1074420 491.3
1074430 491.3
1074440 491.3
1074450 491.7
1074460 491.7
1074470 491.9
1074480 491.9
1074490 491.9
1074500 491.8
1074510 491.7
1074520 491.7
1074530 491.1
1074540 491.2
1074550 491.2
1074560 491.3
1074570 491.4
1074580 491.4
1074590 490.9
1074600 490.9
1074610 490.9
1074620 491.7
1074630 493.1
1074640 493.1
1074650 495.2
1074660 499.4
1074670 503.4
1074680 503.4
1074690 507.0
1074700 511.2
1074710 511.2
1074720 514.3
1074730 518.7
1074740 518.7
1074750 523.8
1074760 527.1
1074770 527.1
1074780 530.6
1074790 533.1
1074800 533.1
1074810 534.8
1074820 536.7
1074830 536.7
1074840 538.7
1074850 541.4
1074860 541.4
1074870 542.9
1074880 545.0
1074890 545.0
1074900 547.4
1074910 549.9
1074920 549.9
1074930 552.9
1074940 555.5
1074950 558.9
1074960 558.9
1074970 563.2
1074980 568.0
1074990 568.0
1075000 573.2
1075010 578.7
1075020 578.7
1075030 584.2
1075040 587.8
1075050 587.8
1075060 594.0
1075070 601.3
1075080 601.3
1075090 609.4
1075100 616.6
1075110 616.6
1075120 625.1
1075130 633.2
1075140 633.2
1075150 639.9
1075160 646.4
1075170 646.4
1075180 653.0
1075190 659.9
1075200 659.9
1075210 667.3
1075220 675.0
1075230 682.6
1075240 682.6
1075250 690.8
1075260 699.3
1075270 699.3
1075280 723.1
1075290 762.0
1075300 762.0
1075310 764.1
1075320 764.1
1075330 764.1
1075340 764.1
1075350 762.9
1075360 762.9
1075370 762.6
1075380 761.9
1075390 761.9
1075400 761.8
1075410 761.4
1075420 761.4
1075430 761.6
1075440 761.7
1075450 761.7
1075460 761.8
1075470 763.7
1075480 765.8
1075490 765.8
1075500 766.5
1075510 765.3
1075520 765.3
1075530 764.8
1075540 766.1
1075550 766.1
1075560 765.7
1075570 766.5
1075580 766.5
1075590 770.9
1075600 773.5
1075610 773.5
1075620 775.5
1075630 776.4
1075640 776.4
1075650 778.0
1075660 780.4
1075670 780.4
1075680 784.2
1075690 786.6
1075700 786.6
1075710 787.6
1075720 788.7
1075730 788.7
1075740 789.3
1075750 790.4
1075760 791.8
1075770 791.8
1075780 793.1
1075790 794.4
1075800 794.4
1075810 796.7
1075820 798.7
1075830 798.7
1075840 800.7
1075850 801.7
1075860 801.7
1075870 800.1
1075880 801.5
1075890 801.5
1075900 802.5
1075910 802.7
1075920 802.7
1075930 804.9
1075940 807.4
1075950 807.4
1075960 808.1
1075970 802.0
1075980 802.0
1075990 800.6
1076000 799.9
1076010 800.4
1076020 800.4
1076030 801.6
1076040 803.3
1076050 803.3
1076060 805.5
1076070 808.7
1076080 808.7
1076090 813.2
1076100 818.6
1076110 818.6
1076120 821.0
1076130 823.6
1076140 823.6
1076150 827.3
1076160 831.6
1076170 831.6
1076180 835.1
1076190 838.0
1076200 838.0
1076210 840.9
1076220 844.2
1076230 844.2
1076240 847.1
1076250 849.0
1076260 849.0
1076270 851.4
1076280 851.9
1076290 853.0
1076300 853.0
1076310 853.8
1076320 854.2
1076330 854.2
1076340 854.7
1076350 856.3
1076360 856.3
1076370 858.2
1076380 860.6
1076390 860.6
1076400 863.5
1076410 866.2
1076420 866.2
1076430 868.0
1076440 869.4
1076450 869.4
1076460 870.9
1076470 873.1
1076480 873.1
1076490 874.8
1076500 876.6
1076510 876.6
1076520 880.1
1076530 882.4
1076540 882.4
1076550 883.7
1076560 884.5
1076570 885.5
1076580 885.5
1076590 885.8
1076600 890.0
1076610 890.0
1076620 895.9
1076630 902.6
1076640 902.6
1076650 910.3
1076660 917.6
1076670 917.6
1076680 923.2
1076690 926.0
1076700 926.0
1076710 927.8
1076720 932.2
1076730 932.2
1076740 934.2
1076750 936.0
1076760 936.0
1076770 938.0
1076780 938.3
1076790 938.3
1076800 937.4
1076810 937.1
1076820 936.6
1076830 936.6
1076840 935.3
1076850 933.4
1076860 933.4
1076870 932.2
1076880 930.6
1076890 930.6
1076900 926.4
1076910 924.5
1076920 924.5
1076930 923.0
1076940 921.8
1076950 921.8
1076960 920.7
1076970 920.2
1076980 920.2
1076990 919.3
1077000 919.3
1077010 919.3
1077020 920.8
1077030 922.5
1077040 922.5
1077050 924.3
1077060 928.3
1077070 928.3
1077080 931.0
1077090 933.6
1077100 936.4
1077110 936.4
1077120 939.3
1077130 943.3
1077140 943.3
1077150 948.1
1077160 955.3
1077170 955.3
1077180 961.1
1077190 967.5
1077200 967.5
1077210 974.0
1077220 980.7
1077230 980.7
1077240 985.6
1077250 985.2
1077260 985.2
1077270 982.4
1077280 979.3
1077290 979.3
1077300 975.8
1077310 974.4
1077320 974.4
1077330 975.7
1077340 976.6
1077350 976.8
1077360 976.8
1077370 976.7
1077380 975.8
1077390 975.8
1077400 974.1
1077410 971.0
1077420 971.0
1077430 968.7
1077440 967.2
1077450 967.2
1077460 966.1
1077470 965.7
1077480 965.7
1077490 966.4
1077500 966.4
1077510 966.4
1077520 964.2
1077530 956.3
1077540 956.3
1077550 952.5
1077560 948.8
1077570 948.8
1077580 945.7
1077590 944.7
1077600 944.7
1077610 943.9
1077620 942.6
1077630 941.2
1077640 941.2
1077650 939.8
1077660 938.4
1077670 938.4
1077680 936.9
1077690 935.7
1077700 935.7
1077710 935.2
1077720 935.5
1077730 935.5
1077740 935.6
1077750 935.7
1077760 935.7
1077770 935.0
1077780 933.6
1077790 933.6
1077800 932.1
1077810 931.0
1077820 931.0
1077830 928.6
1077840 923.5
1077850 923.5
1077860 918.1
1077870 920.7
1077880 924.7
1077890 924.7
1077900 926.7
1077910 928.5
1077920 928.5
1077930 930.9
1077940 932.8
1077950 932.8
1077960 934.1
1077970 934.5
1077980 934.5
1077990 934.8
1078000 935.0
1078010 935.0
1078020 934.4
1078030 933.1
1078040 933.1
1078050 935.4
1078060 941.4
1078070 941.4
1078080 945.5
1078090 948.1
1078100 948.1
1078110 950.1
1078120 952.3
1078130 952.3
1078140 954.6
1078150 954.9
1078160 957.7
1078170 957.7
1078180 960.4
1078190 963.0
1078200 963.0
1078210 966.1
1078220 969.2
1078230 969.2
1078240 971.0
1078250 971.8
1078260 971.8
1078270 973.3
1078280 974.3
1078290 974.3
1078300 975.3
1078310 976.7
1078320 976.7
1078330 978.2
1078340 980.0
1078350 980.0
1078360 981.9
1078370 984.2
1078380 984.2
1078390 987.5
1078400 992.6
1078410 992.6
1078420 997.8
1078430 1003.3
1078440 1008.0
1078450 1008.0
1078460 1014.3
1078470 1019.9
1078480 1019.9
1078490 1024.1
1078500 1027.8
1078510 1027.8
1078520 1030.5
1078530 1032.9
1078540 1032.9
1078550 1035.6
1078560 1038.6
1078570 1038.6
1078580 1041.7
1078590 1044.8
1078600 1044.8
1078610 1047.2
1078620 1048.2
1078630 1048.2
1078640 1050.5
1078650 1054.3
1078660 1054.3
1078670 1058.0
1078680 1062.1
1078690 1066.5
1078700 1066.5
1078710 1070.3
1078720 1074.7
1078730 1074.7
1078740 1078.5
1078750 1080.5
1078760 1080.5
1078770 1083.0
1078780 1086.0
1078790 1086.0
1078800 1090.3
1078810 1093.0
1078820 1093.0
1078830 1094.8
1078840 1095.1
1078850 1095.1
1078860 1094.9
1078870 1095.2
1078880 1095.2
1078890 1095.4
1078900 1097.0
1078910 1097.0
1078920 1098.6
1078930 1099.8
1078940 1099.8
1078950 1101.5
1078960 1103.2
1078970 1105.8
1078980 1105.8
1078990 1109.2
1079000 1112.2
1079010 1112.2
1079020 1115.4
1079030 1119.8
1079040 1119.8
1079050 1123.9
1079060 1127.9
1079070 1127.9
1079080 1131.9
1079090 1134.7
1079100 1133.4
1079110 1136.0
1079120 1139.6
1079130 1139.6
1079140 1144.8
1079150 1151.3
1079160 1151.3
1079170 1156.9
1079180 1161.5
1079190 1161.5
1079200 1164.6
1079210 1166.2
1079220 1167.1
1079230 1167.1
1079240 1169.4
1079250 1172.7
1079260 1172.7
1079270 1175.4
1079280 1177.3
1079290 1177.3
1079300 1178.9
1079310 1181.5
1079320 1181.5
1079330 1185.4
1079340 1190.6
1079350 1190.6
1079360 1196.1
1079370 1202.3
1079380 1202.3
1079390 1208.7
1079400 1215.2
1079410 1213.6
1079420 1220.5
1079430 1227.0
1079440 1227.0
1079450 1230.8
1079460 1232.8
1079470 1232.8
1079480 1234.3
1079490 1235.6
1079500 1237.0
1079510 1237.0
1079520 1239.3
1079530 1242.5
1079540 1242.5
1079550 1245.7
1079560 1248.1
1079570 1248.1
1079580 1249.8
1079590 1250.7
1079600 1250.7
1079610 1251.4
1079620 1253.7
1079630 1253.7
1079640 1258.3
1079650 1265.0
1079660 1265.0
1079670 1271.8
1079680 1276.7
1079690 1276.7
1079700 1282.2
1079710 1287.3
1079720 1287.9
1079730 1292.5
1079740 1296.8
1079750 1300.7
1079760 1300.7
1079770 1304.6
1079780 1309.4
1079790 1309.4
1079800 1314.4
1079810 1320.3
1079820 1320.3
1079830 1326.2
1079840 1331.4
1079850 1331.4
1079860 1336.3
1079870 1342.9
1079880 1342.9
1079890 1349.0
1079900 1355.5
1079910 1355.5
1079920 1362.0
1079930 1368.4
1079940 1368.4
1079950 1374.7
1079960 1381.7
1079970 1381.7
1079980 1389.5
1079990 1397.6
