1064620 653.7
1064630 653.7
1064640 653.2
1064650 653.1
1064660 653.1
1064670 652.8
1064680 653.5
1064690 653.5
1064700 657.0
1064710 662.6
1064720 662.6
1064730 665.1
1064740 667.6
1064750 667.6
1064760 670.5
1064770 673.9
1064780 676.9
1064790 676.9
1064800 680.8
1064810 685.0
1064820 685.0
1064830 688.9
1064840 690.8
1064850 690.8
1064860 693.1
1064870 695.4
1064880 695.4
1064890 697.2
1064900 697.7
1064910 697.7
1064920 696.5
1064930 692.3
1064940 692.3
1064950 689.1
1064960 687.7
1064970 687.7
1064980 686.2
1064990 677.3
1065000 677.3
1065010 650.2
1065020 640.9
1065030 640.9
1065040 633.8
1065050 627.0
1065060 619.9
1065070 619.9
1065080 613.3
1065090 607.2
1065100 607.2
1065110 601.3
1065120 596.0
1065130 596.0
1065140 591.0
1065150 585.9
1065160 585.9
1065170 581.7
1065180 578.1
1065190 578.1
1065200 577.2
1065210 579.1
1065220 579.1
1065230 580.3
1065240 574.3
1065250 574.3
1065260 571.6
1065270 572.0
1065280 570.7
1065290 566.7
1065300 561.4
1065310 555.5
1065320 555.5
1065330 549.5
1065340 544.9
1065350 544.9
1065360 541.4
1065370 538.2
1065380 538.2
1065390 535.0
1065400 532.0
1065410 532.0
1065420 531.1
1065430 530.2
1065440 530.2
1065450 529.7
1065460 529.2
1065470 529.2
1065480 529.2
1065490 529.5
1065500 529.5
1065510 529.9
1065520 530.2
1065530 530.2
1065540 531.7
1065550 535.5
1065560 535.5
1065570 537.8
1065580 537.2
1065590 533.4
1065600 533.4
1065610 532.7
1065620 533.8
1065630 533.8
1065640 533.5
1065650 532.3
1065660 532.3
1065670 528.9
1065680 524.2
1065690 524.2
1065700 521.0
1065710 518.3
1065720 518.3
1065730 516.2
1065740 514.8
1065750 514.8
1065760 513.7
1065770 513.1
1065780 513.1
1065790 511.5
1065800 510.6
1065810 510.6
1065820 507.5
1065830 504.0
1065840 500.9
1065850 500.9
1065860 497.5
1065870 494.1
1065880 494.1
1065890 489.8
1065900 487.5
1065910 487.5
1065920 484.0
1065930 478.6
1065940 478.6
1065950 473.8
1065960 470.0
1065970 470.0
1065980 466.4
1065990 463.2
1066000 463.2
1066010 460.0
1066020 456.4
1066030 456.4
1066040 452.9
1066050 450.2
1066060 450.2
1066070 449.1
1066080 448.6
1066090 448.6
1066100 448.3
1066110 448.4
1066120 448.4
1066130 448.4
1066140 447.9
1066150 447.3
1066160 447.3
1066170 447.3
1066180 447.3
1066190 447.3
1066200 447.3
1066210 447.1
1066220 447.1
1066230 447.3
1066240 447.2
1066250 447.2
1066260 447.1
1066270 447.1
1066280 447.1
1066290 447.5
1066300 447.9
1066310 447.9
1066320 447.9
1066330 448.0
1066340 448.0
1066350 447.8
1066360 447.7
1066370 447.7
1066380 447.9
1066390 448.1
1066400 447.9
1066410 447.9
1066420 448.0
1066430 448.2
1066440 448.2
1066450 448.4
1066460 448.6
1066470 448.6
1066480 448.8
1066490 448.6
1066500 448.5
1066510 448.3
1066520 448.5
1066530 448.5
1066540 448.7
1066550 448.6
1066560 448.6
1066570 448.6
1066580 448.6
1066590 448.6
1066600 448.3
1066610 448.2
1066620 448.2
1066630 448.2
1066640 448.3
1066650 448.6
1066660 448.6
1066670 448.7
1066680 448.8
1066690 448.8
1066700 448.5
1066710 448.5
1066720 448.5
1066730 448.7
1066740 448.9
1066750 448.9
1066760 449.0
1066770 449.1
1066780 449.1
1066790 449.1
1066800 449.3
1066810 449.3
1066820 449.4
1066830 449.3
1066840 449.3
1066850 449.3
1066860 449.0
1066870 449.0
1066880 449.0
1066890 449.1
1066900 449.1
1066910 449.2
1066920 449.6
1066930 449.6
1066940 449.6
1066950 449.4
1066960 449.7
1066970 449.7
1066980 450.0
1066990 449.8
1067000 449.8
1067010 449.7
1067020 449.9
1067030 449.9
1067040 450.3
1067050 450.5
1067060 450.5
1067070 450.3
1067080 450.0
1067090 450.0
1067100 449.9
1067110 450.5
1067120 450.5
1067130 450.4
1067140 451.0
1067150 451.0
1067160 451.2
1067170 451.2
1067180 451.2
1067190 451.2
1067200 451.1
1067210 451.1
1067220 451.1
1067230 451.2
1067240 451.3
1067250 451.3
1067260 451.2
1067270 451.0
1067280 451.0
1067290 450.9
1067300 451.0
1067310 451.0
1067320 451.0
1067330 451.2
1067340 451.2
1067350 451.3
1067360 451.3
1067370 451.3
1067380 451.4
1067390 451.4
1067400 451.4
1067410 451.3
1067420 451.3
1067430 451.3
1067440 451.8
1067450 452.2
1067460 452.2
1067470 452.2
1067480 452.3
1067490 453.3
1067500 453.3
1067510 453.4
1067520 453.5
1067530 453.5
1067540 453.1
1067550 448.4
1067560 448.4
1067570 445.4
1067580 445.2
1067590 445.2
1067600 446.1
1067610 450.5
1067620 450.5
1067630 451.9
1067640 451.1
1067650 451.1
1067660 452.4
1067670 452.4
1067680 452.4
1067690 452.4
1067700 452.4
1067710 452.1
1067720 452.6
1067730 453.9
1067740 457.0
1067750 457.0
1067760 470.6
1067770 503.4
1067780 503.4
1067790 512.7
1067800 518.7
1067810 518.7
1067820 523.5
1067830 528.6
1067840 528.6
1067850 531.6
1067860 533.1
1067870 533.1
1067880 533.0
1067890 532.7
1067900 532.7
1067910 532.9
1067920 532.3
1067930 532.3
1067940 531.1
1067950 530.8
1067960 530.8
1067970 529.6
1067980 527.8
1067990 526.2
1068000 526.2
1068010 524.9
1068020 521.3
1068030 521.3
1068040 520.8
1068050 519.0
1068060 519.0
1068070 517.0
1068080 516.5
1068090 516.5
1068100 517.1
1068110 516.6
1068120 516.6
1068130 515.1
1068140 512.8
1068150 512.8
1068160 510.6
1068170 507.4
1068180 507.4
1068190 502.5
1068200 497.5
1068210 497.5
1068220 496.1
1068230 496.0
1068240 496.0
1068250 496.1
1068260 495.7
1068270 493.2
1068280 493.2
1068290 487.9
1068300 484.8
1068310 484.8
1068320 483.9
1068330 477.8
1068340 477.8
1068350 474.1
1068360 470.8
1068370 470.8
1068380 467.9
1068390 464.4
1068400 464.4
1068410 462.7
1068420 459.7
1068430 459.7
1068440 458.5
1068450 458.3
1068460 458.3
1068470 457.9
1068480 457.6
1068490 457.6
1068500 457.3
1068510 457.0
1068520 457.2
1068530 457.2
1068540 457.4
1068550 457.2
1068560 457.2
1068570 457.2
1068580 456.8
1068590 456.8
1068600 456.7
1068610 456.6
1068620 456.6
1068630 456.5
1068640 456.1
1068650 456.1
1068660 456.1
1068670 456.1
1068680 456.1
1068690 456.3
1068700 456.6
1068710 456.6
1068720 456.6
1068730 456.5
1068740 456.5
1068750 456.7
1068760 456.9
1068770 456.9
1068780 456.6
1068790 456.4
1068800 456.5
1068810 456.5
1068820 456.5
1068830 456.5
1068840 456.5
1068850 456.3
1068860 456.1
1068870 456.1
1068880 456.3
1068890 456.6
1068900 456.6
1068910 456.1
1068920 455.8
1068930 455.8
1068940 456.0
1068950 456.2
1068960 456.2
1068970 455.9
1068980 455.7
1068990 455.7
1069000 455.8
1069010 455.7
1069020 455.7
1069030 455.7
1069040 456.7
1069050 456.9
1069060 456.9
1069070 456.5
1069080 456.3
1069090 456.3
1069100 456.3
1069110 456.3
1069120 456.3
1069130 460.7
1069140 466.8
1069150 466.8
1069160 470.1
1069170 474.4
1069180 474.4
1069190 476.7
1069200 477.1
1069210 477.1
1069220 477.8
1069230 478.3
1069240 478.3
1069250 480.2
1069260 481.0
1069270 481.0
1069280 481.9
1069290 483.7
1069300 483.7
1069310 486.2
1069320 489.6
1069330 492.5
1069340 492.5
1069350 495.3
1069360 498.1
1069370 498.1
1069380 501.1
1069390 504.2
1069400 504.2
1069410 507.6
1069420 510.4
1069430 510.4
1069440 514.6
1069450 519.6
1069460 519.6
1069470 524.6
1069480 529.2
1069490 529.2
1069500 534.0
1069510 539.6
1069520 539.6
1069530 545.6
1069540 552.0
1069550 556.6
1069560 563.1
1069570 569.6
1069580 576.0
1069590 576.0
1069600 582.9
1069610 595.3
1069620 595.3
1069630 622.0
1069640 633.7
1069650 633.7
1069660 633.8
1069670 633.4
1069680 633.4
1069690 633.5
1069700 632.8
1069710 632.8
1069720 631.0
1069730 630.1
1069740 630.1
1069750 630.0
1069760 628.7
1069770 628.7
1069780 626.2
1069790 623.1
1069800 623.1
1069810 619.6
1069820 616.2
1069830 616.2
1069840 612.7
1069850 608.4
1069860 602.9
1069870 602.9
1069880 599.4
1069890 596.3
1069900 596.3
1069910 593.2
1069920 589.9
1069930 589.9
1069940 587.1
1069950 584.8
1069960 584.8
1069970 583.5
1069980 582.6
1069990 582.6
1070000 580.5
1070010 578.2
1070020 578.2
1070030 575.7
1070040 573.1
1070050 573.1
1070060 570.5
1070070 569.4
1070080 569.4
1070090 567.5
1070100 567.1
1070110 567.1
1070120 567.4
1070130 567.0
1070140 566.0
1070150 566.0
1070160 565.5
1070170 564.3
1070180 564.3
1070190 563.6
1070200 562.8
1070210 562.8
1070220 561.7
1070230 560.8
1070240 560.8
1070250 560.2
1070260 559.4
1070270 559.4
1070280 558.7
1070290 558.6
1070300 558.6
1070310 559.0
1070320 559.9
1070330 559.9
1070340 560.9
1070350 562.1
1070360 562.1
1070370 563.7
1070380 565.2
1070390 566.8
1070400 566.8
1070410 568.4
1070420 569.4
1070430 569.4
1070440 569.1
1070450 568.0
1070460 568.0
1070470 566.4
1070480 565.2
1070490 565.2
1070500 564.0
1070510 563.0
1070520 563.0
1070530 562.8
1070540 562.6
1070550 562.6
1070560 563.4
1070570 564.3
1070580 564.3
1070590 565.1
1070600 565.3
1070610 565.3
1070620 564.9
1070630 564.0
1070640 564.0
1070650 563.4
1070660 563.2
1070670 563.2
1070680 563.2
1070690 563.4
1070700 563.7
1070710 563.7
1070720 564.0
1070730 564.4
1070740 564.4
1070750 564.7
1070760 565.2
1070770 565.2
1070780 565.8
1070790 567.7
1070800 567.7
1070810 567.9
1070820 568.0
1070830 568.0
1070840 568.2
1070850 568.8
1070860 568.8
1070870 569.1
1070880 569.7
1070890 569.7
1070900 570.7
1070910 573.5
1070920 576.0
1070930 576.0
1070940 578.9
1070950 582.3
1070960 582.3
1070970 586.6
1070980 589.2
1070990 589.2
1071000 589.3
1071010 589.1
1071020 589.1
1071030 588.8
1071040 588.4
1071050 588.4
1071060 587.1
1071070 584.8
1071080 584.8
1071090 584.7
1071100 586.6
1071110 586.6
1071120 587.6
1071130 588.0
1071140 588.0
1071150 588.1
1071160 588.1
1071170 588.1
1071180 588.1
1071190 587.9
1071200 587.9
1071210 587.9
1071220 588.1
1071230 588.4
1071240 588.4
1071250 588.5
1071260 588.7
1071270 588.7
1071280 588.6
1071290 588.4
1071300 588.4
1071310 588.7
1071320 590.5
1071330 590.5
1071340 591.9
1071350 592.3
1071360 592.3
1071370 592.4
1071380 592.9
1071390 592.9
1071400 592.5
1071410 593.1
1071420 593.1
1071430 594.0
1071440 595.7
1071450 595.7
1071460 596.3
1071470 596.9
1071480 598.4
1071490 598.4
1071500 599.3
1071510 600.3
1071520 600.3
1071530 600.4
1071540 600.0
1071550 600.0
1071560 598.9
1071570 596.9
1071580 596.9
1071590 596.9
1071600 595.9
1071610 595.9
1071620 595.5
1071630 595.2
1071640 595.2
1071650 594.0
1071660 593.9
1071670 593.9
1071680 594.9
1071690 595.6
1071700 595.6
1071710 595.5
1071720 594.7
1071730 593.0
1071740 593.0
1071750 591.7
1071760 591.1
1071770 591.1
1071780 590.9
1071790 591.5
1071800 591.5
1071810 592.0
1071820 592.1
1071830 592.1
1071840 591.6
1071850 591.0
1071860 591.0
1071870 591.4
1071880 591.8
1071890 591.8
1071900 591.7
1071910 591.8
1071920 591.8
1071930 591.5
1071940 590.1
1071950 590.1
1071960 590.0
1071970 590.2
1071980 590.2
1071990 590.1
1072000 589.4
1072010 587.4
1072020 587.4
1072030 586.3
1072040 585.7
1072050 585.7
1072060 585.6
1072070 584.1
1072080 584.1
1072090 582.0
1072100 580.2
1072110 580.2
1072120 579.3
1072130 578.8
1072140 578.8
1072150 578.1
1072160 577.0
1072170 577.0
1072180 576.4
1072190 576.0
1072200 576.0
1072210 575.6
1072220 575.0
1072230 575.0
1072240 573.6
1072250 573.2
1072260 572.7
1072270 572.7
1072280 570.9
1072290 569.7
1072300 569.7
1072310 569.3
1072320 567.8
1072330 567.8
1072340 566.2
1072350 565.2
1072360 565.2
1072370 564.7
1072380 564.3
1072390 564.3
1072400 563.6
1072410 562.0
1072420 562.0
1072430 561.1
1072440 559.3
1072450 559.3
1072460 557.8
1072470 556.4
1072480 556.4
1072490 555.1
1072500 554.3
1072510 554.3
1072520 553.5
1072530 552.7
1072540 551.8
1072550 551.8
1072560 551.1
1072570 550.3
1072580 550.3
1072590 549.5
1072600 548.6
1072610 548.6
1072620 548.0
1072630 546.5
1072640 546.5
1072650 546.2
1072660 545.4
1072670 545.4
1072680 544.2
1072690 543.0
1072700 543.0
1072710 542.5
1072720 542.0
1072730 542.0
1072740 541.7
1072750 541.4
1072760 541.4
1072770 540.9
1072780 540.5
1072790 539.7
1072800 539.7
1072810 538.6
1072820 538.0
1072830 538.0
1072840 537.5
1072850 536.7
1072860 536.7
1072870 536.2
1072880 535.5
1072890 535.5
1072900 534.9
1072910 534.2
1072920 534.2
1072930 533.6
1072940 532.8
1072950 532.8
1072960 532.2
1072970 531.8
1072980 531.8
1072990 531.2
1073000 530.7
1073010 530.7
1073020 530.2
1073030 529.8
1073040 529.8
1073050 529.4
1073060 528.9
1073070 528.4
1073080 528.4
1073090 527.7
1073100 526.4
1073110 526.4
1073120 524.9
1073130 523.0
1073140 523.0
1073150 520.7
1073160 518.9
1073170 518.9
1073180 516.9
1073190 514.7
1073200 514.7
1073210 513.1
1073220 511.4
1073230 511.4
1073240 509.3
1073250 507.8
1073260 507.8
1073270 506.5
1073280 505.5
1073290 505.5
1073300 504.6
1073310 504.1
1073320 504.1
1073330 503.7
1073340 503.3
1073350 502.9
1073360 502.9
1073370 502.8
1073380 502.7
1073390 502.7
1073400 502.7
1073410 503.1
1073420 503.1
1073430 503.6
1073440 504.2
1073450 504.2
1073460 504.6
1073470 504.7
1073480 504.7
1073490 505.2
1073500 505.2
1073510 505.2
1073520 503.6
1073530 502.9
1073540 502.9
1073550 502.7
1073560 503.0
1073570 503.0
1073580 503.1
1073590 503.1
1073600 503.1
1073610 503.1
1073620 503.4
1073630 503.6
1073640 503.6
1073650 504.1
1073660 503.7
1073670 503.7
1073680 503.7
1073690 504.1
1073700 504.1
1073710 504.5
1073720 506.0
1073730 506.0
1073740 508.3
1073750 511.1
1073760 511.1
1073770 513.5
1073780 515.2
1073790 515.2
1073800 515.9
1073810 515.1
1073820 515.1
1073830 513.9
1073840 511.5
1073850 511.5
1073860 507.4
1073870 504.2
1073880 501.6
1073890 501.6
1073900 502.3
1073910 503.5
1073920 503.5
1073930 502.2
1073940 501.0
1073950 501.0
1073960 501.4
1073970 503.6
1073980 503.6
1073990 507.1
1074000 506.1
1074010 506.1
1074020 501.6
1074030 497.5
1074040 497.5
1074050 495.2
1074060 494.6
1074070 494.6
1074080 493.7
1074090 493.3
1074100 493.3
1074110 493.1
1074120 493.1
1074130 493.5
1074140 493.5
1074150 494.5
1074160 496.6
1074170 496.6
1074180 499.1
1074190 499.9
1074200 499.9
1074210 501.4
1074220 504.5
1074230 504.5
1074240 508.2
1074250 511.0
1074260 511.0
1074270 513.3
1074280 515.1
1074290 515.1
1074300 517.0
1074310 518.5
1074320 518.5
1074330 519.8
1074340 520.6
1074350 520.6
1074360 520.7
1074370 520.7
1074380 520.7
1074390 521.3
1074400 521.5
1074410 521.4
1074420 521.4
1074430 521.4
1074440 521.8
1074450 521.8
1074460 522.4
1074470 523.0
1074480 523.0
1074490 527.5
1074500 527.0
1074510 527.0
1074520 526.0
1074530 525.6
1074540 525.6
1074550 526.1
1074560 526.5
1074570 526.5
1074580 526.9
1074590 527.6
1074600 527.6
1074610 528.9
1074620 530.1
1074630 530.1
1074640 531.2
1074650 531.6
1074660 531.9
1074670 531.9
1074680 532.3
1074690 532.5
1074700 532.5
1074710 532.4
1074720 532.0
1074730 532.0
1074740 531.6
1074750 531.4
1074760 531.4
1074770 531.1
1074780 531.1
1074790 531.1
1074800 533.9
1074810 533.0
1074820 533.0
1074830 532.2
1074840 531.9
1074850 531.9
1074860 531.8
1074870 531.8
1074880 531.8
1074890 531.7
1074900 529.4
1074910 529.4
1074920 527.4
1074930 529.8
1074940 531.7
1074950 531.7
1074960 532.9
1074970 535.3
1074980 535.3
1074990 538.7
1075000 544.7
1075010 544.7
1075020 549.7
1075030 553.7
1075040 553.7
1075050 559.0
1075060 563.6
1075070 563.6
1075080 570.4
1075090 577.9
1075100 577.9
1075110 584.4
1075120 596.0
1075130 596.0
1075140 602.8
1075150 610.0
1075160 610.0
1075170 616.4
1075180 622.4
1075190 627.3
1075200 627.3
1075210 627.9
1075220 628.0
1075230 628.0
1075240 633.3
1075250 639.2
1075260 639.2
1075270 644.4
1075280 650.0
1075290 650.0
1075300 655.7
1075310 663.7
1075320 663.7
1075330 661.9
1075340 665.8
1075350 665.8
1075360 670.0
1075370 673.1
1075380 673.1
1075390 674.5
1075400 673.9
1075410 673.9
1075420 672.2
1075430 675.0
1075440 675.0
1075450 681.6
1075460 687.5
1075470 704.2
1075480 704.2
1075490 709.7
1075500 711.9
1075510 711.9
1075520 714.8
1075530 714.4
1075540 714.4
1075550 713.8
1075560 713.4
1075570 713.4
1075580 712.4
1075590 713.3
1075600 713.3
1075610 710.9
1075620 699.7
1075630 699.7
1075640 694.6
1075650 693.7
1075660 693.7
1075670 692.7
1075680 690.2
1075690 690.2
1075700 690.0
1075710 694.8
1075720 694.8
1075730 693.5
1075740 700.8
1075750 708.9
1075760 708.9
1075770 722.7
1075780 729.9
1075790 729.9
1075800 733.1
1075810 735.6
1075820 735.6
1075830 737.8
1075840 740.4
1075850 740.4
1075860 742.7
1075870 745.6
1075880 745.6
1075890 748.9
1075900 752.4
1075910 752.4
1075920 755.5
1075930 758.8
1075940 758.8
1075950 760.7
1075960 762.8
1075970 762.8
1075980 764.8
1075990 765.7
1076000 766.2
1076010 766.2
1076020 767.9
1076030 770.0
1076040 769.5
1076050 771.7
1076060 773.9
1076070 773.9
1076080 775.8
1076090 777.9
1076100 777.9
1076110 780.1
1076120 783.1
1076130 783.1
1076140 785.4
1076150 786.6
1076160 786.6
1076170 788.1
1076180 788.4
1076190 788.4
1076200 787.6
1076210 787.5
1076220 787.5
1076230 787.5
1076240 783.6
1076250 783.6
1076260 778.2
1076270 774.5
1076280 772.9
1076290 772.9
1076300 774.2
1076310 776.8
1076320 776.8
1076330 778.7
1076340 780.5
1076350 780.5
1076360 781.5
1076370 788.5
1076380 788.5
1076390 795.8
1076400 802.3
1076410 802.3
1076420 804.8
1076430 806.2
1076440 806.2
1076450 807.1
1076460 807.7
1076470 807.7
1076480 808.4
1076490 809.2
1076500 809.2
1076510 810.7
1076520 812.1
1076530 813.4
1076540 813.4
1076550 814.9
1076560 816.7
1076570 816.7
1076580 818.5
1076590 821.0
1076600 821.0
1076610 823.2
1076620 825.7
1076630 825.7
1076640 827.5
1076650 829.6
1076660 829.6
1076670 829.3
1076680 831.0
1076690 831.0
1076700 831.4
1076710 832.6
1076720 832.6
1076730 834.6
1076740 836.8
1076750 836.8
1076760 838.3
1076770 840.9
1076780 840.9
1076790 845.4
1076800 849.4
1076810 853.2
1076820 853.2
1076830 857.8
1076840 860.7
1076850 860.7
1076860 862.3
1076870 863.6
1076880 863.6
1076890 863.6
1076900 863.0
1076910 863.0
1076920 862.4
1076930 861.9
1076940 861.9
1076950 861.4
1076960 861.3
1076970 861.3
1076980 857.8
1076990 858.6
1077000 858.6
1077010 859.9
1077020 861.1
1077030 861.1
1077040 861.2
1077050 861.9
1077060 862.8
1077070 862.8
1077080 864.8
1077090 866.2
1077100 866.2
1077110 866.7
1077120 867.3
1077130 867.3
1077140 867.9
1077150 868.9
1077160 868.9
1077170 869.9
1077180 871.0
1077190 871.0
1077200 872.2
1077210 874.2
1077220 874.2
1077230 876.0
1077240 878.0
1077250 878.0
1077260 879.7
1077270 881.5
1077280 881.5
1077290 880.6
1077300 882.4
1077310 882.4
1077320 884.5
1077330 886.2
1077340 888.1
1077350 888.1
1077360 890.1
1077370 894.4
1077380 894.4
1077390 899.9
1077400 902.8
1077410 902.8
1077420 903.9
1077430 903.9
1077440 903.9
1077450 903.8
1077460 903.9
1077470 903.9
1077480 902.8
1077490 902.1
1077500 902.1
1077510 901.3
1077520 897.9
1077530 897.9
1077540 893.9
1077550 889.0
1077560 889.0
1077570 884.3
1077580 880.8
1077590 877.7
1077600 874.0
1077610 870.2
1077620 867.2
1077630 867.2
1077640 864.5
1077650 863.9
1077660 863.9
1077670 864.3
1077680 861.9
1077690 861.9
1077700 858.8
1077710 858.3
1077720 858.3
1077730 854.7
1077740 848.7
1077750 848.7
1077760 845.3
1077770 844.0
1077780 844.0
1077790 843.1
1077800 844.2
1077810 844.2
1077820 843.5
1077830 838.5
1077840 838.5
1077850 834.6
1077860 838.6
1077870 849.3
1077880 849.3
1077890 860.3
1077900 872.8
1077910 872.8
1077920 873.3
1077930 874.1
1077940 874.1
1077950 875.3
1077960 876.0
1077970 876.0
1077980 877.0
1077990 878.5
1078000 878.5
1078010 881.1
1078020 884.2
1078030 884.2
1078040 887.3
1078050 891.4
1078060 891.4
1078070 894.7
1078080 898.0
1078090 898.0
1078100 900.5
1078110 902.0
1078120 902.0
1078130 904.0
1078140 906.6
1078150 910.0
1078160 910.0
1078170 911.2
1078180 914.0
1078190 914.0
1078200 916.3
1078210 918.2
1078220 918.2
1078230 919.2
1078240 921.6
1078250 921.6
1078260 924.1
1078270 927.6
1078280 927.6
1078290 931.7
1078300 935.3
1078310 935.3
1078320 939.4
1078330 943.1
1078340 943.1
1078350 948.0
1078360 953.0
1078370 953.0
1078380 957.3
1078390 959.5
1078400 962.5
1078410 962.5
1078420 965.3
1078430 968.9
1078440 968.9
1078450 972.9
1078460 977.1
1078470 977.1
1078480 981.0
1078490 984.6
1078500 984.6
1078510 986.7
1078520 988.0
1078530 988.0
1078540 986.5
1078550 987.5
1078560 987.5
1078570 988.9
1078580 990.0
1078590 990.0
1078600 990.5
1078610 991.2
1078620 991.2
1078630 992.7
1078640 994.2
1078650 994.2
1078660 995.7
1078670 997.1
1078680 998.1
1078690 998.1
1078700 999.9
1078710 1001.4
1078720 1001.4
1078730 1003.7
1078740 1007.3
1078750 1007.3
1078760 1010.8
1078770 1014.4
1078780 1014.4
1078790 1017.2
1078800 1022.5
1078810 1022.5
1078820 1026.9
1078830 1031.5
1078840 1031.5
1078850 1036.6
1078860 1035.9
1078870 1035.9
1078880 1039.0
1078890 1041.0
1078900 1041.0
1078910 1042.1
1078920 1042.4
1078930 1044.7
1078940 1044.7
1078950 1048.0
1078960 1051.4
1078970 1051.4
1078980 1053.7
1078990 1056.2
1079000 1056.2
1079010 1058.8
1079020 1061.3
1079030 1061.3
1079040 1064.6
1079050 1067.7
1079060 1067.7
1079070 1069.8
1079080 1071.6
1079090 1071.6
1079100 1074.0
1079110 1077.4
1079120 1077.4
1079130 1081.2
1079140 1085.4
1079150 1085.4
1079160 1088.3
1079170 1087.4
1079180 1087.4
1079190 1091.3
1079200 1094.3
1079210 1094.7
1079220 1094.7
1079230 1095.7
1079240 1098.0
1079250 1098.0
1079260 1100.5
1079270 1102.1
1079280 1102.1
1079290 1103.5
1079300 1104.8
1079310 1104.8
1079320 1106.5
1079330 1108.5
1079340 1108.5
1079350 1110.4
1079360 1112.9
1079370 1112.9
1079380 1116.3
1079390 1120.0
1079400 1120.0
1079410 1124.3
1079420 1128.6
1079430 1128.6
1079440 1133.2
1079450 1137.8
1079460 1143.1
1079470 1143.1
1079480 1148.7
1079490 1152.4
1079500 1152.4
1079510 1159.7
1079520 1167.3
1079530 1167.3
1079540 1174.8
1079550 1182.1
1079560 1182.1
1079570 1187.7
1079580 1192.4
1079590 1192.4
1079600 1197.5
1079610 1202.2
1079620 1202.2
1079630 1207.2
1079640 1212.2
1079650 1212.2
1079660 1215.9
1079670 1219.5
1079680 1219.5
1079690 1223.2
1079700 1227.3
1079710 1227.3
1079720 1231.5
1079730 1236.5
1079740 1241.4
1079750 1241.4
1079760 1246.3
1079770 1251.5
1079780 1251.5
1079790 1257.4
1079800 1262.4
1079810 1262.4
1079820 1267.1
1079830 1272.1
1079840 1272.1
1079850 1276.6
1079860 1280.7
1079870 1280.7
1079880 1284.3
1079890 1287.5
1079900 1287.5
1079910 1290.8
1079920 1294.2
1079930 1294.2
1079940 1298.5
1079950 1304.2
1079960 1304.2
1079970 1310.4
1079980 1316.8
1079990 1321.7
