1064600 659.5
1064610 659.9
1064620 659.9
1064630 660.2
1064640 660.5
1064650 660.5
1064660 660.9
1064670 659.2
1064680 661.5
1064690 661.5
1064700 668.7
1064710 671.4
1064720 671.4
1064730 673.7
1064740 677.2
1064750 677.2
1064760 680.3
1064770 683.6
1064780 683.6
1064790 686.4
1064800 687.5
1064810 687.5
1064820 690.5
1064830 691.3
1064840 691.3
1064850 692.0
1064860 695.2
1064870 695.2
1064880 696.2
1064890 696.5
1064900 696.5
1064910 697.1
1064920 697.6
1064930 694.7
1064940 694.7
1064950 689.2
1064960 655.6
1064970 655.6
1064980 643.4
1064990 636.9
1065000 636.9
1065010 629.8
1065020 623.1
1065030 623.1
1065040 616.1
1065050 609.2
1065060 609.2
1065070 603.0
1065080 597.2
1065090 597.2
1065100 591.7
1065110 586.8
1065120 586.8
1065130 582.7
1065140 578.2
1065150 578.2
1065160 575.1
1065170 574.9
1065180 574.9
1065190 579.0
1065200 580.6
1065210 578.2
1065220 578.2
1065230 573.6
1065240 570.4
1065250 570.4
1065260 563.6
1065270 558.3
1065280 558.3
1065290 553.3
1065300 548.7
1065310 548.7
1065320 543.5
1065330 537.8
1065340 537.8
1065350 533.4
1065360 529.6
1065370 529.6
1065380 527.6
1065390 526.3
1065400 526.3
1065410 525.7
1065420 525.7
1065430 525.7
1065440 525.8
1065450 526.0
1065460 526.2
1065470 526.2
1065480 526.7
1065490 529.5
1065500 529.5
1065510 533.0
1065520 533.1
1065530 533.1
1065540 531.6
1065550 530.2
1065560 530.2
1065570 528.6
1065580 527.8
1065590 527.8
1065600 526.7
1065610 525.7
1065620 525.7
1065630 524.7
1065640 523.0
1065650 523.0
1065660 520.0
1065670 515.7
1065680 515.7
1065690 512.0
1065700 509.3
1065710 509.3
1065720 507.7
1065730 506.1
1065740 504.8
1065750 504.8
1065760 504.3
1065770 503.4
1065780 503.4
1065790 501.4
1065800 498.7
1065810 498.7
1065820 495.9
1065830 494.0
1065840 494.0
1065850 491.3
1065860 487.8
1065870 484.6
1065880 482.1
1065890 480.4
1065900 480.4
1065910 478.3
1065920 476.0
1065930 476.0
1065940 473.5
1065950 471.6
1065960 471.6
1065970 468.4
1065980 464.2
1065990 464.2
1066000 459.3
1066010 454.0
1066020 450.5
1066030 450.5
1066040 449.4
1066050 448.8
1066060 448.8
1066070 448.4
1066080 448.2
1066090 448.2
1066100 448.1
1066110 448.0
1066120 448.0
1066130 448.0
1066140 447.9
1066150 447.9
1066160 448.0
1066170 448.0
1066180 448.0
1066190 448.0
1066200 448.1
1066210 448.1
1066220 448.1
1066230 448.0
1066240 448.0
1066250 447.8
1066260 447.8
1066270 447.7
1066280 447.7
1066290 447.8
1066300 448.1
1066310 448.1
1066320 448.0
1066330 447.7
1066340 447.7
1066350 447.6
1066360 447.6
1066370 447.6
1066380 447.6
1066390 447.7
1066400 447.7
1066410 447.8
1066420 447.8
1066430 447.8
1066440 447.8
1066450 447.9
1066460 447.9
1066470 447.9
1066480 448.3
1066490 448.3
1066500 448.5
1066510 448.6
1066520 448.6
1066530 448.7
1066540 448.9
1066550 449.0
1066560 449.0
1066570 449.0
1066580 448.9
1066590 448.9
1066600 448.9
1066610 448.8
1066620 448.8
1066630 448.9
1066640 449.1
1066650 449.1
1066660 449.3
1066670 449.4
1066680 449.4
1066690 449.2
1066700 448.9
1066710 448.9
1066720 448.9
1066730 448.9
1066740 448.9
1066750 448.9
1066760 448.9
1066770 448.9
1066780 448.9
1066790 448.9
1066800 449.1
1066810 449.1
1066820 449.1
1066830 449.1
1066840 449.1
1066850 449.0
1066860 449.1
1066870 449.1
1066880 449.3
1066890 449.2
1066900 449.2
1066910 449.2
1066920 449.4
1066930 449.4
1066940 449.6
1066950 449.8
1066960 449.8
1066970 449.8
1066980 449.9
1066990 449.9
1067000 450.1
1067010 450.3
1067020 450.3
1067030 450.3
1067040 450.2
1067050 450.2
1067060 450.2
1067070 450.2
1067080 450.3
1067090 450.6
1067100 451.3
1067110 451.2
1067120 451.2
1067130 451.2
1067140 451.2
1067150 451.2
1067160 451.2
1067170 451.2
1067180 451.2
1067190 451.2
1067200 451.1
1067210 451.1
1067220 451.0
1067230 450.9
1067240 450.9
1067250 450.9
1067260 451.4
1067270 451.4
1067280 451.3
1067290 451.2
1067300 451.2
1067310 451.2
1067320 451.3
1067330 451.2
1067340 451.2
1067350 451.1
1067360 451.2
1067370 451.2
1067380 451.3
1067390 451.5
1067400 451.9
1067410 451.6
1067420 451.6
1067430 451.6
1067440 451.6
1067450 451.6
1067460 451.6
1067470 451.8
1067480 452.2
1067490 452.2
1067500 452.6
1067510 453.8
1067520 453.8
1067530 454.2
1067540 454.5
1067550 454.5
1067560 454.7
1067570 453.7
1067580 453.7
1067590 447.5
1067600 445.6
1067610 445.3
1067620 445.3
1067630 447.9
1067640 451.7
1067650 451.7
1067660 450.2
1067670 453.4
1067680 453.4
1067690 453.4
1067700 469.3
1067710 469.3
1067720 484.9
1067730 490.2
1067740 490.2
1067750 495.5
1067760 500.1
1067770 500.1
1067780 506.1
1067790 512.1
1067800 512.1
1067810 518.6
1067820 523.6
1067830 523.6
1067840 525.1
1067850 525.6
1067860 525.6
1067870 524.7
1067880 523.1
1067890 521.6
1067900 521.6
1067910 520.4
1067920 519.1
1067930 519.1
1067940 518.8
1067950 518.5
1067960 518.5
1067970 517.9
1067980 516.9
1067990 516.9
1068000 516.5
1068010 513.2
1068020 513.2
1068030 512.7
1068040 510.1
1068050 510.1
1068060 507.4
1068070 505.8
1068080 505.8
1068090 505.3
1068100 504.8
1068110 504.8
1068120 503.4
1068130 500.6
1068140 497.6
1068150 497.6
1068160 496.3
1068170 496.0
1068180 496.0
1068190 495.8
1068200 495.3
1068210 495.3
1068220 492.9
1068230 490.3
1068240 490.3
1068250 487.0
1068260 484.1
1068270 484.1
1068280 480.6
1068290 476.9
1068300 476.9
1068310 467.4
1068320 464.5
1068330 464.5
1068340 461.6
1068350 460.3
1068360 460.3
1068370 459.2
1068380 458.6
1068390 458.6
1068400 458.2
1068410 457.7
1068420 457.6
1068430 457.6
1068440 457.5
1068450 457.4
1068460 457.4
1068470 457.4
1068480 457.3
1068490 457.3
1068500 456.9
1068510 457.0
1068520 457.0
1068530 456.8
1068540 456.7
1068550 456.7
1068560 456.8
1068570 456.8
1068580 456.8
1068590 456.8
1068600 456.7
1068610 456.7
1068620 456.8
1068630 456.7
1068640 456.7
1068650 456.8
1068660 456.7
1068670 456.8
1068680 456.8
1068690 456.8
1068700 456.8
1068710 456.8
1068720 456.8
1068730 456.9
1068740 456.9
1068750 457.1
1068760 457.3
1068770 457.3
1068780 457.0
1068790 456.6
1068800 456.6
1068810 456.5
1068820 456.5
1068830 456.5
1068840 456.6
1068850 456.6
1068860 456.6
1068870 456.4
1068880 456.4
1068890 456.4
1068900 456.5
1068910 456.5
1068920 456.6
1068930 456.6
1068940 456.3
1068950 455.9
1068960 455.9
1068970 455.6
1068980 456.2
1068990 456.2
1069000 456.6
1069010 457.1
1069020 457.1
1069030 456.8
1069040 456.5
1069050 456.5
1069060 456.5
1069070 457.6
1069080 457.6
1069090 461.7
1069100 466.5
1069110 466.5
1069120 470.0
1069130 473.8
1069140 473.8
1069150 475.2
1069160 476.7
1069170 476.7
1069180 478.8
1069190 480.9
1069200 480.9
1069210 482.1
1069220 483.0
1069230 485.1
1069240 485.1
1069250 485.6
1069260 487.0
1069270 487.0
1069280 488.7
1069290 491.3
1069300 491.3
1069310 494.1
1069320 497.2
1069330 497.2
1069340 500.9
1069350 504.6
1069360 504.6
1069370 507.6
1069380 512.3
1069390 512.3
1069400 516.3
1069410 520.8
1069420 520.8
1069430 525.5
1069440 530.6
1069450 530.6
1069460 535.9
1069470 541.7
1069480 547.7
1069490 547.7
1069500 553.8
1069510 560.2
1069520 560.2
1069530 566.9
1069540 578.0
1069550 578.0
1069560 586.8
1069570 612.8
1069580 612.8
1069590 630.6
1069600 635.1
1069610 635.1
1069620 637.3
1069630 637.9
1069640 637.9
1069650 637.1
1069660 635.3
1069670 635.3
1069680 633.3
1069690 631.2
1069700 631.2
1069710 628.8
1069720 626.3
1069730 626.3
1069740 626.8
1069750 625.3
1069760 623.1
1069770 623.1
1069780 620.6
1069790 617.6
1069800 617.6
1069810 614.4
1069820 611.9
1069830 611.9
1069840 608.9
1069850 604.8
1069860 604.8
1069870 601.6
1069880 598.1
1069890 598.1
1069900 594.4
1069910 590.3
1069920 590.3
1069930 586.9
1069940 584.5
1069950 584.5
1069960 582.0
1069970 579.8
1069980 579.8
1069990 577.8
1070000 575.7
1070010 572.8
1070020 572.8
1070030 569.6
1070040 567.8
1070050 567.8
1070060 566.0
1070070 564.8
1070080 564.8
1070090 563.2
1070100 560.9
1070110 560.9
1070120 559.3
1070130 558.3
1070140 558.3
1070150 557.0
1070160 559.1
1070170 559.1
1070180 560.3
1070190 559.0
1070200 559.0
1070210 557.7
1070220 557.0
1070230 557.0
1070240 556.5
1070250 556.3
1070260 556.3
1070270 556.3
1070280 556.4
1070290 556.4
1070300 556.4
1070310 556.6
1070320 556.7
1070330 556.7
1070340 556.8
1070350 556.8
1070360 556.8
1070370 557.0
1070380 557.2
1070390 557.2
1070400 557.5
1070410 558.3
1070420 558.3
1070430 559.9
1070440 561.6
1070450 561.6
1070460 560.9
1070470 560.3
1070480 560.3
1070490 560.2
1070500 562.2
1070510 562.2
1070520 562.8
1070530 562.6
1070540 562.7
1070550 562.7
1070560 562.8
1070570 562.6
1070580 562.6
1070590 562.3
1070600 562.1
1070610 562.1
1070620 562.0
1070630 562.1
1070640 562.1
1070650 562.5
1070660 563.5
1070670 563.5
1070680 564.4
1070690 565.3
1070700 565.3
1070710 566.5
1070720 567.5
1070730 567.5
1070740 567.8
1070750 567.8
1070760 569.3
1070770 569.2
1070780 568.7
1070790 568.7
1070800 568.4
1070810 568.1
1070820 568.0
1070830 568.0
1070840 569.2
1070850 572.0
1070860 572.0
1070870 575.9
1070880 580.8
1070890 580.8
1070900 586.2
1070910 588.6
1070920 588.6
1070930 589.9
1070940 588.7
1070950 588.7
1070960 587.4
1070970 588.0
1070980 588.0
1070990 589.9
1071000 590.4
1071010 590.4
1071020 589.5
1071030 586.0
1071040 586.0
1071050 581.1
1071060 578.5
1071070 578.3
1071080 577.9
1071090 578.2
1071100 579.3
1071110 579.3
1071120 580.6
1071130 581.9
1071140 581.9
1071150 583.4
1071160 584.3
1071170 584.3
1071180 585.2
1071190 586.0
1071200 586.0
1071210 586.8
1071220 587.5
1071230 587.5
1071240 588.4
1071250 588.9
1071260 588.9
1071270 589.8
1071280 590.7
1071290 590.7
1071300 591.2
1071310 591.7
1071320 591.7
1071330 591.9
1071340 592.0
1071350 591.8
1071360 591.8
1071370 591.2
1071380 591.5
1071390 591.5
1071400 591.7
1071410 592.9
1071420 592.9
1071430 595.5
1071440 596.8
1071450 596.8
1071460 597.2
1071470 596.9
1071480 596.9
1071490 596.7
1071500 596.2
1071510 596.2
1071520 596.5
1071530 596.9
1071540 596.9
1071550 596.9
1071560 596.4
1071570 596.4
1071580 595.4
1071590 594.6
1071600 594.6
1071610 593.6
1071620 593.1
1071630 592.8
1071640 592.8
1071650 593.2
1071660 593.8
1071670 593.8
1071680 592.9
1071690 590.2
1071700 590.2
1071710 591.6
1071720 591.9
1071730 591.9
1071740 591.0
1071750 589.4
1071760 589.4
1071770 588.1
1071780 587.3
1071790 587.3
1071800 587.2
1071810 587.4
1071820 587.4
1071830 587.6
1071840 587.9
1071850 587.9
1071860 588.3
1071870 589.1
1071880 588.9
1071890 588.9
1071900 589.0
1071910 588.9
1071920 588.9
1071930 589.6
1071940 590.2
1071950 590.2
1071960 591.1
1071970 591.6
1071980 591.6
1071990 591.3
1072000 589.3
1072010 589.3
1072020 587.3
1072030 585.2
1072040 585.2
1072050 583.9
1072060 583.4
1072070 583.4
1072080 583.6
1072090 583.6
1072100 583.6
1072110 583.5
1072120 583.0
1072130 583.0
1072140 582.1
1072150 581.4
1072160 580.1
1072170 580.1
1072180 579.3
1072190 579.1
1072200 579.1
1072210 579.2
1072220 578.8
1072230 578.8
1072240 577.3
1072250 574.4
1072260 574.4
1072270 571.0
1072280 568.4
1072290 568.4
1072300 566.3
1072310 565.8
1072320 565.8
1072330 565.6
1072340 565.0
1072350 565.0
1072360 563.9
1072370 562.7
1072380 562.7
1072390 562.1
1072400 561.2
1072410 560.3
1072420 560.3
1072430 557.3
1072440 555.6
1072450 555.6
1072460 554.3
1072470 553.2
1072480 553.2
1072490 552.0
1072500 550.9
1072510 550.9
1072520 550.1
1072530 549.3
1072540 549.3
1072550 548.6
1072560 547.7
1072570 547.7
1072580 547.0
1072590 546.2
1072600 546.2
1072610 544.3
1072620 543.4
1072630 543.4
1072640 542.8
1072650 542.5
1072660 542.5
1072670 542.1
1072680 541.8
1072690 541.6
1072700 541.6
1072710 541.1
1072720 540.4
1072730 540.4
1072740 540.0
1072750 539.6
1072760 539.6
1072770 538.9
1072780 537.9
1072790 537.9
1072800 536.9
1072810 536.2
1072820 536.2
1072830 535.7
1072840 535.3
1072850 535.3
1072860 535.0
1072870 534.4
1072880 534.4
1072890 533.9
1072900 533.6
1072910 533.6
1072920 532.7
1072930 532.2
1072940 532.2
1072950 531.8
1072960 531.3
1072970 530.9
1072980 530.9
1072990 530.5
1073000 530.0
1073010 530.0
1073020 529.4
1073030 528.9
1073040 528.9
1073050 528.2
1073060 527.7
1073070 527.7
1073080 527.4
1073090 526.7
1073100 526.7
1073110 525.3
1073120 523.9
1073130 523.9
1073140 521.9
1073150 520.1
1073160 520.1
1073170 518.5
1073180 516.3
1073190 516.3
1073200 513.5
1073210 511.1
1073220 510.1
1073230 510.6
1073240 509.7
1073250 508.5
1073260 508.5
1073270 507.6
1073280 506.9
1073290 506.9
1073300 506.3
1073310 505.7
1073320 505.7
1073330 505.1
1073340 504.7
1073350 504.7
1073360 504.5
1073370 504.7
1073380 504.7
1073390 505.5
1073400 505.7
1073410 505.7
1073420 505.7
1073430 505.6
1073440 505.6
1073450 505.7
1073460 505.8
1073470 505.8
1073480 506.2
1073490 506.3
1073500 505.8
1073510 505.8
1073520 505.1
1073530 504.9
1073540 505.3
1073550 505.7
1073560 505.5
1073570 505.5
1073580 504.9
1073590 504.5
1073600 504.5
1073610 504.9
1073620 505.8
1073630 505.8
1073640 506.4
1073650 506.4
1073660 506.4
1073670 506.2
1073680 506.0
1073690 506.0
1073700 505.9
1073710 506.0
1073720 506.0
1073730 506.5
1073740 507.3
1073750 508.3
1073760 508.3
1073770 508.8
1073780 509.1
1073790 509.1
1073800 509.2
1073810 509.6
1073820 509.6
1073830 510.0
1073840 510.5
1073850 508.6
1073860 508.5
1073870 508.8
1073880 508.8
1073890 510.1
1073900 513.7
1073910 513.7
1073920 515.9
1073930 515.1
1073940 515.1
1073950 512.6
1073960 509.8
1073970 509.8
1073980 508.6
1073990 509.5
1074000 509.5
1074010 510.5
1074020 511.3
1074030 511.9
1074040 511.9
1074050 510.6
1074060 507.5
1074070 507.5
1074080 504.1
1074090 502.1
1074100 502.1
1074110 501.7
1074120 502.0
1074130 502.0
1074140 503.9
1074150 507.2
1074160 509.7
1074170 513.3
1074180 516.6
1074190 516.6
1074200 519.1
1074210 520.6
1074220 520.6
1074230 522.2
1074240 525.1
1074250 525.1
1074260 527.1
1074270 528.3
1074280 528.9
1074290 528.9
1074300 528.9
1074310 529.1
1074320 529.1
1074330 529.5
1074340 529.1
1074350 529.1
1074360 527.3
1074370 526.7
1074380 526.7
1074390 526.7
1074400 527.9
1074410 527.9
1074420 529.6
1074430 530.5
1074440 530.5
1074450 530.8
1074460 531.1
1074470 531.2
1074480 532.0
1074490 532.2
1074500 532.2
1074510 532.4
1074520 533.2
1074530 533.2
1074540 533.4
1074550 533.1
1074560 533.4
1074570 533.4
1074580 534.1
1074590 534.4
1074600 534.4
1074610 534.9
1074620 535.3
1074630 535.3
1074640 536.2
1074650 538.0
1074660 538.0
1074670 540.4
1074680 542.0
1074690 542.0
1074700 542.8
1074710 543.5
1074720 543.5
1074730 543.8
1074740 543.8
1074750 543.8
1074760 543.2
1074770 541.4
1074780 544.7
1074790 543.7
1074800 543.0
1074810 541.4
1074820 541.4
1074830 540.5
1074840 539.4
1074850 539.4
1074860 538.9
1074870 538.0
1074880 538.0
1074890 536.7
1074900 537.7
1074910 537.7
1074920 537.2
1074930 535.2
1074940 535.2
1074950 534.1
1074960 533.0
1074970 533.0
1074980 533.1
1074990 534.8
1075000 534.8
1075010 537.6
1075020 542.5
1075030 542.5
1075040 547.8
1075050 554.8
1075060 554.8
1075070 559.7
1075080 565.3
1075090 569.2
1075100 569.2
1075110 576.4
1075120 583.1
1075130 583.1
1075140 589.8
1075150 595.2
1075160 595.2
1075170 600.9
1075180 606.0
1075190 606.0
1075200 610.6
1075210 615.9
1075220 615.9
1075230 620.4
1075240 622.6
1075250 622.6
1075260 623.8
1075270 626.7
1075280 626.7
1075290 632.0
1075300 636.4
1075310 636.4
1075320 639.2
1075330 644.3
1075340 644.3
1075350 648.3
1075360 650.3
1075370 655.5
1075380 655.5
1075390 654.0
1075400 652.0
1075410 652.0
1075420 655.7
1075430 661.2
1075440 661.2
1075450 664.3
1075460 667.6
1075470 667.6
1075480 672.4
1075490 676.6
1075500 676.6
1075510 681.7
1075520 688.5
1075530 688.5
1075540 689.2
1075550 686.8
1075560 686.8
1075570 679.2
1075580 672.9
1075590 672.9
1075600 668.5
1075610 666.1
1075620 664.4
1075630 664.4
1075640 663.0
1075650 661.6
1075660 661.6
1075670 659.9
1075680 661.5
1075690 661.5
1075700 664.8
1075710 661.7
1075720 661.7
1075730 664.9
1075740 668.1
1075750 668.1
1075760 671.2
1075770 674.8
1075780 674.8
1075790 678.8
1075800 683.1
1075810 683.1
1075820 687.4
1075830 692.4
1075840 692.4
1075850 697.5
1075860 703.5
1075870 703.5
1075880 710.9
1075890 725.7
1075900 736.2
1075910 736.2
1075920 747.5
1075930 751.6
1075940 751.6
1075950 755.0
1075960 758.0
1075970 758.0
1075980 760.1
1075990 761.1
1076000 761.1
1076010 761.9
1076020 761.7
1076030 761.7
1076040 763.5
1076050 764.5
1076060 764.5
1076070 764.8
1076080 766.1
1076090 766.1
1076100 768.9
1076110 770.4
1076120 770.4
1076130 770.6
1076140 771.2
1076150 772.8
1076160 772.8
1076170 773.4
1076180 771.8
1076190 771.8
1076200 765.7
1076210 762.1
1076220 762.1
1076230 759.3
1076240 757.8
1076250 757.8
1076260 758.2
1076270 758.7
1076280 758.7
1076290 760.3
1076300 763.1
1076310 763.1
1076320 766.5
1076330 768.5
1076340 767.4
1076350 771.6
1076360 778.6
1076370 778.6
1076380 783.5
1076390 786.6
1076400 786.6
1076410 789.3
1076420 791.8
1076430 795.3
1076440 795.3
1076450 797.8
1076460 798.8
1076470 798.8
1076480 799.2
1076490 800.0
1076500 800.0
1076510 800.6
1076520 801.2
1076530 801.2
1076540 801.8
1076550 802.9
1076560 802.9
1076570 804.5
1076580 806.6
1076590 806.6
1076600 810.2
1076610 812.6
1076620 812.6
1076630 814.3
1076640 816.3
1076650 813.7
1076660 815.4
1076670 817.6
1076680 820.9
1076690 820.9
1076700 823.2
1076710 824.8
1076720 824.8
1076730 825.7
1076740 826.3
1076750 826.3
1076760 827.0
1076770 828.6
1076780 828.6
1076790 830.8
1076800 833.5
1076810 833.5
1076820 836.6
1076830 840.5
1076840 840.5
1076850 844.3
1076860 846.6
1076870 846.6
1076880 848.6
1076890 849.9
1076900 849.9
1076910 849.7
1076920 848.7
1076930 848.7
1076940 848.3
1076950 848.4
1076960 845.8
1076970 845.8
1076980 845.8
1076990 845.6
1077000 845.6
1077010 845.2
1077020 845.7
1077030 845.7
1077040 847.9
1077050 849.9
1077060 849.9
1077070 851.9
1077080 853.9
1077090 853.9
1077100 855.8
1077110 857.6
1077120 857.6
1077130 859.3
1077140 861.0
1077150 861.0
1077160 862.2
1077170 863.1
1077180 863.1
1077190 863.8
1077200 864.3
1077210 864.9
1077220 864.9
1077230 866.0
1077240 867.3
1077250 867.3
1077260 868.9
1077270 868.4
1077280 868.4
1077290 870.1
1077300 871.5
1077310 871.5
1077320 872.9
1077330 874.2
1077340 874.2
1077350 875.2
1077360 876.2
1077370 876.2
1077380 878.6
1077390 883.3
1077400 883.3
1077410 888.0
1077420 892.6
1077430 892.6
1077440 897.6
1077450 900.4
1077460 900.4
1077470 898.7
1077480 894.8
1077490 892.9
1077500 892.9
1077510 893.5
1077520 894.8
1077530 894.8
1077540 891.8
1077550 884.3
1077560 884.3
1077570 876.6
1077580 870.8
1077590 869.1
1077600 864.3
1077610 861.2
1077620 861.2
1077630 858.6
1077640 856.4
1077650 856.4
1077660 852.6
1077670 846.4
1077680 846.4
1077690 842.7
1077700 841.0
1077710 841.0
1077720 834.0
1077730 833.9
1077740 833.9
1077750 834.8
1077760 833.0
1077770 832.4
1077780 832.4
1077790 831.3
1077800 828.8
1077810 828.8
1077820 823.8
1077830 826.5
1077840 826.5
1077850 836.5
1077860 848.2
1077870 848.2
1077880 855.6
1077890 856.7
1077900 855.8
1077910 856.8
1077920 858.1
1077930 858.1
1077940 860.1
1077950 862.6
1077960 862.6
1077970 864.8
1077980 869.0
1077990 869.0
1078000 871.1
1078010 874.5
1078020 878.1
1078030 878.1
1078040 881.8
1078050 885.2
1078060 885.2
1078070 888.0
1078080 889.8
1078090 889.8
1078100 891.4
1078110 893.0
1078120 893.0
1078130 895.3
1078140 900.1
1078150 900.1
1078160 905.2
1078170 907.3
1078180 907.3
1078190 909.1
1078200 911.3
1078210 911.0
1078220 912.9
1078230 915.2
1078240 915.2
1078250 917.6
1078260 919.8
1078270 919.8
1078280 922.3
1078290 925.8
1078300 929.4
1078310 929.4
1078320 932.4
1078330 936.7
1078340 936.7
1078350 941.8
1078360 945.5
1078370 945.5
1078380 948.5
1078390 951.2
1078400 951.2
1078410 955.5
1078420 960.3
1078430 960.3
1078440 963.5
1078450 966.9
1078460 966.9
1078470 970.7
1078480 974.9
1078490 974.9
1078500 978.2
1078510 980.6
1078520 978.6
1078530 980.6
1078540 982.1
1078550 982.8
1078560 982.8
1078570 983.1
1078580 983.1
1078590 983.1
1078600 982.1
1078610 982.0
1078620 982.0
1078630 982.5
1078640 985.0
1078650 985.0
1078660 987.0
1078670 988.7
1078680 988.7
1078690 990.8
1078700 992.6
1078710 992.6
1078720 994.4
1078730 996.0
1078740 996.0
1078750 997.7
1078760 1000.0
1078770 1000.0
1078780 1002.8
1078790 1006.6
1078800 1006.6
1078810 1010.6
1078820 1014.0
1078830 1017.1
1078840 1015.4
1078850 1018.3
1078860 1020.8
1078870 1020.8
1078880 1022.5
1078890 1024.1
1078900 1024.1
1078910 1025.6
1078920 1028.2
1078930 1028.2
1078940 1031.2
1078950 1034.4
1078960 1034.4
1078970 1038.5
1078980 1042.0
1078990 1042.0
1079000 1045.0
1079010 1047.1
1079020 1047.1
1079030 1049.5
1079040 1052.3
1079050 1052.3
1079060 1055.7
1079070 1058.0
1079080 1059.5
1079090 1059.5
1079100 1062.0
1079110 1064.5
1079120 1064.5
1079130 1066.6
1079140 1068.7
1079150 1064.8
1079160 1067.2
1079170 1069.8
1079180 1069.8
1079190 1072.0
1079200 1074.8
1079210 1074.8
1079220 1077.6
1079230 1080.7
1079240 1080.7
1079250 1083.8
1079260 1086.6
1079270 1086.6
1079280 1089.8
1079290 1093.9
1079300 1093.9
1079310 1097.5
1079320 1101.2
1079330 1101.2
1079340 1104.8
1079350 1108.1
1079360 1111.1
1079370 1111.1
1079380 1113.7
1079390 1116.3
1079400 1116.3
1079410 1119.5
1079420 1122.9
1079430 1122.9
1079440 1127.1
1079450 1130.8
1079460 1130.8
1079470 1133.0
1079480 1136.7
1079490 1136.7
1079500 1142.2
1079510 1150.0
1079520 1150.0
1079530 1157.2
1079540 1165.1
1079550 1165.1
1079560 1172.3
1079570 1178.6
1079580 1178.6
1079590 1183.9
1079600 1188.2
1079610 1192.5
1079620 1192.5
1079630 1197.6
1079640 1202.4
1079650 1202.4
1079660 1207.0
1079670 1212.2
1079680 1212.2
1079690 1217.3
1079700 1222.4
1079710 1222.4
1079720 1227.2
1079730 1233.3
1079740 1233.3
1079750 1240.2
1079760 1246.3
1079770 1246.3
1079780 1250.8
1079790 1256.5
1079800 1256.5
1079810 1261.9
1079820 1266.1
1079830 1266.1
1079840 1269.9
1079850 1275.2
1079860 1275.2
1079870 1279.8
1079880 1282.4
1079890 1284.7
1079900 1284.7
1079910 1288.3
1079920 1291.8
1079930 1291.8
1079940 1296.1
1079950 1299.8
1079960 1299.8
1079970 1303.6
1079980 1307.5
1079990 1307.5
