1063800 431.1
1063810 431.1
1063830 431.2
1063840 431.2
1063850 431.2
1063860 431.3
1063870 431.3
1063880 431.3
1063890 431.5
1063900 431.6
1063910 431.6
1063920 432.0
1063930 432.8
1063940 432.8
1063950 433.0
1063960 433.5
1063970 433.5
1063980 433.5
1063990 433.6
1064000 433.6
1064010 433.6
1064020 433.6
1064030 433.6
1064040 432.9
1064050 432.8
1064060 432.8
1064070 433.4
1064080 433.7
1064090 433.5
1064100 433.5
1064110 433.0
1064120 432.8
1064130 432.9
1064140 432.9
1064150 432.9
1064160 432.9
1064170 433.0
1064180 433.2
1064190 433.2
1064200 433.2
1064210 433.3
1064220 433.3
1064230 433.6
1064240 433.6
1064250 433.6
1064260 433.6
1064270 433.9
1064280 433.9
1064290 434.0
1064300 434.1
1064310 434.1
1064320 434.1
1064330 434.2
1064340 434.3
1064350 434.3
1064360 434.4
1064370 434.6
1064380 434.6
1064390 434.8
1064400 435.0
1064410 435.0
1064420 435.1
1064430 435.2
1064440 435.2
1064450 435.3
1064460 435.3
1064470 435.3
1064480 435.3
1064490 435.3
1064500 435.3
1064510 435.7
1064520 436.4
1064530 436.4
1064540 437.1
1064550 437.1
1064560 437.1
1064570 437.3
1064580 437.4
1064590 437.4
1064600 437.5
1064610 438.9
1064620 444.8
1064630 444.8
1064640 452.4
1064650 457.7
1064660 457.7
1064670 462.6
1064680 467.2
1064690 467.2
1064700 470.4
1064710 470.4
1064720 470.4
1064730 471.1
1064740 473.0
1064750 473.0
1064760 475.7
1064770 479.7
1064780 479.7
1064790 483.8
1064800 486.6
1064810 486.6
1064820 489.3
1064830 490.1
1064840 490.1
1064850 490.4
1064860 491.5
1064870 491.5
1064880 493.3
1064890 495.2
1064900 497.2
1064910 497.2
1064920 498.2
1064930 499.5
1064940 499.5
1064950 501.5
1064960 503.4
1064970 503.4
1064980 505.9
1064990 508.0
1065000 508.0
1065010 509.9
1065020 512.0
1065030 512.0
1065040 518.7
1065050 520.9
1065060 520.9
1065070 522.4
1065080 522.5
1065090 522.5
1065100 521.5
1065110 520.5
1065120 520.5
1065130 519.3
1065140 518.2
1065150 517.5
1065160 517.5
1065170 517.5
1065180 518.1
1065190 518.1
1065200 519.6
1065210 521.8
1065220 521.8
1065230 524.7
1065240 529.1
1065250 529.1
1065260 533.5
1065270 535.5
1065280 535.5
1065290 537.9
1065300 541.2
1065310 541.2
1065320 545.0
1065330 547.5
1065340 549.6
1065350 550.2
1065360 551.0
1065370 551.0
1065380 551.4
1065390 552.2
1065400 552.2
1065410 553.6
1065420 553.7
1065430 553.1
1065440 553.1
1065450 552.0
1065460 551.7
1065470 551.7
1065480 552.5
1065490 553.4
1065500 553.4
1065510 554.2
1065520 555.0
1065530 555.0
1065540 555.5
1065550 555.7
1065560 555.7
1065570 555.1
1065580 554.7
1065590 554.7
1065600 554.7
1065610 554.6
1065620 554.6
1065630 554.9
1065640 556.0
1065650 556.0
1065660 556.9
1065670 557.8
1065680 557.8
1065690 557.9
1065700 557.9
1065710 557.7
1065720 557.7
1065730 557.9
1065740 558.4
1065750 558.4
1065760 558.0
1065770 555.8
1065780 555.8
1065790 555.0
1065800 553.0
1065810 553.0
1065820 550.9
1065830 549.2
1065840 549.2
1065850 548.9
1065860 548.9
1065870 548.9
1065880 547.2
1065890 544.7
1065900 544.7
1065910 543.2
1065920 541.1
1065930 541.1
1065940 537.8
1065950 535.0
1065960 533.6
1065970 533.6
1065980 532.3
1065990 531.2
1066000 531.2
1066010 530.1
1066020 527.2
1066030 527.2
1066040 525.5
1066050 524.3
1066060 524.3
1066070 524.3
1066080 523.8
1066090 523.8
1066100 523.7
1066110 522.4
1066120 522.4
1066130 521.1
1066140 521.3
1066150 521.3
1066160 521.4
1066170 521.2
1066180 521.2
1066190 518.5
1066200 515.0
1066210 515.0
1066220 507.0
1066230 501.5
1066240 498.0
1066250 497.4
1066260 495.3
1066270 492.9
1066280 492.9
1066290 488.3
1066300 484.5
1066310 484.5
1066320 481.0
1066330 478.0
1066340 478.0
1066350 475.7
1066360 473.5
1066370 473.5
1066380 470.4
1066390 465.4
1066400 465.4
1066410 459.7
1066420 455.4
1066430 455.4
1066440 453.4
1066450 449.4
1066460 449.4
1066470 445.9
1066480 445.4
1066490 445.4
1066500 445.4
1066510 445.4
1066520 445.4
1066530 445.4
1066540 445.5
1066550 445.7
1066560 445.9
1066570 445.6
1066580 445.6
1066590 445.6
1066600 445.8
1066610 445.8
1066620 445.8
1066630 445.8
1066640 445.8
1066650 445.8
1066660 445.8
1066670 446.0
1066680 446.0
1066690 446.1
1066700 445.9
1066710 445.9
1066720 445.9
1066730 446.0
1066740 446.0
1066750 446.0
1066760 446.0
1066770 446.3
1066780 446.3
1066790 446.9
1066800 446.9
1066810 446.9
1066820 446.8
1066830 447.0
1066840 447.0
1066850 447.1
1066860 447.7
1066870 447.7
1066880 449.6
1066890 448.9
1066900 448.9
1066910 446.3
1066920 443.2
1066930 443.2
1066940 441.0
1066950 440.9
1066960 440.9
1066970 441.9
1066980 445.4
1066990 445.4
1067000 448.8
1067010 446.4
1067020 446.4
1067030 441.7
1067040 440.9
1067050 444.5
1067060 444.5
1067070 447.0
1067080 447.0
1067090 447.0
1067100 447.0
1067110 447.0
1067120 447.0
1067130 447.0
1067140 447.0
1067150 447.0
1067160 447.0
1067170 447.0
1067180 447.0
1067190 447.0
1067200 447.1
1067210 447.1
1067220 447.1
1067230 447.1
1067240 447.1
1067250 447.1
1067260 447.2
1067270 447.2
1067280 447.2
1067290 447.1
1067300 447.1
1067310 447.1
1067320 447.1
1067330 447.0
1067340 447.0
1067350 446.8
1067360 446.4
1067370 446.4
1067380 446.3
1067390 446.1
1067400 446.1
1067410 446.1
1067420 446.2
1067430 446.2
1067440 446.4
1067450 446.7
1067460 446.7
1067470 447.0
1067480 447.1
1067490 447.1
1067500 447.1
1067510 447.3
1067520 447.3
1067530 447.0
1067540 446.9
1067550 446.9
1067560 446.8
1067570 446.7
1067580 446.8
1067590 446.8
1067600 447.0
1067610 446.8
1067620 446.8
1067630 446.8
1067640 446.8
1067650 446.8
1067660 446.8
1067670 447.2
1067680 447.2
1067690 447.3
1067700 446.7
1067710 446.7
1067720 446.7
1067730 446.7
1067740 446.7
1067750 446.9
1067760 446.8
1067770 446.8
1067780 446.9
1067790 446.9
1067800 446.9
1067810 447.1
1067820 447.2
1067830 447.2
1067840 447.5
1067850 447.7
1067860 447.9
1067870 447.9
1067880 447.8
1067890 447.6
1067900 447.6
1067910 447.7
1067920 447.0
1067930 447.0
1067940 447.0
1067950 447.0
1067960 447.0
1067970 447.1
1067980 447.1
1067990 447.1
1068000 447.0
1068010 447.4
1068020 447.4
1068030 452.8
1068040 463.5
1068050 463.5
1068060 473.6
1068070 479.4
1068080 480.0
1068090 484.2
1068100 488.8
1068110 488.8
1068120 491.3
1068130 495.3
1068140 499.7
1068150 499.7
1068160 504.3
1068170 510.4
1068180 510.4
1068190 517.1
1068200 523.6
1068210 523.6
1068220 530.4
1068230 537.6
1068240 537.6
1068250 544.9
1068260 551.8
1068270 551.8
1068280 566.5
1068290 585.5
1068300 585.5
1068310 588.7
1068320 592.2
1068330 592.2
1068340 595.6
1068350 598.2
1068360 598.2
1068370 600.1
1068380 601.4
1068390 601.7
1068400 601.7
1068410 601.8
1068420 602.1
1068430 602.1
1068440 602.4
1068450 602.8
1068460 602.8
1068470 605.7
1068480 608.4
1068490 608.4
1068500 609.9
1068510 613.0
1068520 613.0
1068530 616.5
1068540 617.9
1068550 617.9
1068560 618.7
1068570 619.2
1068580 619.2
1068590 619.7
1068600 620.4
1068610 620.4
1068620 621.1
1068630 622.1
1068640 622.1
1068650 623.0
1068660 623.1
1068670 622.8
1068680 622.8
1068690 623.0
1068700 624.1
1068710 624.1
1068720 625.7
1068730 626.1
1068740 626.1
1068750 626.1
1068760 626.1
1068770 626.1
1068780 626.2
1068790 626.3
1068800 626.3
1068810 626.0
1068820 625.4
1068830 625.4
1068840 624.7
1068850 623.7
1068860 623.7
1068870 622.9
1068880 622.1
1068890 622.1
1068900 621.5
1068910 621.1
1068920 621.1
1068930 620.6
1068940 620.1
1068950 619.2
1068960 619.2
1068970 618.6
1068980 618.0
1068990 618.0
1069000 616.6
1069010 615.9
1069020 615.9
1069030 614.9
1069040 613.5
1069050 613.5
1069060 612.4
1069070 611.0
1069080 611.0
1069090 609.2
1069100 607.0
1069110 607.0
1069120 604.7
1069130 602.3
1069140 602.3
1069150 600.2
1069160 598.4
1069170 598.4
1069180 597.1
1069190 595.4
1069200 594.2
1069210 594.2
1069220 593.0
1069230 591.0
1069240 591.0
1069250 589.6
1069260 589.0
1069270 589.0
1069280 588.7
1069290 588.9
1069300 588.9
1069310 587.9
1069320 587.9
1069330 587.9
1069340 587.4
1069350 586.7
1069360 586.7
1069370 585.7
1069380 584.3
1069390 584.3
1069400 582.4
1069410 579.1
1069420 579.1
1069430 576.4
1069440 573.4
1069450 573.4
1069460 567.0
1069470 559.3
1069480 553.5
1069490 553.5
1069500 547.7
1069510 542.8
1069520 542.8
1069530 538.5
1069540 534.6
1069550 534.6
1069560 531.2
1069570 526.4
1069580 526.4
1069590 514.2
1069600 502.1
1069610 492.2
1069620 479.9
1069630 463.2
1069640 463.2
1069650 458.3
1069660 455.0
1069670 455.0
1069680 453.1
1069690 452.2
1069700 452.2
1069710 451.9
1069720 451.7
1069730 451.7
1069740 451.5
1069750 451.6
1069760 451.8
1069770 451.8
1069780 451.9
1069790 451.8
1069800 451.8
1069810 451.7
1069820 451.5
1069830 451.5
1069840 451.5
1069850 451.4
1069860 451.4
1069870 451.5
1069880 451.3
1069890 451.3
1069900 451.4
1069910 451.6
1069920 451.6
1069930 451.7
1069940 451.8
1069950 451.8
1069960 451.7
1069970 451.5
1069980 451.5
1069990 451.3
1070000 450.7
1070010 450.8
1070020 450.8
1070030 450.9
1070040 450.9
1070050 450.9
1070060 451.0
1070070 450.8
1070080 450.8
1070090 450.6
1070100 450.7
1070110 450.7
1070120 450.8
1070130 450.9
1070140 450.9
1070150 450.9
1070160 450.9
1070170 450.9
1070180 451.0
1070190 450.8
1070200 450.8
1070210 450.5
1070220 450.4
1070230 450.4
1070240 450.3
1070250 450.2
1070260 450.2
1070270 450.3
1070280 450.4
1070290 450.4
1070300 450.4
1070310 450.5
1070320 450.6
1070330 450.6
1070340 450.5
1070350 450.3
1070360 450.3
1070370 450.3
1070380 450.2
1070390 450.2
1070400 450.9
1070410 451.3
1070420 451.3
1070430 451.3
1070440 451.8
1070450 451.8
1070460 453.7
1070470 456.8
1070480 456.8
1070490 460.4
1070500 464.7
1070510 464.7
1070520 470.2
1070530 486.3
1070540 486.3
1070550 493.6
1070560 504.2
1070570 513.7
1070580 513.7
1070590 517.2
1070600 519.6
1070610 519.6
1070620 520.2
1070630 520.7
1070640 520.7
1070650 521.5
1070660 520.7
1070670 520.7
1070680 516.9
1070690 512.3
1070700 512.3
1070710 510.3
1070720 509.7
1070730 509.7
1070740 510.4
1070750 514.0
1070760 514.0
1070770 517.8
1070780 520.0
1070790 520.0
1070800 519.2
1070810 516.2
1070820 514.4
1070830 514.4
1070840 518.9
1070850 520.8
1070860 520.8
1070870 523.6
1070880 528.4
1070890 528.4
1070900 532.3
1070910 535.5
1070920 535.5
1070930 540.2
1070940 545.3
1070950 545.3
1070960 550.9
1070970 556.9
1070980 556.9
1070990 563.6
1071000 570.2
1071010 570.2
1071020 576.0
1071030 581.4
1071040 581.4
1071050 586.4
1071060 590.3
1071070 590.3
1071080 595.4
1071090 603.6
1071100 610.6
1071110 610.6
1071120 615.0
1071130 619.2
1071140 619.2
1071150 630.8
1071160 635.5
1071170 635.5
1071180 641.2
1071190 652.1
1071200 652.1
1071210 681.6
1071220 703.1
1071230 703.1
1071240 707.5
1071250 708.1
1071260 708.1
1071270 708.1
1071280 708.2
1071290 708.2
1071300 708.2
1071310 708.4
1071320 708.4
1071330 708.0
1071340 707.4
1071350 707.4
1071360 706.9
1071370 706.7
1071380 705.6
1071390 705.6
1071400 704.8
1071410 704.6
1071420 704.6
1071430 704.1
1071440 703.4
1071450 703.4
1071460 700.2
1071470 699.6
1071480 699.6
1071490 699.0
1071500 697.9
1071510 697.9
1071520 696.6
1071530 695.1
1071540 695.1
1071550 693.6
1071560 692.2
1071570 692.2
1071580 690.7
1071590 690.0
1071600 690.0
1071610 688.7
1071620 687.4
1071630 687.5
1071640 687.5
1071650 688.7
1071660 688.8
1071670 688.8
1071680 688.5
1071690 687.6
1071700 687.6
1071710 687.1
1071720 686.8
1071730 686.8
1071740 686.9
1071750 686.6
1071760 686.6
1071770 684.8
1071780 684.6
1071790 684.6
1071800 683.6
1071810 683.3
1071820 683.3
1071830 683.5
1071840 684.9
1071850 684.9
1071860 686.6
1071870 688.3
1071880 688.3
1071890 690.1
1071900 691.5
1071910 693.3
1071920 693.3
1071930 697.4
1071940 702.3
1071950 702.3
1071960 707.2
1071970 710.1
1071980 710.1
1071990 712.2
1072000 714.4
1072010 714.4
1072020 715.9
1072030 717.9
1072040 717.9
1072050 719.2
1072060 719.4
1072070 719.7
1072080 720.4
1072090 721.8
1072100 721.8
1072110 724.3
1072120 726.5
1072130 726.5
1072140 728.7
1072150 730.7
1072160 730.7
1072170 732.3
1072180 733.4
1072190 735.5
1072200 735.5
1072210 737.9
1072220 739.0
1072230 739.0
1072240 739.8
1072250 740.7
1072260 740.7
1072270 741.1
1072280 740.8
1072290 740.8
1072300 740.9
1072310 741.1
1072320 741.1
1072330 741.2
1072340 741.5
1072350 741.5
1072360 741.6
1072370 741.2
1072380 739.6
1072390 738.9
1072400 738.7
1072410 738.7
1072420 738.8
1072430 738.9
1072440 739.1
1072450 739.1
1072460 738.6
1072470 737.4
1072480 737.4
1072490 736.1
1072500 734.8
1072510 734.8
1072520 733.6
1072530 731.8
1072540 731.8
1072550 729.6
1072560 726.6
1072570 726.6
1072580 723.1
1072590 720.2
1072600 720.2
1072610 717.0
1072620 713.3
1072630 713.3
1072640 709.0
1072650 704.1
1072660 704.1
1072670 698.2
1072680 692.2
1072690 689.9
1072700 684.9
1072710 679.8
1072720 674.9
1072730 674.9
1072740 669.7
1072750 665.3
1072760 665.3
1072770 660.3
1072780 654.8
1072790 654.8
1072800 650.0
1072810 645.5
1072820 645.5
1072830 641.3
1072840 636.3
1072850 636.3
1072860 631.6
1072870 625.5
1072880 625.5
1072890 620.5
1072900 616.9
1072910 616.9
1072920 613.6
1072930 608.3
1072940 608.3
1072950 603.9
1072960 600.9
1072970 598.2
1072980 598.2
1072990 595.5
1073000 590.2
1073010 590.2
1073020 587.0
1073030 583.7
1073040 583.7
1073050 580.2
1073060 576.6
1073070 576.6
1073080 573.0
1073090 569.0
1073100 569.0
1073110 564.1
1073120 560.5
1073130 560.5
1073140 557.8
1073150 555.5
1073160 555.5
1073170 552.0
1073180 549.4
1073190 549.4
1073200 546.9
1073210 544.1
1073220 544.1
1073230 541.2
1073240 538.4
1073250 535.0
1073260 535.0
1073270 531.7
1073280 528.8
1073290 528.8
1073300 525.1
1073310 521.6
1073320 521.6
1073330 519.2
1073340 517.3
1073350 517.3
1073360 514.6
1073370 510.5
1073380 510.5
1073390 508.8
1073400 507.8
1073410 507.8
1073420 506.6
1073430 505.2
1073440 505.2
1073450 503.5
1073460 502.3
1073470 502.3
1073480 500.3
1073490 498.7
1073500 498.7
1073510 499.3
1073520 501.2
1073530 503.4
1073540 503.4
1073550 505.5
1073560 507.5
1073570 507.5
1073580 508.9
1073590 511.2
1073600 511.2
1073610 512.5
1073620 512.8
1073630 512.8
1073640 511.3
1073650 509.5
1073660 509.5
1073670 504.9
1073680 489.7
1073690 489.7
1073700 483.9
1073710 482.8
1073720 482.8
1073730 482.9
1073740 483.1
1073750 483.1
1073760 483.3
1073770 483.5
1073780 483.7
1073790 483.7
1073800 483.7
1073810 483.8
1073820 483.8
1073830 483.9
1073840 484.0
1073850 484.0
1073860 484.0
1073870 484.1
1073880 484.1
1073890 484.2
1073900 484.4
1073910 484.4
1073920 484.6
1073930 485.1
1073940 485.1
1073950 485.4
1073960 485.4
1073970 485.4
1073980 485.9
1073990 486.5
1074000 486.5
1074010 486.3
1074020 486.3
1074030 486.3
1074040 486.5
1074050 486.6
1074060 486.5
1074070 486.5
1074080 486.7
1074090 487.1
1074100 487.1
1074110 487.2
1074120 487.5
1074130 487.5
1074140 487.8
1074150 488.4
1074160 488.4
1074170 488.9
1074180 488.9
1074190 488.9
1074200 488.7
1074210 488.6
1074220 488.6
1074230 488.7
1074240 488.6
1074250 488.6
1074260 488.8
1074270 488.9
1074280 488.9
1074290 489.0
1074300 489.2
1074310 489.2
1074320 489.3
1074330 489.4
1074340 489.6
1074350 489.6
1074360 489.7
1074370 489.9
1074380 489.9
1074390 490.1
1074400 490.3
1074410 490.3
1074420 490.6
1074430 490.9
1074440 490.9
1074450 491.4
1074460 491.8
1074470 491.8
1074480 492.0
1074490 492.1
1074500 492.1
1074510 492.3
1074520 492.6
1074530 492.6
1074540 492.9
1074550 493.0
1074560 493.0
1074570 494.1
1074580 495.6
1074590 498.5
1074600 498.5
1074610 501.4
1074620 505.6
1074630 505.6
1074640 509.2
1074650 511.1
1074660 511.1
1074670 511.8
1074680 512.2
1074690 512.2
1074700 512.6
1074710 513.0
1074720 513.0
1074730 514.4
1074740 515.7
1074750 515.7
1074760 516.8
1074770 518.3
1074780 518.3
1074790 520.9
1074800 524.2
1074810 524.2
1074820 526.0
1074830 527.7
1074840 527.7
1074850 530.0
1074860 535.2
1074870 537.6
1074880 537.6
1074890 540.1
1074900 543.0
1074910 543.0
1074920 545.8
1074930 548.4
1074940 548.4
1074950 551.8
1074960 556.1
1074970 556.1
1074980 560.3
1074990 564.2
1075000 564.2
1075010 567.3
1075020 570.6
1075030 570.6
1075040 575.3
1075050 581.0
1075060 581.0
1075070 586.4
1075080 589.8
1075090 589.8
1075100 591.5
1075110 593.3
1075120 593.3
1075130 595.8
1075140 599.9
1075150 604.5
1075160 604.5
1075170 611.5
1075180 615.5
1075190 615.5
1075200 619.3
1075210 620.5
1075220 620.5
1075230 619.3
1075240 620.3
1075250 620.3
1075260 623.3
1075270 626.9
1075280 626.9
1075290 630.5
1075300 633.4
1075310 633.4
1075320 635.4
1075330 638.2
1075340 638.2
1075350 642.8
1075360 651.4
1075370 651.4
1075380 664.1
1075390 669.3
1075400 671.1
1075410 671.1
1075420 673.1
1075430 674.8
1075440 674.8
1075450 676.1
1075460 677.7
1075470 677.7
1075480 681.0
1075490 683.5
1075500 683.5
1075510 685.3
1075520 686.5
1075530 686.5
1075540 687.1
1075550 687.2
1075560 687.2
1075570 685.4
1075580 684.3
1075590 684.3
1075600 686.0
1075610 687.9
1075620 687.9
1075630 688.7
1075640 688.6
1075650 688.6
1075660 688.4
1075670 688.9
1075680 690.1
1075690 690.1
1075700 691.2
1075710 693.9
1075720 693.9
1075730 695.6
1075740 696.8
1075750 696.8
1075760 697.9
1075770 699.2
1075780 699.2
1075790 702.0
1075800 702.5
1075810 702.5
1075820 704.1
1075830 706.3
1075840 706.3
1075850 707.9
1075860 709.4
1075870 709.4
1075880 711.8
1075890 714.2
1075900 714.2
1075910 715.1
1075920 716.5
1075930 716.5
1075940 718.3
1075950 720.6
1075960 722.7
1075970 722.7
1075980 726.3
1075990 731.7
1076000 731.7
1076010 737.4
1076020 744.3
1076030 744.3
1076040 749.8
1076050 756.0
1076060 756.0
1076070 762.6
1076080 769.5
1076090 769.5
1076100 775.4
1076110 777.6
1076120 777.6
1076130 784.2
1076140 790.6
1076150 790.6
1076160 796.0
1076170 800.1
1076180 800.1
1076190 804.0
1076200 809.1
1076210 814.8
1076220 814.8
1076230 818.4
1076240 821.0
1076250 821.0
1076260 822.5
1076270 823.9
1076280 823.9
1076290 825.9
1076300 828.4
1076310 828.4
1076320 831.1
1076330 832.2
1076340 832.2
1076350 836.0
1076360 840.7
1076370 840.7
1076380 844.7
1076390 848.7
1076400 848.7
1076410 854.4
1076420 854.8
1076430 854.8
1076440 856.3
1076450 857.2
1076460 857.2
1076470 857.8
1076480 858.3
1076490 859.1
1076500 859.1
1076510 859.6
1076520 859.4
1076530 859.4
1076540 858.6
1076550 856.7
1076560 856.7
1076570 850.4
1076580 845.4
1076590 845.4
1076600 847.8
1076610 853.3
1076620 853.3
1076630 858.2
1076640 863.0
1076650 863.0
1076660 868.0
1076670 873.1
1076680 873.1
1076690 876.4
1076700 880.2
1076710 880.2
1076720 883.5
1076730 891.0
1076740 897.0
1076750 897.0
1076760 899.9
1076770 905.0
1076780 905.0
1076790 911.7
1076800 917.2
1076810 917.2
1076820 923.1
1076830 928.3
1076840 928.3
1076850 934.8
1076860 941.9
1076870 941.9
1076880 949.3
1076890 958.4
1076900 958.4
1076910 972.6
1076920 979.2
1076930 979.2
1076940 985.5
1076950 990.2
1076960 990.2
1076970 992.4
1076980 992.7
1076990 992.7
1077000 992.8
1077010 992.2
1077020 990.3
1077030 990.3
1077040 987.7
1077050 983.1
1077060 983.1
1077070 978.4
1077080 976.5
1077090 976.5
1077100 978.1
1077110 978.5
1077120 978.5
1077130 977.5
1077140 975.6
1077150 975.6
1077160 974.7
1077170 974.8
1077180 974.8
1077190 975.5
1077200 976.6
1077210 976.6
1077220 977.3
1077230 977.8
1077240 977.8
1077250 979.2
1077260 981.7
1077270 981.7
1077280 983.2
1077290 984.4
1077300 985.3
1077310 985.3
1077320 984.6
1077330 985.6
1077340 985.6
1077350 987.7
1077360 989.8
1077370 989.8
1077380 992.5
1077390 994.6
1077400 994.6
1077410 996.5
1077420 998.1
1077430 998.1
1077440 999.7
1077450 1001.1
1077460 1001.1
1077470 1002.3
1077480 1003.8
1077490 1003.8
1077500 1005.9
1077510 1007.8
1077520 1007.8
1077530 1008.7
1077540 1010.0
1077550 1012.1
1077560 1012.1
1077570 1013.7
1077580 1014.6
1077590 1014.6
1077600 1015.3
1077610 1016.2
1077620 1016.2
1077630 1016.7
1077640 1016.6
1077650 1016.6
1077660 1016.4
1077670 1015.2
1077680 1015.2
1077690 1014.2
1077700 1014.3
1077710 1014.3
1077720 1014.4
1077730 1014.5
1077740 1014.5
1077750 1014.7
1077760 1015.5
1077770 1015.5
1077780 1018.2
1077790 1021.4
1077800 1021.4
1077810 1026.1
1077820 1029.7
1077830 1033.6
1077840 1033.6
1077850 1037.1
1077860 1038.9
1077870 1038.9
1077880 1039.3
1077890 1037.8
1077900 1037.8
1077910 1036.3
1077920 1036.1
1077930 1036.1
1077940 1035.9
1077950 1035.5
1077960 1035.5
1077970 1035.1
1077980 1035.2
1077990 1035.2
1078000 1035.3
1078010 1035.1
1078020 1035.1
1078030 1034.3
1078040 1033.1
1078050 1033.1
1078060 1032.4
1078070 1032.4
1078080 1032.4
1078090 1033.3
1078100 1035.1
1078110 1036.3
1078120 1036.3
1078130 1037.1
1078140 1037.6
1078150 1037.6
1078160 1038.3
1078170 1039.0
1078180 1039.0
1078190 1039.9
1078200 1040.7
1078210 1040.7
1078220 1041.6
1078230 1042.8
1078240 1042.8
1078250 1044.4
1078260 1046.5
1078270 1046.5
1078280 1048.0
1078290 1048.1
1078300 1048.1
1078310 1049.3
1078320 1051.6
1078330 1051.6
1078340 1053.1
1078350 1053.7
1078360 1054.8
1078370 1054.8
1078380 1056.0
1078390 1057.8
1078400 1057.8
1078410 1059.3
1078420 1061.6
1078430 1061.6
1078440 1063.5
1078450 1064.5
1078460 1064.5
1078470 1066.0
1078480 1068.1
1078490 1068.1
1078500 1070.0
1078510 1072.2
1078520 1072.2
1078530 1074.8
1078540 1077.7
1078550 1077.7
1078560 1081.2
1078570 1084.6
1078580 1084.6
1078590 1088.8
1078600 1093.4
1078610 1091.9
1078620 1097.4
1078630 1103.0
1078640 1107.0
1078650 1107.0
1078660 1110.2
1078670 1113.0
1078680 1113.0
1078690 1115.8
1078700 1118.7
1078710 1118.7
1078720 1121.4
1078730 1124.3
1078740 1124.3
1078750 1127.4
1078760 1130.8
1078770 1130.8
1078780 1134.2
1078790 1138.2
1078800 1138.2
1078810 1143.0
1078820 1147.3
1078830 1147.3
1078840 1150.7
1078850 1153.6
1078860 1153.6
1078870 1156.1
1078880 1158.5
1078890 1158.5
1078900 1161.3
1078910 1164.5
1078920 1170.6
1078930 1170.6
1078940 1174.6
1078950 1179.2
1078960 1179.2
1078970 1183.9
1078980 1187.1
1078990 1187.1
1079000 1190.2
1079010 1192.7
1079020 1192.7
1079030 1194.7
1079040 1196.5
1079050 1196.5
1079060 1197.2
1079070 1197.3
1079080 1197.3
1079090 1197.5
1079100 1198.2
1079110 1198.2
1079120 1201.7
1079130 1205.6
1079140 1205.6
1079150 1209.9
1079160 1213.9
1079170 1215.7
1079180 1215.7
1079190 1216.4
1079200 1217.0
1079210 1217.0
1079220 1217.8
1079230 1218.6
1079240 1218.6
1079250 1218.7
1079260 1218.7
1079270 1218.7
1079280 1220.3
1079290 1222.4
1079300 1222.4
1079310 1223.3
1079320 1223.5
1079330 1223.5
1079340 1223.7
1079350 1223.7
1079360 1223.7
1079370 1223.9
1079380 1224.1
1079390 1224.1
1079400 1226.0
1079410 1229.4
1079420 1229.4
1079430 1233.1
1079440 1236.2
1079450 1239.0
1079460 1239.0
1079470 1241.4
1079480 1243.1
1079490 1243.1
1079500 1244.4
1079510 1245.3
1079520 1245.3
1079530 1245.5
1079540 1245.2
1079550 1246.8
1079560 1245.3
1079570 1242.5
1079580 1242.5
1079590 1237.9
1079600 1232.8
1079610 1232.8
1079620 1227.4
1079630 1221.9
1079640 1221.9
1079650 1218.0
1079660 1213.0
1079670 1213.0
1079680 1206.7
1079690 1200.2
1079700 1194.4
1079710 1194.4
1079720 1189.1
1079730 1184.5
1079740 1184.5
1079750 1180.6
1079760 1176.5
1079770 1176.5
1079780 1171.1
1079790 1163.6
1079800 1163.6
1079810 1154.8
1079820 1143.4
1079830 1143.4
1079840 1133.3
1079850 1124.8
1079860 1128.0
1079870 1133.6
1079880 1140.8
1079890 1140.8
1079900 1143.2
1079910 1148.3
1079920 1148.3
1079930 1154.0
1079940 1157.6
1079950 1157.6
1079960 1161.8
1079970 1162.1
1079980 1160.7
1079990 1160.7
