1064220 466.4
1064230 466.4
1064240 468.0
1064250 472.0
1064260 472.0
1064270 475.9
1064280 479.4
1064290 479.4
1064300 482.9
1064310 484.6
1064320 485.7
1064330 485.7
1064340 486.9
1064350 488.5
1064360 488.5
1064370 490.4
1064380 492.5
1064390 492.5
1064400 495.2
1064410 497.7
1064420 497.7
1064430 499.6
1064440 501.8
1064450 501.8
1064460 504.1
1064470 506.5
1064480 512.2
1064490 515.1
1064500 518.5
1064510 518.5
1064520 521.8
1064530 525.1
1064540 525.1
1064550 527.8
1064560 528.9
1064570 528.9
1064580 528.4
1064590 529.1
1064600 531.6
1064610 531.6
1064620 534.6
1064630 536.4
1064640 536.4
1064650 538.7
1064660 541.9
1064670 541.9
1064680 544.1
1064690 545.0
1064700 545.0
1064710 544.9
1064720 545.7
1064730 545.7
1064740 546.1
1064750 546.7
1064760 546.7
1064770 547.5
1064780 548.0
1064790 548.0
1064800 548.5
1064810 548.7
1064820 548.7
1064830 550.9
1064840 552.9
1064850 552.9
1064860 554.5
1064870 554.3
1064880 554.7
1064890 554.7
1064900 558.0
1064910 561.5
1064920 561.5
1064930 563.4
1064940 563.5
1064950 563.5
1064960 564.1
1064970 565.8
1064980 565.8
1064990 568.0
1065000 569.2
1065010 569.2
1065020 569.9
1065030 571.5
1065040 571.5
1065050 574.1
1065060 576.4
1065070 576.4
1065080 578.9
1065090 581.8
1065100 581.8
1065110 585.5
1065120 587.2
1065130 589.1
1065140 589.1
1065150 590.5
1065160 591.5
1065170 591.5
1065180 592.5
1065190 592.8
1065200 592.8
1065210 593.2
1065220 593.9
1065230 593.9
1065240 595.0
1065250 595.8
1065260 595.8
1065270 596.9
1065280 598.6
1065290 598.6
1065300 599.9
1065310 600.5
1065320 600.5
1065330 601.8
1065340 603.2
1065350 603.2
1065360 604.2
1065370 605.2
1065380 605.2
1065390 607.1
1065400 606.4
1065410 605.4
1065420 605.4
1065430 605.0
1065440 603.8
1065450 603.8
1065460 602.9
1065470 602.4
1065480 602.4
1065490 601.2
1065500 598.7
1065510 598.7
1065520 597.3
1065530 596.6
1065540 596.6
1065550 595.7
1065560 595.8
1065570 595.8
1065580 596.5
1065590 596.2
1065600 596.2
1065610 595.2
1065620 593.4
1065630 593.4
1065640 591.2
1065650 588.6
1065660 588.6
1065670 583.6
1065680 577.0
1065690 566.5
1065700 566.5
1065710 560.9
1065720 555.9
1065730 555.9
1065740 551.3
1065750 547.8
1065760 547.8
1065770 545.0
1065780 542.1
1065790 542.1
1065800 540.3
1065810 539.0
1065820 539.0
1065830 535.8
1065840 529.7
1065850 529.7
1065860 523.6
1065870 517.2
1065880 517.2
1065890 511.2
1065900 506.5
1065910 506.5
1065920 503.0
1065930 499.9
1065940 496.1
1065950 496.1
1065960 491.8
1065970 487.6
1065980 487.6
1065990 483.4
1066000 480.6
1066010 480.6
1066020 478.3
1066030 476.8
1066040 476.8
1066050 475.3
1066060 473.9
1066070 473.9
1066080 472.5
1066090 471.5
1066100 471.5
1066110 470.4
1066120 469.5
1066130 469.5
1066140 468.7
1066150 468.0
1066160 468.0
1066170 467.3
1066180 467.0
1066190 467.0
1066200 466.8
1066210 467.2
1066220 473.3
1066230 473.3
1066240 482.4
1066250 482.2
1066260 482.2
1066270 481.5
1066280 479.0
1066290 479.0
1066300 477.0
1066310 475.6
1066320 475.6
1066330 474.1
1066340 473.1
1066350 473.1
1066360 472.2
1066370 470.8
1066380 470.8
1066390 469.5
1066400 468.6
1066410 468.6
1066420 467.6
1066430 466.9
1066440 466.9
1066450 466.4
1066460 466.1
1066470 465.9
1066480 465.9
1066490 465.7
1066500 465.6
1066510 465.6
1066520 465.7
1066530 465.8
1066540 465.8
1066550 465.9
1066560 465.8
1066570 465.8
1066580 462.3
1066590 458.2
1066600 459.7
1066610 457.1
1066620 456.7
1066630 456.7
1066640 456.0
1066650 454.4
1066660 454.4
1066670 448.7
1066680 447.1
1066690 447.1
1066700 447.0
1066710 447.0
1066720 447.0
1066730 447.2
1066740 447.2
1066750 447.0
1066760 447.0
1066770 447.0
1066780 447.7
1066790 447.7
1066800 447.6
1066810 447.3
1066820 447.3
1066830 448.0
1066840 447.9
1066850 447.9
1066860 447.5
1066870 447.7
1066880 447.7
1066890 448.0
1066900 447.8
1066910 447.5
1066920 447.7
1066930 447.9
1066940 447.9
1066950 447.7
1066960 447.7
1066970 447.7
1066980 447.7
1066990 449.0
1067000 449.0
1067010 448.8
1067020 448.4
1067030 448.4
1067040 448.4
1067050 448.2
1067060 448.4
1067070 448.4
1067080 450.3
1067090 451.1
1067100 451.1
1067110 448.6
1067120 447.4
1067130 447.4
1067140 444.7
1067150 442.0
1067160 442.0
1067170 442.0
1067180 444.1
1067190 444.1
1067200 447.1
1067210 449.1
1067220 449.1
1067230 449.9
1067240 449.1
1067250 449.1
1067260 449.3
1067270 449.4
1067280 448.0
1067290 448.0
1067300 447.4
1067310 447.2
1067320 447.2
1067330 447.6
1067340 448.5
1067350 448.5
1067360 448.9
1067370 448.6
1067380 448.6
1067390 448.4
1067400 448.4
1067410 448.4
1067420 448.3
1067430 448.4
1067440 448.4
1067450 448.4
1067460 448.4
1067470 448.4
1067480 448.5
1067490 448.6
1067500 448.6
1067510 448.5
1067520 448.3
1067530 448.3
1067540 448.2
1067550 448.4
1067560 448.5
1067570 448.5
1067580 448.2
1067590 448.2
1067600 448.2
1067610 448.1
1067620 448.2
1067630 448.2
1067640 448.3
1067650 448.6
1067660 448.6
1067670 448.2
1067680 448.2
1067690 448.2
1067700 448.3
1067710 448.3
1067720 448.3
1067730 448.4
1067740 448.4
1067750 448.4
1067760 448.3
1067770 448.4
1067780 448.4
1067790 448.7
1067800 449.7
1067810 449.7
1067820 448.5
1067830 448.8
1067840 449.1
1067850 449.1
1067860 449.2
1067870 449.2
1067880 449.2
1067890 449.2
1067900 449.6
1067910 449.6
1067920 453.4
1067930 459.1
1067940 459.1
1067950 464.1
1067960 469.1
1067970 469.1
1067980 473.4
1067990 477.0
1068000 477.0
1068010 479.5
1068020 480.7
1068030 480.7
1068040 481.7
1068050 483.4
1068060 483.4
1068070 486.5
1068080 491.2
1068090 496.9
1068100 496.9
1068110 503.2
1068120 510.1
1068130 509.3
1068140 516.3
1068150 523.6
1068160 523.6
1068170 531.2
1068180 540.3
1068190 540.3
1068200 559.5
1068210 577.5
1068220 577.5
1068230 582.2
1068240 584.6
1068250 584.6
1068260 587.7
1068270 590.4
1068280 590.4
1068290 591.6
1068300 592.8
1068310 592.8
1068320 593.5
1068330 593.4
1068340 593.4
1068350 594.2
1068360 595.0
1068370 595.1
1068380 595.1
1068390 594.5
1068400 593.7
1068410 593.7
1068420 593.1
1068430 591.9
1068440 591.9
1068450 592.5
1068460 593.7
1068470 593.7
1068480 594.2
1068490 594.1
1068500 594.1
1068510 594.5
1068520 596.3
1068530 596.3
1068540 598.0
1068550 598.1
1068560 598.1
1068570 597.7
1068580 596.9
1068590 596.9
1068600 596.1
1068610 594.8
1068620 594.8
1068630 593.8
1068640 593.2
1068650 592.7
1068660 592.7
1068670 592.4
1068680 592.2
1068690 592.2
1068700 592.1
1068710 591.8
1068720 591.8
1068730 591.3
1068740 587.3
1068750 587.3
1068760 585.3
1068770 583.0
1068780 583.0
1068790 580.4
1068800 578.0
1068810 578.0
1068820 575.6
1068830 573.7
1068840 573.7
1068850 572.2
1068860 570.7
1068870 570.7
1068880 569.0
1068890 567.3
1068900 566.0
1068910 566.0
1068920 564.8
1068930 562.8
1068940 562.8
1068950 560.3
1068960 558.0
1068970 558.0
1068980 555.8
1068990 552.9
1069000 552.9
1069010 551.0
1069020 548.6
1069030 548.6
1069040 545.6
1069050 536.6
1069060 536.6
1069070 530.1
1069080 524.4
1069090 524.4
1069100 519.1
1069110 512.6
1069120 512.6
1069130 504.8
1069140 500.1
1069150 500.1
1069160 495.8
1069170 492.2
1069180 490.0
1069190 490.0
1069200 487.1
1069210 483.6
1069220 483.6
1069230 480.5
1069240 477.2
1069250 477.2
1069260 473.7
1069270 469.4
1069280 469.4
1069290 465.2
1069300 462.3
1069310 462.3
1069320 459.0
1069330 456.2
1069340 456.2
1069350 454.5
1069360 454.4
1069370 454.4
1069380 454.3
1069390 453.9
1069400 453.9
1069410 453.6
1069420 453.3
1069430 453.5
1069440 453.5
1069450 453.5
1069460 453.5
1069470 453.5
1069480 453.5
1069490 453.4
1069500 453.4
1069510 453.4
1069520 453.3
1069530 453.3
1069540 453.2
1069550 453.2
1069560 453.2
1069570 453.4
1069580 453.3
1069590 453.3
1069600 453.4
1069610 453.4
1069620 453.4
1069630 453.5
1069640 453.3
1069650 453.3
1069660 453.0
1069670 452.7
1069680 452.7
1069690 452.8
1069700 453.0
1069710 453.0
1069720 453.0
1069730 453.1
1069740 453.2
1069750 453.2
1069760 453.3
1069770 453.3
1069780 453.3
1069790 453.8
1069800 453.8
1069810 453.8
1069820 453.8
1069830 453.5
1069840 453.5
1069850 453.5
1069860 453.2
1069870 453.2
1069880 452.3
1069890 452.9
1069900 452.9
1069910 453.6
1069920 453.7
1069930 453.7
1069940 453.6
1069950 453.6
1069960 453.6
1069970 453.6
1069980 453.3
1069990 453.0
1070000 453.0
1070010 453.0
1070020 452.9
1070030 452.9
1070040 452.8
1070050 453.9
1070060 453.9
1070070 459.0
1070080 463.0
1070090 463.0
1070100 463.3
1070110 463.8
1070120 463.8
1070130 464.3
1070140 464.9
1070150 464.9
1070160 465.7
1070170 467.1
1070180 467.1
1070190 468.1
1070200 469.3
1070210 469.3
1070220 470.9
1070230 473.0
1070240 475.4
1070250 475.4
1070260 477.6
1070270 479.6
1070280 479.6
1070290 484.6
1070300 489.0
1070310 489.0
1070320 491.9
1070330 495.9
1070340 495.9
1070350 499.6
1070360 502.3
1070370 502.3
1070380 505.1
1070390 508.5
1070400 508.5
1070410 512.8
1070420 516.6
1070430 516.6
1070440 520.5
1070450 524.7
1070460 524.7
1070470 529.5
1070480 534.6
1070490 534.6
1070500 539.7
1070510 544.8
1070520 550.0
1070530 550.0
1070540 555.1
1070550 559.3
1070560 559.3
1070570 563.5
1070580 573.7
1070590 573.7
1070600 579.5
1070610 585.1
1070620 585.1
1070630 590.7
1070640 595.9
1070650 595.9
1070660 604.1
1070670 636.1
1070680 636.1
1070690 661.2
1070700 669.8
1070710 669.8
1070720 671.3
1070730 673.6
1070740 673.6
1070750 677.4
1070760 678.3
1070770 678.3
1070780 676.4
1070790 674.5
1070800 672.9
1070810 672.9
1070820 672.0
1070830 669.7
1070840 669.7
1070850 665.1
1070860 660.9
1070870 660.9
1070880 656.0
1070890 649.2
1070900 649.2
1070910 647.6
1070920 646.1
1070930 646.1
1070940 646.0
1070950 645.4
1070960 645.4
1070970 642.2
1070980 637.4
1070990 637.4
1071000 634.2
1071010 632.4
1071020 632.4
1071030 630.8
1071040 628.8
1071050 626.6
1071060 626.6
1071070 625.0
1071080 624.6
1071090 624.6
1071100 624.4
1071110 625.1
1071120 625.1
1071130 626.2
1071140 626.4
1071150 626.4
1071160 626.8
1071170 627.3
1071180 627.3
1071190 626.8
1071200 625.7
1071210 625.7
1071220 625.4
1071230 625.2
1071240 625.2
1071250 625.0
1071260 625.3
1071270 625.3
1071280 625.1
1071290 624.6
1071300 624.6
1071310 624.6
1071320 624.4
1071330 624.8
1071340 624.8
1071350 626.7
1071360 630.1
1071370 630.1
1071380 631.9
1071390 632.0
1071400 632.0
1071410 632.0
1071420 633.7
1071430 633.7
1071440 634.5
1071450 635.1
1071460 635.1
1071470 636.8
1071480 639.7
1071490 639.7
1071500 638.2
1071510 637.8
1071520 637.8
1071530 637.4
1071540 637.5
1071550 637.5
1071560 638.0
1071570 639.2
1071580 639.2
1071590 641.0
1071600 642.3
1071610 642.0
1071620 642.0
1071630 641.8
1071640 641.8
1071650 641.8
1071660 641.6
1071670 641.5
1071680 641.5
1071690 641.7
1071700 641.6
1071710 641.6
1071720 641.8
1071730 643.0
1071740 643.0
1071750 644.8
1071760 645.8
1071770 645.8
1071780 646.4
1071790 647.0
1071800 647.0
1071810 645.5
1071820 646.3
1071830 646.3
1071840 646.2
1071850 646.6
1071860 647.5
1071870 647.5
1071880 649.0
1071890 650.8
1071900 650.8
1071910 653.2
1071920 657.3
1071930 657.3
1071940 661.8
1071950 663.7
1071960 663.7
1071970 664.2
1071980 664.1
1071990 664.1
1072000 664.0
1072010 664.3
1072020 664.3
1072030 665.2
1072040 667.0
1072050 667.0
1072060 669.2
1072070 672.1
1072080 672.1
1072090 675.6
1072100 680.2
1072110 680.2
1072120 685.0
1072130 687.3
1072140 688.8
1072150 688.8
1072160 690.1
1072170 691.5
1072180 691.5
1072190 692.0
1072200 692.0
1072210 692.0
1072220 691.9
1072230 691.7
1072240 691.7
1072250 691.6
1072260 690.9
1072270 690.9
1072280 689.9
1072290 689.1
1072300 689.1
1072310 688.3
1072320 687.9
1072330 687.9
1072340 688.2
1072350 687.3
1072360 687.3
1072370 685.2
1072380 683.4
1072390 681.7
1072400 681.7
1072410 680.0
1072420 678.4
1072430 675.7
1072440 674.2
1072450 672.3
1072460 672.3
1072470 670.3
1072480 667.3
1072490 667.3
1072500 664.0
1072510 661.8
1072520 661.8
1072530 659.1
1072540 655.9
1072550 655.9
1072560 653.4
1072570 651.0
1072580 651.0
1072590 648.0
1072600 645.0
1072610 645.0
1072620 641.7
1072630 638.4
1072640 638.4
1072650 633.5
1072660 630.0
1072670 626.8
1072680 626.8
1072690 623.7
1072700 619.9
1072710 619.9
1072720 615.9
1072730 612.4
1072740 610.6
1072750 606.9
1072760 603.2
1072770 603.2
1072780 601.1
1072790 600.0
1072800 600.0
1072810 599.0
1072820 593.9
1072830 593.9
1072840 584.1
1072850 576.4
1072860 576.4
1072870 572.9
1072880 571.6
1072890 571.6
1072900 570.7
1072910 569.7
1072920 569.7
1072930 568.0
1072940 565.1
1072950 561.8
1072960 561.8
1072970 558.0
1072980 554.4
1072990 554.4
1073000 551.3
1073010 548.5
1073020 548.5
1073030 546.6
1073040 544.6
1073050 544.0
1073060 542.9
1073070 541.5
1073080 541.5
1073090 540.3
1073100 537.6
1073110 537.6
1073120 534.2
1073130 533.6
1073140 533.6
1073150 532.0
1073160 530.4
1073170 530.4
1073180 529.8
1073190 528.7
1073200 527.8
1073210 527.8
1073220 526.3
1073230 524.5
1073240 524.5
1073250 523.3
1073260 522.4
1073270 522.4
1073280 521.6
1073290 520.4
1073300 520.4
1073310 519.5
1073320 518.7
1073330 518.7
1073340 518.1
1073350 517.6
1073360 517.8
1073370 517.5
1073380 517.2
1073390 517.2
1073400 517.0
1073410 516.9
1073420 516.9
1073430 516.9
1073440 517.2
1073450 517.2
1073460 518.4
1073470 519.2
1073480 519.6
1073490 519.6
1073500 520.7
1073510 523.3
1073520 523.3
1073530 525.1
1073540 524.9
1073550 524.9
1073560 522.6
1073570 515.8
1073580 515.8
1073590 505.0
1073600 498.5
1073610 498.5
1073620 494.1
1073630 491.7
1073640 491.7
1073650 487.7
1073660 486.7
1073670 486.8
1073680 486.8
1073690 486.9
1073700 486.9
1073710 487.2
1073720 487.5
1073730 487.5
1073740 487.7
1073750 487.8
1073760 487.7
1073770 487.7
1073780 487.6
1073790 487.5
1073800 487.5
1073810 487.4
1073820 487.1
1073830 487.1
1073840 486.9
1073850 486.7
1073860 486.7
1073870 486.5
1073880 486.4
1073890 486.4
1073900 486.4
1073910 486.3
1073920 486.3
1073930 486.2
1073940 486.3
1073950 486.3
1073960 486.5
1073970 486.5
1073980 486.7
1073990 486.6
1074000 486.7
1074010 486.5
1074020 486.5
1074030 486.6
1074040 486.8
1074050 486.8
1074060 486.9
1074070 487.0
1074080 487.0
1074090 486.4
1074100 486.6
1074110 486.6
1074120 487.0
1074130 487.8
1074140 487.8
1074150 488.0
1074160 488.1
1074170 488.1
1074180 488.1
1074190 488.1
1074200 488.1
1074210 488.1
1074220 488.1
1074230 488.1
1074240 488.2
1074250 488.4
1074260 488.4
1074270 488.4
1074280 488.5
1074290 488.7
1074300 488.7
1074310 488.8
1074320 488.8
1074330 488.8
1074340 488.9
1074350 489.0
1074360 489.0
1074370 489.2
1074380 489.3
1074390 489.3
1074400 489.3
1074410 489.2
1074420 489.2
1074430 489.0
1074440 488.6
1074450 488.6
1074460 488.5
1074470 488.2
1074480 488.2
1074490 488.1
1074500 487.9
1074510 487.9
1074520 487.8
1074530 487.9
1074540 488.0
1074550 488.0
1074560 488.0
1074570 488.1
1074580 488.1
1074590 488.9
1074600 492.0
1074610 492.0
1074620 496.4
1074630 501.2
1074640 501.2
1074650 507.3
1074660 513.6
1074670 513.6
1074680 519.7
1074690 525.5
1074700 525.5
1074710 531.1
1074720 536.1
1074730 536.1
1074740 539.9
1074750 543.7
1074760 543.7
1074770 546.6
1074780 548.2
1074790 548.2
1074800 549.7
1074810 552.2
1074820 554.7
1074830 554.7
1074840 558.1
1074850 561.1
1074860 561.1
1074870 563.6
1074880 566.3
1074890 566.3
1074900 568.7
1074910 571.7
1074920 571.7
1074930 575.0
1074940 577.7
1074950 577.7
1074960 581.1
1074970 583.7
1074980 583.7
1074990 586.6
1075000 589.9
1075010 589.9
1075020 594.7
1075030 601.0
1075040 601.0
1075050 607.5
1075060 614.7
1075070 614.7
1075080 622.7
1075090 630.3
1075100 637.3
1075110 637.3
1075120 643.2
1075130 648.4
1075140 648.4
1075150 655.3
1075160 662.6
1075170 662.6
1075180 669.3
1075190 676.5
1075200 676.5
1075210 684.9
1075220 697.2
1075230 697.2
1075240 705.4
1075250 713.4
1075260 713.4
1075270 719.1
1075280 721.6
1075290 721.6
1075300 722.0
1075310 721.7
1075320 721.7
1075330 722.3
1075340 723.0
1075350 723.2
1075360 723.2
1075370 720.1
1075380 715.3
1075390 715.3
1075400 711.4
1075410 710.6
1075420 710.6
1075430 711.6
1075440 715.1
1075450 715.1
1075460 718.7
1075470 722.2
1075480 722.2
1075490 725.6
1075500 729.6
1075510 729.6
1075520 735.4
1075530 743.4
1075540 743.4
1075550 744.9
1075560 743.6
1075570 743.6
1075580 746.9
1075590 750.1
1075600 750.1
1075610 754.6
1075620 758.7
1075630 758.9
1075640 758.9
1075650 763.9
1075660 770.4
1075670 770.4
1075680 774.7
1075690 776.7
1075700 776.7
1075710 778.3
1075720 780.0
1075730 780.0
1075740 780.1
1075750 781.2
1075760 781.2
1075770 785.4
1075780 790.9
1075790 790.9
1075800 795.8
1075810 800.5
1075820 800.5
1075830 804.1
1075840 812.0
1075850 812.0
1075860 815.7
1075870 818.8
1075880 822.1
1075890 822.1
1075900 826.0
1075910 829.5
1075920 829.5
1075930 833.7
1075940 839.3
1075950 839.3
1075960 845.9
1075970 853.5
1075980 853.5
1075990 860.8
1076000 868.2
1076010 868.2
1076020 870.8
1076030 873.1
1076040 873.1
1076050 875.4
1076060 878.1
1076070 878.1
1076080 880.0
1076090 881.5
1076100 881.5
1076110 883.3
1076120 886.1
1076130 886.1
1076140 889.5
1076150 892.4
1076160 894.0
1076170 894.0
1076180 896.4
1076190 900.2
1076200 900.2
1076210 904.4
1076220 909.5
1076230 909.5
1076240 913.8
1076250 917.5
1076260 917.5
1076270 919.9
1076280 919.5
1076290 919.5
1076300 920.0
1076310 923.2
1076320 923.2
1076330 927.5
1076340 932.1
1076350 932.1
1076360 935.0
1076370 936.5
1076380 936.5
1076390 938.2
1076400 940.7
1076410 940.7
1076420 943.8
1076430 947.8
1076440 952.0
1076450 952.0
1076460 955.5
1076470 957.6
1076480 957.6
1076490 958.9
1076500 960.6
1076510 960.6
1076520 962.3
1076530 964.1
1076540 964.1
1076550 966.4
1076560 968.1
1076570 968.1
1076580 969.5
1076590 972.7
1076600 972.7
1076610 974.4
1076620 974.8
1076630 974.8
1076640 975.4
1076650 976.6
1076660 976.6
1076670 978.0
1076680 980.0
1076690 981.9
1076700 981.9
1076710 983.3
1076720 984.5
1076730 984.5
1076740 985.6
1076750 986.4
1076760 986.4
1076770 988.1
1076780 986.6
1076790 986.6
1076800 988.0
1076810 989.0
1076820 989.0
1076830 989.2
1076840 989.3
1076850 989.3
1076860 990.3
1076870 990.9
1076880 990.9
1076890 990.3
1076900 990.1
1076910 990.1
1076920 990.8
1076930 991.8
1076940 991.8
1076950 992.3
1076960 992.7
1076970 992.9
1076980 992.9
1076990 993.2
1077000 992.7
1077010 992.7
1077020 992.6
1077030 992.7
1077040 992.7
1077050 992.8
1077060 993.4
1077070 993.4
1077080 994.0
1077090 995.5
1077100 995.5
1077110 994.9
1077120 993.9
1077130 993.9
1077140 992.5
1077150 989.3
1077160 989.3
1077170 986.6
1077180 985.5
1077190 985.5
1077200 986.1
1077210 986.6
1077220 986.6
1077230 986.9
1077240 987.1
1077250 987.2
1077260 987.2
1077270 987.4
1077280 987.6
1077290 987.6
1077300 988.0
1077310 989.1
1077320 989.1
1077330 990.8
1077340 993.3
1077350 993.3
1077360 997.3
1077370 999.7
1077380 999.7
1077390 1000.2
1077400 997.9
1077410 997.9
1077420 997.6
1077430 997.6
1077440 997.6
1077450 998.0
1077460 999.1
1077470 999.1
1077480 1000.5
1077490 1001.9
1077500 1002.6
1077510 1002.6
1077520 1003.0
1077530 1002.9
1077540 1002.9
1077550 1002.2
1077560 1001.5
1077570 1001.5
1077580 1000.9
1077590 1000.4
1077600 1000.4
1077610 1000.1
1077620 1000.0
1077630 1000.0
1077640 1000.0
1077650 999.9
1077660 999.9
1077670 999.8
1077680 999.6
1077690 999.6
1077700 999.2
1077710 998.3
1077720 998.3
1077730 996.2
1077740 988.4
1077750 988.4
1077760 986.3
1077770 995.3
1077780 999.5
1077790 999.5
1077800 1002.0
1077810 1002.5
1077820 1002.5
1077830 1003.2
1077840 1003.6
1077850 1003.6
1077860 1003.7
1077870 1003.9
1077880 1003.9
1077890 1004.9
1077900 1006.2
1077910 1006.2
1077920 1007.3
1077930 1009.0
1077940 1009.0
1077950 1010.2
1077960 1010.1
1077970 1010.1
1077980 1009.7
1077990 1010.4
1078000 1010.4
1078010 1011.3
1078020 1011.5
1078030 1011.1
1078040 1011.1
1078050 1011.9
1078060 1013.1
1078070 1013.1
1078080 1014.5
1078090 1015.8
1078100 1015.8
1078110 1016.4
1078120 1017.1
1078130 1017.1
1078140 1018.0
1078150 1018.6
1078160 1018.6
1078170 1018.9
1078180 1019.0
1078190 1019.0
1078200 1018.9
1078210 1018.5
1078220 1018.5
1078230 1017.9
1078240 1017.1
1078250 1017.1
1078260 1015.7
1078270 1016.3
1078280 1016.3
1078290 1017.9
1078300 1019.8
1078310 1022.4
1078320 1022.4
1078330 1024.7
1078340 1026.4
1078350 1026.4
1078360 1030.0
1078370 1032.9
1078380 1032.9
1078390 1035.4
1078400 1037.4
1078410 1037.4
1078420 1038.8
1078430 1040.5
1078440 1040.5
1078450 1041.7
1078460 1043.1
1078470 1043.1
1078480 1045.3
1078490 1048.4
1078500 1048.4
1078510 1052.4
1078520 1057.3
1078530 1057.3
1078540 1062.9
1078550 1067.1
1078560 1067.1
1078570 1071.0
1078580 1075.1
1078590 1078.9
1078600 1078.9
1078610 1082.2
1078620 1086.4
1078630 1086.4
1078640 1091.1
1078650 1094.7
1078660 1094.7
1078670 1100.2
1078680 1106.2
1078690 1106.2
1078700 1112.3
1078710 1118.5
1078720 1118.5
1078730 1124.9
1078740 1130.9
1078750 1130.9
1078760 1136.4
1078770 1141.1
1078780 1141.1
1078790 1143.3
1078800 1145.8
1078810 1145.8
1078820 1149.6
1078830 1152.1
1078840 1153.6
1078850 1153.6
1078860 1159.1
1078870 1165.3
1078880 1165.3
1078890 1168.7
1078900 1170.2
1078910 1170.2
1078920 1171.3
1078930 1170.7
1078940 1170.7
1078950 1169.9
1078960 1170.2
1078970 1169.6
1078980 1170.4
1078990 1172.0
1079000 1172.0
1079010 1174.5
1079020 1177.8
1079030 1177.8
1079040 1181.6
1079050 1186.9
1079060 1186.9
1079070 1191.7
1079080 1196.2
1079090 1196.2
1079100 1200.9
1079110 1205.0
1079120 1207.7
1079130 1207.7
1079140 1210.1
1079150 1213.6
1079160 1213.6
1079170 1216.5
1079180 1218.9
1079190 1218.9
1079200 1222.0
1079210 1225.1
1079220 1225.1
1079230 1228.9
1079240 1229.6
1079250 1229.6
1079260 1229.2
1079270 1231.3
1079280 1231.7
1079290 1235.0
1079300 1238.1
1079310 1238.1
1079320 1240.1
1079330 1242.6
1079340 1242.6
1079350 1246.0
1079360 1247.9
1079370 1249.7
1079380 1249.7
1079390 1251.9
1079400 1254.4
1079410 1254.4
1079420 1256.8
1079430 1260.0
1079440 1260.0
1079450 1264.1
1079460 1268.8
1079470 1268.8
1079480 1274.1
1079490 1279.4
1079500 1279.4
1079510 1284.4
1079520 1288.9
1079530 1288.9
1079540 1292.8
1079550 1297.1
1079560 1297.1
1079570 1301.6
1079580 1306.5
1079590 1308.0
1079600 1313.1
1079610 1318.8
1079620 1318.8
1079630 1324.5
1079640 1328.4
1079650 1328.3
1079660 1328.3
1079670 1325.4
1079680 1319.8
1079690 1319.8
1079700 1313.3
1079710 1308.1
1079720 1308.1
1079730 1303.6
1079740 1298.1
1079750 1298.1
1079760 1293.4
1079770 1289.2
1079780 1289.2
1079790 1286.7
1079800 1285.8
1079810 1285.8
1079820 1286.1
1079830 1286.6
1079840 1286.6
1079850 1287.3
1079860 1288.4
1079870 1288.4
1079880 1289.2
1079890 1289.6
1079900 1289.6
1079910 1293.2
1079920 1293.6
1079930 1293.4
1079940 1293.4
1079950 1294.3
1079960 1296.0
1079970 1296.0
1079980 1297.1
1079990 1297.9
