1064090 433.2
1064100 433.2
1064110 433.2
1064120 433.2
1064130 433.2
1064140 433.4
1064150 433.5
1064160 433.5
1064170 433.6
1064180 433.9
1064190 433.9
1064200 434.0
1064210 434.1
1064220 434.1
1064230 434.1
1064240 434.3
1064250 434.3
1064260 434.6
1064270 435.0
1064280 435.7
1064290 435.7
1064300 436.8
1064310 438.9
1064320 438.9
1064330 442.5
1064340 446.9
1064350 446.9
1064360 450.9
1064370 455.0
1064380 455.0
1064390 459.0
1064400 462.5
1064410 462.5
1064420 466.8
1064430 470.7
1064440 475.3
1064450 479.3
1064460 483.3
1064470 483.3
1064480 486.5
1064490 489.7
1064500 489.7
1064510 492.4
1064520 493.6
1064530 493.6
1064540 495.1
1064550 496.8
1064560 498.5
1064570 498.5
1064580 500.8
1064590 504.0
1064600 504.0
1064610 505.5
1064620 507.5
1064630 507.5
1064640 510.2
1064650 511.5
1064660 511.5
1064670 512.9
1064680 516.1
1064690 516.1
1064700 518.6
1064710 522.1
1064720 522.1
1064730 525.5
1064740 527.7
1064750 529.7
1064760 531.8
1064770 534.0
1064780 534.0
1064790 536.5
1064800 538.7
1064810 538.7
1064820 540.7
1064830 542.6
1064840 544.1
1064850 544.1
1064860 545.4
1064870 546.3
1064880 546.3
1064890 547.9
1064900 548.4
1064910 548.4
1064920 544.7
1064930 542.2
1064940 542.2
1064950 541.0
1064960 540.9
1064970 540.9
1064980 541.0
1064990 541.6
1065000 541.6
1065010 542.0
1065020 542.3
1065030 542.3
1065040 543.2
1065050 546.1
1065060 546.1
1065070 547.3
1065080 549.9
1065090 553.7
1065100 553.7
1065110 555.4
1065120 557.3
1065130 557.3
1065140 559.9
1065150 561.6
1065160 561.6
1065170 563.2
1065180 565.6
1065190 565.6
1065200 567.9
1065210 569.3
1065220 569.3
1065230 570.4
1065240 571.5
1065250 571.5
1065260 572.4
1065270 572.9
1065280 572.9
1065290 573.1
1065300 573.5
1065310 573.5
1065320 574.0
1065330 574.7
1065340 574.7
1065350 578.4
1065360 579.4
1065370 580.2
1065380 580.2
1065390 580.9
1065400 581.8
1065410 581.8
1065420 582.8
1065430 583.5
1065440 583.5
1065450 584.1
1065460 584.9
1065470 584.9
1065480 585.7
1065490 585.6
1065500 585.6
1065510 585.0
1065520 584.8
1065530 584.8
1065540 585.8
1065550 586.6
1065560 586.6
1065570 586.3
1065580 585.9
1065590 585.9
1065600 585.6
1065610 585.4
1065620 585.6
1065630 585.6
1065640 585.4
1065650 584.3
1065660 585.2
1065670 583.9
1065680 582.5
1065690 582.5
1065700 579.9
1065710 577.5
1065720 577.5
1065730 575.6
1065740 574.0
1065750 574.0
1065760 572.8
1065770 571.2
1065780 571.2
1065790 569.3
1065800 568.8
1065810 568.8
1065820 568.3
1065830 567.4
1065840 567.4
1065850 566.7
1065860 564.8
1065870 564.8
1065880 562.3
1065890 557.8
1065900 552.2
1065910 552.2
1065920 548.4
1065930 544.2
1065940 544.2
1065950 540.9
1065960 537.5
1065970 537.5
1065980 534.7
1065990 525.8
1066000 525.8
1066010 519.1
1066020 513.0
1066030 513.0
1066040 507.6
1066050 502.3
1066060 502.3
1066070 496.8
1066080 492.3
1066090 492.3
1066100 488.3
1066110 484.7
1066120 484.7
1066130 481.8
1066140 479.3
1066150 479.3
1066160 476.8
1066170 474.6
1066180 472.7
1066190 472.7
1066200 470.3
1066210 467.3
1066220 467.3
1066230 464.3
1066240 463.5
1066250 463.5
1066260 463.3
1066270 463.1
1066280 463.1
1066290 463.1
1066300 463.3
1066310 463.3
1066320 464.9
1066330 467.3
1066340 467.3
1066350 469.1
1066360 469.6
1066370 469.6
1066380 469.0
1066390 467.5
1066400 467.5
1066410 465.3
1066420 463.4
1066430 461.9
1066440 461.9
1066450 460.3
1066460 458.2
1066470 458.2
1066480 455.9
1066490 453.4
1066500 453.4
1066510 453.1
1066520 452.5
1066530 452.5
1066540 447.1
1066550 446.7
1066560 446.7
1066570 446.7
1066580 446.7
1066590 446.7
1066600 446.6
1066610 446.5
1066620 446.5
1066630 447.7
1066640 447.2
1066650 447.2
1066660 446.6
1066670 446.6
1066680 446.6
1066690 446.3
1066700 446.3
1066710 446.4
1066720 446.4
1066730 446.4
1066740 446.8
1066750 446.8
1066760 447.0
1066770 446.8
1066780 446.8
1066790 446.9
1066800 447.1
1066810 447.1
1066820 447.1
1066830 447.1
1066840 447.1
1066850 447.1
1066860 447.2
1066870 447.2
1066880 447.1
1066890 447.0
1066900 447.0
1066910 447.5
1066920 448.1
1066930 448.1
1066940 448.2
1066950 447.6
1066960 447.6
1066970 447.6
1066980 448.8
1066990 450.5
1067000 450.5
1067010 448.8
1067020 446.9
1067030 446.9
1067040 444.2
1067050 441.7
1067060 441.7
1067070 441.7
1067080 443.5
1067090 443.5
1067100 446.8
1067110 449.8
1067120 449.8
1067130 449.8
1067140 449.1
1067150 449.1
1067160 449.1
1067170 449.7
1067180 449.6
1067190 449.0
1067200 447.6
1067210 447.6
1067220 447.5
1067230 447.3
1067240 447.2
1067250 447.2
1067260 447.2
1067270 447.3
1067280 447.3
1067290 447.4
1067300 447.4
1067310 447.4
1067320 447.5
1067330 447.4
1067340 447.4
1067350 447.6
1067360 447.8
1067370 447.8
1067380 447.7
1067390 447.7
1067400 447.7
1067410 448.2
1067420 448.3
1067430 448.3
1067440 447.9
1067450 447.5
1067460 447.5
1067470 447.5
1067480 447.5
1067490 447.6
1067500 447.5
1067510 447.5
1067520 447.5
1067530 447.5
1067540 447.6
1067550 447.6
1067560 447.6
1067570 447.6
1067580 447.7
1067590 447.7
1067600 447.6
1067610 447.7
1067620 447.7
1067630 447.7
1067640 447.6
1067650 447.6
1067660 447.6
1067670 447.6
1067680 447.6
1067690 447.6
1067700 447.6
1067710 447.6
1067720 447.6
1067730 447.7
1067740 447.7
1067750 447.7
1067760 447.9
1067770 447.9
1067780 448.0
1067790 447.9
1067800 447.9
1067810 447.9
1067820 447.9
1067830 448.4
1067840 448.4
1067850 448.5
1067860 447.0
1067870 447.0
1067880 448.4
1067890 448.4
1067900 448.4
1067910 448.3
1067920 448.9
1067930 448.9
1067940 453.4
1067950 460.9
1067960 460.9
1067970 466.6
1067980 472.3
1067990 472.3
1068000 478.2
1068010 484.6
1068020 484.6
1068030 492.1
1068040 496.6
1068050 495.9
1068060 495.9
1068070 495.1
1068080 498.7
1068090 498.7
1068100 504.0
1068110 510.6
1068120 510.6
1068130 517.7
1068140 525.1
1068150 525.1
1068160 532.9
1068170 541.1
1068180 541.1
1068190 549.1
1068200 560.2
1068210 560.2
1068220 566.1
1068230 568.2
1068240 568.2
1068250 569.9
1068260 571.0
1068270 571.0
1068280 576.0
1068290 584.1
1068300 584.1
1068310 591.3
1068320 594.0
1068330 598.0
1068340 598.0
1068350 601.7
1068360 603.0
1068370 603.0
1068380 604.0
1068390 604.8
1068400 603.4
1068410 603.4
1068420 603.3
1068430 603.3
1068440 604.5
1068450 605.9
1068460 605.9
1068470 607.2
1068480 607.7
1068490 607.7
1068500 607.7
1068510 608.8
1068520 608.8
1068530 611.3
1068540 613.8
1068550 613.8
1068560 616.3
1068570 616.9
1068580 616.9
1068590 616.6
1068600 616.6
1068610 617.6
1068620 617.6
1068630 617.9
1068640 617.8
1068650 617.8
1068660 617.5
1068670 617.2
1068680 617.2
1068690 617.0
1068700 616.7
1068710 615.6
1068720 614.9
1068730 613.9
1068740 613.9
1068750 612.7
1068760 611.5
1068770 611.5
1068780 610.5
1068790 609.4
1068800 609.4
1068810 608.1
1068820 607.7
1068830 607.7
1068840 606.0
1068850 603.8
1068860 602.1
1068870 602.1
1068880 600.6
1068890 599.3
1068900 599.3
1068910 597.6
1068920 595.6
1068930 595.6
1068940 593.4
1068950 591.4
1068960 591.4
1068970 589.5
1068980 587.8
1068990 587.8
1069000 586.7
1069010 584.0
1069020 584.0
1069030 582.7
1069040 581.3
1069050 581.3
1069060 579.5
1069070 577.8
1069080 577.8
1069090 576.5
1069100 575.2
1069110 575.2
1069120 573.3
1069130 571.6
1069140 571.4
1069150 571.4
1069160 571.3
1069170 571.0
1069180 571.0
1069190 570.5
1069200 568.6
1069210 568.6
1069220 563.7
1069230 559.5
1069240 559.5
1069250 554.9
1069260 545.4
1069270 545.4
1069280 537.9
1069290 533.8
1069300 533.8
1069310 528.6
1069320 513.1
1069330 513.1
1069340 502.2
1069350 496.3
1069360 496.3
1069370 491.9
1069380 487.7
1069390 487.7
1069400 483.5
1069410 479.0
1069420 474.3
1069430 474.3
1069440 469.8
1069450 465.8
1069460 465.8
1069470 462.8
1069480 460.5
1069490 460.5
1069500 458.4
1069510 455.1
1069520 455.1
1069530 453.9
1069540 453.4
1069550 453.4
1069560 453.4
1069570 453.3
1069580 453.3
1069590 453.0
1069600 452.9
1069610 452.9
1069620 452.8
1069630 452.7
1069640 452.7
1069650 452.8
1069660 452.8
1069670 452.7
1069680 452.7
1069690 452.6
1069700 452.5
1069710 452.5
1069720 452.5
1069730 452.5
1069740 452.5
1069750 452.5
1069760 452.4
1069770 452.4
1069780 452.3
1069790 452.1
1069800 452.1
1069810 452.1
1069820 451.8
1069830 451.8
1069840 451.6
1069850 451.8
1069860 451.8
1069870 451.8
1069880 452.1
1069890 452.1
1069900 452.0
1069910 451.7
1069920 451.7
1069930 451.7
1069940 451.6
1069950 451.5
1069960 451.5
1069970 451.6
1069980 451.7
1069990 451.7
1070000 451.7
1070010 451.9
1070020 451.9
1070030 451.9
1070040 451.7
1070050 451.7
1070060 451.7
1070070 452.0
1070080 452.0
1070090 452.1
1070100 451.4
1070110 451.4
1070120 451.2
1070130 451.2
1070140 451.2
1070150 451.4
1070160 452.1
1070170 452.1
1070180 452.5
1070190 452.5
1070200 452.4
1070210 452.4
1070220 452.7
1070230 455.5
1070240 459.3
1070250 468.7
1070260 482.0
1070270 482.0
1070280 491.6
1070290 496.1
1070300 496.1
1070310 497.2
1070320 497.0
1070330 497.0
1070340 497.5
1070350 499.1
1070360 499.1
1070370 502.0
1070380 505.1
1070390 505.1
1070400 507.1
1070410 508.5
1070420 508.5
1070430 510.2
1070440 511.6
1070450 511.6
1070460 513.2
1070470 514.9
1070480 516.2
1070490 516.2
1070500 517.3
1070510 517.9
1070520 517.9
1070530 518.2
1070540 518.1
1070550 517.5
1070560 517.7
1070570 518.1
1070580 518.1
1070590 519.2
1070600 520.5
1070610 520.5
1070620 521.5
1070630 522.4
1070640 522.4
1070650 524.3
1070660 527.7
1070670 527.7
1070680 529.9
1070690 532.7
1070700 532.7
1070710 536.1
1070720 540.3
1070730 540.3
1070740 544.9
1070750 549.2
1070760 553.6
1070770 553.6
1070780 558.5
1070790 563.3
1070800 563.3
1070810 567.8
1070820 573.3
1070830 573.3
1070840 579.4
1070850 586.0
1070860 591.5
1070870 598.7
1070880 610.1
1070890 610.1
1070900 621.9
1070910 633.8
1070920 633.8
1070930 653.5
1070940 672.7
1070950 672.7
1070960 675.0
1070970 675.2
1070980 675.2
1070990 676.3
1071000 678.1
1071010 677.8
1071020 677.8
1071030 678.3
1071040 679.1
1071050 679.1
1071060 679.1
1071070 678.7
1071080 678.7
1071090 678.6
1071100 678.0
1071110 678.0
1071120 675.9
1071130 672.9
1071140 672.9
1071150 669.7
1071160 664.1
1071170 664.1
1071180 661.9
1071190 659.7
1071200 659.7
1071210 657.7
1071220 655.8
1071230 655.8
1071240 654.2
1071250 652.6
1071260 652.6
1071270 651.5
1071280 650.5
1071290 649.9
1071300 649.9
1071310 649.9
1071320 650.1
1071330 650.1
1071340 649.7
1071350 649.9
1071360 649.9
1071370 650.5
1071380 651.1
1071390 651.1
1071400 652.1
1071410 653.8
1071420 653.8
1071430 653.9
1071440 655.6
1071450 655.6
1071460 658.6
1071470 662.6
1071480 662.6
1071490 664.6
1071500 665.7
1071510 665.7
1071520 667.3
1071530 668.1
1071540 668.1
1071550 668.5
1071560 668.7
1071570 668.5
1071580 668.5
1071590 668.4
1071600 668.7
1071610 668.7
1071620 669.2
1071630 669.4
1071640 669.4
1071650 669.2
1071660 669.2
1071670 669.2
1071680 669.2
1071690 668.0
1071700 668.0
1071710 666.8
1071720 666.7
1071730 666.7
1071740 666.9
1071750 667.4
1071760 667.4
1071770 667.9
1071780 667.9
1071790 667.9
1071800 668.7
1071810 669.5
1071820 670.2
1071830 670.2
1071840 670.8
1071850 671.5
1071860 671.5
1071870 672.1
1071880 672.4
1071890 672.4
1071900 673.6
1071910 675.1
1071920 675.1
1071930 676.2
1071940 677.1
1071950 677.1
1071960 678.5
1071970 680.5
1071980 680.5
1071990 682.9
1072000 685.2
1072010 685.2
1072020 687.5
1072030 689.9
1072040 689.9
1072050 692.6
1072060 696.1
1072070 696.1
1072080 699.1
1072090 698.5
1072100 698.8
1072110 698.8
1072120 699.4
1072130 700.3
1072140 700.3
1072150 701.6
1072160 703.4
1072170 703.4
1072180 706.4
1072190 709.1
1072200 709.1
1072210 711.0
1072220 712.5
1072230 712.5
1072240 713.5
1072250 713.8
1072260 713.8
1072270 713.5
1072280 712.3
1072290 712.3
1072300 710.6
1072310 709.8
1072320 709.8
1072330 709.3
1072340 709.3
1072350 709.3
1072360 709.5
1072370 708.5
1072380 707.5
1072390 707.5
1072400 704.8
1072410 704.3
1072420 704.3
1072430 702.8
1072440 700.5
1072450 700.5
1072460 699.4
1072470 698.3
1072480 698.3
1072490 697.6
1072500 695.9
1072510 695.9
1072520 693.1
1072530 690.5
1072540 690.5
1072550 687.7
1072560 684.3
1072570 684.3
1072580 680.5
1072590 676.1
1072600 676.1
1072610 672.0
1072620 668.0
1072630 663.8
1072640 663.8
1072650 659.9
1072660 656.5
1072670 656.5
1072680 653.1
1072690 650.4
1072700 650.4
1072710 645.4
1072720 641.8
1072730 641.8
1072740 636.8
1072750 632.0
1072760 632.0
1072770 626.7
1072780 621.4
1072790 621.4
1072800 617.8
1072810 614.2
1072820 614.2
1072830 611.4
1072840 605.6
1072850 605.6
1072860 600.5
1072870 597.0
1072880 597.0
1072890 591.3
1072900 584.8
1072910 580.9
1072920 580.9
1072930 578.6
1072940 576.5
1072950 576.5
1072960 573.7
1072970 569.7
1072980 569.7
1072990 566.5
1073000 563.7
1073010 563.0
1073020 560.6
1073030 558.4
1073040 558.4
1073050 555.5
1073060 553.0
1073070 553.0
1073080 550.7
1073090 548.4
1073100 548.4
1073110 545.2
1073120 540.6
1073130 540.6
1073140 538.2
1073150 535.8
1073160 535.8
1073170 532.8
1073180 530.7
1073190 529.6
1073200 529.6
1073210 528.4
1073220 527.5
1073230 527.5
1073240 527.1
1073250 525.8
1073260 525.8
1073270 523.2
1073280 521.6
1073290 521.6
1073300 521.3
1073310 519.8
1073320 520.1
1073330 519.8
1073340 518.3
1073350 518.3
1073360 513.2
1073370 511.9
1073380 511.9
1073390 511.4
1073400 512.0
1073410 512.0
1073420 511.9
1073430 514.5
1073440 513.5
1073450 513.5
1073460 510.5
1073470 508.9
1073480 508.9
1073490 509.0
1073500 510.1
1073510 510.1
1073520 513.1
1073530 514.1
1073540 514.1
1073550 514.9
1073560 517.3
1073570 517.3
1073580 518.8
1073590 520.2
1073600 520.2
1073610 517.0
1073620 502.9
1073630 502.6
1073640 494.9
1073650 489.1
1073660 489.1
1073670 486.5
1073680 485.3
1073690 485.3
1073700 485.1
1073710 485.1
1073720 485.2
1073730 485.2
1073740 485.2
1073750 485.1
1073760 485.1
1073770 485.1
1073780 485.1
1073790 485.1
1073800 485.0
1073810 485.1
1073820 485.1
1073830 485.5
1073840 485.2
1073850 485.2
1073860 485.0
1073870 485.0
1073880 485.0
1073890 485.1
1073900 485.2
1073910 485.2
1073920 485.2
1073930 485.2
1073940 485.3
1073950 485.3
1073960 485.3
1073970 485.3
1073980 485.3
1073990 485.4
1074000 485.3
1074010 485.3
1074020 485.3
1074030 485.4
1074040 485.4
1074050 485.5
1074060 485.7
1074070 485.7
1074080 486.5
1074090 486.7
1074100 486.7
1074110 486.0
1074120 486.0
1074130 486.0
1074140 486.0
1074150 486.2
1074160 486.2
1074170 486.3
1074180 486.5
1074190 486.5
1074200 486.5
1074210 486.5
1074220 486.5
1074230 486.5
1074240 486.5
1074250 486.7
1074260 486.7
1074270 486.8
1074280 486.8
1074290 486.8
1074300 486.8
1074310 486.8
1074320 486.8
1074330 486.9
1074340 486.8
1074350 486.8
1074360 486.9
1074370 487.1
1074380 487.1
1074390 487.3
1074400 487.4
1074410 487.4
1074420 487.3
1074430 487.4
1074440 487.4
1074450 487.5
1074460 487.4
1074470 487.4
1074480 487.5
1074490 487.6
1074500 487.6
1074510 487.7
1074520 487.8
1074530 487.8
1074540 487.8
1074550 487.9
1074560 488.2
1074570 488.2
1074580 489.3
1074590 491.7
1074600 491.7
1074610 494.0
1074620 497.8
1074630 497.8
1074640 501.5
1074650 504.8
1074660 504.8
1074670 506.5
1074680 508.8
1074690 508.8
1074700 512.5
1074710 517.6
1074720 517.6
1074730 523.5
1074740 529.4
1074750 529.4
1074760 534.6
1074770 539.5
1074780 543.7
1074790 543.7
1074800 546.4
1074810 548.8
1074820 548.8
1074830 551.5
1074840 554.6
1074850 554.6
1074860 557.0
1074870 560.0
1074880 560.0
1074890 562.5
1074900 565.7
1074910 565.7
1074920 569.7
1074930 573.4
1074940 573.4
1074950 576.2
1074960 579.0
1074970 579.0
1074980 581.1
1074990 582.9
1075000 582.9
1075010 584.7
1075020 586.4
1075030 586.4
1075040 588.8
1075050 591.9
1075060 595.1
1075070 595.1
1075080 599.0
1075090 603.1
1075100 603.1
1075110 606.9
1075120 611.3
1075130 611.3
1075140 616.5
1075150 622.1
1075160 622.1
1075170 627.6
1075180 634.4
1075190 636.0
1075200 642.9
1075210 650.2
1075220 650.2
1075230 657.9
1075240 665.6
1075250 665.6
1075260 672.6
1075270 676.2
1075280 676.2
1075290 679.0
1075300 681.9
1075310 681.9
1075320 683.8
1075330 685.1
1075340 686.0
1075350 686.0
1075360 686.8
1075370 687.4
1075380 687.4
1075390 688.2
1075400 689.4
1075410 689.4
1075420 690.3
1075430 690.2
1075440 690.2
1075450 690.6
1075460 691.5
1075470 691.5
1075480 692.7
1075490 694.1
1075500 693.0
1075510 694.2
1075520 695.2
1075530 695.2
1075540 696.1
1075550 697.1
1075560 697.1
1075570 698.3
1075580 700.0
1075590 701.7
1075600 701.7
1075610 703.5
1075620 705.6
1075630 705.6
1075640 707.8
1075650 709.3
1075660 709.3
1075670 710.9
1075680 713.3
1075690 713.3
1075700 715.6
1075710 717.6
1075720 717.6
1075730 720.5
1075740 723.4
1075750 723.4
1075760 725.2
1075770 728.2
1075780 728.2
1075790 732.7
1075800 736.6
1075810 738.8
1075820 743.0
1075830 747.6
1075840 747.6
1075850 753.2
1075860 757.3
1075870 760.2
1075880 760.2
1075890 763.3
1075900 766.8
1075910 766.8
1075920 770.9
1075930 775.0
1075940 775.0
1075950 779.6
1075960 783.3
1075970 783.3
1075980 786.0
1075990 788.5
1076000 788.5
1076010 791.2
1076020 791.7
1076030 791.7
1076040 795.2
1076050 799.3
1076060 799.3
1076070 803.2
1076080 807.3
1076090 807.3
1076100 810.7
1076110 814.6
1076120 826.3
1076130 826.3
1076140 831.4
1076150 836.2
1076160 836.2
1076170 841.3
1076180 847.4
1076190 847.4
1076200 853.9
1076210 859.9
1076220 859.9
1076230 865.4
1076240 870.2
1076250 870.2
1076260 872.7
1076270 872.4
1076280 872.4
1076290 873.8
1076300 875.0
1076310 875.0
1076320 867.6
1076330 875.0
1076340 875.0
1076350 882.4
1076360 886.3
1076370 886.3
1076380 890.8
1076390 895.3
1076400 900.3
1076410 900.3
1076420 904.6
1076430 920.9
1076440 920.9
1076450 926.1
1076460 927.5
1076470 927.5
1076480 929.8
1076490 933.8
1076500 933.8
1076510 937.2
1076520 940.0
1076530 940.0
1076540 944.5
1076550 949.7
1076560 949.7
1076570 955.1
1076580 957.9
1076590 957.9
1076600 959.2
1076610 960.3
1076620 960.3
1076630 961.5
1076640 962.6
1076650 962.6
1076660 962.7
1076670 962.6
1076680 963.2
1076690 963.2
1076700 964.2
1076710 965.3
1076720 965.3
1076730 966.6
1076740 969.1
1076750 969.1
1076760 971.2
1076770 974.5
1076780 974.5
1076790 978.1
1076800 981.0
1076810 981.0
1076820 983.5
1076830 984.8
1076840 984.8
1076850 984.2
1076860 982.7
1076870 982.7
1076880 981.7
1076890 981.9
1076900 981.9
1076910 982.4
1076920 982.7
1076930 983.6
1076940 983.6
1076950 985.8
1076960 989.3
1076970 989.3
1076980 990.5
1076990 989.9
1077000 989.9
1077010 989.7
1077020 989.1
1077030 989.1
1077040 986.9
1077050 987.0
1077060 987.0
1077070 985.0
1077080 984.3
1077090 984.3
1077100 984.0
1077110 984.1
1077120 984.1
1077130 984.7
1077140 985.0
1077150 985.0
1077160 985.2
1077170 985.5
1077180 985.5
1077190 986.3
1077200 988.2
1077210 990.3
1077220 990.3
1077230 993.3
1077240 995.6
1077250 995.6
1077260 998.3
1077270 1001.9
1077280 1001.9
1077290 1004.6
1077300 1006.4
1077310 1006.4
1077320 1006.6
1077330 1006.2
1077340 1006.2
1077350 1006.0
1077360 1004.8
1077370 1002.6
1077380 1001.4
1077390 1000.9
1077400 1000.9
1077410 1001.2
1077420 1002.0
1077430 1002.0
1077440 1002.8
1077450 1003.6
1077460 1003.6
1077470 1005.0
1077480 1006.3
1077490 1006.9
1077500 1006.9
1077510 1006.7
1077520 1006.3
1077530 1006.3
1077540 1006.1
1077550 1006.3
1077560 1006.3
1077570 1006.4
1077580 1006.6
1077590 1006.6
1077600 1006.7
1077610 1006.8
1077620 1006.8
1077630 1006.8
1077640 1006.9
1077650 1006.9
1077660 1007.0
1077670 1007.2
1077680 1006.6
1077690 1006.7
1077700 1007.1
1077710 1007.1
1077720 1008.0
1077730 1008.5
1077740 1008.5
1077750 1008.5
1077760 1007.9
1077770 1007.1
1077780 1007.1
1077790 1008.0
1077800 1009.6
1077810 1009.6
1077820 1011.4
1077830 1013.5
1077840 1013.5
1077850 1016.0
1077860 1018.4
1077870 1018.4
1077880 1020.1
1077890 1021.2
1077900 1021.2
1077910 1021.8
1077920 1021.9
1077930 1021.9
1077940 1021.7
1077950 1021.5
1077960 1021.5
1077970 1020.9
1077980 1020.1
1077990 1018.5
1078000 1017.4
1078010 1014.5
1078020 1013.9
1078030 1013.9
1078040 1017.0
1078050 1019.6
1078060 1019.6
1078070 1022.0
1078080 1024.2
1078090 1024.2
1078100 1026.0
1078110 1027.7
1078120 1027.7
1078130 1028.9
1078140 1028.9
1078150 1028.9
1078160 1028.1
1078170 1028.0
1078180 1028.0
1078190 1028.2
1078200 1028.5
1078210 1028.5
1078220 1028.9
1078230 1029.7
1078240 1029.7
1078250 1030.5
1078260 1031.6
1078270 1034.5
1078280 1034.5
1078290 1037.5
1078300 1040.3
1078310 1040.5
1078320 1041.4
1078330 1042.2
1078340 1042.2
1078350 1044.4
1078360 1045.3
1078370 1045.3
1078380 1045.4
1078390 1046.0
1078400 1046.0
1078410 1046.4
1078420 1047.2
1078430 1047.2
1078440 1049.4
1078450 1051.4
1078460 1051.4
1078470 1053.0
1078480 1055.1
1078490 1055.1
1078500 1057.3
1078510 1061.5
1078520 1061.5
1078530 1065.3
1078540 1068.9
1078550 1072.5
1078560 1072.5
1078570 1076.6
1078580 1080.5
1078590 1080.5
1078600 1083.9
1078610 1087.2
1078620 1087.8
1078630 1091.1
1078640 1097.1
1078650 1097.1
1078660 1104.3
1078670 1109.0
1078680 1109.0
1078690 1113.1
1078700 1118.3
1078710 1118.3
1078720 1122.8
1078730 1126.3
1078740 1126.3
1078750 1129.6
1078760 1134.1
1078770 1134.1
1078780 1137.7
1078790 1142.9
1078800 1142.9
1078810 1148.3
1078820 1152.7
1078830 1157.4
1078840 1157.4
1078850 1162.0
1078860 1166.5
1078870 1166.5
1078880 1170.6
1078890 1174.3
1078900 1174.3
1078910 1177.1
1078920 1178.6
1078930 1178.5
1078940 1179.4
1078950 1182.2
1078960 1182.2
1078970 1187.0
1078980 1192.8
1078990 1192.8
1079000 1198.4
1079010 1203.9
1079020 1203.9
1079030 1208.4
1079040 1212.2
1079050 1212.2
1079060 1214.9
1079070 1216.4
1079080 1216.4
1079090 1216.4
1079100 1214.5
1079110 1212.6
1079120 1212.6
1079130 1212.4
1079140 1212.8
1079150 1212.8
1079160 1210.0
1079170 1210.6
1079180 1210.6
1079190 1215.4
1079200 1219.7
1079210 1219.7
1079220 1223.2
1079230 1225.5
1079240 1225.5
1079250 1227.5
1079260 1229.1
1079270 1229.1
1079280 1231.1
1079290 1231.9
1079300 1231.9
1079310 1231.6
1079320 1230.8
1079330 1230.8
1079340 1231.1
1079350 1233.4
1079360 1237.7
1079370 1237.7
1079380 1242.5
1079390 1247.8
1079400 1247.8
1079410 1253.1
1079420 1258.1
1079430 1258.1
1079440 1262.5
1079450 1267.0
1079460 1267.0
1079470 1271.1
1079480 1274.6
1079490 1274.6
1079500 1277.4
1079510 1279.8
1079520 1279.8
1079530 1279.1
1079540 1273.7
1079550 1273.7
1079560 1271.2
1079570 1265.7
1079580 1265.7
1079590 1261.2
1079600 1254.7
1079610 1250.3
1079620 1250.3
1079630 1245.8
1079640 1242.6
1079650 1242.6
1079660 1239.7
1079670 1236.0
1079680 1236.0
1079690 1231.6
1079700 1231.7
1079710 1231.7
1079720 1236.4
1079730 1238.6
1079740 1238.6
1079750 1243.5
1079760 1247.2
1079770 1247.2
1079780 1250.3
1079790 1251.9
1079800 1251.9
1079810 1247.3
1079820 1239.3
1079830 1239.3
1079840 1234.4
1079850 1229.5
1079860 1229.5
1079870 1225.7
1079880 1232.0
1079890 1238.0
1079900 1238.0
1079910 1246.4
1079920 1251.6
1079930 1251.6
1079940 1251.8
1079950 1251.3
1079960 1251.3
1079970 1251.7
1079980 1251.4
1079990 1251.4
