1063680 430.7
1063690 430.7
1063700 430.7
1063710 430.8
1063720 430.8
1063730 430.8
1063740 430.9
1063750 430.8
1063760 430.8
1063770 430.8
1063780 431.1
1063790 431.1
1063800 431.5
1063810 431.6
1063820 431.6
1063830 431.6
1063840 431.7
1063850 431.7
1063860 431.7
1063870 432.0
1063880 432.3
1063890 432.3
1063900 432.3
1063910 432.3
1063920 432.3
1063930 432.3
1063940 432.4
1063950 432.4
1063960 432.5
1063970 433.1
1063980 433.1
1063990 433.5
1064000 433.3
1064010 433.3
1064020 432.8
1064030 432.7
1064040 432.7
1064050 432.8
1064060 433.5
1064070 433.9
1064080 433.9
1064090 434.1
1064100 434.1
1064110 434.1
1064120 434.0
1064130 433.5
1064140 433.5
1064150 433.2
1064160 433.1
1064170 433.1
1064180 433.1
1064190 433.2
1064200 433.2
1064210 433.3
1064220 433.4
1064230 433.4
1064240 433.5
1064250 433.7
1064260 433.7
1064270 433.8
1064280 434.1
1064290 434.1
1064300 434.4
1064310 434.7
1064320 434.7
1064330 435.0
1064340 435.0
1064350 434.9
1064360 435.0
1064370 435.0
1064380 434.9
1064390 434.9
1064400 435.0
1064410 435.0
1064420 435.0
1064430 435.0
1064440 435.1
1064450 435.1
1064460 434.9
1064470 434.8
1064480 434.8
1064490 434.8
1064500 434.9
1064510 434.9
1064520 434.9
1064530 434.9
1064540 434.9
1064550 435.0
1064560 435.0
1064570 435.0
1064580 435.1
1064590 435.3
1064600 435.3
1064610 435.6
1064620 435.7
1064630 435.8
1064640 435.8
1064650 435.9
1064660 436.0
1064670 436.0
1064680 436.1
1064690 436.4
1064700 436.4
1064710 437.1
1064720 439.3
1064730 439.3
1064740 443.9
1064750 448.7
1064760 448.7
1064770 452.4
1064780 452.6
1064790 452.6
1064800 450.8
1064810 450.8
1064820 450.8
1064830 451.6
1064840 454.5
1064850 454.5
1064860 457.5
1064870 458.8
1064880 460.1
1064890 460.1
1064900 463.1
1064910 465.5
1064920 465.5
1064930 467.6
1064940 469.9
1064950 469.9
1064960 472.1
1064970 480.5
1064980 480.5
1064990 482.3
1065000 484.2
1065010 484.2
1065020 487.9
1065030 492.4
1065040 492.4
1065050 496.3
1065060 499.4
1065070 499.4
1065080 501.1
1065090 502.9
1065100 502.9
1065110 505.1
1065120 507.2
1065130 507.2
1065140 508.0
1065150 509.3
1065160 509.4
1065170 509.4
1065180 507.2
1065190 506.0
1065200 506.0
1065210 505.4
1065220 505.3
1065230 505.3
1065240 505.4
1065250 506.6
1065260 506.6
1065270 514.3
1065280 518.0
1065290 518.0
1065300 521.0
1065310 522.8
1065320 522.8
1065330 524.8
1065340 527.1
1065350 527.1
1065360 530.7
1065370 534.3
1065380 534.3
1065390 536.8
1065400 540.0
1065410 540.0
1065420 542.7
1065430 543.7
1065440 545.4
1065450 545.4
1065460 545.8
1065470 545.3
1065480 545.3
1065490 545.2
1065500 544.0
1065510 544.0
1065520 541.6
1065530 540.8
1065540 540.8
1065550 540.9
1065560 541.6
1065570 544.0
1065580 544.8
1065590 545.4
1065600 545.4
1065610 545.6
1065620 545.7
1065630 545.7
1065640 546.1
1065650 545.8
1065660 545.8
1065670 544.9
1065680 544.7
1065690 545.0
1065700 545.0
1065710 545.0
1065720 544.4
1065730 544.4
1065740 543.6
1065750 543.6
1065760 543.6
1065770 542.8
1065780 541.7
1065790 541.7
1065800 541.1
1065810 540.9
1065820 540.9
1065830 541.2
1065840 542.0
1065850 542.0
1065860 542.0
1065870 539.6
1065880 542.0
1065890 540.2
1065900 538.6
1065910 538.6
1065920 537.6
1065930 536.4
1065940 536.4
1065950 535.8
1065960 533.8
1065970 531.1
1065980 531.1
1065990 528.2
1066000 524.9
1066010 524.9
1066020 522.0
1066030 519.9
1066040 519.9
1066050 518.7
1066060 518.3
1066070 518.3
1066080 518.1
1066090 517.2
1066100 517.2
1066110 517.2
1066120 517.6
1066130 517.6
1066140 517.2
1066150 516.5
1066160 516.5
1066170 516.5
1066180 516.2
1066190 516.2
1066200 514.6
1066210 512.0
1066220 512.0
1066230 509.7
1066240 506.7
1066250 503.9
1066260 503.9
1066270 499.8
1066280 494.7
1066290 494.7
1066300 490.1
1066310 484.4
1066320 484.4
1066330 480.6
1066340 477.5
1066350 477.5
1066360 474.9
1066370 472.7
1066380 472.7
1066390 469.7
1066400 467.3
1066410 467.3
1066420 463.9
1066430 460.3
1066440 460.3
1066450 455.3
1066460 449.0
1066470 449.0
1066480 446.2
1066490 445.4
1066500 445.5
1066510 445.5
1066520 445.6
1066530 445.6
1066540 445.6
1066550 445.8
1066560 445.8
1066570 445.8
1066580 445.9
1066590 445.8
1066600 445.8
1066610 445.5
1066620 445.4
1066630 445.4
1066640 445.5
1066650 445.5
1066660 445.5
1066670 445.6
1066680 445.6
1066690 445.6
1066700 445.5
1066710 445.5
1066720 445.5
1066730 445.7
1066740 446.2
1066750 446.2
1066760 446.7
1066770 446.6
1066780 446.5
1066790 446.5
1066800 446.4
1066810 446.6
1066820 446.6
1066830 447.7
1066840 449.5
1066850 449.5
1066860 447.7
1066870 445.6
1066880 445.6
1066890 442.7
1066900 440.7
1066910 440.7
1066920 440.6
1066930 442.0
1066940 442.0
1066950 446.3
1066960 448.4
1066970 448.4
1066980 444.3
1066990 440.8
1067000 440.8
1067010 443.1
1067020 446.9
1067030 446.9
1067040 447.2
1067050 447.2
1067060 447.1
1067070 447.1
1067080 447.0
1067090 447.1
1067100 447.2
1067110 447.3
1067120 447.1
1067130 447.1
1067140 447.1
1067150 447.0
1067160 447.0
1067170 446.9
1067180 446.8
1067190 446.8
1067200 446.7
1067210 446.6
1067220 446.6
1067230 446.9
1067240 447.1
1067250 447.1
1067260 447.0
1067270 447.1
1067280 447.1
1067290 447.2
1067300 447.3
1067310 446.7
1067320 446.7
1067330 446.7
1067340 446.9
1067350 446.9
1067360 446.9
1067370 446.9
1067380 446.9
1067390 446.9
1067400 446.9
1067410 446.9
1067420 446.9
1067430 447.0
1067440 447.0
1067450 446.7
1067460 446.2
1067470 446.2
1067480 446.2
1067490 446.1
1067500 446.1
1067510 446.4
1067520 446.5
1067530 446.5
1067540 446.6
1067550 446.7
1067560 446.7
1067570 446.6
1067580 446.6
1067590 446.6
1067600 446.6
1067610 446.8
1067620 447.0
1067630 447.0
1067640 447.1
1067650 446.7
1067660 446.7
1067670 446.5
1067680 446.6
1067690 446.6
1067700 446.7
1067710 446.7
1067720 446.7
1067730 446.7
1067740 446.7
1067750 446.7
1067760 446.6
1067770 446.5
1067780 446.5
1067790 446.6
1067800 446.8
1067810 446.8
1067820 446.9
1067830 446.5
1067840 446.5
1067850 446.8
1067860 447.2
1067870 447.2
1067880 447.2
1067890 447.3
1067900 447.4
1067910 447.4
1067920 447.2
1067930 447.6
1067940 447.6
1067950 446.9
1067960 446.8
1067970 446.8
1067980 446.8
1067990 446.8
1068000 446.8
1068010 446.8
1068020 447.7
1068030 447.7
1068040 454.5
1068050 463.1
1068060 463.1
1068070 470.2
1068080 477.8
1068090 477.8
1068100 485.0
1068110 488.2
1068120 488.3
1068130 488.3
1068140 491.1
1068150 495.1
1068160 495.1
1068170 498.9
1068180 505.6
1068190 505.6
1068200 510.1
1068210 515.4
1068220 515.4
1068230 520.7
1068240 526.7
1068250 526.7
1068260 533.2
1068270 539.9
1068280 539.9
1068290 547.1
1068300 554.7
1068310 554.7
1068320 575.5
1068330 589.1
1068340 589.1
1068350 594.0
1068360 597.2
1068370 597.2
1068380 600.3
1068390 602.6
1068400 604.5
1068410 604.5
1068420 606.2
1068430 607.5
1068440 607.5
1068450 608.6
1068460 609.5
1068470 609.5
1068480 609.5
1068490 608.7
1068500 608.7
1068510 606.0
1068520 602.5
1068530 602.5
1068540 602.9
1068550 608.6
1068560 608.6
1068570 613.8
1068580 616.6
1068590 616.6
1068600 618.3
1068610 620.8
1068620 621.0
1068630 622.7
1068640 623.5
1068650 623.5
1068660 623.0
1068670 622.7
1068680 623.6
1068690 623.6
1068700 624.1
1068710 624.2
1068720 624.2
1068730 624.9
1068740 626.2
1068750 626.2
1068760 627.3
1068770 628.4
1068780 628.4
1068790 629.3
1068800 630.0
1068810 630.0
1068820 629.8
1068830 629.5
1068840 629.5
1068850 629.2
1068860 628.8
1068870 628.8
1068880 628.2
1068890 627.3
1068900 627.3
1068910 626.4
1068920 625.7
1068930 624.3
1068940 624.3
1068950 623.4
1068960 622.6
1068970 622.6
1068980 622.0
1068990 621.2
1069000 621.2
1069010 620.7
1069020 620.1
1069030 620.1
1069040 619.2
1069050 618.0
1069060 618.0
1069070 616.9
1069080 615.6
1069090 615.6
1069100 614.3
1069110 612.8
1069120 612.8
1069130 611.1
1069140 608.5
1069150 608.5
1069160 606.7
1069170 604.8
1069180 604.8
1069190 602.6
1069200 601.6
1069210 600.6
1069220 600.6
1069230 599.3
1069240 597.8
1069250 597.8
1069260 596.6
1069270 595.2
1069280 595.2
1069290 594.5
1069300 593.6
1069310 593.6
1069320 592.3
1069330 591.3
1069340 591.3
1069350 590.4
1069360 590.1
1069370 590.1
1069380 591.2
1069390 591.9
1069400 591.9
1069410 590.8
1069420 589.4
1069430 589.4
1069440 588.2
1069450 585.7
1069460 585.7
1069470 581.7
1069480 576.8
1069490 571.3
1069500 571.3
1069510 564.6
1069520 555.7
1069530 555.7
1069540 549.6
1069550 545.7
1069560 545.7
1069570 541.5
1069580 536.6
1069590 536.6
1069600 525.5
1069610 509.8
1069620 509.8
1069630 497.7
1069640 481.0
1069650 481.0
1069660 472.4
1069670 467.9
1069680 467.9
1069690 463.8
1069700 456.5
1069710 456.5
1069720 453.6
1069730 452.7
1069740 451.9
1069750 451.9
1069760 451.3
1069770 451.0
1069780 451.0
1069790 450.9
1069800 451.0
1069810 451.0
1069820 451.0
1069830 451.0
1069840 451.0
1069850 450.9
1069860 450.9
1069870 450.9
1069880 451.7
1069890 452.0
1069900 452.0
1069910 451.8
1069920 451.2
1069930 451.2
1069940 450.8
1069950 450.7
1069960 450.7
1069970 450.7
1069980 450.8
1069990 450.8
1070000 450.7
1070010 450.6
1070020 450.5
1070030 450.5
1070040 450.2
1070050 450.0
1070060 450.0
1070070 450.1
1070080 450.4
1070090 450.4
1070100 450.8
1070110 450.7
1070120 450.7
1070130 450.7
1070140 450.8
1070150 450.8
1070160 450.6
1070170 450.6
1070180 450.6
1070190 450.4
1070200 450.5
1070210 450.5
1070220 450.4
1070230 450.4
1070240 450.4
1070250 450.3
1070260 450.4
1070270 450.4
1070280 450.2
1070290 449.9
1070300 449.8
1070310 449.8
1070320 450.1
1070330 450.3
1070340 450.3
1070350 450.4
1070360 450.3
1070370 450.3
1070380 450.0
1070390 449.8
1070400 449.8
1070410 449.6
1070420 449.6
1070430 449.6
1070440 449.8
1070450 449.7
1070460 450.1
1070470 450.8
1070480 450.9
1070490 450.9
1070500 450.5
1070510 450.7
1070520 450.7
1070530 450.5
1070540 450.5
1070550 450.5
1070560 450.3
1070570 451.6
1070580 453.5
1070590 453.5
1070600 458.6
1070610 465.9
1070620 465.9
1070630 472.3
1070640 476.7
1070650 476.7
1070660 482.3
1070670 493.0
1070680 493.0
1070690 506.7
1070700 515.7
1070710 515.7
1070720 517.1
1070730 514.1
1070740 514.1
1070750 508.9
1070760 505.4
1070770 505.2
1070780 503.3
1070790 502.3
1070800 502.3
1070810 502.0
1070820 502.8
1070830 503.5
1070840 503.5
1070850 504.5
1070860 508.2
1070870 508.2
1070880 513.8
1070890 517.4
1070900 517.4
1070910 516.3
1070920 516.4
1070930 516.4
1070940 519.6
1070950 523.9
1070960 523.9
1070970 528.3
1070980 532.3
1070990 532.3
1071000 536.6
1071010 540.3
1071020 540.3
1071030 545.5
1071040 550.3
1071050 550.3
1071060 555.2
1071070 559.8
1071080 564.3
1071090 569.0
1071100 573.7
1071110 577.7
1071120 577.7
1071130 581.6
1071140 585.7
1071150 585.7
1071160 590.7
1071170 596.3
1071180 596.3
1071190 601.7
1071200 607.7
1071210 607.7
1071220 613.6
1071230 619.8
1071240 619.8
1071250 626.0
1071260 632.2
1071270 632.2
1071280 638.8
1071290 648.3
1071300 648.3
1071310 666.5
1071320 693.3
1071330 693.3
1071340 710.3
1071350 710.4
1071360 710.4
1071370 710.1
1071380 710.4
1071390 710.6
1071400 710.6
1071410 709.5
1071420 708.4
1071430 708.4
1071440 706.8
1071450 705.0
1071460 705.0
1071470 703.6
1071480 704.3
1071490 704.3
1071500 705.2
1071510 705.0
1071520 705.0
1071530 704.5
1071540 703.8
1071550 703.8
1071560 702.5
1071570 701.6
1071580 701.6
1071590 700.3
1071600 699.5
1071610 699.5
1071620 698.0
1071630 696.6
1071640 696.5
1071650 696.5
1071660 695.7
1071670 694.3
1071680 694.3
1071690 692.7
1071700 692.7
1071710 692.7
1071720 691.9
1071730 691.5
1071740 691.5
1071750 690.3
1071760 689.2
1071770 689.2
1071780 688.8
1071790 688.8
1071800 688.8
1071810 689.3
1071820 690.1
1071830 690.1
1071840 692.4
1071850 694.7
1071860 694.7
1071870 696.6
1071880 698.1
1071890 698.1
1071900 698.7
1071910 699.0
1071920 700.0
1071930 700.0
1071940 700.1
1071950 700.0
1071960 700.0
1071970 701.3
1071980 704.4
1071990 704.4
1072000 709.4
1072010 712.0
1072020 712.0
1072030 716.6
1072040 720.0
1072050 720.0
1072060 720.7
1072070 721.0
1072080 721.0
1072090 721.8
1072100 724.1
1072110 724.1
1072120 727.2
1072130 730.3
1072140 730.3
1072150 733.5
1072160 736.1
1072170 738.9
1072180 738.9
1072190 741.4
1072200 743.7
1072210 743.7
1072220 745.7
1072230 746.9
1072240 746.9
1072250 748.3
1072260 748.9
1072270 748.9
1072280 748.9
1072290 749.1
1072300 749.1
1072310 749.1
1072320 749.2
1072330 749.2
1072340 749.1
1072350 748.8
1072360 748.8
1072370 748.1
1072380 747.2
1072390 747.2
1072400 746.2
1072410 744.8
1072420 744.8
1072430 744.4
1072440 744.4
1072450 744.3
1072460 744.3
1072470 743.4
1072480 742.2
1072490 742.2
1072500 741.2
1072510 740.9
1072520 740.9
1072530 739.4
1072540 737.8
1072550 737.8
1072560 736.7
1072570 735.7
1072580 735.7
1072590 734.2
1072600 732.1
1072610 732.1
1072620 727.6
1072630 723.4
1072640 723.4
1072650 718.6
1072660 712.4
1072670 712.4
1072680 706.6
1072690 701.3
1072700 701.3
1072710 695.7
1072720 690.1
1072730 685.8
1072740 685.8
1072750 680.4
1072760 675.9
1072770 675.9
1072780 671.0
1072790 666.3
1072800 666.3
1072810 660.8
1072820 655.0
1072830 655.0
1072840 649.5
1072850 645.0
1072860 645.0
1072870 640.0
1072880 633.6
1072890 633.6
1072900 627.5
1072910 622.6
1072920 622.6
1072930 617.2
1072940 613.2
1072950 613.2
1072960 609.5
1072970 606.5
1072980 603.7
1072990 603.7
1073000 601.0
1073010 598.2
1073020 598.2
1073030 594.0
1073040 589.7
1073050 589.7
1073060 585.3
1073070 580.4
1073080 580.4
1073090 576.7
1073100 572.5
1073110 572.5
1073120 569.3
1073130 566.1
1073140 566.1
1073150 563.4
1073160 561.1
1073170 561.1
1073180 558.6
1073190 555.7
1073200 555.7
1073210 553.1
1073220 550.8
1073230 550.8
1073240 547.8
1073250 545.1
1073260 542.3
1073270 542.3
1073280 539.7
1073290 537.5
1073300 537.5
1073310 535.1
1073320 531.9
1073330 531.9
1073340 527.8
1073350 523.6
1073360 523.6
1073370 520.4
1073380 517.9
1073390 517.9
1073400 516.5
1073410 514.2
1073420 514.2
1073430 512.1
1073440 510.8
1073450 510.8
1073460 509.6
1073470 507.5
1073480 507.5
1073490 505.3
1073500 501.8
1073510 501.8
1073520 499.5
1073530 498.8
1073540 496.6
1073550 494.6
1073560 493.3
1073570 492.6
1073580 492.6
1073590 492.9
1073600 494.3
1073610 494.3
1073620 495.3
1073630 495.7
1073640 495.7
1073650 493.1
1073660 485.4
1073670 485.4
1073680 482.7
1073690 483.7
1073700 483.7
1073710 483.6
1073720 483.2
1073730 483.2
1073740 483.2
1073750 483.1
1073760 483.1
1073770 483.1
1073780 483.1
1073790 483.3
1073800 483.3
1073810 483.6
1073820 483.7
1073830 483.7
1073840 484.0
1073850 484.2
1073860 484.2
1073870 485.0
1073880 485.8
1073890 485.8
1073900 486.0
1073910 486.0
1073920 486.0
1073930 486.2
1073940 486.4
1073950 486.4
1073960 486.6
1073970 487.0
1073980 487.0
1073990 487.3
1074000 487.3
1074010 487.3
1074020 487.4
1074030 487.4
1074040 487.4
1074050 487.4
1074060 487.4
1074070 487.6
1074080 487.6
1074090 487.8
1074100 488.0
1074110 488.0
1074120 488.1
1074130 488.2
1074140 488.2
1074150 488.4
1074160 488.6
1074170 488.6
1074180 488.9
1074190 489.2
1074200 489.2
1074210 489.6
1074220 490.0
1074230 490.0
1074240 490.2
1074250 490.2
1074260 490.2
1074270 490.3
1074280 490.4
1074290 490.4
1074300 490.6
1074310 490.7
1074320 490.7
1074330 490.9
1074340 491.1
1074350 491.3
1074360 491.3
1074370 491.5
1074380 491.8
1074390 491.8
1074400 492.0
1074410 492.3
1074420 492.3
1074430 492.6
1074440 492.9
1074450 492.9
1074460 493.2
1074470 493.4
1074480 493.3
1074490 493.6
1074500 493.9
1074510 493.9
1074520 494.3
1074530 494.6
1074540 494.6
1074550 495.0
1074560 495.6
1074570 495.6
1074580 496.7
1074590 497.3
1074600 497.5
1074610 497.5
1074620 497.9
1074630 499.4
1074640 499.4
1074650 501.8
1074660 503.3
1074670 503.3
1074680 505.0
1074690 505.9
1074700 505.9
1074710 506.4
1074720 507.1
1074730 507.1
1074740 507.4
1074750 507.8
1074760 507.8
1074770 508.9
1074780 511.3
1074790 512.5
1074800 514.6
1074810 518.2
1074820 518.2
1074830 520.5
1074840 522.4
1074850 522.4
1074860 525.0
1074870 526.7
1074880 527.4
1074890 527.4
1074900 529.0
1074910 532.8
1074920 532.8
1074930 538.0
1074940 543.1
1074950 543.1
1074960 547.7
1074970 551.1
1074980 551.1
1074990 553.9
1075000 556.3
1075010 556.3
1075020 559.0
1075030 562.3
1075040 562.3
1075050 565.5
1075060 569.4
1075070 569.4
1075080 573.8
1075090 578.2
1075100 579.6
1075110 584.2
1075120 588.2
1075130 588.2
1075140 592.9
1075150 596.8
1075160 599.8
1075170 599.8
1075180 603.4
1075190 607.8
1075200 607.8
1075210 611.9
1075220 615.7
1075230 615.7
1075240 619.0
1075250 620.0
1075260 620.0
1075270 620.1
1075280 621.7
1075290 621.7
1075300 624.5
1075310 627.7
1075320 627.7
1075330 631.0
1075340 635.2
1075350 635.2
1075360 637.3
1075370 635.8
1075380 635.8
1075390 637.3
1075400 640.7
1075410 660.1
1075420 660.1
1075430 666.8
1075440 669.5
1075450 669.5
1075460 673.5
1075470 673.8
1075480 673.8
1075490 674.7
1075500 674.6
1075510 674.6
1075520 675.1
1075530 677.5
1075540 677.5
1075550 679.3
1075560 679.5
1075570 679.5
1075580 680.1
1075590 681.6
1075600 681.6
1075610 682.5
1075620 683.2
1075630 683.2
1075640 684.0
1075650 685.1
1075660 685.1
1075670 686.4
1075680 687.9
1075690 689.6
1075700 689.6
1075710 690.8
1075720 692.5
1075730 692.5
1075740 694.4
1075750 696.5
1075760 696.5
1075770 699.0
1075780 701.5
1075790 701.5
1075800 704.6
1075810 707.4
1075820 707.4
1075830 710.4
1075840 713.8
1075850 713.8
1075860 717.2
1075870 720.4
1075880 720.4
1075890 723.5
1075900 726.7
1075910 726.7
1075920 730.3
1075930 734.6
1075940 734.6
1075950 739.7
1075960 745.3
1075970 751.7
1075980 751.7
1075990 758.0
1076000 764.4
1076010 764.4
1076020 771.0
1076030 772.0
1076040 772.0
1076050 777.5
1076060 782.9
1076070 782.9
1076080 792.6
1076090 799.6
1076100 799.6
1076110 803.9
1076120 807.8
1076130 807.8
1076140 812.4
1076150 815.0
1076160 815.0
1076170 818.1
1076180 821.4
1076190 821.4
1076200 824.6
1076210 828.4
1076220 832.3
1076230 832.3
1076240 835.8
1076250 840.1
1076260 840.1
1076270 844.5
1076280 848.3
1076290 848.3
1076300 852.4
1076310 855.2
1076320 855.2
1076330 856.8
1076340 857.9
1076350 857.9
1076360 860.1
1076370 862.3
1076380 862.3
1076390 864.1
1076400 866.3
1076410 866.3
1076420 868.4
1076430 870.8
1076440 870.8
1076450 872.0
1076460 873.1
1076470 873.1
1076480 874.2
1076490 876.1
1076500 878.0
1076510 878.0
1076520 878.6
1076530 879.8
1076540 879.8
1076550 880.9
1076560 882.1
1076570 882.1
1076580 883.0
1076590 883.3
1076600 883.3
1076610 883.5
1076620 883.5
1076630 883.5
1076640 883.2
1076650 883.2
1076660 879.9
1076670 879.9
1076680 879.8
1076690 879.8
1076700 879.4
1076710 879.9
1076720 879.9
1076730 873.9
1076740 876.3
1076750 876.3
1076760 882.2
1076770 886.6
1076780 889.9
1076790 889.9
1076800 894.8
1076810 899.4
1076820 899.4
1076830 904.7
1076840 910.6
1076850 910.6
1076860 916.9
1076870 923.5
1076880 923.5
1076890 930.3
1076900 937.8
1076910 937.8
1076920 945.0
1076930 954.9
1076940 954.9
1076950 968.9
1076960 971.7
1076970 974.4
1076980 977.5
1076990 977.5
1077000 977.5
1077010 973.9
1077020 969.5
1077030 966.4
1077040 966.4
1077050 963.0
1077060 962.8
1077070 962.8
1077080 962.4
1077090 966.4
1077100 966.4
1077110 971.1
1077120 972.7
1077130 972.7
1077140 974.7
1077150 977.4
1077160 977.4
1077170 980.9
1077180 982.2
1077190 982.2
1077200 983.2
1077210 983.9
1077220 983.9
1077230 984.7
1077240 985.1
1077250 985.1
1077260 985.2
1077270 986.1
1077280 982.9
1077290 983.1
1077300 983.4
1077310 983.4
1077320 983.4
1077330 984.0
1077340 986.8
1077350 986.8
1077360 989.8
1077370 992.4
1077380 992.4
1077390 994.1
1077400 995.7
1077410 995.7
1077420 997.3
1077430 998.9
1077440 998.9
1077450 1000.6
1077460 1002.8
1077470 1002.8
1077480 1005.1
1077490 1006.9
1077500 1006.9
1077510 1008.3
1077520 1010.0
1077530 1010.0
1077540 1011.9
1077550 1013.4
1077560 1013.6
1077570 1013.6
1077580 1013.3
1077590 1013.1
1077600 1013.1
1077610 1013.3
1077620 1013.4
1077630 1013.4
1077640 1013.6
1077650 1014.1
1077660 1014.1
1077670 1015.2
1077680 1016.1
1077690 1016.1
1077700 1015.7
1077710 1015.0
1077720 1015.0
1077730 1015.0
1077740 1015.7
1077750 1015.7
1077760 1018.2
1077770 1021.2
1077780 1021.2
1077790 1023.6
1077800 1025.2
1077810 1025.2
1077820 1026.4
1077830 1027.2
1077840 1027.7
1077850 1027.7
1077860 1027.8
1077870 1028.1
1077880 1028.1
1077890 1028.5
1077900 1029.2
1077910 1031.0
1077920 1031.6
1077930 1032.0
1077940 1032.0
1077950 1032.4
1077960 1032.9
1077970 1032.9
1077980 1033.0
1077990 1031.7
1078000 1031.7
1078010 1029.9
1078020 1029.8
1078030 1029.8
1078040 1032.2
1078050 1034.9
1078060 1034.9
1078070 1036.4
1078080 1037.6
1078090 1037.6
1078100 1039.5
1078110 1041.2
1078120 1043.1
1078130 1043.1
1078140 1045.1
1078150 1047.3
1078160 1047.3
1078170 1049.3
1078180 1051.2
1078190 1051.2
1078200 1052.8
1078210 1053.6
1078220 1052.0
1078230 1052.6
1078240 1054.0
1078250 1054.0
1078260 1055.3
1078270 1056.2
1078280 1056.2
1078290 1057.4
1078300 1059.0
1078310 1059.0
1078320 1060.6
1078330 1062.0
1078340 1062.0
1078350 1063.3
1078360 1065.4
1078370 1067.3
1078380 1067.3
1078390 1068.8
1078400 1070.7
1078410 1070.7
1078420 1072.1
1078430 1073.6
1078440 1073.6
1078450 1075.6
1078460 1077.4
1078470 1077.4
1078480 1079.0
1078490 1081.3
1078500 1081.3
1078510 1083.6
1078520 1085.7
1078530 1083.5
1078540 1086.4
1078550 1090.0
1078560 1090.0
1078570 1094.3
1078580 1098.2
1078590 1098.2
1078600 1101.3
1078610 1104.6
1078620 1104.6
1078630 1108.6
1078640 1112.4
1078650 1115.1
1078660 1115.1
1078670 1117.2
1078680 1119.5
1078690 1119.5
1078700 1122.2
1078710 1124.9
1078720 1124.9
1078730 1126.7
1078740 1128.8
1078750 1128.8
1078760 1131.6
1078770 1135.1
1078780 1135.1
1078790 1138.7
1078800 1142.7
1078810 1142.7
1078820 1146.8
1078830 1150.2
1078840 1150.2
1078850 1151.7
1078860 1153.5
1078870 1153.5
1078880 1155.7
1078890 1157.7
1078900 1157.7
1078910 1159.7
1078920 1162.0
1078930 1165.5
1078940 1165.5
1078950 1167.9
1078960 1169.8
1078970 1169.8
1078980 1173.2
1078990 1177.3
1079000 1177.3
1079010 1180.8
1079020 1184.7
1079030 1184.7
1079040 1188.6
1079050 1191.4
1079060 1191.4
1079070 1194.3
1079080 1196.5
1079090 1196.5
1079100 1198.8
1079110 1201.8
1079120 1201.8
1079130 1205.6
1079140 1208.9
1079150 1208.9
1079160 1211.7
1079170 1212.9
1079180 1213.3
1079190 1213.3
1079200 1212.7
1079210 1212.4
1079220 1212.4
1079230 1212.6
1079240 1213.5
1079250 1213.5
1079260 1213.6
1079270 1213.5
1079280 1213.5
1079290 1213.7
1079300 1213.8
1079310 1213.8
1079320 1214.4
1079330 1215.0
1079340 1215.0
1079350 1216.0
1079360 1216.9
1079370 1216.9
1079380 1218.0
1079390 1220.2
1079400 1220.2
1079410 1222.4
1079420 1224.5
1079430 1224.5
1079440 1226.8
1079450 1229.5
1079460 1232.3
1079470 1233.8
1079480 1235.4
1079490 1235.9
1079500 1235.9
1079510 1234.1
1079520 1230.7
1079530 1230.7
1079540 1227.1
1079550 1223.2
1079560 1223.2
1079570 1220.5
1079580 1217.5
1079590 1217.5
1079600 1213.4
1079610 1208.3
1079620 1208.3
1079630 1204.1
1079640 1199.4
1079650 1199.4
1079660 1196.5
1079670 1193.7
1079680 1193.7
1079690 1188.7
1079700 1182.9
1079710 1182.9
1079720 1178.2
1079730 1176.6
1079740 1172.5
1079750 1172.5
1079760 1165.9
1079770 1157.9
1079780 1157.9
1079790 1151.7
1079800 1142.9
1079810 1142.9
1079820 1134.2
1079830 1125.1
1079840 1125.1
1079850 1115.2
1079860 1105.1
1079870 1105.1
1079880 1101.6
1079890 1107.3
1079900 1107.3
1079910 1113.0
1079920 1116.9
1079930 1116.9
1079940 1117.9
1079950 1114.3
1079960 1114.3
1079970 1115.1
1079980 1122.5
1079990 1130.0
