1062700 431.0
1062710 431.0
1062720 431.1
1062730 431.1
1062740 431.1
1062750 431.1
1062760 431.1
1062770 431.1
1062780 431.2
1062790 431.2
1062800 431.2
1062810 431.2
1062820 431.2
1062830 431.3
1062840 431.3
1062850 431.3
1062860 431.3
1062870 431.3
1062880 431.3
1062890 431.3
1062900 431.3
1062910 431.3
1062920 431.3
1062930 431.4
1062940 431.4
1062950 431.4
1062960 431.4
1062970 431.4
1062980 431.4
1062990 431.4
1063000 431.4
1063010 431.4
1063020 431.4
1063030 431.4
1063040 431.4
1063050 431.4
1063060 431.4
1063070 431.3
1063080 431.4
1063090 431.4
1063100 431.5
1063110 432.1
1063120 432.1
1063130 432.4
1063140 432.5
1063150 432.5
1063160 432.6
1063170 432.6
1063180 432.6
1063190 432.7
1063200 432.6
1063210 432.6
1063220 432.5
1063230 432.5
1063240 432.5
1063250 432.6
1063260 432.6
1063270 432.6
1063280 432.7
1063290 432.7
1063300 432.7
1063310 432.5
1063320 432.6
1063330 432.6
1063340 432.6
1063350 432.7
1063360 432.7
1063370 432.7
1063380 432.8
1063390 432.7
1063400 432.7
1063410 432.8
1063420 432.8
1063430 432.8
1063440 432.9
1063450 433.0
1063460 433.0
1063470 433.0
1063480 433.1
1063490 433.1
1063500 433.1
1063510 433.1
1063520 433.1
1063530 433.1
1063540 433.3
1063550 433.3
1063560 433.3
1063570 433.4
1063580 433.4
1063590 433.5
1063600 433.5
1063610 433.5
1063620 433.6
1063630 433.8
1063640 433.7
1063650 433.7
1063660 433.6
1063670 433.7
1063680 433.7
1063690 433.8
1063700 433.9
1063710 433.9
1063720 434.0
1063730 434.1
1063740 434.1
1063750 434.2
1063760 434.3
1063770 434.3
1063780 434.3
1063790 434.3
1063800 434.3
1063810 434.1
1063820 434.1
1063830 434.1
1063840 434.3
1063850 434.6
1063860 434.4
1063870 434.5
1063880 434.5
1063890 434.6
1063900 434.6
1063910 434.6
1063920 434.7
1063930 434.7
1063940 434.8
1063950 434.9
1063960 434.9
1063970 435.0
1063980 435.0
1063990 435.0
1064000 435.0
1064010 434.8
1064020 434.8
1064030 434.7
1064040 434.9
1064050 434.9
1064060 435.0
1064070 435.0
1064080 435.0
1064090 434.8
1064100 434.9
1064110 434.9
1064120 435.2
1064130 435.3
1064140 435.3
1064150 435.4
1064160 435.3
1064170 435.4
1064180 435.4
1064190 435.5
1064200 435.6
1064210 435.6
1064220 435.7
1064230 435.8
1064240 435.8
1064250 435.9
1064260 435.9
1064270 435.9
1064280 436.1
1064290 436.1
1064300 436.1
1064310 435.9
1064320 435.9
1064330 435.9
1064340 435.9
1064350 436.0
1064360 436.0
1064370 436.1
1064380 436.2
1064390 436.2
1064400 436.3
1064410 436.3
1064420 436.3
1064430 436.4
1064440 436.5
1064450 436.7
1064460 436.6
1064470 436.6
1064480 436.6
1064490 436.6
1064500 436.8
1064510 436.9
1064520 436.9
1064530 437.5
1064540 437.7
1064550 437.7
1064560 438.2
1064570 438.8
1064580 438.8
1064590 438.7
1064600 437.8
1064610 437.8
1064620 437.6
1064630 437.6
1064640 437.6
1064650 437.8
1064660 437.8
1064670 437.8
1064680 437.7
1064690 437.9
1064700 437.4
1064710 437.4
1064720 437.6
1064730 437.8
1064740 437.8
1064750 437.9
1064760 438.0
1064770 438.0
1064780 438.0
1064790 437.9
1064800 437.9
1064810 437.9
1064820 437.9
1064830 437.9
1064840 437.8
1064850 437.8
1064860 437.8
1064870 438.1
1064880 438.4
1064890 438.4
1064900 438.3
1064910 438.2
1064920 438.2
1064930 438.3
1064940 438.4
1064950 438.4
1064960 438.5
1064970 438.6
1064980 438.6
1064990 438.6
1065000 438.5
1065010 438.5
1065020 438.5
1065030 438.6
1065040 438.7
1065050 438.7
1065060 438.8
1065070 439.6
1065080 439.6
1065090 439.4
1065100 438.8
1065110 438.8
1065120 438.9
1065130 439.0
1065140 439.0
1065150 439.1
1065160 439.1
1065170 439.1
1065180 439.2
1065190 439.3
1065200 439.3
1065210 439.3
1065220 439.3
1065230 439.3
1065240 439.3
1065250 439.1
1065260 439.1
1065270 439.1
1065280 439.2
1065290 439.2
1065300 439.2
1065310 439.2
1065320 439.2
1065330 439.2
1065340 439.2
1065350 439.3
1065360 439.3
1065370 439.5
1065380 439.6
1065390 439.6
1065400 439.7
1065410 440.1
1065420 440.1
1065430 440.4
1065440 440.3
1065450 440.3
1065460 440.2
1065470 440.1
1065480 440.1
1065490 440.1
1065500 440.0
1065510 440.0
1065520 440.1
1065530 440.4
1065540 440.5
1065550 440.5
1065560 440.5
1065570 440.5
1065580 440.5
1065590 440.2
1065600 440.2
1065610 440.2
1065620 440.5
1065630 441.1
1065640 441.1
1065650 441.2
1065660 441.1
1065670 441.1
1065680 441.0
1065690 440.8
1065700 440.8
1065710 440.7
1065720 440.7
1065730 440.7
1065740 440.7
1065750 441.0
1065760 441.0
1065770 441.3
1065780 441.6
1065790 441.8
1065800 441.8
1065810 441.5
1065820 441.5
1065830 441.5
1065840 441.6
1065850 441.8
1065860 441.8
1065870 441.9
1065880 442.2
1065890 442.2
1065900 442.3
1065910 442.4
1065920 442.4
1065930 442.6
1065940 442.7
1065950 442.7
1065960 442.5
1065970 442.5
1065980 442.6
1065990 442.6
1066000 442.7
1066010 442.7
1066020 442.6
1066030 442.3
1066040 442.3
1066050 442.3
1066060 442.3
1066070 442.2
1066080 442.2
1066090 442.2
1066100 442.5
1066110 442.5
1066120 442.6
1066130 442.5
1066140 442.5
1066150 442.4
1066160 442.4
1066170 442.4
1066180 442.7
1066190 442.8
1066200 442.8
1066210 442.7
1066220 442.7
1066230 442.7
1066240 442.9
1066250 443.0
1066260 443.0
1066270 443.1
1066280 443.2
1066290 443.2
1066300 443.2
1066310 443.5
1066320 443.5
1066330 443.6
1066340 443.3
1066350 443.2
1066360 443.2
1066370 443.3
1066380 443.5
1066390 443.5
1066400 443.6
1066410 443.6
1066420 443.6
1066430 443.9
1066440 443.9
1066450 443.9
1066460 443.7
1066470 444.6
1066480 444.6
1066490 445.9
1066500 444.3
1066510 444.3
1066520 442.1
1066530 438.5
1066540 438.5
1066550 437.9
1066560 438.2
1066570 438.2
1066580 441.2
1066590 444.2
1066600 444.2
1066610 442.3
1066620 440.4
1066630 443.8
1066640 443.8
1066650 447.2
1066660 446.3
1066670 446.3
1066680 445.4
1066690 445.4
1066700 445.4
1066710 444.7
1066720 444.4
1066730 444.4
1066740 444.1
1066750 442.8
1066760 442.8
1066770 442.7
1066780 442.7
1066790 442.7
1066800 442.7
1066810 442.7
1066820 442.7
1066830 442.7
1066840 442.7
1066850 442.7
1066860 442.8
1066870 443.7
1066880 443.9
1066890 444.0
1066900 443.9
1066910 443.9
1066920 443.9
1066930 443.9
1066940 443.9
1066950 443.9
1066960 444.0
1066970 444.2
1066980 444.2
1066990 444.0
1067000 444.0
1067010 444.0
1067020 443.7
1067030 443.5
1067040 443.5
1067050 443.4
1067060 443.3
1067070 443.3
1067080 443.2
1067090 443.3
1067100 443.3
1067110 443.4
1067120 443.5
1067130 443.5
1067140 443.7
1067150 444.0
1067160 444.1
1067170 444.1
1067180 444.1
1067190 444.0
1067200 444.0
1067210 443.8
1067220 443.6
1067230 443.6
1067240 443.4
1067250 443.5
1067260 443.5
1067270 443.6
1067280 443.6
1067290 443.6
1067300 443.6
1067310 443.8
1067320 443.8
1067330 443.8
1067340 443.8
1067350 443.8
1067360 443.8
1067370 443.8
1067380 443.8
1067390 443.9
1067400 443.7
1067410 443.7
1067420 443.6
1067430 443.7
1067440 443.8
1067450 443.8
1067460 443.7
1067470 444.1
1067480 444.1
1067490 444.3
1067500 444.1
1067510 444.1
1067520 444.3
1067530 444.2
1067540 444.2
1067550 443.9
1067560 443.8
1067570 443.8
1067580 444.0
1067590 444.0
1067600 444.0
1067610 443.8
1067620 443.8
1067630 443.8
1067640 443.7
1067650 443.6
1067660 443.6
1067670 443.6
1067680 443.6
1067690 443.6
1067700 443.6
1067710 443.5
1067720 443.4
1067730 443.4
1067740 443.4
1067750 443.4
1067760 443.4
1067770 443.4
1067780 443.5
1067790 443.5
1067800 443.6
1067810 443.6
1067820 443.6
1067830 443.7
1067840 443.7
1067850 443.7
1067860 443.7
1067870 443.7
1067880 443.7
1067890 443.6
1067900 443.4
1067910 443.4
1067920 443.5
1067930 443.6
1067940 443.6
1067950 443.5
1067960 443.5
1067970 443.5
1067980 443.5
1067990 443.7
1068000 443.6
1068010 443.6
1068020 443.6
1068030 443.5
1068040 443.5
1068050 443.5
1068060 443.5
1068070 443.5
1068080 443.4
1068090 443.4
1068100 443.4
1068110 443.4
1068120 443.9
1068130 443.9
1068140 444.3
1068150 443.6
1068160 443.6
1068170 443.7
1068180 443.6
1068190 443.6
1068200 443.4
1068210 443.2
1068220 443.2
1068230 443.3
1068240 443.2
1068250 443.0
1068260 443.0
1068270 443.1
1068280 443.2
1068290 443.2
1068300 443.1
1068310 443.2
1068320 443.2
1068330 443.3
1068340 443.1
1068350 443.1
1068360 443.0
1068370 442.9
1068380 442.9
1068390 443.0
1068400 443.0
1068410 443.0
1068420 443.1
1068430 443.0
1068440 443.0
1068450 442.8
1068460 442.8
1068470 442.8
1068480 442.8
1068490 442.9
1068500 442.9
1068510 443.0
1068520 443.6
1068530 443.8
1068540 443.8
1068550 445.3
1068560 448.6
1068570 448.6
1068580 451.1
1068590 452.6
1068600 452.6
1068610 455.4
1068620 457.8
1068630 457.8
1068640 460.8
1068650 466.0
1068660 466.0
1068670 470.7
1068680 474.8
1068690 474.8
1068700 478.6
1068710 482.8
1068720 489.8
1068730 494.3
1068740 497.8
1068750 497.8
1068760 500.8
1068770 503.0
1068780 505.4
1068790 505.4
1068800 508.5
1068810 511.5
1068820 511.5
1068830 514.0
1068840 515.6
1068850 515.6
1068860 517.1
1068870 517.9
1068880 517.9
1068890 518.3
1068900 518.4
1068910 518.4
1068920 518.2
1068930 518.3
1068940 518.3
1068950 518.1
1068960 518.0
1068970 518.0
1068980 518.2
1068990 517.9
1069000 517.9
1069010 516.1
1069020 513.5
1069030 518.8
1069040 518.6
1069050 519.4
1069060 521.5
1069070 521.5
1069080 523.3
1069090 525.2
1069100 525.2
1069110 527.3
1069120 529.0
1069130 529.0
1069140 531.7
1069150 534.4
1069160 534.4
1069170 537.5
1069180 539.3
1069190 539.3
1069200 540.6
1069210 541.9
1069220 541.9
1069230 543.1
1069240 543.9
1069250 543.9
1069260 544.7
1069270 546.1
1069280 546.1
1069290 546.5
1069300 546.7
1069310 546.7
1069320 547.4
1069330 547.5
1069340 550.9
1069350 550.9
1069360 549.9
1069370 549.3
1069380 549.3
1069390 549.0
1069400 548.9
1069410 548.9
1069420 548.7
1069430 548.3
1069440 548.3
1069450 547.7
1069460 546.1
1069470 546.1
1069480 544.5
1069490 542.7
1069500 542.7
1069510 541.1
1069520 540.5
1069530 540.5
1069540 539.7
1069550 539.0
1069560 539.0
1069570 538.3
1069580 537.6
1069590 536.9
1069600 536.9
1069610 535.3
1069620 531.9
1069630 531.9
1069640 532.2
1069650 530.8
1069660 530.8
1069670 528.2
1069680 523.5
1069690 523.5
1069700 522.8
1069710 524.6
1069720 524.6
1069730 523.4
1069740 517.6
1069750 517.6
1069760 516.4
1069770 514.9
1069780 514.9
1069790 513.9
1069800 510.5
1069810 510.5
1069820 505.5
1069830 502.4
1069840 502.4
1069850 503.3
1069860 501.2
1069870 495.6
1069880 495.6
1069890 493.2
1069900 494.5
1069910 494.5
1069920 496.9
1069930 496.7
1069940 496.7
1069950 497.4
1069960 495.3
1069970 495.3
1069980 493.9
1069990 493.0
1070000 493.0
1070010 491.8
1070020 488.4
1070030 488.4
1070040 484.0
1070050 480.3
1070060 480.3
1070070 477.1
1070080 474.6
1070090 474.6
1070100 472.8
1070110 470.3
1070120 470.3
1070130 467.8
1070140 465.1
1070150 462.3
1070160 462.3
1070170 460.1
1070180 458.1
1070190 458.1
1070200 456.0
1070210 454.2
1070220 454.2
1070230 452.9
1070240 451.2
1070250 451.2
1070260 450.4
1070270 448.6
1070280 448.6
1070290 446.4
1070300 446.7
1070310 446.7
1070320 447.9
1070330 447.8
1070340 447.8
1070350 447.7
1070360 447.8
1070370 447.8
1070380 448.0
1070390 448.0
1070400 448.0
1070410 447.5
1070420 447.7
1070430 447.9
1070440 447.9
1070450 447.9
1070460 448.1
1070470 448.1
1070480 448.2
1070490 448.0
1070500 448.0
1070510 447.9
1070520 447.9
1070530 447.9
1070540 447.8
1070550 447.5
1070560 447.5
1070570 447.3
1070580 447.4
1070590 447.4
1070600 447.5
1070610 447.5
1070620 447.5
1070630 447.3
1070640 447.2
1070650 447.2
1070660 447.3
1070670 448.4
1070680 448.5
1070690 448.5
1070700 448.4
1070710 448.1
1070720 448.1
1070730 447.8
1070740 447.5
1070750 447.5
1070760 447.4
1070770 447.2
1070780 447.2
1070790 447.1
1070800 447.2
1070810 447.2
1070820 447.4
1070830 447.4
1070840 447.4
1070850 447.5
1070860 447.5
1070870 447.6
1070880 447.5
1070890 447.4
1070900 447.4
1070910 447.0
1070920 446.8
1070930 446.8
1070940 446.7
1070950 446.7
1070960 446.6
1070970 446.6
1070980 446.6
1070990 446.6
1071000 446.6
1071010 446.7
1071020 446.7
1071030 446.7
1071040 446.6
1071050 446.5
1071060 446.5
1071070 446.4
1071080 446.4
1071090 446.4
1071100 446.8
1071110 447.9
1071120 447.9
1071130 448.0
1071140 447.9
1071150 447.9
1071160 447.1
1071170 450.5
1071180 452.0
1071190 453.0
1071200 456.1
1071210 456.1
1071220 463.3
1071230 472.9
1071240 485.6
1071250 485.6
1071260 492.3
1071270 495.0
1071280 495.0
1071290 497.4
1071300 498.7
1071310 498.7
1071320 498.3
1071330 498.0
1071340 498.0
1071350 498.8
1071360 497.7
1071370 497.7
1071380 495.3
1071390 495.8
1071400 495.8
1071410 499.8
1071420 505.0
1071430 505.0
1071440 510.2
1071450 516.8
1071460 516.8
1071470 524.4
1071480 527.2
1071490 530.8
1071500 537.7
1071510 540.2
1071520 541.2
1071530 541.2
1071540 544.7
1071550 546.3
1071560 546.3
1071570 547.3
1071580 549.6
1071590 549.6
1071600 552.3
1071610 551.4
1071620 551.4
1071630 551.9
1071640 556.6
1071650 556.6
1071660 562.5
1071670 562.9
1071680 562.9
1071690 558.8
1071700 555.0
1071710 555.0
1071720 552.9
1071730 551.3
1071740 551.3
1071750 552.9
1071760 557.2
1071770 560.2
1071780 560.2
1071790 563.3
1071800 569.0
1071810 569.0
1071820 571.4
1071830 572.7
1071840 572.7
1071850 572.1
1071860 571.5
1071870 571.5
1071880 573.8
1071890 578.3
1071900 578.3
1071910 580.5
1071920 583.2
1071930 583.2
1071940 587.0
1071950 588.2
1071960 588.2
1071970 589.3
1071980 591.4
1071990 591.4
1072000 593.5
1072010 595.5
1072020 595.5
1072030 594.5
1072040 595.7
1072050 598.2
1072060 598.2
1072070 600.3
1072080 604.4
1072090 604.4
1072100 609.5
1072110 613.7
1072120 613.7
1072130 614.4
1072140 613.4
1072150 613.4
1072160 612.7
1072170 612.0
1072180 612.0
1072190 610.5
1072200 606.7
1072210 606.7
1072220 604.2
1072230 603.8
1072240 603.8
1072250 603.9
1072260 604.0
1072270 604.0
1072280 604.5
1072290 605.3
1072300 605.3
1072310 605.2
1072320 602.5
1072330 599.4
1072340 599.4
1072350 596.6
1072360 594.2
1072370 594.2
1072380 591.7
1072390 587.9
1072400 587.9
1072410 589.9
1072420 591.1
1072430 591.1
1072440 593.7
1072450 598.6
1072460 598.6
1072470 603.7
1072480 607.2
1072490 607.2
1072500 608.2
1072510 608.4
1072520 608.4
1072530 608.6
1072540 608.8
1072550 608.8
1072560 608.5
1072570 607.1
1072580 605.4
1072590 605.4
1072600 604.2
1072610 603.8
1072620 603.8
1072630 604.1
1072640 605.9
1072650 605.9
1072660 607.4
1072670 609.1
1072680 609.1
1072690 612.2
1072700 616.2
1072710 616.2
1072720 625.3
1072730 632.0
1072740 632.0
1072750 640.6
1072760 643.2
1072770 643.2
1072780 643.0
1072790 646.7
1072800 646.7
1072810 651.0
1072820 652.0
1072830 652.0
1072840 650.0
1072850 648.7
1072860 645.5
1072870 645.5
1072880 641.9
1072890 638.1
1072900 638.1
1072910 634.5
1072920 630.2
1072930 630.2
1072940 626.4
1072950 623.1
1072960 623.1
1072970 620.1
1072980 617.1
1072990 617.1
1073000 614.1
1073010 611.0
1073020 611.0
1073030 607.0
1073040 603.2
1073050 603.2
1073060 599.1
1073070 595.6
1073080 595.6
1073090 590.7
1073100 586.3
1073110 586.3
1073120 581.4
1073130 576.7
1073140 572.6
1073150 572.6
1073160 569.2
1073170 567.0
1073180 567.0
1073190 564.6
1073200 561.9
1073210 561.9
1073220 559.2
1073230 556.6
1073240 556.6
1073250 553.6
1073260 550.7
1073270 550.7
1073280 546.6
1073290 543.1
1073300 543.1
1073310 541.7
1073320 539.2
1073330 539.2
1073340 537.7
1073350 534.9
1073360 534.9
1073370 530.6
1073380 528.3
1073390 528.3
1073400 526.8
1073410 523.7
1073420 521.8
1073430 521.8
1073440 519.8
1073450 517.5
1073460 517.5
1073470 515.3
1073480 512.8
1073490 512.8
1073500 510.6
1073510 506.2
1073520 506.2
1073530 499.7
1073540 492.6
1073550 492.6
1073560 483.8
1073570 477.4
1073580 477.4
1073590 474.0
1073600 473.1
1073610 473.1
1073620 472.6
1073630 472.3
1073640 472.3
1073650 472.3
1073660 472.2
1073670 472.4
1073680 472.4
1073690 472.7
1073700 474.0
1073710 474.0
1073720 475.1
1073730 478.5
1073740 478.5
1073750 488.5
1073760 505.1
1073770 505.1
1073780 508.7
1073790 510.6
1073800 510.6
1073810 511.9
1073820 512.4
1073830 512.4
1073840 513.0
1073850 513.8
1073860 513.8
1073870 514.7
1073880 516.3
1073890 516.3
1073900 517.0
1073910 517.1
1073920 517.1
1073930 517.2
1073940 517.3
1073950 517.1
1073960 517.7
1073970 517.4
1073980 517.3
1073990 517.3
1074000 517.0
1074010 516.9
1074020 516.9
1074030 517.4
1074040 519.7
1074050 519.7
1074060 520.8
1074070 520.2
1074080 520.2
1074090 520.5
1074100 521.7
1074110 521.7
1074120 522.1
1074130 523.6
1074140 523.6
1074150 524.4
1074160 524.5
1074170 524.5
1074180 524.2
1074190 523.4
1074200 523.4
1074210 522.9
1074220 522.6
1074230 522.3
1074240 522.3
1074250 521.7
1074260 521.2
1074270 520.4
1074280 519.8
1074290 519.6
1074300 519.6
1074310 519.5
1074320 519.3
1074330 519.3
1074340 519.4
1074350 519.7
1074360 519.7
1074370 519.7
1074380 519.9
1074390 519.9
1074400 520.3
1074410 520.2
1074420 520.2
1074430 520.1
1074440 520.2
1074450 520.2
1074460 520.9
1074470 522.2
1074480 522.5
1074490 522.5
1074500 522.9
1074510 523.2
1074520 523.2
1074530 523.1
1074540 522.9
1074550 522.9
1074560 524.0
1074570 525.5
1074580 525.6
1074590 527.4
1074600 528.6
1074610 528.6
1074620 528.7
1074630 528.7
1074640 528.7
1074650 529.1
1074660 530.2
1074670 530.2
1074680 532.2
1074690 534.0
1074700 534.0
1074710 534.7
1074720 535.3
1074730 535.3
1074740 536.4
1074750 538.3
1074760 540.1
1074770 540.1
1074780 542.3
1074790 544.3
1074800 544.3
1074810 546.2
1074820 547.4
1074830 547.4
1074840 548.7
1074850 551.4
1074860 551.4
1074870 554.8
1074880 558.6
1074890 559.9
1074900 562.7
1074910 565.0
1074920 565.0
1074930 568.7
1074940 572.5
1074950 572.5
1074960 577.2
1074970 582.6
1074980 582.6
1074990 588.6
1075000 593.8
1075010 593.8
1075020 598.4
1075030 603.0
1075040 607.2
1075050 607.2
1075060 610.4
1075070 613.9
1075080 613.9
1075090 617.5
1075100 621.1
1075110 621.1
1075120 624.8
1075130 627.4
1075140 627.4
1075150 629.3
1075160 631.6
1075170 631.6
1075180 633.9
1075190 636.1
1075200 635.0
1075210 636.7
1075220 636.7
1075230 636.7
1075240 635.8
1075250 637.5
1075260 637.5
1075270 639.9
1075280 639.2
1075290 639.2
1075300 638.1
1075310 637.5
1075320 636.0
1075330 636.0
1075340 634.0
1075350 630.5
1075360 630.5
1075370 625.4
1075380 620.2
1075390 620.2
1075400 615.7
1075410 612.3
1075420 612.3
1075430 609.6
1075440 609.5
1075450 609.5
1075460 612.8
1075470 617.7
1075480 617.7
1075490 621.3
1075500 624.8
1075510 624.8
1075520 629.4
1075530 634.6
1075540 634.6
1075550 637.9
1075560 639.7
1075570 640.4
1075580 640.4
1075590 640.9
1075600 643.5
1075610 643.5
1075620 647.0
1075630 649.1
1075640 649.1
1075650 648.6
1075660 649.3
1075670 649.3
1075680 651.7
1075690 657.0
1075700 657.0
1075710 663.1
1075720 668.8
1075730 668.8
1075740 672.4
1075750 673.9
1075760 673.9
1075770 674.3
1075780 675.1
1075790 675.1
1075800 677.2
1075810 680.2
1075820 680.2
1075830 684.3
1075840 688.7
1075850 693.2
1075860 693.2
1075870 698.1
1075880 703.3
1075890 703.3
1075900 708.6
1075910 714.5
1075920 714.5
1075930 720.7
1075940 726.8
1075950 726.8
1075960 733.1
1075970 740.0
1075980 740.0
1075990 747.4
1076000 755.2
1076010 755.2
1076020 762.7
1076030 769.8
1076040 769.8
1076050 777.3
1076060 785.5
1076070 785.5
1076080 794.0
1076090 806.3
1076100 806.3
1076110 823.9
1076120 827.3
1076130 831.8
1076140 833.1
1076150 836.0
1076160 836.0
1076170 836.0
1076180 838.8
1076190 842.4
1076200 842.4
1076210 843.3
1076220 844.2
1076230 844.2
1076240 845.5
1076250 846.2
1076260 846.2
1076270 847.6
1076280 849.0
1076290 849.0
1076300 851.8
1076310 854.2
1076320 854.2
1076330 854.1
1076340 854.6
1076350 854.6
1076360 856.8
1076370 858.8
1076380 860.7
1076390 860.7
1076400 862.0
1076410 863.1
1076420 863.1
1076430 866.1
1076440 869.3
1076450 865.5
1076460 868.0
1076470 868.9
1076480 868.9
1076490 867.0
1076500 866.0
1076510 866.0
1076520 867.7
1076530 871.5
1076540 871.5
1076550 877.2
1076560 880.4
1076570 880.4
1076580 883.4
1076590 885.7
1076600 885.7
1076610 889.5
1076620 892.7
1076630 892.7
1076640 895.6
1076650 898.3
1076660 900.1
1076670 900.1
1076680 902.0
1076690 904.0
1076700 904.0
1076710 905.5
1076720 906.8
1076730 906.8
1076740 908.3
1076750 911.3
1076760 911.9
1076770 914.6
1076780 916.9
1076790 916.9
1076800 919.4
1076810 921.6
1076820 921.6
1076830 922.9
1076840 923.9
1076850 923.9
1076860 925.6
1076870 926.6
1076880 926.6
1076890 928.2
1076900 930.6
1076910 930.6
1076920 932.2
1076930 932.9
1076940 935.4
1076950 935.4
1076960 935.5
1076970 935.8
1076980 935.8
1076990 937.6
1077000 939.3
1077010 939.3
1077020 939.9
1077030 941.0
1077040 941.0
1077050 944.5
1077060 945.3
1077070 945.6
1077080 945.8
1077090 946.8
1077100 946.8
1077110 950.5
1077120 953.0
1077130 953.0
1077140 954.0
1077150 956.3
1077160 956.3
1077170 957.1
1077180 957.9
1077190 958.1
1077200 958.1
1077210 958.1
1077220 958.3
1077230 958.3
1077240 958.4
1077250 958.4
1077260 958.4
1077270 958.5
1077280 958.9
1077290 958.9
1077300 959.5
1077310 959.0
1077320 959.0
1077330 958.0
1077340 959.0
1077350 959.0
1077360 961.3
1077370 962.1
1077380 962.1
1077390 963.0
1077400 961.4
1077410 961.4
1077420 963.1
1077430 966.0
1077440 966.0
1077450 967.9
1077460 970.4
1077470 974.5
1077480 974.5
1077490 979.0
1077500 981.4
1077510 981.4
1077520 982.7
1077530 984.0
1077540 984.0
1077550 985.9
1077560 987.6
1077570 987.6
1077580 989.4
1077590 991.6
1077600 991.6
1077610 995.4
1077620 1000.1
1077630 1000.1
1077640 1004.9
1077650 1009.0
1077660 1009.0
1077670 1011.3
1077680 1013.5
1077690 1013.5
1077700 1017.9
1077710 1020.3
1077720 1020.3
1077730 1023.1
1077740 1025.6
1077750 1028.3
1077760 1028.3
1077770 1031.3
1077780 1034.2
1077790 1034.2
1077800 1037.0
1077810 1040.2
1077820 1040.2
1077830 1043.7
1077840 1044.1
1077850 1044.1
1077860 1045.3
1077870 1043.9
1077880 1043.9
1077890 1043.0
1077900 1042.1
1077910 1042.1
1077920 1041.9
1077930 1045.8
1077940 1045.8
1077950 1052.7
1077960 1061.1
1077970 1061.1
1077980 1065.0
1077990 1064.7
1078000 1064.7
1078010 1064.3
1078020 1064.3
1078030 1064.9
1078040 1064.9
1078050 1065.8
1078060 1067.0
1078070 1067.0
1078080 1068.4
1078090 1069.8
1078100 1069.8
1078110 1071.3
1078120 1073.2
1078130 1073.2
1078140 1075.2
1078150 1079.1
1078160 1079.1
1078170 1084.2
1078180 1088.4
1078190 1088.4
1078200 1090.6
1078210 1091.9
1078220 1091.9
1078230 1093.6
1078240 1095.8
1078250 1095.8
1078260 1098.1
1078270 1100.7
1078280 1102.9
1078290 1102.9
1078300 1105.6
1078310 1109.3
1078320 1109.3
1078330 1114.7
1078340 1117.9
1078350 1117.9
1078360 1119.2
1078370 1120.5
1078380 1120.5
1078390 1123.2
1078400 1127.0
1078410 1127.0
1078420 1130.4
1078430 1133.3
1078440 1133.3
1078450 1135.8
1078460 1138.5
1078470 1138.5
1078480 1141.1
1078490 1143.4
1078500 1143.4
1078510 1145.0
1078520 1145.9
1078530 1145.9
1078540 1146.1
1078550 1145.3
1078560 1145.0
1078570 1145.0
1078580 1144.7
1078590 1143.6
1078600 1143.6
1078610 1142.4
1078620 1141.0
1078630 1141.0
1078640 1141.4
1078650 1141.8
1078660 1141.8
1078670 1140.9
1078680 1139.6
1078690 1139.6
1078700 1138.6
1078710 1137.4
1078720 1137.4
1078730 1135.5
1078740 1134.1
1078750 1134.1
1078760 1132.3
1078770 1130.0
1078780 1130.0
1078790 1127.5
1078800 1124.3
1078810 1124.3
1078820 1120.7
1078830 1117.3
1078840 1114.7
1078850 1114.7
1078860 1111.9
1078870 1108.6
1078880 1108.6
1078890 1105.6
1078900 1103.8
1078910 1103.8
1078920 1101.3
1078930 1098.9
1078940 1098.9
1078950 1101.0
1078960 1099.3
1078970 1099.3
1078980 1098.6
1078990 1096.3
1079000 1096.3
1079010 1093.4
1079020 1089.7
1079030 1089.7
1079040 1086.8
1079050 1083.8
1079060 1083.8
1079070 1080.6
1079080 1077.8
1079090 1075.0
1079100 1075.0
1079110 1071.9
1079120 1068.9
1079130 1068.9
1079140 1065.6
1079150 1060.5
1079160 1060.5
1079170 1054.3
1079180 1048.6
1079190 1048.6
1079200 1043.7
1079210 1040.8
1079220 1040.8
1079230 1038.0
1079240 1035.0
1079250 1035.0
1079260 1031.9
1079270 1033.5
1079280 1033.5
1079290 1029.5
1079300 1025.7
1079310 1025.7
1079320 1022.0
1079330 1017.1
1079340 1017.1
1079350 1012.5
1079360 1007.9
1079370 1004.2
1079380 1004.2
1079390 1001.0
1079400 997.0
1079410 997.0
1079420 996.4
1079430 999.1
1079440 999.1
1079450 999.9
1079460 997.5
1079470 997.5
1079480 996.2
1079490 995.6
1079500 995.6
1079510 991.5
1079520 988.4
1079530 988.4
1079540 989.1
1079550 991.3
1079560 991.3
1079570 991.4
1079580 993.3
1079590 993.3
1079600 991.2
1079610 989.2
1079620 989.2
1079630 987.4
1079640 985.4
1079650 982.8
1079660 982.8
1079670 978.6
1079680 974.6
1079690 974.6
1079700 971.4
1079710 967.9
1079720 967.9
1079730 963.0
1079740 955.8
1079750 955.8
1079760 948.5
1079770 941.6
1079780 941.6
1079790 935.8
1079800 931.7
1079810 931.7
1079820 927.1
1079830 923.6
1079840 923.6
1079850 920.4
1079860 913.9
1079870 913.9
1079880 907.2
1079890 901.2
1079900 898.6
1079910 898.6
1079920 894.2
1079930 893.8
1079940 893.8
1079950 901.9
1079960 907.8
1079970 907.8
1079980 907.9
1079990 905.9
