1063550 430.2
1063560 430.2
1063570 430.1
1063580 430.1
1063590 430.2
1063600 430.2
1063610 430.4
1063620 430.5
1063630 430.5
1063640 430.6
1063650 430.6
1063660 430.6
1063670 430.7
1063680 430.8
1063690 430.8
1063700 430.9
1063710 431.1
1063720 431.1
1063730 431.2
1063740 431.2
1063750 431.2
1063760 431.3
1063770 431.5
1063780 431.5
1063790 431.7
1063800 432.2
1063810 432.2
1063820 431.8
1063830 431.7
1063840 431.7
1063850 431.7
1063860 431.6
1063870 432.1
1063880 432.1
1063890 432.5
1063900 432.8
1063910 432.8
1063920 432.6
1063930 432.3
1063940 432.3
1063950 432.3
1063960 432.3
1063970 432.3
1063980 432.3
1063990 432.3
1064000 432.3
1064010 432.4
1064020 432.6
1064030 432.6
1064040 432.6
1064050 432.7
1064060 432.7
1064070 432.8
1064080 432.9
1064090 432.9
1064100 433.0
1064110 433.1
1064120 433.2
1064130 433.2
1064140 433.3
1064150 433.6
1064160 433.6
1064170 433.7
1064180 433.9
1064190 433.9
1064200 434.2
1064210 434.3
1064220 434.3
1064230 434.4
1064240 434.6
1064250 434.6
1064260 434.6
1064270 434.7
1064280 434.7
1064290 434.7
1064300 434.8
1064310 434.8
1064320 434.8
1064330 434.9
1064340 434.9
1064350 435.0
1064360 435.0
1064370 435.0
1064380 435.0
1064390 435.1
1064400 435.2
1064410 435.2
1064420 435.4
1064430 435.6
1064440 435.6
1064450 435.8
1064460 435.9
1064470 435.9
1064480 435.9
1064490 435.8
1064500 435.8
1064510 435.8
1064520 435.9
1064530 435.9
1064540 436.0
1064550 436.0
1064560 436.0
1064570 436.0
1064580 436.1
1064590 436.1
1064600 436.2
1064610 436.3
1064620 436.2
1064630 436.3
1064640 436.4
1064650 436.4
1064660 436.4
1064670 436.5
1064680 436.6
1064690 436.6
1064700 436.6
1064710 436.8
1064720 436.8
1064730 436.8
1064740 436.7
1064750 436.7
1064760 436.7
1064770 436.8
1064780 436.8
1064790 436.7
1064800 436.8
1064810 436.8
1064820 436.8
1064830 436.9
1064840 436.9
1064850 436.9
1064860 437.0
1064870 437.0
1064880 437.1
1064890 437.0
1064900 437.0
1064910 437.0
1064920 437.0
1064930 437.1
1064940 437.1
1064950 437.1
1064960 437.1
1064970 437.1
1064980 437.1
1064990 437.2
1065000 437.2
1065010 437.4
1065020 437.8
1065030 437.8
1065040 438.7
1065050 440.5
1065060 440.5
1065070 443.6
1065080 446.4
1065090 446.4
1065100 448.1
1065110 450.1
1065120 450.1
1065130 452.5
1065140 454.1
1065150 454.1
1065160 456.1
1065170 459.0
1065180 459.0
1065190 463.0
1065200 468.7
1065210 473.8
1065220 473.8
1065230 481.3
1065240 481.9
1065250 481.9
1065260 481.5
1065270 481.1
1065280 481.1
1065290 480.7
1065300 481.1
1065310 481.1
1065320 483.2
1065330 486.1
1065340 486.1
1065350 488.4
1065360 489.4
1065370 489.4
1065380 491.9
1065390 494.5
1065400 494.5
1065410 496.2
1065420 498.7
1065430 498.7
1065440 502.6
1065450 505.4
1065460 508.9
1065470 508.9
1065480 510.8
1065490 512.4
1065500 512.4
1065510 514.2
1065520 515.3
1065530 518.5
1065540 519.2
1065550 519.0
1065560 519.0
1065570 516.3
1065580 514.1
1065590 514.1
1065600 513.4
1065610 513.0
1065620 513.0
1065630 512.6
1065640 512.4
1065650 512.4
1065660 512.2
1065670 511.8
1065680 511.8
1065690 511.3
1065700 510.8
1065710 510.8
1065720 510.4
1065730 510.6
1065740 511.0
1065750 511.0
1065760 511.3
1065770 511.4
1065780 511.4
1065790 511.5
1065800 511.9
1065810 511.9
1065820 512.6
1065830 513.5
1065840 516.3
1065850 516.8
1065860 517.7
1065870 517.7
1065880 518.3
1065890 518.7
1065900 518.7
1065910 519.0
1065920 518.9
1065930 518.9
1065940 518.2
1065950 516.9
1065960 516.9
1065970 515.7
1065980 514.9
1065990 514.9
1066000 514.0
1066010 512.8
1066020 511.0
1066030 511.0
1066040 509.7
1066050 507.8
1066060 507.8
1066070 506.0
1066080 501.7
1066090 501.7
1066100 498.7
1066110 498.0
1066120 498.0
1066130 497.7
1066140 501.3
1066150 501.3
1066160 501.8
1066170 500.8
1066180 500.8
1066190 499.4
1066200 498.5
1066210 498.5
1066220 497.3
1066230 498.5
1066240 498.5
1066250 499.6
1066260 499.4
1066270 498.1
1066280 498.1
1066290 498.2
1066300 483.5
1066310 483.5
1066320 456.6
1066330 455.0
1066340 455.0
1066350 450.5
1066360 450.2
1066370 450.2
1066380 449.9
1066390 449.7
1066400 449.7
1066410 449.1
1066420 448.6
1066430 448.6
1066440 450.1
1066450 452.6
1066460 452.6
1066470 451.2
1066480 448.0
1066490 448.0
1066500 446.5
1066510 445.5
1066520 445.5
1066530 445.4
1066540 445.4
1066550 445.5
1066560 445.5
1066570 445.6
1066580 445.6
1066590 445.6
1066600 445.6
1066610 446.4
1066620 446.4
1066630 446.5
1066640 446.4
1066650 446.4
1066660 446.2
1066670 446.1
1066680 446.1
1066690 446.1
1066700 445.9
1066710 445.9
1066720 445.9
1066730 445.9
1066740 445.9
1066750 446.0
1066760 447.6
1066770 447.6
1066780 449.1
1066790 447.0
1066800 447.0
1066810 445.3
1066820 443.0
1066830 440.0
1066840 440.0
1066850 439.9
1066860 441.5
1066870 441.5
1066880 446.3
1066890 447.3
1066900 447.3
1066910 442.5
1066920 441.0
1066930 441.0
1066940 444.5
1066950 447.7
1066960 447.7
1066970 447.5
1066980 447.5
1066990 447.5
1067000 447.4
1067010 447.3
1067020 447.3
1067030 447.0
1067040 446.5
1067050 446.6
1067060 446.3
1067070 446.1
1067080 446.0
1067090 446.0
1067100 445.9
1067110 445.9
1067120 445.9
1067130 446.0
1067140 445.9
1067150 445.9
1067160 445.9
1067170 445.8
1067180 445.8
1067190 445.7
1067200 445.6
1067210 445.6
1067220 445.7
1067230 445.8
1067240 445.8
1067250 445.8
1067260 445.8
1067270 445.8
1067280 445.8
1067290 446.0
1067300 446.0
1067310 446.1
1067320 446.3
1067330 446.3
1067340 446.3
1067350 446.3
1067360 446.2
1067370 446.2
1067380 446.0
1067390 445.9
1067400 445.9
1067410 445.9
1067420 445.8
1067430 445.8
1067440 445.8
1067450 445.8
1067460 445.8
1067470 445.9
1067480 445.8
1067490 445.8
1067500 445.8
1067510 445.9
1067520 445.9
1067530 445.8
1067540 445.9
1067550 445.9
1067560 446.0
1067570 446.1
1067580 446.1
1067590 446.2
1067600 446.2
1067610 446.2
1067620 446.2
1067630 446.1
1067640 446.1
1067650 446.1
1067660 445.9
1067670 446.0
1067680 446.0
1067690 446.0
1067700 446.1
1067710 446.1
1067720 446.0
1067730 446.1
1067740 446.1
1067750 446.5
1067760 446.6
1067770 446.6
1067780 446.6
1067790 445.9
1067800 445.9
1067810 446.5
1067820 446.9
1067830 446.9
1067840 446.7
1067850 446.5
1067860 446.5
1067870 446.5
1067880 446.5
1067890 446.8
1067900 446.8
1067910 446.7
1067920 446.7
1067930 446.7
1067940 446.9
1067950 447.2
1067960 447.2
1067970 447.2
1067980 447.4
1067990 447.4
1068000 447.1
1068010 446.9
1068020 446.9
1068030 446.4
1068040 446.8
1068050 446.8
1068060 451.6
1068070 456.6
1068080 456.6
1068090 460.3
1068100 464.2
1068110 464.2
1068120 467.7
1068130 469.8
1068140 469.8
1068150 470.4
1068160 471.3
1068170 474.0
1068180 474.0
1068190 477.6
1068200 481.4
1068210 481.4
1068220 486.4
1068230 492.3
1068240 492.3
1068250 498.8
1068260 505.8
1068270 507.2
1068280 514.7
1068290 523.0
1068300 523.0
1068310 531.4
1068320 547.1
1068330 547.1
1068340 573.3
1068350 577.2
1068360 577.2
1068370 579.2
1068380 581.8
1068390 581.8
1068400 585.8
1068410 588.9
1068420 588.9
1068430 591.5
1068440 593.5
1068450 595.9
1068460 595.9
1068470 599.1
1068480 601.1
1068490 601.1
1068500 601.8
1068510 601.9
1068520 601.9
1068530 602.9
1068540 604.4
1068550 604.4
1068560 605.4
1068570 605.9
1068580 606.7
1068590 607.4
1068600 608.1
1068610 608.1
1068620 606.9
1068630 604.9
1068640 604.9
1068650 602.6
1068660 604.1
1068670 604.1
1068680 608.4
1068690 613.3
1068700 616.5
1068710 616.5
1068720 617.0
1068730 618.0
1068740 618.0
1068750 619.3
1068760 620.8
1068770 620.8
1068780 623.5
1068790 624.8
1068800 624.8
1068810 625.7
1068820 626.6
1068830 626.6
1068840 627.2
1068850 628.0
1068860 628.0
1068870 628.4
1068880 629.0
1068890 630.0
1068900 630.8
1068910 631.0
1068920 631.0
1068930 630.9
1068940 630.7
1068950 630.7
1068960 630.3
1068970 629.6
1068980 629.0
1068990 629.0
1069000 628.2
1069010 627.2
1069020 627.2
1069030 626.0
1069040 624.4
1069050 624.4
1069060 623.2
1069070 622.5
1069080 622.5
1069090 621.7
1069100 620.8
1069110 620.8
1069120 619.6
1069130 618.2
1069140 618.2
1069150 616.9
1069160 615.6
1069170 615.6
1069180 614.5
1069190 612.6
1069200 612.6
1069210 611.1
1069220 608.8
1069230 608.8
1069240 606.9
1069250 605.7
1069260 605.1
1069270 605.1
1069280 604.7
1069290 604.3
1069300 604.3
1069310 603.9
1069320 603.7
1069330 603.7
1069340 603.5
1069350 603.2
1069360 603.2
1069370 602.7
1069380 602.0
1069390 602.0
1069400 601.2
1069410 600.6
1069420 600.6
1069430 599.9
1069440 598.7
1069450 598.7
1069460 597.0
1069470 595.3
1069480 595.3
1069490 593.1
1069500 589.7
1069510 588.5
1069520 588.5
1069530 586.6
1069540 580.5
1069550 580.5
1069560 573.2
1069570 568.2
1069580 568.2
1069590 564.0
1069600 560.0
1069610 560.0
1069620 556.6
1069630 553.2
1069640 553.2
1069650 547.2
1069660 538.0
1069670 538.0
1069680 528.4
1069690 520.5
1069700 520.5
1069710 513.7
1069720 506.2
1069730 506.2
1069740 498.4
1069750 484.1
1069760 484.1
1069770 470.9
1069780 463.2
1069790 457.8
1069800 457.8
1069810 452.7
1069820 452.0
1069830 452.0
1069840 450.6
1069850 450.3
1069860 450.3
1069870 450.3
1069880 450.3
1069890 450.3
1069900 450.3
1069910 450.3
1069920 450.3
1069930 450.1
1069940 450.1
1069950 450.1
1069960 450.1
1069970 450.1
1069980 450.1
1069990 450.0
1070000 449.9
1070010 449.9
1070020 449.9
1070030 449.9
1070040 449.9
1070050 449.9
1070060 450.0
1070070 449.9
1070080 449.9
1070090 449.8
1070100 449.6
1070110 449.6
1070120 449.6
1070130 449.4
1070140 449.4
1070150 449.2
1070160 449.4
1070170 449.4
1070180 449.5
1070190 449.4
1070200 449.4
1070210 449.5
1070220 449.9
1070230 449.9
1070240 450.1
1070250 450.0
1070260 450.0
1070270 450.0
1070280 449.9
1070290 449.9
1070300 450.0
1070310 449.9
1070320 449.9
1070330 450.1
1070340 449.9
1070350 449.7
1070360 449.7
1070370 449.8
1070380 449.8
1070390 449.8
1070400 449.9
1070410 449.9
1070420 449.9
1070430 450.0
1070440 449.9
1070450 449.9
1070460 450.1
1070470 450.1
1070480 450.1
1070490 450.1
1070500 449.6
1070510 449.6
1070520 449.0
1070530 449.1
1070540 449.1
1070550 449.0
1070560 449.8
1070570 449.8
1070580 450.2
1070590 449.8
1070600 450.1
1070610 450.1
1070620 450.0
1070630 449.4
1070640 449.4
1070650 449.4
1070660 449.2
1070670 449.2
1070680 449.4
1070690 449.6
1070700 449.6
1070710 449.7
1070720 450.0
1070730 450.7
1070740 453.0
1070750 460.0
1070760 460.0
1070770 469.4
1070780 483.4
1070790 483.4
1070800 491.3
1070810 493.7
1070820 493.7
1070830 494.9
1070840 495.2
1070850 495.2
1070860 495.5
1070870 497.5
1070880 501.1
1070890 501.1
1070900 504.5
1070910 508.8
1070920 508.8
1070930 512.3
1070940 514.2
1070950 514.2
1070960 516.1
1070970 519.2
1070980 519.2
1070990 521.4
1071000 522.7
1071010 522.7
1071020 527.2
1071030 531.4
1071040 529.4
1071050 532.1
1071060 534.2
1071070 534.2
1071080 536.6
1071090 539.6
1071100 539.6
1071110 542.2
1071120 545.0
1071130 545.0
1071140 547.7
1071150 550.1
1071160 552.3
1071170 552.3
1071180 555.0
1071190 557.4
1071200 557.4
1071210 560.0
1071220 563.6
1071230 563.6
1071240 567.3
1071250 571.2
1071260 571.2
1071270 576.1
1071280 582.2
1071290 582.2
1071300 589.2
1071310 596.2
1071320 596.2
1071330 602.8
1071340 613.4
1071350 613.4
1071360 619.3
1071370 625.0
1071380 625.0
1071390 630.0
1071400 634.3
1071410 638.7
1071420 638.7
1071430 644.2
1071440 649.7
1071450 649.7
1071460 654.2
1071470 658.7
1071480 658.7
1071490 663.5
1071500 669.4
1071510 669.4
1071520 677.1
1071530 685.7
1071540 685.7
1071550 689.8
1071560 691.9
1071570 691.9
1071580 691.9
1071590 691.1
1071600 691.1
1071610 692.1
1071620 692.0
1071630 692.0
1071640 691.6
1071650 692.7
1071660 692.7
1071670 693.3
1071680 693.1
1071690 691.1
1071700 691.1
1071710 691.0
1071720 690.4
1071730 690.4
1071740 689.6
1071750 688.3
1071760 688.3
1071770 686.4
1071780 685.3
1071790 685.3
1071800 687.1
1071810 687.8
1071820 687.8
1071830 687.9
1071840 687.1
1071850 687.1
1071860 686.5
1071870 687.1
1071880 687.1
1071890 688.3
1071900 690.1
1071910 690.1
1071920 691.9
1071930 693.8
1071940 693.8
1071950 696.0
1071960 701.5
1071970 701.7
1071980 701.7
1071990 702.9
1072000 705.6
1072010 705.6
1072020 708.5
1072030 712.3
1072040 712.3
1072050 717.6
1072060 721.6
1072070 721.6
1072080 725.3
1072090 727.0
1072100 727.0
1072110 730.0
1072120 732.2
1072130 732.2
1072140 734.8
1072150 736.7
1072160 736.7
1072170 737.9
1072180 738.8
1072190 738.8
1072200 740.1
1072210 742.2
1072220 742.9
1072230 742.9
1072240 745.0
1072250 747.4
1072260 747.4
1072270 748.8
1072280 749.3
1072290 749.3
1072300 749.2
1072310 749.2
1072320 749.2
1072330 749.3
1072340 749.1
1072350 749.1
1072360 748.5
1072370 748.1
1072380 748.1
1072390 748.4
1072400 749.4
1072410 749.4
1072420 750.2
1072430 750.4
1072440 750.4
1072450 750.4
1072460 750.0
1072470 750.0
1072480 748.9
1072490 747.2
1072500 746.0
1072510 746.0
1072520 745.4
1072530 745.1
1072540 745.1
1072550 743.9
1072560 742.2
1072570 742.2
1072580 740.4
1072590 738.9
1072600 738.9
1072610 738.0
1072620 736.3
1072630 736.3
1072640 734.2
1072650 731.7
1072660 731.7
1072670 728.7
1072680 724.6
1072690 724.6
1072700 720.4
1072710 716.3
1072720 716.3
1072730 710.4
1072740 702.7
1072750 702.7
1072760 696.5
1072770 692.1
1072780 686.6
1072790 686.6
1072800 681.3
1072810 675.1
1072820 675.1
1072830 669.8
1072840 664.2
1072850 664.2
1072860 658.7
1072870 652.6
1072880 652.6
1072890 645.8
1072900 640.7
1072910 640.7
1072920 634.7
1072930 630.3
1072940 630.3
1072950 627.0
1072960 623.9
1072970 623.9
1072980 619.9
1072990 616.7
1073000 616.7
1073010 612.6
1073020 609.3
1073030 604.6
1073040 604.6
1073050 600.5
1073060 596.3
1073070 596.3
1073080 592.9
1073090 588.7
1073100 588.7
1073110 582.8
1073120 577.8
1073130 577.8
1073140 574.1
1073150 571.8
1073160 571.8
1073170 569.0
1073180 566.1
1073190 566.1
1073200 563.3
1073210 560.8
1073220 560.8
1073230 559.1
1073240 557.7
1073250 557.7
1073260 556.3
1073270 555.1
1073280 555.1
1073290 553.2
1073300 548.8
1073310 545.3
1073320 545.3
1073330 542.7
1073340 538.7
1073350 538.7
1073360 533.2
1073370 529.6
1073380 529.6
1073390 526.6
1073400 524.0
1073410 524.0
1073420 520.8
1073430 518.8
1073440 518.8
1073450 517.3
1073460 515.1
1073470 515.1
1073480 513.2
1073490 511.5
1073500 511.5
1073510 509.2
1073520 508.6
1073530 508.6
1073540 508.0
1073550 506.6
1073560 506.6
1073570 504.6
1073580 501.2
1073590 498.6
1073600 498.6
1073610 496.7
1073620 493.7
1073630 493.7
1073640 486.1
1073650 482.4
1073660 482.4
1073670 482.2
1073680 486.3
1073690 486.3
1073700 489.1
1073710 488.1
1073720 488.1
1073730 482.5
1073740 482.3
1073750 482.3
1073760 484.2
1073770 487.6
1073780 487.6
1073790 493.5
1073800 497.5
1073810 497.5
1073820 500.9
1073830 502.9
1073840 504.3
1073850 504.3
1073860 505.1
1073870 506.5
1073880 506.5
1073890 508.1
1073900 508.5
1073910 508.5
1073920 507.9
1073930 508.2
1073940 508.2
1073950 509.7
1073960 510.5
1073970 510.5
1073980 511.0
1073990 510.2
1074000 510.2
1074010 508.5
1074020 504.2
1074030 504.2
1074040 499.8
1074050 496.7
1074060 496.7
1074070 494.3
1074080 492.3
1074090 492.3
1074100 491.2
1074110 490.6
1074120 490.3
1074130 490.2
1074140 490.4
1074150 490.7
1074160 490.7
1074170 490.9
1074180 491.2
1074190 491.2
1074200 491.3
1074210 491.4
1074220 491.4
1074230 491.7
1074240 492.0
1074250 492.0
1074260 492.5
1074270 493.1
1074280 493.1
1074290 493.6
1074300 494.0
1074310 494.0
1074320 494.0
1074330 494.4
1074340 494.4
1074350 494.7
1074360 494.9
1074370 494.9
1074380 495.1
1074390 495.3
1074400 495.5
1074410 495.5
1074420 495.9
1074430 496.2
1074440 496.1
1074450 496.3
1074460 496.6
1074470 496.6
1074480 496.8
1074490 497.0
1074500 497.0
1074510 497.2
1074520 497.4
1074530 497.4
1074540 497.7
1074550 498.0
1074560 498.0
1074570 498.3
1074580 498.6
1074590 498.6
1074600 499.0
1074610 499.3
1074620 499.3
1074630 499.8
1074640 500.2
1074650 500.7
1074660 500.7
1074670 501.2
1074680 501.6
1074690 501.6
1074700 502.1
1074710 502.7
1074720 502.7
1074730 503.5
1074740 504.1
1074750 503.7
1074760 504.6
1074770 505.1
1074780 505.1
1074790 505.9
1074800 506.0
1074810 506.0
1074820 504.3
1074830 504.6
1074840 504.6
1074850 507.7
1074860 509.1
1074870 509.1
1074880 510.1
1074890 510.8
1074900 510.8
1074910 510.6
1074920 510.9
1074930 511.8
1074940 511.8
1074950 513.5
1074960 515.9
1074970 515.9
1074980 517.6
1074990 519.6
1075000 519.6
1075010 522.4
1075020 524.1
1075030 524.1
1075040 523.8
1075050 523.7
1075060 526.4
1075070 526.1
1075080 530.7
1075090 530.7
1075100 538.0
1075110 544.8
1075120 544.8
1075130 552.1
1075140 558.4
1075150 558.4
1075160 563.2
1075170 568.3
1075180 568.3
1075190 573.6
1075200 578.2
1075210 582.8
1075220 582.8
1075230 587.5
1075240 591.8
1075250 591.8
1075260 596.4
1075270 601.2
1075280 601.2
1075290 605.4
1075300 609.4
1075310 609.4
1075320 613.5
1075330 617.4
1075340 617.4
1075350 621.2
1075360 624.3
1075370 626.5
1075380 629.5
1075390 633.0
1075400 633.0
1075410 636.2
1075420 638.5
1075430 638.5
1075440 641.1
1075450 643.3
1075460 644.8
1075470 644.8
1075480 647.4
1075490 652.6
1075500 652.6
1075510 659.1
1075520 664.6
1075530 664.6
1075540 667.3
1075550 670.8
1075560 670.8
1075570 672.2
1075580 673.6
1075590 673.6
1075600 674.9
1075610 675.8
1075620 675.8
1075630 677.1
1075640 678.8
1075650 678.8
1075660 679.9
1075670 680.5
1075680 681.5
1075690 682.7
1075700 684.4
1075710 684.4
1075720 686.3
1075730 688.9
1075740 691.7
1075750 691.7
1075760 694.8
1075770 698.9
1075780 698.9
1075790 702.1
1075800 706.2
1075810 706.2
1075820 710.6
1075830 715.8
1075840 715.8
1075850 721.2
1075860 726.8
1075870 726.8
1075880 732.9
1075890 739.4
1075900 739.4
1075910 746.2
1075920 753.3
1075930 753.3
1075940 760.9
1075950 768.7
1075960 768.7
1075970 776.8
1075980 785.3
1075990 783.3
1076000 792.1
1076010 802.5
1076020 817.9
1076030 817.9
1076040 826.2
1076050 837.3
1076060 837.3
1076070 839.5
1076080 839.7
1076090 839.7
1076100 839.6
1076110 840.8
1076120 840.8
1076130 845.2
1076140 849.6
1076150 849.6
1076160 852.6
1076170 855.0
1076180 855.0
1076190 856.7
1076200 858.5
1076210 858.5
1076220 861.7
1076230 864.9
1076240 864.9
1076250 866.0
1076260 865.9
1076270 866.4
1076280 866.4
1076290 867.4
1076300 865.8
1076310 865.8
1076320 866.7
1076330 868.1
1076340 868.1
1076350 869.9
1076360 871.6
1076370 871.6
1076380 873.5
1076390 875.0
1076400 875.0
1076410 876.4
1076420 878.0
1076430 878.0
1076440 879.4
1076450 880.2
1076460 880.2
1076470 880.4
1076480 881.1
1076490 881.1
1076500 882.5
1076510 884.9
1076520 884.9
1076530 886.5
1076540 888.4
1076550 890.1
1076560 890.1
1076570 891.9
1076580 892.9
1076590 892.9
1076600 894.4
1076610 896.2
1076620 896.2
1076630 896.2
1076640 896.7
1076650 896.7
1076660 896.7
1076670 897.0
1076680 897.0
1076690 897.4
1076700 897.7
1076710 897.7
1076720 898.2
1076730 899.6
1076740 899.6
1076750 900.8
1076760 901.4
1076770 901.4
1076780 901.9
1076790 902.0
1076800 902.2
1076810 902.2
1076820 902.5
1076830 903.1
1076840 903.1
1076850 903.9
1076860 905.1
1076870 905.1
1076880 907.0
1076890 910.0
1076900 910.0
1076910 913.2
1076920 916.7
1076930 915.1
1076940 918.2
1076950 920.4
1076960 920.4
1076970 922.8
1076980 926.7
1076990 926.7
1077000 933.0
1077010 940.7
1077020 940.7
1077030 949.1
1077040 955.6
1077050 955.6
1077060 959.2
1077070 965.7
1077080 968.3
1077090 968.3
1077100 970.6
1077110 974.0
1077120 974.0
1077130 979.7
1077140 984.9
1077150 984.9
1077160 991.0
1077170 997.3
1077180 997.3
1077190 1000.5
1077200 1000.9
1077210 1000.9
1077220 1001.3
1077230 1002.9
1077240 1000.3
1077250 1002.7
1077260 1004.5
1077270 1004.5
1077280 1005.8
1077290 1007.5
1077300 1007.5
1077310 1008.3
1077320 1009.2
1077330 1009.2
1077340 1010.0
1077350 1010.8
1077360 1011.6
1077370 1011.6
1077380 1011.9
1077390 1012.0
1077400 1012.0
1077410 1012.0
1077420 1011.8
1077430 1011.8
1077440 1011.6
1077450 1011.6
1077460 1011.6
1077470 1012.3
1077480 1013.5
1077490 1013.5
1077500 1013.9
1077510 1014.2
1077520 1014.2
1077530 1015.3
1077540 1016.0
1077550 1015.5
1077560 1015.7
1077570 1015.7
1077580 1015.7
1077590 1015.3
1077600 1015.0
1077610 1015.0
1077620 1015.0
1077630 1015.7
1077640 1016.0
1077650 1016.0
1077660 1015.7
1077670 1015.5
1077680 1015.5
1077690 1016.1
1077700 1019.1
1077710 1019.1
1077720 1024.9
1077730 1029.8
1077740 1029.8
1077750 1031.4
1077760 1031.8
1077770 1031.8
1077780 1031.9
1077790 1032.0
1077800 1032.0
1077810 1031.7
1077820 1030.9
1077830 1030.9
1077840 1029.5
1077850 1028.3
1077860 1027.4
1077870 1026.8
1077880 1026.5
1077890 1026.9
1077900 1026.9
1077910 1027.7
1077920 1028.7
1077930 1028.7
1077940 1030.9
1077950 1031.8
1077960 1031.8
1077970 1030.8
1077980 1030.1
1077990 1030.1
1078000 1030.8
1078010 1032.3
1078020 1032.3
1078030 1034.2
1078040 1036.4
1078050 1036.4
1078060 1038.7
1078070 1040.7
1078080 1040.7
1078090 1043.1
1078100 1045.4
1078110 1045.4
1078120 1048.8
1078130 1051.5
1078140 1051.5
1078150 1054.9
1078160 1059.5
1078170 1062.7
1078180 1061.6
1078190 1065.7
1078200 1070.6
1078210 1070.6
1078220 1074.9
1078230 1078.5
1078240 1078.5
1078250 1082.1
1078260 1085.5
1078270 1085.5
1078280 1088.5
1078290 1091.1
1078300 1091.1
1078310 1093.6
1078320 1097.0
1078330 1097.0
1078340 1100.6
1078350 1104.4
1078360 1104.4
1078370 1108.2
1078380 1111.6
1078390 1111.6
1078400 1114.9
1078410 1118.2
1078420 1120.8
1078430 1120.8
1078440 1122.6
1078450 1124.3
1078460 1124.3
1078470 1125.8
1078480 1126.1
1078490 1123.0
1078500 1123.2
1078510 1123.9
1078520 1123.9
1078530 1125.3
1078540 1126.6
1078550 1126.6
1078560 1127.1
1078570 1127.0
1078580 1127.0
1078590 1126.8
1078600 1126.3
1078610 1126.3
1078620 1126.5
1078630 1128.0
1078640 1128.0
1078650 1129.4
1078660 1130.7
1078670 1130.7
1078680 1132.2
1078690 1134.8
1078700 1136.3
1078710 1136.3
1078720 1137.0
1078730 1137.8
1078740 1137.8
1078750 1138.7
1078760 1140.2
1078770 1140.2
1078780 1142.2
1078790 1144.7
1078800 1144.4
1078810 1147.2
1078820 1150.1
1078830 1150.1
1078840 1153.7
1078850 1157.1
1078860 1157.1
1078870 1160.4
1078880 1163.6
1078890 1163.6
1078900 1166.0
1078910 1167.8
1078920 1167.8
1078930 1168.8
1078940 1169.6
1078950 1169.6
1078960 1170.1
1078970 1171.0
1078980 1172.1
1078990 1172.1
1079000 1174.3
1079010 1175.9
1079020 1175.9
1079030 1176.9
1079040 1177.9
1079050 1177.9
1079060 1179.4
1079070 1181.6
1079080 1181.6
1079090 1184.2
1079100 1186.6
1079110 1186.6
1079120 1190.9
1079130 1190.6
1079140 1190.6
1079150 1189.6
1079160 1188.4
1079170 1188.4
1079180 1188.0
1079190 1189.7
1079200 1189.7
1079210 1190.8
1079220 1188.9
1079230 1185.6
1079240 1185.6
1079250 1182.5
1079260 1180.1
1079270 1180.1
1079280 1178.1
1079290 1176.1
1079300 1176.1
1079310 1173.0
1079320 1170.1
1079330 1170.1
1079340 1165.9
1079350 1162.4
1079360 1162.4
1079370 1159.7
1079380 1158.0
1079390 1158.0
1079400 1156.3
1079410 1154.0
1079420 1154.0
1079430 1158.3
1079440 1156.7
1079450 1156.7
1079460 1156.2
1079470 1156.2
1079480 1156.2
1079490 1155.7
1079500 1155.4
1079510 1154.0
1079520 1154.0
1079530 1151.3
1079540 1148.3
1079550 1148.3
1079560 1144.9
1079570 1142.2
1079580 1142.2
1079590 1139.9
1079600 1138.3
1079610 1138.3
1079620 1137.2
1079630 1136.4
1079640 1136.4
1079650 1136.7
1079660 1136.5
1079670 1136.5
1079680 1134.1
1079690 1129.0
1079700 1129.0
1079710 1123.7
1079720 1117.6
1079730 1117.6
1079740 1110.7
1079750 1110.2
1079760 1110.2
1079770 1102.6
1079780 1093.9
1079790 1085.7
1079800 1085.7
1079810 1078.8
1079820 1071.9
1079830 1071.9
1079840 1064.9
1079850 1058.5
1079860 1058.5
1079870 1058.5
1079880 1066.0
1079890 1066.0
1079900 1070.0
1079910 1068.7
1079920 1068.7
1079930 1063.7
1079940 1065.3
1079950 1065.3
1079960 1072.5
1079970 1079.6
1079980 1079.6
1079990 1086.5
