1061770 430.6
1061780 430.6
1061790 430.6
1061800 430.6
1061810 430.7
1061820 430.7
1061830 430.7
1061840 430.8
1061850 430.8
1061860 430.8
1061870 430.6
1061880 430.5
1061890 430.4
1061900 430.4
1061910 430.4
1061920 429.9
1061930 429.9
1061940 429.2
1061950 429.8
1061960 429.8
1061970 430.0
1061980 430.2
1061990 430.2
1062000 430.0
1062010 429.8
1062020 429.7
1062030 429.7
1062040 429.7
1062050 429.6
1062060 429.6
1062070 429.5
1062080 429.4
1062090 429.4
1062100 429.4
1062110 429.4
1062120 429.4
1062130 429.6
1062140 429.6
1062150 429.5
1062160 429.5
1062170 429.6
1062180 429.7
1062190 429.7
1062200 429.7
1062210 429.8
1062220 429.8
1062230 429.9
1062240 430.0
1062250 430.0
1062260 430.0
1062270 430.1
1062280 430.1
1062290 430.1
1062300 430.1
1062310 430.2
1062320 430.2
1062330 430.2
1062340 430.3
1062350 430.3
1062360 430.3
1062370 430.4
1062380 430.4
1062390 430.4
1062400 430.5
1062410 430.6
1062420 430.6
1062430 430.5
1062440 430.6
1062450 430.6
1062460 430.7
1062470 430.7
1062480 430.7
1062490 430.7
1062500 430.8
1062510 430.8
1062520 430.8
1062530 430.9
1062540 431.0
1062550 431.0
1062560 431.0
1062570 431.0
1062580 431.0
1062590 431.0
1062600 431.0
1062610 431.0
1062620 431.1
1062630 431.2
1062640 431.2
1062650 431.2
1062660 431.2
1062670 431.5
1062680 431.5
1062690 432.2
1062700 431.7
1062710 431.7
1062720 431.2
1062730 431.2
1062740 431.2
1062750 431.2
1062760 431.3
1062770 431.3
1062780 431.3
1062790 431.2
1062800 431.2
1062810 431.2
1062820 431.3
1062830 431.4
1062840 431.4
1062850 431.5
1062860 431.6
1062870 431.6
1062880 431.6
1062890 431.7
1062900 431.7
1062910 431.7
1062920 431.8
1062930 431.8
1062940 431.8
1062950 431.7
1062960 431.7
1062970 431.7
1062980 431.7
1062990 431.7
1063000 431.7
1063010 431.7
1063020 431.8
1063030 431.8
1063040 431.8
1063050 431.8
1063060 431.8
1063070 431.8
1063080 431.8
1063090 431.8
1063100 431.8
1063110 431.8
1063120 431.8
1063130 431.8
1063140 431.8
1063150 431.8
1063160 431.8
1063170 431.7
1063180 431.7
1063190 431.7
1063200 431.9
1063210 431.8
1063220 431.9
1063230 431.9
1063240 432.0
1063250 432.0
1063260 432.0
1063270 432.0
1063280 431.9
1063290 431.9
1063300 431.9
1063310 431.9
1063320 431.9
1063330 431.9
1063340 431.9
1063350 431.9
1063360 431.9
1063370 432.0
1063380 432.0
1063390 432.0
1063400 432.0
1063410 432.0
1063420 432.0
1063430 431.9
1063440 431.9
1063450 432.1
1063460 432.1
1063470 431.9
1063480 431.9
1063490 431.9
1063500 431.9
1063510 431.9
1063520 432.0
1063530 432.1
1063540 432.1
1063550 432.3
1063560 432.4
1063570 432.4
1063580 432.4
1063590 432.5
1063600 432.5
1063610 432.6
1063620 432.7
1063630 432.7
1063640 432.6
1063650 432.6
1063660 432.6
1063670 432.5
1063680 432.7
1063690 432.6
1063700 432.7
1063710 433.0
1063720 433.0
1063730 433.2
1063740 433.3
1063750 433.2
1063760 433.2
1063770 432.9
1063780 432.9
1063790 432.9
1063800 433.0
1063810 433.0
1063820 433.0
1063830 433.1
1063840 433.2
1063850 433.2
1063860 433.2
1063870 433.2
1063880 433.2
1063890 433.2
1063900 433.2
1063910 433.2
1063920 433.4
1063930 433.4
1063940 433.4
1063950 433.4
1063960 433.5
1063970 433.5
1063980 433.3
1063990 435.2
1064000 435.2
1064010 436.0
1064020 435.2
1064030 436.0
1064040 436.0
1064050 437.6
1064060 436.7
1064070 436.7
1064080 438.1
1064090 435.5
1064100 435.5
1064110 435.1
1064120 435.6
1064130 435.6
1064140 435.2
1064150 435.3
1064160 435.3
1064170 435.3
1064180 435.3
1064190 435.3
1064200 435.3
1064210 435.5
1064220 435.5
1064230 435.4
1064240 435.2
1064250 435.2
1064260 434.9
1064270 434.9
1064280 434.9
1064290 434.9
1064300 435.7
1064310 436.2
1064320 436.2
1064330 435.4
1064340 435.4
1064350 435.4
1064360 435.5
1064370 435.5
1064380 435.5
1064390 436.4
1064400 436.3
1064410 436.3
1064420 435.6
1064430 435.7
1064440 435.7
1064450 435.8
1064460 435.9
1064470 435.9
1064480 436.0
1064490 436.1
1064500 436.1
1064510 436.2
1064520 436.4
1064530 436.4
1064540 436.4
1064550 436.3
1064560 436.3
1064570 436.3
1064580 436.3
1064590 436.3
1064600 436.3
1064610 436.2
1064620 436.2
1064630 436.2
1064640 436.4
1064650 436.5
1064660 436.5
1064670 436.5
1064680 436.5
1064690 436.5
1064700 436.5
1064710 436.3
1064720 436.3
1064730 436.3
1064740 436.4
1064750 436.4
1064760 436.5
1064770 436.4
1064780 436.4
1064790 436.5
1064800 436.6
1064810 436.6
1064820 436.8
1064830 437.1
1064840 437.1
1064850 437.1
1064860 437.0
1064870 436.9
1064880 436.9
1064890 436.9
1064900 437.3
1064910 437.3
1064920 437.1
1064930 437.2
1064940 437.2
1064950 437.7
1064960 438.3
1064970 438.3
1064980 438.0
1064990 437.2
1065000 437.2
1065010 437.1
1065020 437.1
1065030 437.1
1065040 437.1
1065050 437.2
1065060 437.2
1065070 437.3
1065080 437.3
1065090 437.3
1065100 437.4
1065110 437.4
1065120 437.6
1065130 437.6
1065140 438.0
1065150 438.1
1065160 438.1
1065170 438.0
1065180 437.8
1065190 437.8
1065200 437.8
1065210 437.9
1065220 437.9
1065230 438.0
1065240 438.2
1065250 438.2
1065260 438.0
1065270 438.0
1065280 438.0
1065290 438.1
1065300 438.2
1065310 438.2
1065320 438.3
1065330 438.4
1065340 438.4
1065350 438.6
1065360 438.6
1065370 438.6
1065380 438.7
1065390 439.0
1065400 439.2
1065410 439.2
1065420 439.2
1065430 439.2
1065440 439.2
1065450 439.2
1065460 439.0
1065470 439.0
1065480 439.2
1065490 439.3
1065500 439.4
1065510 439.6
1065520 439.5
1065530 439.5
1065540 439.3
1065550 439.2
1065560 439.2
1065570 439.3
1065580 439.4
1065590 439.4
1065600 439.4
1065610 439.5
1065620 439.5
1065630 439.6
1065640 439.7
1065650 439.7
1065660 439.7
1065670 439.7
1065680 439.6
1065690 439.6
1065700 439.5
1065710 439.5
1065720 439.5
1065730 439.6
1065740 439.6
1065750 439.6
1065760 439.8
1065770 440.0
1065780 440.0
1065790 440.0
1065800 439.7
1065810 439.7
1065820 439.7
1065830 439.8
1065840 439.8
1065850 439.8
1065860 439.9
1065870 439.9
1065880 439.9
1065890 440.0
1065900 440.0
1065910 440.1
1065920 440.2
1065930 440.4
1065940 440.4
1065950 440.6
1065960 440.7
1065970 440.7
1065980 440.8
1065990 440.9
1066000 440.9
1066010 441.2
1066020 441.6
1066030 441.6
1066040 440.1
1066050 440.3
1066060 440.3
1066070 440.6
1066080 441.1
1066090 441.1
1066100 441.4
1066110 441.5
1066120 441.5
1066130 441.6
1066140 441.6
1066150 441.6
1066160 441.4
1066170 442.3
1066180 442.3
1066190 444.7
1066200 444.3
1066210 442.1
1066220 442.1
1066230 441.3
1066240 437.5
1066250 437.5
1066260 435.7
1066270 437.0
1066280 437.0
1066290 440.6
1066300 442.3
1066310 442.3
1066320 445.1
1066330 444.0
1066340 444.0
1066350 441.2
1066360 440.5
1066370 440.5
1066380 441.2
1066390 441.5
1066400 441.5
1066410 441.1
1066420 441.3
1066430 441.3
1066440 441.8
1066450 441.7
1066460 441.7
1066470 442.0
1066480 441.7
1066490 440.7
1066500 440.7
1066510 440.6
1066520 440.6
1066530 440.6
1066540 440.6
1066550 440.6
1066560 440.6
1066570 440.6
1066580 440.7
1066590 440.7
1066600 440.6
1066610 440.6
1066620 440.6
1066630 440.6
1066640 440.6
1066650 440.6
1066660 440.5
1066670 440.4
1066680 440.4
1066690 440.3
1066700 440.3
1066710 440.3
1066720 440.3
1066730 440.3
1066740 440.3
1066750 440.3
1066760 440.3
1066770 440.3
1066780 440.3
1066790 441.3
1066800 441.2
1066810 441.2
1066820 440.9
1066830 441.0
1066840 441.0
1066850 441.0
1066860 440.9
1066870 440.9
1066880 440.9
1066890 440.9
1066900 440.9
1066910 440.9
1066920 440.8
1066930 440.8
1066940 440.8
1066950 440.8
1066960 440.8
1066970 440.7
1066980 440.4
1066990 440.4
1067000 440.4
1067010 440.4
1067020 440.3
1067030 440.4
1067040 440.5
1067050 440.9
1067060 440.9
1067070 441.0
1067080 441.0
1067090 441.0
1067100 441.1
1067110 442.0
1067120 442.0
1067130 442.2
1067140 441.6
1067150 441.6
1067160 441.2
1067170 441.4
1067180 441.4
1067190 441.7
1067200 441.7
1067210 441.7
1067220 441.6
1067230 441.4
1067240 441.4
1067250 441.5
1067260 441.7
1067270 441.7
1067280 441.7
1067290 441.6
1067300 441.6
1067310 441.6
1067320 441.6
1067330 441.6
1067340 441.6
1067350 441.6
1067360 441.5
1067370 441.5
1067380 441.5
1067390 441.3
1067400 441.3
1067410 441.3
1067420 441.4
1067430 441.4
1067440 441.4
1067450 442.1
1067460 442.1
1067470 442.0
1067480 441.7
1067490 441.7
1067500 441.6
1067510 441.8
1067520 441.8
1067530 441.7
1067540 441.5
1067550 441.5
1067560 441.5
1067570 441.5
1067580 441.5
1067590 441.5
1067600 441.4
1067610 441.3
1067620 441.3
1067630 441.2
1067640 441.2
1067650 441.2
1067660 441.0
1067670 441.0
1067680 441.0
1067690 440.9
1067700 441.1
1067710 441.1
1067720 441.1
1067730 441.1
1067740 441.1
1067750 441.0
1067760 441.0
1067770 441.0
1067780 441.0
1067790 441.0
1067800 441.0
1067810 441.4
1067820 441.5
1067830 441.5
1067840 442.2
1067850 441.6
1067860 441.1
1067870 441.1
1067880 441.2
1067890 441.3
1067900 441.3
1067910 441.0
1067920 441.2
1067930 441.2
1067940 441.5
1067950 441.5
1067960 441.5
1067970 441.5
1067980 441.3
1067990 441.3
1068000 441.1
1068010 441.5
1068020 441.5
1068030 441.1
1068040 441.1
1068050 441.1
1068060 441.0
1068070 441.2
1068080 441.2
1068090 442.3
1068100 441.4
1068110 441.4
1068120 441.3
1068130 441.3
1068140 441.2
1068150 441.2
1068160 441.2
1068170 441.0
1068180 441.0
1068190 440.8
1068200 440.9
1068210 440.9
1068220 440.9
1068230 440.9
1068240 440.9
1068250 440.8
1068260 440.8
1068270 440.8
1068280 440.8
1068290 440.5
1068300 440.5
1068310 440.7
1068320 440.6
1068330 440.6
1068340 440.5
1068350 440.5
1068360 440.5
1068370 440.5
1068380 440.5
1068390 440.3
1068400 440.3
1068410 440.1
1068420 440.0
1068430 440.0
1068440 440.0
1068450 440.0
1068460 440.0
1068470 440.0
1068480 440.1
1068490 440.1
1068500 440.3
1068510 440.4
1068520 440.4
1068530 440.6
1068540 441.1
1068550 440.9
1068560 441.4
1068570 441.3
1068580 441.3
1068590 440.7
1068600 440.7
1068610 440.7
1068620 440.9
1068630 440.8
1068640 440.8
1068650 440.5
1068660 440.7
1068670 440.7
1068680 440.7
1068690 440.7
1068700 440.7
1068710 440.7
1068720 440.5
1068730 440.4
1068740 440.4
1068750 440.4
1068760 440.4
1068770 440.4
1068780 440.3
1068790 440.2
1068800 440.2
1068810 440.1
1068820 440.0
1068830 440.0
1068840 439.9
1068850 439.9
1068860 439.8
1068870 439.8
1068880 439.8
1068890 439.8
1068900 439.9
1068910 439.9
1068920 439.9
1068930 439.9
1068940 440.1
1068950 440.3
1068960 440.3
1068970 440.4
1068980 440.4
1068990 440.4
1069000 440.2
1069010 440.0
1069020 440.0
1069030 439.9
1069040 439.8
1069050 439.8
1069060 439.7
1069070 439.6
1069080 439.6
1069090 439.7
1069100 439.8
1069110 439.8
1069120 439.9
1069130 440.0
1069140 440.0
1069150 440.1
1069160 440.0
1069170 439.8
1069180 439.7
1069190 440.0
1069200 440.0
1069210 440.2
1069220 440.0
1069230 439.7
1069240 439.7
1069250 439.5
1069260 439.5
1069270 439.5
1069280 439.7
1069290 440.0
1069300 440.0
1069310 440.2
1069320 440.4
1069330 440.4
1069340 440.4
1069350 440.5
1069360 440.5
1069370 440.5
1069380 440.4
1069390 440.4
1069400 440.4
1069410 440.5
1069420 440.5
1069430 440.6
1069440 440.6
1069450 440.6
1069460 441.6
1069470 441.8
1069480 441.3
1069490 441.3
1069500 441.3
1069510 441.3
1069520 441.3
1069530 441.1
1069540 441.0
1069550 441.0
1069560 441.2
1069570 441.8
1069580 441.8
1069590 442.4
1069600 442.4
1069610 442.4
1069620 442.5
1069630 441.7
1069640 441.7
1069650 441.9
1069660 441.8
1069670 441.8
1069680 442.1
1069690 443.3
1069700 443.3
1069710 442.5
1069720 442.2
1069730 442.2
1069740 442.1
1069750 442.0
1069760 442.1
1069770 442.1
1069780 442.2
1069790 442.2
1069800 442.2
1069810 442.3
1069820 442.3
1069830 442.3
1069840 442.4
1069850 442.4
1069860 442.4
1069870 442.4
1069880 442.5
1069890 442.5
1069900 442.5
1069910 442.6
1069920 442.6
1069930 442.8
1069940 442.8
1069950 442.8
1069960 443.2
1069970 443.2
1069980 443.2
1069990 442.8
1070000 442.9
1070010 442.9
1070020 442.9
1070030 443.0
1070040 443.2
1070050 443.2
1070060 443.4
1070070 443.4
1070080 443.4
1070090 443.5
1070100 443.5
1070110 443.5
1070120 443.4
1070130 443.5
1070140 443.5
1070150 443.7
1070160 444.8
1070170 444.8
1070180 443.4
1070190 443.3
1070200 443.3
1070210 443.4
1070220 443.4
1070230 443.4
1070240 443.8
1070250 444.3
1070260 444.3
1070270 444.3
1070280 444.4
1070290 444.4
1070300 444.3
1070310 444.2
1070320 444.2
1070330 444.2
1070340 444.4
1070350 444.4
1070360 444.4
1070370 444.5
1070380 444.6
1070390 444.7
1070400 444.4
1070410 444.3
1070420 444.3
1070430 444.3
1070440 444.4
1070450 444.4
1070460 444.5
1070470 444.5
1070480 444.5
1070490 444.5
1070500 444.5
1070510 444.5
1070520 444.5
1070530 444.8
1070540 444.8
1070550 444.7
1070560 444.3
1070570 444.3
1070580 444.3
1070590 444.2
1070600 444.2
1070610 444.2
1070620 444.2
1070630 444.3
1070640 444.3
1070650 444.5
1070660 444.7
1070670 444.7
1070680 444.8
1070690 444.8
1070700 444.8
1070710 445.3
1070720 446.1
1070730 446.1
1070740 446.1
1070750 445.6
1070760 445.6
1070770 445.9
1070780 446.0
1070790 446.0
1070800 446.2
1070810 446.0
1070820 446.0
1070830 445.8
1070840 445.8
1070850 445.9
1070860 445.9
1070870 445.9
1070880 446.0
1070890 446.0
1070900 445.9
1070910 445.7
1070920 445.7
1070930 445.9
1070940 445.9
1070950 445.9
1070960 445.8
1070970 445.8
1070980 445.8
1070990 445.9
1071000 446.2
1071010 445.8
1071020 446.1
1071030 446.2
1071040 446.2
1071050 446.1
1071060 446.0
1071070 446.0
1071080 445.9
1071090 446.0
1071100 446.0
1071110 446.0
1071120 446.1
1071130 446.5
1071140 446.5
1071150 446.2
1071160 446.2
1071170 446.2
1071180 446.2
1071190 446.2
1071200 446.2
1071210 446.4
1071220 446.5
1071230 446.5
1071240 446.5
1071250 446.7
1071260 446.7
1071270 446.7
1071280 446.7
1071290 446.7
1071300 446.7
1071310 446.7
1071320 446.6
1071330 445.3
1071340 444.6
1071350 444.6
1071360 444.6
1071370 444.7
1071380 444.7
1071390 445.3
1071400 448.4
1071410 454.4
1071420 454.4
1071430 457.0
1071440 457.1
1071450 457.1
1071460 457.2
1071470 453.8
1071480 453.8
1071490 448.6
1071500 447.0
1071510 447.0
1071520 446.7
1071530 446.5
1071540 446.5
1071550 446.5
1071560 446.6
1071570 446.6
1071580 446.8
1071590 447.0
1071600 447.0
1071610 446.9
1071620 446.8
1071630 446.8
1071640 447.0
1071650 447.0
1071660 447.0
1071670 447.4
1071680 447.6
1071690 447.6
1071700 447.6
1071710 447.7
1071720 447.8
1071730 447.8
1071740 447.8
1071750 448.0
1071760 448.0
1071770 447.9
1071780 447.8
1071790 447.8
1071800 447.8
1071810 447.8
1071820 447.8
1071830 447.9
1071840 447.9
1071850 447.9
1071860 447.9
1071870 447.9
1071880 447.9
1071890 448.1
1071900 448.1
1071910 448.1
1071920 448.2
1071930 450.2
1071940 451.2
1071950 451.2
1071960 451.5
1071970 450.7
1071980 450.7
1071990 449.6
1072000 449.7
1072010 449.7
1072020 451.9
1072030 455.9
1072040 455.9
1072050 459.9
1072060 461.8
1072070 461.8
1072080 461.0
1072090 460.5
1072100 460.5
1072110 460.6
1072120 459.5
1072130 459.5
1072140 459.3
1072150 460.0
1072160 460.0
1072170 461.6
1072180 463.4
1072190 463.4
1072200 465.0
1072210 467.2
1072220 468.4
1072230 468.4
1072240 472.1
1072250 473.2
1072260 473.2
1072270 475.0
1072280 476.5
1072290 476.5
1072300 477.5
1072310 479.5
1072320 479.5
1072330 481.3
1072340 483.2
1072350 483.2
1072360 485.8
1072370 489.5
1072380 489.5
1072390 493.9
1072400 499.0
1072410 499.0
1072420 504.3
1072430 513.4
1072440 513.4
1072450 521.1
1072460 523.8
1072470 523.8
1072480 526.9
1072490 530.8
1072500 534.1
1072510 534.1
1072520 535.5
1072530 535.7
1072540 535.7
1072550 531.5
1072560 530.6
1072570 530.6
1072580 532.2
1072590 533.1
1072600 533.1
1072610 532.8
1072620 529.3
1072630 529.3
1072640 525.3
1072650 522.7
1072660 522.7
1072670 520.8
1072680 520.1
1072690 520.1
1072700 519.9
1072710 519.8
1072720 519.8
1072730 519.5
1072740 519.1
1072750 519.1
1072760 519.0
1072770 519.1
1072780 519.4
1072790 519.4
1072800 520.0
1072810 521.0
1072820 521.0
1072830 522.6
1072840 524.1
1072850 524.1
1072860 528.0
1072870 530.6
1072880 530.6
1072890 534.5
1072900 538.4
1072910 538.4
1072920 540.0
1072930 540.4
1072940 540.4
1072950 540.6
1072960 542.4
1072970 542.4
1072980 545.0
1072990 546.1
1073000 546.1
1073010 546.4
1073020 547.0
1073030 548.1
1073040 548.1
1073050 549.9
1073060 549.8
1073070 549.8
1073080 549.7
1073090 548.4
1073100 548.4
1073110 545.0
1073120 541.4
1073130 541.4
1073140 538.4
1073150 535.0
1073160 535.0
1073170 531.3
1073180 527.1
1073190 527.1
1073200 525.0
1073210 524.1
1073220 524.1
1073230 523.5
1073240 523.0
1073250 523.0
1073260 521.6
1073270 519.2
1073280 519.2
1073290 516.9
1073300 515.6
1073310 513.5
1073320 513.5
1073330 511.3
1073340 510.5
1073350 510.5
1073360 509.4
1073370 506.3
1073380 506.3
1073390 503.6
1073400 501.7
1073410 501.7
1073420 499.8
1073430 497.6
1073440 497.6
1073450 495.1
1073460 492.5
1073470 492.5
1073480 490.5
1073490 488.6
1073500 488.6
1073510 486.6
1073520 484.5
1073530 484.5
1073540 482.7
1073550 480.9
1073560 480.9
1073570 479.4
1073580 476.8
1073590 474.6
1073600 474.6
1073610 472.6
1073620 471.1
1073630 471.1
1073640 469.6
1073650 469.3
1073660 469.3
1073670 469.2
1073680 469.6
1073690 469.6
1073700 469.9
1073710 470.1
1073720 470.1
1073730 470.4
1073740 470.4
1073750 470.4
1073760 470.5
1073770 470.6
1073780 470.6
1073790 470.8
1073800 471.1
1073810 471.1
1073820 472.3
1073830 473.6
1073840 473.6
1073850 475.4
1073860 478.5
1073870 483.9
1073880 483.9
1073890 489.6
1073900 494.6
1073910 494.6
1073920 496.3
1073930 496.6
1073940 496.6
1073950 496.5
1073960 496.6
1073970 496.6
1073980 497.0
1073990 497.6
1074000 497.6
1074010 498.8
1074020 499.5
1074030 499.5
1074040 499.5
1074050 499.8
1074060 499.8
1074070 500.7
1074080 500.7
1074090 500.7
1074100 502.7
1074110 502.9
1074120 503.7
1074130 503.7
1074140 505.0
1074150 507.3
1074160 507.3
1074170 515.4
1074180 519.0
1074190 519.0
1074200 521.3
1074210 524.3
1074220 524.3
1074230 525.7
1074240 528.5
1074250 528.5
1074260 529.9
1074270 534.5
1074280 534.5
1074290 541.1
1074300 544.0
1074310 544.0
1074320 546.5
1074330 548.2
1074340 548.2
1074350 549.4
1074360 550.2
1074370 550.2
1074380 550.3
1074390 551.6
1074400 551.8
1074410 551.3
1074420 550.8
1074430 549.9
1074440 549.9
1074450 549.0
1074460 549.2
1074470 549.2
1074480 551.6
1074490 555.4
1074500 555.4
1074510 559.3
1074520 564.9
1074530 564.9
1074540 566.8
1074550 567.4
1074560 567.4
1074570 567.0
1074580 566.7
1074590 566.7
1074600 566.4
1074610 565.8
1074620 565.8
1074630 565.2
1074640 562.4
1074650 562.4
1074660 559.5
1074670 558.0
1074680 556.8
1074690 556.8
1074700 555.9
1074710 555.5
1074720 555.6
1074730 555.3
1074740 555.0
1074750 555.0
1074760 554.3
1074770 553.2
1074780 553.2
1074790 553.1
1074800 553.1
1074810 553.1
1074820 552.2
1074830 551.5
1074840 551.5
1074850 550.4
1074860 549.6
1074870 549.6
1074880 549.4
1074890 549.5
1074900 549.5
1074910 550.9
1074920 552.4
1074930 552.4
1074940 552.4
1074950 550.3
1074960 550.2
1074970 550.2
1074980 550.5
1074990 551.1
1075000 551.1
1075010 551.8
1075020 552.5
1075030 552.6
1075040 553.2
1075050 554.1
1075060 554.1
1075070 554.8
1075080 556.5
1075090 556.5
1075100 560.2
1075110 564.2
1075120 564.2
1075130 566.1
1075140 566.0
1075150 566.0
1075160 565.5
1075170 565.7
1075180 565.7
1075190 566.1
1075200 566.9
1075210 567.6
1075220 567.6
1075230 568.6
1075240 570.0
1075250 570.0
1075260 571.7
1075270 573.8
1075280 573.8
1075290 576.3
1075300 578.0
1075310 578.0
1075320 579.9
1075330 582.2
1075340 586.2
1075350 589.3
1075360 590.6
1075370 590.6
1075380 593.2
1075390 596.9
1075400 596.9
1075410 601.1
1075420 606.3
1075430 606.3
1075440 612.4
1075450 617.1
1075460 617.1
1075470 619.6
1075480 622.2
1075490 624.3
1075500 624.3
1075510 626.0
1075520 628.1
1075530 628.1
1075540 629.5
1075550 629.3
1075560 629.3
1075570 628.8
1075580 629.1
1075590 629.1
1075600 629.7
1075610 631.0
1075620 631.0
1075630 632.6
1075640 634.1
1075650 636.1
1075660 637.6
1075670 638.6
1075680 638.6
1075690 638.8
1075700 638.9
1075710 638.9
1075720 640.7
1075730 642.4
1075740 642.4
1075750 643.8
1075760 645.0
1075770 647.3
1075780 647.3
1075790 649.9
1075800 652.5
1075810 652.5
1075820 654.6
1075830 656.7
1075840 656.7
1075850 658.4
1075860 659.0
1075870 659.0
1075880 659.2
1075890 659.3
1075900 659.3
1075910 660.7
1075920 663.9
1075930 663.9
1075940 668.4
1075950 672.0
1075960 674.3
1075970 677.4
1075980 681.1
1075990 681.1
1076000 683.7
1076010 687.0
1076020 687.0
1076030 691.9
1076040 697.4
1076050 704.0
1076060 704.0
1076070 710.3
1076080 716.6
1076090 716.6
1076100 720.8
1076110 720.9
1076120 720.9
1076130 722.8
1076140 727.9
1076150 727.9
1076160 733.9
1076170 740.2
1076180 740.2
1076190 747.3
1076200 755.1
1076210 755.1
1076220 763.4
1076230 776.7
1076240 776.7
1076250 782.8
1076260 785.9
1076270 786.9
1076280 790.1
1076290 790.9
1076300 793.0
1076310 793.0
1076320 794.4
1076330 794.8
1076340 794.8
1076350 795.2
1076360 795.4
1076370 795.4
1076380 796.4
1076390 798.5
1076400 798.5
1076410 800.6
1076420 803.6
1076430 803.6
1076440 806.7
1076450 809.6
1076460 809.6
1076470 810.9
1076480 812.1
1076490 812.1
1076500 812.8
1076510 812.5
1076520 812.5
1076530 813.0
1076540 816.3
1076550 816.3
1076560 820.3
1076570 823.2
1076580 825.0
1076590 826.9
1076600 829.0
1076610 830.2
1076620 830.2
1076630 831.7
1076640 833.1
1076650 833.1
1076660 833.9
1076670 834.4
1076680 834.4
1076690 835.6
1076700 836.9
1076710 836.9
1076720 837.9
1076730 837.7
1076740 837.7
1076750 837.2
1076760 837.1
1076770 837.1
1076780 837.1
1076790 836.0
1076800 836.0
1076810 836.4
1076820 839.7
1076830 839.7
1076840 842.4
1076850 843.0
1076860 843.5
1076870 843.5
1076880 844.5
1076890 844.4
1076900 846.7
1076910 846.1
1076920 846.3
1076930 846.3
1076940 846.5
1076950 846.7
1076960 846.7
1076970 846.4
1076980 846.6
1076990 846.6
1077000 848.9
1077010 851.2
1077020 851.2
1077030 855.8
1077040 858.6
1077050 858.6
1077060 866.6
1077070 874.6
1077080 874.6
1077090 878.1
1077100 879.3
1077110 879.3
1077120 880.9
1077130 880.6
1077140 878.8
1077150 878.8
1077160 875.1
1077170 868.4
1077180 868.4
1077190 861.4
1077200 857.9
1077210 861.8
1077220 861.8
1077230 864.6
1077240 864.6
1077250 869.8
1077260 873.4
1077270 873.4
1077280 876.1
1077290 878.8
1077300 878.8
1077310 880.8
1077320 884.1
1077330 884.1
1077340 887.5
1077350 890.9
1077360 890.9
1077370 893.8
1077380 896.0
1077390 898.2
1077400 898.2
1077410 901.2
1077420 902.9
1077430 902.9
1077440 904.9
1077450 907.4
1077460 907.4
1077470 908.9
1077480 910.7
1077490 910.7
1077500 912.6
1077510 914.4
1077520 918.1
1077530 919.5
1077540 920.7
1077550 920.7
1077560 922.6
1077570 924.1
1077580 924.1
1077590 926.4
1077600 929.0
1077610 929.0
1077620 931.9
1077630 935.4
1077640 935.4
1077650 937.4
1077660 938.8
1077670 941.1
1077680 941.1
1077690 943.1
1077700 944.1
1077710 944.1
1077720 944.5
1077730 943.8
1077740 943.8
1077750 940.9
1077760 935.7
1077770 935.7
1077780 930.9
1077790 926.4
1077800 926.4
1077810 923.1
1077820 920.4
1077830 920.4
1077840 925.4
1077850 922.3
1077860 922.3
1077870 919.3
1077880 917.5
1077890 917.5
1077900 916.1
1077910 915.0
1077920 915.0
1077930 913.5
1077940 911.4
1077950 909.8
1077960 909.8
1077970 908.4
1077980 907.1
1077990 907.1
1078000 905.3
1078010 901.0
1078020 901.0
1078030 897.4
1078040 893.7
1078050 893.7
1078060 890.1
1078070 886.6
1078080 886.6
1078090 883.4
1078100 880.7
1078110 880.7
1078120 878.2
1078130 875.5
1078140 875.5
1078150 879.4
1078160 876.2
1078170 876.2
1078180 873.3
1078190 870.6
1078200 870.6
1078210 867.6
1078220 865.2
1078230 862.1
1078240 862.1
1078250 860.3
1078260 860.5
1078270 860.5
1078280 858.4
1078290 853.9
1078300 853.9
1078310 848.9
1078320 842.9
1078330 842.9
1078340 837.3
1078350 832.0
1078360 832.0
1078370 826.0
1078380 820.0
1078390 820.0
1078400 812.8
1078410 803.2
1078420 803.2
1078430 796.3
1078440 803.5
1078450 803.5
1078460 813.7
1078470 818.2
1078480 822.7
1078490 822.7
1078500 826.2
1078510 829.5
1078520 829.5
1078530 833.1
1078540 836.8
1078550 836.8
1078560 840.9
1078570 842.3
1078580 842.3
1078590 840.4
1078600 837.0
1078610 837.0
1078620 835.3
1078630 833.0
1078640 833.0
1078650 831.5
1078660 833.0
1078670 833.0
1078680 836.7
1078690 839.5
1078700 839.5
1078710 839.8
1078720 836.7
1078730 836.7
1078740 832.9
1078750 832.8
1078760 836.2
1078770 836.2
1078780 842.4
1078790 839.8
1078800 839.8
1078810 834.5
1078820 830.9
1078830 830.9
1078840 831.2
1078850 832.4
1078860 832.4
1078870 834.3
1078880 835.5
1078890 835.5
1078900 834.8
1078910 830.7
1078920 830.7
1078930 825.2
1078940 818.6
1078950 818.6
1078960 815.0
1078970 816.7
1078980 816.7
1078990 821.6
1079000 825.9
1079010 825.9
1079020 828.2
1079030 826.4
1079040 821.2
1079050 821.2
1079060 812.5
1079070 802.5
1079080 802.5
1079090 809.2
1079100 815.9
1079110 815.9
1079120 817.0
1079130 818.9
1079140 818.9
1079150 819.8
1079160 819.3
1079170 819.3
1079180 818.9
1079190 819.2
1079200 819.2
1079210 818.6
1079220 816.2
1079230 816.2
1079240 811.6
1079250 806.0
1079260 806.0
1079270 801.1
1079280 793.7
1079290 793.7
1079300 787.1
1079310 794.4
1079320 801.7
1079330 801.7
1079340 805.8
1079350 809.2
1079360 809.2
1079370 815.3
1079380 820.1
1079390 820.1
1079400 827.8
1079410 832.1
1079420 832.1
1079430 835.6
1079440 836.7
1079450 836.7
1079460 834.3
1079470 829.8
1079480 829.8
1079490 824.8
1079500 819.7
1079510 819.7
1079520 820.2
1079530 823.5
1079540 823.5
1079550 822.2
1079560 816.8
1079570 811.3
1079580 811.3
1079590 806.2
1079600 801.0
1079610 801.0
1079620 792.3
1079630 781.0
1079640 781.0
1079650 768.4
1079660 768.4
1079670 768.4
1079680 763.9
1079690 760.1
1079700 760.1
1079710 762.2
1079720 777.5
1079730 777.5
1079740 776.2
1079750 769.2
1079760 769.2
1079770 756.4
1079780 749.0
1079790 749.0
1079800 755.9
1079810 765.0
1079820 765.0
1079830 768.3
1079840 762.1
1079850 751.0
1079860 751.0
1079870 743.9
1079880 738.8
1079890 738.8
1079900 735.7
1079910 734.0
1079920 734.0
1079930 731.2
1079940 727.8
1079950 727.8
1079960 727.1
1079970 724.6
1079980 724.6
1079990 720.8
