1061800 430.5
1061810 430.6
1061820 430.8
1061830 430.8
1061840 430.9
1061850 430.9
1061860 430.9
1061870 430.9
1061880 430.8
1061890 430.8
1061900 430.5
1061910 430.4
1061920 430.4
1061930 430.0
1061940 429.3
1061950 429.7
1061960 429.7
1061970 429.9
1061980 430.0
1061990 430.0
1062000 430.0
1062010 429.8
1062020 429.8
1062030 429.8
1062040 429.7
1062050 429.6
1062060 429.6
1062070 429.5
1062080 429.5
1062090 429.5
1062100 429.5
1062110 429.4
1062120 429.4
1062130 429.4
1062140 429.4
1062150 429.4
1062160 429.4
1062170 429.5
1062180 429.5
1062190 429.5
1062200 429.6
1062210 429.8
1062220 429.8
1062230 429.8
1062240 429.8
1062250 429.8
1062260 429.8
1062270 429.9
1062280 429.9
1062290 430.0
1062300 430.1
1062310 430.1
1062320 430.1
1062330 430.2
1062340 430.2
1062350 430.2
1062360 430.3
1062370 430.4
1062380 430.4
1062390 430.4
1062400 430.4
1062410 430.4
1062420 430.5
1062430 430.6
1062440 430.6
1062450 430.6
1062460 430.7
1062470 430.8
1062480 430.8
1062490 430.8
1062500 430.8
1062510 430.8
1062520 430.9
1062530 430.8
1062540 430.8
1062550 430.9
1062560 431.0
1062570 431.1
1062580 431.1
1062590 431.1
1062600 431.1
1062610 431.1
1062620 431.1
1062630 431.2
1062640 431.2
1062650 431.2
1062660 431.3
1062670 431.3
1062680 431.4
1062690 431.4
1062700 431.4
1062710 431.4
1062720 431.3
1062730 431.3
1062740 431.3
1062750 431.3
1062760 431.3
1062770 431.3
1062780 431.3
1062790 431.3
1062800 431.3
1062810 431.3
1062820 431.3
1062830 431.4
1062840 431.4
1062850 431.4
1062860 431.6
1062870 431.6
1062880 431.7
1062890 431.8
1062900 431.8
1062910 432.0
1062920 431.9
1062930 431.5
1062940 431.5
1062950 431.6
1062960 431.7
1062970 431.7
1062980 431.7
1062990 431.8
1063000 431.8
1063010 431.8
1063020 431.8
1063030 431.8
1063040 431.8
1063050 431.8
1063060 431.8
1063070 431.8
1063080 431.9
1063090 432.0
1063100 432.0
1063110 432.0
1063120 431.9
1063130 431.9
1063140 431.8
1063150 431.8
1063160 431.8
1063170 431.8
1063180 432.1
1063190 432.1
1063200 431.9
1063210 431.8
1063220 431.8
1063230 431.8
1063240 431.9
1063250 431.9
1063260 431.9
1063270 431.9
1063280 432.0
1063290 432.0
1063300 432.1
1063310 432.1
1063320 432.1
1063330 432.1
1063340 432.0
1063350 432.0
1063360 432.1
1063370 431.9
1063380 431.9
1063390 431.9
1063400 431.9
1063410 431.9
1063420 432.0
1063430 432.3
1063440 432.3
1063450 432.2
1063460 432.1
1063470 432.1
1063480 432.2
1063490 432.1
1063500 432.1
1063510 432.1
1063520 432.2
1063530 432.2
1063540 432.2
1063550 432.2
1063560 432.2
1063570 432.2
1063580 432.3
1063590 432.5
1063600 432.5
1063610 432.6
1063620 432.7
1063630 432.7
1063640 432.7
1063650 432.7
1063660 432.7
1063670 432.7
1063680 432.8
1063690 432.8
1063700 432.9
1063710 432.8
1063720 432.8
1063730 432.8
1063740 433.0
1063750 433.0
1063760 433.1
1063770 433.4
1063780 433.4
1063790 433.6
1063800 433.4
1063810 433.4
1063820 433.1
1063830 433.2
1063840 433.4
1063850 433.4
1063860 433.4
1063870 433.4
1063880 433.4
1063890 433.4
1063900 433.4
1063910 433.4
1063920 433.4
1063930 433.4
1063940 433.4
1063950 433.5
1063960 433.5
1063970 433.5
1063980 434.1
1063990 434.1
1064000 434.1
1064010 434.1
1064020 434.1
1064030 434.1
1064040 434.0
1064050 434.6
1064060 434.6
1064070 434.7
1064080 434.9
1064090 434.9
1064100 435.0
1064110 435.0
1064120 435.1
1064130 435.1
1064140 435.1
1064150 435.2
1064160 435.2
1064170 435.3
1064180 435.2
1064190 435.2
1064200 435.0
1064210 435.3
1064220 435.3
1064230 435.2
1064240 435.1
1064250 435.1
1064260 435.1
1064270 435.1
1064280 435.1
1064290 435.1
1064300 435.2
1064310 435.2
1064320 435.2
1064330 435.2
1064340 435.2
1064350 435.2
1064360 435.1
1064370 435.1
1064380 435.1
1064390 435.2
1064400 435.4
1064410 435.4
1064420 435.6
1064430 435.6
1064440 435.6
1064450 435.7
1064460 435.9
1064470 435.9
1064480 436.0
1064490 436.1
1064500 436.1
1064510 436.0
1064520 436.1
1064530 436.1
1064540 436.2
1064550 436.9
1064560 436.9
1064570 436.6
1064580 436.3
1064590 436.3
1064600 436.2
1064610 436.3
1064620 436.3
1064630 436.3
1064640 436.3
1064650 436.2
1064660 436.2
1064670 436.3
1064680 436.4
1064690 436.4
1064700 436.6
1064710 436.7
1064720 436.7
1064730 436.9
1064740 436.6
1064750 436.6
1064760 436.8
1064770 436.5
1064780 436.5
1064790 436.5
1064800 436.6
1064810 436.6
1064820 436.8
1064830 437.0
1064840 437.0
1064850 437.2
1064860 437.2
1064870 437.2
1064880 437.3
1064890 437.3
1064900 437.3
1064910 437.0
1064920 437.2
1064930 437.9
1064940 437.9
1064950 438.4
1064960 437.9
1064970 437.9
1064980 437.3
1064990 437.4
1065000 437.4
1065010 437.2
1065020 437.1
1065030 437.1
1065040 437.1
1065050 437.1
1065060 437.1
1065070 437.2
1065080 437.3
1065090 437.3
1065100 437.4
1065110 437.6
1065120 437.6
1065130 437.8
1065140 438.2
1065150 438.2
1065160 438.4
1065170 438.1
1065180 438.1
1065190 437.8
1065200 437.8
1065210 437.9
1065220 437.9
1065230 437.8
1065240 437.9
1065250 437.9
1065260 438.0
1065270 438.2
1065280 438.2
1065290 438.4
1065300 438.6
1065310 438.6
1065320 438.7
1065330 438.8
1065340 438.8
1065350 438.8
1065360 438.9
1065370 438.9
1065380 439.0
1065390 439.1
1065400 439.1
1065410 439.3
1065420 439.4
1065430 439.4
1065440 439.4
1065450 439.5
1065460 439.5
1065470 439.4
1065480 439.4
1065490 439.5
1065500 439.5
1065510 439.6
1065520 439.5
1065530 439.5
1065540 439.3
1065550 439.3
1065560 439.3
1065570 439.3
1065580 439.3
1065590 439.3
1065600 439.3
1065610 439.7
1065620 439.7
1065630 439.7
1065640 439.5
1065650 439.5
1065660 439.6
1065670 439.9
1065680 439.9
1065690 439.9
1065700 439.9
1065710 439.9
1065720 439.9
1065730 439.8
1065740 439.7
1065750 439.7
1065760 440.0
1065770 440.0
1065780 440.0
1065790 439.7
1065800 439.7
1065810 439.7
1065820 439.7
1065830 439.8
1065840 439.8
1065850 439.8
1065860 439.9
1065870 439.9
1065880 440.0
1065890 440.0
1065900 440.0
1065910 440.1
1065920 440.3
1065930 440.3
1065940 440.5
1065950 440.4
1065960 440.4
1065970 440.6
1065980 440.6
1065990 440.6
1066000 440.6
1066010 440.6
1066020 441.9
1066030 441.9
1066040 441.4
1066050 440.4
1066060 440.4
1066070 440.3
1066080 440.4
1066090 440.4
1066100 440.5
1066110 440.8
1066120 440.8
1066130 440.8
1066140 441.1
1066150 441.1
1066160 441.8
1066170 441.7
1066180 441.7
1066190 443.3
1066200 445.2
1066210 445.2
1066220 443.6
1066230 441.8
1066240 441.8
1066250 440.5
1066260 436.6
1066270 436.6
1066280 435.7
1066290 438.5
1066300 441.5
1066310 441.5
1066320 443.5
1066330 445.3
1066340 445.3
1066350 443.1
1066360 441.5
1066370 441.5
1066380 441.6
1066390 441.5
1066400 441.5
1066410 443.1
1066420 442.3
1066430 442.3
1066440 442.1
1066450 442.1
1066460 442.1
1066470 441.9
1066480 442.2
1066490 442.2
1066500 441.5
1066510 440.7
1066520 440.7
1066530 440.6
1066540 440.6
1066550 440.6
1066560 440.7
1066570 440.7
1066580 440.7
1066590 440.7
1066600 440.7
1066610 440.7
1066620 440.7
1066630 440.7
1066640 440.7
1066650 440.7
1066660 440.6
1066670 440.5
1066680 440.5
1066690 440.3
1066700 440.3
1066710 440.3
1066720 440.3
1066730 440.3
1066740 440.3
1066750 440.2
1066760 440.3
1066770 440.3
1066780 440.4
1066790 441.0
1066800 441.0
1066810 441.3
1066820 441.3
1066830 441.3
1066840 441.3
1066850 441.3
1066860 441.2
1066870 441.2
1066880 441.0
1066890 440.9
1066900 440.9
1066910 440.9
1066920 441.1
1066930 441.1
1066940 441.0
1066950 440.5
1066960 440.5
1066970 440.4
1066980 440.5
1066990 440.5
1067000 440.4
1067010 440.5
1067020 440.7
1067030 441.4
1067040 441.7
1067050 441.7
1067060 441.3
1067070 441.1
1067080 441.1
1067090 441.3
1067100 441.2
1067110 441.4
1067120 441.4
1067130 441.3
1067140 441.4
1067150 441.4
1067160 441.3
1067170 441.4
1067180 441.4
1067190 441.5
1067200 441.8
1067210 441.8
1067220 441.6
1067230 441.6
1067240 441.6
1067250 441.5
1067260 441.6
1067270 441.6
1067280 441.8
1067290 442.0
1067300 442.0
1067310 441.9
1067320 442.1
1067330 442.1
1067340 442.1
1067350 441.6
1067360 441.6
1067370 441.5
1067380 442.0
1067390 442.0
1067400 442.0
1067410 441.7
1067420 441.5
1067430 441.5
1067440 441.5
1067450 441.4
1067460 441.4
1067470 441.3
1067480 441.3
1067490 441.3
1067500 441.4
1067510 441.6
1067520 441.6
1067530 441.7
1067540 441.7
1067550 441.7
1067560 441.7
1067570 441.5
1067580 441.5
1067590 441.6
1067600 441.4
1067610 441.4
1067620 441.4
1067630 441.4
1067640 441.4
1067650 441.4
1067660 441.4
1067670 441.2
1067680 441.2
1067690 441.2
1067700 441.3
1067710 441.3
1067720 441.5
1067730 441.4
1067740 441.4
1067750 441.2
1067760 441.2
1067770 441.2
1067780 441.2
1067790 441.1
1067800 441.1
1067810 441.2
1067820 440.0
1067830 440.0
1067840 440.5
1067850 441.2
1067860 441.2
1067870 441.0
1067880 441.0
1067890 441.0
1067900 441.0
1067910 441.1
1067920 441.1
1067930 441.4
1067940 441.6
1067950 441.7
1067960 441.7
1067970 441.6
1067980 441.4
1067990 441.4
1068000 441.3
1068010 441.4
1068020 441.4
1068030 441.3
1068040 441.2
1068050 441.2
1068060 441.0
1068070 441.1
1068080 441.1
1068090 441.1
1068100 441.4
1068110 441.4
1068120 441.4
1068130 441.1
1068140 441.1
1068150 441.1
1068160 440.9
1068170 440.9
1068180 440.8
1068190 440.8
1068200 440.8
1068210 440.8
1068220 440.8
1068230 440.9
1068240 441.1
1068250 441.0
1068260 440.9
1068270 440.9
1068280 440.8
1068290 440.6
1068300 440.6
1068310 440.5
1068320 440.4
1068330 440.4
1068340 440.3
1068350 440.4
1068360 440.4
1068370 440.4
1068380 440.4
1068390 440.4
1068400 440.3
1068410 440.2
1068420 440.2
1068430 440.2
1068440 440.2
1068450 440.2
1068460 440.2
1068470 440.3
1068480 440.2
1068490 440.2
1068500 440.1
1068510 440.2
1068520 440.2
1068530 440.6
1068540 441.0
1068550 441.0
1068560 440.9
1068570 440.8
1068580 440.8
1068590 440.6
1068600 440.6
1068610 440.6
1068620 440.9
1068630 441.0
1068640 441.0
1068650 441.6
1068660 441.3
1068670 441.3
1068680 440.7
1068690 440.8
1068700 440.8
1068710 440.7
1068720 440.7
1068730 440.7
1068740 440.7
1068750 440.7
1068760 440.6
1068770 440.6
1068780 440.5
1068790 440.4
1068800 440.4
1068810 440.2
1068820 440.3
1068830 440.3
1068840 440.4
1068850 440.5
1068860 440.5
1068870 439.9
1068880 439.9
1068890 439.9
1068900 440.0
1068910 440.0
1068920 440.0
1068930 440.0
1068940 439.8
1068950 439.8
1068960 439.8
1068970 440.2
1068980 440.2
1068990 440.2
1069000 440.0
1069010 440.0
1069020 439.9
1069030 439.9
1069040 440.0
1069050 440.0
1069060 440.0
1069070 439.8
1069080 439.8
1069090 439.7
1069100 439.7
1069110 439.7
1069120 439.6
1069130 439.6
1069140 439.6
1069150 439.8
1069160 439.8
1069170 439.8
1069180 439.8
1069190 439.7
1069200 439.7
1069210 439.7
1069220 439.7
1069230 439.7
1069240 439.6
1069250 439.6
1069260 439.6
1069270 439.7
1069280 439.6
1069290 439.6
1069300 439.6
1069310 439.6
1069320 439.7
1069330 439.7
1069340 439.8
1069350 440.2
1069360 440.2
1069370 440.9
1069380 440.9
1069390 440.9
1069400 440.8
1069410 440.7
1069420 440.7
1069430 440.8
1069440 441.0
1069450 441.0
1069460 441.2
1069470 441.1
1069480 441.1
1069490 441.1
1069500 441.2
1069510 441.2
1069520 441.3
1069530 441.2
1069540 441.2
1069550 441.3
1069560 441.3
1069570 441.7
1069580 441.7
1069590 441.9
1069600 441.9
1069610 441.9
1069620 441.9
1069630 441.9
1069640 441.9
1069650 442.0
1069660 441.9
1069670 441.9
1069680 442.1
1069690 442.2
1069700 442.2
1069710 442.2
1069720 442.1
1069730 442.1
1069740 442.0
1069750 442.0
1069760 442.0
1069770 442.2
1069780 442.3
1069790 442.3
1069800 442.3
1069810 442.4
1069820 442.4
1069830 442.4
1069840 442.4
1069850 442.5
1069860 442.5
1069870 442.5
1069880 442.5
1069890 442.5
1069900 442.6
1069910 442.7
1069920 442.7
1069930 442.8
1069940 443.2
1069950 443.2
1069960 444.0
1069970 443.3
1069980 443.3
1069990 442.9
1070000 442.9
1070010 442.9
1070020 443.1
1070030 443.6
1070040 443.6
1070050 443.5
1070060 443.5
1070070 443.5
1070080 443.5
1070090 443.5
1070100 443.5
1070110 443.5
1070120 443.9
1070130 444.8
1070140 444.8
1070150 443.9
1070160 443.3
1070170 443.3
1070180 443.4
1070190 444.4
1070200 444.4
1070210 444.0
1070220 444.0
1070230 444.0
1070240 444.4
1070250 444.6
1070260 444.6
1070270 444.6
1070280 444.6
1070290 444.6
1070300 444.5
1070310 444.4
1070320 444.4
1070330 444.4
1070340 444.6
1070350 444.6
1070360 444.6
1070370 444.8
1070380 444.8
1070390 444.8
1070400 444.5
1070410 444.4
1070420 444.4
1070430 444.5
1070440 444.7
1070450 444.7
1070460 444.8
1070470 444.8
1070480 444.8
1070490 444.7
1070500 444.7
1070510 444.7
1070520 444.7
1070530 444.7
1070540 444.7
1070550 444.9
1070560 445.2
1070570 445.2
1070580 445.0
1070590 444.8
1070600 444.8
1070610 444.7
1070620 444.7
1070630 444.7
1070640 444.8
1070650 444.9
1070660 444.9
1070670 444.9
1070680 445.0
1070690 445.9
1070700 445.9
1070710 446.2
1070720 446.5
1070730 446.5
1070740 446.7
1070750 446.7
1070760 446.7
1070770 446.7
1070780 446.4
1070790 446.4
1070800 446.3
1070810 446.2
1070820 446.2
1070830 445.8
1070840 445.7
1070850 445.7
1070860 445.8
1070870 445.9
1070880 445.9
1070890 445.9
1070900 445.7
1070910 445.7
1070920 445.8
1070930 445.9
1070940 445.8
1070950 445.8
1070960 445.7
1070970 445.8
1070980 445.8
1070990 445.8
1071000 445.8
1071010 445.8
1071020 445.8
1071030 445.8
1071040 445.8
1071050 445.9
1071060 446.2
1071070 446.2
1071080 446.2
1071090 446.0
1071100 446.0
1071110 446.0
1071120 446.0
1071130 446.0
1071140 446.0
1071150 446.1
1071160 446.1
1071170 446.2
1071180 446.5
1071190 446.5
1071200 446.6
1071210 446.5
1071220 446.5
1071230 446.5
1071240 446.6
1071250 446.6
1071260 446.6
1071270 446.7
1071280 446.8
1071290 446.8
1071300 446.6
1071310 444.9
1071320 444.9
1071330 444.7
1071340 444.7
1071350 444.7
1071360 444.7
1071370 444.9
1071380 444.9
1071390 446.0
1071400 450.2
1071410 450.2
1071420 456.1
1071430 457.4
1071440 457.4
1071450 455.2
1071460 449.2
1071470 448.1
1071480 448.1
1071490 447.1
1071500 446.5
1071510 446.5
1071520 446.3
1071530 446.3
1071540 446.3
1071550 446.3
1071560 446.4
1071570 446.4
1071580 446.5
1071590 446.7
1071600 446.7
1071610 446.9
1071620 446.9
1071630 446.9
1071640 446.9
1071650 447.0
1071660 447.0
1071670 447.1
1071680 447.3
1071690 447.3
1071700 447.7
1071710 447.7
1071720 447.7
1071730 447.7
1071740 447.7
1071750 447.7
1071760 447.7
1071770 447.8
1071780 447.8
1071790 447.8
1071800 447.9
1071810 447.8
1071820 447.8
1071830 447.8
1071840 447.9
1071850 447.9
1071860 448.1
1071870 448.1
1071880 448.1
1071890 448.2
1071900 449.6
1071910 449.6
1071920 451.0
1071930 450.0
1071940 450.0
1071950 449.3
1071960 450.4
1071970 450.4
1071980 452.8
1071990 455.6
1072000 455.6
1072010 457.8
1072020 460.3
1072030 463.2
1072040 463.2
1072050 465.4
1072060 466.6
1072070 466.6
1072080 466.4
1072090 466.4
1072100 466.4
1072110 465.7
1072120 463.1
1072130 463.1
1072140 463.1
1072150 463.9
1072160 463.9
1072170 465.2
1072180 467.1
1072190 467.1
1072200 469.4
1072210 470.9
1072220 470.9
1072230 475.4
1072240 476.6
1072250 476.6
1072260 478.8
1072270 480.6
1072280 480.6
1072290 482.7
1072300 484.6
1072310 486.6
1072320 486.6
1072330 488.7
1072340 492.6
1072350 492.6
1072360 496.9
1072370 501.9
1072380 501.9
1072390 510.1
1072400 516.8
1072410 516.8
1072420 521.3
1072430 525.5
1072440 525.5
1072450 528.2
1072460 531.1
1072470 531.1
1072480 533.9
1072490 536.0
1072500 536.0
1072510 536.3
1072520 535.4
1072530 535.4
1072540 533.8
1072550 531.0
1072560 532.1
1072570 532.1
1072580 534.1
1072590 531.7
1072600 531.7
1072610 529.3
1072620 526.8
1072630 526.8
1072640 524.2
1072650 522.7
1072660 522.7
1072670 521.4
1072680 520.6
1072690 520.6
1072700 520.3
1072710 520.1
1072720 520.1
1072730 520.0
1072740 519.8
1072750 519.8
1072760 519.8
1072770 519.8
1072780 519.8
1072790 520.4
1072800 521.8
1072810 521.8
1072820 523.3
1072830 524.3
1072840 525.9
1072850 528.3
1072860 532.2
1072870 535.6
1072880 535.6
1072890 538.7
1072900 539.9
1072910 539.9
1072920 539.9
1072930 539.9
1072940 539.9
1072950 540.3
1072960 542.4
1072970 542.4
1072980 545.6
1072990 546.6
1073000 546.6
1073010 546.4
1073020 546.5
1073030 546.5
1073040 547.0
1073050 548.6
1073060 548.6
1073070 550.8
1073080 551.6
1073090 551.6
1073100 548.4
1073110 544.5
1073120 541.0
1073130 541.0
1073140 537.9
1073150 534.7
1073160 534.0
1073170 530.5
1073180 527.4
1073190 527.4
1073200 525.5
1073210 524.6
1073220 524.6
1073230 523.9
1073240 523.0
1073250 523.0
1073260 522.0
1073270 519.6
1073280 519.6
1073290 516.7
1073300 515.2
1073310 515.2
1073320 513.5
1073330 511.4
1073340 511.4
1073350 510.4
1073360 509.7
1073370 509.7
1073380 507.8
1073390 504.7
1073400 502.2
1073410 502.2
1073420 500.1
1073430 497.2
1073440 497.2
1073450 494.4
1073460 492.4
1073470 492.3
1073480 490.1
1073490 488.3
1073500 488.3
1073510 486.0
1073520 483.8
1073530 483.8
1073540 481.9
1073550 480.3
1073560 480.3
1073570 478.3
1073580 475.8
1073590 475.8
1073600 473.9
1073610 472.4
1073620 472.4
1073630 471.0
1073640 469.8
1073650 469.8
1073660 469.5
1073670 469.4
1073680 469.7
1073690 469.7
1073700 469.9
1073710 470.1
1073720 470.1
1073730 470.3
1073740 470.4
1073750 470.4
1073760 470.5
1073770 470.6
1073780 470.7
1073790 470.9
1073800 471.0
1073810 471.0
1073820 471.5
1073830 472.9
1073840 472.9
1073850 473.8
1073860 474.9
1073870 474.9
1073880 477.7
1073890 483.5
1073900 483.5
1073910 489.7
1073920 495.1
1073930 497.3
1073940 497.3
1073950 498.3
1073960 499.4
1073970 499.4
1073980 499.7
1073990 499.8
1074000 499.8
1074010 499.9
1074020 499.9
1074030 499.9
1074040 499.9
1074050 500.1
1074060 500.1
1074070 501.8
1074080 503.0
1074090 502.7
1074100 502.9
1074110 503.3
1074120 503.3
1074130 504.4
1074140 505.7
1074150 505.7
1074160 508.8
1074170 512.3
1074180 512.3
1074190 517.6
1074200 521.7
1074210 524.6
1074220 524.6
1074230 526.0
1074240 527.8
1074250 527.8
1074260 529.5
1074270 533.4
1074280 533.4
1074290 539.8
1074300 543.5
1074310 543.5
1074320 545.8
1074330 547.0
1074340 547.0
1074350 548.4
1074360 549.5
1074370 549.5
1074380 549.7
1074390 551.3
1074400 550.6
1074410 551.2
1074420 550.9
1074430 550.9
1074440 549.7
1074450 548.3
1074460 548.3
1074470 548.3
1074480 550.4
1074490 554.3
1074500 554.3
1074510 556.3
1074520 560.1
1074530 560.1
1074540 563.1
1074550 565.3
1074560 565.3
1074570 566.0
1074580 566.4
1074590 566.4
1074600 566.0
1074610 565.4
1074620 565.4
1074630 564.6
1074640 561.9
1074650 561.9
1074660 560.3
1074670 559.6
1074680 559.6
1074690 558.2
1074700 556.6
1074710 557.1
1074720 555.7
1074730 554.6
1074740 554.6
1074750 553.8
1074760 553.1
1074770 552.3
1074780 552.3
1074790 552.5
1074800 553.5
1074810 553.5
1074820 553.7
1074830 550.7
1074840 550.7
1074850 549.0
1074860 548.4
1074870 548.4
1074880 548.5
1074890 548.8
1074900 548.8
1074910 549.1
1074920 549.3
1074930 549.3
1074940 549.4
1074950 549.6
1074960 549.6
1074970 549.8
1074980 550.2
1074990 550.2
1075000 550.8
1075010 551.5
1075020 551.4
1075030 551.4
1075040 552.0
1075050 552.7
1075060 552.7
1075070 553.7
1075080 557.1
1075090 557.1
1075100 562.7
1075110 566.3
1075120 566.3
1075130 566.7
1075140 566.5
1075150 566.5
1075160 566.5
1075170 567.1
1075180 567.1
1075190 567.5
1075200 568.0
1075210 568.0
1075220 568.5
1075230 569.8
1075240 569.8
1075250 571.3
1075260 573.0
1075270 573.0
1075280 575.3
1075290 577.8
1075300 580.7
1075310 580.7
1075320 584.5
1075330 589.7
1075340 589.7
1075350 592.9
1075360 595.5
1075370 595.5
1075380 599.4
1075390 603.5
1075400 603.5
1075410 607.3
1075420 612.3
1075430 612.3
1075440 615.6
1075450 619.1
1075460 619.1
1075470 621.9
1075480 623.7
1075490 623.7
1075500 624.6
1075510 625.5
1075520 625.5
1075530 626.0
1075540 626.0
1075550 626.0
1075560 626.3
1075570 627.9
1075580 628.8
1075590 628.8
1075600 630.0
1075610 632.8
1075620 632.8
1075630 635.4
1075640 637.7
1075650 637.7
1075660 639.6
1075670 641.3
1075680 641.3
1075690 641.7
1075700 641.6
1075710 641.6
1075720 642.1
1075730 642.8
1075740 642.8
1075750 643.8
1075760 645.0
1075770 645.0
1075780 646.4
1075790 647.8
1075800 647.8
1075810 649.5
1075820 651.7
1075830 651.7
1075840 654.3
1075850 657.0
1075860 658.3
1075870 658.3
1075880 658.8
1075890 660.9
1075900 660.9
1075910 664.1
1075920 667.6
1075930 667.6
1075940 672.2
1075950 676.7
1075960 676.7
1075970 681.2
1075980 684.6
1075990 684.6
1076000 686.4
1076010 691.2
1076020 691.2
1076030 697.8
1076040 704.8
1076050 704.8
1076060 709.2
1076070 713.9
1076080 713.9
1076090 719.4
1076100 723.8
1076110 724.4
1076120 724.4
1076130 727.9
1076140 733.7
1076150 733.7
1076160 739.6
1076170 746.8
1076180 746.8
1076190 754.2
1076200 761.8
1076210 761.8
1076220 775.7
1076230 783.5
1076240 783.5
1076250 786.5
1076260 787.3
1076270 788.9
1076280 790.0
1076290 791.4
1076300 791.4
1076310 792.1
1076320 792.7
1076330 792.7
1076340 793.5
1076350 794.6
1076360 794.6
1076370 796.1
1076380 798.7
1076390 800.4
1076400 800.4
1076410 804.1
1076420 807.4
1076430 807.4
1076440 810.4
1076450 812.1
1076460 812.1
1076470 813.6
1076480 814.6
1076490 814.6
1076500 814.4
1076510 815.9
1076520 815.9
1076530 818.5
1076540 819.8
1076550 819.8
1076560 821.8
1076570 825.1
1076580 825.7
1076590 828.4
1076600 831.8
1076610 831.8
1076620 834.0
1076630 834.8
1076640 834.8
1076650 835.5
1076660 836.4
1076670 836.9
1076680 836.9
1076690 837.6
1076700 838.3
1076710 838.3
1076720 839.7
1076730 840.1
1076740 840.1
1076750 840.0
1076760 840.5
1076770 840.5
1076780 840.5
1076790 842.5
1076800 842.5
1076810 845.7
1076820 846.5
1076830 846.5
1076840 846.7
1076850 846.8
1076860 846.8
1076870 847.9
1076880 849.1
1076890 852.0
1076900 853.3
1076910 852.8
1076920 852.8
1076930 852.0
1076940 853.4
1076950 855.1
1076960 855.1
1076970 856.9
1076980 858.3
1076990 858.3
1077000 860.2
1077010 863.9
1077020 863.9
1077030 867.7
1077040 872.9
1077050 872.9
1077060 879.3
1077070 882.0
1077080 882.0
1077090 883.3
1077100 884.8
1077110 884.8
1077120 886.0
1077130 885.7
1077140 885.7
1077150 884.5
1077160 882.3
1077170 882.3
1077180 878.0
1077190 869.9
1077200 867.6
1077210 867.6
1077220 869.2
1077230 871.4
1077240 871.4
1077250 870.2
1077260 875.3
1077270 875.3
1077280 880.5
1077290 884.0
1077300 884.0
1077310 885.7
1077320 889.3
1077330 889.3
1077340 892.8
1077350 895.8
1077360 895.8
1077370 899.0
1077380 902.3
1077390 902.3
1077400 905.0
1077410 907.4
1077420 907.4
1077430 909.8
1077440 912.0
1077450 912.0
1077460 914.6
1077470 916.7
1077480 918.7
1077490 918.7
1077500 920.4
1077510 925.6
1077520 925.6
1077530 926.7
1077540 927.6
1077550 927.6
1077560 929.0
1077570 931.2
1077580 931.2
1077590 932.6
1077600 935.0
1077610 935.0
1077620 936.9
1077630 938.8
1077640 938.8
1077650 940.5
1077660 942.1
1077670 942.1
1077680 944.2
1077690 946.2
1077700 946.2
1077710 947.1
1077720 947.6
1077730 947.6
1077740 947.8
1077750 947.7
1077760 947.2
1077770 947.2
1077780 947.6
1077790 948.1
1077800 948.1
1077810 947.8
1077820 944.1
1077830 953.7
1077840 952.1
1077850 939.5
1077860 939.5
1077870 934.6
1077880 933.0
1077890 933.0
1077900 931.8
1077910 930.6
1077920 930.6
1077930 928.7
1077940 926.7
1077950 926.7
1077960 925.4
1077970 924.0
1077980 924.0
1077990 922.6
1078000 921.6
1078010 918.1
1078020 918.1
1078030 913.8
1078040 909.0
1078050 909.0
1078060 905.8
1078070 902.5
1078080 902.5
1078090 899.1
1078100 895.6
1078110 895.6
1078120 892.8
1078130 889.7
1078140 896.9
1078150 893.3
1078160 889.8
1078170 889.8
1078180 886.9
1078190 883.6
1078200 883.6
1078210 880.4
1078220 877.2
1078230 877.2
1078240 874.5
1078250 874.6
1078260 874.6
1078270 872.2
1078280 867.3
1078290 861.3
1078300 861.3
1078310 856.0
1078320 851.7
1078330 851.7
1078340 846.4
1078350 839.2
1078360 839.2
1078370 833.8
1078380 826.1
1078390 826.1
1078400 816.3
1078410 812.5
1078420 812.5
1078430 813.9
1078440 811.9
1078450 816.9
1078460 823.8
1078470 828.1
1078480 828.1
1078490 833.5
1078500 837.5
1078510 837.5
1078520 840.8
1078530 843.8
1078540 843.8
1078550 848.0
1078560 850.0
1078570 850.8
1078580 850.8
1078590 851.1
1078600 850.0
1078610 850.0
1078620 846.1
1078630 841.2
1078640 841.2
1078650 839.9
1078660 842.4
1078670 842.4
1078680 847.4
1078690 851.5
1078700 851.5
1078710 851.4
1078720 848.1
1078730 848.1
1078740 844.6
1078750 844.9
1078760 844.9
1078770 852.7
1078780 850.4
1078790 850.4
1078800 845.8
1078810 841.9
1078820 841.9
1078830 842.1
1078840 844.1
1078850 846.1
1078860 846.1
1078870 847.3
1078880 846.9
1078890 846.9
1078900 843.0
1078910 836.1
1078920 836.1
1078930 830.7
1078940 827.8
1078950 827.8
1078960 822.9
1078970 825.6
1078980 825.6
1078990 830.9
1079000 835.4
1079010 835.4
1079020 836.6
1079030 832.4
1079040 832.4
1079050 824.1
1079060 815.5
1079070 815.5
1079080 813.2
1079090 819.3
1079100 828.4
1079110 828.4
1079120 831.0
1079130 832.0
1079140 832.0
1079150 833.1
1079160 832.8
1079170 832.8
1079180 832.2
1079190 831.7
1079200 831.7
1079210 828.4
1079220 822.3
1079230 822.3
1079240 817.1
1079250 812.0
1079260 812.0
1079270 806.6
1079280 800.9
1079290 800.9
1079300 794.3
1079310 796.9
1079320 796.9
1079330 805.6
1079340 812.4
1079350 812.4
1079360 817.0
1079370 819.6
1079380 824.3
1079390 824.3
1079400 832.9
1079410 839.1
1079420 839.1
1079430 842.5
1079440 842.7
1079450 842.7
1079460 840.0
1079470 835.1
1079480 835.1
1079490 829.9
1079500 826.6
1079510 826.6
1079520 828.4
1079530 830.7
1079540 830.7
1079550 828.8
1079560 824.1
1079570 824.1
1079580 819.0
1079590 815.5
1079600 815.5
1079610 810.4
1079620 805.2
1079630 805.2
1079640 800.3
1079650 798.4
1079660 801.0
1079670 801.0
1079680 801.3
1079690 797.5
1079700 797.5
1079710 795.7
1079720 786.1
1079730 786.1
1079740 778.3
1079750 771.8
1079760 771.8
1079770 770.0
1079780 773.5
1079790 773.5
1079800 773.3
1079810 775.5
1079820 775.5
1079830 783.2
1079840 785.8
1079850 785.8
1079860 782.1
1079870 776.9
1079880 776.9
1079890 766.0
1079900 753.2
1079910 753.2
1079920 746.7
1079930 744.0
1079940 741.2
1079950 741.2
1079960 737.1
1079970 732.7
1079980 732.7
1079990 727.2
