1061360 430.1
1061370 430.1
1061380 430.1
1061390 430.1
1061400 430.1
1061410 430.1
1061420 430.0
1061430 430.0
1061440 430.0
1061450 430.0
1061460 430.1
1061470 430.1
1061480 430.1
1061490 430.3
1061500 430.3
1061510 430.3
1061520 430.2
1061530 430.0
1061540 430.0
1061550 430.0
1061560 430.0
1061570 430.0
1061580 429.8
1061590 430.0
1061600 430.0
1061610 430.3
1061620 430.3
1061630 430.3
1061640 430.1
1061650 428.6
1061660 428.6
1061670 429.5
1061680 429.9
1061690 429.9
1061700 429.9
1061710 429.9
1061720 429.9
1061730 429.9
1061740 429.9
1061750 429.8
1061760 429.8
1061770 430.0
1061780 430.1
1061790 430.1
1061800 430.2
1061810 430.1
1061820 430.1
1061830 430.1
1061840 430.0
1061850 429.9
1061860 429.9
1061870 429.7
1061880 429.8
1061890 429.8
1061900 429.7
1061910 429.6
1061920 429.6
1061930 429.4
1061940 428.8
1061950 428.8
1061960 429.2
1061970 429.7
1061980 429.6
1061990 429.6
1062000 429.5
1062010 429.6
1062020 429.6
1062030 429.6
1062040 429.6
1062050 429.6
1062060 429.6
1062070 429.6
1062080 429.6
1062090 429.6
1062100 429.9
1062110 430.3
1062120 430.3
1062130 430.5
1062140 430.5
1062150 430.5
1062160 430.5
1062170 430.5
1062180 430.5
1062190 430.5
1062200 430.5
1062210 430.5
1062220 430.4
1062230 430.4
1062240 430.2
1062250 430.2
1062260 430.2
1062270 430.4
1062280 430.4
1062290 430.7
1062300 430.8
1062310 430.8
1062320 431.0
1062330 430.8
1062340 430.8
1062350 430.5
1062360 430.3
1062370 430.4
1062380 430.4
1062390 430.2
1062400 429.9
1062410 429.9
1062420 430.1
1062430 430.3
1062440 430.3
1062450 430.2
1062460 430.3
1062470 430.3
1062480 430.3
1062490 430.3
1062500 430.4
1062510 430.4
1062520 430.4
1062530 430.5
1062540 430.6
1062550 430.7
1062560 430.7
1062570 430.7
1062580 430.9
1062590 431.4
1062600 431.4
1062610 431.4
1062620 431.3
1062630 431.3
1062640 431.3
1062650 431.1
1062660 430.8
1062670 430.8
1062680 430.6
1062690 430.2
1062700 430.2
1062710 430.3
1062720 430.3
1062730 430.5
1062740 430.5
1062750 430.8
1062760 430.9
1062770 430.9
1062780 430.9
1062790 431.0
1062800 431.0
1062810 431.0
1062820 431.0
1062830 431.0
1062840 431.0
1062850 431.0
1062860 430.5
1062870 430.5
1062880 430.3
1062890 430.5
1062900 430.5
1062910 430.8
1062920 430.8
1062930 430.8
1062940 430.9
1062950 431.1
1062960 431.1
1062970 431.2
1062980 431.4
1062990 431.3
1063000 431.3
1063010 431.3
1063020 431.2
1063030 431.2
1063040 431.2
1063050 431.2
1063060 431.2
1063070 431.2
1063080 431.3
1063090 431.3
1063100 431.4
1063110 431.5
1063120 431.4
1063130 431.4
1063140 431.3
1063150 431.3
1063160 431.3
1063170 431.4
1063180 431.3
1063190 431.3
1063200 431.6
1063210 431.7
1063220 431.7
1063230 431.7
1063240 431.6
1063250 431.6
1063260 431.6
1063270 431.5
1063280 431.5
1063290 431.5
1063300 431.4
1063310 431.4
1063320 431.4
1063330 431.4
1063340 431.3
1063350 431.3
1063360 431.3
1063370 431.3
1063380 431.4
1063390 431.6
1063400 431.8
1063410 431.8
1063420 431.5
1063430 431.5
1063440 431.5
1063450 431.5
1063460 431.6
1063470 431.6
1063480 431.6
1063490 431.7
1063500 431.7
1063510 431.7
1063520 431.8
1063530 431.8
1063540 432.0
1063550 432.3
1063560 432.3
1063570 432.3
1063580 432.3
1063590 432.3
1063600 432.4
1063610 432.5
1063620 432.5
1063630 432.5
1063640 432.6
1063650 432.6
1063660 432.6
1063670 432.7
1063680 432.8
1063690 432.8
1063700 432.9
1063710 432.7
1063720 432.7
1063730 432.9
1063740 432.9
1063750 432.9
1063760 432.8
1063770 432.8
1063780 432.8
1063790 432.9
1063800 433.0
1063810 433.0
1063820 432.9
1063830 432.9
1063840 432.9
1063850 432.9
1063860 433.0
1063870 433.0
1063880 433.0
1063890 433.1
1063900 433.1
1063910 433.1
1063920 433.2
1063930 433.2
1063940 433.3
1063950 433.2
1063960 433.3
1063970 433.3
1063980 433.3
1063990 433.3
1064000 433.3
1064010 433.4
1064020 433.5
1064030 433.5
1064040 433.5
1064050 433.5
1064060 433.5
1064070 433.6
1064080 433.5
1064090 433.5
1064100 433.6
1064110 433.8
1064120 433.8
1064130 433.7
1064140 433.7
1064150 433.7
1064160 433.6
1064170 433.6
1064180 433.6
1064190 433.6
1064200 433.7
1064210 433.9
1064220 433.9
1064230 433.8
1064240 433.8
1064250 433.8
1064260 433.7
1064270 433.9
1064280 433.9
1064290 433.9
1064300 433.7
1064310 433.7
1064320 433.6
1064330 433.9
1064340 433.9
1064350 434.0
1064360 434.1
1064370 434.1
1064380 434.1
1064390 434.1
1064400 434.1
1064410 434.2
1064420 434.3
1064430 434.3
1064440 434.4
1064450 434.5
1064460 434.5
1064470 434.5
1064480 434.4
1064490 434.5
1064500 434.5
1064510 434.6
1064520 434.5
1064530 434.5
1064540 434.6
1064550 434.8
1064560 434.8
1064570 434.7
1064580 434.7
1064590 434.7
1064600 434.8
1064610 434.8
1064620 434.8
1064630 434.8
1064640 434.9
1064650 434.9
1064660 434.9
1064670 435.0
1064680 435.0
1064690 434.8
1064700 434.6
1064710 434.6
1064720 434.4
1064730 434.5
1064740 434.5
1064750 434.8
1064760 435.1
1064770 435.2
1064780 435.2
1064790 435.2
1064800 435.2
1064810 435.2
1064820 435.3
1064830 435.3
1064840 435.3
1064850 435.3
1064860 435.3
1064870 435.3
1064880 435.3
1064890 435.3
1064900 435.3
1064910 435.4
1064920 435.5
1064930 435.5
1064940 435.5
1064950 435.6
1064960 435.6
1064970 435.7
1064980 435.7
1064990 435.7
1065000 435.7
1065010 435.8
1065020 435.8
1065030 435.9
1065040 436.0
1065050 436.1
1065060 436.1
1065070 436.2
1065080 436.3
1065090 436.3
1065100 436.3
1065110 436.4
1065120 436.4
1065130 436.5
1065140 436.6
1065150 436.5
1065160 436.6
1065170 436.7
1065180 436.7
1065190 436.9
1065200 437.0
1065210 437.0
1065220 437.1
1065230 437.1
1065240 437.1
1065250 437.2
1065260 437.2
1065270 437.2
1065280 437.3
1065290 437.3
1065300 437.3
1065310 437.3
1065320 437.5
1065330 437.5
1065340 437.5
1065350 437.5
1065360 437.6
1065370 437.6
1065380 437.7
1065390 437.7
1065400 437.7
1065410 437.8
1065420 437.9
1065430 437.9
1065440 437.8
1065450 437.6
1065460 437.9
1065470 437.5
1065480 437.8
1065490 437.8
1065500 438.0
1065510 438.0
1065520 438.0
1065530 437.7
1065540 437.9
1065550 437.9
1065560 438.1
1065570 438.0
1065580 438.0
1065590 438.1
1065600 438.2
1065610 437.9
1065620 437.9
1065630 437.9
1065640 438.2
1065650 438.2
1065660 438.4
1065670 438.5
1065680 438.5
1065690 438.6
1065700 438.8
1065710 438.8
1065720 438.8
1065730 438.9
1065740 438.9
1065750 439.0
1065760 439.0
1065770 439.0
1065780 439.0
1065790 439.3
1065800 439.3
1065810 439.3
1065820 439.4
1065830 439.4
1065840 439.1
1065850 439.7
1065860 442.2
1065870 442.2
1065880 442.8
1065890 440.5
1065900 440.5
1065910 439.3
1065920 438.6
1065930 438.6
1065940 435.2
1065950 434.2
1065960 434.2
1065970 435.6
1065980 438.9
1065990 438.9
1066000 440.1
1066010 443.1
1066020 443.1
1066030 442.1
1066040 439.8
1066050 439.8
1066060 439.5
1066070 439.6
1066080 439.6
1066090 439.2
1066100 439.4
1066110 439.4
1066120 439.6
1066130 439.6
1066140 439.6
1066150 439.6
1066160 439.5
1066170 439.4
1066180 439.4
1066190 439.5
1066200 439.5
1066210 439.5
1066220 439.4
1066230 439.0
1066240 439.0
1066250 439.0
1066260 439.1
1066270 439.1
1066280 439.1
1066290 439.1
1066300 439.1
1066310 439.1
1066320 438.7
1066330 438.7
1066340 438.7
1066350 438.7
1066360 438.7
1066370 439.1
1066380 439.1
1066390 439.1
1066400 439.2
1066410 439.1
1066420 439.0
1066430 439.0
1066440 438.8
1066450 438.7
1066460 438.7
1066470 438.8
1066480 438.8
1066490 438.8
1066500 438.8
1066510 438.7
1066520 438.7
1066530 438.6
1066540 438.2
1066550 438.2
1066560 438.4
1066570 438.2
1066580 438.2
1066590 438.4
1066600 438.5
1066610 438.5
1066620 438.5
1066630 438.5
1066640 438.5
1066650 438.5
1066660 438.5
1066670 438.6
1066680 438.6
1066690 438.7
1066700 438.6
1066710 438.6
1066720 438.6
1066730 438.7
1066740 438.7
1066750 438.7
1066760 438.8
1066770 438.8
1066780 438.8
1066790 438.8
1066800 438.8
1066810 438.6
1066820 438.7
1066830 438.7
1066840 438.7
1066850 438.7
1066860 438.7
1066870 438.6
1066880 438.6
1066890 438.6
1066900 438.6
1066910 438.6
1066920 438.6
1066930 438.6
1066940 438.7
1066950 438.7
1066960 438.8
1066970 438.8
1066980 438.9
1066990 438.9
1067000 438.9
1067010 438.7
1067020 438.7
1067030 438.9
1067040 439.1
1067050 439.1
1067060 439.0
1067070 439.0
1067080 439.0
1067090 438.9
1067100 438.9
1067110 438.9
1067120 438.9
1067130 438.9
1067140 438.9
1067150 438.8
1067160 439.0
1067170 439.0
1067180 439.0
1067190 439.0
1067200 439.0
1067210 439.0
1067220 438.9
1067230 438.9
1067240 438.9
1067250 438.9
1067260 439.0
1067270 439.0
1067280 438.9
1067290 438.8
1067300 438.8
1067310 438.8
1067320 438.7
1067330 438.7
1067340 438.5
1067350 438.2
1067360 438.2
1067370 438.3
1067380 438.6
1067390 438.6
1067400 438.8
1067410 438.9
1067420 438.9
1067430 439.2
1067440 438.8
1067450 438.8
1067460 438.8
1067470 438.9
1067480 438.9
1067490 438.7
1067500 438.8
1067510 438.9
1067520 438.9
1067530 438.8
1067540 438.8
1067550 438.8
1067560 438.7
1067570 438.8
1067580 438.8
1067590 438.7
1067600 438.7
1067610 438.7
1067620 438.6
1067630 438.6
1067640 438.6
1067650 438.6
1067660 438.5
1067670 438.5
1067680 438.4
1067690 438.4
1067700 438.4
1067710 438.4
1067720 438.3
1067730 438.3
1067740 438.4
1067750 438.5
1067760 438.5
1067770 438.3
1067780 438.3
1067790 438.1
1067800 438.1
1067810 437.8
1067820 437.8
1067830 437.8
1067840 437.9
1067850 438.0
1067860 438.0
1067870 438.1
1067880 438.4
1067890 438.2
1067900 438.5
1067910 438.4
1067920 438.4
1067930 438.2
1067940 438.2
1067950 438.2
1067960 438.4
1067970 438.5
1067980 438.5
1067990 438.9
1068000 439.1
1068010 439.1
1068020 439.0
1068030 438.4
1068040 438.4
1068050 438.3
1068060 438.4
1068070 438.3
1068080 438.3
1068090 438.4
1068100 438.0
1068110 438.0
1068120 438.4
1068130 438.2
1068140 438.2
1068150 438.2
1068160 438.2
1068170 438.2
1068180 438.1
1068190 438.0
1068200 438.1
1068210 438.1
1068220 438.0
1068230 438.0
1068240 438.0
1068250 438.0
1068260 438.0
1068270 438.0
1068280 438.0
1068290 438.0
1068300 438.0
1068310 438.1
1068320 438.1
1068330 438.1
1068340 438.0
1068350 438.0
1068360 438.0
1068370 438.0
1068380 438.1
1068390 438.1
1068400 438.1
1068410 438.1
1068420 438.1
1068430 438.2
1068440 438.1
1068450 438.1
1068460 438.0
1068470 438.0
1068480 438.0
1068490 438.0
1068500 437.8
1068510 437.9
1068520 438.0
1068530 438.0
1068540 438.0
1068550 437.9
1068560 437.9
1068570 437.9
1068580 437.9
1068590 437.9
1068600 437.9
1068610 438.0
1068620 438.0
1068630 438.0
1068640 438.0
1068650 438.1
1068660 438.0
1068670 438.0
1068680 437.9
1068690 437.9
1068700 437.9
1068710 437.9
1068720 437.8
1068730 437.8
1068740 437.8
1068750 437.8
1068760 437.8
1068770 437.7
1068780 437.7
1068790 437.7
1068800 437.7
1068810 437.8
1068820 437.8
1068830 437.8
1068840 437.9
1068850 437.9
1068860 438.0
1068870 438.0
1068880 438.0
1068890 438.0
1068900 438.1
1068910 438.3
1068920 438.3
1068930 438.5
1068940 438.2
1068950 438.2
1068960 438.1
1068970 438.2
1068980 438.2
1068990 438.3
1069000 438.2
1069010 438.2
1069020 438.3
1069030 438.2
1069040 438.2
1069050 438.3
1069060 438.3
1069070 438.3
1069080 438.3
1069090 438.3
1069100 438.3
1069110 438.3
1069120 438.4
1069130 438.4
1069140 438.3
1069150 438.3
1069160 438.3
1069170 438.3
1069180 438.3
1069190 438.4
1069200 438.4
1069210 438.4
1069220 438.4
1069230 438.4
1069240 438.4
1069250 438.4
1069260 438.4
1069270 438.4
1069280 438.4
1069290 438.4
1069300 438.4
1069310 438.5
1069320 438.5
1069330 438.6
1069340 438.7
1069350 438.7
1069360 438.9
1069370 439.5
1069380 439.5
1069390 439.2
1069400 439.5
1069410 439.5
1069420 439.7
1069430 439.4
1069440 439.6
1069450 439.6
1069460 439.8
1069470 439.9
1069480 439.9
1069490 440.1
1069500 440.1
1069510 440.1
1069520 440.1
1069530 440.1
1069540 440.1
1069550 440.1
1069560 439.9
1069570 439.9
1069580 439.8
1069590 439.8
1069600 439.8
1069610 439.8
1069620 439.8
1069630 439.8
1069640 439.9
1069650 439.9
1069660 439.9
1069670 440.0
1069680 440.1
1069690 440.1
1069700 440.1
1069710 440.1
1069720 440.1
1069730 440.2
1069740 440.2
1069750 440.3
1069760 440.3
1069770 440.4
1069780 440.5
1069790 440.5
1069800 440.5
1069810 440.9
1069820 440.9
1069830 441.1
1069840 441.2
1069850 441.2
1069860 441.2
1069870 441.5
1069880 441.5
1069890 442.1
1069900 442.3
1069910 442.3
1069920 442.2
1069930 442.0
1069940 442.0
1069950 442.4
1069960 442.3
1069970 442.3
1069980 442.2
1069990 442.4
1070000 442.2
1070010 442.2
1070020 442.0
1070030 441.8
1070040 442.0
1070050 441.8
1070060 441.8
1070070 441.8
1070080 441.9
1070090 442.0
1070100 442.0
1070110 442.0
1070120 442.1
1070130 442.1
1070140 442.3
1070150 442.3
1070160 442.3
1070170 442.4
1070180 442.5
1070190 442.5
1070200 442.6
1070210 443.3
1070220 443.3
1070230 444.0
1070240 443.7
1070250 443.7
1070260 443.6
1070270 443.5
1070280 443.6
1070290 443.6
1070300 443.6
1070310 443.7
1070320 443.7
1070330 444.0
1070340 443.8
1070350 443.7
1070360 443.5
1070370 443.4
1070380 443.4
1070390 443.3
1070400 443.3
1070410 443.3
1070420 443.2
1070430 443.2
1070440 443.2
1070450 443.3
1070460 443.4
1070470 443.4
1070480 443.4
1070490 444.3
1070500 444.3
1070510 444.2
1070520 444.2
1070530 444.2
1070540 444.2
1070550 444.3
1070560 444.3
1070570 444.3
1070580 444.5
1070590 444.4
1070600 444.4
1070610 444.5
1070620 444.7
1070630 444.7
1070640 444.8
1070650 444.8
1070660 444.8
1070670 444.8
1070680 444.8
1070690 444.8
1070700 444.8
1070710 444.8
1070720 444.8
1070730 445.0
1070740 445.1
1070750 445.1
1070760 445.3
1070770 445.2
1070780 445.2
1070790 445.2
1070800 445.0
1070810 444.9
1070820 444.9
1070830 444.9
1070840 445.0
1070850 445.0
1070860 445.1
1070870 445.6
1070880 445.6
1070890 445.8
1070900 445.7
1070910 445.7
1070920 445.8
1070930 445.8
1070940 445.8
1070950 445.7
1070960 445.7
1070970 445.7
1070980 445.8
1070990 445.7
1071000 445.7
1071010 445.7
1071020 445.8
1071030 445.8
1071040 445.8
1071050 446.1
1071060 446.1
1071070 446.4
1071080 446.5
1071090 446.5
1071100 446.5
1071110 446.3
1071120 446.2
1071130 446.2
1071140 446.2
1071150 446.2
1071160 446.2
1071170 446.3
1071180 446.4
1071190 446.4
1071200 446.5
1071210 446.6
1071220 446.6
1071230 446.7
1071240 446.7
1071250 446.7
1071260 446.8
1071270 446.8
1071280 446.8
1071290 446.9
1071300 447.0
1071310 447.0
1071320 447.0
1071330 447.1
1071340 447.1
1071350 447.3
1071360 448.3
1071370 452.0
1071380 452.0
1071390 452.6
1071400 452.6
1071410 452.6
1071420 452.1
1071430 448.2
1071440 448.2
1071450 447.6
1071460 447.8
1071470 447.8
1071480 447.9
1071490 448.0
1071500 448.0
1071510 448.1
1071520 448.1
1071530 448.1
1071540 448.1
1071550 448.2
1071560 448.2
1071570 448.3
1071580 448.4
1071590 448.4
1071600 448.4
1071610 448.5
1071620 448.5
1071630 448.5
1071640 448.5
1071650 448.6
1071660 448.6
1071670 448.7
1071680 448.8
1071690 448.8
1071700 448.9
1071710 449.0
1071720 449.0
1071730 449.0
1071740 449.2
1071750 449.2
1071760 449.4
1071770 449.5
1071780 449.5
1071790 449.5
1071800 449.6
1071810 449.6
1071820 449.8
1071830 450.1
1071840 450.1
1071850 450.3
1071860 450.3
1071870 450.3
1071880 450.0
1071890 450.1
1071900 450.4
1071910 450.4
1071920 450.6
1071930 450.7
1071940 450.7
1071950 450.5
1071960 450.5
1071970 450.5
1071980 450.6
1071990 450.7
1072000 450.7
1072010 450.8
1072020 450.9
1072030 450.9
1072040 451.0
1072050 451.1
1072060 451.1
1072070 451.3
1072080 451.5
1072090 451.5
1072100 451.6
1072110 451.7
1072120 451.7
1072130 451.8
1072140 452.2
1072150 452.2
1072160 453.4
1072170 452.7
1072180 452.7
1072190 452.8
1072200 452.8
1072210 453.2
1072220 453.2
1072230 453.4
1072240 453.3
1072250 453.3
1072260 453.9
1072270 454.2
1072280 454.2
1072290 453.7
1072300 453.9
1072310 453.9
1072320 453.8
1072330 454.1
1072340 454.1
1072350 454.2
1072360 454.3
1072370 454.3
1072380 454.4
1072390 454.5
1072400 454.5
1072410 454.6
1072420 454.7
1072430 454.7
1072440 454.8
1072450 455.1
1072460 455.2
1072470 455.2
1072480 455.3
1072490 455.5
1072500 455.3
1072510 455.5
1072520 455.6
1072530 455.6
1072540 455.9
1072550 456.1
1072560 456.1
1072570 456.2
1072580 456.1
1072590 456.1
1072600 456.2
1072610 456.1
1072620 456.1
1072630 456.0
1072640 456.1
1072650 456.1
1072660 456.2
1072670 456.3
1072680 456.3
1072690 456.5
1072700 456.7
1072710 456.7
1072720 456.9
1072730 457.1
1072740 457.4
1072750 457.4
1072760 458.5
1072770 458.9
1072780 458.9
1072790 458.3
1072800 458.2
1072810 458.3
1072820 459.0
1072830 458.7
1072840 458.7
1072850 458.5
1072860 458.7
1072870 458.7
1072880 458.9
1072890 459.9
1072900 459.9
1072910 462.2
1072920 466.0
1072930 466.0
1072940 470.5
1072950 476.3
1072960 476.3
1072970 481.7
1072980 486.7
1072990 486.7
1073000 491.9
1073010 494.2
1073020 493.8
1073030 493.8
1073040 492.0
1073050 489.9
1073060 489.9
1073070 490.8
1073080 493.4
1073090 493.4
1073100 497.0
1073110 500.9
1073120 501.6
1073130 505.5
1073140 507.3
1073150 507.3
1073160 508.0
1073170 507.7
1073180 507.7
1073190 507.1
1073200 506.4
1073210 506.4
1073220 503.9
1073230 500.9
1073240 500.9
1073250 499.3
1073260 498.3
1073270 498.0
1073280 498.0
1073290 497.1
1073300 494.7
1073310 494.7
1073320 493.6
1073330 491.1
1073340 491.1
1073350 487.9
1073360 485.4
1073370 485.4
1073380 476.7
1073390 470.2
1073400 470.2
1073410 467.4
1073420 466.8
1073430 466.9
1073440 467.0
1073450 466.9
1073460 466.9
1073470 467.0
1073480 468.1
1073490 468.1
1073500 468.3
1073510 468.1
1073520 468.1
1073530 468.2
1073540 468.3
1073550 468.4
1073560 468.4
1073570 468.6
1073580 471.1
1073590 471.1
1073600 476.1
1073610 480.8
1073620 480.8
1073630 485.4
1073640 490.5
1073650 490.5
1073660 498.0
1073670 507.3
1073680 507.3
1073690 511.3
1073700 512.4
1073710 512.4
1073720 513.6
1073730 514.6
1073740 515.8
1073750 517.9
1073760 515.0
1073770 515.0
1073780 510.4
1073790 507.4
1073800 507.4
1073810 508.4
1073820 510.6
1073830 514.6
1073840 514.6
1073850 521.0
1073860 529.4
1073870 529.4
1073880 534.2
1073890 537.7
1073900 537.7
1073910 541.5
1073920 546.6
1073930 546.6
1073940 550.2
1073950 551.8
1073960 551.8
1073970 554.1
1073980 556.1
1073990 556.1
1074000 559.1
1074010 560.4
1074020 560.4
1074030 562.0
1074040 562.5
1074050 561.5
1074060 563.1
1074070 564.4
1074080 564.4
1074090 565.3
1074100 566.0
1074110 567.9
1074120 567.9
1074130 570.6
1074140 572.0
1074150 572.0
1074160 572.0
1074170 572.3
1074180 572.3
1074190 572.8
1074200 573.2
1074210 573.2
1074220 574.4
1074230 574.1
1074240 574.1
1074250 573.3
1074260 573.0
1074270 573.0
1074280 572.6
1074290 572.1
1074300 572.1
1074310 572.4
1074320 572.9
1074330 572.9
1074340 572.3
1074350 571.8
1074360 571.2
1074370 570.1
1074380 569.5
1074390 569.2
1074400 569.2
1074410 571.3
1074420 572.3
1074430 572.3
1074440 571.3
1074450 570.6
1074460 570.6
1074470 571.3
1074480 571.9
1074490 571.9
1074500 571.3
1074510 569.9
1074520 569.9
1074530 568.9
1074540 567.1
1074550 567.1
1074560 565.3
1074570 564.3
1074580 564.3
1074590 563.2
1074600 562.1
1074610 562.1
1074620 562.1
1074630 562.2
1074640 562.1
1074650 562.1
1074660 561.6
1074670 561.7
1074680 561.7
1074690 561.9
1074700 562.9
1074710 562.9
1074720 563.9
1074730 563.8
1074740 563.8
1074750 563.9
1074760 564.1
1074770 564.1
1074780 564.0
1074790 563.3
1074800 563.3
1074810 563.0
1074820 562.8
1074830 562.8
1074840 561.1
1074850 552.7
1074860 552.7
1074870 549.9
1074880 548.4
1074890 548.4
1074900 544.7
1074910 542.3
1074920 542.2
1074930 542.2
1074940 538.4
1074950 534.8
1074960 534.8
1074970 533.2
1074980 533.2
1074990 533.2
1075000 534.9
1075010 535.0
1075020 535.0
1075030 536.5
1075040 542.6
1075050 542.6
1075060 544.0
1075070 542.6
1075080 542.6
1075090 543.1
1075100 545.1
1075110 545.1
1075120 544.0
1075130 542.4
1075140 542.4
1075150 543.5
1075160 544.6
1075170 544.6
1075180 543.4
1075190 542.1
1075200 541.9
1075210 541.9
1075220 542.0
1075230 542.1
1075240 542.1
1075250 539.9
1075260 534.6
1075270 534.6
1075280 534.3
1075290 533.9
1075300 533.9
1075310 534.4
1075320 537.0
1075330 537.0
1075340 538.0
1075350 537.8
1075360 537.8
1075370 542.1
1075380 568.6
1075390 568.6
1075400 581.6
1075410 584.1
1075420 584.1
1075430 586.3
1075440 589.4
1075450 589.4
1075460 593.6
1075470 596.6
1075480 599.6
1075490 599.6
1075500 600.5
1075510 603.5
1075520 603.5
1075530 605.7
1075540 608.6
1075550 608.6
1075560 611.0
1075570 613.3
1075580 613.3
1075590 616.0
1075600 620.9
1075610 620.9
1075620 624.3
1075630 626.1
1075640 626.1
1075650 628.6
1075660 632.5
1075670 632.5
1075680 635.6
1075690 638.0
1075700 638.0
1075710 639.7
1075720 641.5
1075730 641.5
1075740 643.7
1075750 646.3
1075760 649.3
1075770 649.3
1075780 652.6
1075790 656.7
1075800 656.7
1075810 660.7
1075820 663.6
1075830 663.6
1075840 666.2
1075850 668.6
1075860 668.6
1075870 670.9
1075880 673.7
1075890 673.7
1075900 676.4
1075910 678.8
1075920 679.3
1075930 681.7
1075940 684.3
1075950 684.3
1075960 687.3
1075970 689.1
1075980 689.1
1075990 690.7
1076000 692.7
1076010 694.8
1076020 694.8
1076030 697.5
1076040 701.6
1076050 701.6
1076060 705.1
1076070 708.3
1076080 708.3
1076090 711.6
1076100 714.4
1076110 714.4
1076120 716.9
1076130 719.0
1076140 719.0
1076150 720.9
1076160 723.3
1076170 723.3
1076180 724.4
1076190 725.0
1076200 725.0
1076210 725.4
1076220 728.1
1076230 728.5
1076240 731.0
1076250 730.6
1076260 730.6
1076270 724.1
1076280 708.6
1076290 701.0
1076300 701.0
1076310 694.7
1076320 694.0
1076330 694.0
1076340 697.3
1076350 702.6
1076360 702.6
1076370 708.6
1076380 716.2
1076390 716.2
1076400 723.2
1076410 727.6
1076420 727.6
1076430 730.4
1076440 739.5
1076450 739.5
1076460 746.9
1076470 754.9
1076480 754.9
1076490 761.2
1076500 767.1
1076510 767.1
1076520 769.7
1076530 767.4
1076540 776.5
1076550 774.9
1076560 771.0
1076570 764.8
1076580 764.8
1076590 761.0
1076600 759.5
1076610 759.5
1076620 760.2
1076630 763.3
1076640 763.3
1076650 766.2
1076660 768.4
1076670 768.4
1076680 769.7
1076690 770.2
1076700 770.2
1076710 770.3
1076720 770.2
1076730 770.2
1076740 769.6
1076750 768.8
1076760 768.8
1076770 767.6
1076780 764.0
1076790 764.0
1076800 757.3
1076810 751.1
1076820 751.1
1076830 745.7
1076840 739.8
1076850 743.2
1076860 743.2
1076870 738.3
1076880 733.5
1076890 733.5
1076900 729.4
1076910 726.0
1076920 726.0
1076930 721.7
1076940 717.2
1076950 717.2
1076960 713.2
1076970 709.2
1076980 709.2
1076990 704.8
1077000 701.3
1077010 701.3
1077020 698.4
1077030 695.5
1077040 695.5
1077050 692.8
1077060 690.1
1077070 690.1
1077080 686.5
1077090 683.3
1077100 683.3
1077110 679.7
1077120 674.4
1077130 667.7
1077140 667.7
1077150 660.1
1077160 659.2
1077170 659.2
1077180 654.4
1077190 652.7
1077200 652.7
1077210 648.3
1077220 646.8
1077230 646.8
1077240 644.3
1077250 640.5
1077260 640.5
1077270 632.6
1077280 627.5
1077290 627.5
1077300 632.2
1077310 633.7
1077320 633.7
1077330 631.2
1077340 625.3
1077350 625.3
1077360 617.1
1077370 609.7
1077380 611.6
1077390 611.6
1077400 597.9
1077410 573.6
1077420 573.6
1077430 556.4
1077440 552.2
1077450 552.2
1077460 550.9
1077470 551.4
1077480 556.6
1077490 556.7
1077500 557.2
1077510 557.2
1077520 556.6
1077530 556.2
1077540 556.2
1077550 556.6
1077560 558.2
1077570 558.2
1077580 559.3
1077590 559.0
1077600 559.0
1077610 558.0
1077620 556.2
1077630 556.2
1077640 556.3
1077650 558.0
1077660 557.4
1077670 557.4
1077680 554.6
1077690 554.6
1077700 554.6
1077710 554.6
1077720 554.5
1077730 554.5
1077740 554.9
1077750 555.7
1077760 555.7
1077770 556.2
1077780 556.2
1077790 557.0
1077800 558.5
1077810 562.9
1077820 562.9
1077830 566.1
1077840 574.5
1077850 574.5
1077860 584.9
1077870 599.7
1077880 599.7
1077890 622.1
1077900 630.2
1077910 630.2
1077920 637.0
1077930 647.6
1077940 659.3
1077950 659.3
1077960 668.4
1077970 674.1
1077980 674.1
1077990 675.8
1078000 607.2
1078010 607.2
1078020 573.5
1078030 567.0
1078040 567.0
1078050 572.8
1078060 580.7
1078070 580.7
1078080 586.2
1078090 588.8
1078100 583.3
1078110 586.9
1078120 588.4
1078130 588.4
1078140 589.2
1078150 591.1
1078160 591.1
1078170 591.1
1078180 593.2
1078190 593.2
1078200 597.5
1078210 600.9
1078220 605.0
1078230 605.0
1078240 610.7
1078250 619.5
1078260 619.5
1078270 625.6
1078280 633.2
1078290 633.2
1078300 639.4
1078310 643.1
1078320 643.1
1078330 659.5
1078340 673.9
1078350 673.9
1078360 682.3
1078370 688.9
1078380 688.9
1078390 697.2
1078400 701.8
1078410 701.8
1078420 699.5
1078430 689.0
1078440 689.0
1078450 681.4
1078460 679.7
1078470 679.7
1078480 680.6
1078490 682.8
1078500 686.8
1078510 686.8
1078520 691.5
1078530 696.6
1078540 696.6
1078550 700.1
1078560 706.2
1078570 706.2
1078580 713.6
1078590 721.2
1078600 721.2
1078610 728.6
1078620 735.9
1078630 735.9
1078640 743.0
1078650 749.4
1078660 749.4
1078670 754.1
1078680 758.0
1078690 758.0
1078700 761.4
1078710 763.8
1078720 763.8
1078730 761.6
1078740 764.7
1078750 767.0
1078760 767.0
1078770 767.8
1078780 767.7
1078790 767.7
1078800 770.0
1078810 772.4
1078820 772.4
1078830 773.2
1078840 771.4
1078850 771.4
1078860 766.3
1078870 760.8
1078880 760.8
1078890 754.9
1078900 750.2
1078910 750.2
1078920 745.6
1078930 739.7
1078940 739.7
1078950 733.2
1078960 726.5
1078970 726.5
1078980 723.6
1078990 721.0
1079000 721.0
1079010 717.5
1079020 712.9
1079030 703.5
1079040 701.7
1079050 697.0
1079060 699.6
1079070 699.6
1079080 706.1
1079090 711.5
1079100 711.5
1079110 717.3
1079120 726.7
1079130 726.7
1079140 735.1
1079150 742.0
1079160 742.0
1079170 749.0
1079180 757.0
1079190 757.0
1079200 763.6
1079210 769.8
1079220 769.8
1079230 774.8
1079240 778.7
1079250 778.7
1079260 784.2
1079270 789.6
1079280 789.6
1079290 794.7
1079300 800.2
1079310 805.3
1079320 805.3
1079330 810.9
1079340 816.1
1079350 816.1
1079360 821.8
1079370 826.1
1079380 826.1
1079390 830.8
1079400 836.0
1079410 836.0
1079420 841.2
1079430 845.0
1079440 845.0
1079450 848.9
1079460 854.4
1079470 854.4
1079480 859.5
1079490 863.6
1079500 863.6
1079510 867.3
1079520 870.5
1079530 870.5
1079540 874.8
1079550 879.9
1079560 879.9
1079570 882.3
1079580 883.7
1079590 884.8
1079600 884.8
1079610 886.0
1079620 886.4
1079630 886.4
1079640 887.2
1079650 888.2
1079660 888.2
1079670 888.6
1079680 889.5
1079690 889.5
1079700 890.3
1079710 890.6
1079720 890.6
1079730 889.5
1079740 883.9
1079750 883.9
1079760 875.7
1079770 871.2
1079780 871.2
1079790 884.0
1079800 892.6
1079810 892.6
1079820 896.4
1079830 899.0
1079840 900.1
1079850 900.1
1079860 901.1
1079870 902.2
1079880 902.2
1079890 903.1
1079900 904.2
1079910 904.2
1079920 905.5
1079930 906.8
1079940 906.8
1079950 907.8
1079960 909.2
1079970 909.2
1079980 910.3
1079990 911.9
