1061680 429.7
1061690 430.0
1061700 430.0
1061710 430.2
1061720 430.2
1061730 430.1
1061740 430.1
1061750 430.1
1061760 430.1
1061770 430.1
1061780 430.1
1061790 429.9
1061800 429.9
1061810 429.1
1061820 430.0
1061830 430.0
1061840 430.2
1061850 430.2
1061860 430.3
1061870 430.3
1061880 430.3
1061890 430.2
1061900 430.2
1061910 430.3
1061920 430.3
1061930 430.3
1061940 430.3
1061950 430.1
1061960 430.1
1061970 429.6
1061980 429.3
1061990 429.9
1062000 429.9
1062010 430.2
1062020 429.4
1062030 429.4
1062040 429.4
1062050 429.9
1062060 429.9
1062070 429.9
1062080 429.8
1062090 429.8
1062100 429.6
1062110 429.6
1062120 429.7
1062130 429.7
1062140 429.6
1062150 429.6
1062160 429.6
1062170 429.6
1062180 429.6
1062190 429.6
1062200 429.7
1062210 429.7
1062220 429.7
1062230 429.7
1062240 429.7
1062250 429.8
1062260 429.8
1062270 429.8
1062280 429.9
1062290 429.9
1062300 429.9
1062310 429.9
1062320 429.9
1062330 429.9
1062340 429.9
1062350 429.9
1062360 430.0
1062370 430.0
1062380 430.0
1062390 430.0
1062400 430.1
1062410 430.1
1062420 430.1
1062430 430.1
1062440 430.2
1062450 430.2
1062460 430.3
1062470 430.4
1062480 430.5
1062490 430.5
1062500 430.7
1062510 430.7
1062520 430.7
1062530 430.5
1062540 430.3
1062550 430.3
1062560 430.6
1062570 430.8
1062580 430.8
1062590 430.8
1062600 430.7
1062610 430.7
1062620 430.7
1062630 430.6
1062640 430.6
1062650 430.6
1062660 430.7
1062670 430.8
1062680 430.8
1062690 430.9
1062700 430.9
1062710 430.9
1062720 430.9
1062730 430.9
1062740 430.8
1062750 430.8
1062760 430.9
1062770 430.9
1062780 430.9
1062790 430.9
1062800 431.0
1062810 431.0
1062820 431.1
1062830 431.0
1062840 431.0
1062850 431.1
1062860 431.2
1062870 431.2
1062880 431.2
1062890 431.2
1062900 431.2
1062910 431.2
1062920 431.3
1062930 431.4
1062940 431.4
1062950 431.4
1062960 431.5
1062970 431.5
1062980 431.6
1062990 431.6
1063000 431.6
1063010 431.6
1063020 431.6
1063030 431.6
1063040 431.6
1063050 431.6
1063060 431.6
1063070 431.6
1063080 431.9
1063090 432.0
1063100 432.0
1063110 432.0
1063120 432.0
1063130 431.7
1063140 431.7
1063150 431.5
1063160 431.2
1063170 431.2
1063180 431.4
1063190 431.4
1063200 431.4
1063210 431.4
1063220 431.4
1063230 431.4
1063240 431.5
1063250 431.6
1063260 431.6
1063270 431.6
1063280 431.6
1063290 431.6
1063300 431.7
1063310 431.7
1063320 431.7
1063330 431.7
1063340 431.7
1063350 431.7
1063360 431.8
1063370 431.9
1063380 431.9
1063390 432.0
1063400 432.2
1063410 432.1
1063420 432.1
1063430 432.0
1063440 432.2
1063450 432.2
1063460 432.3
1063470 432.3
1063480 432.2
1063490 432.4
1063500 432.4
1063510 432.4
1063520 432.4
1063530 432.5
1063540 432.5
1063550 432.6
1063560 432.8
1063570 432.8
1063580 432.8
1063590 432.7
1063600 432.7
1063610 432.7
1063620 432.7
1063630 432.7
1063640 432.8
1063650 432.8
1063660 432.8
1063670 432.8
1063680 432.8
1063690 432.9
1063700 432.9
1063710 432.9
1063720 433.1
1063730 433.1
1063740 433.2
1063750 433.3
1063760 433.3
1063770 433.4
1063780 433.3
1063790 433.4
1063800 433.4
1063810 433.5
1063820 433.5
1063830 433.5
1063840 433.6
1063850 433.6
1063860 433.6
1063870 433.6
1063880 433.6
1063890 433.7
1063900 433.6
1063910 433.6
1063920 433.6
1063930 433.8
1063940 433.8
1063950 433.9
1063960 434.0
1063970 434.1
1063980 434.1
1063990 434.3
1064000 434.3
1064010 434.3
1064020 434.2
1064030 434.2
1064040 434.2
1064050 434.4
1064060 434.7
1064070 434.7
1064080 434.7
1064090 434.3
1064100 434.3
1064110 434.3
1064120 434.3
1064130 434.3
1064140 434.4
1064150 434.5
1064160 434.5
1064170 434.6
1064180 434.5
1064190 434.5
1064200 434.6
1064210 434.6
1064220 434.6
1064230 434.6
1064240 434.6
1064250 434.6
1064260 434.6
1064270 434.7
1064280 434.7
1064290 434.7
1064300 434.8
1064310 434.9
1064320 434.9
1064330 435.0
1064340 435.1
1064350 435.1
1064360 435.2
1064370 435.3
1064380 435.3
1064390 435.3
1064400 435.3
1064410 435.3
1064420 435.3
1064430 435.4
1064440 435.4
1064450 435.4
1064460 435.4
1064470 435.4
1064480 435.3
1064490 435.2
1064500 435.1
1064510 435.1
1064520 435.3
1064530 435.6
1064540 435.6
1064550 435.8
1064560 435.9
1064570 435.9
1064580 435.8
1064590 435.9
1064600 435.9
1064610 435.8
1064620 435.9
1064630 435.9
1064640 435.9
1064650 435.9
1064660 435.9
1064670 436.0
1064680 436.0
1064690 436.0
1064700 436.1
1064710 436.1
1064720 436.1
1064730 436.2
1064740 436.2
1064750 436.2
1064760 436.2
1064770 436.3
1064780 436.3
1064790 436.3
1064800 436.3
1064810 436.4
1064820 436.4
1064830 436.3
1064840 436.4
1064850 436.4
1064860 436.4
1064870 436.5
1064880 436.5
1064890 436.6
1064900 436.7
1064910 436.7
1064920 436.6
1064930 436.7
1064940 436.7
1064950 436.7
1064960 436.9
1064970 436.9
1064980 437.0
1064990 437.1
1065000 437.2
1065010 437.1
1065020 437.1
1065030 437.1
1065040 437.1
1065050 437.2
1065060 437.2
1065070 437.2
1065080 437.2
1065090 437.2
1065100 437.2
1065110 437.3
1065120 437.4
1065130 437.4
1065140 437.4
1065150 437.4
1065160 437.4
1065170 437.5
1065180 437.6
1065190 437.6
1065200 437.6
1065210 437.7
1065220 437.7
1065230 437.6
1065240 437.4
1065250 437.4
1065260 437.4
1065270 437.6
1065280 437.6
1065290 437.8
1065300 437.9
1065310 437.9
1065320 437.9
1065330 438.0
1065340 438.2
1065350 438.2
1065360 438.1
1065370 438.4
1065380 438.4
1065390 438.6
1065400 438.5
1065410 438.5
1065420 438.7
1065430 438.7
1065440 438.7
1065450 438.8
1065460 438.7
1065470 438.7
1065480 438.8
1065490 438.8
1065500 438.8
1065510 438.9
1065520 439.0
1065530 439.0
1065540 439.0
1065550 439.0
1065560 439.0
1065570 439.1
1065580 439.1
1065590 439.1
1065600 439.2
1065610 439.2
1065620 439.3
1065630 439.3
1065640 439.3
1065650 439.4
1065660 439.4
1065670 439.6
1065680 439.5
1065690 439.5
1065700 439.4
1065710 439.5
1065720 439.5
1065730 439.5
1065740 439.5
1065750 439.5
1065760 439.7
1065770 439.8
1065780 439.8
1065790 439.9
1065800 440.0
1065810 440.0
1065820 440.0
1065830 440.1
1065840 440.1
1065850 440.2
1065860 440.1
1065870 440.2
1065880 440.2
1065890 440.2
1065900 440.3
1065910 440.5
1065920 440.6
1065930 439.7
1065940 439.7
1065950 439.7
1065960 440.0
1065970 440.0
1065980 440.3
1065990 440.3
1066000 440.3
1066010 440.5
1066020 440.7
1066030 440.7
1066040 440.9
1066050 443.2
1066060 443.2
1066070 443.5
1066080 441.8
1066090 441.8
1066100 440.8
1066110 439.9
1066120 439.9
1066130 436.1
1066140 435.0
1066150 436.8
1066160 436.8
1066170 440.3
1066180 442.4
1066190 442.4
1066200 444.5
1066210 443.4
1066220 443.4
1066230 440.6
1066240 439.7
1066250 439.7
1066260 439.8
1066270 439.7
1066280 439.7
1066290 439.7
1066300 439.8
1066310 439.8
1066320 439.7
1066330 439.7
1066340 439.7
1066350 439.6
1066360 441.0
1066370 441.0
1066380 441.0
1066390 440.6
1066400 440.6
1066410 440.5
1066420 440.5
1066430 440.4
1066440 440.4
1066450 440.3
1066460 440.4
1066470 440.4
1066480 440.0
1066490 440.4
1066500 440.4
1066510 440.5
1066520 440.5
1066530 440.5
1066540 440.4
1066550 440.6
1066560 440.6
1066570 440.5
1066580 440.5
1066590 440.5
1066600 440.5
1066610 440.5
1066620 440.5
1066630 440.5
1066640 440.5
1066650 440.5
1066660 440.4
1066670 440.3
1066680 440.3
1066690 440.2
1066700 440.3
1066710 439.8
1066720 439.8
1066730 439.8
1066740 439.8
1066750 439.8
1066760 439.8
1066770 439.9
1066780 439.9
1066790 440.0
1066800 439.9
1066810 439.9
1066820 440.0
1066830 439.9
1066840 439.9
1066850 439.8
1066860 440.0
1066870 440.0
1066880 440.0
1066890 440.0
1066900 440.0
1066910 440.0
1066920 439.9
1066930 439.9
1066940 440.1
1066950 440.0
1066960 439.9
1066970 439.9
1066980 439.9
1066990 439.9
1067000 439.9
1067010 440.2
1067020 440.2
1067030 440.2
1067040 440.2
1067050 440.2
1067060 440.2
1067070 440.2
1067080 439.6
1067090 439.6
1067100 440.1
1067110 440.4
1067120 440.4
1067130 440.2
1067140 440.4
1067150 440.4
1067160 440.7
1067170 440.7
1067180 440.7
1067190 440.7
1067200 440.7
1067210 440.7
1067220 440.7
1067230 440.4
1067240 440.5
1067250 440.5
1067260 440.5
1067270 440.5
1067280 440.5
1067290 440.9
1067300 440.3
1067310 440.3
1067320 440.4
1067330 440.5
1067340 440.5
1067350 440.5
1067360 440.4
1067370 440.4
1067380 440.5
1067390 440.4
1067400 440.4
1067410 440.6
1067420 440.3
1067430 440.3
1067440 440.1
1067450 440.1
1067460 440.1
1067470 440.2
1067480 440.2
1067490 440.2
1067500 440.5
1067510 440.7
1067520 440.7
1067530 440.7
1067540 440.8
1067550 440.6
1067560 440.6
1067570 440.5
1067580 440.5
1067590 440.5
1067600 440.4
1067610 440.3
1067620 440.3
1067630 440.3
1067640 440.0
1067650 440.0
1067660 440.1
1067670 440.2
1067680 440.2
1067690 439.9
1067700 440.0
1067710 440.0
1067720 440.3
1067730 440.3
1067740 440.3
1067750 440.3
1067760 440.1
1067770 440.1
1067780 440.0
1067790 440.0
1067800 440.2
1067810 440.2
1067820 440.5
1067830 440.6
1067840 440.6
1067850 440.8
1067860 440.5
1067870 440.5
1067880 440.5
1067890 440.3
1067900 440.3
1067910 440.4
1067920 440.6
1067930 440.6
1067940 440.5
1067950 440.1
1067960 440.1
1067970 440.2
1067980 440.6
1067990 440.6
1068000 440.6
1068010 440.0
1068020 440.0
1068030 439.9
1068040 440.1
1068050 440.1
1068060 440.0
1068070 439.9
1068080 439.9
1068090 439.9
1068100 439.9
1068110 439.9
1068120 439.9
1068130 439.9
1068140 440.0
1068150 440.0
1068160 440.1
1068170 440.0
1068180 440.0
1068190 440.0
1068200 440.1
1068210 440.1
1068220 439.9
1068230 439.7
1068240 439.7
1068250 439.8
1068260 439.7
1068270 439.7
1068280 439.7
1068290 439.6
1068300 439.6
1068310 439.6
1068320 439.6
1068330 439.7
1068340 439.7
1068350 440.1
1068360 440.0
1068370 440.0
1068380 439.9
1068390 439.7
1068400 439.7
1068410 439.6
1068420 439.6
1068430 439.6
1068440 439.7
1068450 439.7
1068460 439.7
1068470 439.4
1068480 439.6
1068490 439.6
1068500 439.7
1068510 439.6
1068520 439.6
1068530 439.4
1068540 439.4
1068550 439.4
1068560 439.4
1068570 439.6
1068580 439.6
1068590 439.9
1068600 439.8
1068610 439.4
1068620 439.4
1068630 439.2
1068640 439.3
1068650 439.3
1068660 439.8
1068670 439.8
1068680 439.8
1068690 439.8
1068700 439.7
1068710 439.7
1068720 439.8
1068730 439.7
1068740 439.7
1068750 439.4
1068760 439.3
1068770 439.3
1068780 439.1
1068790 439.3
1068800 439.3
1068810 440.0
1068820 439.9
1068830 439.9
1068840 439.3
1068850 439.5
1068860 439.5
1068870 439.5
1068880 439.4
1068890 439.0
1068900 439.0
1068910 439.0
1068920 439.2
1068930 439.2
1068940 439.5
1068950 439.3
1068960 439.3
1068970 439.2
1068980 439.3
1068990 439.3
1069000 439.3
1069010 439.4
1069020 439.4
1069030 439.5
1069040 439.6
1069050 439.6
1069060 439.5
1069070 439.2
1069080 439.2
1069090 439.2
1069100 439.3
1069110 439.3
1069120 439.5
1069130 439.6
1069140 439.6
1069150 439.7
1069160 439.8
1069170 439.6
1069180 439.6
1069190 439.8
1069200 440.0
1069210 440.0
1069220 439.6
1069230 439.6
1069240 439.6
1069250 439.5
1069260 439.6
1069270 439.7
1069280 440.0
1069290 440.0
1069300 440.0
1069310 440.3
1069320 440.5
1069330 440.5
1069340 440.1
1069350 439.3
1069360 439.3
1069370 439.4
1069380 439.7
1069390 439.7
1069400 439.9
1069410 440.0
1069420 439.7
1069430 439.7
1069440 439.7
1069450 439.8
1069460 439.8
1069470 439.8
1069480 440.1
1069490 440.1
1069500 440.2
1069510 440.0
1069520 440.0
1069530 439.9
1069540 440.0
1069550 440.0
1069560 440.1
1069570 440.2
1069580 440.2
1069590 440.7
1069600 441.4
1069610 441.4
1069620 441.3
1069630 440.8
1069640 440.8
1069650 440.6
1069660 440.9
1069670 440.9
1069680 441.2
1069690 441.3
1069700 441.3
1069710 441.3
1069720 441.4
1069730 441.4
1069740 441.4
1069750 441.2
1069760 441.0
1069770 441.0
1069780 441.3
1069790 441.6
1069800 441.6
1069810 441.2
1069820 441.2
1069830 441.2
1069840 441.3
1069850 441.4
1069860 441.4
1069870 441.5
1069880 441.7
1069890 441.7
1069900 442.1
1069910 442.3
1069920 442.3
1069930 442.3
1069940 442.1
1069950 442.1
1069960 441.8
1069970 441.8
1069980 441.7
1069990 441.7
1070000 441.7
1070010 441.7
1070020 441.7
1070030 441.7
1070040 441.0
1070050 441.0
1070060 442.5
1070070 442.5
1070080 442.5
1070090 442.6
1070100 443.0
1070110 443.0
1070120 442.8
1070130 442.5
1070140 442.5
1070150 442.7
1070160 442.9
1070170 442.9
1070180 443.1
1070190 442.6
1070200 442.6
1070210 442.8
1070220 442.9
1070230 442.9
1070240 443.0
1070250 442.8
1070260 442.8
1070270 442.8
1070280 443.0
1070290 443.3
1070300 443.3
1070310 443.5
1070320 443.6
1070330 443.6
1070340 443.4
1070350 443.3
1070360 443.3
1070370 443.2
1070380 443.0
1070390 443.0
1070400 443.1
1070410 443.2
1070420 443.2
1070430 443.4
1070440 443.6
1070450 443.6
1070460 443.7
1070470 443.8
1070480 443.8
1070490 443.8
1070500 444.1
1070510 444.1
1070520 444.2
1070530 444.4
1070540 444.6
1070550 444.6
1070560 444.8
1070570 444.6
1070580 444.6
1070590 444.5
1070600 444.5
1070610 444.5
1070620 444.7
1070630 444.8
1070640 444.8
1070650 444.9
1070660 444.8
1070670 444.8
1070680 444.9
1070690 445.0
1070700 445.0
1070710 445.1
1070720 445.3
1070730 445.3
1070740 445.5
1070750 445.4
1070760 445.4
1070770 445.3
1070780 445.4
1070790 445.6
1070800 445.8
1070810 446.2
1070820 445.6
1070830 445.6
1070840 445.6
1070850 445.8
1070860 445.8
1070870 445.8
1070880 445.7
1070890 445.7
1070900 445.7
1070910 445.5
1070920 445.5
1070930 445.6
1070940 445.9
1070950 445.9
1070960 445.9
1070970 445.8
1070980 445.8
1070990 446.0
1071000 445.9
1071010 445.9
1071020 446.2
1071030 446.3
1071040 446.3
1071050 445.9
1071060 445.8
1071070 445.8
1071080 445.8
1071090 446.1
1071100 446.9
1071110 446.5
1071120 446.6
1071130 446.3
1071140 446.3
1071150 446.1
1071160 446.7
1071170 446.7
1071180 447.0
1071190 447.0
1071200 447.0
1071210 446.5
1071220 447.1
1071230 447.1
1071240 446.7
1071250 446.5
1071260 446.5
1071270 446.4
1071280 446.4
1071290 446.4
1071300 446.4
1071310 446.4
1071320 446.4
1071330 446.3
1071340 446.5
1071350 446.5
1071360 446.5
1071370 446.8
1071380 446.6
1071390 446.6
1071400 445.3
1071410 445.6
1071420 445.5
1071430 450.3
1071440 453.8
1071450 453.8
1071460 454.1
1071470 454.1
1071480 454.1
1071490 452.4
1071500 449.0
1071510 449.0
1071520 446.9
1071530 446.7
1071540 446.7
1071550 447.1
1071560 447.8
1071570 447.8
1071580 447.8
1071590 447.7
1071600 447.7
1071610 447.8
1071620 447.9
1071630 448.0
1071640 448.0
1071650 448.0
1071660 448.2
1071670 448.2
1071680 448.5
1071690 448.3
1071700 448.3
1071710 448.3
1071720 448.2
1071730 447.3
1071740 448.1
1071750 449.4
1071760 449.4
1071770 448.6
1071780 448.7
1071790 448.7
1071800 448.7
1071810 448.6
1071820 448.6
1071830 448.6
1071840 448.6
1071850 448.6
1071860 448.6
1071870 448.6
1071880 448.6
1071890 448.7
1071900 448.8
1071910 448.9
1071920 448.9
1071930 449.1
1071940 449.1
1071950 449.1
1071960 449.1
1071970 449.0
1071980 449.0
1071990 449.0
1072000 449.0
1072010 449.0
1072020 449.1
1072030 449.3
1072040 449.3
1072050 449.3
1072060 449.4
1072070 449.4
1072080 449.6
1072090 449.8
1072100 449.8
1072110 449.9
1072120 449.9
1072130 449.9
1072140 450.0
1072150 450.0
1072160 450.1
1072170 450.1
1072180 450.2
1072190 450.4
1072200 450.4
1072210 450.5
1072220 450.6
1072230 450.6
1072240 450.5
1072250 450.6
1072260 450.6
1072270 450.6
1072280 450.7
1072290 450.7
1072300 450.9
1072310 451.2
1072320 451.2
1072330 451.2
1072340 451.4
1072350 451.4
1072360 451.4
1072370 451.5
1072380 451.5
1072390 451.8
1072400 453.2
1072410 453.2
1072420 454.9
1072430 455.0
1072440 453.5
1072450 453.5
1072460 452.2
1072470 452.8
1072480 452.8
1072490 455.0
1072500 459.5
1072510 459.5
1072520 465.2
1072530 471.5
1072540 471.5
1072550 478.2
1072560 485.0
1072570 485.0
1072580 492.4
1072590 497.0
1072600 497.0
1072610 499.0
1072620 504.0
1072630 504.0
1072640 507.9
1072650 512.7
1072660 512.7
1072670 513.5
1072680 512.5
1072690 512.5
1072700 513.7
1072710 516.2
1072720 517.9
1072730 517.9
1072740 517.7
1072750 515.9
1072760 515.9
1072770 513.4
1072780 514.2
1072790 514.2
1072800 513.6
1072810 512.6
1072820 512.6
1072830 514.9
1072840 520.3
1072850 520.3
1072860 526.9
1072870 532.3
1072880 532.3
1072890 534.7
1072900 537.4
1072910 537.4
1072920 541.5
1072930 542.8
1072940 542.8
1072950 545.4
1072960 551.4
1072970 551.4
1072980 557.4
1072990 562.2
1073000 563.4
1073010 563.4
1073020 560.5
1073030 558.7
1073040 558.7
1073050 556.4
1073060 552.2
1073070 552.2
1073080 548.1
1073090 544.4
1073100 544.4
1073110 541.2
1073120 539.1
1073130 539.1
1073140 537.9
1073150 537.2
1073160 537.2
1073170 537.1
1073180 536.7
1073190 536.7
1073200 535.7
1073210 534.7
1073220 534.7
1073230 532.7
1073240 530.4
1073250 527.8
1073260 527.8
1073270 524.1
1073280 520.7
1073290 520.7
1073300 517.9
1073310 515.3
1073320 515.3
1073330 513.0
1073340 510.3
1073350 510.3
1073360 507.1
1073370 503.7
1073380 503.7
1073390 500.4
1073400 497.2
1073410 497.2
1073420 494.0
1073430 490.6
1073440 490.6
1073450 487.8
1073460 485.8
1073470 485.8
1073480 485.1
1073490 479.8
1073500 479.8
1073510 473.9
1073520 469.5
1073530 468.8
1073540 468.8
1073550 468.4
1073560 468.2
1073570 468.2
1073580 468.3
1073590 468.6
1073600 468.6
1073610 469.5
1073620 471.9
1073630 471.9
1073640 473.1
1073650 475.1
1073660 475.1
1073670 476.7
1073680 478.0
1073690 478.0
1073700 479.6
1073710 481.9
1073720 481.9
1073730 483.1
1073740 485.7
1073750 485.7
1073760 488.8
1073770 492.8
1073780 492.8
1073790 497.7
1073800 503.9
1073810 510.9
1073820 510.9
1073830 513.1
1073840 514.8
1073850 514.8
1073860 517.3
1073870 518.2
1073880 518.2
1073890 518.7
1073900 519.4
1073910 519.4
1073920 519.6
1073930 520.0
1073940 520.0
1073950 521.4
1073960 522.7
1073970 522.7
1073980 523.7
1073990 524.7
1074000 524.7
1074010 525.6
1074020 526.2
1074030 526.2
1074040 526.1
1074050 526.3
1074060 526.3
1074070 526.5
1074080 525.4
1074090 524.5
1074100 524.5
1074110 525.7
1074120 525.8
1074130 525.8
1074140 525.9
1074150 526.5
1074160 526.5
1074170 527.9
1074180 529.3
1074190 529.3
1074200 530.1
1074210 531.1
1074220 531.1
1074230 531.8
1074240 531.8
1074250 531.8
1074260 532.4
1074270 534.7
1074280 534.7
1074290 536.2
1074300 537.5
1074310 537.5
1074320 538.9
1074330 539.3
1074340 539.3
1074350 539.5
1074360 540.3
1074370 540.8
1074380 540.8
1074390 541.1
1074400 542.1
1074410 542.1
1074420 544.7
1074430 547.5
1074440 547.5
1074450 549.3
1074460 550.3
1074470 550.3
1074480 551.8
1074490 554.6
1074500 554.6
1074510 555.6
1074520 556.6
1074530 556.6
1074540 557.6
1074550 558.3
1074560 558.3
1074570 558.8
1074580 559.1
1074590 559.1
1074600 559.5
1074610 558.8
1074620 557.7
1074630 557.7
1074640 557.6
1074650 557.6
1074660 557.6
1074670 558.0
1074680 559.2
1074690 559.2
1074700 562.1
1074710 564.2
1074720 564.2
1074730 564.6
1074740 564.7
1074750 564.7
1074760 564.9
1074770 565.3
1074780 565.3
1074790 565.1
1074800 564.6
1074810 564.6
1074820 564.4
1074830 565.4
1074840 565.4
1074850 566.1
1074860 566.3
1074870 566.3
1074880 566.0
1074890 566.0
1074900 566.9
1074910 566.9
1074920 566.9
1074930 564.6
1074940 564.6
1074950 562.8
1074960 562.9
1074970 562.9
1074980 561.6
1074990 554.8
1075000 554.8
1075010 549.2
1075020 548.1
1075030 548.1
1075040 548.3
1075050 552.5
1075060 552.5
1075070 556.6
1075080 558.8
1075090 558.8
1075100 561.9
1075110 566.0
1075120 566.0
1075130 567.4
1075140 570.2
1075150 570.2
1075160 574.1
1075170 576.8
1075180 578.7
1075190 578.7
1075200 581.6
1075210 584.5
1075220 584.5
1075230 588.0
1075240 589.7
1075250 589.7
1075260 589.9
1075270 590.1
1075280 590.1
1075290 588.8
1075300 589.0
1075310 589.0
1075320 590.9
1075330 593.6
1075340 593.6
1075350 594.2
1075360 593.3
1075370 593.3
1075380 591.9
1075390 591.7
1075400 591.7
1075410 592.1
1075420 592.7
1075430 592.7
1075440 593.4
1075450 596.1
1075460 598.8
1075470 598.8
1075480 601.7
1075490 605.1
1075500 605.1
1075510 608.8
1075520 612.2
1075530 612.2
1075540 615.1
1075550 617.7
1075560 617.7
1075570 621.0
1075580 624.8
1075590 624.8
1075600 628.3
1075610 631.0
1075620 631.0
1075630 632.9
1075640 634.1
1075650 634.1
1075660 634.8
1075670 635.5
1075680 635.5
1075690 637.2
1075700 639.1
1075710 640.6
1075720 640.6
1075730 642.6
1075740 644.4
1075750 644.4
1075760 646.8
1075770 649.0
1075780 649.0
1075790 652.0
1075800 656.2
1075810 656.2
1075820 658.2
1075830 658.3
1075840 658.3
1075850 658.9
1075860 659.7
1075870 659.7
1075880 660.6
1075890 662.0
1075900 662.0
1075910 661.1
1075920 659.9
1075930 659.9
1075940 658.9
1075950 658.9
1075960 658.9
1075970 659.2
1075980 659.7
1075990 660.2
1076000 660.2
1076010 660.7
1076020 661.5
1076030 661.5
1076040 662.4
1076050 663.6
1076060 663.6
1076070 665.6
1076080 667.5
1076090 667.5
1076100 669.7
1076110 672.5
1076120 672.5
1076130 674.7
1076140 676.7
1076150 676.7
1076160 679.7
1076170 682.2
1076180 682.2
1076190 686.0
1076200 689.3
1076210 689.3
1076220 692.5
1076230 695.6
1076240 695.6
1076250 699.1
1076260 702.3
1076270 706.6
1076280 706.6
1076290 710.2
1076300 713.8
1076310 713.8
1076320 717.5
1076330 721.6
1076340 721.6
1076350 725.8
1076360 730.5
1076370 730.5
1076380 740.0
1076390 744.8
1076400 744.8
1076410 749.4
1076420 753.3
1076430 753.3
1076440 756.8
1076450 758.6
1076460 758.6
1076470 760.2
1076480 763.4
1076490 763.4
1076500 764.4
1076510 765.6
1076520 765.6
1076530 768.2
1076540 770.9
1076550 773.1
1076560 773.1
1076570 775.5
1076580 777.9
1076590 777.9
1076600 780.8
1076610 783.8
1076620 783.8
1076630 786.3
1076640 787.0
1076650 787.0
1076660 786.8
1076670 786.0
1076680 786.0
1076690 790.7
1076700 790.1
1076710 790.1
1076720 790.2
1076730 790.8
1076740 790.8
1076750 791.9
1076760 793.3
1076770 793.3
1076780 794.8
1076790 796.8
1076800 799.7
1076810 799.7
1076820 800.8
1076830 801.7
1076840 801.7
1076850 802.2
1076860 801.5
1076870 801.5
1076880 801.6
1076890 802.8
1076900 802.8
1076910 805.3
1076920 808.6
1076930 808.6
1076940 812.1
1076950 812.4
1076960 812.4
1076970 809.8
1076980 807.0
1076990 807.0
1077000 802.9
1077010 801.5
1077020 801.5
1077030 800.2
1077040 799.5
1077050 799.5
1077060 798.7
1077070 798.0
1077080 796.9
1077090 796.9
1077100 795.7
1077110 793.7
1077120 793.7
1077130 790.8
1077140 788.8
1077150 788.8
1077160 792.2
1077170 796.6
1077180 796.6
1077190 797.5
1077200 799.0
1077210 799.0
1077220 800.0
1077230 799.3
1077240 799.3
1077250 797.5
1077260 796.6
1077270 796.6
1077280 798.6
1077290 799.0
1077300 799.0
1077310 798.6
1077320 802.7
1077330 802.7
1077340 801.5
1077350 798.3
1077360 800.1
1077370 800.1
1077380 801.5
1077390 801.3
1077400 801.3
1077410 802.1
1077420 802.0
1077430 802.0
1077440 804.4
1077450 805.0
1077460 805.0
1077470 805.3
1077480 805.8
1077490 805.8
1077500 806.7
1077510 807.7
1077520 807.7
1077530 808.6
1077540 809.6
1077550 809.6
1077560 810.6
1077570 811.2
1077580 811.2
1077590 811.2
1077600 809.9
1077610 809.9
1077620 807.0
1077630 810.3
1077640 808.5
1077650 808.5
1077660 806.8
1077670 804.6
1077680 804.6
1077690 801.3
1077700 797.7
1077710 797.7
1077720 794.1
1077730 790.5
1077740 790.5
1077750 787.6
1077760 784.8
1077770 784.8
1077780 780.6
1077790 774.7
1077800 774.7
1077810 767.2
1077820 761.7
1077830 761.7
1077840 757.1
1077850 762.8
1077860 762.8
1077870 767.8
1077880 765.9
1077890 764.8
1077900 764.8
1077910 763.9
1077920 761.7
1077930 761.7
1077940 764.9
1077950 762.6
1077960 762.6
1077970 762.6
1077980 762.4
1077990 762.4
1078000 760.7
1078010 759.0
1078020 759.0
1078030 757.2
1078040 755.5
1078050 755.5
1078060 752.0
1078070 748.5
1078080 748.5
1078090 746.1
1078100 741.7
1078110 741.7
1078120 735.1
1078130 735.9
1078140 735.9
1078150 738.9
1078160 739.2
1078170 737.1
1078180 737.1
1078190 735.2
1078200 732.6
1078210 732.6
1078220 729.1
1078230 722.7
1078240 722.7
1078250 728.2
1078260 724.2
1078270 724.2
1078280 724.9
1078290 729.1
1078300 729.1
1078310 730.1
1078320 728.2
1078330 728.2
1078340 722.8
1078350 717.4
1078360 717.4
1078370 715.7
1078380 717.5
1078390 717.5
1078400 720.8
1078410 722.3
1078420 722.3
1078430 717.8
1078440 707.7
1078450 705.8
1078460 705.8
1078470 714.5
1078480 720.7
1078490 720.7
1078500 722.0
1078510 722.4
1078520 722.4
1078530 724.5
1078540 727.3
1078550 727.3
1078560 729.9
1078570 737.6
1078580 737.6
1078590 739.0
1078600 740.6
1078610 740.6
1078620 742.1
1078630 743.0
1078640 743.0
1078650 742.5
1078660 738.6
1078670 738.6
1078680 732.2
1078690 727.6
1078700 727.6
1078710 727.3
1078720 730.9
1078730 736.6
1078740 736.6
1078750 742.5
1078760 747.6
1078770 747.6
1078780 751.5
1078790 749.4
1078800 749.4
1078810 737.2
1078820 724.5
1078830 724.5
1078840 719.8
1078850 719.5
1078860 719.5
1078870 725.6
1078880 723.0
1078890 723.0
1078900 701.7
1078910 683.9
1078920 683.9
1078930 671.0
1078940 656.7
1078950 656.7
1078960 631.6
1078970 630.9
1078980 654.8
1078990 654.8
1079000 677.1
1079010 696.4
1079020 696.4
1079030 709.0
1079040 718.3
1079050 718.3
1079060 730.2
1079070 747.6
1079080 747.6
1079090 771.9
1079100 773.8
1079110 773.8
1079120 771.4
1079130 774.3
1079140 774.3
1079150 776.6
1079160 777.1
1079170 777.1
1079180 784.6
1079190 793.9
1079200 796.3
1079210 801.7
1079220 804.0
1079230 804.0
1079240 801.3
1079250 794.8
1079260 787.3
1079270 787.3
1079280 783.7
1079290 784.0
1079300 784.0
1079310 787.7
1079320 787.3
1079330 787.3
1079340 779.1
1079350 766.1
1079360 766.1
1079370 755.3
1079380 743.9
1079390 743.9
1079400 732.7
1079410 722.0
1079420 722.0
1079430 709.1
1079440 714.2
1079450 714.2
1079460 727.5
1079470 732.8
1079480 732.8
1079490 735.2
1079500 737.6
1079510 744.6
1079520 741.2
1079530 733.9
1079540 724.9
1079550 724.9
1079560 712.6
1079570 704.6
1079580 704.6
1079590 704.7
1079600 709.0
1079610 709.0
1079620 715.1
1079630 720.7
1079640 720.7
1079650 724.7
1079660 736.3
1079670 736.3
1079680 757.9
1079690 765.0
1079700 765.0
1079710 770.3
1079720 780.1
1079730 780.1
1079740 788.2
1079750 794.7
1079760 794.7
1079770 801.7
1079780 807.8
1079790 807.8
1079800 812.4
1079810 816.7
1079820 817.0
1079830 817.0
1079840 819.0
1079850 819.4
1079860 819.4
1079870 818.2
1079880 815.4
1079890 815.4
1079900 813.9
1079910 816.3
1079920 816.3
1079930 819.1
1079940 821.9
1079950 821.9
1079960 824.8
1079970 827.7
1079980 827.7
1079990 829.1
