1061200 430.2
1061210 430.2
1061220 430.1
1061230 430.1
1061240 430.1
1061250 430.1
1061260 430.1
1061270 430.1
1061280 430.1
1061290 430.2
1061300 430.2
1061310 430.2
1061320 430.2
1061330 430.2
1061340 430.2
1061350 430.2
1061360 430.1
1061370 430.1
1061380 430.1
1061390 430.0
1061400 430.0
1061410 430.1
1061420 430.1
1061430 430.1
1061440 430.1
1061450 430.2
1061460 430.2
1061470 430.1
1061480 430.1
1061490 430.1
1061500 430.1
1061510 430.1
1061520 430.0
1061530 430.0
1061540 430.0
1061550 430.1
1061560 430.1
1061570 430.1
1061580 430.0
1061590 430.0
1061600 429.9
1061610 429.8
1061620 429.8
1061630 429.8
1061640 429.7
1061650 429.7
1061660 428.4
1061670 429.7
1061680 429.7
1061690 430.0
1061700 429.9
1061710 429.9
1061720 429.9
1061730 429.9
1061740 429.9
1061750 429.9
1061760 429.8
1061770 429.9
1061780 429.9
1061790 429.8
1061800 429.8
1061810 429.8
1061820 429.9
1061830 429.8
1061840 429.8
1061850 429.7
1061860 429.7
1061870 429.7
1061880 429.7
1061890 429.6
1061900 429.6
1061910 429.6
1061920 429.5
1061930 429.5
1061940 429.5
1061950 429.6
1061960 429.5
1061970 429.5
1061980 429.4
1061990 429.4
1062000 429.3
1062010 429.3
1062020 429.4
1062030 429.4
1062040 429.4
1062050 429.4
1062060 429.4
1062070 429.4
1062080 429.5
1062090 429.5
1062100 429.5
1062110 429.5
1062120 429.3
1062130 429.4
1062140 429.4
1062150 429.4
1062160 429.5
1062170 429.5
1062180 429.5
1062190 429.6
1062200 429.6
1062210 429.7
1062220 429.7
1062230 429.7
1062240 429.7
1062250 429.7
1062260 429.6
1062270 429.6
1062280 429.7
1062290 429.7
1062300 429.7
1062310 429.8
1062320 429.9
1062330 429.9
1062340 429.9
1062350 429.9
1062360 429.9
1062370 429.7
1062380 429.7
1062390 429.8
1062400 429.8
1062410 429.8
1062420 430.1
1062430 430.1
1062440 430.1
1062450 430.1
1062460 430.1
1062470 430.2
1062480 430.2
1062490 430.2
1062500 430.1
1062510 430.2
1062520 430.2
1062530 430.2
1062540 430.3
1062550 430.2
1062560 430.2
1062570 430.3
1062580 430.4
1062590 430.4
1062600 430.3
1062610 430.3
1062620 430.3
1062630 430.5
1062640 430.6
1062650 430.4
1062660 430.4
1062670 430.2
1062680 430.2
1062690 430.2
1062700 430.3
1062710 430.3
1062720 430.3
1062730 430.3
1062740 430.3
1062750 430.3
1062760 430.3
1062770 430.3
1062780 430.3
1062790 430.3
1062800 430.3
1062810 430.3
1062820 430.3
1062830 430.3
1062840 430.2
1062850 430.2
1062860 430.2
1062870 430.3
1062880 430.3
1062890 430.3
1062900 430.4
1062910 430.3
1062920 430.3
1062930 430.3
1062940 430.4
1062950 430.4
1062960 430.4
1062970 430.5
1062980 430.5
1062990 430.6
1063000 430.9
1063010 430.9
1063020 430.9
1063030 430.9
1063040 430.8
1063050 430.8
1063060 430.9
1063070 431.1
1063080 431.1
1063090 431.2
1063100 430.7
1063110 430.7
1063120 431.4
1063130 431.6
1063140 431.6
1063150 431.6
1063160 431.5
1063170 431.4
1063180 431.4
1063190 431.4
1063200 431.5
1063210 431.5
1063220 431.5
1063230 431.7
1063240 431.7
1063250 431.7
1063260 431.5
1063270 431.5
1063280 431.4
1063290 431.4
1063300 431.4
1063310 431.5
1063320 431.6
1063330 431.6
1063340 431.6
1063350 431.7
1063360 431.7
1063370 431.8
1063380 431.8
1063390 431.8
1063400 431.9
1063410 431.7
1063420 431.7
1063430 431.6
1063440 431.8
1063450 431.9
1063460 431.9
1063470 432.0
1063480 432.0
1063490 432.0
1063500 432.1
1063510 432.1
1063520 432.1
1063530 432.2
1063540 432.1
1063550 432.1
1063560 432.0
1063570 432.0
1063580 432.0
1063590 431.9
1063600 432.2
1063610 432.2
1063620 432.2
1063630 432.2
1063640 432.2
1063650 432.1
1063660 432.1
1063670 432.1
1063680 432.3
1063690 432.4
1063700 432.4
1063710 432.5
1063720 432.5
1063730 432.5
1063740 432.5
1063750 432.5
1063760 432.5
1063770 432.5
1063780 432.6
1063790 432.6
1063800 432.6
1063810 432.6
1063820 432.2
1063830 432.2
1063840 432.4
1063850 432.6
1063860 432.6
1063870 432.7
1063880 432.8
1063890 432.8
1063900 432.7
1063910 432.7
1063920 432.7
1063930 432.8
1063940 432.8
1063950 432.8
1063960 432.9
1063970 432.9
1063980 432.9
1063990 433.0
1064000 433.1
1064010 433.1
1064020 433.1
1064030 433.1
1064040 433.1
1064050 433.1
1064060 433.1
1064070 433.0
1064080 433.0
1064090 433.2
1064100 433.2
1064110 433.2
1064120 433.2
1064130 433.4
1064140 433.4
1064150 433.4
1064160 433.5
1064170 433.5
1064180 433.5
1064190 433.6
1064200 433.6
1064210 433.6
1064220 433.7
1064230 433.7
1064240 433.8
1064250 433.8
1064260 433.8
1064270 433.7
1064280 433.7
1064290 433.9
1064300 433.8
1064310 433.9
1064320 433.9
1064330 433.9
1064340 434.0
1064350 434.1
1064360 434.1
1064370 433.9
1064380 433.9
1064390 433.9
1064400 434.0
1064410 434.0
1064420 434.0
1064430 434.1
1064440 434.1
1064450 434.1
1064460 434.0
1064470 434.0
1064480 434.0
1064490 434.0
1064500 434.1
1064510 434.1
1064520 434.2
1064530 434.4
1064540 434.4
1064550 434.5
1064560 434.5
1064570 434.4
1064580 434.4
1064590 434.5
1064600 434.6
1064610 434.6
1064620 434.5
1064630 434.5
1064640 434.5
1064650 434.7
1064660 434.7
1064670 434.7
1064680 434.8
1064690 434.8
1064700 434.8
1064710 434.8
1064720 434.9
1064730 434.9
1064740 434.9
1064750 434.9
1064760 434.9
1064770 435.0
1064780 435.0
1064790 435.0
1064800 435.0
1064810 435.0
1064820 435.0
1064830 435.1
1064840 435.1
1064850 435.1
1064860 435.1
1064870 435.2
1064880 435.3
1064890 435.3
1064900 435.3
1064910 435.4
1064920 435.4
1064930 435.5
1064940 435.6
1064950 435.6
1064960 435.7
1064970 435.7
1064980 435.7
1064990 435.8
1065000 435.8
1065010 435.8
1065020 435.8
1065030 435.9
1065040 435.9
1065050 436.0
1065060 436.2
1065070 436.2
1065080 436.4
1065090 436.7
1065100 436.8
1065110 436.8
1065120 436.9
1065130 436.9
1065140 436.9
1065150 437.0
1065160 437.0
1065170 437.0
1065180 437.0
1065190 437.1
1065200 437.1
1065210 436.9
1065220 436.6
1065230 436.6
1065240 436.6
1065250 436.7
1065260 436.7
1065270 436.9
1065280 437.1
1065290 437.1
1065300 437.3
1065310 437.4
1065320 437.4
1065330 437.4
1065340 437.4
1065350 437.4
1065360 437.4
1065370 437.4
1065380 437.4
1065390 437.4
1065400 437.5
1065410 437.7
1065420 437.7
1065430 437.7
1065440 437.7
1065450 437.7
1065460 437.8
1065470 437.8
1065480 437.8
1065490 437.8
1065500 437.7
1065510 437.7
1065520 437.6
1065530 437.7
1065540 437.7
1065550 437.8
1065560 438.0
1065570 438.0
1065580 438.0
1065590 438.1
1065600 438.1
1065610 438.2
1065620 438.2
1065630 438.2
1065640 438.2
1065650 438.2
1065660 438.4
1065670 438.4
1065680 438.4
1065690 438.7
1065700 438.7
1065710 438.8
1065720 438.8
1065730 438.8
1065740 438.8
1065750 438.8
1065760 438.8
1065770 438.8
1065780 439.5
1065790 439.5
1065800 442.1
1065810 442.7
1065820 442.7
1065830 440.4
1065840 438.9
1065850 438.9
1065860 438.4
1065870 435.4
1065880 435.4
1065890 433.9
1065900 434.8
1065910 434.8
1065920 438.2
1065930 439.5
1065940 442.5
1065950 442.5
1065960 442.0
1065970 439.6
1065980 439.6
1065990 439.0
1066000 439.2
1066010 439.2
1066020 438.6
1066030 438.9
1066040 438.9
1066050 439.4
1066060 439.5
1066070 439.5
1066080 439.3
1066090 439.3
1066100 439.3
1066110 438.8
1066120 438.2
1066130 438.2
1066140 438.7
1066150 439.1
1066160 439.1
1066170 439.2
1066180 439.0
1066190 439.0
1066200 438.8
1066210 438.8
1066220 438.8
1066230 438.8
1066240 438.8
1066250 438.6
1066260 438.6
1066270 438.5
1066280 438.7
1066290 438.7
1066300 438.7
1066310 438.6
1066320 438.6
1066330 438.6
1066340 438.6
1066350 438.6
1066360 438.3
1066370 438.3
1066380 438.3
1066390 438.1
1066400 438.1
1066410 438.1
1066420 438.1
1066430 438.1
1066440 438.1
1066450 438.0
1066460 438.1
1066470 438.1
1066480 438.1
1066490 437.8
1066500 437.7
1066510 437.7
1066520 438.1
1066530 437.9
1066540 437.9
1066550 437.8
1066560 437.7
1066570 437.7
1066580 437.6
1066590 437.6
1066600 437.6
1066610 437.7
1066620 437.8
1066630 437.8
1066640 437.8
1066650 437.7
1066660 437.7
1066670 437.7
1066680 437.7
1066690 437.7
1066700 438.2
1066710 438.0
1066720 438.0
1066730 437.9
1066740 438.0
1066750 437.9
1066760 437.9
1066770 437.8
1066780 437.8
1066790 437.8
1066800 437.9
1066810 437.9
1066820 437.9
1066830 437.9
1066840 437.8
1066850 437.8
1066860 437.7
1066870 438.0
1066880 438.0
1066890 437.8
1066900 437.7
1066910 437.7
1066920 437.7
1066930 437.8
1066940 437.8
1066950 437.8
1066960 437.9
1066970 437.9
1066980 437.9
1066990 438.0
1067000 438.0
1067010 438.0
1067020 438.0
1067030 438.2
1067040 438.2
1067050 438.2
1067060 438.2
1067070 438.2
1067080 438.2
1067090 438.2
1067100 438.2
1067110 438.2
1067120 438.3
1067130 438.3
1067140 438.3
1067150 438.3
1067160 438.3
1067170 438.2
1067180 438.2
1067190 438.2
1067200 438.3
1067210 438.3
1067220 438.3
1067230 438.2
1067240 438.2
1067250 438.2
1067260 438.2
1067270 438.1
1067280 438.1
1067290 438.2
1067300 438.1
1067310 438.2
1067320 438.2
1067330 438.3
1067340 437.9
1067350 437.9
1067360 437.6
1067370 438.0
1067380 438.0
1067390 438.3
1067400 438.1
1067410 438.1
1067420 438.2
1067430 438.2
1067440 438.2
1067450 438.1
1067460 438.2
1067470 438.2
1067480 438.1
1067490 438.2
1067500 438.2
1067510 438.4
1067520 438.5
1067530 438.5
1067540 438.5
1067550 438.4
1067560 438.4
1067570 438.3
1067580 438.3
1067590 438.1
1067600 438.1
1067610 438.0
1067620 438.2
1067630 438.2
1067640 438.3
1067650 438.1
1067660 438.1
1067670 438.1
1067680 437.9
1067690 437.9
1067700 437.9
1067710 437.9
1067720 437.9
1067730 437.8
1067740 437.7
1067750 437.7
1067760 437.7
1067770 437.7
1067780 437.7
1067790 437.9
1067800 438.8
1067810 438.8
1067820 438.6
1067830 437.9
1067840 437.9
1067850 437.9
1067860 438.0
1067870 438.0
1067880 438.0
1067890 438.1
1067900 437.8
1067910 437.8
1067920 437.7
1067930 437.8
1067940 437.8
1067950 437.9
1067960 437.8
1067970 437.8
1067980 437.9
1067990 437.9
1068000 437.9
1068010 437.8
1068020 437.7
1068030 437.7
1068040 437.7
1068050 437.7
1068060 437.7
1068070 437.6
1068080 437.6
1068090 437.6
1068100 437.5
1068110 437.6
1068120 437.6
1068130 437.6
1068140 437.5
1068150 437.6
1068160 437.6
1068170 437.7
1068180 437.8
1068190 437.8
1068200 437.8
1068210 437.8
1068220 437.8
1068230 437.6
1068240 437.3
1068250 437.3
1068260 437.0
1068270 436.9
1068280 436.9
1068290 437.1
1068300 437.3
1068310 437.3
1068320 437.3
1068330 437.3
1068340 437.3
1068350 437.3
1068360 437.3
1068370 437.3
1068380 437.3
1068390 437.3
1068400 437.4
1068410 437.4
1068420 437.4
1068430 437.3
1068440 437.3
1068450 437.3
1068460 437.4
1068470 437.4
1068480 437.3
1068490 437.3
1068500 437.3
1068510 437.2
1068520 437.1
1068530 437.1
1068540 437.1
1068550 437.0
1068560 437.2
1068570 437.3
1068580 437.3
1068590 437.3
1068600 437.4
1068610 437.4
1068620 437.4
1068630 437.4
1068640 437.4
1068650 437.4
1068660 437.5
1068670 437.5
1068680 437.6
1068690 437.6
1068700 437.5
1068710 437.4
1068720 437.4
1068730 437.2
1068740 437.1
1068750 437.1
1068760 437.1
1068770 437.2
1068780 437.2
1068790 437.2
1068800 437.3
1068810 437.3
1068820 437.3
1068830 437.4
1068840 437.4
1068850 437.4
1068860 437.4
1068870 437.5
1068880 437.5
1068890 437.5
1068900 437.5
1068910 437.7
1068920 437.7
1068930 437.7
1068940 437.7
1068950 437.9
1068960 438.3
1068970 438.3
1068980 438.2
1068990 438.0
1069000 438.0
1069010 438.0
1069020 438.0
1069030 438.0
1069040 438.0
1069050 438.1
1069060 438.1
1069070 438.1
1069080 438.1
1069090 438.1
1069100 438.1
1069110 438.1
1069120 438.1
1069130 438.2
1069140 438.2
1069150 438.2
1069160 438.2
1069170 438.2
1069180 438.2
1069190 438.2
1069200 438.1
1069210 438.1
1069220 438.2
1069230 438.2
1069240 438.2
1069250 438.2
1069260 438.3
1069270 438.4
1069280 438.4
1069290 438.4
1069300 438.5
1069310 438.5
1069320 438.5
1069330 438.5
1069340 438.5
1069350 438.7
1069360 438.8
1069370 438.8
1069380 439.0
1069390 438.9
1069400 438.9
1069410 439.0
1069420 439.0
1069430 439.0
1069440 439.0
1069450 439.0
1069460 439.0
1069470 439.0
1069480 439.1
1069490 439.1
1069500 439.2
1069510 439.3
1069520 439.3
1069530 439.3
1069540 439.3
1069550 439.3
1069560 439.3
1069570 439.4
1069580 439.6
1069590 439.6
1069600 439.8
1069610 439.9
1069620 439.9
1069630 440.1
1069640 440.1
1069650 440.1
1069660 440.1
1069670 440.1
1069680 440.1
1069690 440.1
1069700 440.0
1069710 440.0
1069720 440.1
1069730 440.2
1069740 440.2
1069750 440.6
1069760 440.9
1069770 440.9
1069780 440.9
1069790 441.1
1069800 441.1
1069810 441.1
1069820 441.2
1069830 441.2
1069840 441.2
1069850 441.3
1069860 441.4
1069870 441.4
1069880 441.4
1069890 441.6
1069900 441.6
1069910 441.5
1069920 441.5
1069930 441.5
1069940 441.1
1069950 441.2
1069960 441.2
1069970 441.2
1069980 441.2
1069990 441.2
1070000 441.9
1070010 442.3
1070020 442.3
1070030 441.8
1070040 441.8
1070050 441.9
1070060 441.9
1070070 441.9
1070080 442.0
1070090 442.1
1070100 442.2
1070110 442.3
1070120 442.3
1070130 442.3
1070140 442.4
1070150 442.4
1070160 442.3
1070170 442.1
1070180 442.1
1070190 442.2
1070200 442.5
1070210 442.5
1070220 442.4
1070230 442.4
1070240 442.4
1070250 442.5
1070260 442.7
1070270 442.7
1070280 443.2
1070290 443.4
1070300 443.4
1070310 443.4
1070320 443.4
1070330 443.4
1070340 443.4
1070350 443.6
1070360 443.6
1070370 443.6
1070380 443.8
1070390 443.8
1070400 443.7
1070410 443.7
1070420 443.7
1070430 443.7
1070440 443.6
1070450 443.6
1070460 443.6
1070470 443.6
1070480 443.9
1070490 443.9
1070500 443.9
1070510 443.9
1070520 443.9
1070530 444.0
1070540 444.0
1070550 444.0
1070560 444.1
1070570 444.3
1070580 444.3
1070590 444.2
1070600 444.2
1070610 444.1
1070620 444.1
1070630 444.4
1070640 444.9
1070650 444.9
1070660 445.1
1070670 445.1
1070680 445.1
1070690 445.2
1070700 445.2
1070710 445.2
1070720 445.3
1070730 445.3
1070740 445.3
1070750 445.4
1070760 445.5
1070770 445.5
1070780 445.5
1070790 445.7
1070800 445.7
1070810 445.7
1070820 445.8
1070830 445.8
1070840 445.8
1070850 446.1
1070860 446.1
1070870 446.3
1070880 445.9
1070890 445.8
1070900 445.8
1070910 445.8
1070920 445.8
1070930 445.8
1070940 445.8
1070950 445.9
1070960 445.9
1070970 446.1
1070980 446.5
1070990 446.5
1071000 446.6
1071010 446.5
1071020 446.6
1071030 446.2
1071040 446.3
1071050 446.3
1071060 446.6
1071070 446.8
1071080 446.8
1071090 446.8
1071100 446.8
1071110 446.8
1071120 446.8
1071130 446.7
1071140 446.7
1071150 446.7
1071160 446.8
1071170 446.9
1071180 446.9
1071190 447.0
1071200 447.1
1071210 447.1
1071220 447.1
1071230 447.2
1071240 447.2
1071250 447.3
1071260 447.4
1071270 447.4
1071280 447.5
1071290 447.7
1071300 447.7
1071310 448.8
1071320 448.4
1071330 448.4
1071340 448.2
1071350 448.4
1071360 448.4
1071370 448.6
1071380 448.3
1071390 448.3
1071400 448.0
1071410 447.9
1071420 448.1
1071430 448.1
1071440 448.1
1071450 448.3
1071460 448.3
1071470 448.3
1071480 448.3
1071490 448.3
1071500 448.4
1071510 448.4
1071520 448.4
1071530 448.5
1071540 448.5
1071550 448.5
1071560 448.7
1071570 448.8
1071580 448.8
1071590 449.0
1071600 449.1
1071610 449.1
1071620 449.0
1071630 449.0
1071640 449.0
1071650 449.1
1071660 449.2
1071670 449.2
1071680 449.4
1071690 449.5
1071700 449.7
1071710 449.7
1071720 449.7
1071730 449.8
1071740 449.8
1071750 449.9
1071760 450.0
1071770 450.0
1071780 450.0
1071790 450.1
1071800 450.1
1071810 450.2
1071820 450.2
1071830 450.2
1071840 450.3
1071850 450.4
1071860 450.4
1071870 450.6
1071880 450.7
1071890 450.7
1071900 450.9
1071910 451.0
1071920 451.0
1071930 451.1
1071940 451.2
1071950 451.2
1071960 451.4
1071970 451.7
1071980 452.0
1071990 452.0
1072000 452.2
1072010 452.3
1072020 452.3
1072030 452.3
1072040 452.3
1072050 452.3
1072060 452.4
1072070 452.6
1072080 452.6
1072090 453.0
1072100 453.4
1072110 453.4
1072120 453.6
1072130 453.4
1072140 453.4
1072150 453.4
1072160 453.7
1072170 453.7
1072180 453.8
1072190 453.9
1072200 453.9
1072210 454.1
1072220 454.3
1072230 454.3
1072240 454.0
1072250 454.0
1072260 454.0
1072270 454.0
1072280 454.1
1072290 454.3
1072300 454.3
1072310 454.4
1072320 454.5
1072330 454.5
1072340 454.5
1072350 454.5
1072360 454.5
1072370 454.6
1072380 455.0
1072390 455.0
1072400 455.3
1072410 455.6
1072420 455.6
1072430 455.6
1072440 455.6
1072450 455.6
1072460 455.8
1072470 456.2
1072480 456.2
1072490 456.3
1072500 456.8
1072510 456.8
1072520 456.3
1072530 456.5
1072540 456.8
1072550 456.8
1072560 457.1
1072570 457.0
1072580 457.0
1072590 457.2
1072600 457.3
1072610 457.3
1072620 457.7
1072630 458.0
1072640 458.0
1072650 457.9
1072660 457.8
1072670 457.8
1072680 457.8
1072690 457.9
1072700 457.9
1072710 458.1
1072720 458.3
1072730 458.3
1072740 458.3
1072750 458.5
1072760 458.5
1072770 458.7
1072780 458.8
1072790 458.8
1072800 458.8
1072810 459.1
1072820 460.2
1072830 460.2
1072840 460.0
1072850 459.5
1072860 459.5
1072870 459.6
1072880 460.1
1072890 460.1
1072900 460.2
1072910 460.2
1072920 460.2
1072930 460.2
1072940 460.6
1072950 460.6
1072960 460.6
1072970 460.5
1072980 460.5
1072990 460.7
1073000 460.8
1073010 460.8
1073020 460.9
1073030 461.2
1073040 461.2
1073050 461.3
1073060 461.3
1073070 461.5
1073080 461.5
1073090 461.6
1073100 461.6
1073110 461.6
1073120 461.7
1073130 461.8
1073140 461.8
1073150 461.8
1073160 462.0
1073170 462.0
1073180 464.5
1073190 466.0
1073200 466.0
1073210 468.1
1073220 470.3
1073230 470.3
1073240 473.9
1073250 476.9
1073260 476.9
1073270 479.5
1073280 480.8
1073290 480.8
1073300 480.3
1073310 480.0
1073320 480.0
1073330 479.9
1073340 479.7
1073350 479.7
1073360 479.7
1073370 482.7
1073380 487.5
1073390 487.5
1073400 493.9
1073410 495.4
1073420 495.4
1073430 493.5
1073440 491.1
1073450 491.1
1073460 488.1
1073470 485.5
1073480 485.5
1073490 480.0
1073500 472.2
1073510 472.2
1073520 466.6
1073530 466.1
1073540 466.1
1073550 466.0
1073560 466.1
1073570 466.1
1073580 466.4
1073590 466.6
1073600 466.6
1073610 468.1
1073620 472.6
1073630 477.2
1073640 477.2
1073650 481.3
1073660 482.1
1073670 482.1
1073680 482.1
1073690 482.7
1073700 482.7
1073710 484.0
1073720 486.9
1073730 486.9
1073740 489.3
1073750 490.5
1073760 490.5
1073770 491.6
1073780 491.3
1073790 491.3
1073800 488.3
1073810 487.6
1073820 487.6
1073830 488.3
1073840 490.9
1073850 490.9
1073860 494.7
1073870 499.2
1073880 499.2
1073890 504.2
1073900 510.0
1073910 516.1
1073920 516.1
1073930 522.7
1073940 529.3
1073950 529.3
1073960 536.3
1073970 546.3
1073980 546.3
1073990 555.2
1074000 560.4
1074010 560.4
1074020 565.4
1074030 567.9
1074040 567.9
1074050 569.4
1074060 571.7
1074070 571.7
1074080 574.5
1074090 576.1
1074100 576.1
1074110 577.4
1074120 578.2
1074130 578.2
1074140 578.0
1074150 577.5
1074160 577.5
1074170 578.4
1074180 579.3
1074190 580.1
1074200 580.1
1074210 582.6
1074220 584.8
1074230 584.8
1074240 587.7
1074250 588.6
1074260 588.6
1074270 590.8
1074280 591.6
1074290 591.6
1074300 591.4
1074310 591.9
1074320 591.9
1074330 591.9
1074340 591.9
1074350 591.9
1074360 592.0
1074370 591.8
1074380 591.8
1074390 591.4
1074400 590.8
1074410 590.8
1074420 590.0
1074430 590.1
1074440 590.4
1074450 590.4
1074460 591.6
1074470 593.8
1074480 593.8
1074490 594.5
1074500 592.7
1074510 592.7
1074520 592.8
1074530 593.9
1074540 593.9
1074550 594.2
1074560 593.4
1074570 593.4
1074580 590.6
1074590 587.5
1074600 587.5
1074610 585.5
1074620 583.7
1074630 583.7
1074640 583.2
1074650 584.3
1074660 584.3
1074670 585.7
1074680 587.4
1074690 587.4
1074700 588.0
1074710 587.0
1074720 584.8
1074730 579.5
1074740 577.6
1074750 575.7
1074760 575.7
1074770 574.4
1074780 573.3
1074790 573.3
1074800 571.1
1074810 568.1
1074820 568.1
1074830 566.6
1074840 565.8
1074850 565.8
1074860 564.6
1074870 563.9
1074880 563.9
1074890 561.8
1074900 551.6
1074910 551.6
1074920 545.4
1074930 541.3
1074940 541.3
1074950 540.2
1074960 540.2
1074970 540.2
1074980 540.2
1074990 541.2
1075000 545.0
1075010 545.0
1075020 548.2
1075030 546.4
1075040 544.4
1075050 541.1
1075060 541.0
1075070 541.0
1075080 540.9
1075090 542.8
1075100 542.8
1075110 542.5
1075120 540.8
1075130 540.8
1075140 540.9
1075150 541.9
1075160 541.9
1075170 542.3
1075180 543.0
1075190 543.0
1075200 547.8
1075210 551.3
1075220 551.3
1075230 553.7
1075240 553.7
1075250 553.7
1075260 543.5
1075270 541.8
1075280 542.8
1075290 542.8
1075300 556.9
1075310 572.7
1075320 572.7
1075330 573.0
1075340 572.8
1075350 569.1
1075360 571.0
1075370 572.2
1075380 572.2
1075390 574.4
1075400 575.2
1075410 575.2
1075420 576.7
1075430 578.9
1075440 578.9
1075450 580.5
1075460 581.4
1075470 581.4
1075480 583.2
1075490 586.0
1075500 586.0
1075510 587.5
1075520 588.6
1075530 588.6
1075540 590.5
1075550 590.9
1075560 593.0
1075570 593.0
1075580 595.9
1075590 598.7
1075600 598.7
1075610 601.4
1075620 603.0
1075630 603.0
1075640 605.0
1075650 608.0
1075660 609.0
1075670 612.1
1075680 615.9
1075690 615.9
1075700 618.4
1075710 622.0
1075720 622.0
1075730 625.2
1075740 628.7
1075750 628.7
1075760 632.7
1075770 634.9
1075780 634.9
1075790 637.2
1075800 640.1
1075810 643.2
1075820 643.2
1075830 644.3
1075840 647.7
1075850 647.7
1075860 651.6
1075870 655.0
1075880 655.0
1075890 659.2
1075900 663.2
1075910 663.2
1075920 666.9
1075930 670.6
1075940 670.6
1075950 674.5
1075960 675.8
1075970 679.7
1075980 679.6
1075990 679.3
1076000 679.3
1076010 680.8
1076020 683.9
1076030 683.9
1076040 688.2
1076050 692.4
1076060 692.4
1076070 696.0
1076080 698.8
1076090 701.3
1076100 701.3
1076110 702.5
1076120 702.2
1076130 702.2
1076140 698.2
1076150 691.0
1076160 691.0
1076170 687.8
1076180 686.8
1076190 686.8
1076200 686.8
1076210 686.0
1076220 686.0
1076230 683.5
1076240 680.4
1076250 680.4
1076260 678.2
1076270 677.8
1076280 681.2
1076290 679.5
1076300 678.7
1076310 678.7
1076320 675.7
1076330 672.2
1076340 672.2
1076350 671.2
1076360 674.1
1076370 679.7
1076380 679.7
1076390 685.8
1076400 688.4
1076410 688.4
1076420 690.5
1076430 694.2
1076440 694.2
1076450 697.9
1076460 700.7
1076470 700.7
1076480 702.8
1076490 703.4
1076500 703.4
1076510 700.9
1076520 692.4
1076530 692.4
1076540 685.5
1076550 677.6
1076560 677.6
1076570 673.1
1076580 669.8
1076590 669.8
1076600 670.7
1076610 668.8
1076620 668.8
1076630 665.0
1076640 662.7
1076650 661.6
1076660 661.6
1076670 660.7
1076680 662.1
1076690 662.1
1076700 664.7
1076710 669.2
1076720 669.2
1076730 673.4
1076740 676.0
1076750 676.0
1076760 675.8
1076770 674.6
1076780 674.6
1076790 670.9
1076800 665.7
1076810 665.7
1076820 659.5
1076830 647.6
1076840 647.6
1076850 628.7
1076860 620.0
1076870 620.0
1076880 623.8
1076890 621.2
1076900 621.2
1076910 629.7
1076920 631.2
1076930 619.2
1076940 619.2
1076950 604.4
1076960 601.7
1076970 601.7
1076980 603.1
1076990 590.9
1077000 590.9
1077010 588.9
1077020 596.7
1077030 596.7
1077040 598.1
1077050 590.1
1077060 590.1
1077070 584.8
1077080 582.6
1077090 582.6
1077100 573.3
1077110 568.7
1077120 568.7
1077130 568.3
1077140 566.2
1077150 566.2
1077160 561.8
1077170 555.8
1077180 546.1
1077190 546.1
1077200 544.5
1077210 545.1
1077220 545.0
1077230 545.9
1077240 546.3
1077250 546.3
1077260 546.4
1077270 548.9
1077280 548.9
1077290 557.2
1077300 563.9
1077310 563.9
1077320 567.3
1077330 572.2
1077340 572.2
1077350 576.9
1077360 581.1
1077370 581.1
1077380 584.7
1077390 588.5
1077400 588.5
1077410 590.4
1077420 593.0
1077430 593.0
1077440 596.1
1077450 600.5
1077460 609.0
1077470 609.0
1077480 614.0
1077490 617.8
1077500 617.8
1077510 622.5
1077520 624.5
1077530 617.2
1077540 620.5
1077550 623.8
1077560 623.8
1077570 625.5
1077580 624.8
1077590 624.8
1077600 622.6
1077610 621.0
1077620 621.0
1077630 615.7
1077640 614.7
1077650 614.7
1077660 617.8
1077670 628.5
1077680 628.5
1077690 632.0
1077700 633.5
1077710 633.5
1077720 637.1
1077730 638.8
1077740 638.1
1077750 638.1
1077760 634.4
1077770 627.3
1077780 627.3
1077790 622.4
1077800 618.5
1077810 618.5
1077820 614.0
1077830 611.5
1077840 611.5
1077850 603.8
1077860 601.5
1077870 601.5
1077880 600.3
1077890 599.5
1077900 599.5
1077910 598.0
1077920 595.6
1077930 595.6
1077940 594.3
1077950 593.9
1077960 593.9
1077970 595.8
1077980 597.8
1077990 597.8
1078000 599.5
1078010 600.5
1078020 601.8
1078030 601.8
1078040 603.8
1078050 605.1
1078060 605.1
1078070 605.0
1078080 605.6
1078090 605.6
1078100 607.5
1078110 610.4
1078120 610.4
1078130 614.4
1078140 618.1
1078150 618.1
1078160 621.6
1078170 624.3
1078180 624.3
1078190 629.5
1078200 633.0
1078210 633.0
1078220 635.7
1078230 639.4
1078240 639.4
1078250 644.5
1078260 646.5
1078270 646.5
1078280 648.6
1078290 651.7
1078300 653.1
1078310 653.1
1078320 656.2
1078330 663.0
1078340 663.0
1078350 668.8
1078360 678.4
1078370 678.4
1078380 685.7
1078390 685.5
1078400 685.5
1078410 692.3
1078420 695.9
1078430 695.9
1078440 689.7
1078450 691.6
1078460 691.6
1078470 697.0
1078480 704.1
1078490 704.1
1078500 711.7
1078510 721.0
1078520 721.0
1078530 733.1
1078540 743.7
1078550 750.7
1078560 750.7
1078570 758.2
1078580 767.2
1078590 767.2
1078600 773.5
1078610 778.1
1078620 778.1
1078630 783.4
1078640 788.0
1078650 788.0
1078660 792.2
1078670 795.3
1078680 795.3
1078690 798.5
1078700 801.8
1078710 801.8
1078720 804.8
1078730 809.4
1078740 809.4
1078750 812.8
1078760 816.7
1078770 816.7
1078780 820.1
1078790 821.0
1078800 821.0
1078810 820.8
1078820 818.0
1078830 815.4
1078840 815.4
1078850 813.5
1078860 811.5
1078870 811.5
1078880 809.1
1078890 804.9
1078900 804.9
1078910 799.2
1078920 794.1
1078930 794.1
1078940 788.1
1078950 779.9
1078960 779.9
1078970 772.0
1078980 765.1
1078990 765.1
1079000 760.7
1079010 753.0
1079020 753.0
1079030 743.3
1079040 734.2
1079050 734.2
1079060 726.2
1079070 732.4
1079080 732.4
1079090 741.1
1079100 744.8
1079110 750.3
1079120 750.3
1079130 754.2
1079140 758.9
1079150 758.9
1079160 766.0
1079170 774.0
1079180 774.0
1079190 782.9
1079200 789.1
1079210 789.1
1079220 793.7
1079230 791.8
1079240 791.8
1079250 777.4
1079260 765.2
1079270 765.2
1079280 768.5
1079290 775.0
1079300 775.0
1079310 780.7
1079320 786.7
1079330 786.7
1079340 792.5
1079350 796.6
1079360 796.6
1079370 800.8
1079380 806.6
1079390 811.4
1079400 811.4
1079410 815.8
1079420 819.4
1079430 819.4
1079440 823.5
1079450 827.6
1079460 827.6
1079470 833.0
1079480 838.2
1079490 838.2
1079500 842.7
1079510 846.1
1079520 846.1
1079530 850.4
1079540 855.0
1079550 855.0
1079560 860.0
1079570 866.9
1079580 866.9
1079590 870.4
1079600 874.6
1079610 874.6
1079620 878.3
1079630 881.2
1079640 881.2
1079650 886.4
1079660 892.2
1079670 897.5
1079680 897.5
1079690 899.8
1079700 902.0
1079710 902.0
1079720 904.0
1079730 905.9
1079740 905.9
1079750 907.8
1079760 909.4
1079770 909.4
1079780 911.1
1079790 912.7
1079800 912.7
1079810 914.1
1079820 915.0
1079830 915.0
1079840 915.9
1079850 916.6
1079860 916.6
1079870 917.3
1079880 918.1
1079890 918.1
1079900 918.2
1079910 919.0
1079920 920.0
1079930 920.0
1079940 921.3
1079950 922.7
1079960 922.7
1079970 923.6
1079980 924.5
1079990 924.5
