1060720 432.9
1060730 432.9
1060740 433.2
1060750 432.0
1060760 435.3
1060770 435.3
1060780 437.7
1060790 437.6
1060800 437.6
1060810 437.2
1060820 435.8
1060830 435.8
1060840 431.9
1060850 431.1
1060860 431.1
1060870 432.0
1060880 434.7
1060890 434.7
1060900 437.1
1060910 435.1
1060920 435.1
1060930 430.6
1060940 427.2
1060950 427.2
1060960 426.7
1060970 426.9
1060980 426.9
1060990 426.9
1061000 426.9
1061010 426.9
1061020 426.7
1061030 426.6
1061040 426.4
1061050 426.4
1061060 426.3
1061070 426.3
1061080 426.3
1061090 426.5
1061100 429.3
1061110 429.3
1061120 431.8
1061130 432.3
1061140 432.3
1061150 432.6
1061160 432.9
1061170 432.9
1061180 433.1
1061190 433.8
1061200 433.8
1061210 436.0
1061220 436.2
1061230 436.2
1061240 433.3
1061250 430.7
1061260 430.7
1061270 430.0
1061280 429.9
1061290 429.9
1061300 429.9
1061310 430.1
1061320 430.2
1061330 430.0
1061340 429.9
1061350 429.9
1061360 429.9
1061370 429.9
1061380 429.9
1061390 429.9
1061400 430.1
1061410 430.1
1061420 430.1
1061430 429.9
1061440 430.0
1061450 430.0
1061460 429.9
1061470 430.0
1061480 430.0
1061490 430.3
1061500 430.1
1061510 430.1
1061520 429.8
1061530 429.8
1061540 429.8
1061550 430.1
1061560 429.9
1061570 429.9
1061580 430.1
1061590 430.0
1061600 429.7
1061610 429.7
1061620 429.7
1061630 429.8
1061640 429.8
1061650 429.8
1061660 429.8
1061670 429.8
1061680 429.9
1061690 430.1
1061700 430.1
1061710 430.0
1061720 429.8
1061730 429.8
1061740 429.8
1061750 429.8
1061760 429.8
1061770 429.8
1061780 429.5
1061790 428.3
1061800 428.3
1061810 428.8
1061820 429.5
1061830 429.5
1061840 429.5
1061850 429.6
1061860 429.6
1061870 429.7
1061880 429.7
1061890 429.7
1061900 429.6
1061910 429.5
1061920 429.7
1061930 429.7
1061940 429.8
1061950 429.8
1061960 429.8
1061970 429.9
1061980 430.0
1061990 430.0
1062000 429.6
1062010 429.3
1062020 429.3
1062030 429.3
1062040 429.4
1062050 429.6
1062060 429.6
1062070 429.4
1062080 429.3
1062090 429.3
1062100 429.3
1062110 429.3
1062120 429.3
1062130 429.3
1062140 429.2
1062150 429.2
1062160 429.1
1062170 429.1
1062180 429.1
1062190 429.1
1062200 429.2
1062210 429.2
1062220 429.2
1062230 429.2
1062240 429.1
1062250 429.1
1062260 429.0
1062270 429.1
1062280 429.2
1062290 429.2
1062300 429.0
1062310 428.9
1062320 428.9
1062330 429.6
1062340 429.7
1062350 429.7
1062360 429.5
1062370 429.6
1062380 429.6
1062390 429.7
1062400 429.6
1062410 429.4
1062420 429.4
1062430 429.5
1062440 429.5
1062450 429.5
1062460 429.5
1062470 429.6
1062480 429.6
1062490 429.7
1062500 429.8
1062510 429.8
1062520 429.8
1062530 429.7
1062540 429.6
1062550 429.6
1062560 429.7
1062570 429.7
1062580 429.7
1062590 429.6
1062600 429.5
1062610 429.5
1062620 429.5
1062630 429.6
1062640 429.6
1062650 429.7
1062660 429.2
1062670 429.3
1062680 429.3
1062690 429.8
1062700 429.6
1062710 429.6
1062720 429.3
1062730 429.5
1062740 429.5
1062750 429.5
1062760 429.6
1062770 429.6
1062780 429.6
1062790 429.6
1062800 429.6
1062810 429.6
1062820 429.5
1062830 429.6
1062840 429.6
1062850 429.8
1062860 429.8
1062870 429.8
1062880 429.7
1062890 429.8
1062900 429.8
1062910 429.8
1062920 429.7
1062930 429.7
1062940 429.7
1062950 429.7
1062960 429.8
1062970 429.8
1062980 429.8
1062990 429.9
1063000 429.9
1063010 429.9
1063020 429.8
1063030 429.8
1063040 429.9
1063050 429.8
1063060 429.8
1063070 429.8
1063080 429.7
1063090 429.7
1063100 429.7
1063110 429.7
1063120 429.6
1063130 429.6
1063140 429.6
1063150 429.5
1063160 429.5
1063170 429.6
1063180 429.6
1063190 429.6
1063200 429.6
1063210 429.5
1063220 429.5
1063230 429.6
1063240 429.6
1063250 429.7
1063260 429.7
1063270 429.8
1063280 429.7
1063290 429.7
1063300 429.2
1063310 429.0
1063320 428.9
1063330 429.0
1063340 429.0
1063350 429.0
1063360 428.9
1063370 428.8
1063380 428.8
1063390 428.9
1063400 429.0
1063410 429.0
1063420 429.2
1063430 429.2
1063440 429.2
1063450 429.2
1063460 429.2
1063470 429.2
1063480 429.3
1063490 429.4
1063500 429.4
1063510 429.5
1063520 429.5
1063530 429.7
1063540 429.7
1063550 429.7
1063560 429.7
1063570 429.7
1063580 429.8
1063590 429.8
1063600 429.8
1063610 429.9
1063620 429.9
1063630 430.0
1063640 430.0
1063650 430.1
1063660 430.1
1063670 430.1
1063680 430.1
1063690 430.1
1063700 430.2
1063710 430.2
1063720 430.2
1063730 430.2
1063740 430.3
1063750 430.3
1063760 430.3
1063770 430.3
1063780 430.3
1063790 430.4
1063800 430.4
1063810 430.4
1063820 430.4
1063830 430.5
1063840 430.5
1063850 430.5
1063860 430.6
1063870 430.6
1063880 430.6
1063890 430.6
1063900 430.6
1063910 430.6
1063920 430.7
1063930 430.7
1063940 430.7
1063950 430.8
1063960 430.8
1063970 430.8
1063980 430.9
1063990 430.9
1064000 430.9
1064010 431.1
1064020 431.1
1064030 431.1
1064040 431.2
1064050 431.3
1064060 431.3
1064070 431.3
1064080 431.4
1064090 431.4
1064100 431.4
1064110 431.4
1064120 431.3
1064130 431.3
1064140 431.4
1064150 431.4
1064160 431.4
1064170 431.4
1064180 431.4
1064190 431.4
1064200 431.4
1064210 431.4
1064220 431.4
1064230 431.5
1064240 431.6
1064250 431.6
1064260 431.7
1064270 431.7
1064280 431.7
1064290 431.8
1064300 431.8
1064310 431.8
1064320 431.9
1064330 432.0
1064340 432.0
1064350 432.1
1064360 432.2
1064370 432.3
1064380 432.3
1064390 432.3
1064400 432.2
1064410 432.2
1064420 431.9
1064430 431.8
1064440 431.8
1064450 432.1
1064460 432.3
1064470 432.3
1064480 432.7
1064490 432.8
1064500 432.8
1064510 432.9
1064520 432.9
1064530 433.0
1064540 433.0
1064550 433.2
1064560 433.2
1064570 433.4
1064580 433.5
1064590 433.5
1064600 433.4
1064610 433.5
1064620 433.5
1064630 434.0
1064640 433.6
1064650 433.5
1064660 433.5
1064670 433.5
1064680 433.5
1064690 433.5
1064700 433.7
1064710 433.7
1064720 433.7
1064730 433.8
1064740 433.5
1064750 433.5
1064760 432.9
1064770 433.2
1064780 433.2
1064790 433.3
1064800 433.5
1064810 433.5
1064820 433.9
1064830 434.0
1064840 433.6
1064850 433.9
1064860 434.0
1064870 434.0
1064880 434.3
1064890 434.5
1064900 434.5
1064910 434.6
1064920 434.6
1064930 434.8
1064940 434.8
1064950 434.8
1064960 434.8
1064970 434.8
1064980 434.9
1064990 435.0
1065000 435.0
1065010 435.1
1065020 435.2
1065030 435.2
1065040 435.2
1065050 435.3
1065060 435.3
1065070 435.8
1065080 435.8
1065090 435.8
1065100 435.6
1065110 435.6
1065120 435.6
1065130 435.4
1065140 435.7
1065150 435.7
1065160 435.5
1065170 435.5
1065180 435.5
1065190 435.5
1065200 435.6
1065210 435.6
1065220 435.6
1065230 435.5
1065240 435.5
1065250 435.5
1065260 435.5
1065270 435.6
1065280 435.6
1065290 435.7
1065300 435.8
1065310 435.8
1065320 436.3
1065330 436.3
1065340 436.3
1065350 436.5
1065360 436.6
1065370 436.6
1065380 436.5
1065390 436.5
1065400 436.5
1065410 436.7
1065420 436.8
1065430 436.8
1065440 436.7
1065450 436.9
1065460 436.9
1065470 437.0
1065480 437.1
1065490 437.1
1065500 437.1
1065510 439.5
1065520 440.6
1065530 440.6
1065540 438.0
1065550 436.9
1065560 436.9
1065570 436.7
1065580 433.7
1065590 433.7
1065600 432.9
1065610 433.2
1065620 433.2
1065630 436.4
1065640 437.5
1065650 437.5
1065660 440.4
1065670 440.4
1065680 440.4
1065690 438.0
1065700 436.7
1065710 436.7
1065720 436.9
1065730 437.0
1065740 437.1
1065750 437.1
1065760 437.2
1065770 437.1
1065780 437.1
1065790 437.1
1065800 437.1
1065810 437.1
1065820 437.0
1065830 437.0
1065840 437.0
1065850 437.0
1065860 436.8
1065870 436.8
1065880 437.1
1065890 436.9
1065900 436.9
1065910 436.0
1065920 436.8
1065930 436.8
1065940 436.9
1065950 436.7
1065960 436.7
1065970 436.4
1065980 436.5
1065990 436.5
1066000 436.5
1066010 436.5
1066020 436.4
1066030 436.4
1066040 436.5
1066050 436.4
1066060 436.4
1066070 436.4
1066080 436.3
1066090 436.3
1066100 436.3
1066110 436.3
1066120 436.3
1066130 436.2
1066140 436.0
1066150 436.0
1066160 436.2
1066170 436.2
1066180 436.2
1066190 436.2
1066200 436.0
1066210 436.0
1066220 436.1
1066230 436.1
1066240 436.1
1066250 436.0
1066260 435.9
1066270 435.9
1066280 435.9
1066290 436.0
1066300 435.0
1066310 435.0
1066320 431.7
1066330 429.9
1066340 429.9
1066350 429.5
1066360 429.3
1066370 429.3
1066380 429.3
1066390 429.1
1066400 429.1
1066410 429.1
1066420 429.2
1066430 429.2
1066440 429.2
1066450 428.6
1066460 428.6
1066470 429.0
1066480 434.6
1066490 434.6
1066500 436.5
1066510 436.7
1066520 436.7
1066530 436.4
1066540 436.4
1066550 436.4
1066560 436.3
1066570 436.2
1066580 436.1
1066590 436.1
1066600 435.8
1066610 435.5
1066620 435.5
1066630 435.5
1066640 435.6
1066650 435.6
1066660 436.2
1066670 435.7
1066680 435.7
1066690 435.5
1066700 435.1
1066710 435.1
1066720 435.0
1066730 435.2
1066740 435.2
1066750 435.3
1066760 435.3
1066770 435.3
1066780 435.3
1066790 435.4
1066800 435.4
1066810 435.5
1066820 435.5
1066830 435.5
1066840 435.4
1066850 435.3
1066860 435.4
1066870 435.4
1066880 435.6
1066890 435.3
1066900 435.3
1066910 435.3
1066920 435.4
1066930 435.4
1066940 435.4
1066950 435.4
1066960 435.4
1066970 435.3
1066980 435.4
1066990 435.4
1067000 435.6
1067010 435.6
1067020 435.6
1067030 435.5
1067040 435.5
1067050 435.5
1067060 435.6
1067070 435.3
1067080 435.3
1067090 435.4
1067100 435.3
1067110 435.3
1067120 435.3
1067130 435.4
1067140 435.4
1067150 435.4
1067160 435.4
1067170 435.5
1067180 435.5
1067190 435.7
1067200 435.7
1067210 435.7
1067220 435.7
1067230 435.7
1067240 435.7
1067250 435.8
1067260 435.7
1067270 435.7
1067280 435.6
1067290 435.9
1067300 435.9
1067310 434.5
1067320 433.3
1067330 433.3
1067340 433.4
1067350 433.4
1067360 433.4
1067370 433.3
1067380 433.3
1067390 433.3
1067400 433.4
1067410 433.3
1067420 433.2
1067430 433.2
1067440 433.1
1067450 433.2
1067460 433.2
1067470 433.2
1067480 433.1
1067490 433.1
1067500 433.1
1067510 433.1
1067520 433.1
1067530 433.1
1067540 433.2
1067550 433.2
1067560 433.2
1067570 433.2
1067580 433.2
1067590 433.2
1067600 433.4
1067610 433.4
1067620 435.3
1067630 436.4
1067640 436.4
1067650 436.6
1067660 436.4
1067670 436.4
1067680 435.9
1067690 435.9
1067700 436.3
1067710 436.3
1067720 437.9
1067730 437.7
1067740 437.7
1067750 436.7
1067760 435.7
1067770 435.7
1067780 435.7
1067790 435.7
1067800 435.7
1067810 435.7
1067820 435.5
1067830 435.5
1067840 435.5
1067850 435.4
1067860 435.4
1067870 435.4
1067880 435.5
1067890 435.5
1067900 435.5
1067910 435.4
1067920 435.4
1067930 435.4
1067940 435.3
1067950 435.3
1067960 435.3
1067970 435.3
1067980 435.1
1067990 435.1
1068000 435.3
1068010 435.3
1068020 435.3
1068030 435.3
1068040 435.2
1068050 435.2
1068060 435.3
1068070 435.2
1068080 435.2
1068090 435.2
1068100 435.1
1068110 435.1
1068120 435.2
1068130 435.3
1068140 435.3
1068150 435.3
1068160 435.3
1068170 435.3
1068180 435.3
1068190 435.3
1068200 435.3
1068210 435.3
1068220 435.3
1068230 435.1
1068240 435.1
1068250 434.8
1068260 435.0
1068270 435.0
1068280 435.1
1068290 435.2
1068300 435.2
1068310 435.4
1068320 435.4
1068330 435.4
1068340 435.4
1068350 435.3
1068360 435.3
1068370 435.3
1068380 435.4
1068390 435.4
1068400 435.2
1068410 435.1
1068420 435.1
1068430 435.3
1068440 435.5
1068450 435.5
1068460 435.5
1068470 435.6
1068480 435.6
1068490 435.6
1068500 435.5
1068510 435.5
1068520 435.5
1068530 435.6
1068540 435.5
1068550 435.5
1068560 435.5
1068570 435.4
1068580 435.4
1068590 435.6
1068600 435.5
1068610 435.5
1068620 435.4
1068630 435.4
1068640 435.4
1068650 435.6
1068660 435.7
1068670 435.7
1068680 435.8
1068690 436.0
1068700 436.0
1068710 436.1
1068720 436.0
1068730 436.0
1068740 436.2
1068750 436.9
1068760 436.9
1068770 436.9
1068780 435.9
1068790 435.8
1068800 435.7
1068810 435.8
1068820 435.8
1068830 435.8
1068840 435.8
1068850 435.9
1068860 435.9
1068870 435.9
1068880 435.9
1068890 435.9
1068900 436.1
1068910 436.1
1068920 436.1
1068930 436.1
1068940 436.2
1068950 436.2
1068960 436.4
1068970 436.5
1068980 436.5
1068990 436.4
1069000 436.5
1069010 436.5
1069020 436.5
1069030 436.4
1069040 436.4
1069050 436.5
1069060 436.7
1069070 436.8
1069080 436.8
1069090 437.1
1069100 437.3
1069110 437.4
1069120 437.5
1069130 437.6
1069140 437.6
1069150 437.7
1069160 437.0
1069170 437.0
1069180 437.0
1069190 437.1
1069200 437.1
1069210 437.1
1069220 437.1
1069230 437.1
1069240 437.5
1069250 438.0
1069260 438.0
1069270 438.0
1069280 438.0
1069290 438.0
1069300 438.0
1069310 438.0
1069320 438.0
1069330 438.0
1069340 438.0
1069350 438.0
1069360 438.0
1069370 438.0
1069380 438.2
1069390 438.2
1069400 438.2
1069410 438.5
1069420 438.5
1069430 438.7
1069440 438.7
1069450 438.7
1069460 438.8
1069470 438.8
1069480 438.8
1069490 438.8
1069500 439.3
1069510 439.3
1069520 439.1
1069530 439.3
1069540 439.3
1069550 439.5
1069560 439.6
1069570 439.6
1069580 439.6
1069590 439.7
1069600 439.7
1069610 439.7
1069620 439.8
1069630 439.9
1069640 439.9
1069650 440.5
1069660 440.7
1069670 440.7
1069680 440.7
1069690 440.5
1069700 440.5
1069710 440.1
1069720 440.7
1069730 440.7
1069740 440.6
1069750 439.8
1069760 439.8
1069770 439.1
1069780 438.3
1069790 438.3
1069800 438.0
1069810 438.1
1069820 438.1
1069830 438.3
1069840 438.4
1069850 438.4
1069860 438.6
1069870 438.6
1069880 438.6
1069890 438.6
1069900 439.7
1069910 440.1
1069920 440.1
1069930 440.3
1069940 440.6
1069950 440.6
1069960 441.1
1069970 441.3
1069980 441.3
1069990 441.3
1070000 441.4
1070010 441.4
1070020 441.5
1070030 441.9
1070040 441.9
1070050 442.3
1070060 442.9
1070070 442.9
1070080 443.3
1070090 443.8
1070100 443.8
1070110 444.0
1070120 444.1
1070130 444.1
1070140 444.1
1070150 444.0
1070160 443.9
1070170 443.9
1070180 443.9
1070190 443.9
1070200 443.9
1070210 443.6
1070220 443.5
1070230 443.5
1070240 443.5
1070250 443.6
1070260 443.6
1070270 443.8
1070280 443.9
1070290 443.9
1070300 444.1
1070310 444.2
1070320 444.2
1070330 444.1
1070340 444.1
1070350 444.1
1070360 444.2
1070370 444.5
1070380 444.5
1070390 444.6
1070400 444.6
1070410 444.6
1070420 444.5
1070430 444.4
1070440 444.4
1070450 444.4
1070460 444.4
1070470 444.4
1070480 444.4
1070490 444.4
1070500 444.5
1070510 444.5
1070520 444.6
1070530 444.7
1070540 444.7
1070550 444.7
1070560 444.7
1070570 444.7
1070580 444.7
1070590 444.6
1070600 444.6
1070610 444.6
1070620 444.6
1070630 444.6
1070640 444.4
1070650 444.5
1070660 444.5
1070670 444.6
1070680 444.7
1070690 444.7
1070700 444.8
1070710 444.8
1070720 444.8
1070730 444.8
1070740 444.9
1070750 445.0
1070760 445.0
1070770 445.0
1070780 445.0
1070790 445.0
1070800 445.1
1070810 445.2
1070820 445.2
1070830 445.3
1070840 445.4
1070850 445.4
1070860 445.4
1070870 445.4
1070880 445.4
1070890 445.5
1070900 445.7
1070910 445.7
1070920 445.8
1070930 445.9
1070940 445.9
1070950 446.0
1070960 446.0
1070970 446.0
1070980 446.1
1070990 446.2
1071000 446.3
1071010 446.3
1071020 446.4
1071030 446.4
1071040 446.4
1071050 447.4
1071060 450.1
1071070 450.1
1071080 449.2
1071090 448.1
1071100 448.1
1071110 452.6
1071120 455.0
1071130 455.0
1071140 454.9
1071150 454.7
1071160 454.7
1071170 452.0
1071180 449.5
1071190 449.5
1071200 450.5
1071210 448.6
1071220 448.6
1071230 448.5
1071240 448.9
1071250 448.9
1071260 447.6
1071270 447.5
1071280 447.2
1071290 447.2
1071300 447.1
1071310 447.7
1071320 447.7
1071330 448.8
1071340 449.0
1071350 449.0
1071360 449.1
1071370 449.4
1071380 449.4
1071390 449.7
1071400 449.7
1071410 449.7
1071420 449.9
1071430 450.0
1071440 450.0
1071450 450.1
1071460 450.2
1071470 450.2
1071480 450.2
1071490 450.5
1071500 450.5
1071510 450.5
1071520 450.6
1071530 450.6
1071540 450.7
1071550 450.9
1071560 450.9
1071570 450.9
1071580 451.1
1071590 451.3
1071600 451.3
1071610 451.3
1071620 451.3
1071630 451.3
1071640 451.4
1071650 451.7
1071660 451.7
1071670 452.2
1071680 452.5
1071690 452.5
1071700 452.3
1071710 452.4
1071720 452.4
1071730 452.4
1071740 452.5
1071750 452.5
1071760 452.6
1071770 452.5
1071780 452.5
1071790 452.6
1071800 452.7
1071810 452.7
1071820 452.5
1071830 452.8
1071840 453.0
1071850 453.0
1071860 453.0
1071870 453.2
1071880 453.2
1071890 453.2
1071900 453.3
1071910 453.3
1071920 453.3
1071930 453.4
1071940 453.4
1071950 453.7
1071960 453.8
1071970 453.8
1071980 453.8
1071990 453.9
1072000 453.9
1072010 454.4
1072020 455.4
1072030 455.4
1072040 455.0
1072050 454.9
1072060 454.9
1072070 455.1
1072080 455.2
1072090 455.3
1072100 455.3
1072110 455.2
1072120 455.3
1072130 455.3
1072140 455.2
1072150 455.1
1072160 455.1
1072170 455.1
1072180 455.3
1072190 455.3
1072200 455.2
1072210 455.4
1072220 455.4
1072230 455.7
1072240 455.9
1072250 455.9
1072260 456.0
1072270 456.0
1072280 456.0
1072290 456.0
1072300 456.1
1072310 456.1
1072320 456.2
1072330 456.7
1072340 456.7
1072350 456.5
1072360 456.6
1072370 456.7
1072380 456.7
1072390 456.9
1072400 456.9
1072410 456.9
1072420 456.9
1072430 457.0
1072440 457.0
1072450 457.2
1072460 457.4
1072470 457.4
1072480 457.6
1072490 457.6
1072500 457.6
1072510 457.9
1072520 458.3
1072530 458.3
1072540 458.2
1072550 458.2
1072560 458.2
1072570 458.8
1072580 459.1
1072590 459.1
1072600 458.8
1072610 458.8
1072620 458.8
1072630 459.2
1072640 459.5
1072650 459.5
1072660 459.5
1072670 459.7
1072680 460.0
1072690 460.0
1072700 460.3
1072710 460.9
1072720 460.9
1072730 460.9
1072740 460.8
1072750 460.8
1072760 460.7
1072770 460.9
1072780 460.9
1072790 461.0
1072800 461.1
1072810 461.1
1072820 461.1
1072830 461.8
1072840 461.8
1072850 462.4
1072860 462.7
1072870 462.7
1072880 463.1
1072890 462.8
1072900 462.8
1072910 462.8
1072920 462.9
1072930 463.0
1072940 463.0
1072950 463.0
1072960 463.0
1072970 463.0
1072980 463.2
1072990 463.3
1073000 463.3
1073010 463.4
1073020 463.5
1073030 463.5
1073040 463.7
1073050 464.1
1073060 464.1
1073070 464.1
1073080 464.1
1073090 464.1
1073100 464.1
1073110 464.5
1073120 464.5
1073130 464.9
1073140 465.1
1073150 465.1
1073160 465.3
1073170 467.8
1073180 467.8
1073190 470.8
1073200 472.8
1073210 472.7
1073220 472.7
1073230 471.6
1073240 469.9
1073250 469.9
1073260 467.9
1073270 466.8
1073280 466.8
1073290 466.8
1073300 467.0
1073310 467.0
1073320 467.2
1073330 467.4
1073340 467.4
1073350 467.5
1073360 467.6
1073370 467.6
1073380 467.7
1073390 468.1
1073400 468.1
1073410 468.3
1073420 468.7
1073430 468.7
1073440 468.8
1073450 469.3
1073460 469.3
1073470 469.3
1073480 469.2
1073490 469.2
1073500 469.2
1073510 469.4
1073520 469.4
1073530 469.4
1073540 469.4
1073550 469.8
1073560 469.8
1073570 470.0
1073580 470.1
1073590 470.1
1073600 470.2
1073610 470.2
1073620 470.2
1073630 470.1
1073640 470.5
1073650 470.5
1073660 470.8
1073670 471.0
1073680 471.0
1073690 471.1
1073700 471.4
1073710 471.4
1073720 471.3
1073730 471.5
1073740 471.5
1073750 471.8
1073760 472.1
1073770 472.1
1073780 472.1
1073790 472.3
1073800 472.4
1073810 472.4
1073820 472.6
1073830 472.6
1073840 472.6
1073850 472.6
1073860 472.7
1073870 472.7
1073880 472.8
1073890 473.0
1073900 473.0
1073910 473.5
1073920 473.8
1073930 473.8
1073940 473.7
1073950 474.1
1073960 474.1
1073970 474.6
1073980 474.7
1073990 474.7
1074000 474.6
1074010 474.6
1074020 474.7
1074030 474.7
1074040 475.0
1074050 475.1
1074060 475.1
1074070 475.3
1074080 475.4
1074090 475.4
1074100 475.8
1074110 476.4
1074120 476.4
1074130 476.5
1074140 476.5
1074150 476.5
1074160 476.6
1074170 476.5
1074180 476.5
1074190 476.4
1074200 476.8
1074210 476.8
1074220 476.7
1074230 476.5
1074240 476.5
1074250 476.3
1074260 476.4
1074270 476.4
1074280 477.2
1074290 478.0
1074300 478.1
1074310 478.1
1074320 478.1
1074330 478.2
1074340 478.2
1074350 478.2
1074360 478.1
1074370 478.1
1074380 478.5
1074390 481.8
1074400 481.8
1074410 487.4
1074420 491.7
1074430 491.7
1074440 498.3
1074450 506.8
1074460 506.8
1074470 514.8
1074480 520.3
1074490 520.3
1074500 526.2
1074510 535.9
1074520 535.9
1074530 546.6
1074540 550.9
1074550 550.9
1074560 552.2
1074570 554.9
1074580 557.4
1074590 557.4
1074600 559.8
1074610 562.3
1074620 562.3
1074630 563.6
1074640 563.5
1074650 563.5
1074660 563.7
1074670 565.4
1074680 565.4
1074690 568.3
1074700 571.9
1074710 571.9
1074720 574.8
1074730 576.6
1074740 576.6
1074750 578.5
1074760 580.0
1074770 580.0
1074780 581.8
1074790 584.1
1074800 584.1
1074810 584.7
1074820 584.6
1074830 584.6
1074840 582.7
1074850 580.7
1074860 579.6
1074870 579.6
1074880 580.5
1074890 583.8
1074900 583.8
1074910 589.1
1074920 594.7
1074930 594.7
1074940 594.9
1074950 594.2
1074960 594.2
1074970 594.9
1074980 593.3
1074990 593.3
1075000 593.0
1075010 592.9
1075020 592.9
1075030 589.1
1075040 584.9
1075050 584.9
1075060 580.8
1075070 577.7
1075080 577.7
1075090 577.1
1075100 579.3
1075110 579.3
1075120 578.7
1075130 576.4
1075140 572.8
1075150 572.8
1075160 569.2
1075170 566.4
1075180 566.4
1075190 563.1
1075200 559.8
1075210 559.8
1075220 556.2
1075230 552.5
1075240 552.5
1075250 546.3
1075260 544.7
1075270 544.7
1075280 540.6
1075290 534.5
1075300 534.5
1075310 530.2
1075320 526.0
1075330 526.0
1075340 521.8
1075350 518.3
1075360 518.3
1075370 514.8
1075380 514.4
1075390 514.4
1075400 517.3
1075410 523.7
1075420 531.4
1075430 531.4
1075440 544.5
1075450 554.9
1075460 554.9
1075470 557.0
1075480 558.0
1075490 558.0
1075500 558.1
1075510 558.0
1075520 558.0
1075530 558.2
1075540 558.5
1075550 558.5
1075560 558.8
1075570 560.0
1075580 560.0
1075590 565.2
1075600 566.9
1075610 566.9
1075620 568.2
1075630 568.0
1075640 568.0
1075650 568.2
1075660 569.8
1075670 569.8
1075680 571.6
1075690 570.7
1075700 570.0
1075710 570.0
1075720 569.8
1075730 571.2
1075740 571.2
1075750 576.0
1075760 580.0
1075770 580.0
1075780 581.3
1075790 582.0
1075800 582.0
1075810 583.4
1075820 584.2
1075830 584.2
1075840 584.3
1075850 583.8
1075860 583.8
1075870 584.2
1075880 586.3
1075890 586.3
1075900 589.5
1075910 591.4
1075920 591.4
1075930 593.0
1075940 595.1
1075950 595.8
1075960 595.8
1075970 587.8
1075980 574.5
1075990 574.5
1076000 561.8
1076010 550.6
1076020 550.6
1076030 539.6
1076040 538.2
1076050 538.2
1076060 535.2
1076070 531.8
1076080 531.8
1076090 528.0
1076100 527.6
1076110 527.6
1076120 526.6
1076130 526.4
1076140 526.4
1076150 526.6
1076160 527.1
1076170 527.1
1076180 527.2
1076190 527.2
1076200 527.2
1076210 526.8
1076220 527.4
1076230 527.8
1076240 527.8
1076250 538.2
1076260 554.0
1076270 554.0
1076280 564.6
1076290 577.3
1076300 577.3
1076310 593.7
1076320 605.2
1076330 605.2
1076340 614.2
1076350 623.0
1076360 623.0
1076370 630.1
1076380 635.9
1076390 635.9
1076400 640.4
1076410 644.7
1076420 644.7
1076430 649.6
1076440 654.1
1076450 654.1
1076460 654.3
1076470 640.8
1076480 640.8
1076490 632.7
1076500 641.3
1076510 651.0
1076520 651.0
1076530 640.2
1076540 648.3
1076550 648.3
1076560 658.1
1076570 662.0
1076580 662.0
1076590 664.2
1076600 671.3
1076610 671.3
1076620 677.1
1076630 683.8
1076640 683.8
1076650 693.4
1076660 701.4
1076670 701.4
1076680 708.4
1076690 713.5
1076700 713.5
1076710 715.7
1076720 717.9
1076730 717.9
1076740 721.5
1076750 733.6
1076760 733.6
1076770 750.9
1076780 759.4
1076790 768.5
1076800 768.5
1076810 776.3
1076820 781.0
1076830 781.0
1076840 783.0
1076850 786.3
1076860 786.3
1076870 788.8
1076880 791.5
1076890 791.5
1076900 793.5
1076910 795.0
1076920 795.0
1076930 795.9
1076940 796.1
1076950 796.1
1076960 795.9
1076970 796.2
1076980 796.2
1076990 795.7
1077000 795.6
1077010 795.6
1077020 796.0
1077030 796.1
1077040 796.1
1077050 796.3
1077060 796.6
1077070 796.9
1077080 796.9
1077090 797.1
1077100 797.4
1077110 797.4
1077120 797.7
1077130 798.0
1077140 798.0
1077150 798.6
1077160 799.3
1077170 799.3
1077180 799.8
1077190 800.1
1077200 800.1
1077210 800.8
1077220 801.7
1077230 801.7
1077240 802.7
1077250 803.8
1077260 803.8
1077270 804.9
1077280 806.1
1077290 806.1
1077300 807.6
1077310 808.8
1077320 808.8
1077330 810.1
1077340 812.7
1077350 815.9
1077360 815.9
1077370 818.6
1077380 821.0
1077390 821.0
1077400 822.2
1077410 822.9
1077420 822.9
1077430 823.1
1077440 823.3
1077450 823.3
1077460 823.4
1077470 825.9
1077480 825.9
1077490 829.0
1077500 831.8
1077510 831.8
1077520 834.3
1077530 836.6
1077540 836.6
1077550 838.9
1077560 841.5
1077570 841.5
1077580 844.4
1077590 847.9
1077600 847.9
1077610 851.5
1077620 854.7
1077630 858.7
1077640 858.7
1077650 862.2
1077660 863.2
1077670 863.2
1077680 864.7
1077690 865.8
1077700 865.8
1077710 867.4
1077720 869.7
1077730 869.7
1077740 872.5
1077750 874.5
1077760 874.5
1077770 876.2
1077780 876.5
1077790 876.5
1077800 880.8
1077810 885.2
1077820 885.2
1077830 887.7
1077840 889.4
1077850 889.4
1077860 890.8
1077870 893.8
1077880 898.2
1077890 898.2
1077900 901.6
1077910 905.5
1077920 905.5
1077930 910.3
1077940 914.8
1077950 914.8
1077960 917.7
1077970 919.4
1077980 919.4
1077990 923.8
1078000 931.2
1078010 931.2
1078020 937.6
1078030 939.5
1078040 939.5
1078050 944.0
1078060 949.3
1078070 949.3
1078080 954.8
1078090 943.4
1078100 943.4
1078110 942.2
1078120 945.9
1078130 945.9
1078140 947.3
1078150 948.7
1078160 946.9
1078170 946.9
1078180 942.4
1078190 937.5
1078200 937.5
1078210 942.7
1078220 950.7
1078230 950.7
1078240 958.3
1078250 965.2
1078260 965.2
1078270 971.9
1078280 978.1
1078290 978.1
1078300 983.1
1078310 985.4
1078320 985.4
1078330 990.4
1078340 997.6
1078350 997.6
1078360 1004.5
1078370 1013.4
1078380 1013.4
1078390 1022.8
1078400 1031.1
1078410 1031.1
1078420 1037.2
1078430 1043.4
1078440 1050.2
1078450 1050.2
1078460 1056.7
1078470 1063.0
1078480 1063.0
1078490 1068.9
1078500 1074.0
1078510 1074.0
1078520 1077.8
1078530 1079.8
1078540 1079.8
1078550 1080.8
1078560 1082.8
1078570 1082.8
1078580 1085.3
1078590 1087.5
1078600 1087.5
1078610 1089.7
1078620 1091.8
1078630 1091.8
1078640 1094.5
1078650 1097.3
1078660 1097.3
1078670 1099.5
1078680 1101.4
1078690 1101.4
1078700 1103.6
1078710 1104.5
1078720 1096.4
1078730 1096.4
1078740 1094.3
1078750 1091.7
1078760 1091.7
1078770 1093.6
1078780 1092.3
1078790 1092.3
1078800 1088.0
1078810 1086.3
1078820 1086.3
1078830 1083.2
1078840 1078.0
1078850 1078.0
1078860 1072.9
1078870 1067.3
1078880 1067.3
1078890 1060.8
1078900 1054.5
1078910 1054.5
1078920 1049.7
1078930 1044.7
1078940 1044.7
1078950 1039.1
1078960 1032.7
1078970 1032.7
1078980 1026.4
1078990 1020.3
1079000 1012.1
1079010 1012.1
1079020 1007.1
1079030 1001.7
1079040 1001.7
1079050 1000.2
1079060 996.5
1079070 996.5
1079080 992.9
1079090 988.4
1079100 988.4
1079110 982.9
1079120 977.4
1079130 977.4
1079140 970.9
1079150 963.7
1079160 963.7
1079170 958.6
1079180 955.6
1079190 955.6
1079200 950.8
1079210 942.2
1079220 942.2
1079230 958.8
1079240 962.4
1079250 962.4
1079260 958.2
1079270 955.4
1079280 951.5
1079290 951.5
1079300 952.1
1079310 961.9
1079320 961.9
1079330 969.9
1079340 975.6
1079350 972.6
1079360 978.3
1079370 980.9
1079380 980.9
1079390 978.6
1079400 978.8
1079410 978.8
1079420 983.4
1079430 989.1
1079440 989.1
1079450 996.2
1079460 1004.2
1079470 1004.2
1079480 1010.0
1079490 1015.0
1079500 1015.0
1079510 1020.7
1079520 1026.7
1079530 1032.9
1079540 1032.9
1079550 1039.3
1079560 1045.1
1079570 1045.1
1079580 1050.9
1079590 1056.2
1079600 1056.2
1079610 1059.4
1079620 1069.4
1079630 1069.4
1079640 1076.0
1079650 1082.5
1079660 1080.7
1079670 1085.1
1079680 1090.5
1079690 1090.5
1079700 1096.1
1079710 1102.4
1079720 1102.4
1079730 1107.7
1079740 1110.2
1079750 1110.2
1079760 1114.4
1079770 1119.7
1079780 1119.7
1079790 1127.6
1079800 1135.8
1079810 1143.2
1079820 1143.2
1079830 1151.4
1079840 1157.0
1079850 1157.0
1079860 1162.4
1079870 1167.1
1079880 1167.1
1079890 1169.8
1079900 1171.8
1079910 1171.8
1079920 1173.5
1079930 1175.1
1079940 1175.1
1079950 1176.7
1079960 1178.2
1079970 1178.2
1079980 1176.9
1079990 1178.4
