1060790 428.7
1060800 428.5
1060810 429.0
1060820 429.0
1060830 430.0
1060840 432.7
1060850 432.7
1060860 435.0
1060870 435.0
1060880 435.0
1060890 432.8
1060900 431.2
1060910 431.2
1060920 431.0
1060930 430.8
1060940 430.8
1060950 432.3
1060960 434.7
1060970 434.7
1060980 436.8
1060990 436.0
1061000 436.0
1061010 431.7
1061020 429.4
1061030 429.4
1061040 426.9
1061050 426.3
1061060 426.3
1061070 426.8
1061080 427.4
1061090 427.2
1061100 427.2
1061110 426.9
1061120 426.4
1061130 426.4
1061140 426.2
1061150 426.2
1061160 426.2
1061170 426.2
1061180 426.2
1061190 426.2
1061200 426.7
1061210 427.5
1061220 427.5
1061230 429.6
1061240 431.7
1061250 431.7
1061260 432.3
1061270 432.5
1061280 432.5
1061290 432.7
1061300 432.9
1061310 432.9
1061320 433.3
1061330 434.8
1061340 434.8
1061350 436.2
1061360 435.1
1061370 431.8
1061380 430.2
1061390 430.1
1061400 429.9
1061410 429.9
1061420 429.9
1061430 429.9
1061440 429.9
1061450 429.8
1061460 429.8
1061470 429.8
1061480 429.7
1061490 429.7
1061500 429.7
1061510 429.7
1061520 429.7
1061530 429.7
1061540 429.6
1061550 429.6
1061560 429.6
1061570 429.7
1061580 429.6
1061590 429.6
1061600 429.6
1061610 429.6
1061620 429.6
1061630 429.7
1061640 429.7
1061650 429.8
1061660 429.8
1061670 429.9
1061680 429.7
1061690 429.7
1061700 429.8
1061710 430.3
1061720 430.3
1061730 431.5
1061740 432.5
1061750 432.5
1061760 432.5
1061770 432.3
1061780 432.3
1061790 431.2
1061800 429.6
1061810 429.5
1061820 429.5
1061830 429.5
1061840 429.4
1061850 429.4
1061860 429.5
1061870 429.5
1061880 429.5
1061890 429.5
1061900 429.6
1061910 429.6
1061920 429.5
1061930 429.5
1061940 429.6
1061950 429.6
1061960 429.6
1061970 429.7
1061980 429.7
1061990 429.6
1062000 429.7
1062010 429.7
1062020 429.7
1062030 429.6
1062040 429.6
1062050 429.6
1062060 429.1
1062070 428.3
1062080 428.3
1062090 428.1
1062100 429.0
1062110 429.0
1062120 429.1
1062130 429.5
1062140 429.5
1062150 429.4
1062160 429.6
1062170 429.6
1062180 429.8
1062190 429.8
1062200 429.7
1062210 429.7
1062220 429.4
1062230 429.5
1062240 429.5
1062250 429.6
1062260 429.5
1062270 429.5
1062280 429.7
1062290 429.9
1062300 429.9
1062310 429.5
1062320 429.5
1062330 429.6
1062340 429.6
1062350 429.3
1062360 429.1
1062370 429.1
1062380 429.2
1062390 429.2
1062400 429.2
1062410 429.1
1062420 429.1
1062430 429.1
1062440 429.1
1062450 429.3
1062460 429.3
1062470 429.3
1062480 429.3
1062490 429.1
1062500 429.1
1062510 429.1
1062520 429.1
1062530 429.1
1062540 429.0
1062550 429.0
1062560 429.1
1062570 429.1
1062580 429.0
1062590 428.9
1062600 428.9
1062610 428.8
1062620 429.0
1062630 429.0
1062640 428.9
1062650 429.0
1062660 429.0
1062670 429.2
1062680 429.3
1062690 429.1
1062700 429.1
1062710 429.3
1062720 429.2
1062730 429.2
1062740 429.4
1062750 429.5
1062760 429.5
1062770 429.3
1062780 429.4
1062790 429.4
1062800 429.7
1062810 429.6
1062820 429.3
1062830 429.3
1062840 429.6
1062850 429.5
1062860 429.5
1062870 429.3
1062880 429.5
1062890 429.5
1062900 429.8
1062910 429.4
1062920 429.4
1062930 429.2
1062940 429.2
1062950 429.1
1062960 429.1
1062970 429.1
1062980 429.1
1062990 429.1
1063000 429.0
1063010 428.9
1063020 428.9
1063030 429.1
1063040 429.3
1063050 429.3
1063060 429.3
1063070 429.2
1063080 429.1
1063090 429.1
1063100 429.0
1063110 429.3
1063120 429.3
1063130 429.4
1063140 429.2
1063150 429.2
1063160 429.4
1063170 429.2
1063180 429.2
1063190 429.1
1063200 429.0
1063210 429.0
1063220 429.1
1063230 429.2
1063240 429.2
1063250 429.2
1063260 429.2
1063270 429.2
1063280 429.2
1063290 429.2
1063300 429.2
1063310 429.4
1063320 429.5
1063330 429.1
1063340 429.1
1063350 429.1
1063360 428.5
1063370 428.5
1063380 428.4
1063390 428.4
1063400 428.4
1063410 428.6
1063420 428.7
1063430 428.7
1063440 428.8
1063450 428.9
1063460 428.9
1063470 428.9
1063480 429.0
1063490 429.0
1063500 429.0
1063510 429.1
1063520 429.1
1063530 429.1
1063540 429.2
1063550 429.2
1063560 429.3
1063570 429.5
1063580 429.5
1063590 429.5
1063600 429.5
1063610 429.6
1063620 429.6
1063630 429.6
1063640 429.6
1063650 429.6
1063660 429.7
1063670 429.7
1063680 429.7
1063690 429.8
1063700 429.8
1063710 429.8
1063720 429.9
1063730 429.9
1063740 429.9
1063750 429.9
1063760 429.9
1063770 429.9
1063780 430.0
1063790 430.0
1063800 430.0
1063810 430.1
1063820 430.2
1063830 430.2
1063840 430.4
1063850 430.5
1063860 430.5
1063870 430.5
1063880 430.6
1063890 430.6
1063900 430.6
1063910 430.6
1063920 430.6
1063930 430.6
1063940 430.6
1063950 430.7
1063960 430.7
1063970 430.7
1063980 430.7
1063990 430.7
1064000 430.8
1064010 430.8
1064020 430.8
1064030 430.7
1064040 430.7
1064050 430.7
1064060 430.6
1064070 430.6
1064080 430.6
1064090 430.6
1064100 430.7
1064110 430.7
1064120 430.7
1064130 430.8
1064140 430.8
1064150 430.8
1064160 430.9
1064170 431.0
1064180 431.0
1064190 431.0
1064200 431.1
1064210 431.1
1064220 431.2
1064230 431.2
1064240 431.2
1064250 431.3
1064260 431.4
1064270 431.4
1064280 431.5
1064290 431.6
1064300 431.6
1064310 431.7
1064320 431.8
1064330 431.8
1064340 431.9
1064350 431.5
1064360 431.5
1064370 431.8
1064380 432.0
1064390 432.0
1064400 432.2
1064410 432.5
1064420 432.9
1064430 432.9
1064440 432.9
1064450 432.7
1064460 432.7
1064470 432.7
1064480 432.1
1064490 432.1
1064500 432.9
1064510 432.9
1064520 432.9
1064530 432.9
1064540 432.8
1064550 432.8
1064560 432.8
1064570 432.8
1064580 432.8
1064590 432.8
1064600 432.9
1064610 432.9
1064620 433.0
1064630 433.1
1064640 433.1
1064650 433.2
1064660 433.3
1064670 433.3
1064680 433.4
1064690 433.4
1064700 433.5
1064710 433.5
1064720 433.5
1064730 433.5
1064740 433.5
1064750 433.5
1064760 433.6
1064770 433.6
1064780 433.8
1064790 433.7
1064800 433.7
1064810 433.8
1064820 434.1
1064830 434.1
1064840 434.3
1064850 434.3
1064860 434.3
1064870 434.5
1064880 434.6
1064890 434.5
1064900 434.7
1064910 434.9
1064920 434.9
1064930 435.1
1064940 434.7
1064950 434.7
1064960 435.0
1064970 435.1
1064980 435.0
1064990 435.0
1065000 435.1
1065010 435.2
1065020 435.2
1065030 435.1
1065040 435.1
1065050 435.1
1065060 435.1
1065070 435.3
1065080 435.3
1065090 435.4
1065100 435.5
1065110 435.5
1065120 435.6
1065130 435.7
1065140 435.7
1065150 435.6
1065160 435.6
1065170 435.6
1065180 435.8
1065190 435.9
1065200 435.9
1065210 435.9
1065220 435.9
1065230 435.9
1065240 436.0
1065250 436.0
1065260 436.1
1065270 436.1
1065280 435.9
1065290 435.6
1065300 435.6
1065310 435.9
1065320 436.2
1065330 436.2
1065340 436.3
1065350 436.3
1065360 436.3
1065370 436.4
1065380 436.5
1065390 436.5
1065400 436.4
1065410 436.4
1065420 436.4
1065430 436.4
1065440 436.9
1065450 436.9
1065460 439.2
1065470 437.4
1065480 437.4
1065490 436.5
1065500 436.3
1065510 436.3
1065520 434.4
1065530 432.7
1065540 432.8
1065550 432.8
1065560 435.4
1065570 437.0
1065580 437.0
1065590 439.2
1065600 440.3
1065610 440.3
1065620 438.1
1065630 436.8
1065640 436.8
1065650 436.8
1065660 436.9
1065670 436.9
1065680 436.8
1065690 436.7
1065700 436.7
1065710 436.7
1065720 436.1
1065730 436.1
1065740 435.5
1065750 435.6
1065760 435.6
1065770 435.6
1065780 436.6
1065790 436.6
1065800 436.8
1065810 436.8
1065820 436.8
1065830 436.8
1065840 436.7
1065850 436.7
1065860 436.7
1065870 436.6
1065880 436.5
1065890 436.5
1065900 436.2
1065910 436.1
1065920 436.1
1065930 435.9
1065940 435.9
1065950 435.9
1065960 435.9
1065970 436.0
1065980 436.0
1065990 436.0
1066000 435.8
1066010 435.8
1066020 435.8
1066030 435.8
1066040 435.8
1066050 435.9
1066060 435.8
1066070 435.8
1066080 435.7
1066090 435.8
1066100 435.8
1066110 435.8
1066120 435.5
1066130 435.9
1066140 435.9
1066150 435.8
1066160 435.7
1066170 435.7
1066180 435.7
1066190 435.6
1066200 435.6
1066210 435.5
1066220 435.4
1066230 435.4
1066240 435.4
1066250 435.3
1066260 435.3
1066270 435.3
1066280 435.2
1066290 435.2
1066300 435.1
1066310 434.8
1066320 434.8
1066330 432.3
1066340 429.7
1066350 429.7
1066360 428.2
1066370 428.2
1066380 428.2
1066390 428.2
1066400 428.2
1066410 428.2
1066420 428.2
1066430 428.3
1066440 429.1
1066450 429.1
1066460 430.3
1066470 432.4
1066480 432.4
1066490 435.8
1066500 435.2
1066510 435.2
1066520 434.8
1066530 434.7
1066540 434.7
1066550 434.8
1066560 434.9
1066570 434.9
1066580 435.0
1066590 435.1
1066600 435.1
1066610 435.2
1066620 435.2
1066630 435.2
1066640 435.3
1066650 435.4
1066660 435.7
1066670 435.7
1066680 435.2
1066690 431.1
1066700 431.1
1066710 428.6
1066720 428.3
1066730 428.3
1066740 428.3
1066750 428.3
1066760 428.3
1066770 428.2
1066780 428.1
1066790 428.1
1066800 428.1
1066810 428.2
1066820 428.2
1066830 428.3
1066840 430.0
1066850 430.0
1066860 434.4
1066870 434.8
1066880 434.8
1066890 434.8
1066900 434.9
1066910 434.9
1066920 434.9
1066930 434.9
1066940 434.9
1066950 434.9
1066960 434.9
1066970 434.9
1066980 434.9
1066990 435.0
1067000 435.0
1067010 435.0
1067020 435.2
1067030 435.4
1067040 435.4
1067050 434.9
1067060 434.8
1067070 434.8
1067080 435.1
1067090 435.2
1067100 435.2
1067110 435.2
1067120 435.2
1067130 435.2
1067140 435.1
1067150 435.3
1067160 435.3
1067170 435.5
1067180 436.0
1067190 435.3
1067200 435.3
1067210 433.5
1067220 433.1
1067230 433.1
1067240 433.2
1067250 433.3
1067260 433.3
1067270 433.3
1067280 433.3
1067290 433.3
1067300 433.3
1067310 433.2
1067320 433.2
1067330 433.3
1067340 433.3
1067350 433.3
1067360 433.2
1067370 433.2
1067380 433.2
1067390 433.4
1067400 433.4
1067410 433.4
1067420 433.3
1067430 433.4
1067440 433.4
1067450 433.4
1067460 433.4
1067470 433.4
1067480 433.4
1067490 433.4
1067500 433.3
1067510 433.3
1067520 433.3
1067530 433.2
1067540 433.2
1067550 433.2
1067560 433.0
1067570 433.0
1067580 434.1
1067590 436.0
1067600 436.0
1067610 436.1
1067620 435.8
1067630 435.9
1067640 435.4
1067650 435.1
1067660 435.1
1067670 435.1
1067680 435.0
1067690 435.0
1067700 435.0
1067710 435.0
1067720 435.0
1067730 435.0
1067740 435.0
1067750 435.1
1067760 435.1
1067770 435.0
1067780 435.0
1067790 435.0
1067800 435.0
1067810 435.1
1067820 435.1
1067830 434.9
1067840 434.8
1067850 434.8
1067860 434.8
1067870 434.8
1067880 434.8
1067890 434.7
1067900 434.5
1067910 434.5
1067920 434.2
1067930 434.1
1067940 434.2
1067950 434.5
1067960 434.6
1067970 434.6
1067980 434.6
1067990 434.6
1068000 434.6
1068010 434.6
1068020 434.6
1068030 434.6
1068040 434.6
1068050 434.5
1068060 434.5
1068070 434.5
1068080 434.5
1068090 434.7
1068100 434.7
1068110 434.7
1068120 434.6
1068130 434.6
1068140 434.7
1068150 434.7
1068160 434.7
1068170 434.6
1068180 434.6
1068190 434.6
1068200 434.7
1068210 435.1
1068220 435.1
1068230 435.1
1068240 435.0
1068250 435.0
1068260 434.9
1068270 434.9
1068280 434.9
1068290 434.9
1068300 434.9
1068310 434.8
1068320 434.8
1068330 434.9
1068340 435.0
1068350 435.0
1068360 435.0
1068370 434.7
1068380 434.7
1068390 434.4
1068400 434.7
1068410 434.7
1068420 434.8
1068430 434.8
1068440 434.8
1068450 434.8
1068460 434.9
1068470 434.9
1068480 435.1
1068490 435.0
1068500 435.0
1068510 434.8
1068520 434.6
1068530 434.6
1068540 434.8
1068550 435.1
1068560 435.1
1068570 435.2
1068580 435.2
1068590 435.0
1068600 435.0
1068610 435.0
1068620 435.2
1068630 435.2
1068640 435.2
1068650 434.9
1068660 434.9
1068670 434.9
1068680 435.2
1068690 435.2
1068700 435.4
1068710 435.5
1068720 435.5
1068730 435.6
1068740 435.6
1068750 435.6
1068760 435.8
1068770 436.0
1068780 436.0
1068790 436.1
1068800 436.2
1068810 436.2
1068820 436.2
1068830 436.2
1068840 436.2
1068850 436.2
1068860 436.1
1068870 436.1
1068880 436.1
1068890 436.0
1068900 436.1
1068910 436.1
1068920 436.3
1068930 436.3
1068940 436.3
1068950 436.3
1068960 436.4
1068970 436.4
1068980 436.5
1068990 436.6
1069000 436.6
1069010 436.7
1069020 436.8
1069030 436.8
1069040 436.8
1069050 436.8
1069060 436.8
1069070 436.8
1069080 436.9
1069090 436.9
1069100 437.0
1069110 437.1
1069120 437.1
1069130 437.2
1069140 437.3
1069150 437.6
1069160 437.5
1069170 437.6
1069180 437.7
1069190 437.7
1069200 437.8
1069210 437.8
1069220 437.8
1069230 437.8
1069240 437.8
1069250 437.8
1069260 437.8
1069270 437.9
1069280 437.9
1069290 438.0
1069300 438.1
1069310 438.1
1069320 438.2
1069330 438.3
1069340 438.3
1069350 438.3
1069360 438.7
1069370 438.7
1069380 438.8
1069390 439.1
1069400 439.2
1069410 439.2
1069420 439.2
1069430 439.4
1069440 439.4
1069450 439.2
1069460 439.2
1069470 439.2
1069480 439.2
1069490 439.2
1069500 439.2
1069510 439.2
1069520 439.3
1069530 439.3
1069540 439.3
1069550 439.2
1069560 439.2
1069570 439.0
1069580 439.3
1069590 439.3
1069600 439.0
1069610 439.1
1069620 439.1
1069630 439.3
1069640 439.2
1069650 439.2
1069660 438.5
1069670 437.9
1069680 437.6
1069690 437.6
1069700 437.9
1069710 438.0
1069720 438.0
1069730 438.0
1069740 438.2
1069750 438.2
1069760 438.4
1069770 438.4
1069780 438.4
1069790 438.5
1069800 438.6
1069810 438.6
1069820 438.6
1069830 438.8
1069840 438.8
1069850 438.8
1069860 438.8
1069870 438.8
1069880 438.5
1069890 438.0
1069900 438.0
1069910 437.6
1069920 437.5
1069930 437.5
1069940 437.8
1069950 438.4
1069960 438.4
1069970 438.4
1069980 438.5
1069990 438.5
1070000 438.5
1070010 438.6
1070020 438.7
1070030 438.7
1070040 439.7
1070050 440.0
1070060 440.0
1070070 440.0
1070080 440.7
1070090 440.7
1070100 441.5
1070110 441.9
1070120 441.9
1070130 442.3
1070140 442.5
1070150 442.5
1070160 442.6
1070170 442.7
1070180 442.7
1070190 442.7
1070200 442.8
1070210 442.8
1070220 442.7
1070230 442.6
1070240 442.8
1070250 442.8
1070260 442.9
1070270 443.1
1070280 443.1
1070290 443.5
1070300 442.5
1070310 442.5
1070320 441.9
1070330 442.7
1070340 442.7
1070350 443.7
1070360 444.5
1070370 444.5
1070380 444.5
1070390 444.5
1070400 444.5
1070410 444.2
1070420 444.5
1070430 444.5
1070440 445.0
1070450 445.6
1070460 445.6
1070470 446.1
1070480 446.3
1070490 446.3
1070500 446.2
1070510 446.1
1070520 446.0
1070530 446.0
1070540 445.8
1070550 445.6
1070560 445.6
1070570 445.4
1070580 445.5
1070590 445.5
1070600 445.6
1070610 445.7
1070620 445.7
1070630 445.8
1070640 446.2
1070650 446.2
1070660 446.7
1070670 446.7
1070680 446.7
1070690 446.6
1070700 446.7
1070710 446.7
1070720 446.7
1070730 446.2
1070740 446.2
1070750 446.2
1070760 446.3
1070770 446.3
1070780 446.4
1070790 446.5
1070800 446.6
1070810 446.6
1070820 446.7
1070830 446.8
1070840 446.8
1070850 446.9
1070860 447.1
1070870 447.1
1070880 447.3
1070890 447.2
1070900 447.2
1070910 447.3
1070920 447.2
1070930 447.2
1070940 447.0
1070950 447.2
1070960 447.2
1070970 447.5
1070980 447.5
1070990 447.5
1071000 447.4
1071010 447.6
1071020 447.6
1071030 447.9
1071040 448.1
1071050 448.1
1071060 448.2
1071070 448.6
1071080 452.4
1071090 452.4
1071100 454.5
1071110 454.4
1071120 454.4
1071130 454.3
1071140 452.3
1071150 452.3
1071160 448.7
1071170 448.4
1071180 448.4
1071190 448.4
1071200 448.5
1071210 448.5
1071220 448.5
1071230 448.7
1071240 448.7
1071250 448.8
1071260 448.8
1071270 448.8
1071280 448.9
1071290 449.0
1071300 449.0
1071310 448.9
1071320 449.0
1071330 449.0
1071340 449.1
1071350 449.3
1071360 449.3
1071370 449.3
1071380 449.5
1071390 449.7
1071400 449.7
1071410 449.9
1071420 450.2
1071430 450.2
1071440 450.5
1071450 450.6
1071460 450.6
1071470 451.1
1071480 451.0
1071490 451.0
1071500 450.9
1071510 451.0
1071520 451.0
1071530 450.9
1071540 451.0
1071550 451.0
1071560 451.0
1071570 451.1
1071580 451.1
1071590 451.2
1071600 451.5
1071610 452.0
1071620 452.2
1071630 452.3
1071640 452.2
1071650 452.2
1071660 452.3
1071670 452.4
1071680 452.4
1071690 453.0
1071700 453.4
1071710 453.4
1071720 453.2
1071730 453.0
1071740 453.0
1071750 452.9
1071760 453.1
1071770 453.1
1071780 453.3
1071790 453.6
1071800 453.6
1071810 454.1
1071820 453.7
1071830 453.7
1071840 453.9
1071850 454.0
1071860 454.0
1071870 454.1
1071880 454.2
1071890 454.4
1071900 454.4
1071910 454.6
1071920 454.6
1071930 454.3
1071940 454.5
1071950 454.6
1071960 454.6
1071970 454.8
1071980 454.9
1071990 454.9
1072000 455.1
1072010 455.3
1072020 455.3
1072030 455.4
1072040 455.5
1072050 455.5
1072060 455.6
1072070 455.9
1072080 455.9
1072090 456.2
1072100 456.3
1072110 456.3
1072120 456.4
1072130 456.5
1072140 456.5
1072150 456.5
1072160 456.6
1072170 456.6
1072180 456.6
1072190 456.6
1072200 456.6
1072210 456.6
1072220 456.8
1072230 457.3
1072240 457.1
1072250 457.4
1072260 457.6
1072270 457.6
1072280 457.5
1072290 458.1
1072300 458.1
1072310 458.0
1072320 457.6
1072330 457.6
1072340 458.3
1072350 458.6
1072360 458.6
1072370 458.5
1072380 458.6
1072390 458.6
1072400 458.9
1072410 459.1
1072420 459.1
1072430 458.9
1072440 458.9
1072450 458.9
1072460 458.9
1072470 458.9
1072480 458.9
1072490 458.9
1072500 459.5
1072510 459.8
1072520 459.8
1072530 459.8
1072540 459.8
1072550 459.8
1072560 459.7
1072570 459.8
1072580 459.8
1072590 459.9
1072600 460.1
1072610 460.1
1072620 460.3
1072630 460.5
1072640 460.5
1072650 460.5
1072660 460.6
1072670 460.6
1072680 460.7
1072690 460.8
1072700 460.8
1072710 460.9
1072720 461.1
1072730 461.5
1072740 461.5
1072750 461.6
1072760 462.2
1072770 462.2
1072780 463.5
1072790 463.2
1072800 463.2
1072810 463.0
1072820 462.7
1072830 462.7
1072840 463.1
1072850 462.9
1072860 462.9
1072870 462.8
1072880 463.2
1072890 463.2
1072900 463.5
1072910 463.7
1072920 463.7
1072930 464.0
1072940 464.0
1072950 464.0
1072960 464.1
1072970 464.4
1072980 464.4
1072990 464.4
1073000 464.7
1073010 465.0
1073020 465.0
1073030 465.1
1073040 465.3
1073050 465.3
1073060 465.3
1073070 465.5
1073080 465.5
1073090 465.5
1073100 465.6
1073110 465.6
1073120 465.9
1073130 466.2
1073140 466.2
1073150 466.3
1073160 466.3
1073170 466.3
1073180 466.5
1073190 466.6
1073200 466.6
1073210 466.7
1073220 467.1
1073230 467.1
1073240 467.8
1073250 468.4
1073260 468.4
1073270 468.2
1073280 468.5
1073290 468.9
1073300 468.9
1073310 469.2
1073320 469.3
1073330 469.3
1073340 469.2
1073350 469.1
1073360 469.1
1073370 469.0
1073380 469.0
1073390 469.0
1073400 469.7
1073410 470.0
1073420 470.0
1073430 469.9
1073440 469.9
1073450 469.9
1073460 469.9
1073470 469.7
1073480 469.7
1073490 469.8
1073500 470.0
1073510 470.0
1073520 470.0
1073530 470.1
1073540 470.1
1073550 470.1
1073560 470.4
1073570 470.4
1073580 470.4
1073590 470.8
1073600 470.4
1073610 470.4
1073620 470.8
1073630 470.9
1073640 470.9
1073650 471.0
1073660 471.1
1073670 471.1
1073680 471.6
1073690 471.9
1073700 471.9
1073710 471.9
1073720 472.0
1073730 472.0
1073740 472.2
1073750 472.3
1073760 472.3
1073770 472.5
1073780 472.4
1073790 472.4
1073800 472.9
1073810 473.4
1073820 473.7
1073830 473.7
1073840 474.3
1073850 475.0
1073860 475.0
1073870 475.3
1073880 475.3
1073890 475.3
1073900 475.4
1073910 475.5
1073920 475.5
1073930 475.5
1073940 475.8
1073950 475.8
1073960 475.9
1073970 475.9
1073980 475.9
1073990 475.9
1074000 475.9
1074010 475.9
1074020 476.2
1074030 476.4
1074040 476.4
1074050 476.7
1074060 476.9
1074070 476.9
1074080 477.1
1074090 477.0
1074100 477.2
1074110 477.2
1074120 477.2
1074130 477.3
1074140 477.3
1074150 477.6
1074160 478.0
1074170 478.0
1074180 478.0
1074190 478.1
1074200 478.1
1074210 478.1
1074220 478.1
1074230 478.1
1074240 478.3
1074250 478.7
1074260 478.7
1074270 478.8
1074280 479.0
1074290 479.0
1074300 479.2
1074310 479.4
1074320 479.4
1074330 479.7
1074340 479.7
1074350 479.7
1074360 480.2
1074370 480.7
1074380 480.7
1074390 480.7
1074400 480.8
1074410 480.9
1074420 480.9
1074430 480.8
1074440 481.0
1074450 481.0
1074460 481.1
1074470 481.2
1074480 481.2
1074490 481.6
1074500 483.9
1074510 483.9
1074520 487.2
1074530 491.2
1074540 491.2
1074550 494.7
1074560 499.8
1074570 499.8
1074580 505.3
1074590 509.2
1074600 509.2
1074610 509.9
1074620 511.2
1074630 511.2
1074640 514.1
1074650 518.5
1074660 523.7
1074670 523.7
1074680 529.2
1074690 534.0
1074700 534.0
1074710 540.9
1074720 551.1
1074730 551.1
1074740 557.4
1074750 561.3
1074760 561.3
1074770 563.5
1074780 565.7
1074790 565.7
1074800 568.2
1074810 569.5
1074820 569.5
1074830 570.3
1074840 569.4
1074850 569.4
1074860 566.5
1074870 570.3
1074880 570.3
1074890 576.0
1074900 579.0
1074910 579.0
1074920 581.7
1074930 583.6
1074940 585.2
1074950 585.2
1074960 585.4
1074970 585.1
1074980 585.1
1074990 584.1
1075000 582.4
1075010 582.4
1075020 580.6
1075030 580.6
1075040 580.6
1075050 578.4
1075060 573.8
1075070 573.8
1075080 567.4
1075090 562.1
1075100 562.1
1075110 557.8
1075120 554.5
1075130 554.5
1075140 551.6
1075150 550.3
1075160 550.3
1075170 552.4
1075180 555.7
1075190 555.7
1075200 554.9
1075210 552.4
1075220 549.8
1075230 549.8
1075240 547.0
1075250 544.0
1075260 544.0
1075270 544.2
1075280 545.5
1075290 545.5
1075300 544.7
1075310 542.1
1075320 542.1
1075330 537.9
1075340 532.5
1075350 532.5
1075360 528.5
1075370 523.5
1075380 523.5
1075390 519.2
1075400 516.1
1075410 516.1
1075420 511.5
1075430 507.9
1075440 507.9
1075450 510.9
1075460 515.4
1075470 515.4
1075480 527.3
1075490 539.5
1075500 542.4
1075510 542.4
1075520 545.7
1075530 546.6
1075540 546.6
1075550 547.3
1075560 547.7
1075570 547.7
1075580 547.9
1075590 548.8
1075600 548.8
1075610 549.6
1075620 550.4
1075630 550.4
1075640 550.9
1075650 551.9
1075660 551.9
1075670 552.1
1075680 552.7
1075690 552.7
1075700 553.3
1075710 553.8
1075720 553.8
1075730 553.0
1075740 551.2
1075750 549.9
1075760 549.9
1075770 548.9
1075780 530.5
1075790 530.5
1075800 511.5
1075810 511.8
1075820 511.8
1075830 529.6
1075840 551.0
1075850 551.0
1075860 560.8
1075870 567.4
1075880 567.4
1075890 573.3
1075900 577.8
1075910 577.8
1075920 580.3
1075930 584.0
1075940 584.0
1075950 588.1
1075960 585.2
1075970 585.2
1075980 587.7
1075990 591.9
1076000 591.9
1076010 597.3
1076020 603.3
1076030 609.3
1076040 609.3
1076050 615.0
1076060 618.5
1076070 618.5
1076080 620.1
1076090 620.8
1076100 620.8
1076110 621.4
1076120 621.6
1076130 621.6
1076140 621.7
1076150 622.3
1076160 622.3
1076170 623.2
1076180 626.1
1076190 626.1
1076200 630.4
1076210 635.2
1076220 635.2
1076230 640.1
1076240 644.8
1076250 644.8
1076260 647.9
1076270 649.6
1076280 649.6
1076290 650.9
1076300 653.4
1076310 656.2
1076320 656.2
1076330 658.3
1076340 660.6
1076350 660.6
1076360 663.5
1076370 664.4
1076380 664.4
1076390 665.0
1076400 666.2
1076410 666.2
1076420 668.4
1076430 671.3
1076440 671.3
1076450 675.4
1076460 679.5
1076470 679.5
1076480 683.6
1076490 690.3
1076500 690.3
1076510 696.5
1076520 699.1
1076530 699.1
1076540 705.6
1076550 713.1
1076560 713.1
1076570 718.7
1076580 723.0
1076590 723.7
1076600 723.7
1076610 723.8
1076620 724.4
1076630 724.4
1076640 725.9
1076650 728.8
1076660 728.8
1076670 732.2
1076680 735.0
1076690 735.0
1076700 737.7
1076710 741.7
1076720 741.7
1076730 746.7
1076740 751.8
1076750 751.8
1076760 757.6
1076770 763.2
1076780 763.2
1076790 767.4
1076800 770.9
1076810 770.9
1076820 772.7
1076830 774.8
1076840 774.8
1076850 776.6
1076860 777.6
1076870 779.2
1076880 779.2
1076890 782.3
1076900 784.5
1076910 784.5
1076920 786.2
1076930 790.7
1076940 790.7
1076950 792.2
1076960 791.9
1076970 791.9
1076980 793.2
1076990 795.7
1077000 795.7
1077010 799.2
1077020 801.1
1077030 801.1
1077040 802.3
1077050 802.9
1077060 802.9
1077070 803.6
1077080 804.8
1077090 804.8
1077100 805.8
1077110 807.1
1077120 807.1
1077130 808.7
1077140 809.7
1077150 811.4
1077160 811.4
1077170 813.5
1077180 814.0
1077190 814.0
1077200 813.7
1077210 813.1
1077220 813.1
1077230 812.5
1077240 812.3
1077250 812.3
1077260 812.5
1077270 813.1
1077280 813.1
1077290 813.9
1077300 814.8
1077310 814.8
1077320 815.8
1077330 817.2
1077340 817.2
1077350 819.4
1077360 821.7
1077370 821.7
1077380 823.0
1077390 824.5
1077400 824.5
1077410 824.7
1077420 825.7
1077430 827.4
1077440 827.4
1077450 829.1
1077460 830.9
1077470 830.9
1077480 834.9
1077490 838.7
1077500 838.7
1077510 840.0
1077520 843.4
1077530 843.4
1077540 847.7
1077550 850.5
1077560 850.5
1077570 855.6
1077580 858.8
1077590 858.8
1077600 862.4
1077610 866.4
1077620 866.4
1077630 872.3
1077640 877.2
1077650 877.2
1077660 881.3
1077670 885.9
1077680 890.7
1077690 890.7
1077700 894.4
1077710 895.2
1077720 895.2
1077730 894.4
1077740 897.2
1077750 897.2
1077760 901.4
1077770 905.1
1077780 905.1
1077790 908.7
1077800 911.3
1077810 911.3
1077820 914.6
1077830 915.9
1077840 915.9
1077850 917.1
1077860 918.0
1077870 918.0
1077880 919.1
1077890 919.8
1077900 919.8
1077910 919.7
1077920 920.3
1077930 920.3
1077940 922.1
1077950 924.6
1077960 927.3
1077970 927.3
1077980 931.2
1077990 935.3
1078000 935.3
1078010 938.5
1078020 940.6
1078030 940.6
1078040 943.4
1078050 948.1
1078060 948.1
1078070 954.1
1078080 959.1
1078090 959.1
1078100 962.9
1078110 967.6
1078120 967.6
1078130 975.0
1078140 982.3
1078150 983.8
1078160 988.7
1078170 993.0
1078180 993.0
1078190 996.9
1078200 1000.3
1078210 1000.3
1078220 1003.1
1078230 1005.4
1078240 1006.7
1078250 1006.7
1078260 1006.7
1078270 1007.4
1078280 1007.4
1078290 1004.6
1078300 1005.5
1078310 1005.5
1078320 1011.7
1078330 1022.8
1078340 1022.8
1078350 1030.8
1078360 1035.4
1078370 1035.4
1078380 1039.7
1078390 1043.6
1078400 1043.6
1078410 1047.0
1078420 1051.0
1078430 1051.0
1078440 1057.0
1078450 1062.2
1078460 1060.7
1078470 1066.4
1078480 1072.0
1078490 1072.0
1078500 1077.4
1078510 1082.2
1078520 1088.1
1078530 1088.1
1078540 1094.5
1078550 1099.4
1078560 1099.4
1078570 1103.4
1078580 1106.6
1078590 1106.6
1078600 1110.6
1078610 1115.3
1078620 1115.3
1078630 1119.7
1078640 1123.2
1078650 1123.2
1078660 1126.5
1078670 1129.0
1078680 1129.0
1078690 1130.9
1078700 1132.2
1078710 1132.2
1078720 1133.0
1078730 1132.9
1078740 1132.9
1078750 1131.8
1078760 1129.8
1078770 1125.2
1078780 1122.7
1078790 1119.2
1078800 1115.4
1078810 1115.4
1078820 1111.3
1078830 1108.3
1078840 1108.3
1078850 1106.4
1078860 1102.2
1078870 1102.2
1078880 1099.0
1078890 1096.7
1078900 1096.7
1078910 1094.1
1078920 1091.2
1078930 1091.2
1078940 1089.4
1078950 1088.5
1078960 1088.5
1078970 1088.8
1078980 1089.9
1078990 1089.9
1079000 1090.4
1079010 1087.0
1079020 1087.0
1079030 1078.4
1079040 1070.4
1079050 1070.4
1079060 1063.8
1079070 1060.8
1079080 1058.2
1079090 1051.2
1079100 1047.8
1079110 1043.2
1079120 1043.2
1079130 1034.2
1079140 1033.4
1079150 1033.4
1079160 1033.7
1079170 1028.4
1079180 1028.4
1079190 1030.3
1079200 1033.3
1079210 1033.3
1079220 1040.7
1079230 1045.5
1079240 1045.5
1079250 1047.5
1079260 1045.5
1079270 1045.5
1079280 1042.1
1079290 1039.6
1079300 1039.6
1079310 1038.0
1079320 1037.2
1079330 1037.2
1079340 1032.5
1079350 1040.1
1079360 1052.0
1079370 1052.0
1079380 1055.8
1079390 1058.7
1079400 1052.5
1079410 1056.4
1079420 1059.1
1079430 1059.1
1079440 1061.1
1079450 1058.3
1079460 1058.3
1079470 1063.1
1079480 1064.6
1079490 1064.6
1079500 1067.9
1079510 1076.5
1079520 1076.5
1079530 1080.8
1079540 1084.4
1079550 1084.4
1079560 1091.2
1079570 1097.5
1079580 1097.5
1079590 1100.9
1079600 1103.6
1079610 1106.4
1079620 1106.4
1079630 1110.0
1079640 1114.3
1079650 1114.3
1079660 1119.1
1079670 1122.7
1079680 1122.7
1079690 1129.9
1079700 1135.3
1079710 1135.3
1079720 1135.1
1079730 1138.5
1079740 1138.5
1079750 1142.4
1079760 1147.7
1079770 1147.7
1079780 1151.5
1079790 1153.9
1079800 1153.9
1079810 1155.6
1079820 1157.8
1079830 1157.8
1079840 1159.5
1079850 1162.0
1079860 1162.0
1079870 1165.5
1079880 1170.2
1079890 1175.7
1079900 1175.7
1079910 1180.4
1079920 1183.8
1079930 1183.8
1079940 1187.7
1079950 1195.4
1079960 1195.4
1079970 1210.9
1079980 1226.7
1079990 1226.7
