1060790 432.0
1060800 432.0
1060810 433.2
1060820 435.8
1060830 435.8
1060840 437.1
1060850 432.6
1060860 432.6
1060870 429.0
1060880 426.8
1060890 426.8
1060900 426.8
1060910 426.8
1060920 426.8
1060930 426.8
1060940 426.8
1060950 426.8
1060960 426.9
1060970 426.6
1060980 426.6
1060990 426.5
1061000 426.8
1061010 426.8
1061020 429.7
1061030 432.2
1061040 432.5
1061050 432.5
1061060 432.9
1061070 433.4
1061080 433.4
1061090 434.2
1061100 436.6
1061110 436.6
1061120 435.2
1061130 431.2
1061140 431.2
1061150 430.2
1061160 430.2
1061170 430.2
1061180 430.3
1061190 430.3
1061200 430.3
1061210 430.1
1061220 430.1
1061230 430.1
1061240 430.2
1061250 430.1
1061260 430.1
1061270 429.8
1061280 429.8
1061290 429.8
1061300 430.1
1061310 430.2
1061320 430.0
1061330 430.0
1061340 429.9
1061350 429.8
1061360 429.8
1061370 429.5
1061380 429.5
1061390 429.5
1061400 429.8
1061410 429.9
1061420 429.9
1061430 429.7
1061440 429.7
1061450 429.7
1061460 429.7
1061470 429.7
1061480 429.7
1061490 429.8
1061500 430.0
1061510 430.0
1061520 429.8
1061530 429.8
1061540 430.0
1061550 430.0
1061560 429.9
1061570 429.9
1061580 429.8
1061590 428.6
1061600 429.1
1061610 429.1
1061620 429.8
1061630 429.8
1061640 429.8
1061650 429.8
1061660 429.7
1061670 429.7
1061680 429.6
1061690 429.6
1061700 429.6
1061710 429.6
1061720 429.6
1061730 429.6
1061740 429.6
1061750 429.6
1061760 429.6
1061770 429.7
1061780 429.6
1061790 429.5
1061800 429.5
1061810 429.5
1061820 429.6
1061830 429.6
1061840 429.5
1061850 429.7
1061860 429.7
1061870 429.8
1061880 429.9
1061890 429.9
1061900 429.9
1061910 429.8
1061920 429.6
1061930 429.6
1061940 429.6
1061950 429.5
1061960 429.5
1061970 429.4
1061980 429.4
1061990 429.4
1062000 429.5
1062010 429.4
1062020 429.4
1062030 429.2
1062040 429.1
1062050 429.1
1062060 429.1
1062070 429.2
1062080 429.3
1062090 429.3
1062100 429.3
1062110 429.3
1062120 429.3
1062130 429.4
1062140 429.4
1062150 429.4
1062160 429.3
1062170 429.3
1062180 429.3
1062190 429.3
1062200 429.3
1062210 429.4
1062220 429.4
1062230 429.4
1062240 429.6
1062250 429.6
1062260 429.6
1062270 429.6
1062280 429.5
1062290 429.5
1062300 430.1
1062310 430.2
1062320 430.2
1062330 429.5
1062340 429.5
1062350 429.5
1062360 429.6
1062370 429.7
1062380 429.7
1062390 429.9
1062400 429.9
1062410 429.9
1062420 429.9
1062430 430.1
1062440 430.1
1062450 430.1
1062460 430.1
1062470 430.0
1062480 430.0
1062490 430.0
1062500 430.0
1062510 430.0
1062520 429.8
1062530 430.0
1062540 430.1
1062550 430.1
1062560 429.9
1062570 430.1
1062580 430.1
1062590 429.8
1062600 429.8
1062610 429.8
1062620 429.9
1062630 430.0
1062640 430.0
1062650 430.0
1062660 430.0
1062670 430.1
1062680 430.1
1062690 430.1
1062700 430.1
1062710 430.1
1062720 430.2
1062730 430.3
1062740 430.3
1062750 430.2
1062760 430.0
1062770 430.0
1062780 430.0
1062790 429.9
1062800 430.3
1062810 430.3
1062820 430.3
1062830 430.2
1062840 430.2
1062850 430.2
1062860 430.1
1062870 430.1
1062880 430.2
1062890 430.3
1062900 430.3
1062910 430.4
1062920 430.4
1062930 430.5
1062940 430.5
1062950 430.6
1062960 430.7
1062970 430.7
1062980 430.7
1062990 430.9
1063000 430.9
1063010 430.9
1063020 430.9
1063030 430.8
1063040 430.8
1063050 430.9
1063060 430.9
1063070 430.9
1063080 430.9
1063090 431.0
1063100 431.0
1063110 431.0
1063120 431.0
1063130 431.0
1063140 431.0
1063150 431.1
1063160 431.1
1063170 431.1
1063180 431.3
1063190 431.3
1063200 431.1
1063210 431.3
1063220 431.3
1063230 431.1
1063240 430.3
1063250 430.7
1063260 430.7
1063270 430.6
1063280 430.6
1063290 430.6
1063300 430.5
1063310 430.5
1063320 430.5
1063330 430.4
1063340 430.3
1063350 430.3
1063360 430.3
1063370 430.3
1063380 430.3
1063390 430.3
1063400 430.3
1063410 430.3
1063420 430.3
1063430 430.3
1063440 430.3
1063450 430.3
1063460 430.3
1063470 430.3
1063480 430.3
1063490 430.5
1063500 430.5
1063510 430.4
1063520 430.4
1063530 430.5
1063540 430.6
1063550 430.6
1063560 430.7
1063570 430.7
1063580 430.7
1063590 430.7
1063600 430.7
1063610 430.8
1063620 430.8
1063630 430.8
1063640 430.9
1063650 430.9
1063660 430.9
1063670 430.9
1063680 431.0
1063690 431.0
1063700 431.0
1063710 431.1
1063720 431.1
1063730 431.2
1063740 431.2
1063750 431.2
1063760 431.2
1063770 431.3
1063780 431.3
1063790 431.3
1063800 431.3
1063810 431.3
1063820 431.3
1063830 431.4
1063840 431.4
1063850 431.4
1063860 431.5
1063870 431.5
1063880 431.5
1063890 431.6
1063900 431.6
1063910 431.6
1063920 431.6
1063930 431.5
1063940 431.5
1063950 431.5
1063960 431.6
1063970 431.6
1063980 431.6
1063990 431.6
1064000 431.6
1064010 431.7
1064020 431.8
1064030 431.8
1064040 431.9
1064050 432.0
1064060 432.0
1064070 432.0
1064080 432.0
1064090 432.1
1064100 432.1
1064110 432.2
1064120 432.2
1064130 432.2
1064140 432.3
1064150 432.4
1064160 432.4
1064170 432.4
1064180 432.4
1064190 432.4
1064200 432.4
1064210 432.4
1064220 432.4
1064230 432.4
1064240 432.4
1064250 432.4
1064260 432.4
1064270 432.4
1064280 432.4
1064290 432.5
1064300 432.5
1064310 432.5
1064320 432.5
1064330 432.6
1064340 432.6
1064350 432.7
1064360 432.7
1064370 432.8
1064380 432.8
1064390 432.9
1064400 433.1
1064410 433.1
1064420 433.1
1064430 433.1
1064440 433.0
1064450 433.2
1064460 433.5
1064470 433.5
1064480 433.6
1064490 433.6
1064500 433.6
1064510 433.8
1064520 433.7
1064530 433.7
1064540 433.7
1064550 433.7
1064560 433.7
1064570 433.7
1064580 433.7
1064590 433.7
1064600 433.7
1064610 433.8
1064620 433.7
1064630 433.7
1064640 433.6
1064650 433.6
1064660 433.6
1064670 433.4
1064680 433.2
1064690 433.2
1064700 433.4
1064710 434.0
1064720 434.0
1064730 433.8
1064740 433.9
1064750 434.3
1064760 434.4
1064770 434.3
1064780 434.3
1064790 434.2
1064800 434.1
1064810 434.1
1064820 434.3
1064830 434.4
1064840 434.4
1064850 434.5
1064860 434.5
1064870 434.5
1064880 434.7
1064890 434.8
1064900 435.1
1064910 435.1
1064920 434.7
1064930 434.7
1064940 434.7
1064950 434.8
1064960 434.8
1064970 434.8
1064980 435.0
1064990 435.2
1065000 435.2
1065010 435.1
1065020 435.1
1065030 435.1
1065040 435.2
1065050 435.2
1065060 435.2
1065070 435.3
1065080 435.3
1065090 435.3
1065100 435.5
1065110 435.5
1065120 435.5
1065130 435.5
1065140 436.0
1065150 436.0
1065160 436.2
1065170 436.0
1065180 436.1
1065190 436.1
1065200 436.0
1065210 436.1
1065220 436.1
1065230 436.2
1065240 436.3
1065250 436.3
1065260 436.4
1065270 436.3
1065280 436.3
1065290 436.4
1065300 436.4
1065310 436.4
1065320 436.4
1065330 436.6
1065340 436.6
1065350 436.6
1065360 436.7
1065370 436.7
1065380 436.7
1065390 436.8
1065400 436.8
1065410 436.8
1065420 436.7
1065430 436.7
1065440 436.8
1065450 436.9
1065460 437.4
1065470 437.4
1065480 437.5
1065490 437.5
1065500 437.5
1065510 437.3
1065520 437.5
1065530 437.5
1065540 437.5
1065550 437.6
1065560 437.6
1065570 437.7
1065580 437.9
1065590 437.9
1065600 437.9
1065610 439.3
1065620 439.3
1065630 441.4
1065640 439.9
1065650 439.9
1065660 438.2
1065670 437.6
1065680 437.6
1065690 436.5
1065700 433.6
1065710 433.6
1065720 433.3
1065730 434.9
1065740 437.5
1065750 437.5
1065760 439.8
1065770 441.6
1065780 441.6
1065790 439.7
1065800 438.1
1065810 438.1
1065820 437.9
1065830 437.9
1065840 437.9
1065850 437.8
1065860 437.5
1065870 437.5
1065880 438.0
1065890 437.9
1065900 437.9
1065910 437.8
1065920 437.8
1065930 437.8
1065940 437.8
1065950 437.6
1065960 437.7
1065970 437.7
1065980 437.8
1065990 437.8
1066000 437.7
1066010 437.5
1066020 437.4
1066030 437.4
1066040 437.1
1066050 437.0
1066060 437.0
1066070 437.0
1066080 437.0
1066090 437.0
1066100 436.9
1066110 436.9
1066120 436.9
1066130 436.9
1066140 436.9
1066150 436.9
1066160 436.9
1066170 436.8
1066180 436.8
1066190 436.8
1066200 436.7
1066210 436.7
1066220 436.5
1066230 436.7
1066240 436.7
1066250 436.8
1066260 436.5
1066270 436.5
1066280 436.9
1066290 436.9
1066300 436.8
1066310 436.8
1066320 437.0
1066330 437.0
1066340 437.0
1066350 437.0
1066360 437.1
1066370 437.1
1066380 437.2
1066390 437.2
1066400 437.2
1066410 437.0
1066420 436.8
1066430 436.8
1066440 436.9
1066450 436.9
1066460 436.9
1066470 436.9
1066480 437.0
1066490 437.0
1066500 437.1
1066510 437.0
1066520 437.0
1066530 436.8
1066540 436.7
1066550 436.7
1066560 436.6
1066570 436.8
1066580 436.8
1066590 436.8
1066600 436.7
1066610 436.6
1066620 436.6
1066630 436.4
1066640 436.3
1066650 436.3
1066660 436.1
1066670 436.3
1066680 436.3
1066690 436.8
1066700 436.4
1066710 436.4
1066720 436.2
1066730 436.2
1066740 436.2
1066750 436.2
1066760 436.1
1066770 436.1
1066780 436.1
1066790 436.3
1066800 436.3
1066810 436.3
1066820 436.3
1066830 436.2
1066840 436.2
1066850 436.2
1066860 436.1
1066870 436.2
1066880 436.1
1066890 436.3
1066900 436.3
1066910 436.3
1066920 436.1
1066930 436.1
1066940 436.2
1066950 436.3
1066960 436.3
1066970 436.3
1066980 436.3
1066990 436.3
1067000 436.3
1067010 436.2
1067020 436.2
1067030 436.3
1067040 436.3
1067050 436.3
1067060 436.3
1067070 436.4
1067080 436.4
1067090 436.6
1067100 436.4
1067110 436.3
1067120 436.3
1067130 436.4
1067140 436.4
1067150 436.4
1067160 436.4
1067170 436.2
1067180 436.2
1067190 436.3
1067200 436.5
1067210 436.5
1067220 435.0
1067230 433.1
1067240 433.1
1067250 433.1
1067260 433.1
1067270 433.1
1067280 433.1
1067290 433.2
1067300 433.2
1067310 433.8
1067320 435.3
1067330 435.3
1067340 436.4
1067350 436.6
1067360 436.6
1067370 436.6
1067380 436.5
1067390 436.4
1067400 436.4
1067410 436.0
1067420 433.6
1067430 433.6
1067440 433.2
1067450 433.2
1067460 433.2
1067470 435.1
1067480 433.7
1067490 433.7
1067500 433.9
1067510 433.7
1067520 433.7
1067530 433.3
1067540 433.2
1067550 433.2
1067560 433.2
1067570 433.1
1067580 433.1
1067590 433.1
1067600 433.2
1067610 433.2
1067620 435.8
1067630 437.3
1067640 437.3
1067650 437.2
1067660 437.1
1067670 437.0
1067680 437.0
1067690 437.0
1067700 436.9
1067710 436.9
1067720 436.8
1067730 436.7
1067740 436.7
1067750 436.6
1067760 436.7
1067770 436.7
1067780 436.8
1067790 437.5
1067800 437.5
1067810 437.2
1067820 436.5
1067830 436.5
1067840 436.4
1067850 436.4
1067860 436.4
1067870 436.3
1067880 436.4
1067890 436.4
1067900 436.4
1067910 435.9
1067920 435.9
1067930 436.5
1067940 436.5
1067950 436.6
1067960 436.6
1067970 436.5
1067980 436.2
1067990 436.2
1068000 436.1
1068010 435.9
1068020 435.9
1068030 436.0
1068040 436.1
1068050 436.1
1068060 436.1
1068070 436.1
1068080 436.1
1068090 435.9
1068100 435.9
1068110 435.9
1068120 435.8
1068130 435.7
1068140 435.7
1068150 436.3
1068160 436.2
1068170 436.2
1068180 435.7
1068190 435.9
1068200 435.9
1068210 436.7
1068220 436.3
1068230 436.4
1068240 436.4
1068250 436.4
1068260 436.4
1068270 436.4
1068280 436.4
1068290 436.3
1068300 436.3
1068310 436.3
1068320 436.2
1068330 436.2
1068340 436.1
1068350 436.1
1068360 436.1
1068370 436.2
1068380 436.3
1068390 436.3
1068400 436.4
1068410 436.3
1068420 436.3
1068430 436.3
1068440 436.3
1068450 436.3
1068460 436.3
1068470 436.4
1068480 436.4
1068490 436.3
1068500 436.2
1068510 436.0
1068520 436.0
1068530 435.9
1068540 436.0
1068550 436.0
1068560 436.0
1068570 436.0
1068580 436.0
1068590 436.0
1068600 436.1
1068610 436.1
1068620 436.0
1068630 435.9
1068640 435.9
1068650 436.0
1068660 436.0
1068670 436.0
1068680 436.0
1068690 436.0
1068700 436.0
1068710 436.1
1068720 436.1
1068730 436.1
1068740 436.2
1068750 436.2
1068760 436.3
1068770 436.3
1068780 436.4
1068790 436.4
1068800 436.4
1068810 436.5
1068820 436.6
1068830 436.6
1068840 436.7
1068850 436.9
1068860 436.9
1068870 436.9
1068880 436.9
1068890 436.9
1068900 436.8
1068910 436.8
1068920 436.8
1068930 436.7
1068940 436.7
1068950 436.7
1068960 436.9
1068970 437.0
1068980 437.0
1068990 437.1
1069000 437.3
1069010 437.4
1069020 437.6
1069030 438.0
1069040 438.0
1069050 438.0
1069060 437.7
1069070 437.6
1069080 437.6
1069090 437.7
1069100 437.7
1069110 437.7
1069120 437.7
1069130 437.8
1069140 437.8
1069150 437.8
1069160 437.9
1069170 437.9
1069180 437.9
1069190 437.9
1069200 437.9
1069210 438.2
1069220 438.5
1069230 438.5
1069240 438.5
1069250 438.6
1069260 438.6
1069270 438.5
1069280 438.3
1069290 438.3
1069300 438.2
1069310 438.1
1069320 438.3
1069330 438.3
1069340 438.2
1069350 438.2
1069360 438.2
1069370 438.1
1069380 438.9
1069390 438.9
1069400 439.2
1069410 439.3
1069420 439.3
1069430 439.5
1069440 439.7
1069450 439.7
1069460 439.5
1069470 439.6
1069480 439.6
1069490 439.6
1069500 439.6
1069510 439.6
1069520 439.6
1069530 439.7
1069540 439.7
1069550 439.7
1069560 439.6
1069570 439.6
1069580 439.6
1069590 439.9
1069600 440.7
1069610 440.7
1069620 440.6
1069630 441.1
1069640 441.1
1069650 441.2
1069660 440.6
1069670 440.6
1069680 440.5
1069690 440.6
1069700 440.6
1069710 440.8
1069720 440.8
1069730 440.8
1069740 440.8
1069750 440.8
1069760 440.8
1069770 440.8
1069780 440.7
1069790 440.7
1069800 440.6
1069810 440.6
1069820 440.6
1069830 440.7
1069840 440.7
1069850 440.7
1069860 440.8
1069870 440.8
1069880 440.9
1069890 440.9
1069900 441.0
1069910 441.2
1069920 441.2
1069930 442.1
1069940 442.2
1069950 442.2
1069960 442.2
1069970 442.3
1069980 442.3
1069990 442.3
1070000 442.1
1070010 442.1
1070020 442.1
1070030 442.1
1070040 442.1
1070050 442.4
1070060 442.5
1070070 442.5
1070080 442.4
1070090 442.7
1070100 442.7
1070110 442.8
1070120 442.7
1070130 442.7
1070140 442.7
1070150 442.8
1070160 443.2
1070170 443.2
1070180 443.4
1070190 443.5
1070200 443.5
1070210 443.5
1070220 443.0
1070230 443.0
1070240 443.5
1070250 443.3
1070260 443.3
1070270 443.4
1070280 443.7
1070290 443.7
1070300 444.0
1070310 443.9
1070320 443.9
1070330 444.0
1070340 444.1
1070350 444.1
1070360 444.2
1070370 444.3
1070380 444.3
1070390 444.4
1070400 444.3
1070410 444.3
1070420 444.2
1070430 444.0
1070440 444.0
1070450 444.0
1070460 444.0
1070470 444.0
1070480 444.0
1070490 444.0
1070500 444.0
1070510 444.0
1070520 444.0
1070530 444.0
1070540 444.0
1070550 444.1
1070560 444.1
1070570 444.1
1070580 444.1
1070590 444.2
1070600 444.2
1070610 444.2
1070620 444.2
1070630 444.2
1070640 444.2
1070650 444.3
1070660 444.3
1070670 444.4
1070680 444.5
1070690 444.6
1070700 444.6
1070710 444.8
1070720 444.9
1070730 444.9
1070740 445.0
1070750 445.1
1070760 445.1
1070770 445.4
1070780 445.4
1070790 445.4
1070800 445.5
1070810 445.5
1070820 445.5
1070830 445.6
1070840 445.8
1070850 445.8
1070860 445.8
1070870 445.8
1070880 445.8
1070890 445.9
1070900 445.9
1070910 445.9
1070920 446.0
1070930 446.2
1070940 446.2
1070950 446.3
1070960 446.6
1070970 446.7
1070980 446.7
1070990 446.9
1071000 447.0
1071010 447.0
1071020 447.0
1071030 447.0
1071040 447.0
1071050 447.1
1071060 447.2
1071070 447.2
1071080 447.3
1071090 447.3
1071100 447.3
1071110 447.4
1071120 447.5
1071130 447.5
1071140 448.2
1071150 452.0
1071160 450.4
1071170 454.6
1071180 454.8
1071190 454.8
1071200 454.7
1071210 454.6
1071220 454.6
1071230 454.4
1071240 452.9
1071250 448.9
1071260 448.9
1071270 448.3
1071280 448.3
1071290 448.3
1071300 448.4
1071310 448.5
1071320 448.5
1071330 448.6
1071340 448.7
1071350 448.7
1071360 448.8
1071370 448.9
1071380 448.9
1071390 449.0
1071400 449.1
1071410 449.1
1071420 449.2
1071430 449.3
1071440 449.3
1071450 449.3
1071460 449.4
1071470 449.4
1071480 449.6
1071490 449.8
1071500 449.8
1071510 450.0
1071520 450.5
1071530 450.5
1071540 450.5
1071550 450.5
1071560 450.5
1071570 450.5
1071580 450.6
1071590 450.5
1071600 450.5
1071610 450.4
1071620 450.6
1071630 450.6
1071640 450.7
1071650 450.9
1071660 450.9
1071670 451.0
1071680 451.1
1071690 451.1
1071700 451.1
1071710 451.1
1071720 451.1
1071730 451.3
1071740 451.4
1071750 451.4
1071760 451.5
1071770 451.6
1071780 451.6
1071790 452.0
1071800 452.2
1071810 452.6
1071820 452.6
1071830 452.6
1071840 452.5
1071850 452.5
1071860 452.6
1071870 452.8
1071880 452.8
1071890 452.9
1071900 452.9
1071910 452.9
1071920 453.0
1071930 453.4
1071940 453.4
1071950 453.7
1071960 453.2
1071970 453.2
1071980 453.2
1071990 453.1
1072000 453.1
1072010 453.4
1072020 453.3
1072030 453.3
1072040 453.3
1072050 453.5
1072060 453.5
1072070 453.7
1072080 454.0
1072090 454.0
1072100 454.0
1072110 454.2
1072120 454.4
1072130 454.4
1072140 454.6
1072150 454.7
1072160 454.7
1072170 454.7
1072180 455.0
1072190 455.0
1072200 455.0
1072210 455.0
1072220 455.0
1072230 455.1
1072240 455.2
1072250 455.2
1072260 455.4
1072270 455.5
1072280 455.5
1072290 455.7
1072300 455.7
1072310 455.7
1072320 456.0
1072330 456.2
1072340 456.2
1072350 456.2
1072360 456.4
1072370 456.5
1072380 456.5
1072390 456.7
1072400 457.0
1072410 457.0
1072420 457.2
1072430 457.4
1072440 457.4
1072450 457.4
1072460 457.7
1072470 457.7
1072480 457.9
1072490 457.7
1072500 457.7
1072510 457.7
1072520 457.9
1072530 457.9
1072540 458.1
1072550 458.3
1072560 458.3
1072570 458.4
1072580 458.6
1072590 458.6
1072600 458.7
1072610 458.8
1072620 458.9
1072630 458.9
1072640 459.1
1072650 459.8
1072660 459.8
1072670 460.0
1072680 459.8
1072690 459.8
1072700 459.6
1072710 459.9
1072720 459.9
1072730 459.8
1072740 459.9
1072750 459.9
1072760 460.1
1072770 460.3
1072780 460.3
1072790 461.1
1072800 461.1
1072810 461.1
1072820 461.1
1072830 461.0
1072840 461.0
1072850 461.1
1072860 461.1
1072870 461.1
1072880 461.9
1072890 462.7
1072900 462.5
1072910 462.5
1072920 462.2
1072930 462.5
1072940 462.5
1072950 462.6
1072960 462.5
1072970 462.5
1072980 462.5
1072990 462.6
1073000 462.6
1073010 462.7
1073020 462.9
1073030 462.9
1073040 463.2
1073050 463.2
1073060 463.2
1073070 463.5
1073080 463.2
1073090 463.2
1073100 463.3
1073110 463.5
1073120 463.5
1073130 463.6
1073140 463.7
1073150 463.7
1073160 463.9
1073170 464.1
1073180 464.4
1073190 464.4
1073200 464.4
1073210 464.5
1073220 464.5
1073230 464.6
1073240 465.2
1073250 465.2
1073260 464.8
1073270 465.1
1073280 465.1
1073290 465.6
1073300 465.6
1073310 465.6
1073320 465.6
1073330 465.9
1073340 465.9
1073350 465.9
1073360 466.2
1073370 466.2
1073380 466.4
1073390 466.9
1073400 466.9
1073410 467.5
1073420 467.5
1073430 467.5
1073440 467.5
1073450 470.1
1073460 475.2
1073470 475.2
1073480 480.3
1073490 489.6
1073500 489.6
1073510 500.4
1073520 507.0
1073530 507.0
1073540 507.3
1073550 503.3
1073560 503.3
1073570 501.6
1073580 501.2
1073590 501.2
1073600 501.2
1073610 501.4
1073620 501.4
1073630 501.7
1073640 483.1
1073650 483.1
1073660 475.4
1073670 474.1
1073680 474.1
1073690 472.8
1073700 471.4
1073710 471.4
1073720 471.0
1073730 470.6
1073740 470.6
1073750 470.6
1073760 470.9
1073770 471.1
1073780 471.1
1073790 471.0
1073800 471.0
1073810 471.0
1073820 471.0
1073830 470.9
1073840 470.9
1073850 471.0
1073860 471.3
1073870 471.3
1073880 471.5
1073890 471.6
1073900 471.6
1073910 471.6
1073920 471.7
1073930 471.7
1073940 471.7
1073950 471.5
1073960 471.5
1073970 471.6
1073980 471.7
1073990 471.7
1074000 471.7
1074010 471.7
1074020 472.1
1074030 472.1
1074040 473.2
1074050 473.8
1074060 473.8
1074070 473.8
1074080 474.3
1074090 474.3
1074100 476.0
1074110 478.6
1074120 478.6
1074130 481.2
1074140 484.8
1074150 484.8
1074160 489.9
1074170 494.1
1074180 494.1
1074190 496.1
1074200 499.3
1074210 499.3
1074220 504.7
1074230 509.8
1074240 509.8
1074250 512.8
1074260 517.7
1074270 520.5
1074280 520.5
1074290 522.0
1074300 524.9
1074310 524.9
1074320 528.8
1074330 533.2
1074340 533.2
1074350 537.3
1074360 541.7
1074370 541.7
1074380 546.8
1074390 552.6
1074400 552.6
1074410 559.8
1074420 565.1
1074430 565.1
1074440 569.2
1074450 573.4
1074460 573.4
1074470 577.3
1074480 578.8
1074490 578.8
1074500 581.7
1074510 585.8
1074520 585.8
1074530 590.2
1074540 595.4
1074550 600.6
1074560 600.6
1074570 610.0
1074580 614.8
1074590 614.8
1074600 618.5
1074610 620.4
1074620 620.4
1074630 622.4
1074640 624.0
1074650 624.0
1074660 625.2
1074670 626.4
1074680 626.4
1074690 625.9
1074700 622.8
1074710 622.8
1074720 622.4
1074730 620.9
1074740 620.9
1074750 620.1
1074760 620.6
1074770 620.6
1074780 618.8
1074790 617.1
1074800 617.1
1074810 617.3
1074820 618.0
1074830 616.6
1074840 616.6
1074850 615.1
1074860 615.0
1074870 615.0
1074880 611.7
1074890 611.4
1074900 611.4
1074910 609.5
1074920 607.2
1074930 607.2
1074940 604.9
1074950 602.2
1074960 602.2
1074970 597.6
1074980 589.3
1074990 589.3
1075000 582.2
1075010 576.5
1075020 576.5
1075030 572.2
1075040 568.6
1075050 568.6
1075060 565.3
1075070 562.1
1075080 562.1
1075090 557.8
1075100 554.4
1075110 551.7
1075120 551.7
1075130 548.6
1075140 548.4
1075150 548.4
1075160 550.8
1075170 553.4
1075180 553.4
1075190 558.6
1075200 558.8
1075210 558.8
1075220 558.6
1075230 557.8
1075240 557.8
1075250 556.1
1075260 554.7
1075270 554.7
1075280 554.6
1075290 554.4
1075300 554.4
1075310 556.0
1075320 558.1
1075330 558.1
1075340 559.2
1075350 560.1
1075360 560.1
1075370 560.9
1075380 561.6
1075390 564.4
1075400 564.4
1075410 565.7
1075420 566.9
1075430 566.9
1075440 570.2
1075450 576.4
1075460 576.4
1075470 582.5
1075480 581.2
1075490 581.2
1075500 583.3
1075510 583.1
1075520 583.1
1075530 583.5
1075540 586.6
1075550 586.6
1075560 588.7
1075570 588.2
1075580 588.2
1075590 586.7
1075600 585.4
1075610 585.4
1075620 586.5
1075630 585.8
1075640 585.8
1075650 586.3
1075660 587.5
1075670 587.5
1075680 587.5
1075690 584.8
1075700 583.4
1075710 583.4
1075720 583.6
1075730 583.7
1075740 583.7
1075750 584.4
1075760 585.6
1075770 585.6
1075780 587.2
1075790 589.5
1075800 589.5
1075810 592.5
1075820 595.5
1075830 595.5
1075840 598.4
1075850 601.2
1075860 601.2
1075870 604.1
1075880 606.9
1075890 606.9
1075900 609.0
1075910 608.9
1075920 609.3
1075930 609.3
1075940 611.1
1075950 612.7
1075960 612.7
1075970 615.6
1075980 618.7
1075990 618.7
1076000 622.2
1076010 626.1
1076020 626.1
1076030 629.4
1076040 633.0
1076050 633.0
1076060 637.1
1076070 642.5
1076080 642.5
1076090 647.1
1076100 648.8
1076110 648.8
1076120 652.4
1076130 655.2
1076140 655.2
1076150 658.2
1076160 661.0
1076170 661.0
1076180 663.0
1076190 665.1
1076200 668.1
1076210 668.1
1076220 671.7
1076230 675.5
1076240 675.5
1076250 678.9
1076260 682.6
1076270 682.6
1076280 685.3
1076290 687.2
1076300 687.2
1076310 688.6
1076320 688.8
1076330 688.8
1076340 686.3
1076350 681.4
1076360 681.4
1076370 671.8
1076380 650.0
1076390 650.0
1076400 621.3
1076410 601.3
1076420 601.3
1076430 596.5
1076440 590.1
1076450 590.1
1076460 587.1
1076470 591.3
1076480 585.1
1076490 585.1
1076500 578.6
1076510 572.9
1076520 572.9
1076530 563.3
1076540 547.0
1076550 547.0
1076560 533.8
1076570 533.0
1076580 533.0
1076590 533.7
1076600 533.6
1076610 533.6
1076620 534.8
1076630 541.2
1076640 541.2
1076650 550.6
1076660 561.3
1076670 561.3
1076680 573.1
1076690 580.0
1076700 580.0
1076710 583.8
1076720 581.9
1076730 581.9
1076740 584.0
1076750 575.3
1076760 581.6
1076770 581.6
1076780 587.4
1076790 591.4
1076800 591.4
1076810 596.3
1076820 601.9
1076830 601.9
1076840 605.8
1076850 614.4
1076860 614.4
1076870 627.5
1076880 636.7
1076890 636.7
1076900 645.1
1076910 653.5
1076920 653.5
1076930 662.6
1076940 676.5
1076950 676.5
1076960 686.5
1076970 695.5
1076980 695.5
1076990 705.9
1077000 713.1
1077010 713.1
1077020 717.8
1077030 724.0
1077040 732.6
1077050 732.6
1077060 734.3
1077070 742.9
1077080 742.9
1077090 750.7
1077100 756.0
1077110 756.0
1077120 761.1
1077130 766.6
1077140 766.6
1077150 772.1
1077160 777.7
1077170 777.7
1077180 787.1
1077190 794.2
1077200 794.2
1077210 796.1
1077220 796.3
1077230 796.3
1077240 799.3
1077250 801.0
1077260 801.0
1077270 800.8
1077280 801.2
1077290 801.2
1077300 801.1
1077310 800.0
1077320 799.5
1077330 799.5
1077340 795.0
1077350 790.5
1077360 790.5
1077370 771.2
1077380 768.9
1077390 768.9
1077400 769.0
1077410 771.4
1077420 771.4
1077430 774.7
1077440 777.6
1077450 777.6
1077460 779.0
1077470 785.6
1077480 785.6
1077490 791.6
1077500 800.5
1077510 800.5
1077520 817.4
1077530 828.5
1077540 828.5
1077550 831.1
1077560 831.8
1077570 832.7
1077580 832.7
1077590 834.8
1077600 838.4
1077610 838.4
1077620 842.0
1077630 845.1
1077640 845.1
1077650 847.3
1077660 848.7
1077670 848.7
1077680 853.7
1077690 856.2
1077700 856.2
1077710 858.7
1077720 861.7
1077730 861.7
1077740 864.8
1077750 865.9
1077760 865.9
1077770 866.0
1077780 867.9
1077790 867.9
1077800 870.2
1077810 872.8
1077820 872.8
1077830 875.6
1077840 877.5
1077850 880.3
1077860 880.3
1077870 883.8
1077880 886.3
1077890 886.3
1077900 887.1
1077910 886.3
1077920 886.3
1077930 887.3
1077940 889.6
1077950 889.6
1077960 891.9
1077970 892.2
1077980 892.2
1077990 889.6
1078000 893.8
1078010 893.8
1078020 902.4
1078030 910.0
1078040 910.0
1078050 914.0
1078060 918.1
1078070 918.1
1078080 922.7
1078090 927.2
1078100 927.2
1078110 931.2
1078120 935.5
1078130 939.6
1078140 939.6
1078150 942.7
1078160 941.6
1078170 941.6
1078180 942.4
1078190 938.8
1078200 938.8
1078210 937.5
1078220 941.5
1078230 941.5
1078240 948.4
1078250 952.5
1078260 952.5
1078270 956.9
1078280 958.5
1078290 958.5
1078300 960.3
1078310 961.2
1078320 961.2
1078330 962.9
1078340 964.0
1078350 964.0
1078360 965.1
1078370 966.0
1078380 966.0
1078390 966.3
1078400 966.6
1078410 967.0
1078420 967.0
1078430 967.9
1078440 968.8
1078450 968.8
1078460 969.4
1078470 969.0
1078480 969.0
1078490 966.3
1078500 962.8
1078510 962.8
1078520 957.6
1078530 955.6
1078540 955.6
1078550 954.7
1078560 953.1
1078570 953.1
1078580 951.3
1078590 952.7
1078600 952.7
1078610 954.0
1078620 950.4
1078630 950.4
1078640 950.6
1078650 949.8
1078660 949.8
1078670 949.2
1078680 953.4
1078690 960.3
1078700 960.3
1078710 965.9
1078720 969.6
1078730 969.6
1078740 971.9
1078750 973.9
1078760 973.9
1078770 976.0
1078780 977.6
1078790 977.6
1078800 978.3
1078810 978.6
1078820 978.6
1078830 977.2
1078840 971.7
1078850 971.7
1078860 963.5
1078870 956.7
1078880 956.7
1078890 950.4
1078900 944.3
1078910 944.3
1078920 938.3
1078930 933.1
1078940 921.4
1078950 921.4
1078960 915.3
1078970 910.5
1078980 910.5
1078990 905.5
1079000 900.1
1079010 900.1
1079020 895.0
1079030 891.1
1079040 891.1
1079050 886.3
1079060 880.4
1079070 880.4
1079080 871.8
1079090 864.0
1079100 864.0
1079110 860.3
1079120 855.7
1079130 855.7
1079140 847.0
1079150 839.6
1079160 839.6
1079170 836.4
1079180 843.4
1079190 843.4
1079200 846.4
1079210 845.7
1079220 845.0
1079230 845.0
1079240 846.1
1079250 842.1
1079260 842.1
1079270 849.0
1079280 857.1
1079290 857.1
1079300 864.6
1079310 870.8
1079320 870.8
1079330 874.1
1079340 878.1
1079350 878.1
1079360 883.0
1079370 893.8
1079380 893.8
1079390 900.7
1079400 907.7
1079410 907.7
1079420 914.9
1079430 921.8
1079440 921.8
1079450 928.7
1079460 936.0
1079470 936.0
1079480 943.1
1079490 950.0
1079500 956.8
1079510 956.8
1079520 963.5
1079530 970.0
1079540 970.0
1079550 976.2
1079560 982.7
1079570 977.9
1079580 983.9
1079590 989.8
1079600 989.8
1079610 994.2
1079620 997.0
1079630 997.0
1079640 999.0
1079650 1001.5
1079660 1001.5
1079670 1004.3
1079680 1006.9
1079690 1006.9
1079700 1009.1
1079710 1009.6
1079720 1009.6
1079730 1008.3
1079740 1007.8
1079750 1007.8
1079760 1010.1
1079770 1014.8
1079780 1020.2
1079790 1020.2
1079800 1021.4
1079810 1018.1
1079820 1018.1
1079830 1017.1
1079840 1017.0
1079850 1017.0
1079860 1022.9
1079870 1026.9
1079880 1022.2
1079890 1025.6
1079900 1028.0
1079910 1028.0
1079920 1030.0
1079930 1031.8
1079940 1031.8
1079950 1033.2
1079960 1032.2
1079970 1032.2
1079980 1026.6
1079990 1029.4
