1061630 434.8
1061640 436.8
1061650 436.8
1061660 437.6
1061670 437.5
1061680 437.5
1061690 437.3
1061700 437.2
1061710 437.2
1061720 437.1
1061730 436.9
1061740 436.9
1061750 436.5
1061760 434.8
1061770 432.7
1061780 432.7
1061790 431.3
1061800 430.7
1061810 430.7
1061820 430.3
1061830 430.0
1061840 430.0
1061850 429.9
1061860 430.0
1061870 430.0
1061880 430.0
1061890 429.8
1061900 429.8
1061910 429.8
1061920 429.8
1061930 429.6
1061940 429.6
1061950 428.3
1061960 426.9
1061970 426.9
1061980 427.2
1061990 429.5
1062000 429.5
1062010 432.2
1062020 434.7
1062030 435.6
1062040 435.6
1062050 434.5
1062060 431.5
1062070 431.5
1062080 429.6
1062090 428.7
1062100 428.7
1062110 427.5
1062120 426.9
1062130 426.9
1062140 426.9
1062150 426.8
1062160 426.1
1062170 426.1
1062180 425.4
1062190 425.2
1062200 425.2
1062210 425.2
1062220 425.2
1062230 425.2
1062240 425.2
1062250 425.1
1062260 425.1
1062270 425.1
1062280 425.1
1062290 425.1
1062300 425.1
1062310 425.1
1062320 425.1
1062330 425.1
1062340 425.1
1062350 425.1
1062360 425.1
1062370 425.4
1062380 427.2
1062390 427.2
1062400 429.4
1062410 430.7
1062420 431.2
1062430 431.2
1062440 431.7
1062450 433.0
1062460 433.0
1062470 434.6
1062480 434.5
1062490 434.5
1062500 432.6
1062510 430.8
1062520 430.3
1062530 430.3
1062540 430.0
1062550 429.7
1062560 430.1
1062570 430.0
1062580 429.9
1062590 429.9
1062600 429.8
1062610 429.7
1062620 429.7
1062630 429.7
1062640 429.7
1062650 429.6
1062660 429.6
1062670 429.6
1062680 429.5
1062690 429.5
1062700 429.7
1062710 429.5
1062720 429.5
1062730 429.6
1062740 429.6
1062750 429.6
1062760 429.5
1062770 429.5
1062780 429.4
1062790 429.4
1062800 429.5
1062810 429.4
1062820 429.4
1062830 429.3
1062840 429.3
1062850 429.3
1062860 429.3
1062870 429.4
1062880 429.4
1062890 429.4
1062900 429.4
1062910 429.4
1062920 429.4
1062930 429.3
1062940 429.2
1062950 429.2
1062960 429.3
1062970 429.4
1062980 429.4
1062990 428.8
1063000 427.3
1063010 427.3
1063020 428.4
1063030 427.9
1063040 429.4
1063050 429.4
1063060 429.6
1063070 429.4
1063080 429.4
1063090 429.3
1063100 429.1
1063110 429.1
1063120 429.0
1063130 428.9
1063140 428.9
1063150 428.8
1063160 428.8
1063170 428.8
1063180 428.7
1063190 428.7
1063200 428.7
1063210 428.8
1063220 428.7
1063230 428.6
1063240 428.6
1063250 428.7
1063260 428.7
1063270 428.7
1063280 428.8
1063290 428.8
1063300 428.8
1063310 428.9
1063320 428.7
1063330 428.7
1063340 428.6
1063350 428.7
1063360 428.7
1063370 428.4
1063380 428.5
1063390 428.5
1063400 428.8
1063410 428.7
1063420 428.7
1063430 428.6
1063440 428.3
1063450 428.3
1063460 428.4
1063470 428.2
1063480 428.2
1063490 427.7
1063500 428.4
1063510 429.0
1063520 429.0
1063530 429.2
1063540 429.0
1063550 429.0
1063560 428.5
1063570 428.9
1063580 428.9
1063590 429.0
1063600 429.0
1063610 429.0
1063620 428.9
1063630 429.0
1063640 429.0
1063650 428.9
1063660 428.9
1063670 428.9
1063680 429.1
1063690 429.2
1063700 429.2
1063710 429.2
1063720 429.3
1063730 429.3
1063740 429.3
1063750 429.1
1063760 429.1
1063770 429.1
1063780 429.1
1063790 429.2
1063800 429.2
1063810 429.3
1063820 429.3
1063830 429.3
1063840 429.1
1063850 429.3
1063860 429.3
1063870 429.3
1063880 429.7
1063890 429.7
1063900 429.7
1063910 429.8
1063920 429.8
1063930 429.8
1063940 429.8
1063950 429.8
1063960 429.8
1063970 430.1
1063980 430.1
1063990 430.1
1064000 430.1
1064010 430.1
1064020 430.3
1064030 430.2
1064040 430.2
1064050 430.1
1064060 430.2
1064070 430.2
1064080 430.2
1064090 430.2
1064100 430.2
1064110 430.2
1064120 430.4
1064130 430.2
1064140 430.2
1064150 430.4
1064160 430.2
1064170 430.2
1064180 430.2
1064190 430.4
1064200 430.4
1064210 430.3
1064220 430.3
1064230 430.4
1064240 430.3
1064250 430.4
1064260 430.4
1064270 430.5
1064280 430.5
1064290 430.5
1064300 430.5
1064310 430.5
1064320 430.5
1064330 430.5
1064340 430.6
1064350 430.6
1064360 430.6
1064370 430.6
1064380 430.7
1064390 430.7
1064400 430.6
1064410 430.7
1064420 430.7
1064430 430.7
1064440 430.7
1064450 430.7
1064460 430.8
1064470 430.9
1064480 430.9
1064490 430.9
1064500 431.0
1064510 431.0
1064520 431.2
1064530 431.3
1064540 431.2
1064550 431.3
1064560 431.4
1064570 431.4
1064580 431.5
1064590 431.6
1064600 431.6
1064610 431.6
1064620 431.6
1064630 431.5
1064640 431.5
1064650 431.7
1064660 432.0
1064670 432.0
1064680 432.0
1064690 432.1
1064700 432.1
1064710 432.1
1064720 432.1
1064730 432.1
1064740 432.2
1064750 432.4
1064760 432.4
1064770 432.6
1064780 432.9
1064790 432.9
1064800 432.9
1064810 433.1
1064820 433.1
1064830 433.1
1064840 433.2
1064850 433.2
1064860 433.3
1064870 433.4
1064880 433.4
1064890 433.3
1064900 433.3
1064910 433.3
1064920 433.3
1064930 433.4
1064940 433.8
1064950 433.8
1064960 433.7
1064970 433.6
1064980 433.6
1064990 433.5
1065000 433.5
1065010 433.5
1065020 433.6
1065030 433.7
1065040 433.7
1065050 433.7
1065060 433.7
1065070 433.7
1065080 433.9
1065090 434.0
1065100 434.0
1065110 434.1
1065120 434.3
1065130 434.3
1065140 434.6
1065150 436.6
1065160 436.6
1065170 435.2
1065180 434.6
1065190 434.3
1065200 434.3
1065210 432.0
1065220 431.4
1065230 431.4
1065240 431.5
1065250 433.9
1065260 433.9
1065270 435.1
1065280 437.6
1065290 437.6
1065300 438.3
1065310 435.7
1065320 435.7
1065330 433.7
1065340 433.6
1065350 433.6
1065360 433.5
1065370 433.5
1065380 433.5
1065390 433.9
1065400 433.9
1065410 433.9
1065420 433.8
1065430 434.0
1065440 434.0
1065450 434.1
1065460 434.0
1065470 433.9
1065480 433.9
1065490 433.9
1065500 433.6
1065510 433.6
1065520 433.8
1065530 433.6
1065540 433.6
1065550 433.6
1065560 433.5
1065570 433.5
1065580 433.6
1065590 433.7
1065600 433.7
1065610 433.5
1065620 433.6
1065630 433.6
1065640 433.5
1065650 433.3
1065660 433.3
1065670 433.5
1065680 433.5
1065690 433.5
1065700 433.6
1065710 433.5
1065720 433.5
1065730 433.2
1065740 433.2
1065750 432.9
1065760 432.9
1065770 433.1
1065780 433.2
1065790 433.2
1065800 433.3
1065810 433.2
1065820 433.2
1065830 433.2
1065840 433.2
1065850 433.2
1065860 433.2
1065870 433.1
1065880 433.1
1065890 433.1
1065900 433.2
1065910 433.2
1065920 433.2
1065930 433.1
1065940 433.1
1065950 433.2
1065960 433.1
1065970 433.1
1065980 433.1
1065990 432.9
1066000 432.9
1066010 432.9
1066020 432.9
1066030 432.8
1066040 432.8
1066050 432.9
1066060 432.8
1066070 432.8
1066080 432.6
1066090 432.6
1066100 432.6
1066110 432.6
1066120 432.6
1066130 432.6
1066140 432.6
1066150 432.6
1066160 432.6
1066170 432.6
1066180 432.7
1066190 432.7
1066200 432.8
1066210 432.8
1066220 432.8
1066230 432.9
1066240 433.0
1066250 433.0
1066260 432.8
1066270 432.5
1066280 432.5
1066290 432.7
1066300 432.6
1066310 432.6
1066320 432.6
1066330 432.7
1066340 432.5
1066350 432.5
1066360 432.6
1066370 432.8
1066380 432.8
1066390 432.7
1066400 432.6
1066410 432.6
1066420 432.7
1066430 432.8
1066440 432.8
1066450 432.7
1066460 432.3
1066470 432.3
1066480 432.7
1066490 432.8
1066500 432.8
1066510 432.6
1066520 432.7
1066530 432.7
1066540 433.1
1066550 432.6
1066560 432.6
1066570 432.0
1066580 432.7
1066590 432.7
1066600 432.7
1066610 432.7
1066620 432.6
1066630 432.6
1066640 432.7
1066650 432.5
1066660 432.5
1066670 432.5
1066680 432.6
1066690 432.6
1066700 432.6
1066710 432.6
1066720 432.6
1066730 432.7
1066740 432.6
1066750 432.6
1066760 432.7
1066770 432.4
1066780 432.4
1066790 432.7
1066800 432.8
1066810 432.8
1066820 432.8
1066830 432.6
1066840 432.6
1066850 432.6
1066860 432.8
1066870 432.8
1066880 432.8
1066890 432.9
1066900 432.8
1066910 432.8
1066920 432.7
1066930 432.8
1066940 432.8
1066950 432.7
1066960 432.6
1066970 432.7
1066980 432.8
1066990 432.7
1067000 432.7
1067010 432.7
1067020 432.7
1067030 432.7
1067040 432.8
1067050 432.7
1067060 432.7
1067070 432.2
1067080 430.6
1067090 430.6
1067100 428.5
1067110 428.3
1067120 428.3
1067130 428.3
1067140 428.3
1067150 428.3
1067160 428.3
1067170 428.3
1067180 428.3
1067190 428.3
1067200 428.3
1067210 428.3
1067220 428.3
1067230 428.3
1067240 428.3
1067250 428.3
1067260 428.2
1067270 428.2
1067280 428.2
1067290 428.2
1067300 428.3
1067310 428.3
1067320 428.3
1067330 428.3
1067340 428.3
1067350 428.2
1067360 428.2
1067370 428.2
1067380 428.2
1067390 428.2
1067400 428.2
1067410 428.2
1067420 428.2
1067430 428.2
1067440 428.2
1067450 428.2
1067460 428.2
1067470 428.2
1067480 428.2
1067490 428.2
1067500 428.2
1067510 428.2
1067520 428.2
1067530 428.2
1067540 428.2
1067550 428.2
1067560 428.2
1067570 428.2
1067580 429.6
1067590 429.6
1067600 432.4
1067610 433.5
1067620 433.5
1067630 433.4
1067640 432.9
1067650 432.9
1067660 432.8
1067670 432.9
1067680 433.0
1067690 433.0
1067700 433.0
1067710 432.9
1067720 432.9
1067730 432.7
1067740 432.5
1067750 432.5
1067760 432.4
1067770 432.4
1067780 432.4
1067790 432.4
1067800 432.4
1067810 432.4
1067820 432.4
1067830 432.5
1067840 432.5
1067850 432.4
1067860 432.5
1067870 432.5
1067880 432.5
1067890 432.6
1067900 432.6
1067910 432.6
1067920 432.6
1067930 432.6
1067940 432.6
1067950 432.8
1067960 432.8
1067970 432.8
1067980 432.7
1067990 432.5
1068000 432.5
1068010 432.5
1068020 432.2
1068030 432.2
1068040 432.5
1068050 432.3
1068060 432.3
1068070 431.9
1068080 431.7
1068090 431.7
1068100 431.8
1068110 432.1
1068120 432.1
1068130 432.3
1068140 432.3
1068150 432.3
1068160 432.4
1068170 432.4
1068180 432.4
1068190 432.4
1068200 432.3
1068210 432.3
1068220 432.5
1068230 432.6
1068240 432.7
1068250 432.7
1068260 432.7
1068270 432.6
1068280 432.6
1068290 432.7
1068300 433.0
1068310 433.0
1068320 433.2
1068330 433.3
1068340 433.3
1068350 433.3
1068360 433.4
1068370 433.4
1068380 433.4
1068390 433.5
1068400 433.5
1068410 433.6
1068420 433.7
1068430 433.7
1068440 433.9
1068450 434.0
1068460 434.0
1068470 434.1
1068480 434.1
1068490 434.1
1068500 434.3
1068510 434.4
1068520 434.4
1068530 434.4
1068540 434.3
1068550 434.4
1068560 434.4
1068570 434.5
1068580 434.5
1068590 434.5
1068600 434.6
1068610 434.6
1068620 434.6
1068630 434.7
1068640 434.8
1068650 434.8
1068660 434.9
1068670 434.9
1068680 434.9
1068690 435.0
1068700 435.1
1068710 435.1
1068720 435.2
1068730 435.3
1068740 435.3
1068750 435.4
1068760 435.4
1068770 435.4
1068780 435.4
1068790 435.4
1068800 435.5
1068810 435.5
1068820 435.5
1068830 435.5
1068840 435.5
1068850 435.4
1068860 435.5
1068870 435.5
1068880 435.7
1068890 435.7
1068900 435.7
1068910 435.7
1068920 435.7
1068930 435.7
1068940 435.7
1068950 435.8
1068960 435.8
1068970 435.7
1068980 435.8
1068990 435.8
1069000 435.8
1069010 435.8
1069020 435.8
1069030 435.9
1069040 435.8
1069050 435.8
1069060 435.9
1069070 436.4
1069080 436.6
1069090 436.6
1069100 436.5
1069110 436.5
1069120 436.5
1069130 436.1
1069140 436.3
1069150 436.3
1069160 436.6
1069170 436.8
1069180 436.8
1069190 437.0
1069200 437.6
1069210 437.6
1069220 437.4
1069230 437.7
1069240 437.7
1069250 438.1
1069260 437.8
1069270 437.8
1069280 437.8
1069290 437.8
1069300 437.8
1069310 437.6
1069320 437.5
1069330 437.5
1069340 437.2
1069350 437.3
1069360 437.7
1069370 437.7
1069380 437.7
1069390 437.5
1069400 437.5
1069410 437.5
1069420 437.6
1069430 437.6
1069440 437.7
1069450 437.8
1069460 437.8
1069470 437.9
1069480 438.0
1069490 438.0
1069500 438.0
1069510 437.8
1069520 437.8
1069530 437.9
1069540 438.0
1069550 438.0
1069560 438.0
1069570 438.1
1069580 438.1
1069590 438.3
1069600 438.5
1069610 438.5
1069620 438.4
1069630 438.4
1069640 438.4
1069650 438.4
1069660 438.5
1069670 438.9
1069680 438.9
1069690 438.9
1069700 439.0
1069710 439.0
1069720 438.9
1069730 439.3
1069740 439.3
1069750 439.7
1069760 439.6
1069770 439.6
1069780 439.4
1069790 439.5
1069800 439.5
1069810 439.6
1069820 439.6
1069830 439.6
1069840 439.6
1069850 439.7
1069860 439.7
1069870 439.8
1069880 440.0
1069890 440.0
1069900 440.1
1069910 440.2
1069920 440.4
1069930 440.4
1069940 440.5
1069950 440.5
1069960 440.5
1069970 440.6
1069980 440.7
1069990 440.7
1070000 440.7
1070010 440.9
1070020 440.9
1070030 440.9
1070040 440.9
1070050 440.9
1070060 441.0
1070070 441.1
1070080 441.1
1070090 441.2
1070100 441.2
1070110 441.2
1070120 441.3
1070130 441.4
1070140 441.4
1070150 441.6
1070160 441.8
1070170 441.8
1070180 441.8
1070190 441.9
1070200 442.2
1070210 442.2
1070220 442.6
1070230 442.3
1070240 442.3
1070250 442.2
1070260 442.2
1070270 442.2
1070280 442.3
1070290 442.4
1070300 442.4
1070310 442.5
1070320 442.5
1070330 442.5
1070340 442.7
1070350 442.7
1070360 442.7
1070370 442.8
1070380 442.9
1070390 442.9
1070400 443.2
1070410 443.5
1070420 443.5
1070430 443.5
1070440 443.4
1070450 443.4
1070460 443.4
1070470 443.5
1070480 443.5
1070490 443.5
1070500 443.6
1070510 443.7
1070520 443.7
1070530 443.7
1070540 443.9
1070550 443.9
1070560 444.1
1070570 444.6
1070580 444.6
1070590 445.1
1070600 445.0
1070610 445.0
1070620 444.9
1070630 444.9
1070640 444.9
1070650 444.8
1070660 444.9
1070670 444.9
1070680 444.9
1070690 445.0
1070700 445.0
1070710 445.2
1070720 445.4
1070730 445.4
1070740 445.7
1070750 445.8
1070760 445.9
1070770 445.9
1070780 445.9
1070790 445.7
1070800 445.7
1070810 445.6
1070820 445.6
1070830 445.6
1070840 445.7
1070850 445.8
1070860 445.8
1070870 445.9
1070880 446.0
1070890 446.0
1070900 446.1
1070910 446.2
1070920 446.2
1070930 446.3
1070940 446.4
1070950 446.4
1070960 446.4
1070970 446.5
1070980 446.5
1070990 446.6
1071000 446.7
1071010 446.7
1071020 446.8
1071030 446.9
1071040 447.0
1071050 447.0
1071060 447.2
1071070 447.6
1071080 447.6
1071090 448.5
1071100 449.3
1071110 449.3
1071120 451.9
1071130 454.8
1071140 454.8
1071150 454.7
1071160 454.6
1071170 454.6
1071180 454.4
1071190 453.9
1071200 453.9
1071210 452.3
1071220 449.2
1071230 449.2
1071240 450.1
1071250 449.7
1071260 449.5
1071270 449.1
1071280 449.2
1071290 449.2
1071300 449.4
1071310 449.9
1071320 450.1
1071330 450.1
1071340 449.9
1071350 449.9
1071360 449.9
1071370 450.0
1071380 450.1
1071390 450.1
1071400 450.3
1071410 450.5
1071420 450.5
1071430 450.6
1071440 450.8
1071450 450.8
1071460 450.9
1071470 451.1
1071480 451.1
1071490 451.2
1071500 451.3
1071510 451.3
1071520 451.5
1071530 451.8
1071540 451.8
1071550 451.9
1071560 452.0
1071570 452.3
1071580 452.3
1071590 452.2
1071600 452.2
1071610 452.2
1071620 452.2
1071630 452.3
1071640 452.3
1071650 452.4
1071660 452.5
1071670 452.5
1071680 452.6
1071690 452.7
1071700 452.7
1071710 452.8
1071720 453.1
1071730 453.1
1071740 453.3
1071750 453.5
1071760 453.5
1071770 453.6
1071780 453.8
1071790 453.8
1071800 454.0
1071810 454.2
1071820 454.2
1071830 454.5
1071840 454.6
1071850 454.7
1071860 454.7
1071870 454.9
1071880 455.5
1071890 455.5
1071900 455.5
1071910 455.4
1071920 455.4
1071930 455.5
1071940 455.6
1071950 455.6
1071960 455.8
1071970 456.0
1071980 456.0
1071990 456.2
1072000 456.3
1072010 456.3
1072020 456.5
1072030 456.6
1072040 456.6
1072050 456.8
1072060 457.1
1072070 457.1
1072080 457.3
1072090 457.3
1072100 457.3
1072110 457.3
1072120 457.5
1072130 457.8
1072140 457.8
1072150 458.0
1072160 458.1
1072170 458.1
1072180 458.2
1072190 458.8
1072200 458.8
1072210 458.6
1072220 458.5
1072230 458.5
1072240 458.6
1072250 458.7
1072260 458.7
1072270 458.7
1072280 458.9
1072290 458.9
1072300 459.0
1072310 459.2
1072320 459.2
1072330 459.5
1072340 459.6
1072350 459.6
1072360 459.6
1072370 459.8
1072380 459.8
1072390 460.0
1072400 460.4
1072410 460.7
1072420 460.7
1072430 460.5
1072440 460.4
1072450 460.4
1072460 460.4
1072470 460.7
1072480 460.7
1072490 460.6
1072500 460.7
1072510 460.7
1072520 460.3
1072530 460.5
1072540 460.5
1072550 461.0
1072560 461.1
1072570 461.1
1072580 461.1
1072590 461.8
1072600 461.8
1072610 462.0
1072620 462.3
1072630 462.3
1072640 462.9
1072650 463.0
1072660 463.0
1072670 462.6
1072680 462.2
1072690 462.3
1072700 462.3
1072710 462.5
1072720 462.9
1072730 462.9
1072740 463.0
1072750 463.1
1072760 463.1
1072770 463.2
1072780 463.4
1072790 463.4
1072800 463.4
1072810 463.5
1072820 463.5
1072830 463.6
1072840 463.7
1072850 463.7
1072860 463.9
1072870 464.5
1072880 464.5
1072890 465.0
1072900 465.0
1072910 465.0
1072920 464.5
1072930 464.7
1072940 464.7
1072950 464.9
1072960 465.3
1072970 465.5
1072980 465.5
1072990 465.6
1073000 465.8
1073010 465.8
1073020 466.9
1073030 466.8
1073040 466.8
1073050 466.6
1073060 466.9
1073070 466.9
1073080 467.0
1073090 467.1
1073100 467.1
1073110 467.1
1073120 467.3
1073130 467.3
1073140 467.5
1073150 467.6
1073160 467.6
1073170 467.7
1073180 468.5
1073190 468.5
1073200 468.9
1073210 469.0
1073220 469.0
1073230 468.9
1073240 469.2
1073250 469.3
1073260 469.3
1073270 469.6
1073280 470.0
1073290 470.0
1073300 470.4
1073310 470.5
1073320 470.5
1073330 470.8
1073340 470.9
1073350 470.9
1073360 471.0
1073370 471.1
1073380 471.1
1073390 471.3
1073400 471.7
1073410 471.7
1073420 472.0
1073430 471.9
1073440 471.9
1073450 472.0
1073460 472.2
1073470 472.2
1073480 472.4
1073490 472.7
1073500 472.7
1073510 472.9
1073520 473.0
1073530 473.2
1073540 473.2
1073550 473.5
1073560 473.8
1073570 473.8
1073580 473.9
1073590 474.2
1073600 474.2
1073610 474.3
1073620 474.8
1073630 474.8
1073640 475.2
1073650 475.5
1073660 475.5
1073670 475.4
1073680 475.3
1073690 475.3
1073700 475.3
1073710 475.8
1073720 475.8
1073730 476.0
1073740 475.9
1073750 475.9
1073760 476.2
1073770 476.8
1073780 476.8
1073790 476.9
1073800 476.8
1073810 477.4
1073820 477.4
1073830 477.7
1073840 477.8
1073850 477.8
1073860 477.9
1073870 477.8
1073880 477.8
1073890 477.8
1073900 478.0
1073910 478.0
1073920 478.2
1073930 478.4
1073940 478.4
1073950 478.7
1073960 478.9
1073970 478.9
1073980 479.4
1073990 480.1
1074000 480.1
1074010 481.4
1074020 481.5
1074030 481.5
1074040 481.7
1074050 481.7
1074060 481.7
1074070 481.3
1074080 481.4
1074090 481.4
1074100 481.4
1074110 481.4
1074120 481.6
1074130 481.6
1074140 481.8
1074150 481.8
1074160 481.8
1074170 481.9
1074180 481.9
1074190 481.9
1074200 482.0
1074210 482.2
1074220 482.2
1074230 482.6
1074240 482.7
1074250 482.7
1074260 482.7
1074270 483.0
1074280 483.0
1074290 483.5
1074300 483.5
1074310 483.5
1074320 483.6
1074330 483.8
1074340 483.8
1074350 484.7
1074360 484.5
1074370 484.6
1074380 484.6
1074390 484.8
1074400 485.0
1074410 485.0
1074420 485.2
1074430 485.5
1074440 485.5
1074450 485.5
1074460 485.5
1074470 485.5
1074480 485.7
1074490 485.7
1074500 485.7
1074510 485.8
1074520 486.1
1074530 486.1
1074540 487.0
1074550 487.4
1074560 487.4
1074570 487.3
1074580 487.3
1074590 487.3
1074600 487.4
1074610 487.8
1074620 487.8
1074630 488.0
1074640 488.0
1074650 488.1
1074660 488.2
1074670 488.3
1074680 488.6
1074690 488.6
1074700 488.9
1074710 489.2
1074720 489.2
1074730 489.4
1074740 489.6
1074750 489.6
1074760 489.8
1074770 490.0
1074780 490.0
1074790 490.4
1074800 490.7
1074810 490.7
1074820 490.8
1074830 490.9
1074840 490.9
1074850 490.9
1074860 491.1
1074870 491.1
1074880 491.3
1074890 491.2
1074900 490.7
1074910 490.7
1074920 491.4
1074930 491.5
1074940 491.5
1074950 490.9
1074960 489.8
1074970 489.8
1074980 491.3
1074990 490.0
1075000 490.0
1075010 489.1
1075020 490.3
1075030 490.3
1075040 491.7
1075050 492.4
1075060 492.4
1075070 492.6
1075080 492.5
1075090 492.5
1075100 490.3
1075110 487.9
1075120 487.9
1075130 488.5
1075140 492.3
1075150 492.3
1075160 493.5
1075170 493.9
1075180 494.2
1075190 494.2
1075200 494.4
1075210 494.5
1075220 494.5
1075230 494.3
1075240 494.4
1075250 494.4
1075260 494.4
1075270 494.3
1075280 494.3
1075290 494.6
1075300 494.6
1075310 494.6
1075320 494.8
1075330 494.7
1075340 494.7
1075350 494.6
1075360 494.5
1075370 494.5
1075380 496.1
1075390 502.5
1075400 502.5
1075410 511.5
1075420 520.4
1075430 520.4
1075440 529.6
1075450 538.3
1075460 546.7
1075470 546.7
1075480 554.3
1075490 562.1
1075500 562.1
1075510 570.0
1075520 576.1
1075530 576.1
1075540 578.1
1075550 580.4
1075560 580.4
1075570 582.1
1075580 583.8
1075590 583.8
1075600 585.1
1075610 583.8
1075620 583.8
1075630 582.9
1075640 584.2
1075650 584.2
1075660 586.4
1075670 589.1
1075680 589.1
1075690 591.5
1075700 593.3
1075710 593.3
1075720 595.5
1075730 596.5
1075740 596.2
1075750 596.2
1075760 595.8
1075770 595.4
1075780 595.4
1075790 594.8
1075800 594.7
1075810 594.7
1075820 596.6
1075830 599.4
1075840 599.4
1075850 601.7
1075860 602.5
1075870 602.5
1075880 603.0
1075890 604.2
1075900 604.2
1075910 605.4
1075920 607.4
1075930 607.4
1075940 609.0
1075950 610.6
1075960 610.6
1075970 612.4
1075980 613.9
1075990 613.9
1076000 615.6
1076010 618.3
1076020 621.2
1076030 621.2
1076040 625.9
1076050 626.5
1076060 626.5
1076070 627.7
1076080 630.5
1076090 630.5
1076100 631.7
1076110 634.6
1076120 634.6
1076130 640.1
1076140 643.8
1076150 643.8
1076160 648.6
1076170 651.8
1076180 651.8
1076190 655.2
1076200 657.1
1076210 657.1
1076220 657.4
1076230 660.5
1076240 660.5
1076250 661.3
1076260 661.9
1076270 661.9
1076280 663.9
1076290 665.8
1076300 666.8
1076310 666.8
1076320 668.0
1076330 668.9
1076340 668.9
1076350 669.8
1076360 670.7
1076370 670.7
1076380 672.1
1076390 673.8
1076400 673.8
1076410 676.0
1076420 677.5
1076430 677.5
1076440 678.8
1076450 679.5
1076460 679.5
1076470 680.3
1076480 681.2
1076490 681.2
1076500 682.2
1076510 682.8
1076520 682.8
1076530 683.0
1076540 683.2
1076550 683.2
1076560 683.6
1076570 684.1
1076580 684.8
1076590 684.8
1076600 686.2
1076610 688.7
1076620 688.7
1076630 690.7
1076640 693.8
1076650 693.8
1076660 697.2
1076670 700.7
1076680 700.7
1076690 702.5
1076700 703.4
1076710 703.4
1076720 704.2
1076730 705.0
1076740 705.0
1076750 706.0
1076760 707.3
1076770 707.3
1076780 708.0
1076790 708.5
1076800 708.5
1076810 708.6
1076820 708.7
1076830 708.7
1076840 709.5
1076850 709.5
1076860 707.7
1076870 707.7
1076880 705.0
1076890 704.1
1076900 704.1
1076910 704.7
1076920 706.1
1076930 706.1
1076940 707.8
1076950 709.8
1076960 709.8
1076970 712.0
1076980 715.0
1076990 715.0
1077000 718.5
1077010 722.3
1077020 722.3
1077030 726.2
1077040 730.1
1077050 730.1
1077060 731.0
1077070 731.0
1077080 731.0
1077090 730.2
1077100 729.9
1077110 729.9
1077120 732.5
1077130 734.7
1077140 737.0
1077150 737.0
1077160 740.3
1077170 742.7
1077180 742.7
1077190 745.6
1077200 748.3
1077210 748.3
1077220 751.9
1077230 755.4
1077240 755.4
1077250 758.7
1077260 761.9
1077270 761.9
1077280 765.2
1077290 769.3
1077300 769.3
1077310 772.9
1077320 775.7
1077330 775.7
1077340 779.3
1077350 783.6
1077360 783.6
1077370 789.3
1077380 794.6
1077390 794.6
1077400 799.8
1077410 809.8
1077420 821.5
1077430 821.5
1077440 826.4
1077450 827.6
1077460 827.6
1077470 829.0
1077480 829.8
1077490 829.8
1077500 831.0
1077510 834.1
1077520 834.1
1077530 839.2
1077540 840.2
1077550 840.2
1077560 840.6
1077570 841.2
1077580 841.2
1077590 841.3
1077600 842.0
1077610 842.0
1077620 844.6
1077630 847.3
1077640 847.3
1077650 849.4
1077660 851.9
1077670 851.9
1077680 854.9
1077690 858.7
1077700 862.8
1077710 862.8
1077720 865.2
1077730 867.4
1077740 867.4
1077750 869.6
1077760 871.4
1077770 871.4
1077780 871.4
1077790 875.0
1077800 875.0
1077810 878.0
1077820 879.5
1077830 879.5
1077840 883.3
1077850 886.8
1077860 886.8
1077870 891.2
1077880 897.7
1077890 897.7
1077900 903.7
1077910 909.9
1077920 909.9
1077930 916.5
1077940 923.0
1077950 929.1
1077960 929.1
1077970 935.2
1077980 941.4
1077990 941.4
1078000 947.7
1078010 954.8
1078020 954.8
1078030 962.8
1078040 972.0
1078050 972.0
1078060 983.5
1078070 990.4
1078080 990.4
1078090 993.7
1078100 997.1
1078110 997.1
1078120 1001.3
1078130 1005.3
1078140 1005.3
1078150 1009.5
1078160 1015.0
1078170 1015.0
1078180 1019.7
1078190 1024.6
1078200 1024.6
1078210 1028.3
1078220 1030.0
1078230 1030.5
1078240 1030.5
1078250 1031.8
1078260 1033.5
1078270 1033.5
1078280 1035.8
1078290 1037.5
1078300 1037.5
1078310 1039.0
1078320 1040.2
1078330 1040.2
1078340 1040.5
1078350 1041.0
1078360 1041.0
1078370 1041.6
1078380 1042.0
1078390 1042.0
1078400 1042.3
1078410 1044.3
1078420 1044.3
1078430 1042.2
1078440 1037.7
1078450 1037.7
1078460 1033.3
1078470 1036.3
1078480 1036.3
1078490 1041.9
1078500 1044.0
1078510 1050.5
1078520 1050.5
1078530 1055.0
1078540 1060.3
1078550 1060.3
1078560 1067.5
1078570 1070.5
1078580 1070.5
1078590 1071.7
1078600 1073.0
1078610 1073.0
1078620 1076.6
1078630 1079.5
1078640 1079.5
1078650 1081.4
1078660 1082.5
1078670 1082.5
1078680 1084.9
1078690 1088.0
1078700 1088.0
1078710 1090.5
1078720 1094.1
1078730 1094.1
1078740 1097.1
1078750 1100.2
1078760 1100.2
1078770 1102.5
1078780 1105.2
1078790 1108.4
1078800 1108.4
1078810 1111.5
1078820 1114.1
1078830 1114.1
1078840 1116.2
1078850 1118.2
1078860 1118.2
1078870 1120.1
1078880 1122.8
1078890 1122.8
1078900 1124.5
1078910 1126.4
1078920 1126.4
1078930 1128.3
1078940 1130.0
1078950 1130.0
1078960 1131.9
1078970 1133.9
1078980 1133.9
1078990 1136.0
1079000 1138.2
1079010 1138.2
1079020 1140.1
1079030 1142.1
1079040 1143.4
1079050 1145.8
1079060 1147.9
1079070 1149.9
1079080 1149.9
1079090 1151.9
1079100 1154.7
1079110 1154.7
1079120 1156.8
1079130 1157.7
1079140 1157.7
1079150 1158.4
1079160 1159.8
1079170 1159.8
1079180 1160.8
1079190 1161.8
1079200 1161.8
1079210 1162.3
1079220 1162.1
1079230 1162.1
1079240 1161.1
1079250 1161.0
1079260 1161.0
1079270 1161.3
1079280 1161.2
1079290 1161.2
1079300 1161.0
1079310 1160.0
1079320 1160.0
1079330 1158.0
1079340 1156.0
1079350 1156.7
1079360 1156.7
1079370 1155.4
1079380 1154.2
1079390 1154.2
1079400 1152.9
1079410 1152.6
1079420 1152.6
1079430 1152.3
1079440 1153.6
1079450 1153.6
1079460 1157.0
1079470 1159.3
1079480 1159.3
1079490 1160.2
1079500 1159.9
1079510 1159.9
1079520 1158.0
1079530 1159.4
1079540 1159.4
1079550 1161.3
1079560 1162.4
1079570 1162.4
1079580 1162.8
1079590 1162.7
1079600 1162.7
1079610 1162.6
1079620 1162.6
1079630 1162.4
1079640 1162.4
1079650 1162.0
1079660 1161.6
1079670 1164.3
1079680 1163.8
1079690 1163.8
1079700 1163.8
1079710 1163.1
1079720 1162.6
1079730 1162.6
1079740 1162.4
1079750 1161.6
1079760 1161.6
1079770 1161.7
1079780 1158.1
1079790 1158.1
1079800 1151.3
1079810 1143.9
1079820 1143.9
1079830 1141.0
1079840 1136.2
1079850 1136.2
1079860 1135.1
1079870 1141.3
1079880 1141.3
1079890 1148.3
1079900 1153.7
1079910 1158.5
1079920 1158.5
1079930 1156.8
1079940 1151.6
1079950 1151.6
1079960 1153.9
1079970 1153.1
1079980 1159.8
1079990 1160.5
