1061060 437.5
1061070 437.5
1061080 437.5
1061090 436.8
1061100 435.9
1061110 435.9
1061120 435.5
1061130 436.5
1061140 436.5
1061150 438.7
1061160 438.9
1061170 438.9
1061180 438.5
1061190 438.2
1061200 438.2
1061210 436.8
1061220 434.5
1061230 434.5
1061240 433.1
1061250 433.1
1061260 433.8
1061270 433.8
1061280 434.2
1061290 434.2
1061300 434.2
1061310 431.8
1061320 430.0
1061330 430.0
1061340 429.4
1061350 427.8
1061360 427.8
1061370 428.6
1061380 430.8
1061390 430.8
1061400 431.7
1061410 431.9
1061420 431.9
1061430 432.3
1061440 432.6
1061450 432.6
1061460 432.9
1061470 434.2
1061480 434.2
1061490 435.7
1061500 435.7
1061510 432.2
1061520 429.9
1061530 427.9
1061540 426.3
1061550 426.3
1061560 426.2
1061570 426.2
1061580 426.2
1061590 426.1
1061600 425.9
1061610 425.9
1061620 425.8
1061630 425.7
1061640 425.7
1061650 425.7
1061660 425.7
1061670 425.7
1061680 425.6
1061690 425.6
1061700 425.6
1061710 425.6
1061720 425.5
1061730 425.5
1061740 425.5
1061750 425.4
1061760 425.4
1061770 425.4
1061780 425.4
1061790 425.4
1061800 425.4
1061810 425.4
1061820 425.9
1061830 425.9
1061840 427.7
1061850 429.7
1061860 429.7
1061870 431.0
1061880 431.5
1061890 431.8
1061900 431.8
1061910 432.2
1061920 433.3
1061930 433.3
1061940 434.9
1061950 435.5
1061960 435.5
1061970 434.5
1061980 432.2
1061990 432.2
1062000 430.7
1062010 430.0
1062020 429.6
1062030 429.6
1062040 429.7
1062050 429.9
1062060 429.9
1062070 430.0
1062080 430.1
1062090 430.1
1062100 430.1
1062110 430.1
1062120 430.1
1062130 430.0
1062140 429.8
1062150 429.9
1062160 429.6
1062170 429.8
1062180 429.8
1062190 429.8
1062200 429.8
1062210 429.8
1062220 429.8
1062230 429.6
1062240 429.6
1062250 429.5
1062260 429.5
1062270 429.4
1062280 429.3
1062290 429.3
1062300 429.5
1062310 429.4
1062320 429.4
1062330 429.4
1062340 429.5
1062350 429.5
1062360 429.6
1062370 429.5
1062380 429.5
1062390 429.5
1062400 429.5
1062410 429.4
1062420 429.4
1062430 429.3
1062440 429.3
1062450 429.3
1062460 429.4
1062470 429.5
1062480 429.5
1062490 429.6
1062500 429.6
1062510 429.6
1062520 429.6
1062530 429.6
1062540 429.5
1062550 429.5
1062560 429.5
1062570 429.5
1062580 429.5
1062590 429.2
1062600 429.2
1062610 429.2
1062620 429.2
1062630 429.1
1062640 428.8
1062650 428.8
1062660 428.6
1062670 427.9
1062680 427.9
1062690 427.5
1062700 428.2
1062710 428.2
1062720 428.8
1062730 429.0
1062740 429.0
1062750 429.1
1062760 428.9
1062770 428.8
1062780 428.8
1062790 429.0
1062800 429.2
1062810 429.1
1062820 429.2
1062830 429.2
1062840 429.2
1062850 429.3
1062860 429.2
1062870 429.2
1062880 429.2
1062890 429.1
1062900 429.0
1062910 429.0
1062920 429.0
1062930 428.9
1062940 428.9
1062950 428.8
1062960 428.7
1062970 428.7
1062980 428.7
1062990 428.7
1063000 428.7
1063010 428.7
1063020 428.6
1063030 428.6
1063040 428.6
1063050 428.6
1063060 428.7
1063070 428.7
1063080 428.7
1063090 428.7
1063100 428.7
1063110 428.7
1063120 428.7
1063130 428.7
1063140 428.6
1063150 428.6
1063160 428.6
1063170 428.5
1063180 428.5
1063190 428.5
1063200 428.5
1063210 428.4
1063220 428.1
1063230 428.1
1063240 428.0
1063250 428.1
1063260 428.1
1063270 428.2
1063280 428.2
1063290 428.2
1063300 428.2
1063310 428.4
1063320 428.4
1063330 428.5
1063340 428.5
1063350 428.5
1063360 428.4
1063370 428.3
1063380 428.3
1063390 428.4
1063400 428.4
1063410 428.4
1063420 428.2
1063430 428.7
1063440 428.7
1063450 428.7
1063460 428.8
1063470 428.9
1063480 428.9
1063490 429.1
1063500 429.1
1063510 429.1
1063520 429.1
1063530 429.1
1063540 429.1
1063550 429.1
1063560 429.1
1063570 429.1
1063580 429.2
1063590 429.2
1063600 429.2
1063610 429.2
1063620 429.3
1063630 429.3
1063640 429.2
1063650 429.3
1063660 429.3
1063670 429.1
1063680 429.2
1063690 429.2
1063700 429.3
1063710 429.3
1063720 429.3
1063730 429.2
1063740 429.4
1063750 429.5
1063760 429.5
1063770 429.4
1063780 429.4
1063790 429.4
1063800 429.5
1063810 429.4
1063820 429.4
1063830 429.5
1063840 429.6
1063850 429.6
1063860 429.7
1063870 429.6
1063880 429.6
1063890 429.3
1063900 429.3
1063910 429.3
1063920 429.6
1063930 429.7
1063940 429.7
1063950 429.6
1063960 429.7
1063970 429.7
1063980 429.9
1063990 430.2
1064000 430.2
1064010 430.2
1064020 430.2
1064030 430.1
1064040 430.1
1064050 430.1
1064060 430.4
1064070 430.4
1064080 430.4
1064090 430.4
1064100 430.4
1064110 430.5
1064120 430.7
1064130 430.7
1064140 430.7
1064150 430.7
1064160 430.7
1064170 430.6
1064180 430.7
1064190 430.7
1064200 430.9
1064210 431.0
1064220 431.0
1064230 431.2
1064240 431.2
1064250 431.2
1064260 431.2
1064270 431.3
1064280 431.3
1064290 430.9
1064300 431.1
1064310 431.4
1064320 431.4
1064330 431.4
1064340 431.2
1064350 431.2
1064360 431.3
1064370 431.3
1064380 431.3
1064390 431.3
1064400 431.2
1064410 431.2
1064420 431.3
1064430 431.2
1064440 431.2
1064450 431.3
1064460 431.5
1064470 431.5
1064480 431.5
1064490 431.6
1064500 431.6
1064510 431.6
1064520 431.6
1064530 431.6
1064540 431.7
1064550 431.8
1064560 431.8
1064570 431.8
1064580 431.9
1064590 432.1
1064600 432.1
1064610 432.2
1064620 432.2
1064630 432.2
1064640 432.3
1064650 432.4
1064660 432.4
1064670 432.5
1064680 432.5
1064690 432.5
1064700 432.6
1064710 432.8
1064720 432.8
1064730 432.8
1064740 432.9
1064750 432.9
1064760 433.5
1064770 433.6
1064780 433.6
1064790 433.8
1064800 433.5
1064810 433.5
1064820 433.5
1064830 433.6
1064840 433.6
1064850 433.7
1064860 433.8
1064870 433.9
1064880 433.9
1064890 433.9
1064900 433.8
1064910 433.8
1064920 434.0
1064930 434.0
1064940 434.0
1064950 433.9
1064960 434.0
1064970 434.0
1064980 434.1
1064990 434.0
1065000 434.0
1065010 434.3
1065020 434.3
1065030 434.4
1065040 434.3
1065050 434.5
1065060 434.5
1065070 434.6
1065080 434.3
1065090 434.3
1065100 434.0
1065110 434.1
1065120 434.1
1065130 434.6
1065140 434.5
1065150 434.7
1065160 434.7
1065170 434.8
1065180 434.8
1065190 434.8
1065200 434.8
1065210 434.9
1065220 434.9
1065230 435.1
1065240 435.1
1065250 435.1
1065260 435.1
1065270 435.3
1065280 435.3
1065290 437.4
1065300 436.6
1065310 436.6
1065320 435.4
1065330 435.3
1065340 435.3
1065350 434.1
1065360 432.1
1065370 432.1
1065380 432.0
1065390 433.4
1065400 433.4
1065410 436.0
1065420 437.1
1065430 439.3
1065440 439.3
1065450 437.9
1065460 435.9
1065470 435.9
1065480 435.1
1065490 435.0
1065500 435.0
1065510 435.0
1065520 435.1
1065530 435.1
1065540 434.4
1065550 434.4
1065560 434.4
1065570 434.7
1065580 434.9
1065590 434.9
1065600 435.1
1065610 434.9
1065620 434.9
1065630 434.9
1065640 434.6
1065650 434.6
1065660 435.0
1065670 434.9
1065680 434.9
1065690 435.0
1065700 435.1
1065710 434.9
1065720 434.9
1065730 434.8
1065740 434.7
1065750 434.7
1065760 434.8
1065770 434.8
1065780 434.8
1065790 434.8
1065800 434.8
1065810 434.8
1065820 434.6
1065830 434.5
1065840 434.5
1065850 434.6
1065860 434.7
1065870 434.7
1065880 434.7
1065890 434.8
1065900 434.8
1065910 434.7
1065920 434.6
1065930 434.6
1065940 434.7
1065950 434.6
1065960 434.6
1065970 434.7
1065980 434.6
1065990 434.5
1066000 434.5
1066010 434.5
1066020 434.4
1066030 434.4
1066040 434.3
1066050 434.3
1066060 434.3
1066070 434.3
1066080 434.3
1066090 434.3
1066100 434.2
1066110 434.1
1066120 434.1
1066130 434.1
1066140 434.0
1066150 434.0
1066160 434.0
1066170 434.0
1066180 434.0
1066190 434.0
1066200 434.0
1066210 434.0
1066220 434.1
1066230 434.0
1066240 433.9
1066250 433.9
1066260 433.8
1066270 433.9
1066280 433.9
1066290 433.9
1066300 433.8
1066310 433.8
1066320 433.3
1066330 429.5
1066340 429.5
1066350 428.0
1066360 427.8
1066370 427.8
1066380 427.8
1066390 427.8
1066400 427.8
1066410 427.8
1066420 427.8
1066430 427.8
1066440 427.8
1066450 427.8
1066460 427.8
1066470 428.8
1066480 433.0
1066490 433.0
1066500 433.1
1066510 431.8
1066520 430.6
1066530 430.6
1066540 431.9
1066550 431.0
1066560 431.0
1066570 432.2
1066580 432.6
1066590 432.6
1066600 432.8
1066610 433.3
1066620 433.3
1066630 434.6
1066640 434.9
1066650 434.9
1066660 434.5
1066670 433.8
1066680 433.8
1066690 434.1
1066700 434.1
1066710 434.1
1066720 433.8
1066730 433.7
1066740 433.7
1066750 433.6
1066760 433.1
1066770 433.1
1066780 433.6
1066790 433.9
1066800 434.1
1066810 434.1
1066820 434.1
1066830 433.5
1066840 433.5
1066850 434.1
1066860 434.1
1066870 434.1
1066880 433.9
1066890 434.0
1066900 434.0
1066910 434.0
1066920 434.2
1066930 434.2
1066940 433.9
1066950 434.0
1066960 434.0
1066970 433.9
1066980 434.0
1066990 434.0
1067000 434.0
1067010 434.0
1067020 434.0
1067030 434.1
1067040 434.2
1067050 434.2
1067060 434.2
1067070 434.3
1067080 434.3
1067090 434.3
1067100 434.4
1067110 434.2
1067120 434.2
1067130 434.2
1067140 434.1
1067150 434.1
1067160 434.1
1067170 434.1
1067180 434.1
1067190 434.0
1067200 434.1
1067210 434.1
1067220 433.9
1067230 433.9
1067240 433.9
1067250 433.6
1067260 434.0
1067270 434.0
1067280 434.1
1067290 434.0
1067300 434.0
1067310 433.9
1067320 434.0
1067330 434.0
1067340 433.8
1067350 433.6
1067360 433.9
1067370 433.9
1067380 434.0
1067390 434.1
1067400 434.1
1067410 433.9
1067420 433.8
1067430 433.8
1067440 433.6
1067450 433.5
1067460 433.6
1067470 433.6
1067480 433.9
1067490 433.9
1067500 433.8
1067510 433.8
1067520 433.8
1067530 433.8
1067540 433.8
1067550 433.8
1067560 433.9
1067570 433.9
1067580 433.9
1067590 433.9
1067600 433.7
1067610 433.7
1067620 434.0
1067630 433.9
1067640 434.2
1067650 434.2
1067660 434.8
1067670 435.4
1067680 435.4
1067690 436.5
1067700 434.2
1067710 434.2
1067720 434.9
1067730 435.8
1067740 435.8
1067750 434.2
1067760 433.9
1067770 434.0
1067780 434.0
1067790 434.1
1067800 434.1
1067810 433.9
1067820 434.0
1067830 434.0
1067840 434.1
1067850 434.2
1067860 434.2
1067870 434.3
1067880 434.2
1067890 434.2
1067900 434.1
1067910 433.9
1067920 433.7
1067930 433.7
1067940 433.6
1067950 433.2
1067960 433.2
1067970 433.1
1067980 433.5
1067990 433.5
1068000 433.3
1068010 433.0
1068020 433.0
1068030 434.3
1068040 434.1
1068050 434.1
1068060 434.0
1068070 434.0
1068080 434.0
1068090 433.5
1068100 433.0
1068110 433.0
1068120 432.8
1068130 432.8
1068140 432.8
1068150 433.7
1068160 433.8
1068170 433.8
1068180 433.8
1068190 433.8
1068200 433.9
1068210 433.9
1068220 433.9
1068230 433.9
1068240 433.9
1068250 434.0
1068260 434.2
1068270 434.2
1068280 434.1
1068290 434.1
1068300 434.1
1068310 434.1
1068320 434.0
1068330 434.0
1068340 434.0
1068350 433.9
1068360 433.9
1068370 433.9
1068380 433.9
1068390 433.9
1068400 433.9
1068410 434.0
1068420 434.0
1068430 433.9
1068440 433.8
1068450 433.8
1068460 433.8
1068470 433.9
1068480 434.0
1068490 434.0
1068500 434.0
1068510 434.0
1068520 434.0
1068530 434.2
1068540 434.3
1068550 434.3
1068560 434.3
1068570 434.4
1068580 434.4
1068590 434.6
1068600 434.8
1068610 434.8
1068620 434.9
1068630 434.8
1068640 434.8
1068650 434.8
1068660 434.9
1068670 434.9
1068680 434.9
1068690 434.9
1068700 434.9
1068710 435.0
1068720 435.0
1068730 435.0
1068740 435.0
1068750 435.1
1068760 435.1
1068770 435.1
1068780 435.2
1068790 435.3
1068800 435.3
1068810 435.3
1068820 435.4
1068830 435.4
1068840 435.6
1068850 435.6
1068860 435.6
1068870 435.6
1068880 435.4
1068890 435.4
1068900 435.4
1068910 435.5
1068920 435.5
1068930 435.6
1068940 435.7
1068950 435.7
1068960 435.8
1068970 435.9
1068980 435.9
1068990 436.2
1069000 436.3
1069010 436.3
1069020 436.4
1069030 436.5
1069040 436.5
1069050 436.5
1069060 436.7
1069070 436.8
1069080 436.8
1069090 436.9
1069100 437.0
1069110 437.0
1069120 437.1
1069130 437.3
1069140 437.3
1069150 437.4
1069160 437.5
1069170 437.5
1069180 437.7
1069190 437.9
1069200 437.9
1069210 437.9
1069220 438.0
1069230 438.0
1069240 438.1
1069250 438.2
1069260 438.2
1069270 438.4
1069280 438.5
1069290 438.7
1069300 438.6
1069310 438.7
1069320 438.8
1069330 438.8
1069340 438.8
1069350 438.9
1069360 438.9
1069370 439.0
1069380 439.0
1069390 439.0
1069400 439.1
1069410 439.2
1069420 439.2
1069430 439.3
1069440 439.3
1069450 439.3
1069460 439.2
1069470 439.1
1069480 439.1
1069490 439.5
1069500 439.5
1069510 439.5
1069520 439.7
1069530 439.7
1069540 439.7
1069550 439.7
1069560 439.6
1069570 439.5
1069580 439.5
1069590 439.6
1069600 439.6
1069610 439.6
1069620 439.7
1069630 439.8
1069640 439.8
1069650 439.8
1069660 439.9
1069670 439.9
1069680 439.9
1069690 440.0
1069700 440.0
1069710 440.1
1069720 440.1
1069730 440.1
1069740 440.2
1069750 440.3
1069760 440.3
1069770 440.3
1069780 440.3
1069790 440.3
1069800 440.3
1069810 440.6
1069820 440.6
1069830 440.7
1069840 440.7
1069850 440.8
1069860 440.8
1069870 440.9
1069880 440.8
1069890 440.8
1069900 440.9
1069910 441.3
1069920 441.3
1069930 441.3
1069940 441.4
1069950 441.4
1069960 441.0
1069970 441.1
1069980 441.1
1069990 441.6
1070000 442.1
1070010 442.1
1070020 442.1
1070030 441.9
1070040 441.9
1070050 441.7
1070060 441.6
1070070 441.6
1070080 442.1
1070090 442.3
1070100 442.3
1070110 442.2
1070120 442.1
1070130 442.3
1070140 442.3
1070150 442.3
1070160 442.4
1070170 442.4
1070180 442.4
1070190 442.4
1070200 442.4
1070210 442.4
1070220 442.5
1070230 442.5
1070240 442.5
1070250 442.6
1070260 442.6
1070270 442.8
1070280 442.8
1070290 442.8
1070300 442.9
1070310 443.1
1070320 443.1
1070330 443.3
1070340 443.5
1070350 443.5
1070360 443.5
1070370 443.3
1070380 443.3
1070390 443.2
1070400 443.2
1070410 443.2
1070420 443.2
1070430 443.1
1070440 443.1
1070450 443.1
1070460 443.1
1070470 443.2
1070480 443.2
1070490 443.4
1070500 444.2
1070510 444.2
1070520 444.6
1070530 444.8
1070540 444.8
1070550 444.7
1070560 444.7
1070570 444.7
1070580 444.4
1070590 444.3
1070600 444.3
1070610 444.4
1070620 444.5
1070630 444.5
1070640 444.6
1070650 444.7
1070660 444.7
1070670 444.8
1070680 444.9
1070690 444.9
1070700 444.9
1070710 445.0
1070720 445.0
1070730 445.0
1070740 445.1
1070750 445.2
1070760 445.2
1070770 445.3
1070780 445.5
1070790 445.5
1070800 445.8
1070810 446.0
1070820 446.0
1070830 446.2
1070840 446.5
1070850 446.5
1070860 446.7
1070870 447.0
1070880 447.0
1070890 447.2
1070900 447.3
1070910 447.3
1070920 447.3
1070930 447.3
1070940 447.3
1070950 447.4
1070960 447.4
1070970 447.4
1070980 447.4
1070990 447.4
1071000 447.5
1071010 447.5
1071020 447.8
1071030 448.0
1071040 448.0
1071050 449.0
1071060 448.9
1071070 448.9
1071080 452.1
1071090 454.5
1071100 454.5
1071110 454.3
1071120 454.1
1071130 454.1
1071140 452.6
1071150 449.2
1071160 449.2
1071170 448.6
1071180 448.8
1071190 448.8
1071200 448.9
1071210 448.9
1071220 448.9
1071230 449.0
1071240 449.3
1071250 449.7
1071260 449.7
1071270 449.8
1071280 449.6
1071290 449.6
1071300 449.7
1071310 449.8
1071320 449.8
1071330 449.9
1071340 450.1
1071350 450.1
1071360 450.2
1071370 450.3
1071380 450.3
1071390 450.4
1071400 450.5
1071410 450.5
1071420 450.7
1071430 450.8
1071440 450.8
1071450 450.8
1071460 451.0
1071470 451.0
1071480 451.2
1071490 451.3
1071500 451.3
1071510 451.4
1071520 451.6
1071530 451.7
1071540 451.7
1071550 451.9
1071560 452.3
1071570 452.3
1071580 452.5
1071590 452.6
1071600 452.6
1071610 452.5
1071620 452.6
1071630 452.6
1071640 452.7
1071650 452.8
1071660 452.8
1071670 452.9
1071680 453.0
1071690 453.0
1071700 453.2
1071710 453.3
1071720 453.3
1071730 453.4
1071740 453.5
1071750 453.5
1071760 453.5
1071770 453.6
1071780 453.6
1071790 453.9
1071800 454.1
1071810 454.4
1071820 454.4
1071830 454.4
1071840 454.6
1071850 454.6
1071860 454.6
1071870 454.7
1071880 454.7
1071890 454.8
1071900 455.2
1071910 455.2
1071920 455.1
1071930 455.2
1071940 455.2
1071950 455.4
1071960 455.6
1071970 455.6
1071980 455.6
1071990 455.8
1072000 455.8
1072010 456.6
1072020 456.6
1072030 456.6
1072040 456.4
1072050 456.4
1072060 456.4
1072070 457.1
1072080 456.8
1072090 456.9
1072100 456.9
1072110 457.1
1072120 457.3
1072130 457.3
1072140 457.5
1072150 457.5
1072160 457.5
1072170 457.9
1072180 458.2
1072190 458.2
1072200 458.1
1072210 458.1
1072220 458.1
1072230 458.2
1072240 458.2
1072250 458.2
1072260 458.3
1072270 458.4
1072280 458.4
1072290 458.3
1072300 458.6
1072310 458.6
1072320 459.0
1072330 459.8
1072340 459.9
1072350 459.9
1072360 459.8
1072370 459.7
1072380 459.6
1072390 459.6
1072400 460.2
1072410 460.2
1072420 460.8
1072430 460.7
1072440 460.7
1072450 460.8
1072460 460.4
1072470 460.4
1072480 460.5
1072490 460.6
1072500 460.6
1072510 460.8
1072520 461.1
1072530 461.1
1072540 461.2
1072550 461.3
1072560 461.3
1072570 461.5
1072580 461.8
1072590 461.8
1072600 462.0
1072610 462.2
1072620 462.4
1072630 462.4
1072640 462.5
1072650 462.7
1072660 462.7
1072670 462.9
1072680 462.8
1072690 462.8
1072700 462.9
1072710 462.9
1072720 462.9
1072730 462.9
1072740 462.9
1072750 462.9
1072760 463.6
1072770 463.5
1072780 463.5
1072790 463.1
1072800 462.9
1072810 462.9
1072820 462.9
1072830 463.9
1072840 463.9
1072850 465.0
1072860 465.2
1072870 465.2
1072880 465.0
1072890 464.6
1072900 464.7
1072910 464.7
1072920 465.0
1072930 465.3
1072940 465.3
1072950 465.4
1072960 465.9
1072970 465.9
1072980 466.2
1072990 466.3
1073000 466.3
1073010 466.5
1073020 466.7
1073030 466.7
1073040 466.6
1073050 466.5
1073060 466.5
1073070 466.7
1073080 466.8
1073090 466.8
1073100 467.0
1073110 467.6
1073120 467.6
1073130 467.6
1073140 467.7
1073150 467.7
1073160 467.8
1073170 467.9
1073180 468.0
1073190 468.0
1073200 468.5
1073210 469.0
1073220 469.0
1073230 468.8
1073240 469.1
1073250 469.1
1073260 469.4
1073270 469.3
1073280 469.3
1073290 469.2
1073300 469.2
1073310 469.2
1073320 469.3
1073330 469.7
1073340 469.7
1073350 470.1
1073360 470.3
1073370 470.3
1073380 470.5
1073390 470.8
1073400 470.8
1073410 471.4
1073420 471.4
1073430 471.4
1073440 471.5
1073450 471.6
1073460 471.8
1073470 471.8
1073480 472.1
1073490 472.2
1073500 472.2
1073510 472.4
1073520 472.5
1073530 472.5
1073540 472.7
1073550 473.0
1073560 473.0
1073570 473.3
1073580 473.5
1073590 473.5
1073600 473.8
1073610 473.8
1073620 473.8
1073630 474.1
1073640 474.4
1073650 474.4
1073660 474.7
1073670 474.8
1073680 474.8
1073690 475.2
1073700 475.4
1073710 475.4
1073720 475.6
1073730 475.6
1073740 475.5
1073750 475.5
1073760 475.4
1073770 475.5
1073780 475.5
1073790 475.7
1073800 476.0
1073810 476.0
1073820 476.3
1073830 476.9
1073840 476.9
1073850 477.3
1073860 478.0
1073870 478.0
1073880 477.9
1073890 478.5
1073900 478.5
1073910 478.5
1073920 478.6
1073930 478.6
1073940 478.5
1073950 478.0
1073960 478.0
1073970 478.2
1073980 478.7
1073990 478.7
1074000 479.1
1074010 479.1
1074020 479.2
1074030 479.2
1074040 479.4
1074050 479.6
1074060 479.6
1074070 479.8
1074080 479.8
1074090 479.8
1074100 480.2
1074110 480.2
1074120 480.2
1074130 480.4
1074140 480.5
1074150 480.5
1074160 480.8
1074170 481.1
1074180 481.1
1074190 481.5
1074200 481.8
1074210 481.8
1074220 482.5
1074230 483.1
1074240 483.1
1074250 483.1
1074260 482.9
1074270 482.9
1074280 483.0
1074290 483.4
1074300 483.6
1074310 483.6
1074320 483.8
1074330 483.9
1074340 483.9
1074350 484.0
1074360 484.1
1074370 484.1
1074380 484.3
1074390 484.8
1074400 484.8
1074410 485.1
1074420 485.2
1074430 485.2
1074440 485.1
1074450 484.7
1074460 484.7
1074470 484.8
1074480 485.2
1074490 485.2
1074500 485.5
1074510 485.6
1074520 485.6
1074530 486.2
1074540 486.7
1074550 486.7
1074560 486.5
1074570 486.6
1074580 486.8
1074590 486.8
1074600 487.2
1074610 487.7
1074620 487.7
1074630 488.1
1074640 488.4
1074650 488.4
1074660 488.3
1074670 488.2
1074680 488.2
1074690 488.4
1074700 488.5
1074710 488.5
1074720 488.6
1074730 488.8
1074740 488.8
1074750 488.9
1074760 489.1
1074770 489.1
1074780 489.4
1074790 489.5
1074800 489.5
1074810 489.7
1074820 489.9
1074830 490.0
1074840 490.0
1074850 490.3
1074860 490.6
1074870 490.6
1074880 491.3
1074890 493.4
1074900 493.4
1074910 496.1
1074920 498.0
1074930 498.0
1074940 499.2
1074950 500.8
1074960 500.8
1074970 502.8
1074980 504.7
1074990 504.7
1075000 506.4
1075010 507.6
1075020 507.6
1075030 507.8
1075040 506.8
1075050 506.8
1075060 506.1
1075070 505.8
1075080 505.8
1075090 508.4
1075100 509.6
1075110 509.8
1075120 509.8
1075130 509.8
1075140 509.3
1075150 509.3
1075160 506.7
1075170 512.8
1075180 512.8
1075190 513.0
1075200 511.2
1075210 511.2
1075220 502.7
1075230 501.6
1075240 501.6
1075250 500.4
1075260 496.2
1075270 496.2
1075280 493.7
1075290 497.3
1075300 497.3
1075310 502.8
1075320 504.7
1075330 504.7
1075340 514.1
1075350 524.3
1075360 524.3
1075370 529.2
1075380 532.6
1075390 534.5
1075400 534.5
1075410 535.9
1075420 538.4
1075430 538.4
1075440 539.1
1075450 540.9
1075460 540.9
1075470 544.4
1075480 549.0
1075490 549.0
1075500 549.8
1075510 552.3
1075520 552.3
1075530 555.3
1075540 555.8
1075550 555.8
1075560 557.2
1075570 560.6
1075580 560.6
1075590 565.2
1075600 566.7
1075610 566.7
1075620 566.6
1075630 566.1
1075640 566.1
1075650 567.2
1075660 569.9
1075670 570.6
1075680 570.6
1075690 570.1
1075700 570.1
1075710 570.1
1075720 569.6
1075730 568.0
1075740 568.0
1075750 566.6
1075760 566.2
1075770 566.2
1075780 566.3
1075790 566.2
1075800 566.2
1075810 566.6
1075820 567.1
1075830 567.1
1075840 567.7
1075850 568.4
1075860 568.4
1075870 569.4
1075880 570.1
1075890 570.1
1075900 571.0
1075910 571.9
1075920 571.9
1075930 572.9
1075940 574.1
1075950 575.3
1075960 575.3
1075970 576.6
1075980 578.0
1075990 578.0
1076000 579.6
1076010 581.2
1076020 581.2
1076030 582.9
1076040 584.9
1076050 584.9
1076060 586.5
1076070 589.8
1076080 589.8
1076090 592.5
1076100 595.8
1076110 595.8
1076120 599.0
1076130 603.0
1076140 603.0
1076150 607.1
1076160 609.3
1076170 609.3
1076180 610.9
1076190 613.3
1076200 613.3
1076210 617.6
1076220 622.7
1076230 628.1
1076240 628.1
1076250 634.1
1076260 640.4
1076270 640.4
1076280 646.2
1076290 651.5
1076300 651.5
1076310 653.3
1076320 651.5
1076330 651.5
1076340 647.4
1076350 645.6
1076360 645.6
1076370 646.4
1076380 648.1
1076390 648.1
1076400 650.0
1076410 653.9
1076420 653.9
1076430 655.7
1076440 657.6
1076450 657.6
1076460 658.3
1076470 658.8
1076480 658.8
1076490 659.9
1076500 661.2
1076510 662.2
1076520 662.2
1076530 664.6
1076540 667.5
1076550 667.5
1076560 669.5
1076570 672.3
1076580 672.3
1076590 676.4
1076600 678.6
1076610 678.6
1076620 680.7
1076630 683.3
1076640 683.3
1076650 687.2
1076660 692.4
1076670 692.4
1076680 697.9
1076690 703.1
1076700 703.1
1076710 708.4
1076720 715.3
1076730 715.3
1076740 716.2
1076750 716.3
1076760 716.3
1076770 716.3
1076780 716.4
1076790 716.5
1076800 716.5
1076810 716.8
1076820 717.1
1076830 717.1
1076840 717.1
1076850 716.9
1076860 716.9
1076870 716.9
1076880 717.1
1076890 717.1
1076900 717.2
1076910 717.5
1076920 717.5
1076930 718.2
1076940 719.5
1076950 719.5
1076960 722.5
1076970 727.2
1076980 727.2
1076990 730.1
1077000 733.6
1077010 733.6
1077020 737.4
1077030 741.7
1077040 742.7
1077050 744.3
1077060 744.8
1077070 746.7
1077080 746.7
1077090 749.2
1077100 753.5
1077110 753.5
1077120 758.5
1077130 764.2
1077140 764.2
1077150 770.5
1077160 777.5
1077170 777.5
1077180 782.4
1077190 786.4
1077200 786.4
1077210 789.8
1077220 794.1
1077230 794.1
1077240 797.9
1077250 799.3
1077260 799.3
1077270 800.3
1077280 801.4
1077290 801.4
1077300 802.8
1077310 804.5
1077320 806.4
1077330 806.4
1077340 808.6
1077350 815.8
1077360 815.8
1077370 817.5
1077380 818.2
1077390 818.2
1077400 820.5
1077410 821.0
1077420 821.0
1077430 821.3
1077440 821.9
1077450 821.9
1077460 822.5
1077470 822.5
1077480 822.5
1077490 823.3
1077500 823.8
1077510 823.8
1077520 824.8
1077530 826.4
1077540 826.4
1077550 828.3
1077560 830.8
1077570 830.8
1077580 833.5
1077590 836.7
1077600 841.4
1077610 841.4
1077620 845.4
1077630 850.2
1077640 850.2
1077650 855.1
1077660 857.9
1077670 857.9
1077680 861.1
1077690 864.9
1077700 864.9
1077710 868.5
1077720 873.1
1077730 873.1
1077740 879.3
1077750 884.8
1077760 884.8
1077770 890.7
1077780 897.3
1077790 897.3
1077800 903.8
1077810 908.9
1077820 908.9
1077830 916.9
1077840 925.7
1077850 925.7
1077860 933.9
1077870 941.8
1077880 948.7
1077890 948.7
1077900 953.1
1077910 956.5
1077920 956.5
1077930 959.6
1077940 962.9
1077950 962.9
1077960 965.8
1077970 969.6
1077980 969.6
1077990 973.2
1078000 977.6
1078010 977.6
1078020 982.3
1078030 987.5
1078040 987.5
1078050 993.0
1078060 997.6
1078070 997.6
1078080 1002.2
1078090 1008.4
1078100 1008.4
1078110 1013.6
1078120 1019.0
1078130 1019.0
1078140 1025.3
1078150 1029.5
1078160 1032.2
1078170 1032.2
1078180 1034.3
1078190 1036.0
1078200 1036.0
1078210 1037.8
1078220 1041.0
1078230 1041.0
1078240 1045.5
1078250 1051.8
1078260 1051.8
1078270 1057.9
1078280 1061.7
1078290 1060.3
1078300 1064.9
1078310 1070.8
1078320 1070.8
1078330 1078.6
1078340 1085.7
1078350 1085.7
1078360 1104.8
1078370 1124.4
1078380 1124.4
1078390 1128.2
1078400 1128.7
1078410 1128.7
1078420 1129.8
1078430 1131.0
1078440 1132.6
1078450 1132.6
1078460 1134.5
1078470 1136.9
1078480 1136.9
1078490 1139.5
1078500 1141.4
1078510 1141.4
1078520 1142.8
1078530 1144.0
1078540 1144.0
1078550 1144.5
1078560 1145.2
1078570 1145.2
1078580 1146.0
1078590 1146.5
1078600 1147.5
1078610 1147.6
1078620 1146.9
1078630 1146.9
1078640 1145.1
1078650 1142.9
1078660 1142.9
1078670 1141.4
1078680 1141.6
1078690 1141.6
1078700 1141.9
1078710 1141.7
1078720 1143.3
1078730 1143.3
1078740 1145.5
1078750 1147.2
1078760 1147.2
1078770 1148.1
1078780 1148.3
1078790 1148.3
1078800 1148.2
1078810 1147.8
1078820 1147.8
1078830 1147.6
1078840 1147.3
1078850 1147.3
1078860 1146.3
1078870 1144.7
1078880 1144.7
1078890 1142.8
1078900 1141.0
1078910 1141.0
1078920 1141.4
1078930 1140.1
1078940 1140.1
1078950 1139.3
1078960 1139.2
1078970 1139.2
1078980 1139.3
1078990 1139.6
1079000 1139.9
1079010 1139.9
1079020 1140.8
1079030 1141.8
1079040 1141.8
1079050 1142.8
1079060 1143.7
1079070 1143.7
1079080 1145.3
1079090 1147.0
1079100 1147.0
1079110 1148.6
1079120 1150.6
1079130 1150.6
1079140 1153.2
1079150 1155.7
1079160 1155.7
1079170 1158.5
1079180 1161.5
1079190 1161.5
1079200 1164.8
1079210 1168.7
1079220 1168.7
1079230 1172.3
1079240 1176.9
1079250 1176.9
1079260 1180.0
1079270 1182.8
1079280 1186.6
1079290 1186.6
1079300 1190.9
1079310 1195.8
1079320 1195.8
1079330 1200.1
1079340 1205.0
1079350 1205.0
1079360 1209.9
1079370 1216.1
1079380 1216.1
1079390 1222.9
1079400 1228.3
1079410 1228.3
1079420 1231.0
1079430 1231.1
1079440 1231.1
1079450 1231.4
1079460 1232.2
1079470 1232.2
1079480 1232.2
1079490 1230.5
1079500 1230.5
1079510 1228.2
1079520 1226.6
1079530 1226.6
1079540 1227.1
1079550 1225.6
1079560 1222.8
1079570 1222.8
1079580 1221.5
1079590 1219.9
1079600 1219.9
1079610 1218.0
1079620 1217.8
1079630 1217.8
1079640 1217.3
1079650 1217.1
1079660 1217.1
1079670 1216.7
1079680 1216.9
1079690 1216.9
1079700 1217.7
1079710 1219.1
1079720 1219.1
1079730 1220.6
1079740 1222.7
1079750 1222.7
1079760 1227.2
1079770 1230.2
1079780 1230.2
1079790 1234.5
1079800 1238.8
1079810 1242.2
1079820 1242.2
1079830 1245.3
1079840 1248.1
1079850 1248.1
1079860 1253.9
1079870 1256.1
1079880 1256.1
1079890 1258.3
1079900 1260.6
1079910 1260.6
1079920 1262.9
1079930 1264.5
1079940 1264.5
1079950 1267.5
1079960 1270.8
1079970 1270.8
1079980 1274.5
1079990 1277.6
