1062770 426.8
1062780 426.8
1062790 426.8
1062800 426.7
1062810 426.7
1062820 426.8
1062830 426.9
1062840 426.9
1062850 426.9
1062860 427.1
1062870 427.5
1062880 427.5
1062890 428.4
1062900 429.3
1062910 429.3
1062920 429.4
1062930 429.5
1062940 429.5
1062950 430.1
1062960 433.5
1062970 433.5
1062980 433.7
1062990 429.8
1063000 427.5
1063010 427.5
1063020 424.7
1063030 424.3
1063040 424.3
1063050 424.4
1063060 424.5
1063070 424.5
1063080 424.5
1063090 424.3
1063100 424.3
1063110 424.1
1063120 423.9
1063130 423.7
1063140 423.7
1063150 423.7
1063160 423.8
1063170 423.8
1063180 423.8
1063190 423.8
1063200 423.8
1063210 423.9
1063220 426.6
1063230 426.6
1063240 429.3
1063250 429.8
1063260 429.8
1063270 430.0
1063280 430.1
1063290 430.1
1063300 430.6
1063310 432.9
1063320 432.9
1063330 432.9
1063340 429.7
1063350 429.7
1063360 428.0
1063370 427.8
1063380 427.8
1063390 427.5
1063400 427.2
1063410 427.8
1063420 427.8
1063430 426.7
1063440 427.7
1063450 427.7
1063460 428.5
1063470 428.7
1063480 428.7
1063490 428.5
1063500 428.4
1063510 428.4
1063520 428.4
1063530 428.6
1063540 428.6
1063550 428.3
1063560 428.2
1063570 428.2
1063580 428.1
1063590 428.0
1063600 428.0
1063610 427.9
1063620 427.9
1063630 427.9
1063640 427.9
1063650 427.9
1063660 427.9
1063670 428.0
1063680 427.9
1063690 427.9
1063700 427.9
1063710 427.8
1063720 427.7
1063730 427.7
1063740 427.8
1063750 427.8
1063760 427.8
1063770 427.9
1063780 427.9
1063790 427.9
1063800 428.0
1063810 428.0
1063820 428.0
1063830 427.8
1063840 427.8
1063850 427.8
1063860 427.8
1063870 427.8
1063880 427.8
1063890 427.8
1063900 427.9
1063910 427.9
1063920 427.9
1063930 427.9
1063940 427.9
1063950 428.0
1063960 428.0
1063970 428.0
1063980 428.0
1063990 428.1
1064000 428.0
1064010 428.0
1064020 428.1
1064030 428.3
1064040 428.3
1064050 428.2
1064060 428.0
1064070 428.0
1064080 428.0
1064090 428.2
1064100 428.2
1064110 428.2
1064120 427.8
1064130 427.8
1064140 427.9
1064150 428.2
1064160 428.2
1064170 428.1
1064180 428.2
1064190 428.2
1064200 428.4
1064210 428.4
1064220 428.4
1064230 428.4
1064240 428.5
1064250 428.6
1064260 428.6
1064270 428.7
1064280 428.8
1064290 428.8
1064300 428.9
1064310 429.0
1064320 429.0
1064330 429.1
1064340 429.1
1064350 429.1
1064360 429.3
1064370 429.6
1064380 429.6
1064390 429.6
1064400 429.8
1064410 429.8
1064420 429.9
1064430 430.0
1064440 430.0
1064450 430.0
1064460 430.0
1064470 430.0
1064480 430.0
1064490 430.0
1064500 430.0
1064510 430.0
1064520 430.1
1064530 430.1
1064540 430.1
1064550 430.2
1064560 430.2
1064570 430.2
1064580 430.2
1064590 430.3
1064600 430.3
1064610 430.3
1064620 430.4
1064630 430.4
1064640 430.5
1064650 430.6
1064660 430.6
1064670 430.8
1064680 431.1
1064690 431.1
1064700 431.0
1064710 432.0
1064720 432.0
1064730 434.0
1064740 432.5
1064750 432.5
1064760 432.0
1064770 431.6
1064780 432.0
1064790 430.4
1064800 430.1
1064810 430.1
1064820 430.1
1064830 430.9
1064840 432.9
1064850 432.9
1064860 434.3
1064870 436.1
1064880 436.1
1064890 434.2
1064900 431.3
1064910 431.3
1064920 431.1
1064930 431.2
1064940 431.2
1064950 431.1
1064960 430.7
1064970 430.7
1064980 430.8
1064990 430.9
1065000 430.9
1065010 430.8
1065020 430.7
1065030 430.7
1065040 430.8
1065050 430.8
1065060 430.8
1065070 430.7
1065080 430.7
1065090 430.7
1065100 430.7
1065110 430.6
1065120 430.6
1065130 430.6
1065140 430.7
1065150 430.7
1065160 430.7
1065170 430.7
1065180 430.8
1065190 430.8
1065200 430.7
1065210 430.6
1065220 430.6
1065230 430.6
1065240 430.6
1065250 430.6
1065260 430.5
1065270 430.5
1065280 430.5
1065290 430.1
1065300 430.3
1065310 430.3
1065320 430.5
1065330 430.2
1065340 430.2
1065350 430.2
1065360 430.6
1065370 430.4
1065380 430.4
1065390 430.4
1065400 430.2
1065410 430.2
1065420 429.4
1065430 429.1
1065440 429.1
1065450 429.1
1065460 429.3
1065470 429.3
1065480 429.4
1065490 429.8
1065500 429.8
1065510 429.9
1065520 430.3
1065530 430.3
1065540 430.4
1065550 430.3
1065560 430.3
1065570 430.3
1065580 430.3
1065590 430.3
1065600 430.2
1065610 430.2
1065620 430.2
1065630 429.8
1065640 429.9
1065650 429.6
1065660 429.6
1065670 429.5
1065680 429.5
1065690 429.6
1065700 429.6
1065710 429.5
1065720 429.5
1065730 429.4
1065740 429.4
1065750 429.4
1065760 429.4
1065770 429.4
1065780 429.4
1065790 429.3
1065800 429.4
1065810 429.4
1065820 429.4
1065830 429.4
1065840 429.4
1065850 429.6
1065860 429.5
1065870 429.5
1065880 429.4
1065890 429.5
1065900 429.5
1065910 429.3
1065920 429.1
1065930 429.2
1065940 429.2
1065950 429.3
1065960 429.3
1065970 429.3
1065980 429.3
1065990 429.3
1066000 429.3
1066010 429.3
1066020 429.4
1066030 429.4
1066040 429.5
1066050 429.0
1066060 429.0
1066070 429.1
1066080 429.1
1066090 429.1
1066100 429.2
1066110 429.2
1066120 429.2
1066130 429.2
1066140 429.2
1066150 429.2
1066160 429.2
1066170 429.2
1066180 429.2
1066190 429.1
1066200 428.9
1066210 428.7
1066220 428.7
1066230 428.8
1066240 428.9
1066250 428.9
1066260 428.9
1066270 428.5
1066280 428.5
1066290 428.7
1066300 428.7
1066310 428.7
1066320 428.7
1066330 428.8
1066340 428.8
1066350 428.9
1066360 428.9
1066370 428.9
1066380 428.7
1066390 428.4
1066400 428.4
1066410 430.4
1066420 431.8
1066430 431.8
1066440 430.5
1066450 429.9
1066460 429.9
1066470 433.1
1066480 433.7
1066490 430.6
1066500 430.6
1066510 430.8
1066520 428.9
1066530 428.9
1066540 428.9
1066550 430.4
1066560 430.4
1066570 431.4
1066580 431.9
1066590 431.9
1066600 429.8
1066610 429.4
1066620 429.4
1066630 429.1
1066640 429.1
1066650 429.1
1066660 429.2
1066670 429.1
1066680 429.1
1066690 429.1
1066700 429.0
1066710 429.0
1066720 429.0
1066730 428.9
1066740 428.9
1066750 428.9
1066760 428.9
1066770 428.9
1066780 428.9
1066790 428.9
1066800 429.0
1066810 429.0
1066820 429.1
1066830 428.9
1066840 428.9
1066850 429.0
1066860 429.0
1066870 429.0
1066880 429.0
1066890 429.0
1066900 429.0
1066910 429.1
1066920 429.1
1066930 429.1
1066940 429.1
1066950 429.1
1066960 429.1
1066970 429.1
1066980 429.0
1066990 429.0
1067000 429.0
1067010 428.9
1067020 428.9
1067030 429.2
1067040 429.4
1067050 429.1
1067060 429.1
1067070 429.2
1067080 429.3
1067090 429.3
1067100 429.5
1067110 429.8
1067120 429.8
1067130 429.9
1067140 430.0
1067150 430.0
1067160 430.0
1067170 430.0
1067180 430.0
1067190 430.1
1067200 430.0
1067210 430.1
1067220 430.1
1067230 429.9
1067240 429.9
1067250 429.8
1067260 429.6
1067270 429.6
1067280 429.5
1067290 429.4
1067300 429.4
1067310 429.2
1067320 429.5
1067330 429.8
1067340 429.8
1067350 430.1
1067360 430.1
1067370 430.1
1067380 429.8
1067390 429.7
1067400 429.7
1067410 429.6
1067420 429.3
1067430 429.3
1067440 429.2
1067450 429.3
1067460 429.3
1067470 429.3
1067480 429.2
1067490 429.2
1067500 429.2
1067510 429.3
1067520 429.8
1067530 429.9
1067540 430.2
1067550 430.2
1067560 430.6
1067570 430.7
1067580 430.7
1067590 430.7
1067600 430.6
1067610 430.7
1067620 430.7
1067630 430.8
1067640 430.8
1067650 430.8
1067660 430.4
1067670 430.2
1067680 430.2
1067690 430.5
1067700 430.1
1067710 430.1
1067720 429.9
1067730 429.5
1067740 429.5
1067750 429.5
1067760 429.6
1067770 429.6
1067780 429.6
1067790 429.8
1067800 429.8
1067810 429.6
1067820 429.8
1067830 429.8
1067840 429.6
1067850 429.5
1067860 429.5
1067870 429.4
1067880 429.3
1067890 429.3
1067900 429.3
1067910 429.3
1067920 429.1
1067930 429.1
1067940 429.1
1067950 428.9
1067960 428.9
1067970 428.9
1067980 429.2
1067990 429.2
1068000 429.2
1068010 429.1
1068020 429.1
1068030 429.1
1068040 429.1
1068050 429.1
1068060 428.5
1068070 428.6
1068080 428.6
1068090 428.9
1068100 428.7
1068110 428.7
1068120 428.8
1068130 429.0
1068140 429.0
1068150 429.1
1068160 429.1
1068170 429.1
1068180 429.1
1068190 429.3
1068200 429.7
1068210 429.7
1068220 429.8
1068230 430.0
1068240 430.0
1068250 430.2
1068260 430.3
1068270 430.3
1068280 430.4
1068290 430.6
1068300 430.6
1068310 430.7
1068320 430.8
1068330 430.8
1068340 430.8
1068350 430.8
1068360 430.8
1068370 430.9
1068380 431.0
1068390 431.0
1068400 431.0
1068410 431.1
1068420 431.1
1068430 431.1
1068440 431.1
1068450 431.2
1068460 431.2
1068470 431.3
1068480 431.5
1068490 431.5
1068500 431.5
1068510 431.5
1068520 431.5
1068530 431.6
1068540 431.6
1068550 431.6
1068560 431.7
1068570 431.9
1068580 431.9
1068590 432.0
1068600 432.1
1068610 432.1
1068620 432.1
1068630 432.2
1068640 432.2
1068650 432.2
1068660 432.2
1068670 432.2
1068680 432.3
1068690 432.4
1068700 432.4
1068710 432.6
1068720 432.6
1068730 432.3
1068740 432.5
1068750 432.4
1068760 432.6
1068770 432.6
1068780 432.9
1068790 433.1
1068800 433.1
1068810 433.2
1068820 433.2
1068830 433.2
1068840 433.2
1068850 433.3
1068860 433.3
1068870 433.3
1068880 433.5
1068890 433.5
1068900 433.7
1068910 433.6
1068920 433.6
1068930 433.7
1068940 433.8
1068950 433.8
1068960 433.9
1068970 434.1
1068980 434.1
1068990 434.2
1069000 434.5
1069010 434.3
1069020 434.3
1069030 434.3
1069040 434.4
1069050 434.4
1069060 434.5
1069070 434.5
1069080 434.5
1069090 434.6
1069100 434.6
1069110 434.6
1069120 434.7
1069130 434.7
1069140 434.7
1069150 434.8
1069160 434.8
1069170 434.8
1069180 434.9
1069190 434.9
1069200 434.9
1069210 435.0
1069220 435.0
1069230 435.0
1069240 435.1
1069250 435.2
1069260 435.2
1069270 435.3
1069280 435.4
1069290 435.5
1069300 435.5
1069310 435.6
1069320 435.6
1069330 435.6
1069340 435.7
1069350 435.8
1069360 435.8
1069370 436.0
1069380 436.0
1069390 436.0
1069400 436.0
1069410 435.9
1069420 435.9
1069430 435.9
1069440 436.0
1069450 436.0
1069460 436.1
1069470 436.1
1069480 436.1
1069490 436.2
1069500 436.2
1069510 436.2
1069520 436.3
1069530 436.3
1069540 436.3
1069550 436.4
1069560 436.5
1069570 436.6
1069580 436.6
1069590 436.7
1069600 436.8
1069610 436.8
1069620 436.9
1069630 437.0
1069640 437.0
1069650 437.0
1069660 437.1
1069670 437.1
1069680 437.1
1069690 437.1
1069700 437.1
1069710 437.2
1069720 437.2
1069730 437.2
1069740 437.3
1069750 437.4
1069760 437.4
1069770 437.4
1069780 437.5
1069790 437.5
1069800 437.6
1069810 437.7
1069820 437.7
1069830 437.8
1069840 437.8
1069850 437.9
1069860 437.9
1069870 438.1
1069880 438.2
1069890 438.2
1069900 438.4
1069910 438.5
1069920 438.5
1069930 438.5
1069940 438.5
1069950 438.5
1069960 438.5
1069970 438.8
1069980 438.8
1069990 439.2
1070000 439.8
1070010 439.8
1070020 440.0
1070030 439.6
1070040 439.6
1070050 439.5
1070060 439.4
1070070 439.4
1070080 439.5
1070090 439.4
1070100 439.4
1070110 439.6
1070120 439.7
1070130 439.4
1070140 439.4
1070150 439.4
1070160 439.5
1070170 439.5
1070180 439.5
1070190 439.4
1070200 439.4
1070210 439.8
1070220 440.5
1070230 440.5
1070240 440.7
1070250 440.3
1070260 440.3
1070270 440.2
1070280 440.6
1070290 440.6
1070300 440.6
1070310 440.5
1070320 440.5
1070330 440.5
1070340 440.8
1070350 440.8
1070360 440.5
1070370 440.1
1070380 440.1
1070390 440.9
1070400 441.3
1070410 441.7
1070420 441.7
1070430 442.2
1070440 443.2
1070450 443.2
1070460 444.1
1070470 443.5
1070480 443.5
1070490 442.6
1070500 442.3
1070510 442.3
1070520 442.3
1070530 442.4
1070540 442.4
1070550 442.4
1070560 442.6
1070570 442.6
1070580 442.3
1070590 442.3
1070600 442.3
1070610 442.1
1070620 442.2
1070630 442.2
1070640 442.2
1070650 442.5
1070660 442.5
1070670 442.8
1070680 443.0
1070690 443.0
1070700 443.0
1070710 443.0
1070720 443.1
1070730 443.1
1070740 443.1
1070750 443.3
1070760 443.3
1070770 444.0
1070780 443.8
1070790 443.8
1070800 443.9
1070810 444.7
1070820 444.7
1070830 445.0
1070840 444.6
1070850 444.6
1070860 444.1
1070870 444.3
1070880 444.3
1070890 444.3
1070900 444.6
1070910 444.6
1070920 444.6
1070930 444.7
1070940 444.7
1070950 444.8
1070960 444.9
1070970 445.1
1070980 445.1
1070990 445.3
1071000 445.4
1071010 445.4
1071020 445.9
1071030 446.4
1071040 446.4
1071050 446.2
1071060 446.2
1071070 446.2
1071080 446.4
1071090 446.6
1071100 446.6
1071110 446.6
1071120 446.8
1071130 446.8
1071140 446.9
1071150 447.0
1071160 447.0
1071170 447.1
1071180 447.2
1071190 447.2
1071200 447.1
1071210 447.2
1071220 447.2
1071230 447.3
1071240 447.3
1071250 447.4
1071260 447.4
1071270 447.6
1071280 447.7
1071290 447.7
1071300 447.9
1071310 448.2
1071320 448.2
1071330 448.5
1071340 448.8
1071350 448.8
1071360 449.0
1071370 449.1
1071380 449.1
1071390 449.2
1071400 449.2
1071410 449.2
1071420 449.2
1071430 449.4
1071440 449.4
1071450 449.6
1071460 452.2
1071470 452.2
1071480 456.5
1071490 457.5
1071500 457.5
1071510 457.4
1071520 457.3
1071530 453.0
1071540 453.0
1071550 450.7
1071560 451.1
1071570 451.1
1071580 451.1
1071590 451.2
1071600 451.2
1071610 451.3
1071620 451.4
1071630 451.4
1071640 451.5
1071650 451.6
1071660 451.6
1071670 451.7
1071680 451.9
1071690 451.9
1071700 452.1
1071710 452.3
1071720 452.3
1071730 452.7
1071740 453.0
1071750 453.0
1071760 453.2
1071770 453.5
1071780 453.5
1071790 453.7
1071800 453.8
1071810 453.9
1071820 453.8
1071830 454.0
1071840 454.1
1071850 454.1
1071860 454.2
1071870 454.4
1071880 454.4
1071890 454.6
1071900 454.7
1071910 454.7
1071920 454.9
1071930 455.0
1071940 455.0
1071950 455.1
1071960 455.2
1071970 455.2
1071980 455.4
1071990 455.7
1072000 455.7
1072010 456.0
1072020 456.4
1072030 456.4
1072040 456.8
1072050 457.4
1072060 457.4
1072070 457.7
1072080 457.8
1072090 457.9
1072100 457.9
1072110 457.9
1072120 457.8
1072130 457.8
1072140 457.8
1072150 457.8
1072160 457.8
1072170 457.8
1072180 457.8
1072190 457.8
1072200 457.8
1072210 457.8
1072220 457.8
1072230 457.9
1072240 458.1
1072250 458.1
1072260 458.5
1072270 458.6
1072280 458.6
1072290 458.5
1072300 458.6
1072310 458.6
1072320 458.8
1072330 459.0
1072340 459.0
1072350 459.0
1072360 459.1
1072370 459.2
1072380 459.2
1072390 459.3
1072400 459.5
1072410 459.5
1072420 459.9
1072430 460.8
1072440 460.8
1072450 464.1
1072460 463.1
1072470 463.1
1072480 460.6
1072490 460.3
1072500 460.3
1072510 460.2
1072520 460.4
1072530 460.4
1072540 460.6
1072550 460.6
1072560 460.6
1072570 460.7
1072580 460.8
1072590 460.8
1072600 460.9
1072610 461.1
1072620 461.1
1072630 461.2
1072640 461.4
1072650 461.5
1072660 461.5
1072670 461.7
1072680 461.8
1072690 461.8
1072700 461.9
1072710 462.1
1072720 462.1
1072730 462.2
1072740 462.3
1072750 462.3
1072760 462.5
1072770 462.8
1072780 462.8
1072790 463.1
1072800 463.4
1072810 463.4
1072820 463.5
1072830 463.6
1072840 463.6
1072850 463.7
1072860 463.8
1072870 463.8
1072880 464.1
1072890 464.2
1072900 464.2
1072910 464.4
1072920 464.6
1072930 464.7
1072940 464.7
1072950 464.9
1072960 465.0
1072970 465.0
1072980 465.1
1072990 465.2
1073000 465.2
1073010 465.5
1073020 465.6
1073030 465.6
1073040 465.7
1073050 465.9
1073060 465.9
1073070 466.1
1073080 466.3
1073090 466.3
1073100 466.5
1073110 466.8
1073120 466.8
1073130 467.0
1073140 467.1
1073150 467.1
1073160 467.2
1073170 467.4
1073180 467.4
1073190 467.8
1073200 468.0
1073210 468.1
1073220 468.1
1073230 468.3
1073240 468.5
1073250 468.5
1073260 468.9
1073270 469.7
1073280 469.7
1073290 470.2
1073300 470.0
1073310 470.0
1073320 468.9
1073330 467.1
1073340 467.1
1073350 465.8
1073360 466.6
1073370 466.6
1073380 465.7
1073390 465.6
1073400 465.6
1073410 466.4
1073420 468.2
1073430 468.2
1073440 470.3
1073450 471.5
1073460 471.5
1073470 471.6
1073480 471.7
1073490 471.8
1073500 471.8
1073510 471.9
1073520 472.0
1073530 472.0
1073540 472.1
1073550 472.1
1073560 472.1
1073570 472.0
1073580 472.0
1073590 472.0
1073600 471.9
1073610 471.8
1073620 471.8
1073630 471.5
1073640 471.1
1073650 471.1
1073660 470.9
1073670 471.2
1073680 471.2
1073690 472.0
1073700 472.2
1073710 472.2
1073720 472.3
1073730 472.5
1073740 472.5
1073750 472.7
1073760 472.9
1073770 472.7
1073780 472.7
1073790 472.9
1073800 473.0
1073810 473.0
1073820 472.8
1073830 472.8
1073840 472.8
1073850 472.9
1073860 472.9
1073870 472.9
1073880 472.8
1073890 473.1
1073900 473.1
1073910 473.3
1073920 473.2
1073930 473.2
1073940 474.2
1073950 475.4
1073960 475.4
1073970 476.2
1073980 475.4
1073990 475.4
1074000 476.6
1074010 477.3
1074020 477.3
1074030 477.3
1074040 477.3
1074050 477.3
1074060 477.3
1074070 477.3
1074080 477.5
1074090 477.5
1074100 477.7
1074110 477.9
1074120 477.9
1074130 478.1
1074140 478.4
1074150 478.4
1074160 478.6
1074170 478.7
1074180 478.7
1074190 478.9
1074200 478.9
1074210 478.9
1074220 479.0
1074230 479.7
1074240 479.7
1074250 479.9
1074260 480.0
1074270 480.0
1074280 480.2
1074290 480.6
1074300 480.6
1074310 481.0
1074320 481.3
1074330 481.3
1074340 481.3
1074350 481.5
1074360 481.9
1074370 481.9
1074380 482.1
1074390 482.1
1074400 482.1
1074410 482.4
1074420 482.7
1074430 482.7
1074440 482.9
1074450 483.0
1074460 483.0
1074470 483.1
1074480 483.3
1074490 483.3
1074500 483.4
1074510 483.7
1074520 483.7
1074530 484.4
1074540 484.7
1074550 484.7
1074560 484.7
1074570 485.2
1074580 485.2
1074590 485.5
1074600 485.3
1074610 485.6
1074620 485.6
1074630 485.7
1074640 485.6
1074650 485.6
1074660 485.7
1074670 485.9
1074680 485.9
1074690 486.1
1074700 486.6
1074710 486.6
1074720 487.3
1074730 487.5
1074740 487.5
1074750 487.7
1074760 487.8
1074770 487.8
1074780 488.2
1074790 489.0
1074800 489.0
1074810 490.0
1074820 489.8
1074830 489.8
1074840 489.5
1074850 489.4
1074860 489.4
1074870 489.1
1074880 489.4
1074890 489.6
1074900 489.6
1074910 489.8
1074920 490.1
1074930 490.1
1074940 490.4
1074950 490.9
1074960 490.9
1074970 491.3
1074980 491.1
1074990 491.1
1075000 490.9
1075010 490.9
1075020 490.9
1075030 490.9
1075040 491.2
1075050 491.2
1075060 491.4
1075070 491.5
1075080 491.5
1075090 491.1
1075100 490.0
1075110 490.0
1075120 489.3
1075130 489.4
1075140 489.4
1075150 490.1
1075160 492.4
1075170 493.3
1075180 493.3
1075190 492.7
1075200 492.8
1075210 492.8
1075220 493.0
1075230 493.1
1075240 493.1
1075250 493.2
1075260 493.2
1075270 493.2
1075280 493.5
1075290 494.3
1075300 494.3
1075310 494.6
1075320 494.5
1075330 494.5
1075340 494.3
1075350 494.3
1075360 494.3
1075370 494.3
1075380 494.3
1075390 494.3
1075400 494.4
1075410 494.4
1075420 494.4
1075430 494.5
1075440 494.6
1075450 494.6
1075460 494.6
1075470 495.0
1075480 494.9
1075490 494.9
1075500 495.1
1075510 495.3
1075520 495.3
1075530 495.7
1075540 496.4
1075550 496.4
1075560 496.8
1075570 497.2
1075580 497.2
1075590 497.6
1075600 497.9
1075610 497.9
1075620 498.4
1075630 499.5
1075640 499.5
1075650 500.3
1075660 501.3
1075670 501.3
1075680 502.5
1075690 503.6
1075700 503.6
1075710 504.9
1075720 506.8
1075730 509.9
1075740 509.9
1075750 512.5
1075760 515.0
1075770 515.0
1075780 517.3
1075790 520.6
1075800 520.6
1075810 523.2
1075820 524.9
1075830 524.9
1075840 527.5
1075850 532.5
1075860 532.5
1075870 535.9
1075880 539.4
1075890 539.4
1075900 542.8
1075910 546.7
1075920 546.7
1075930 550.1
1075940 553.3
1075950 553.3
1075960 556.5
1075970 559.7
1075980 559.7
1075990 563.3
1076000 568.0
1076010 573.4
1076020 573.4
1076030 578.7
1076040 582.3
1076050 582.3
1076060 586.0
1076070 589.0
1076080 589.0
1076090 592.3
1076100 594.9
1076110 594.9
1076120 597.1
1076130 598.5
1076140 598.5
1076150 594.2
1076160 596.9
1076170 596.9
1076180 596.8
1076190 593.2
1076200 593.2
1076210 591.2
1076220 588.9
1076230 588.9
1076240 588.6
1076250 592.7
1076260 592.7
1076270 595.7
1076280 597.8
1076290 596.6
1076300 596.6
1076310 598.7
1076320 602.6
1076330 602.6
1076340 600.5
1076350 604.6
1076360 604.6
1076370 608.2
1076380 614.3
1076390 614.3
1076400 618.2
1076410 619.0
1076420 619.0
1076430 613.4
1076440 607.4
1076450 607.4
1076460 599.9
1076470 597.4
1076480 597.4
1076490 593.5
1076500 591.3
1076510 591.3
1076520 588.9
1076530 590.5
1076540 590.5
1076550 599.8
1076560 607.4
1076570 613.7
1076580 613.7
1076590 620.3
1076600 626.7
1076610 626.7
1076620 630.7
1076630 630.9
1076640 630.9
1076650 630.5
1076660 630.3
1076670 630.3
1076680 631.1
1076690 633.1
1076700 633.1
1076710 634.5
1076720 635.1
1076730 635.1
1076740 636.5
1076750 637.7
1076760 637.7
1076770 639.4
1076780 643.1
1076790 643.1
1076800 646.4
1076810 649.6
1076820 649.6
1076830 651.5
1076840 652.9
1076850 655.3
1076860 655.3
1076870 657.5
1076880 656.9
1076890 656.9
1076900 654.2
1076910 651.3
1076920 651.3
1076930 649.5
1076940 649.5
1076950 649.5
1076960 650.0
1076970 651.4
1076980 651.4
1076990 652.9
1077000 654.0
1077010 654.0
1077020 655.0
1077030 656.2
1077040 656.2
1077050 655.7
1077060 657.1
1077070 657.1
1077080 658.6
1077090 662.3
1077100 661.0
1077110 664.1
1077120 668.8
1077130 673.3
1077140 673.3
1077150 676.1
1077160 680.0
1077170 680.0
1077180 682.7
1077190 685.1
1077200 685.1
1077210 685.4
1077220 685.8
1077230 685.8
1077240 686.9
1077250 690.1
1077260 690.1
1077270 693.6
1077280 697.0
1077290 697.0
1077300 698.9
1077310 700.2
1077320 700.2
1077330 702.5
1077340 703.7
1077350 703.7
1077360 705.3
1077370 709.6
1077380 709.6
1077390 713.8
1077400 719.5
1077410 721.9
1077420 721.9
1077430 724.8
1077440 728.2
1077450 728.2
1077460 731.8
1077470 733.4
1077480 733.4
1077490 734.7
1077500 736.1
1077510 736.1
1077520 736.0
1077530 736.4
1077540 736.4
1077550 736.9
1077560 737.5
1077570 737.5
1077580 738.6
1077590 740.3
1077600 740.3
1077610 742.4
1077620 744.6
1077630 744.6
1077640 747.1
1077650 750.4
1077660 750.4
1077670 753.7
1077680 756.9
1077690 759.4
1077700 759.4
1077710 761.8
1077720 766.9
1077730 766.9
1077740 769.1
1077750 770.7
1077760 770.7
1077770 773.0
1077780 776.7
1077790 776.7
1077800 781.5
1077810 786.1
1077820 786.1
1077830 791.1
1077840 796.1
1077850 796.1
1077860 801.8
1077870 807.5
1077880 807.5
1077890 813.2
1077900 821.4
1077910 821.4
1077920 828.3
1077930 833.4
1077940 833.4
1077950 837.8
1077960 842.2
1077970 846.7
1077980 846.7
1077990 851.3
1078000 855.5
1078010 855.5
1078020 860.7
1078030 866.3
1078040 866.3
1078050 870.2
1078060 872.9
1078070 872.9
1078080 875.3
1078090 877.6
1078100 877.6
1078110 879.3
1078120 881.0
1078130 881.0
1078140 882.9
1078150 885.4
1078160 885.4
1078170 889.2
1078180 892.5
1078190 892.5
1078200 894.3
1078210 895.9
1078220 895.9
1078230 897.6
1078240 899.3
1078250 901.5
1078260 901.5
1078270 903.7
1078280 906.1
1078290 906.1
1078300 908.3
1078310 910.2
1078320 910.2
1078330 912.0
1078340 914.0
1078350 915.4
1078360 917.0
1078370 918.7
1078380 918.7
1078390 920.6
1078400 922.9
1078410 922.9
1078420 925.2
1078430 925.8
1078440 925.8
1078450 926.0
1078460 926.5
1078470 926.5
1078480 927.8
1078490 929.6
1078500 929.6
1078510 931.6
1078520 933.7
1078530 936.0
1078540 936.0
1078550 937.6
1078560 938.7
1078570 938.7
1078580 939.6
1078590 940.2
1078600 940.2
1078610 940.4
1078620 940.5
1078630 940.5
1078640 940.7
1078650 940.3
1078660 943.9
1078670 943.6
1078680 942.3
1078690 942.3
1078700 941.8
1078710 942.1
1078720 942.1
1078730 941.9
1078740 942.1
1078750 942.1
1078760 942.3
1078770 942.0
1078780 942.0
1078790 941.8
1078800 941.9
1078810 941.9
1078820 941.9
1078830 941.8
1078840 941.6
1078850 941.6
1078860 940.9
1078870 939.7
1078880 939.7
1078890 938.5
1078900 938.0
1078910 938.0
1078920 937.3
1078930 936.7
1078940 936.7
1078950 936.0
1078960 934.9
1078970 940.0
1078980 938.3
1078990 935.9
1079000 935.9
1079010 933.1
1079020 931.9
1079030 931.9
1079040 933.0
1079050 933.8
1079060 933.8
1079070 931.4
1079080 930.0
1079090 930.5
1079100 930.5
1079110 931.6
1079120 931.5
1079130 931.5
1079140 930.3
1079150 927.1
1079160 927.1
1079170 924.6
1079180 922.6
1079190 922.6
1079200 920.2
1079210 916.4
1079220 916.4
1079230 919.6
1079240 922.8
1079250 922.8
1079260 926.7
1079270 928.0
1079280 928.0
1079290 924.8
1079300 920.7
1079310 920.7
1079320 919.5
1079330 919.2
1079340 919.2
1079350 917.4
1079360 913.3
1079370 911.2
1079380 911.2
1079390 908.8
1079400 904.8
1079410 904.8
1079420 903.1
1079430 906.6
1079440 906.6
1079450 910.6
1079460 914.4
1079470 914.4
1079480 917.8
1079490 920.7
1079500 920.7
1079510 920.8
1079520 918.2
1079530 918.2
1079540 913.6
1079550 911.0
1079560 911.0
1079570 908.2
1079580 907.3
1079590 907.3
1079600 918.9
1079610 925.6
1079620 925.6
1079630 932.0
1079640 932.5
1079650 929.2
1079660 929.2
1079670 923.8
1079680 920.9
1079690 920.9
1079700 925.2
1079710 931.3
1079720 931.3
1079730 936.9
1079740 935.1
1079750 935.1
1079760 929.7
1079770 925.7
1079780 925.7
1079790 921.2
1079800 915.8
1079810 915.8
1079820 912.0
1079830 918.3
1079840 918.3
1079850 923.0
1079860 924.7
1079870 924.7
1079880 924.1
1079890 924.3
1079900 924.3
1079910 926.0
1079920 920.9
1079930 922.3
1079940 922.3
1079950 928.5
1079960 934.4
1079970 934.4
1079980 940.2
1079990 945.5
