1062560 428.3
1062570 428.1
1062580 428.1
1062590 427.9
1062600 428.1
1062610 428.1
1062620 428.3
1062630 428.4
1062640 428.4
1062650 428.5
1062660 429.6
1062670 429.6
1062680 430.6
1062690 430.7
1062700 430.9
1062710 430.9
1062720 430.9
1062730 430.6
1062740 430.6
1062750 431.0
1062760 434.0
1062770 434.0
1062780 433.7
1062790 429.5
1062800 429.5
1062810 426.9
1062820 424.3
1062830 424.5
1062840 424.5
1062850 424.8
1062860 425.0
1062870 425.0
1062880 425.1
1062890 425.1
1062900 425.1
1062910 425.1
1062920 424.9
1062930 424.7
1062940 424.7
1062950 424.4
1062960 424.1
1062970 424.1
1062980 424.0
1062990 424.0
1063000 424.0
1063010 424.0
1063020 425.9
1063030 425.9
1063040 429.1
1063050 430.0
1063060 430.2
1063070 430.2
1063080 430.4
1063090 430.5
1063100 430.5
1063110 431.1
1063120 433.4
1063130 433.4
1063140 433.2
1063150 430.1
1063160 430.1
1063170 429.4
1063180 429.4
1063190 429.4
1063200 429.1
1063210 429.1
1063220 429.1
1063230 428.6
1063240 428.0
1063250 428.0
1063260 427.7
1063270 428.1
1063280 428.1
1063290 427.3
1063300 427.6
1063310 428.9
1063320 428.9
1063330 429.2
1063340 429.1
1063350 429.1
1063360 429.1
1063370 429.0
1063380 429.0
1063390 428.9
1063400 429.0
1063410 429.0
1063420 428.8
1063430 428.7
1063440 428.7
1063450 428.5
1063460 428.2
1063470 428.2
1063480 428.1
1063490 428.0
1063500 428.0
1063510 428.0
1063520 428.0
1063530 428.0
1063540 427.9
1063550 427.9
1063560 427.8
1063570 427.8
1063580 427.8
1063590 428.0
1063600 428.0
1063610 428.0
1063620 428.0
1063630 428.0
1063640 428.0
1063650 427.9
1063660 427.9
1063670 428.0
1063680 428.0
1063690 428.0
1063700 427.9
1063710 428.0
1063720 428.0
1063730 428.0
1063740 428.0
1063750 428.0
1063760 427.9
1063770 427.9
1063780 427.9
1063790 428.0
1063800 428.0
1063810 428.0
1063820 428.0
1063830 428.1
1063840 428.1
1063850 427.9
1063860 428.1
1063870 428.1
1063880 428.1
1063890 428.1
1063900 428.1
1063910 428.1
1063920 428.0
1063930 428.1
1063940 428.1
1063950 428.2
1063960 428.1
1063970 428.1
1063980 427.9
1063990 427.7
1064000 427.7
1064010 427.8
1064020 427.6
1064030 427.6
1064040 427.5
1064050 428.2
1064060 428.2
1064070 428.4
1064080 428.4
1064090 428.4
1064100 428.5
1064110 428.6
1064120 428.6
1064130 428.6
1064140 428.6
1064150 428.6
1064160 428.6
1064170 428.6
1064180 428.7
1064190 428.7
1064200 428.7
1064210 428.8
1064220 428.8
1064230 428.8
1064240 428.9
1064250 428.9
1064260 428.9
1064270 429.0
1064280 429.0
1064290 429.0
1064300 429.0
1064310 429.0
1064320 429.2
1064330 429.3
1064340 429.3
1064350 429.4
1064360 429.5
1064370 429.5
1064380 429.5
1064390 429.6
1064400 429.6
1064410 429.7
1064420 429.8
1064430 429.8
1064440 429.8
1064450 429.9
1064460 430.0
1064470 429.9
1064480 430.0
1064490 430.3
1064500 430.3
1064510 430.4
1064520 430.5
1064530 430.5
1064540 430.7
1064550 430.5
1064560 430.5
1064570 430.1
1064580 430.2
1064590 430.2
1064600 430.5
1064610 430.6
1064620 430.6
1064630 430.6
1064640 430.6
1064650 430.6
1064660 430.8
1064670 430.9
1064680 430.9
1064690 431.0
1064700 431.1
1064710 431.4
1064720 431.4
1064730 431.4
1064740 431.5
1064750 431.5
1064760 431.3
1064770 431.6
1064780 431.6
1064790 431.8
1064800 431.8
1064810 431.8
1064820 431.9
1064830 432.1
1064840 432.1
1064850 432.6
1064860 434.9
1064870 434.9
1064880 433.6
1064890 432.9
1064900 432.9
1064910 432.8
1064920 430.8
1064930 430.8
1064940 430.3
1064950 430.4
1064960 430.4
1064970 432.1
1064980 433.7
1064990 435.6
1065000 435.6
1065010 436.6
1065020 434.4
1065030 434.4
1065040 432.7
1065050 432.4
1065060 432.4
1065070 432.8
1065080 432.9
1065090 432.9
1065100 432.8
1065110 432.4
1065120 432.4
1065130 432.1
1065140 432.2
1065150 432.2
1065160 432.4
1065170 432.3
1065180 432.3
1065190 432.1
1065200 432.3
1065210 432.3
1065220 432.4
1065230 432.2
1065240 432.2
1065250 431.9
1065260 431.8
1065270 431.8
1065280 431.8
1065290 431.7
1065300 431.6
1065310 431.6
1065320 431.4
1065330 431.3
1065340 431.3
1065350 431.0
1065360 431.1
1065370 431.1
1065380 431.3
1065390 431.4
1065400 431.4
1065410 431.3
1065420 431.2
1065430 431.2
1065440 431.2
1065450 431.2
1065460 431.2
1065470 431.1
1065480 431.1
1065490 431.1
1065500 431.0
1065510 431.0
1065520 431.0
1065530 431.1
1065540 431.1
1065550 431.2
1065560 431.2
1065570 431.2
1065580 431.1
1065590 431.1
1065600 431.0
1065610 431.0
1065620 431.0
1065630 431.1
1065640 431.2
1065650 431.2
1065660 430.8
1065670 430.7
1065680 430.9
1065690 431.2
1065700 431.1
1065710 431.1
1065720 431.0
1065730 431.0
1065740 431.0
1065750 430.9
1065760 430.9
1065770 430.9
1065780 430.9
1065790 430.9
1065800 430.9
1065810 430.9
1065820 430.9
1065830 430.6
1065840 430.6
1065850 430.7
1065860 430.8
1065870 430.8
1065880 430.8
1065890 430.8
1065900 430.8
1065910 430.6
1065920 430.5
1065930 430.5
1065940 430.5
1065950 430.5
1065960 430.5
1065970 430.4
1065980 430.5
1065990 430.5
1066000 430.6
1066010 430.4
1066020 430.4
1066030 430.4
1066040 430.5
1066050 430.5
1066060 430.3
1066070 430.2
1066080 430.2
1066090 430.2
1066100 430.1
1066110 430.1
1066120 430.1
1066130 430.0
1066140 430.1
1066150 430.1
1066160 430.2
1066170 430.2
1066180 430.2
1066190 430.2
1066200 430.2
1066210 430.2
1066220 430.2
1066230 430.2
1066240 430.2
1066250 430.1
1066260 430.1
1066270 430.1
1066280 430.2
1066290 430.2
1066300 430.2
1066310 430.2
1066320 430.2
1066330 430.2
1066340 430.2
1066350 430.1
1066360 430.1
1066370 430.1
1066380 430.2
1066390 430.2
1066400 430.2
1066410 430.1
1066420 430.1
1066430 430.1
1066440 430.3
1066450 431.2
1066460 431.2
1066470 428.4
1066480 427.5
1066490 427.5
1066500 427.5
1066510 427.5
1066520 427.5
1066530 427.5
1066540 427.5
1066550 427.5
1066560 427.5
1066570 427.5
1066580 427.5
1066590 427.5
1066600 427.6
1066610 427.6
1066620 428.7
1066630 427.8
1066640 427.8
1066650 427.5
1066660 427.5
1066670 427.5
1066680 427.5
1066690 427.5
1066700 428.2
1066710 428.2
1066720 429.6
1066730 429.9
1066740 429.9
1066750 429.7
1066760 429.7
1066770 429.7
1066780 429.5
1066790 429.6
1066800 429.6
1066810 429.6
1066820 427.6
1066830 427.6
1066840 427.5
1066850 427.4
1066860 427.4
1066870 427.4
1066880 427.4
1066890 427.4
1066900 429.6
1066910 431.1
1066920 431.1
1066930 430.5
1066940 428.9
1066950 427.9
1066960 427.9
1066970 427.9
1066980 427.9
1066990 427.9
1067000 427.9
1067010 427.9
1067020 427.9
1067030 427.9
1067040 427.9
1067050 427.9
1067060 427.9
1067070 427.9
1067080 427.9
1067090 427.9
1067100 427.9
1067110 427.9
1067120 427.9
1067130 427.9
1067140 427.9
1067150 429.5
1067160 429.0
1067170 429.0
1067180 428.6
1067190 429.9
1067200 428.0
1067210 429.1
1067220 430.5
1067230 431.1
1067240 431.1
1067250 430.7
1067260 430.0
1067270 430.0
1067280 429.9
1067290 429.9
1067300 429.9
1067310 429.9
1067320 430.6
1067330 430.6
1067340 430.8
1067350 430.6
1067360 430.6
1067370 430.4
1067380 430.4
1067390 430.4
1067400 430.5
1067410 430.5
1067420 430.5
1067430 430.4
1067440 430.4
1067450 430.4
1067460 430.3
1067470 430.2
1067480 430.2
1067490 430.2
1067500 430.2
1067510 430.2
1067520 430.2
1067530 430.3
1067540 430.3
1067550 430.3
1067560 430.2
1067570 430.2
1067580 430.2
1067590 430.2
1067600 430.2
1067610 430.2
1067620 430.2
1067630 430.2
1067640 430.2
1067650 430.2
1067660 430.1
1067670 430.1
1067680 430.2
1067690 430.8
1067700 430.8
1067710 431.3
1067720 430.9
1067730 430.9
1067740 430.4
1067750 430.4
1067760 430.4
1067770 430.5
1067780 430.5
1067790 430.5
1067800 430.5
1067810 430.8
1067820 430.6
1067830 430.6
1067840 430.5
1067850 430.6
1067860 430.6
1067870 430.8
1067880 430.9
1067890 430.9
1067900 431.0
1067910 431.2
1067920 431.2
1067930 430.8
1067940 430.2
1067950 430.2
1067960 430.1
1067970 430.2
1067980 430.2
1067990 430.3
1068000 430.4
1068010 430.4
1068020 430.4
1068030 430.4
1068040 430.4
1068050 430.3
1068060 430.1
1068070 430.2
1068080 430.2
1068090 430.3
1068100 430.4
1068110 430.4
1068120 430.5
1068130 430.5
1068140 430.5
1068150 430.6
1068160 430.5
1068170 430.5
1068180 430.5
1068190 430.5
1068200 430.5
1068210 430.6
1068220 430.7
1068230 430.7
1068240 430.7
1068250 430.7
1068260 430.7
1068270 430.7
1068280 430.7
1068290 430.7
1068300 430.8
1068310 431.0
1068320 431.0
1068330 431.2
1068340 431.2
1068350 431.3
1068360 431.3
1068370 431.4
1068380 431.7
1068390 431.7
1068400 431.9
1068410 431.8
1068420 431.8
1068430 432.0
1068440 431.8
1068450 431.8
1068460 431.6
1068470 431.7
1068480 431.7
1068490 431.7
1068500 431.7
1068510 431.7
1068520 431.7
1068530 431.8
1068540 431.8
1068550 431.9
1068560 431.9
1068570 431.9
1068580 432.0
1068590 432.1
1068600 432.1
1068610 432.3
1068620 432.7
1068630 433.1
1068640 433.1
1068650 433.0
1068660 432.8
1068670 432.8
1068680 432.8
1068690 432.8
1068700 432.8
1068710 432.8
1068720 432.8
1068730 432.9
1068740 432.8
1068750 432.8
1068760 432.8
1068770 432.8
1068780 432.8
1068790 432.8
1068800 432.9
1068810 432.9
1068820 432.9
1068830 433.1
1068840 433.1
1068850 433.1
1068860 433.3
1068870 433.4
1068880 433.4
1068890 433.5
1068900 433.7
1068910 433.8
1068920 433.8
1068930 434.2
1068940 434.1
1068950 434.1
1068960 434.0
1068970 434.1
1068980 434.1
1068990 434.2
1069000 434.3
1069010 434.3
1069020 434.4
1069030 434.5
1069040 434.5
1069050 434.7
1069060 434.9
1069070 434.9
1069080 435.0
1069090 435.3
1069100 435.3
1069110 435.4
1069120 435.4
1069130 435.4
1069140 435.5
1069150 435.7
1069160 435.7
1069170 435.8
1069180 435.9
1069190 435.9
1069200 435.9
1069210 436.0
1069220 436.1
1069230 436.1
1069240 436.1
1069250 436.1
1069260 436.1
1069270 436.1
1069280 436.2
1069290 436.2
1069300 436.2
1069310 436.2
1069320 436.2
1069330 436.3
1069340 436.3
1069350 436.3
1069360 436.4
1069370 436.4
1069380 436.4
1069390 436.5
1069400 436.5
1069410 436.5
1069420 436.6
1069430 436.7
1069440 436.7
1069450 436.8
1069460 436.9
1069470 437.0
1069480 437.0
1069490 437.1
1069500 437.2
1069510 437.2
1069520 437.3
1069530 437.3
1069540 437.3
1069550 437.4
1069560 437.5
1069570 437.5
1069580 437.6
1069590 437.8
1069600 437.8
1069610 437.9
1069620 437.9
1069630 437.9
1069640 437.9
1069650 438.0
1069660 438.0
1069670 438.1
1069680 438.1
1069690 438.1
1069700 438.1
1069710 438.2
1069720 438.2
1069730 438.3
1069740 438.4
1069750 438.5
1069760 438.5
1069770 438.7
1069780 438.7
1069790 438.7
1069800 438.8
1069810 438.9
1069820 438.9
1069830 438.9
1069840 439.0
1069850 439.0
1069860 439.1
1069870 439.0
1069880 439.0
1069890 439.2
1069900 439.5
1069910 439.5
1069920 439.5
1069930 439.4
1069940 439.4
1069950 439.5
1069960 439.5
1069970 439.5
1069980 439.6
1069990 439.6
1070000 439.6
1070010 439.7
1070020 439.8
1070030 439.8
1070040 439.8
1070050 439.8
1070060 440.0
1070070 440.0
1070080 440.3
1070090 440.7
1070100 440.7
1070110 441.3
1070120 441.5
1070130 441.5
1070140 441.1
1070150 440.8
1070160 440.8
1070170 440.0
1070180 439.3
1070190 439.3
1070200 439.4
1070210 439.1
1070220 439.1
1070230 438.7
1070240 439.7
1070250 439.7
1070260 440.6
1070270 440.9
1070280 440.9
1070290 441.4
1070300 441.8
1070310 441.4
1070320 441.4
1070330 441.2
1070340 441.5
1070350 441.5
1070360 442.2
1070370 442.8
1070380 442.8
1070390 443.0
1070400 442.4
1070410 442.4
1070420 441.8
1070430 441.8
1070440 441.8
1070450 441.8
1070460 441.8
1070470 441.8
1070480 441.7
1070490 442.1
1070500 442.1
1070510 442.5
1070520 442.6
1070530 442.6
1070540 442.6
1070550 442.5
1070560 442.5
1070570 442.6
1070580 442.9
1070590 443.3
1070600 443.3
1070610 443.9
1070620 444.2
1070630 444.2
1070640 443.5
1070650 443.4
1070660 443.4
1070670 443.5
1070680 443.6
1070690 443.6
1070700 443.8
1070710 444.0
1070720 444.0
1070730 444.5
1070740 445.3
1070750 445.3
1070760 445.5
1070770 445.3
1070780 445.3
1070790 445.2
1070800 445.2
1070810 445.2
1070820 445.5
1070830 445.5
1070840 445.5
1070850 445.3
1070860 445.5
1070870 445.5
1070880 445.4
1070890 445.5
1070900 445.6
1070910 445.6
1070920 445.6
1070930 445.9
1070940 445.9
1070950 446.0
1070960 446.0
1070970 446.0
1070980 446.0
1070990 446.4
1071000 446.4
1071010 447.4
1071020 447.7
1071030 447.7
1071040 447.7
1071050 447.7
1071060 447.7
1071070 447.7
1071080 447.7
1071090 447.7
1071100 447.6
1071110 447.5
1071120 447.5
1071130 447.6
1071140 447.8
1071150 447.7
1071160 447.7
1071170 447.6
1071180 447.5
1071190 447.7
1071200 448.2
1071210 449.0
1071220 449.0
1071230 449.2
1071240 449.4
1071250 449.4
1071260 449.7
1071270 449.8
1071280 449.8
1071290 450.0
1071300 450.2
1071310 450.2
1071320 450.4
1071330 450.5
1071340 450.5
1071350 450.9
1071360 452.7
1071370 452.7
1071380 454.1
1071390 455.4
1071400 455.4
1071410 455.9
1071420 455.7
1071430 452.5
1071440 452.5
1071450 451.1
1071460 451.3
1071470 451.3
1071480 451.4
1071490 451.5
1071500 451.4
1071510 451.6
1071520 451.8
1071530 451.8
1071540 452.0
1071550 452.2
1071560 452.2
1071570 452.4
1071580 452.6
1071590 452.6
1071600 452.9
1071610 453.1
1071620 453.1
1071630 453.3
1071640 453.3
1071650 453.3
1071660 453.4
1071670 453.6
1071680 453.6
1071690 453.8
1071700 453.9
1071710 453.9
1071720 453.9
1071730 454.0
1071740 454.3
1071750 454.3
1071760 454.5
1071770 454.6
1071780 454.6
1071790 454.6
1071800 454.7
1071810 454.6
1071820 454.7
1071830 454.9
1071840 454.9
1071850 455.1
1071860 455.2
1071870 455.2
1071880 455.4
1071890 455.5
1071900 455.5
1071910 455.6
1071920 455.6
1071930 455.6
1071940 455.8
1071950 455.8
1071960 455.8
1071970 455.9
1071980 456.1
1071990 456.2
1072000 456.2
1072010 456.4
1072020 456.6
1072030 456.6
1072040 456.9
1072050 457.2
1072060 457.2
1072070 457.5
1072080 457.5
1072090 457.5
1072100 457.3
1072110 457.4
1072120 457.4
1072130 457.5
1072140 457.7
1072150 457.7
1072160 457.9
1072170 458.1
1072180 458.1
1072190 458.1
1072200 458.2
1072210 458.2
1072220 458.4
1072230 458.8
1072240 458.8
1072250 458.9
1072260 458.7
1072270 458.7
1072280 458.7
1072290 458.9
1072300 459.1
1072310 459.1
1072320 459.3
1072330 459.4
1072340 459.4
1072350 459.5
1072360 459.6
1072370 459.6
1072380 459.7
1072390 459.9
1072400 459.9
1072410 460.0
1072420 460.2
1072430 460.2
1072440 460.3
1072450 460.6
1072460 460.6
1072470 460.8
1072480 461.9
1072490 461.9
1072500 463.0
1072510 461.7
1072520 461.7
1072530 461.3
1072540 461.4
1072550 461.5
1072560 461.5
1072570 461.8
1072580 462.0
1072590 462.0
1072600 462.3
1072610 462.4
1072620 462.4
1072630 462.7
1072640 462.9
1072650 462.9
1072660 463.0
1072670 463.3
1072680 463.3
1072690 463.3
1072700 463.3
1072710 463.3
1072720 463.6
1072730 463.7
1072740 463.7
1072750 463.8
1072760 463.9
1072770 463.9
1072780 463.8
1072790 464.1
1072800 464.1
1072810 464.7
1072820 464.8
1072830 464.6
1072840 464.6
1072850 464.7
1072860 464.9
1072870 464.9
1072880 464.9
1072890 465.0
1072900 465.0
1072910 465.2
1072920 465.3
1072930 465.3
1072940 465.3
1072950 465.5
1072960 465.5
1072970 465.6
1072980 465.7
1072990 465.7
1073000 465.8
1073010 465.9
1073020 465.9
1073030 465.9
1073040 466.0
1073050 466.0
1073060 466.1
1073070 466.3
1073080 466.3
1073090 466.3
1073100 466.4
1073110 466.5
1073120 466.5
1073130 466.6
1073140 466.9
1073150 466.9
1073160 467.3
1073170 467.5
1073180 467.5
1073190 467.6
1073200 467.6
1073210 467.6
1073220 467.6
1073230 467.7
1073240 467.7
1073250 468.0
1073260 468.3
1073270 468.3
1073280 468.6
1073290 469.5
1073300 469.5
1073310 469.5
1073320 469.3
1073330 469.3
1073340 469.3
1073350 469.4
1073360 469.4
1073370 469.7
1073380 469.8
1073390 470.4
1073400 470.4
1073410 471.0
1073420 470.6
1073430 470.6
1073440 470.3
1073450 470.4
1073460 470.4
1073470 470.6
1073480 471.3
1073490 471.3
1073500 471.5
1073510 471.6
1073520 471.6
1073530 471.5
1073540 472.1
1073550 472.1
1073560 472.5
1073570 472.3
1073580 472.3
1073590 472.8
1073600 472.8
1073610 472.8
1073620 472.8
1073630 473.1
1073640 473.1
1073650 473.3
1073660 473.7
1073670 473.8
1073680 473.8
1073690 474.0
1073700 474.0
1073710 474.0
1073720 474.1
1073730 474.2
1073740 474.2
1073750 474.4
1073760 474.7
1073770 474.7
1073780 474.9
1073790 475.1
1073800 475.1
1073810 475.2
1073820 475.1
1073830 475.1
1073840 475.7
1073850 476.4
1073860 476.4
1073870 476.6
1073880 476.6
1073890 476.6
1073900 476.5
1073910 476.4
1073920 476.4
1073930 476.5
1073940 476.1
1073950 474.5
1073960 474.5
1073970 475.5
1073980 474.3
1073990 474.3
1074000 473.4
1074010 472.5
1074020 472.5
1074030 471.8
1074040 471.8
1074050 471.8
1074060 472.3
1074070 474.0
1074080 474.0
1074090 476.4
1074100 477.5
1074110 477.5
1074120 477.9
1074130 478.4
1074140 478.4
1074150 478.5
1074160 478.3
1074170 478.3
1074180 478.2
1074190 478.1
1074200 478.4
1074210 478.4
1074220 478.6
1074230 478.7
1074240 478.7
1074250 478.7
1074260 478.7
1074270 478.7
1074280 479.1
1074290 479.1
1074300 479.1
1074310 479.2
1074320 479.8
1074330 479.8
1074340 480.2
1074350 480.9
1074360 480.9
1074370 480.9
1074380 479.8
1074390 479.8
1074400 479.9
1074410 480.1
1074420 480.1
1074430 480.3
1074440 480.9
1074450 480.9
1074460 481.1
1074470 481.2
1074480 481.5
1074490 481.5
1074500 481.9
1074510 482.5
1074520 482.5
1074530 482.9
1074540 483.0
1074550 483.0
1074560 483.2
1074570 483.3
1074580 483.3
1074590 483.1
1074600 483.2
1074610 483.2
1074620 483.6
1074630 483.7
1074640 483.7
1074650 483.8
1074660 484.3
1074670 484.3
1074680 484.4
1074690 484.9
1074700 484.9
1074710 485.3
1074720 485.7
1074730 485.7
1074740 485.9
1074750 485.3
1074760 484.3
1074770 484.3
1074780 483.4
1074790 483.4
1074800 483.4
1074810 483.4
1074820 483.6
1074830 483.6
1074840 484.6
1074850 486.4
1074860 486.4
1074870 487.1
1074880 486.9
1074890 486.9
1074900 486.5
1074910 486.8
1074920 486.8
1074930 487.1
1074940 487.1
1074950 487.1
1074960 487.2
1074970 487.4
1074980 487.4
1074990 487.6
1075000 487.7
1075010 487.7
1075020 488.0
1075030 488.2
1075040 488.3
1075050 488.3
1075060 488.3
1075070 488.6
1075080 488.6
1075090 488.2
1075100 488.1
1075110 488.1
1075120 488.2
1075130 489.2
1075140 489.2
1075150 488.8
1075160 488.4
1075170 488.4
1075180 488.4
1075190 488.7
1075200 488.7
1075210 489.0
1075220 489.0
1075230 489.0
1075240 488.7
1075250 489.4
1075260 489.4
1075270 489.3
1075280 488.7
1075290 488.7
1075300 488.6
1075310 488.5
1075320 488.4
1075330 488.4
1075340 488.4
1075350 488.4
1075360 488.4
1075370 488.5
1075380 488.6
1075390 488.6
1075400 488.8
1075410 489.2
1075420 489.2
1075430 490.0
1075440 491.5
1075450 491.5
1075460 493.7
1075470 497.0
1075480 497.0
1075490 501.5
1075500 505.9
1075510 505.9
1075520 511.6
1075530 517.3
1075540 517.3
1075550 519.5
1075560 521.4
1075570 521.4
1075580 525.5
1075590 527.1
1075600 528.9
1075610 528.9
1075620 531.0
1075630 533.8
1075640 533.8
1075650 539.5
1075660 546.7
1075670 546.7
1075680 554.5
1075690 561.0
1075700 561.0
1075710 562.9
1075720 565.3
1075730 565.3
1075740 567.8
1075750 570.9
1075760 570.9
1075770 573.5
1075780 576.7
1075790 576.7
1075800 580.2
1075810 584.7
1075820 584.7
1075830 588.7
1075840 593.7
1075850 593.7
1075860 596.7
1075870 600.1
1075880 602.6
1075890 602.6
1075900 604.8
1075910 607.4
1075920 607.4
1075930 610.4
1075940 613.4
1075950 613.4
1075960 614.5
1075970 614.4
1075980 614.4
1075990 614.4
1076000 614.7
1076010 614.7
1076020 615.0
1076030 615.0
1076040 615.0
1076050 615.0
1076060 614.9
1076070 614.9
1076080 616.4
1076090 619.7
1076100 619.7
1076110 624.5
1076120 628.9
1076130 628.9
1076140 632.3
1076150 632.8
1076160 632.1
1076170 632.1
1076180 631.3
1076190 631.0
1076200 631.0
1076210 631.0
1076220 632.3
1076230 632.3
1076240 634.5
1076250 637.7
1076260 637.7
1076270 641.0
1076280 644.3
1076290 644.3
1076300 646.3
1076310 647.3
1076320 647.3
1076330 648.1
1076340 648.7
1076350 648.7
1076360 649.3
1076370 650.8
1076380 650.8
1076390 651.9
1076400 652.0
1076410 652.0
1076420 652.1
1076430 652.6
1076440 653.4
1076450 653.4
1076460 656.3
1076470 657.3
1076480 657.3
1076490 658.4
1076500 659.9
1076510 659.9
1076520 660.5
1076530 660.6
1076540 660.6
1076550 660.7
1076560 660.4
1076570 660.4
1076580 659.9
1076590 659.1
1076600 659.1
1076610 658.3
1076620 657.8
1076630 657.8
1076640 656.9
1076650 656.6
1076660 656.6
1076670 656.4
1076680 654.3
1076690 654.3
1076700 652.3
1076710 646.8
1076720 638.4
1076730 638.4
1076740 633.3
1076750 636.2
1076760 636.2
1076770 635.6
1076780 642.2
1076790 642.2
1076800 652.0
1076810 656.2
1076820 656.2
1076830 658.7
1076840 661.6
1076850 661.6
1076860 665.0
1076870 667.5
1076880 667.5
1076890 669.4
1076900 670.4
1076910 670.4
1076920 671.7
1076930 672.8
1076940 672.8
1076950 673.5
1076960 675.5
1076970 675.5
1076980 678.3
1076990 681.9
1077000 686.2
1077010 686.2
1077020 690.7
1077030 695.3
1077040 695.3
1077050 700.3
1077060 701.3
1077070 701.3
1077080 701.2
1077090 701.0
1077100 701.0
1077110 700.6
1077120 700.5
1077130 700.5
1077140 700.6
1077150 700.7
1077160 700.7
1077170 701.4
1077180 702.2
1077190 702.2
1077200 703.4
1077210 705.3
1077220 705.3
1077230 708.2
1077240 711.4
1077250 711.4
1077260 712.9
1077270 714.8
1077280 717.5
1077290 717.5
1077300 721.1
1077310 725.9
1077320 725.9
1077330 729.8
1077340 733.1
1077350 733.1
1077360 737.2
1077370 741.9
1077380 741.9
1077390 745.3
1077400 751.8
1077410 751.8
1077420 756.1
1077430 761.1
1077440 761.1
1077450 767.1
1077460 773.8
1077470 773.8
1077480 779.1
1077490 783.8
1077500 783.8
1077510 786.8
1077520 792.9
1077530 792.9
1077540 795.5
1077550 798.5
1077560 803.0
1077570 803.0
1077580 807.0
1077590 810.4
1077600 810.4
1077610 813.6
1077620 817.5
1077630 817.5
1077640 821.3
1077650 822.8
1077660 822.8
1077670 822.1
1077680 820.1
1077690 820.1
1077700 817.6
1077710 824.1
1077720 824.1
1077730 823.0
1077740 822.5
1077750 822.5
1077760 823.2
1077770 824.4
1077780 824.4
1077790 824.0
1077800 826.2
1077810 826.2
1077820 828.8
1077830 835.1
1077840 843.3
1077850 843.3
1077860 849.4
1077870 855.0
1077880 855.0
1077890 861.3
1077900 865.7
1077910 865.7
1077920 869.2
1077930 874.1
1077940 874.1
1077950 880.6
1077960 885.9
1077970 885.9
1077980 888.5
1077990 891.0
1078000 891.0
1078010 894.0
1078020 898.4
1078030 898.4
1078040 901.9
1078050 905.4
1078060 905.4
1078070 908.5
1078080 911.1
1078090 911.1
1078100 913.2
1078110 914.8
1078120 916.2
1078130 916.2
1078140 917.3
1078150 918.3
1078160 918.3
1078170 919.7
1078180 921.4
1078190 921.4
1078200 923.2
1078210 925.1
1078220 925.1
1078230 926.6
1078240 928.2
1078250 928.2
1078260 929.8
1078270 931.6
1078280 931.6
1078290 934.0
1078300 936.6
1078310 936.6
1078320 938.3
1078330 940.4
1078340 941.8
1078350 943.6
1078360 946.2
1078370 946.2
1078380 949.3
1078390 951.4
1078400 953.3
1078410 953.3
1078420 955.4
1078430 957.9
1078440 957.9
1078450 961.5
1078460 965.1
1078470 965.1
1078480 969.0
1078490 971.9
1078500 971.9
1078510 974.4
1078520 976.0
1078530 976.0
1078540 978.0
1078550 981.0
1078560 981.0
1078570 984.3
1078580 987.0
1078590 987.0
1078600 989.9
1078610 992.5
1078620 992.5
1078630 994.6
1078640 997.1
1078650 999.2
1078660 1002.6
1078670 1007.0
1078680 1010.6
1078690 1010.6
1078700 1013.1
1078710 1016.1
1078720 1016.1
1078730 1018.7
1078740 1021.4
1078750 1021.4
1078760 1023.4
1078770 1025.1
1078780 1025.1
1078790 1026.2
1078800 1026.7
1078810 1026.7
1078820 1027.0
1078830 1027.0
1078840 1027.0
1078850 1026.4
1078860 1025.4
1078870 1025.4
1078880 1024.2
1078890 1023.2
1078900 1023.2
1078910 1022.5
1078920 1021.7
1078930 1021.7
1078940 1020.7
1078950 1021.0
1078960 1023.9
1078970 1023.9
1078980 1023.9
1078990 1024.2
1079000 1024.2
1079010 1025.1
1079020 1025.8
1079030 1025.8
1079040 1026.4
1079050 1026.3
1079060 1026.3
1079070 1026.9
1079080 1027.2
1079090 1027.2
1079100 1026.9
1079110 1026.0
1079120 1026.0
1079130 1024.4
1079140 1023.2
1079150 1023.2
1079160 1021.8
1079170 1019.6
1079180 1019.6
1079190 1018.2
1079200 1017.5
1079210 1017.5
1079220 1015.8
1079230 1014.5
1079240 1013.7
1079250 1013.7
1079260 1012.6
1079270 1011.7
1079280 1015.2
1079290 1014.6
1079300 1014.0
1079310 1014.0
1079320 1012.8
1079330 1010.7
1079340 1010.7
1079350 1006.0
1079360 1000.7
1079370 1000.7
1079380 997.2
1079390 1004.3
1079400 1004.3
1079410 1008.2
1079420 1007.9
1079430 1007.9
1079440 1004.4
1079450 996.2
1079460 996.2
1079470 988.9
1079480 985.5
1079490 985.5
1079500 987.8
1079510 991.9
1079520 993.2
1079530 993.2
1079540 988.3
1079550 982.2
1079560 982.2
1079570 974.7
1079580 967.6
1079590 970.3
1079600 965.6
1079610 962.4
1079620 962.4
1079630 960.6
1079640 961.6
1079650 961.6
1079660 964.4
1079670 967.8
1079680 967.8
1079690 972.2
1079700 976.4
1079710 976.4
1079720 981.1
1079730 986.8
1079740 986.8
1079750 992.8
1079760 998.7
1079770 998.7
1079780 1005.8
1079790 1012.1
1079800 1015.6
1079810 1015.6
1079820 1016.0
1079830 1017.5
1079840 1017.5
1079850 1019.9
1079860 1021.6
1079870 1021.6
1079880 1022.7
1079890 1023.5
1079900 1023.5
1079910 1026.1
1079920 1027.2
1079930 1027.2
1079940 1028.4
1079950 1029.4
1079960 1029.4
1079970 1030.0
1079980 1031.0
1079990 1031.0
