1062770 426.7
1062780 426.7
1062790 426.7
1062800 426.7
1062810 426.7
1062820 426.7
1062830 426.8
1062840 426.8
1062850 426.8
1062860 427.0
1062870 427.2
1062880 427.2
1062890 427.7
1062900 429.1
1062910 429.1
1062920 429.3
1062930 429.5
1062940 429.5
1062950 429.6
1062960 431.4
1062970 434.0
1062980 434.0
1062990 432.4
1063000 428.5
1063010 428.5
1063020 426.3
1063030 424.2
1063040 424.2
1063050 424.4
1063060 424.5
1063070 424.5
1063080 424.6
1063090 424.5
1063100 424.3
1063110 424.3
1063120 424.0
1063130 423.8
1063140 423.8
1063150 423.7
1063160 423.8
1063170 423.8
1063180 423.7
1063190 423.8
1063200 423.8
1063210 423.8
1063220 424.6
1063230 424.6
1063240 428.3
1063250 429.7
1063260 429.7
1063270 429.8
1063280 430.0
1063290 430.0
1063300 430.0
1063310 430.4
1063320 430.4
1063330 432.7
1063340 433.1
1063350 429.8
1063360 429.8
1063370 427.8
1063380 427.7
1063390 427.7
1063400 427.3
1063410 427.5
1063420 427.5
1063430 427.4
1063440 427.1
1063450 427.1
1063460 428.0
1063470 428.8
1063480 428.8
1063490 428.7
1063500 428.6
1063510 428.6
1063520 428.5
1063530 428.5
1063540 428.5
1063550 428.4
1063560 428.2
1063570 428.2
1063580 428.1
1063590 428.0
1063600 428.0
1063610 428.0
1063620 427.9
1063630 427.9
1063640 427.9
1063650 427.9
1063660 427.9
1063670 427.9
1063680 427.9
1063690 427.9
1063700 427.9
1063710 427.9
1063720 427.7
1063730 427.7
1063740 427.8
1063750 427.8
1063760 427.8
1063770 427.9
1063780 427.9
1063790 427.9
1063800 427.9
1063810 428.0
1063820 428.0
1063830 427.8
1063840 427.8
1063850 427.8
1063860 427.8
1063870 427.8
1063880 427.8
1063890 427.8
1063900 427.8
1063910 427.9
1063920 427.9
1063930 427.9
1063940 427.9
1063950 427.9
1063960 428.0
1063970 428.0
1063980 428.0
1063990 428.1
1064000 428.2
1064010 428.2
1064020 427.9
1064030 428.2
1064040 428.2
1064050 428.2
1064060 428.1
1064070 428.1
1064080 428.1
1064090 428.2
1064100 428.2
1064110 428.1
1064120 428.1
1064130 428.1
1064140 428.1
1064150 428.2
1064160 428.2
1064170 428.2
1064180 428.2
1064190 428.3
1064200 428.3
1064210 428.3
1064220 428.3
1064230 428.3
1064240 428.4
1064250 428.4
1064260 428.4
1064270 428.6
1064280 428.8
1064290 428.8
1064300 428.9
1064310 429.0
1064320 429.0
1064330 429.1
1064340 429.1
1064350 429.1
1064360 429.3
1064370 429.5
1064380 429.5
1064390 429.8
1064400 429.9
1064410 429.9
1064420 430.0
1064430 429.9
1064440 429.9
1064450 429.9
1064460 429.9
1064470 430.0
1064480 430.0
1064490 430.0
1064500 430.1
1064510 430.1
1064520 430.1
1064530 430.2
1064540 430.2
1064550 430.2
1064560 430.3
1064570 430.3
1064580 430.3
1064590 430.4
1064600 430.4
1064610 430.5
1064620 430.5
1064630 430.5
1064640 430.6
1064650 430.7
1064660 430.7
1064670 430.8
1064680 431.1
1064690 431.1
1064700 431.1
1064710 433.0
1064720 433.0
1064730 433.7
1064740 432.1
1064750 432.1
1064760 432.1
1064770 431.0
1064780 430.0
1064790 430.0
1064800 430.1
1064810 430.3
1064820 430.3
1064830 432.3
1064840 433.3
1064850 433.3
1064860 435.8
1064870 435.2
1064880 435.2
1064890 433.2
1064900 431.0
1064910 431.0
1064920 430.9
1064930 431.1
1064940 431.1
1064950 431.0
1064960 430.9
1064970 430.9
1064980 430.7
1064990 430.9
1065000 430.9
1065010 430.9
1065020 430.8
1065030 430.8
1065040 430.8
1065050 430.8
1065060 430.6
1065070 430.6
1065080 430.5
1065090 430.5
1065100 430.5
1065110 430.5
1065120 430.5
1065130 430.5
1065140 430.6
1065150 430.6
1065160 430.6
1065170 430.5
1065180 430.6
1065190 430.7
1065200 430.7
1065210 430.5
1065220 430.5
1065230 430.6
1065240 430.5
1065250 430.5
1065260 430.4
1065270 430.5
1065280 430.5
1065290 430.2
1065300 429.9
1065310 430.3
1065320 430.3
1065330 430.2
1065340 430.2
1065350 430.2
1065360 430.5
1065370 430.4
1065380 430.4
1065390 430.3
1065400 429.3
1065410 429.3
1065420 429.9
1065430 430.4
1065440 430.4
1065450 430.3
1065460 430.3
1065470 430.3
1065480 430.3
1065490 430.3
1065500 430.3
1065510 430.3
1065520 430.3
1065530 430.3
1065540 430.3
1065550 430.3
1065560 430.3
1065570 430.3
1065580 430.2
1065590 430.1
1065600 430.1
1065610 430.0
1065620 429.9
1065630 429.9
1065640 429.7
1065650 429.4
1065660 429.4
1065670 429.4
1065680 429.4
1065690 429.4
1065700 429.4
1065710 429.3
1065720 429.3
1065730 429.3
1065740 429.3
1065750 429.3
1065760 429.3
1065770 429.3
1065780 429.3
1065790 429.2
1065800 429.3
1065810 429.3
1065820 429.3
1065830 429.5
1065840 429.5
1065850 429.5
1065860 429.4
1065870 429.4
1065880 429.4
1065890 429.5
1065900 429.3
1065910 429.3
1065920 429.2
1065930 429.2
1065940 429.2
1065950 429.3
1065960 429.3
1065970 429.3
1065980 429.3
1065990 429.3
1066000 429.3
1066010 429.4
1066020 429.3
1066030 429.3
1066040 429.3
1066050 429.2
1066060 429.2
1066070 429.0
1066080 429.1
1066090 429.1
1066100 429.2
1066110 429.2
1066120 429.2
1066130 429.1
1066140 429.2
1066150 429.2
1066160 429.2
1066170 429.2
1066180 429.0
1066190 429.0
1066200 428.9
1066210 428.6
1066220 428.6
1066230 428.8
1066240 428.9
1066250 428.9
1066260 429.1
1066270 428.6
1066280 428.6
1066290 428.7
1066300 428.9
1066310 428.9
1066320 428.9
1066330 429.0
1066340 429.0
1066350 429.1
1066360 429.1
1066370 429.1
1066380 428.9
1066390 429.9
1066400 429.9
1066410 430.5
1066420 429.8
1066430 429.4
1066440 429.4
1066450 430.2
1066460 435.2
1066470 435.2
1066480 436.1
1066490 431.3
1066500 431.3
1066510 430.6
1066520 430.4
1066530 430.4
1066540 431.1
1066550 431.3
1066560 431.3
1066570 430.6
1066580 429.5
1066590 429.5
1066600 429.6
1066610 429.7
1066620 429.7
1066630 429.2
1066640 429.1
1066650 429.1
1066660 429.0
1066670 428.9
1066680 428.9
1066690 428.9
1066700 428.9
1066710 428.9
1066720 428.9
1066730 428.9
1066740 428.9
1066750 428.9
1066760 428.9
1066770 428.8
1066780 428.8
1066790 428.8
1066800 428.9
1066810 428.9
1066820 429.0
1066830 428.9
1066840 428.9
1066850 428.9
1066860 428.9
1066870 428.9
1066880 428.9
1066890 429.0
1066900 429.0
1066910 429.0
1066920 429.0
1066930 429.0
1066940 429.0
1066950 429.0
1066960 429.0
1066970 429.0
1066980 428.9
1066990 428.9
1067000 428.9
1067010 428.8
1067020 429.0
1067030 429.0
1067040 429.4
1067050 430.0
1067060 430.0
1067070 429.1
1067080 429.1
1067090 429.1
1067100 429.2
1067110 429.5
1067120 429.5
1067130 429.8
1067140 429.8
1067150 429.8
1067160 429.9
1067170 430.1
1067180 430.1
1067190 430.0
1067200 429.7
1067210 429.7
1067220 429.6
1067230 429.4
1067240 429.4
1067250 429.3
1067260 429.1
1067270 428.9
1067280 428.9
1067290 429.0
1067300 429.1
1067310 429.1
1067320 429.4
1067330 429.6
1067340 429.6
1067350 429.7
1067360 429.6
1067370 429.6
1067380 429.6
1067390 429.3
1067400 429.3
1067410 428.9
1067420 428.9
1067430 428.9
1067440 429.1
1067450 429.2
1067460 429.2
1067470 429.3
1067480 429.2
1067490 429.2
1067500 429.1
1067510 429.2
1067520 429.2
1067530 429.8
1067540 429.7
1067550 430.0
1067560 430.0
1067570 430.2
1067580 430.5
1067590 430.5
1067600 430.7
1067610 431.0
1067620 431.0
1067630 431.3
1067640 430.8
1067650 430.8
1067660 429.8
1067670 429.8
1067680 429.8
1067690 430.1
1067700 429.9
1067710 429.9
1067720 429.8
1067730 429.6
1067740 429.6
1067750 429.5
1067760 429.5
1067770 429.5
1067780 429.6
1067790 429.4
1067800 429.4
1067810 429.4
1067820 429.5
1067830 429.3
1067840 429.3
1067850 429.3
1067860 429.3
1067870 429.3
1067880 429.3
1067890 429.2
1067900 429.2
1067910 429.1
1067920 429.0
1067930 429.1
1067940 428.9
1067950 428.8
1067960 428.8
1067970 429.0
1067980 429.3
1067990 429.3
1068000 429.1
1068010 429.1
1068020 429.1
1068030 429.1
1068040 429.1
1068050 429.1
1068060 428.6
1068070 428.4
1068080 428.4
1068090 428.9
1068100 428.8
1068110 428.9
1068120 428.9
1068130 429.0
1068140 429.1
1068150 429.1
1068160 429.2
1068170 429.5
1068180 429.5
1068190 429.7
1068200 430.0
1068210 430.0
1068220 430.1
1068230 430.3
1068240 430.2
1068250 430.3
1068260 430.4
1068270 430.4
1068280 430.5
1068290 430.7
1068300 430.7
1068310 430.7
1068320 430.9
1068330 430.9
1068340 431.0
1068350 431.0
1068360 431.0
1068370 431.0
1068380 431.0
1068390 431.1
1068400 431.1
1068410 431.1
1068420 431.1
1068430 431.1
1068440 431.1
1068450 431.3
1068460 431.3
1068470 431.4
1068480 431.5
1068490 431.5
1068500 431.6
1068510 431.7
1068520 431.7
1068530 431.7
1068540 431.7
1068550 431.7
1068560 431.8
1068570 432.0
1068580 432.0
1068590 432.0
1068600 432.0
1068610 432.0
1068620 432.1
1068630 432.1
1068640 432.1
1068650 432.2
1068660 432.3
1068670 432.5
1068680 432.5
1068690 432.6
1068700 432.6
1068710 432.6
1068720 432.5
1068730 432.4
1068740 432.4
1068750 432.6
1068760 432.7
1068770 432.7
1068780 432.8
1068790 432.9
1068800 432.9
1068810 432.9
1068820 432.9
1068830 432.9
1068840 432.9
1068850 433.1
1068860 433.1
1068870 433.2
1068880 433.3
1068890 433.3
1068900 433.4
1068910 433.5
1068920 433.5
1068930 433.7
1068940 433.8
1068950 433.8
1068960 433.9
1068970 434.1
1068980 434.2
1068990 434.2
1069000 434.4
1069010 434.4
1069020 434.4
1069030 434.3
1069040 434.4
1069050 434.4
1069060 434.4
1069070 434.5
1069080 434.5
1069090 434.5
1069100 434.5
1069110 434.5
1069120 434.5
1069130 434.6
1069140 434.6
1069150 434.7
1069160 434.8
1069170 434.8
1069180 434.9
1069190 434.9
1069200 434.9
1069210 435.0
1069220 435.0
1069230 435.0
1069240 435.1
1069250 435.2
1069260 435.2
1069270 435.2
1069280 435.3
1069290 435.4
1069300 435.4
1069310 435.5
1069320 435.6
1069330 435.6
1069340 435.6
1069350 435.6
1069360 435.6
1069370 435.7
1069380 435.8
1069390 435.8
1069400 435.9
1069410 435.9
1069420 435.9
1069430 435.8
1069440 435.9
1069450 435.9
1069460 436.0
1069470 436.1
1069480 436.1
1069490 436.1
1069500 436.2
1069510 436.2
1069520 436.2
1069530 436.3
1069540 436.4
1069550 436.4
1069560 436.4
1069570 436.6
1069580 436.6
1069590 436.7
1069600 436.8
1069610 436.8
1069620 436.8
1069630 436.8
1069640 436.8
1069650 436.8
1069660 436.9
1069670 436.9
1069680 437.0
1069690 437.1
1069700 437.1
1069710 437.2
1069720 437.3
1069730 437.3
1069740 437.3
1069750 437.3
1069760 437.3
1069770 437.4
1069780 437.6
1069790 437.6
1069800 437.6
1069810 437.7
1069820 437.7
1069830 437.7
1069840 437.7
1069850 437.8
1069860 437.8
1069870 438.0
1069880 438.1
1069890 438.1
1069900 438.3
1069910 438.4
1069920 438.4
1069930 438.4
1069940 438.5
1069950 438.5
1069960 438.4
1069970 438.5
1069980 438.5
1069990 438.9
1070000 439.3
1070010 439.3
1070020 439.8
1070030 440.0
1070040 440.0
1070050 440.1
1070060 440.2
1070070 440.2
1070080 440.1
1070090 439.8
1070100 440.2
1070110 440.2
1070120 440.3
1070130 439.6
1070140 439.6
1070150 439.4
1070160 439.5
1070170 439.5
1070180 439.5
1070190 439.6
1070200 439.6
1070210 440.0
1070220 441.1
1070230 441.1
1070240 441.7
1070250 441.1
1070260 441.1
1070270 440.5
1070280 440.6
1070290 440.6
1070300 440.7
1070310 440.6
1070320 440.6
1070330 440.4
1070340 440.7
1070350 440.7
1070360 440.9
1070370 440.5
1070380 440.6
1070390 440.6
1070400 441.1
1070410 441.6
1070420 441.6
1070430 441.9
1070440 442.4
1070450 442.4
1070460 443.3
1070470 443.7
1070480 443.7
1070490 443.2
1070500 442.4
1070510 442.4
1070520 442.3
1070530 442.5
1070540 442.5
1070550 442.6
1070560 442.7
1070570 442.7
1070580 442.7
1070590 442.5
1070600 442.5
1070610 442.5
1070620 442.6
1070630 442.6
1070640 442.5
1070650 442.4
1070660 442.5
1070670 442.5
1070680 442.6
1070690 442.8
1070700 442.8
1070710 442.9
1070720 443.2
1070730 443.2
1070740 443.1
1070750 443.3
1070760 443.3
1070770 444.1
1070780 443.9
1070790 443.9
1070800 443.7
1070810 444.6
1070820 444.6
1070830 445.0
1070840 444.9
1070850 444.9
1070860 444.1
1070870 444.2
1070880 444.2
1070890 444.3
1070900 444.4
1070910 444.4
1070920 444.6
1070930 444.7
1070940 444.8
1070950 444.8
1070960 445.0
1070970 445.1
1070980 445.1
1070990 445.3
1071000 445.6
1071010 445.6
1071020 446.5
1071030 446.9
1071040 446.9
1071050 446.6
1071060 446.2
1071070 446.2
1071080 446.4
1071090 446.6
1071100 446.6
1071110 446.7
1071120 446.8
1071130 446.8
1071140 446.9
1071150 447.0
1071160 447.0
1071170 447.1
1071180 447.2
1071190 447.2
1071200 447.3
1071210 447.3
1071220 447.3
1071230 447.3
1071240 447.5
1071250 447.6
1071260 447.6
1071270 447.8
1071280 447.9
1071290 447.9
1071300 448.1
1071310 448.3
1071320 448.3
1071330 448.6
1071340 448.7
1071350 448.7
1071360 448.9
1071370 449.0
1071380 449.0
1071390 449.1
1071400 449.1
1071410 449.1
1071420 449.2
1071430 449.3
1071440 449.3
1071450 449.5
1071460 450.9
1071470 450.9
1071480 455.3
1071490 457.4
1071500 457.6
1071510 457.6
1071520 457.6
1071530 456.4
1071540 456.4
1071550 451.8
1071560 450.7
1071570 450.7
1071580 451.0
1071590 450.9
1071600 450.9
1071610 451.0
1071620 451.2
1071630 451.2
1071640 451.4
1071650 451.5
1071660 451.5
1071670 451.7
1071680 451.9
1071690 451.9
1071700 452.1
1071710 452.3
1071720 452.3
1071730 452.6
1071740 452.9
1071750 452.9
1071760 453.1
1071770 453.4
1071780 453.6
1071790 453.6
1071800 453.9
1071810 453.9
1071820 453.9
1071830 453.9
1071840 454.1
1071850 454.1
1071860 454.3
1071870 454.3
1071880 454.3
1071890 454.4
1071900 454.6
1071910 454.6
1071920 454.8
1071930 455.0
1071940 455.0
1071950 455.0
1071960 455.2
1071970 455.2
1071980 455.9
1071990 456.6
1072000 456.6
1072010 456.3
1072020 456.4
1072030 456.4
1072040 456.7
1072050 457.3
1072060 457.6
1072070 457.6
1072080 457.8
1072090 457.8
1072100 457.8
1072110 457.9
1072120 457.9
1072130 457.9
1072140 457.8
1072150 457.7
1072160 457.7
1072170 457.5
1072180 457.5
1072190 457.5
1072200 457.6
1072210 457.6
1072220 457.6
1072230 457.9
1072240 458.1
1072250 458.1
1072260 458.4
1072270 458.5
1072280 458.5
1072290 458.5
1072300 458.5
1072310 458.5
1072320 458.7
1072330 458.9
1072340 459.1
1072350 459.1
1072360 459.1
1072370 459.2
1072380 459.2
1072390 459.3
1072400 459.4
1072410 459.4
1072420 459.8
1072430 460.6
1072440 460.6
1072450 464.2
1072460 463.5
1072470 463.5
1072480 460.8
1072490 460.7
1072500 460.7
1072510 460.6
1072520 460.6
1072530 460.6
1072540 460.6
1072550 460.7
1072560 460.7
1072570 460.7
1072580 460.8
1072590 460.9
1072600 460.9
1072610 461.1
1072620 461.3
1072630 461.3
1072640 461.4
1072650 461.6
1072660 461.6
1072670 461.8
1072680 461.9
1072690 461.9
1072700 462.0
1072710 462.1
1072720 462.1
1072730 462.3
1072740 462.6
1072750 462.6
1072760 462.8
1072770 463.0
1072780 463.0
1072790 463.2
1072800 463.4
1072810 463.4
1072820 463.6
1072830 463.6
1072840 463.6
1072850 463.6
1072860 463.8
1072870 464.0
1072880 464.0
1072890 464.2
1072900 464.4
1072910 464.4
1072920 464.6
1072930 464.7
1072940 464.7
1072950 464.8
1072960 465.0
1072970 465.0
1072980 465.2
1072990 465.4
1073000 465.4
1073010 465.5
1073020 465.6
1073030 465.6
1073040 465.8
1073050 466.1
1073060 466.1
1073070 466.2
1073080 466.3
1073090 466.3
1073100 466.6
1073110 466.6
1073120 466.6
1073130 466.8
1073140 467.2
1073150 467.5
1073160 467.4
1073170 467.7
1073180 467.9
1073190 467.9
1073200 468.0
1073210 468.1
1073220 468.1
1073230 468.3
1073240 469.0
1073250 469.0
1073260 469.9
1073270 470.0
1073280 470.0
1073290 469.4
1073300 467.6
1073310 467.6
1073320 465.9
1073330 465.2
1073340 465.2
1073350 465.4
1073360 466.7
1073370 466.7
1073380 468.8
1073390 470.5
1073400 470.5
1073410 471.0
1073420 471.1
1073430 471.2
1073440 471.2
1073450 471.2
1073460 471.3
1073470 471.5
1073480 471.6
1073490 471.6
1073500 471.6
1073510 471.7
1073520 471.8
1073530 471.8
1073540 472.0
1073550 471.9
1073560 471.9
1073570 471.7
1073580 471.6
1073590 471.6
1073600 471.3
1073610 471.1
1073620 471.1
1073630 471.0
1073640 471.0
1073650 471.0
1073660 471.0
1073670 470.9
1073680 470.9
1073690 471.0
1073700 471.8
1073710 472.0
1073720 472.0
1073730 472.0
1073740 472.2
1073750 472.2
1073760 472.5
1073770 472.5
1073780 472.7
1073790 472.7
1073800 472.8
1073810 472.8
1073820 472.9
1073830 472.7
1073840 472.7
1073850 472.7
1073860 472.7
1073870 472.7
1073880 472.8
1073890 472.9
1073900 472.9
1073910 473.5
1073920 475.3
1073930 475.3
1073940 475.9
1073950 476.1
1073960 476.1
1073970 476.3
1073980 476.5
1073990 476.7
1074000 476.7
1074010 476.9
1074020 477.3
1074030 477.3
1074040 477.7
1074050 477.8
1074060 477.8
1074070 477.6
1074080 477.7
1074090 477.5
1074100 477.8
1074110 478.0
1074120 478.0
1074130 478.2
1074140 478.4
1074150 478.4
1074160 478.6
1074170 478.8
1074180 478.8
1074190 479.0
1074200 479.2
1074210 479.2
1074220 479.2
1074230 479.3
1074240 479.3
1074250 479.7
1074260 479.9
1074270 480.1
1074280 480.1
1074290 480.5
1074300 480.9
1074310 480.9
1074320 481.7
1074330 482.0
1074340 482.0
1074350 481.8
1074360 482.1
1074370 482.1
1074380 482.3
1074390 482.5
1074400 482.3
1074410 482.3
1074420 482.8
1074430 482.8
1074440 482.9
1074450 483.1
1074460 483.1
1074470 483.3
1074480 483.3
1074490 483.3
1074500 483.4
1074510 483.7
1074520 483.7
1074530 484.0
1074540 484.5
1074550 484.7
1074560 484.7
1074570 485.0
1074580 485.5
1074590 485.5
1074600 485.4
1074610 485.3
1074620 485.3
1074630 485.4
1074640 485.5
1074650 485.5
1074660 485.5
1074670 485.6
1074680 485.6
1074690 485.8
1074700 485.9
1074710 486.1
1074720 486.9
1074730 487.8
1074740 487.8
1074750 487.8
1074760 487.9
1074770 487.9
1074780 488.3
1074790 489.5
1074800 489.5
1074810 489.7
1074820 489.6
1074830 489.7
1074840 489.7
1074850 489.7
1074860 489.4
1074870 489.4
1074880 489.6
1074890 489.7
1074900 489.7
1074910 490.2
1074920 490.5
1074930 490.5
1074940 490.9
1074950 491.3
1074960 491.3
1074970 491.4
1074980 491.6
1074990 491.6
1075000 491.7
1075010 491.6
1075020 491.2
1075030 491.2
1075040 491.3
1075050 491.3
1075060 491.5
1075070 491.6
1075080 491.6
1075090 491.9
1075100 492.1
1075110 490.5
1075120 490.5
1075130 489.5
1075140 489.6
1075150 489.6
1075160 490.4
1075170 493.0
1075180 493.0
1075190 493.5
1075200 492.9
1075210 492.9
1075220 493.0
1075230 493.2
1075240 493.2
1075250 493.3
1075260 493.8
1075270 493.8
1075280 494.7
1075290 494.8
1075300 494.8
1075310 494.6
1075320 494.5
1075330 494.5
1075340 494.4
1075350 494.5
1075360 494.5
1075370 494.6
1075380 494.6
1075390 494.6
1075400 494.6
1075410 494.7
1075420 494.9
1075430 494.9
1075440 495.0
1075450 494.9
1075460 494.9
1075470 495.1
1075480 495.2
1075490 495.2
1075500 495.2
1075510 495.4
1075520 495.4
1075530 495.7
1075540 496.3
1075550 496.3
1075560 497.0
1075570 497.6
1075580 497.6
1075590 498.0
1075600 498.6
1075610 498.6
1075620 499.1
1075630 500.1
1075640 500.1
1075650 500.7
1075660 502.0
1075670 502.6
1075680 502.6
1075690 503.3
1075700 504.3
1075710 504.3
1075720 506.3
1075730 509.3
1075740 509.3
1075750 511.5
1075760 514.1
1075770 514.1
1075780 516.2
1075790 519.2
1075800 519.2
1075810 522.4
1075820 524.1
1075830 524.1
1075840 526.1
1075850 529.1
1075860 529.1
1075870 532.2
1075880 535.9
1075890 535.9
1075900 539.3
1075910 543.8
1075920 543.8
1075930 547.4
1075940 551.0
1075950 555.0
1075960 555.8
1075970 559.2
1075980 563.0
1075990 563.0
1076000 567.3
1076010 571.9
1076020 571.9
1076030 576.8
1076040 580.0
1076050 580.0
1076060 584.0
1076070 587.0
1076080 587.0
1076090 590.4
1076100 592.9
1076110 592.9
1076120 594.7
1076130 594.2
1076140 594.2
1076150 590.5
1076160 585.4
1076170 585.4
1076180 586.3
1076190 583.6
1076200 583.6
1076210 576.4
1076220 574.3
1076230 574.4
1076240 574.4
1076250 577.3
1076260 580.2
1076270 588.9
1076280 591.1
1076290 588.2
1076300 588.2
1076310 593.4
1076320 594.1
1076330 594.1
1076340 595.1
1076350 599.0
1076360 599.0
1076370 602.6
1076380 607.7
1076390 607.7
1076400 612.5
1076410 612.6
1076420 612.6
1076430 606.6
1076440 600.6
1076450 600.6
1076460 591.4
1076470 585.2
1076480 585.2
1076490 587.8
1076500 591.6
1076510 597.4
1076520 597.4
1076530 604.2
1076540 611.9
1076550 611.9
1076560 618.7
1076570 624.4
1076580 619.2
1076590 626.3
1076600 630.3
1076610 630.3
1076620 631.1
1076630 630.7
1076640 630.7
1076650 630.2
1076660 629.8
1076670 629.8
1076680 630.1
1076690 631.8
1076700 631.8
1076710 633.5
1076720 634.5
1076730 634.5
1076740 635.2
1076750 636.4
1076760 636.4
1076770 638.6
1076780 641.2
1076790 645.2
1076800 645.2
1076810 647.6
1076820 648.0
1076830 648.0
1076840 650.5
1076850 652.6
1076860 652.6
1076870 655.1
1076880 654.9
1076890 655.8
1076900 653.7
1076910 650.9
1076920 650.9
1076930 649.2
1076940 649.0
1076950 649.0
1076960 649.2
1076970 650.0
1076980 650.0
1076990 650.9
1077000 651.4
1077010 651.4
1077020 651.9
1077030 652.6
1077040 652.6
1077050 654.3
1077060 656.5
1077070 660.1
1077080 660.1
1077090 665.2
1077100 670.5
1077110 670.5
1077120 674.1
1077130 675.2
1077140 675.2
1077150 676.1
1077160 677.9
1077170 677.9
1077180 680.5
1077190 683.2
1077200 683.2
1077210 682.3
1077220 686.3
1077230 686.3
1077240 690.1
1077250 694.6
1077260 694.6
1077270 698.0
1077280 699.3
1077290 699.3
1077300 700.2
1077310 701.2
1077320 701.2
1077330 702.7
1077340 703.9
1077350 706.3
1077360 706.3
1077370 710.9
1077380 714.5
1077390 714.5
1077400 720.6
1077410 721.8
1077420 721.8
1077430 724.7
1077440 729.3
1077450 729.3
1077460 733.3
1077470 733.3
1077480 733.3
1077490 733.8
1077500 734.5
1077510 734.5
1077520 735.8
1077530 735.9
1077540 735.9
1077550 736.2
1077560 737.0
1077570 737.0
1077580 738.1
1077590 739.4
1077600 739.4
1077610 741.2
1077620 743.3
1077630 745.6
1077640 745.6
1077650 748.5
1077660 751.8
1077670 751.8
1077680 754.5
1077690 756.9
1077700 756.9
1077710 759.4
1077720 761.5
1077730 761.5
1077740 762.5
1077750 767.4
1077760 767.4
1077770 773.3
1077780 778.3
1077790 778.3
1077800 783.8
1077810 789.4
1077820 789.4
1077830 794.6
1077840 799.8
1077850 799.8
1077860 804.5
1077870 809.2
1077880 809.2
1077890 813.9
1077900 820.0
1077910 826.4
1077920 826.4
1077930 831.6
1077940 836.5
1077950 836.5
1077960 840.9
1077970 844.6
1077980 844.6
1077990 849.0
1078000 853.8
1078010 853.8
1078020 859.0
1078030 863.5
1078040 863.5
1078050 868.0
1078060 870.4
1078070 870.4
1078080 872.1
1078090 874.1
1078100 874.1
1078110 876.1
1078120 878.1
1078130 878.1
1078140 881.4
1078150 883.6
1078160 883.6
1078170 886.7
1078180 889.9
1078190 891.9
1078200 891.9
1078210 893.8
1078220 896.0
1078230 896.0
1078240 897.9
1078250 899.9
1078260 899.9
1078270 902.1
1078280 904.5
1078290 904.5
1078300 906.9
1078310 908.8
1078320 908.8
1078330 910.4
1078340 912.3
1078350 912.3
1078360 914.1
1078370 915.5
1078380 915.5
1078390 916.9
1078400 918.4
1078410 918.4
1078420 920.3
1078430 923.0
1078440 923.0
1078450 924.8
1078460 925.7
1078470 925.8
1078480 925.8
1078490 926.8
1078500 928.4
1078510 928.4
1078520 930.5
1078530 932.8
1078540 932.8
1078550 934.8
1078560 935.8
1078570 935.8
1078580 936.3
1078590 936.5
1078600 936.5
1078610 936.8
1078620 937.1
1078630 937.1
1078640 936.7
1078650 935.9
1078660 935.9
1078670 934.6
1078680 935.7
1078690 935.7
1078700 935.6
1078710 935.7
1078720 935.7
1078730 935.8
1078740 936.2
1078750 936.6
1078760 936.6
1078770 939.3
1078780 939.5
1078790 939.5
1078800 938.9
1078810 938.7
1078820 938.7
1078830 938.3
1078840 937.3
1078850 937.3
1078860 936.1
1078870 934.5
1078880 934.5
1078890 933.3
1078900 932.2
1078910 932.2
1078920 931.4
1078930 931.7
1078940 931.7
1078950 930.4
1078960 929.4
1078970 929.4
1078980 928.4
1078990 926.8
1079000 926.8
1079010 924.5
1079020 922.3
1079030 922.3
1079040 922.3
1079050 924.2
1079060 923.4
1079070 923.4
1079080 921.3
1079090 926.5
1079100 926.5
1079110 927.0
1079120 927.0
1079130 927.0
1079140 926.6
1079150 923.5
1079160 923.5
1079170 920.7
1079180 918.7
1079190 918.7
1079200 916.5
1079210 913.9
1079220 913.9
1079230 915.2
1079240 918.7
1079250 918.7
1079260 923.4
1079270 925.1
1079280 925.1
1079290 921.7
1079300 918.0
1079310 915.7
1079320 915.7
1079330 913.9
1079340 911.2
1079350 911.2
1079360 909.0
1079370 906.6
1079380 906.6
1079390 904.5
1079400 902.4
1079410 902.4
1079420 899.6
1079430 902.6
1079440 902.6
1079450 906.6
1079460 909.8
1079470 909.8
1079480 912.7
1079490 915.6
1079500 915.6
1079510 917.8
1079520 918.6
1079530 918.6
1079540 915.5
1079550 912.0
1079560 912.0
1079570 908.6
1079580 905.7
1079590 911.5
1079600 911.5
1079610 920.3
1079620 924.4
1079630 924.4
1079640 923.7
1079650 919.3
1079660 919.3
1079670 914.7
1079680 918.4
1079690 918.4
1079700 923.3
1079710 931.3
1079720 931.3
1079730 935.4
1079740 932.5
1079750 932.5
1079760 926.7
1079770 921.3
1079780 921.3
1079790 917.3
1079800 913.0
1079810 913.0
1079820 913.0
1079830 921.1
1079840 921.1
1079850 925.5
1079860 927.3
1079870 927.0
1079880 927.0
1079890 927.5
1079900 930.7
1079910 930.7
1079920 932.6
1079930 933.2
1079940 933.2
1079950 934.9
1079960 939.0
1079970 939.0
1079980 943.5
1079990 947.6
