1063040 425.6
1063050 425.6
1063060 425.7
1063070 426.4
1063080 426.4
1063090 430.4
1063100 434.1
1063110 434.1
1063120 433.3
1063130 430.3
1063140 429.3
1063150 429.3
1063160 429.9
1063170 430.1
1063180 430.1
1063190 430.3
1063200 430.2
1063210 430.2
1063220 430.3
1063230 432.9
1063240 432.9
1063250 431.6
1063260 427.5
1063270 427.5
1063280 424.6
1063290 423.1
1063300 423.1
1063310 423.1
1063320 423.1
1063330 423.1
1063340 423.0
1063350 423.0
1063360 423.0
1063370 423.0
1063380 422.9
1063390 422.9
1063400 422.9
1063410 422.8
1063420 422.8
1063430 422.6
1063440 422.5
1063450 424.3
1063460 424.3
1063470 427.8
1063480 428.9
1063490 428.9
1063500 429.0
1063510 429.2
1063520 429.2
1063530 429.4
1063540 431.4
1063550 431.4
1063560 432.5
1063570 429.3
1063580 429.3
1063590 427.9
1063600 426.5
1063610 426.5
1063620 428.3
1063630 429.1
1063640 429.1
1063650 428.8
1063660 428.6
1063670 428.4
1063680 428.2
1063690 428.1
1063700 428.1
1063710 428.0
1063720 428.0
1063730 427.9
1063740 427.9
1063750 427.9
1063760 428.0
1063770 428.0
1063780 427.9
1063790 428.0
1063800 428.0
1063810 427.9
1063820 427.9
1063830 427.9
1063840 428.0
1063850 428.1
1063860 428.1
1063870 428.2
1063880 428.3
1063890 428.3
1063900 428.4
1063910 428.6
1063920 428.6
1063930 428.7
1063940 428.5
1063950 428.5
1063960 428.4
1063970 428.5
1063980 428.5
1063990 428.6
1064000 428.6
1064010 428.5
1064020 428.5
1064030 428.5
1064040 428.6
1064050 428.6
1064060 428.6
1064070 428.7
1064080 428.7
1064090 428.8
1064100 428.9
1064110 428.9
1064120 428.9
1064130 429.0
1064140 429.0
1064150 429.1
1064160 429.2
1064170 429.2
1064180 429.2
1064190 429.3
1064200 429.3
1064210 429.5
1064220 429.5
1064230 429.5
1064240 429.6
1064250 429.5
1064260 429.5
1064270 429.6
1064280 429.7
1064290 429.6
1064300 429.6
1064310 429.7
1064320 429.7
1064330 429.7
1064340 430.9
1064350 432.4
1064360 432.4
1064370 430.8
1064380 430.6
1064390 430.6
1064400 430.2
1064410 428.6
1064420 428.6
1064430 428.5
1064440 428.5
1064450 428.5
1064460 429.2
1064470 431.3
1064480 431.3
1064490 432.1
1064500 434.3
1064510 434.3
1064520 433.6
1064530 431.0
1064540 431.0
1064550 428.9
1064560 429.1
1064570 429.4
1064580 429.5
1064590 429.3
1064600 429.3
1064610 429.3
1064620 429.4
1064630 429.6
1064640 429.6
1064650 429.4
1064660 429.1
1064670 429.1
1064680 429.1
1064690 429.0
1064700 429.0
1064710 428.9
1064720 428.8
1064730 428.8
1064740 428.8
1064750 428.8
1064760 428.8
1064770 428.9
1064780 428.9
1064790 428.9
1064800 428.8
1064810 428.6
1064820 428.6
1064830 428.8
1064840 428.9
1064850 428.8
1064860 428.8
1064870 428.7
1064880 428.7
1064890 428.7
1064900 428.7
1064910 428.7
1064920 428.7
1064930 428.7
1064940 428.0
1064950 428.0
1064960 428.8
1064970 429.0
1064980 429.0
1064990 429.0
1065000 429.0
1065010 429.0
1065020 428.9
1065030 428.7
1065040 428.7
1065050 427.5
1065060 428.4
1065070 428.4
1065080 429.1
1065090 429.1
1065100 429.1
1065110 429.1
1065120 429.0
1065130 429.1
1065140 429.1
1065150 428.6
1065160 428.3
1065170 428.3
1065180 428.5
1065190 428.5
1065200 428.5
1065210 428.6
1065220 428.1
1065230 428.1
1065240 427.7
1065250 427.6
1065260 427.6
1065270 427.6
1065280 427.6
1065290 427.6
1065300 427.6
1065310 427.5
1065320 427.5
1065330 427.5
1065340 427.5
1065350 427.5
1065360 427.5
1065370 427.5
1065380 427.5
1065390 427.6
1065400 427.7
1065410 427.3
1065420 427.3
1065430 427.3
1065440 427.3
1065450 427.3
1065460 427.3
1065470 427.2
1065480 427.2
1065490 427.2
1065500 427.2
1065510 427.2
1065520 427.2
1065530 427.2
1065540 427.2
1065550 427.2
1065560 427.1
1065570 427.1
1065580 427.1
1065590 427.1
1065600 427.1
1065610 427.2
1065620 427.2
1065630 427.2
1065640 427.2
1065650 427.2
1065660 427.2
1065670 427.3
1065680 427.3
1065690 427.4
1065700 427.4
1065710 427.4
1065720 427.4
1065730 427.4
1065740 427.5
1065750 427.5
1065760 427.5
1065770 427.5
1065780 427.5
1065790 427.5
1065800 427.8
1065810 427.6
1065820 427.6
1065830 427.6
1065840 427.6
1065850 427.6
1065860 427.6
1065870 427.5
1065880 427.5
1065890 427.5
1065900 427.5
1065910 427.5
1065920 427.5
1065930 427.5
1065940 427.5
1065950 427.6
1065960 427.6
1065970 427.6
1065980 427.6
1065990 427.5
1066000 427.6
1066010 427.6
1066020 427.7
1066030 427.7
1066040 427.7
1066050 427.7
1066060 427.8
1066070 427.8
1066080 427.7
1066090 427.8
1066100 427.8
1066110 427.7
1066120 427.7
1066130 427.7
1066140 427.6
1066150 427.3
1066160 427.3
1066170 427.2
1066180 427.4
1066190 427.4
1066200 427.5
1066210 427.7
1066220 427.7
1066230 427.6
1066240 427.6
1066250 428.0
1066260 428.0
1066270 428.0
1066280 428.0
1066290 428.0
1066300 428.0
1066310 428.0
1066320 428.0
1066330 427.9
1066340 427.9
1066350 427.9
1066360 428.1
1066370 428.1
1066380 428.1
1066390 427.7
1066400 427.9
1066410 427.9
1066420 427.9
1066430 427.7
1066440 427.7
1066450 427.7
1066460 428.0
1066470 428.0
1066480 428.4
1066490 428.1
1066500 428.1
1066510 428.0
1066520 427.5
1066530 427.1
1066540 427.1
1066550 427.1
1066560 427.3
1066570 427.3
1066580 427.2
1066590 427.6
1066600 427.6
1066610 427.7
1066620 427.6
1066630 427.6
1066640 427.6
1066650 427.5
1066660 427.5
1066670 427.6
1066680 427.5
1066690 427.5
1066700 427.4
1066710 427.4
1066720 427.4
1066730 427.5
1066740 427.4
1066750 427.4
1066760 427.2
1066770 427.2
1066780 427.2
1066790 427.1
1066800 427.2
1066810 427.6
1066820 427.6
1066830 428.1
1066840 428.1
1066850 428.1
1066860 428.1
1066870 428.1
1066880 428.1
1066890 427.9
1066900 427.7
1066910 427.7
1066920 427.5
1066930 427.3
1066940 427.3
1066950 427.3
1066960 427.2
1066970 427.2
1066980 427.1
1066990 427.1
1067000 427.1
1067010 427.0
1067020 426.7
1067030 426.7
1067040 426.8
1067050 426.5
1067060 426.5
1067070 426.5
1067080 426.6
1067090 426.7
1067100 426.7
1067110 426.8
1067120 426.9
1067130 426.9
1067140 427.0
1067150 427.1
1067160 427.1
1067170 427.2
1067180 427.4
1067190 427.4
1067200 427.6
1067210 427.7
1067220 427.7
1067230 427.7
1067240 427.7
1067250 427.7
1067260 427.7
1067270 427.8
1067280 427.8
1067290 428.0
1067300 428.3
1067310 428.3
1067320 428.4
1067330 428.3
1067340 428.3
1067350 428.2
1067360 427.8
1067370 426.8
1067380 426.8
1067390 427.2
1067400 427.7
1067410 427.7
1067420 427.7
1067430 427.9
1067440 427.9
1067450 428.0
1067460 428.0
1067470 428.0
1067480 428.1
1067490 428.2
1067500 428.2
1067510 428.2
1067520 428.2
1067530 428.2
1067540 428.3
1067550 428.3
1067560 428.3
1067570 428.4
1067580 428.5
1067590 428.5
1067600 428.4
1067610 428.4
1067620 428.5
1067630 428.6
1067640 428.7
1067650 428.6
1067660 428.6
1067670 428.7
1067680 428.8
1067690 428.8
1067700 428.8
1067710 428.8
1067720 428.8
1067730 428.9
1067740 429.2
1067750 429.2
1067760 429.2
1067770 429.1
1067780 429.1
1067790 429.2
1067800 429.3
1067810 429.3
1067820 429.4
1067830 429.4
1067840 429.4
1067850 429.4
1067860 429.4
1067870 429.4
1067880 429.2
1067890 429.0
1067900 429.0
1067910 428.9
1067920 429.4
1067930 429.6
1067940 429.6
1067950 429.7
1067960 429.7
1067970 429.7
1067980 429.8
1067990 429.8
1068000 429.8
1068010 430.0
1068020 430.1
1068030 430.1
1068040 430.0
1068050 430.1
1068060 430.1
1068070 430.1
1068080 430.1
1068090 430.1
1068100 430.3
1068110 430.3
1068120 430.3
1068130 430.3
1068140 430.3
1068150 430.3
1068160 430.3
1068170 430.4
1068180 430.4
1068190 430.5
1068200 430.6
1068210 430.7
1068220 430.7
1068230 430.8
1068240 430.8
1068250 430.8
1068260 430.9
1068270 430.9
1068280 430.9
1068290 431.1
1068300 431.1
1068310 431.1
1068320 431.0
1068330 431.1
1068340 431.1
1068350 431.2
1068360 431.2
1068370 431.2
1068380 431.3
1068390 431.3
1068400 431.3
1068410 431.3
1068420 431.4
1068430 431.4
1068440 431.4
1068450 431.5
1068460 431.5
1068470 431.6
1068480 431.7
1068490 431.7
1068500 431.8
1068510 432.0
1068520 432.1
1068530 432.1
1068540 432.0
1068550 432.0
1068560 432.0
1068570 432.1
1068580 432.2
1068590 432.2
1068600 432.3
1068610 432.4
1068620 432.4
1068630 432.5
1068640 432.5
1068650 432.5
1068660 432.6
1068670 432.7
1068680 432.7
1068690 432.8
1068700 432.9
1068710 432.9
1068720 433.0
1068730 433.0
1068740 433.0
1068750 433.1
1068760 433.2
1068770 433.2
1068780 433.3
1068790 433.2
1068800 433.3
1068810 433.3
1068820 433.4
1068830 433.4
1068840 433.4
1068850 433.4
1068860 433.5
1068870 433.5
1068880 433.5
1068890 433.6
1068900 433.6
1068910 433.6
1068920 433.7
1068930 433.7
1068940 433.7
1068950 433.7
1068960 433.7
1068970 433.8
1068980 433.9
1068990 433.9
1069000 434.0
1069010 434.1
1069020 434.1
1069030 434.1
1069040 434.1
1069050 434.1
1069060 434.0
1069070 434.0
1069080 434.1
1069090 434.1
1069100 434.2
1069110 434.3
1069120 434.3
1069130 434.4
1069140 434.9
1069150 434.9
1069160 434.8
1069170 434.7
1069180 434.7
1069190 434.8
1069200 434.8
1069210 434.8
1069220 434.9
1069230 435.0
1069240 435.0
1069250 435.1
1069260 435.2
1069270 435.2
1069280 435.2
1069290 435.3
1069300 435.3
1069310 435.4
1069320 435.5
1069330 435.5
1069340 435.6
1069350 435.7
1069360 435.9
1069370 435.9
1069380 436.0
1069390 436.1
1069400 436.1
1069410 436.3
1069420 436.2
1069430 436.2
1069440 436.3
1069450 436.3
1069460 436.3
1069470 436.2
1069480 436.3
1069490 436.3
1069500 436.4
1069510 436.4
1069520 436.4
1069530 436.5
1069540 436.6
1069550 436.6
1069560 436.7
1069570 436.9
1069580 436.9
1069590 437.0
1069600 437.0
1069610 437.0
1069620 437.0
1069630 437.0
1069640 437.2
1069650 437.2
1069660 437.5
1069670 438.2
1069680 438.2
1069690 437.8
1069700 437.8
1069710 437.8
1069720 437.9
1069730 437.9
1069740 437.9
1069750 437.7
1069760 437.7
1069770 437.9
1069780 437.7
1069790 437.7
1069800 437.7
1069810 437.9
1069820 438.0
1069830 438.0
1069840 438.0
1069850 438.1
1069860 438.1
1069870 438.2
1069880 438.3
1069890 438.3
1069900 438.4
1069910 438.4
1069920 438.5
1069930 438.5
1069940 438.6
1069950 438.6
1069960 438.6
1069970 438.6
1069980 438.6
1069990 438.6
1070000 438.6
1070010 438.6
1070020 438.6
1070030 438.6
1070040 438.7
1070050 438.7
1070060 438.8
1070070 438.9
1070080 438.9
1070090 439.0
1070100 439.4
1070110 439.4
1070120 439.5
1070130 439.3
1070140 439.3
1070150 439.5
1070160 439.6
1070170 439.6
1070180 439.7
1070190 439.9
1070200 439.9
1070210 439.9
1070220 440.2
1070230 440.6
1070240 440.6
1070250 440.4
1070260 440.3
1070270 440.3
1070280 440.6
1070290 440.8
1070300 440.8
1070310 440.9
1070320 441.1
1070330 441.1
1070340 441.3
1070350 441.6
1070360 441.6
1070370 441.5
1070380 441.5
1070390 441.5
1070400 441.5
1070410 441.7
1070420 441.7
1070430 441.9
1070440 442.0
1070450 442.0
1070460 441.9
1070470 441.5
1070480 441.3
1070490 441.3
1070500 441.8
1070510 442.3
1070520 442.3
1070530 442.4
1070540 442.6
1070550 442.6
1070560 442.7
1070570 442.8
1070580 442.8
1070590 442.9
1070600 443.1
1070610 443.1
1070620 443.2
1070630 443.4
1070640 443.4
1070650 443.6
1070660 443.8
1070670 443.8
1070680 443.9
1070690 443.9
1070700 443.9
1070710 444.1
1070720 444.3
1070730 444.3
1070740 445.0
1070750 445.8
1070760 445.8
1070770 445.8
1070780 445.6
1070790 445.7
1070800 445.7
1070810 445.9
1070820 445.8
1070830 445.8
1070840 445.5
1070850 445.2
1070860 445.2
1070870 444.7
1070880 445.3
1070890 445.3
1070900 446.1
1070910 446.3
1070920 446.3
1070930 447.0
1070940 447.2
1070950 447.2
1070960 447.1
1070970 446.9
1070980 446.9
1070990 446.3
1071000 446.9
1071010 446.9
1071020 447.2
1071030 447.3
1071040 447.3
1071050 447.3
1071060 447.4
1071070 447.4
1071080 447.4
1071090 447.4
1071100 447.5
1071110 447.5
1071120 447.5
1071130 447.5
1071140 447.5
1071150 447.6
1071160 447.7
1071170 447.7
1071180 447.9
1071190 448.0
1071200 448.0
1071210 448.4
1071220 448.5
1071230 448.5
1071240 448.8
1071250 449.1
1071260 449.1
1071270 449.3
1071280 449.4
1071290 449.4
1071300 449.6
1071310 449.7
1071320 449.9
1071330 449.9
1071340 450.0
1071350 450.0
1071360 450.0
1071370 450.2
1071380 450.2
1071390 450.2
1071400 450.4
1071410 450.5
1071420 450.5
1071430 450.8
1071440 451.0
1071450 451.0
1071460 451.2
1071470 451.3
1071480 451.3
1071490 451.5
1071500 451.6
1071510 451.6
1071520 451.7
1071530 451.9
1071540 451.9
1071550 452.1
1071560 452.2
1071570 452.2
1071580 452.7
1071590 456.1
1071600 459.2
1071610 459.2
1071620 459.5
1071630 459.5
1071640 459.5
1071650 459.1
1071660 455.6
1071670 455.6
1071680 453.8
1071690 453.9
1071700 453.9
1071710 454.0
1071720 454.3
1071730 454.3
1071740 454.4
1071750 454.4
1071760 454.4
1071770 454.5
1071780 454.6
1071790 454.6
1071800 454.7
1071810 454.8
1071820 454.8
1071830 454.9
1071840 455.1
1071850 455.1
1071860 455.3
1071870 455.5
1071880 455.7
1071890 455.7
1071900 455.9
1071910 456.3
1071920 456.1
1071930 456.4
1071940 456.6
1071950 456.6
1071960 456.9
1071970 457.2
1071980 457.2
1071990 457.5
1072000 457.6
1072010 457.6
1072020 457.7
1072030 457.6
1072040 457.6
1072050 457.7
1072060 458.4
1072070 458.4
1072080 459.1
1072090 459.4
1072100 459.4
1072110 459.8
1072120 459.0
1072130 459.0
1072140 456.9
1072150 456.0
1072160 456.0
1072170 456.0
1072180 457.0
1072190 458.9
1072200 458.9
1072210 460.3
1072220 460.4
1072230 460.3
1072240 460.9
1072250 460.1
1072260 460.1
1072270 459.8
1072280 459.7
1072290 459.7
1072300 459.8
1072310 459.8
1072320 459.8
1072330 459.9
1072340 459.9
1072350 459.9
1072360 459.9
1072370 459.7
1072380 459.7
1072390 459.7
1072400 460.1
1072410 460.1
1072420 459.9
1072430 459.3
1072440 459.1
1072450 459.1
1072460 459.1
1072470 459.1
1072480 459.1
1072490 459.2
1072500 459.4
1072510 459.4
1072520 459.8
1072530 462.3
1072540 463.2
1072550 464.2
1072560 461.2
1072570 461.2
1072580 459.7
1072590 459.7
1072600 459.7
1072610 459.8
1072620 459.9
1072630 459.9
1072640 460.0
1072650 460.1
1072660 460.1
1072670 460.1
1072680 460.2
1072690 460.2
1072700 460.3
1072710 460.4
1072720 460.4
1072730 460.4
1072740 460.4
1072750 460.5
1072760 460.5
1072770 460.5
1072780 460.6
1072790 460.6
1072800 460.7
1072810 460.9
1072820 460.9
1072830 461.2
1072840 461.2
1072850 461.3
1072860 461.3
1072870 461.4
1072880 461.4
1072890 461.5
1072900 461.7
1072910 461.7
1072920 461.9
1072930 462.1
1072940 462.1
1072950 462.3
1072960 462.4
1072970 462.4
1072980 462.6
1072990 462.7
1073000 462.7
1073010 462.7
1073020 462.8
1073030 462.9
1073040 462.9
1073050 463.0
1073060 463.2
1073070 463.2
1073080 463.5
1073090 463.8
1073100 463.8
1073110 464.1
1073120 464.2
1073130 464.2
1073140 464.4
1073150 464.6
1073160 464.7
1073170 464.9
1073180 465.1
1073190 465.1
1073200 465.4
1073210 465.6
1073220 465.6
1073230 465.8
1073240 466.0
1073250 466.0
1073260 466.2
1073270 466.4
1073280 466.6
1073290 466.6
1073300 466.9
1073310 467.1
1073320 467.1
1073330 467.3
1073340 467.7
1073350 467.7
1073360 467.9
1073370 468.4
1073380 468.4
1073390 469.4
1073400 469.1
1073410 469.1
1073420 468.7
1073430 468.9
1073440 468.9
1073450 469.1
1073460 469.4
1073470 469.4
1073480 469.5
1073490 469.7
1073500 469.7
1073510 469.9
1073520 470.0
1073530 470.0
1073540 470.2
1073550 470.6
1073560 471.1
1073570 471.1
1073580 471.4
1073590 471.6
1073600 471.6
1073610 471.9
1073620 472.2
1073630 472.2
1073640 472.5
1073650 472.8
1073660 472.8
1073670 473.0
1073680 473.2
1073690 473.2
1073700 473.4
1073710 473.7
1073720 473.7
1073730 473.9
1073740 473.9
1073750 473.9
1073760 473.8
1073770 473.9
1073780 474.1
1073790 474.2
1073800 474.2
1073810 474.2
1073820 474.4
1073830 474.6
1073840 475.4
1073850 475.4
1073860 476.5
1073870 475.3
1073880 475.3
1073890 474.6
1073900 474.9
1073910 474.9
1073920 475.8
1073930 475.4
1073940 475.4
1073950 474.9
1073960 474.9
1073970 474.9
1073980 475.0
1073990 475.2
1074000 475.2
1074010 475.4
1074020 475.8
1074030 475.8
1074040 476.2
1074050 476.5
1074060 476.5
1074070 477.4
1074080 479.4
1074090 480.1
1074100 482.9
1074110 485.1
1074120 486.3
1074130 486.3
1074140 487.6
1074150 489.2
1074160 489.2
1074170 490.2
1074180 490.5
1074190 490.5
1074200 491.0
1074210 492.4
1074220 492.4
1074230 493.8
1074240 495.4
1074250 495.4
1074260 497.4
1074270 500.5
1074280 500.5
1074290 502.5
1074300 502.4
1074310 502.4
1074320 500.5
1074330 497.8
1074340 497.8
1074350 495.0
1074360 492.2
1074370 492.2
1074380 488.2
1074390 486.0
1074400 485.8
1074410 485.8
1074420 486.0
1074430 486.0
1074440 486.0
1074450 485.9
1074460 485.9
1074470 485.9
1074480 486.1
1074490 486.2
1074500 486.2
1074510 486.4
1074520 486.5
1074530 486.5
1074540 486.9
1074550 486.9
1074560 486.9
1074570 487.1
1074580 487.2
1074590 487.2
1074600 487.6
1074610 487.7
1074620 487.7
1074630 487.7
1074640 488.1
1074650 488.1
1074660 489.1
1074670 489.2
1074680 489.3
1074690 489.3
1074700 489.3
1074710 489.1
1074720 489.1
1074730 489.4
1074740 489.8
1074750 489.8
1074760 490.7
1074770 490.7
1074780 490.7
1074790 490.8
1074800 491.0
1074810 491.0
1074820 491.3
1074830 491.5
1074840 491.5
1074850 491.8
1074860 491.9
1074870 491.9
1074880 492.2
1074890 492.6
1074900 492.6
1074910 492.9
1074920 493.0
1074930 493.0
1074940 493.2
1074950 493.2
1074960 493.2
1074970 493.2
1074980 493.6
1074990 493.6
1075000 493.6
1075010 493.9
1075020 494.0
1075030 494.0
1075040 494.3
1075050 494.6
1075060 494.6
1075070 494.9
1075080 495.1
1075090 495.1
1075100 495.8
1075110 496.5
1075120 496.5
1075130 496.6
1075140 496.8
1075150 496.8
1075160 496.9
1075170 497.2
1075180 497.2
1075190 497.5
1075200 497.8
1075210 497.8
1075220 498.5
1075230 498.5
1075240 498.8
1075250 498.8
1075260 499.5
1075270 500.2
1075280 500.2
1075290 500.2
1075300 500.1
1075310 500.1
1075320 500.0
1075330 500.1
1075340 500.1
1075350 500.8
1075360 500.9
1075370 500.9
1075380 501.2
1075390 501.6
1075400 501.6
1075410 501.4
1075420 501.8
1075430 501.8
1075440 502.1
1075450 502.3
1075460 502.3
1075470 503.0
1075480 503.4
1075490 503.4
1075500 503.3
1075510 503.3
1075520 503.4
1075530 503.4
1075540 503.8
1075550 504.2
1075560 504.2
1075570 504.5
1075580 504.6
1075590 504.6
1075600 504.5
1075610 504.6
1075620 504.6
1075630 505.0
1075640 505.6
1075650 506.0
1075660 506.1
1075670 506.3
1075680 506.3
1075690 506.4
1075700 506.9
1075710 506.9
1075720 506.9
1075730 506.6
1075740 506.6
1075750 506.9
1075760 507.2
1075770 507.2
1075780 507.3
1075790 507.2
1075800 507.0
1075810 507.0
1075820 506.9
1075830 505.3
1075840 505.3
1075850 503.3
1075860 502.7
1075870 502.7
1075880 503.2
1075890 505.0
1075900 505.0
1075910 506.9
1075920 509.8
1075930 509.8
1075940 517.6
1075950 523.9
1075960 531.6
1075970 536.3
1075980 539.8
1075990 539.8
1076000 543.1
1076010 544.8
1076020 544.8
1076030 546.6
1076040 549.4
1076050 549.4
1076060 552.9
1076070 556.2
1076080 559.8
1076090 559.8
1076100 563.1
1076110 565.8
1076120 565.8
1076130 568.2
1076140 570.6
1076150 570.6
1076160 571.8
1076170 573.3
1076180 573.3
1076190 572.6
1076200 566.5
1076210 566.5
1076220 566.9
1076230 570.7
1076240 570.7
1076250 569.8
1076260 565.5
1076270 568.3
1076280 568.4
1076290 567.9
1076300 567.9
1076310 574.5
1076320 579.7
1076330 579.7
1076340 581.3
1076350 585.6
1076360 588.4
1076370 588.4
1076380 589.9
1076390 590.4
1076400 590.4
1076410 591.0
1076420 589.4
1076430 589.4
1076440 584.6
1076450 583.3
1076460 583.3
1076470 582.7
1076480 582.1
1076490 582.1
1076500 581.2
1076510 580.8
1076520 580.8
1076530 582.4
1076540 582.0
1076550 582.0
1076560 578.7
1076570 574.4
1076580 577.2
1076590 573.0
1076600 571.5
1076610 571.5
1076620 566.9
1076630 564.1
1076640 569.3
1076650 569.3
1076660 575.9
1076670 582.5
1076680 582.5
1076690 589.8
1076700 596.5
1076710 596.5
1076720 602.2
1076730 609.2
1076740 609.2
1076750 615.1
1076760 620.3
1076770 620.3
1076780 624.8
1076790 628.5
1076800 628.5
1076810 632.2
1076820 635.1
1076830 635.1
1076840 637.2
1076850 638.4
1076860 638.4
1076870 638.9
1076880 638.7
1076890 635.9
1076900 635.6
1076910 635.6
1076920 635.4
1076930 635.4
1076940 635.4
1076950 635.9
1076960 635.9
1076970 636.3
1076980 636.7
1076990 636.7
1077000 637.7
1077010 638.9
1077020 638.9
1077030 640.8
1077040 643.0
1077050 643.0
1077060 644.8
1077070 646.2
1077080 646.2
1077090 646.3
1077100 645.7
1077110 645.7
1077120 645.2
1077130 646.4
1077140 646.4
1077150 648.4
1077160 649.0
1077170 649.0
1077180 650.2
1077190 651.8
1077200 651.8
1077210 653.1
1077220 655.3
1077230 656.5
1077240 656.5
1077250 655.6
1077260 660.8
1077270 660.8
1077280 665.2
1077290 666.6
1077300 666.6
1077310 667.7
1077320 669.4
1077330 669.4
1077340 671.4
1077350 673.3
1077360 673.3
1077370 673.5
1077380 671.8
1077390 671.8
1077400 670.3
1077410 669.8
1077420 669.8
1077430 670.1
1077440 671.2
1077450 671.2
1077460 672.6
1077470 672.4
1077480 672.4
1077490 674.3
1077500 676.8
1077510 679.4
1077520 682.4
1077530 683.8
1077540 685.2
1077550 685.2
1077560 686.2
1077570 686.3
1077580 686.3
1077590 689.6
1077600 693.4
1077610 693.4
1077620 692.8
1077630 689.5
1077640 689.5
1077650 690.3
1077660 693.7
1077670 693.7
1077680 697.6
1077690 701.0
1077700 701.0
1077710 706.6
1077720 713.9
1077730 713.9
1077740 717.6
1077750 722.3
1077760 722.3
1077770 726.0
1077780 726.4
1077790 726.7
1077800 726.7
1077810 727.2
1077820 727.8
1077830 728.7
1077840 730.5
1077850 733.9
1077860 733.9
1077870 737.4
1077880 740.2
1077890 740.2
1077900 742.7
1077910 745.0
1077920 745.0
1077930 747.4
1077940 749.4
1077950 749.4
1077960 751.4
1077970 752.7
1077980 752.7
1077990 754.0
1078000 755.6
1078010 755.6
1078020 757.1
1078030 758.5
1078040 758.5
1078050 758.6
1078060 756.7
1078070 755.5
1078080 755.5
1078090 754.5
1078100 756.0
1078110 756.0
1078120 756.8
1078130 757.1
1078140 760.3
1078150 761.0
1078160 763.1
1078170 763.1
1078180 765.6
1078190 765.9
1078200 765.9
1078210 765.1
1078220 763.9
1078230 763.9
1078240 761.1
1078250 760.3
1078260 760.3
1078270 760.6
1078280 760.6
1078290 760.6
1078300 761.0
1078310 762.4
1078320 762.4
1078330 763.2
1078340 764.9
1078350 767.7
1078360 767.7
1078370 771.8
1078380 774.1
1078390 774.1
1078400 771.5
1078410 762.1
1078420 762.1
1078430 760.8
1078440 762.5
1078450 762.5
1078460 754.6
1078470 744.5
1078480 744.5
1078490 739.6
1078500 739.6
1078510 739.6
1078520 740.0
1078530 741.4
1078540 741.4
1078550 738.6
1078560 731.1
1078570 731.1
1078580 725.0
1078590 716.3
1078600 716.3
1078610 717.6
1078620 722.3
1078630 729.9
1078640 729.9
1078650 734.3
1078660 737.5
1078670 737.5
1078680 740.1
1078690 740.6
1078700 740.6
1078710 733.4
1078720 729.3
1078730 729.3
1078740 731.3
1078750 725.8
1078760 725.8
1078770 727.5
1078780 713.1
1078790 713.1
1078800 702.8
1078810 699.5
1078820 699.5
1078830 706.6
1078840 712.5
1078850 712.5
1078860 717.6
1078870 722.4
1078880 722.4
1078890 724.7
1078900 727.1
1078910 732.0
1078920 732.0
1078930 734.8
1078940 742.9
1078950 742.9
1078960 743.2
1078970 744.2
1078980 744.2
1078990 750.1
1079000 753.3
1079010 753.3
1079020 756.2
1079030 758.6
1079040 758.6
1079050 762.3
1079060 766.2
1079070 766.2
1079080 769.5
1079090 768.6
1079100 768.6
1079110 778.6
1079120 781.9
1079130 781.9
1079140 787.0
1079150 791.4
1079160 791.4
1079170 796.4
1079180 800.8
1079190 806.8
1079200 806.8
1079210 810.6
1079220 816.5
1079230 816.5
1079240 822.7
1079250 829.4
1079260 829.4
1079270 834.7
1079280 840.2
1079290 840.2
1079300 844.3
1079310 849.9
1079320 849.9
1079330 856.4
1079340 865.0
1079350 865.0
1079360 871.1
1079370 878.7
1079380 878.7
1079390 883.8
1079400 893.6
1079410 893.6
1079420 897.4
1079430 901.0
1079440 901.0
1079450 904.6
1079460 908.3
1079470 910.9
1079480 910.9
1079490 914.6
1079500 918.9
1079510 918.9
1079520 923.2
1079530 926.7
1079540 926.7
1079550 930.8
1079560 934.9
1079570 934.9
1079580 939.4
1079590 943.8
1079600 943.8
1079610 947.5
1079620 950.3
1079630 950.3
1079640 952.3
1079650 954.7
1079660 954.7
1079670 957.0
1079680 959.5
1079690 959.5
1079700 962.9
1079710 964.7
1079720 964.7
1079730 968.0
1079740 971.8
1079750 974.8
1079760 974.8
1079770 977.4
1079780 980.0
1079790 980.0
1079800 982.1
1079810 985.8
1079820 985.8
1079830 989.7
1079840 993.0
1079850 993.0
1079860 994.7
1079870 997.6
1079880 997.6
1079890 1001.1
1079900 1005.3
1079910 1005.3
1079920 1008.6
1079930 1010.7
1079940 1010.7
1079950 1014.2
1079960 1016.9
1079970 1016.9
1079980 1018.9
1079990 1021.6
