1063030 425.5
1063040 425.5
1063050 426.0
1063060 426.8
1063070 426.8
1063080 426.7
1063090 430.7
1063100 433.5
1063110 433.5
1063120 431.4
1063130 429.6
1063140 429.6
1063150 430.0
1063160 430.1
1063170 430.1
1063180 430.2
1063190 429.4
1063200 429.4
1063210 431.4
1063220 433.2
1063230 433.2
1063240 429.6
1063250 426.7
1063260 426.7
1063270 423.4
1063280 423.1
1063290 423.1
1063300 423.1
1063310 423.1
1063320 423.1
1063330 423.2
1063340 423.7
1063350 423.8
1063360 423.8
1063370 423.9
1063380 423.8
1063390 423.8
1063400 423.4
1063410 423.0
1063420 423.0
1063430 422.7
1063440 426.1
1063450 426.9
1063460 428.7
1063470 429.0
1063480 429.0
1063490 429.2
1063500 429.4
1063510 429.4
1063520 429.9
1063530 432.7
1063540 432.7
1063550 431.6
1063560 428.3
1063570 428.3
1063580 427.8
1063590 426.4
1063600 426.4
1063610 428.2
1063620 428.6
1063630 428.7
1063640 428.7
1063650 428.6
1063660 428.3
1063670 428.3
1063680 428.2
1063690 428.1
1063700 428.1
1063710 428.1
1063720 428.1
1063730 428.1
1063740 428.1
1063750 428.2
1063760 428.2
1063770 428.2
1063780 428.2
1063790 428.2
1063800 428.2
1063810 428.1
1063820 428.1
1063830 428.1
1063840 428.1
1063850 428.1
1063860 428.2
1063870 428.3
1063880 428.3
1063890 428.2
1063900 428.2
1063910 428.4
1063920 428.4
1063930 428.8
1063940 429.3
1063950 429.3
1063960 428.8
1063970 428.7
1063980 428.7
1063990 428.6
1064000 428.7
1064010 428.7
1064020 428.8
1064030 428.9
1064040 428.9
1064050 428.7
1064060 428.9
1064070 428.9
1064080 429.1
1064090 429.2
1064100 429.2
1064110 429.2
1064120 429.3
1064130 429.3
1064140 429.3
1064150 429.3
1064160 429.3
1064170 429.4
1064180 429.3
1064190 429.1
1064200 429.1
1064210 429.1
1064220 429.2
1064230 429.2
1064240 429.3
1064250 429.4
1064260 429.4
1064270 429.5
1064280 429.6
1064290 429.6
1064300 429.7
1064310 429.7
1064320 429.7
1064330 429.7
1064340 429.8
1064350 429.8
1064360 429.8
1064370 429.9
1064380 429.9
1064390 431.7
1064400 432.4
1064410 432.4
1064420 430.8
1064430 430.9
1064440 430.9
1064450 430.1
1064460 428.6
1064470 428.6
1064480 428.6
1064490 428.6
1064500 429.6
1064510 429.6
1064520 431.3
1064530 432.2
1064540 432.2
1064550 434.4
1064560 433.8
1064570 433.8
1064580 431.2
1064590 428.8
1064600 428.8
1064610 429.2
1064620 429.6
1064630 429.6
1064640 429.5
1064650 429.5
1064660 429.5
1064670 429.7
1064680 429.7
1064690 429.7
1064700 429.3
1064710 429.2
1064720 429.2
1064730 429.1
1064740 429.1
1064750 429.0
1064760 429.0
1064770 428.9
1064780 428.9
1064790 428.9
1064800 429.0
1064810 429.0
1064820 429.0
1064830 428.9
1064840 429.0
1064850 429.0
1064860 429.0
1064870 429.0
1064880 429.0
1064890 429.1
1064900 429.0
1064910 429.0
1064920 429.0
1064930 428.9
1064940 428.9
1064950 428.7
1064960 428.7
1064970 428.7
1064980 428.6
1064990 427.9
1065000 427.9
1065010 429.0
1065020 429.1
1065030 429.1
1065040 429.1
1065050 429.1
1065060 429.3
1065070 429.3
1065080 429.2
1065090 428.0
1065100 428.0
1065110 427.6
1065120 429.0
1065130 429.0
1065140 429.4
1065150 429.4
1065160 429.4
1065170 429.3
1065180 429.1
1065190 429.1
1065200 428.7
1065210 428.7
1065220 428.7
1065230 428.4
1065240 428.0
1065250 428.0
1065260 427.8
1065270 427.9
1065280 427.9
1065290 427.9
1065300 427.8
1065310 427.8
1065320 427.8
1065330 427.8
1065340 427.8
1065350 427.8
1065360 427.9
1065370 427.8
1065380 427.8
1065390 427.8
1065400 427.8
1065410 427.8
1065420 427.9
1065430 427.8
1065440 427.8
1065450 427.5
1065460 427.5
1065470 427.5
1065480 427.4
1065490 427.3
1065500 427.3
1065510 427.3
1065520 427.2
1065530 427.2
1065540 427.3
1065550 427.3
1065560 427.3
1065570 427.4
1065580 427.4
1065590 427.3
1065600 427.3
1065610 427.3
1065620 427.3
1065630 427.3
1065640 427.4
1065650 427.4
1065660 427.4
1065670 427.5
1065680 427.4
1065690 427.4
1065700 427.4
1065710 427.4
1065720 427.4
1065730 427.5
1065740 427.5
1065750 427.5
1065760 427.7
1065770 427.8
1065780 427.8
1065790 427.8
1065800 427.8
1065810 427.8
1065820 427.8
1065830 427.8
1065840 427.8
1065850 427.9
1065860 427.9
1065870 427.9
1065880 427.9
1065890 428.0
1065900 428.0
1065910 428.0
1065920 428.0
1065930 427.9
1065940 427.9
1065950 427.8
1065960 427.7
1065970 427.7
1065980 427.7
1065990 427.8
1066000 427.8
1066010 427.9
1066020 427.9
1066030 427.9
1066040 427.8
1066050 427.8
1066060 427.8
1066070 427.9
1066080 427.9
1066090 427.9
1066100 427.8
1066110 427.7
1066120 427.7
1066130 427.5
1066140 427.4
1066150 427.4
1066160 427.4
1066170 427.7
1066180 427.9
1066190 427.9
1066200 427.9
1066210 427.7
1066220 427.7
1066230 427.9
1066240 427.9
1066250 427.9
1066260 428.0
1066270 427.8
1066280 427.8
1066290 428.0
1066300 428.0
1066310 428.0
1066320 428.0
1066330 427.9
1066340 427.9
1066350 428.0
1066360 428.3
1066370 428.3
1066380 428.5
1066390 428.4
1066400 428.4
1066410 428.5
1066420 428.5
1066430 428.5
1066440 428.3
1066450 428.0
1066460 427.9
1066470 427.9
1066480 428.1
1066490 427.9
1066500 427.9
1066510 428.0
1066520 428.3
1066530 428.3
1066540 428.4
1066550 428.4
1066560 428.4
1066570 427.8
1066580 427.7
1066590 427.7
1066600 427.7
1066610 427.7
1066620 427.7
1066630 427.6
1066640 427.5
1066650 427.5
1066660 427.5
1066670 427.6
1066680 427.6
1066690 427.6
1066700 427.6
1066710 427.6
1066720 427.6
1066730 427.5
1066740 427.3
1066750 427.3
1066760 427.3
1066770 427.5
1066780 427.5
1066790 427.6
1066800 428.0
1066810 428.0
1066820 428.0
1066830 428.0
1066840 428.0
1066850 427.7
1066860 427.4
1066870 427.4
1066880 427.3
1066890 427.4
1066900 427.4
1066910 427.3
1066920 427.3
1066930 427.3
1066940 427.3
1066950 427.6
1066960 427.6
1066970 428.0
1066980 428.1
1066990 428.1
1067000 428.0
1067010 427.6
1067020 427.5
1067030 427.5
1067040 427.8
1067050 427.5
1067060 427.5
1067070 427.2
1067080 427.1
1067090 427.2
1067100 427.2
1067110 427.4
1067120 427.4
1067130 427.5
1067140 427.6
1067150 427.6
1067160 427.7
1067170 427.8
1067180 427.8
1067190 427.9
1067200 428.0
1067210 428.0
1067220 428.2
1067230 428.5
1067240 428.5
1067250 428.6
1067260 428.6
1067270 428.6
1067280 428.6
1067290 428.6
1067300 428.6
1067310 428.6
1067320 428.6
1067330 428.5
1067340 428.5
1067350 428.5
1067360 428.6
1067370 428.6
1067380 428.6
1067390 428.5
1067400 428.6
1067410 428.5
1067420 428.5
1067430 428.5
1067440 428.3
1067450 427.4
1067460 427.4
1067470 427.3
1067480 427.8
1067490 427.8
1067500 427.6
1067510 427.5
1067520 427.5
1067530 427.8
1067540 428.0
1067550 428.0
1067560 428.1
1067570 428.1
1067580 428.2
1067590 428.2
1067600 428.3
1067610 428.4
1067620 428.4
1067630 428.5
1067640 428.6
1067650 428.6
1067660 428.5
1067670 428.5
1067680 428.5
1067690 428.6
1067700 428.7
1067710 428.6
1067720 428.6
1067730 428.7
1067740 428.7
1067750 428.9
1067760 429.0
1067770 429.0
1067780 429.0
1067790 429.1
1067800 429.1
1067810 429.1
1067820 429.3
1067830 429.3
1067840 429.4
1067850 429.3
1067860 429.4
1067870 429.4
1067880 429.5
1067890 429.5
1067900 429.5
1067910 429.6
1067920 429.7
1067930 429.7
1067940 429.8
1067950 429.9
1067960 429.9
1067970 429.9
1067980 430.0
1067990 430.0
1068000 430.1
1068010 430.2
1068020 430.2
1068030 430.3
1068040 430.3
1068050 430.3
1068060 430.3
1068070 430.4
1068080 430.4
1068090 430.4
1068100 430.5
1068110 430.5
1068120 430.6
1068130 430.7
1068140 430.7
1068150 430.7
1068160 430.7
1068170 430.8
1068180 430.8
1068190 430.8
1068200 430.9
1068210 430.9
1068220 431.0
1068230 431.1
1068240 431.1
1068250 431.0
1068260 431.2
1068270 431.2
1068280 431.5
1068290 431.4
1068300 431.4
1068310 431.4
1068320 431.3
1068330 431.3
1068340 431.3
1068350 431.5
1068360 431.5
1068370 431.5
1068380 431.5
1068390 431.5
1068400 431.5
1068410 431.5
1068420 431.6
1068430 431.6
1068440 431.6
1068450 431.7
1068460 431.7
1068470 431.8
1068480 431.9
1068490 431.9
1068500 431.9
1068510 431.9
1068520 431.9
1068530 432.0
1068540 432.1
1068550 432.1
1068560 432.2
1068570 432.2
1068580 432.2
1068590 432.3
1068600 432.5
1068610 432.5
1068620 432.6
1068630 432.6
1068640 432.6
1068650 432.6
1068660 432.7
1068670 432.7
1068680 432.8
1068690 432.8
1068700 432.9
1068710 432.9
1068720 433.0
1068730 433.0
1068740 433.0
1068750 433.1
1068760 433.4
1068770 433.4
1068780 433.3
1068790 433.3
1068800 433.3
1068810 433.2
1068820 433.2
1068830 433.2
1068840 433.2
1068850 433.3
1068860 433.3
1068870 433.4
1068880 433.5
1068890 433.5
1068900 433.5
1068910 433.6
1068920 433.6
1068930 433.6
1068940 433.6
1068950 433.6
1068960 433.7
1068970 433.7
1068980 433.8
1068990 433.8
1069000 433.8
1069010 433.8
1069020 433.8
1069030 433.9
1069040 433.9
1069050 433.9
1069060 434.0
1069070 434.0
1069080 434.0
1069090 434.1
1069100 434.1
1069110 434.1
1069120 434.5
1069130 435.0
1069140 435.0
1069150 434.7
1069160 434.6
1069170 434.6
1069180 434.7
1069190 434.7
1069200 434.7
1069210 434.8
1069220 434.9
1069230 434.9
1069240 435.0
1069250 435.1
1069260 435.2
1069270 435.2
1069280 435.3
1069290 435.5
1069300 435.5
1069310 435.7
1069320 435.8
1069330 435.8
1069340 435.8
1069350 435.8
1069360 435.8
1069370 435.8
1069380 435.8
1069390 435.8
1069400 435.8
1069410 435.8
1069420 435.8
1069430 435.9
1069440 435.9
1069450 435.9
1069460 435.9
1069470 436.0
1069480 436.0
1069490 436.0
1069500 436.2
1069510 436.2
1069520 436.3
1069530 436.3
1069540 436.3
1069550 436.3
1069560 436.4
1069570 436.5
1069580 436.5
1069590 436.5
1069600 436.6
1069610 436.6
1069620 436.7
1069630 436.8
1069640 436.8
1069650 436.9
1069660 436.9
1069670 436.9
1069680 437.0
1069690 437.1
1069700 437.1
1069710 437.3
1069720 437.4
1069730 437.4
1069740 437.5
1069750 437.6
1069760 437.6
1069770 437.7
1069780 437.7
1069790 437.7
1069800 437.8
1069810 438.0
1069820 438.1
1069830 438.1
1069840 438.1
1069850 438.1
1069860 438.1
1069870 438.2
1069880 438.2
1069890 438.2
1069900 438.3
1069910 438.4
1069920 438.4
1069930 438.4
1069940 438.5
1069950 438.5
1069960 438.6
1069970 438.7
1069980 438.7
1069990 438.8
1070000 438.7
1070010 438.7
1070020 438.6
1070030 438.5
1070040 438.5
1070050 438.5
1070060 438.7
1070070 438.7
1070080 438.9
1070090 439.1
1070100 439.4
1070110 439.4
1070120 439.1
1070130 439.2
1070140 439.2
1070150 439.3
1070160 439.3
1070170 439.3
1070180 439.5
1070190 439.6
1070200 439.6
1070210 439.8
1070220 439.8
1070230 439.8
1070240 439.9
1070250 440.0
1070260 440.0
1070270 440.2
1070280 440.3
1070290 440.3
1070300 440.5
1070310 440.7
1070320 440.7
1070330 440.8
1070340 440.9
1070350 440.9
1070360 440.9
1070370 441.0
1070380 441.1
1070390 441.1
1070400 441.2
1070410 441.2
1070420 441.2
1070430 441.1
1070440 440.7
1070450 440.7
1070460 441.1
1070470 441.9
1070480 441.9
1070490 442.0
1070500 442.2
1070510 442.2
1070520 442.5
1070530 442.7
1070540 442.7
1070550 442.8
1070560 442.9
1070570 442.9
1070580 442.9
1070590 442.9
1070600 442.9
1070610 443.0
1070620 443.1
1070630 443.1
1070640 443.1
1070650 443.4
1070660 443.6
1070670 443.6
1070680 443.9
1070690 444.1
1070700 444.1
1070710 444.2
1070720 444.4
1070730 444.4
1070740 444.6
1070750 444.8
1070760 444.8
1070770 445.1
1070780 445.3
1070790 445.3
1070800 445.8
1070810 445.7
1070820 445.7
1070830 445.5
1070840 445.6
1070850 445.6
1070860 445.7
1070870 445.7
1070880 445.7
1070890 445.9
1070900 446.2
1070910 446.2
1070920 446.8
1070930 447.0
1070940 446.9
1070950 446.9
1070960 446.8
1070970 446.9
1070980 446.9
1070990 447.0
1071000 447.2
1071010 447.2
1071020 447.3
1071030 447.3
1071040 447.3
1071050 447.3
1071060 447.3
1071070 447.3
1071080 447.3
1071090 447.3
1071100 447.3
1071110 447.2
1071120 447.2
1071130 447.2
1071140 447.2
1071150 447.2
1071160 447.2
1071170 447.2
1071180 447.3
1071190 447.3
1071200 447.2
1071210 447.1
1071220 447.6
1071230 447.6
1071240 448.9
1071250 449.0
1071260 449.0
1071270 449.1
1071280 449.2
1071290 449.2
1071300 449.3
1071310 449.3
1071320 449.3
1071330 449.4
1071340 449.5
1071350 449.5
1071360 449.7
1071370 449.8
1071380 449.8
1071390 449.9
1071400 450.1
1071410 450.1
1071420 450.3
1071430 450.5
1071440 450.5
1071450 450.6
1071460 451.0
1071470 451.0
1071480 451.2
1071490 451.5
1071500 451.7
1071510 451.7
1071520 451.7
1071530 451.7
1071540 451.7
1071550 451.7
1071560 452.0
1071570 452.0
1071580 454.5
1071590 458.4
1071600 458.4
1071610 459.4
1071620 459.4
1071630 459.4
1071640 459.2
1071650 455.8
1071660 455.8
1071670 453.0
1071680 452.7
1071690 452.7
1071700 452.8
1071710 452.9
1071720 452.9
1071730 453.2
1071740 453.3
1071750 453.3
1071760 453.4
1071770 453.4
1071780 453.7
1071790 453.7
1071800 453.9
1071810 454.1
1071820 454.1
1071830 454.2
1071840 454.4
1071850 454.4
1071860 454.7
1071870 454.9
1071880 454.9
1071890 455.1
1071900 455.3
1071910 455.3
1071920 455.5
1071930 455.7
1071940 455.7
1071950 455.9
1071960 456.1
1071970 456.1
1071980 456.2
1071990 456.4
1072000 456.4
1072010 456.6
1072020 456.6
1072030 456.6
1072040 456.8
1072050 457.1
1072060 457.5
1072070 457.5
1072080 457.8
1072090 458.2
1072100 458.2
1072110 458.4
1072120 458.5
1072130 458.5
1072140 458.6
1072150 458.6
1072160 458.6
1072170 458.8
1072180 459.7
1072190 459.7
1072200 460.3
1072210 460.7
1072220 460.7
1072230 460.7
1072240 459.3
1072250 459.3
1072260 457.7
1072270 457.3
1072280 457.3
1072290 457.5
1072300 459.3
1072310 457.4
1072320 458.4
1072330 460.7
1072340 461.7
1072350 461.7
1072360 460.9
1072370 460.4
1072380 460.4
1072390 460.6
1072400 460.8
1072410 460.8
1072420 461.0
1072430 461.1
1072440 461.1
1072450 461.5
1072460 461.2
1072470 461.2
1072480 461.1
1072490 460.9
1072500 460.9
1072510 460.7
1072520 463.6
1072530 463.6
1072540 464.9
1072550 461.9
1072560 461.9
1072570 460.5
1072580 460.5
1072590 460.5
1072600 460.5
1072610 460.3
1072620 460.7
1072630 460.7
1072640 460.8
1072650 460.9
1072660 460.9
1072670 460.8
1072680 460.8
1072690 460.8
1072700 460.8
1072710 460.8
1072720 460.8
1072730 460.8
1072740 460.9
1072750 460.9
1072760 460.8
1072770 460.8
1072780 460.8
1072790 460.9
1072800 461.0
1072810 461.0
1072820 461.1
1072830 461.3
1072840 461.3
1072850 461.4
1072860 461.6
1072870 461.6
1072880 461.8
1072890 461.9
1072900 462.0
1072910 462.0
1072920 462.1
1072930 462.3
1072940 462.3
1072950 462.4
1072960 462.3
1072970 462.3
1072980 462.4
1072990 462.6
1073000 462.6
1073010 462.8
1073020 463.0
1073030 463.0
1073040 463.2
1073050 463.6
1073060 463.6
1073070 464.0
1073080 464.4
1073090 464.4
1073100 464.7
1073110 465.0
1073120 465.0
1073130 464.9
1073140 464.9
1073150 464.9
1073160 464.9
1073170 465.1
1073180 465.4
1073190 465.4
1073200 465.7
1073210 466.0
1073220 466.0
1073230 466.2
1073240 466.7
1073250 466.7
1073260 466.8
1073270 467.0
1073280 467.0
1073290 467.2
1073300 467.4
1073310 467.4
1073320 467.5
1073330 467.5
1073340 467.5
1073350 467.7
1073360 467.8
1073370 467.8
1073380 468.0
1073390 468.3
1073400 468.3
1073410 468.6
1073420 469.0
1073430 469.0
1073440 469.3
1073450 469.4
1073460 469.5
1073470 469.5
1073480 469.7
1073490 469.9
1073500 469.9
1073510 470.0
1073520 470.2
1073530 470.2
1073540 470.5
1073550 471.1
1073560 471.1
1073570 471.1
1073580 471.3
1073590 471.3
1073600 471.6
1073610 471.9
1073620 471.9
1073630 472.2
1073640 472.5
1073650 472.5
1073660 472.9
1073670 473.3
1073680 473.3
1073690 473.7
1073700 473.8
1073710 473.8
1073720 473.9
1073730 474.1
1073740 474.1
1073750 474.3
1073760 474.6
1073770 475.0
1073780 475.0
1073790 475.1
1073800 475.1
1073810 475.1
1073820 475.2
1073830 475.3
1073840 475.3
1073850 475.5
1073860 476.0
1073870 476.0
1073880 476.9
1073890 477.6
1073900 477.6
1073910 477.7
1073920 476.9
1073930 476.9
1073940 476.9
1073950 476.9
1073960 476.9
1073970 477.0
1073980 476.7
1073990 476.7
1074000 476.8
1074010 476.8
1074020 476.8
1074030 476.8
1074040 476.9
1074050 477.6
1074060 477.6
1074070 480.0
1074080 484.0
1074090 484.0
1074100 487.3
1074110 489.3
1074120 489.3
1074130 490.6
1074140 491.9
1074150 491.9
1074160 493.2
1074170 494.7
1074180 494.7
1074190 497.3
1074200 498.6
1074210 498.6
1074220 500.3
1074230 502.6
1074240 502.6
1074250 504.8
1074260 507.1
1074270 507.1
1074280 507.4
1074290 507.4
1074300 507.4
1074310 507.2
1074320 506.3
1074330 503.5
1074340 503.5
1074350 500.3
1074360 496.3
1074370 496.3
1074380 492.0
1074390 487.3
1074400 487.3
1074410 486.2
1074420 486.0
1074430 486.0
1074440 486.0
1074450 486.1
1074460 486.1
1074470 486.3
1074480 486.4
1074490 486.4
1074500 486.6
1074510 487.0
1074520 487.0
1074530 487.1
1074540 487.3
1074550 487.3
1074560 487.6
1074570 487.7
1074580 487.7
1074590 487.6
1074600 487.5
1074610 487.7
1074620 487.7
1074630 488.0
1074640 488.2
1074650 488.2
1074660 488.4
1074670 488.7
1074680 488.7
1074690 488.9
1074700 489.1
1074710 489.1
1074720 489.4
1074730 489.7
1074740 489.7
1074750 489.9
1074760 490.2
1074770 490.2
1074780 490.2
1074790 490.4
1074800 490.4
1074810 490.7
1074820 491.0
1074830 491.0
1074840 491.6
1074850 491.9
1074860 491.9
1074870 492.1
1074880 492.5
1074890 492.8
1074900 492.8
1074910 493.0
1074920 493.2
1074930 493.2
1074940 493.4
1074950 493.9
1074960 493.9
1074970 494.1
1074980 493.8
1074990 493.8
1075000 493.9
1075010 494.3
1075020 494.3
1075030 494.6
1075040 495.4
1075050 495.4
1075060 495.3
1075070 495.5
1075080 495.5
1075090 495.6
1075100 496.0
1075110 495.9
1075120 495.9
1075130 496.4
1075140 496.4
1075150 496.8
1075160 497.2
1075170 497.4
1075180 497.4
1075190 497.4
1075200 497.6
1075210 497.6
1075220 497.8
1075230 498.1
1075240 498.1
1075250 498.4
1075260 499.1
1075270 499.1
1075280 499.3
1075290 499.5
1075300 499.5
1075310 499.8
1075320 500.7
1075330 500.7
1075340 500.9
1075350 501.0
1075360 501.0
1075370 501.0
1075380 501.2
1075390 501.2
1075400 501.4
1075410 501.6
1075420 501.6
1075430 501.8
1075440 502.2
1075450 502.5
1075460 502.5
1075470 502.8
1075480 503.0
1075490 503.0
1075500 503.2
1075510 503.3
1075520 503.3
1075530 503.5
1075540 503.6
1075550 503.6
1075560 503.7
1075570 503.9
1075580 503.9
1075590 504.1
1075600 504.2
1075610 504.2
1075620 504.2
1075630 504.4
1075640 504.4
1075650 504.7
1075660 504.9
1075670 504.9
1075680 504.9
1075690 505.1
1075700 505.1
1075710 505.3
1075720 505.4
1075730 501.6
1075740 501.6
1075750 501.0
1075760 501.1
1075770 501.1
1075780 502.5
1075790 504.7
1075800 504.7
1075810 505.6
1075820 508.1
1075830 508.1
1075840 513.4
1075850 517.8
1075860 517.8
1075870 522.7
1075880 527.2
1075890 527.2
1075900 532.4
1075910 536.5
1075920 536.5
1075930 537.7
1075940 538.0
1075950 538.0
1075960 537.9
1075970 538.2
1075980 538.2
1075990 539.0
1076000 540.2
1076010 542.5
1076020 542.5
1076030 545.8
1076040 550.2
1076050 550.2
1076060 553.8
1076070 557.1
1076080 557.1
1076090 560.8
1076100 563.0
1076110 563.0
1076120 564.7
1076130 567.9
1076140 567.9
1076150 570.5
1076160 572.1
1076170 572.1
1076180 574.4
1076190 577.4
1076200 577.4
1076210 578.4
1076220 578.7
1076230 578.7
1076240 579.0
1076250 580.4
1076260 580.4
1076270 581.0
1076280 581.9
1076290 583.1
1076300 583.1
1076310 583.8
1076320 584.4
1076330 584.4
1076340 585.4
1076350 586.6
1076360 586.6
1076370 587.8
1076380 589.2
1076390 589.2
1076400 589.5
1076410 589.5
1076420 589.5
1076430 589.3
1076440 588.5
1076450 588.5
1076460 588.4
1076470 588.4
1076480 588.4
1076490 588.8
1076500 590.3
1076510 590.3
1076520 593.8
1076530 597.1
1076540 597.1
1076550 599.8
1076560 602.3
1076570 600.5
1076580 600.5
1076590 594.2
1076600 587.1
1076610 587.1
1076620 578.9
1076630 573.6
1076640 573.6
1076650 577.6
1076660 585.3
1076670 585.3
1076680 589.8
1076690 594.1
1076700 594.1
1076710 595.8
1076720 596.7
1076730 596.7
1076740 599.5
1076750 602.8
1076760 602.8
1076770 606.4
1076780 610.2
1076790 610.2
1076800 614.0
1076810 617.8
1076820 617.8
1076830 620.4
1076840 622.0
1076850 623.6
1076860 623.6
1076870 625.4
1076880 626.8
1076890 626.8
1076900 627.6
1076910 628.8
1076920 628.8
1076930 630.4
1076940 631.9
1076950 631.9
1076960 634.2
1076970 637.1
1076980 637.6
1076990 639.7
1077000 641.4
1077010 641.4
1077020 642.9
1077030 645.2
1077040 645.2
1077050 647.7
1077060 649.4
1077070 649.4
1077080 651.0
1077090 651.5
1077100 651.5
1077110 650.1
1077120 648.6
1077130 648.2
1077140 648.2
1077150 648.5
1077160 649.2
1077170 649.2
1077180 650.3
1077190 651.0
1077200 651.0
1077210 652.8
1077220 654.4
1077230 654.4
1077240 657.4
1077250 661.6
1077260 661.6
1077270 664.9
1077280 667.6
1077290 666.2
1077300 669.5
1077310 673.7
1077320 673.7
1077330 678.2
1077340 680.9
1077350 680.9
1077360 681.2
1077370 682.5
1077380 682.5
1077390 685.2
1077400 685.9
1077410 685.2
1077420 685.2
1077430 684.7
1077440 685.5
1077450 685.5
1077460 686.0
1077470 687.2
1077480 687.2
1077490 689.5
1077500 692.6
1077510 692.6
1077520 697.5
1077530 701.9
1077540 701.9
1077550 704.4
1077560 707.6
1077570 707.6
1077580 710.4
1077590 713.0
1077600 719.7
1077610 722.2
1077620 722.2
1077630 722.2
1077640 718.8
1077650 713.8
1077660 713.8
1077670 708.5
1077680 711.4
1077690 717.3
1077700 717.3
1077710 718.9
1077720 718.4
1077730 718.4
1077740 720.6
1077750 724.0
1077760 724.0
1077770 726.6
1077780 728.3
1077790 728.3
1077800 729.3
1077810 730.4
1077820 730.4
1077830 731.7
1077840 733.3
1077850 733.3
1077860 735.3
1077870 737.4
1077880 737.4
1077890 739.3
1077900 742.1
1077910 743.1
1077920 746.0
1077930 748.6
1077940 748.6
1077950 751.5
1077960 754.1
1077970 756.7
1077980 756.7
1077990 759.1
1078000 760.6
1078010 760.6
1078020 762.3
1078030 764.0
1078040 764.0
1078050 765.9
1078060 767.5
1078070 767.5
1078080 769.2
1078090 770.0
1078100 770.0
1078110 771.4
1078120 773.5
1078130 773.5
1078140 775.8
1078150 778.7
1078160 778.7
1078170 781.0
1078180 783.1
1078190 783.1
1078200 784.7
1078210 784.9
1078220 784.9
1078230 788.5
1078240 786.7
1078250 786.1
1078260 786.1
1078270 785.9
1078280 785.7
1078290 785.7
1078300 786.2
1078310 786.3
1078320 786.3
1078330 787.7
1078340 788.3
1078350 788.3
1078360 788.9
1078370 790.8
1078380 790.8
1078390 792.7
1078400 794.4
1078410 794.4
1078420 794.3
1078430 792.7
1078440 792.7
1078450 788.8
1078460 781.8
1078470 781.8
1078480 779.8
1078490 780.2
1078500 780.2
1078510 780.3
1078520 777.0
1078530 768.6
1078540 770.4
1078550 763.5
1078560 756.5
1078570 756.5
1078580 747.4
1078590 743.2
1078600 743.2
1078610 742.7
1078620 742.9
1078630 742.9
1078640 745.5
1078650 747.7
1078660 747.7
1078670 751.3
1078680 757.2
1078690 757.2
1078700 757.4
1078710 753.6
1078720 753.6
1078730 753.7
1078740 754.6
1078750 754.6
1078760 755.3
1078770 751.3
1078780 751.3
1078790 737.3
1078800 724.0
1078810 712.7
1078820 712.7
1078830 708.4
1078840 705.2
1078850 710.3
1078860 715.4
1078870 717.0
1078880 717.0
1078890 719.2
1078900 720.6
1078910 720.6
1078920 722.0
1078930 723.8
1078940 723.8
1078950 724.5
1078960 727.1
1078970 727.1
1078980 740.7
1078990 753.4
1079000 753.4
1079010 764.1
1079020 770.6
1079030 770.6
1079040 774.5
1079050 775.3
1079060 775.3
1079070 775.9
1079080 779.9
1079090 789.4
1079100 789.4
1079110 796.8
1079120 805.9
1079130 805.9
1079140 815.0
1079150 822.3
1079160 822.3
1079170 830.9
1079180 836.4
1079190 836.4
1079200 841.6
1079210 847.1
1079220 847.1
1079230 852.4
1079240 857.7
1079250 857.7
1079260 863.0
1079270 868.1
1079280 868.1
1079290 873.6
1079300 878.8
1079310 878.8
1079320 882.6
1079330 885.6
1079340 885.6
1079350 888.2
1079360 891.0
1079370 894.2
1079380 894.2
1079390 896.8
1079400 900.6
1079410 900.6
1079420 904.5
1079430 907.1
1079440 907.1
1079450 910.2
1079460 915.5
1079470 915.5
1079480 920.3
1079490 922.6
1079500 922.6
1079510 924.8
1079520 927.4
1079530 927.4
1079540 930.1
1079550 934.5
1079560 934.5
1079570 935.9
1079580 940.1
1079590 940.1
1079600 944.5
1079610 945.9
1079620 945.9
1079630 947.0
1079640 948.3
1079650 952.1
1079660 952.1
1079670 955.9
1079680 957.7
1079690 957.7
1079700 960.3
1079710 962.8
1079720 962.8
1079730 964.9
1079740 967.0
1079750 967.0
1079760 968.9
1079770 971.5
1079780 971.5
1079790 974.7
1079800 976.3
1079810 976.3
1079820 979.2
1079830 982.5
1079840 982.5
1079850 985.6
1079860 988.6
1079870 988.6
1079880 994.2
1079890 999.0
1079900 999.0
1079910 1002.3
1079920 1005.0
1079930 1008.8
1079940 1008.8
1079950 1012.2
1079960 1014.9
1079970 1014.9
1079980 1017.9
1079990 1020.7
