1063040 425.5
1063050 425.5
1063060 425.6
1063070 425.7
1063080 425.7
1063090 426.6
1063100 427.8
1063110 427.8
1063120 427.4
1063130 426.3
1063140 428.4
1063150 428.4
1063160 429.7
1063170 430.1
1063180 430.1
1063190 430.2
1063200 430.3
1063210 430.3
1063220 430.1
1063230 432.7
1063240 432.7
1063250 432.5
1063260 428.4
1063270 427.5
1063280 424.6
1063290 423.1
1063300 423.1
1063310 423.1
1063320 423.1
1063330 423.1
1063340 423.0
1063350 423.0
1063360 423.0
1063370 423.0
1063380 422.9
1063390 422.9
1063400 422.7
1063410 422.6
1063420 422.6
1063430 422.6
1063440 422.5
1063450 423.3
1063460 423.3
1063470 427.2
1063480 428.9
1063490 428.9
1063500 429.0
1063510 429.1
1063520 429.1
1063530 429.3
1063540 430.6
1063550 430.6
1063560 432.7
1063570 429.3
1063580 429.3
1063590 427.9
1063600 426.5
1063610 426.5
1063620 428.3
1063630 429.1
1063640 429.1
1063650 428.8
1063660 428.6
1063670 428.6
1063680 428.4
1063690 428.2
1063700 428.1
1063710 428.1
1063720 428.0
1063730 427.9
1063740 427.9
1063750 428.0
1063760 427.9
1063770 427.9
1063780 428.0
1063790 428.1
1063800 428.1
1063810 428.0
1063820 428.1
1063830 428.1
1063840 428.1
1063850 428.1
1063860 428.1
1063870 428.1
1063880 428.3
1063890 428.3
1063900 428.4
1063910 428.6
1063920 428.6
1063930 428.7
1063940 428.5
1063950 428.5
1063960 428.4
1063970 428.5
1063980 428.4
1063990 428.4
1064000 428.5
1064010 428.4
1064020 428.4
1064030 428.5
1064040 428.7
1064050 428.7
1064060 428.7
1064070 428.8
1064080 428.8
1064090 428.8
1064100 428.9
1064110 428.9
1064120 429.0
1064130 429.1
1064140 429.1
1064150 429.2
1064160 429.3
1064170 429.3
1064180 429.2
1064190 429.3
1064200 429.3
1064210 429.5
1064220 429.5
1064230 429.5
1064240 429.6
1064250 429.5
1064260 429.6
1064270 429.6
1064280 429.7
1064290 429.8
1064300 429.8
1064310 429.9
1064320 430.2
1064330 430.2
1064340 432.1
1064350 431.5
1064360 431.5
1064370 430.5
1064380 430.7
1064390 430.7
1064400 429.0
1064410 428.5
1064420 428.5
1064430 428.5
1064440 428.6
1064450 428.6
1064460 430.6
1064470 431.5
1064480 431.3
1064490 432.1
1064500 434.3
1064510 434.3
1064520 433.6
1064530 431.0
1064540 428.9
1064550 428.9
1064560 429.1
1064570 429.4
1064580 429.4
1064590 429.3
1064600 429.3
1064610 429.3
1064620 429.4
1064630 429.7
1064640 429.7
1064650 429.1
1064660 429.1
1064670 429.1
1064680 429.0
1064690 428.9
1064700 428.9
1064710 428.9
1064720 428.8
1064730 428.8
1064740 428.7
1064750 428.8
1064760 428.8
1064770 428.8
1064780 428.8
1064790 428.9
1064800 428.8
1064810 428.6
1064820 428.8
1064830 428.8
1064840 428.9
1064850 428.8
1064860 428.8
1064870 428.7
1064880 428.6
1064890 428.6
1064900 428.7
1064910 428.6
1064920 428.6
1064930 428.7
1064940 428.6
1064950 428.6
1064960 428.9
1064970 429.0
1064980 429.0
1064990 429.0
1065000 428.9
1065010 428.9
1065020 428.9
1065030 427.7
1065040 427.7
1065050 428.1
1065060 429.2
1065070 429.2
1065080 429.1
1065090 429.1
1065100 429.1
1065110 429.1
1065120 429.0
1065130 429.1
1065140 429.1
1065150 428.6
1065160 428.3
1065170 428.3
1065180 428.5
1065190 428.5
1065200 428.5
1065210 428.5
1065220 427.9
1065230 427.9
1065240 427.6
1065250 427.5
1065260 427.5
1065270 427.5
1065280 427.5
1065290 427.5
1065300 427.5
1065310 427.5
1065320 427.5
1065330 427.4
1065340 427.4
1065350 427.4
1065360 427.4
1065370 427.5
1065380 427.7
1065390 427.6
1065400 427.7
1065410 427.3
1065420 427.3
1065430 427.3
1065440 427.3
1065450 427.3
1065460 427.3
1065470 427.2
1065480 427.2
1065490 427.1
1065500 427.2
1065510 427.2
1065520 427.2
1065530 427.2
1065540 427.2
1065550 427.1
1065560 427.1
1065570 427.1
1065580 427.1
1065590 427.1
1065600 427.1
1065610 427.1
1065620 427.1
1065630 427.1
1065640 427.2
1065650 427.2
1065660 427.3
1065670 427.3
1065680 427.3
1065690 427.3
1065700 427.4
1065710 427.4
1065720 427.4
1065730 427.4
1065740 427.5
1065750 427.5
1065760 427.5
1065770 427.5
1065780 427.5
1065790 427.5
1065800 427.8
1065810 427.6
1065820 427.6
1065830 427.5
1065840 427.5
1065850 427.5
1065860 427.5
1065870 427.4
1065880 427.4
1065890 427.4
1065900 427.4
1065910 427.4
1065920 427.4
1065930 427.5
1065940 427.6
1065950 427.6
1065960 427.6
1065970 427.5
1065980 427.5
1065990 427.5
1066000 427.6
1066010 427.6
1066020 427.7
1066030 427.7
1066040 427.7
1066050 427.7
1066060 427.8
1066070 427.8
1066080 427.7
1066090 427.8
1066100 427.8
1066110 427.7
1066120 427.6
1066130 427.6
1066140 427.6
1066150 427.4
1066160 427.4
1066170 427.2
1066180 427.3
1066190 427.3
1066200 427.4
1066210 427.7
1066220 427.6
1066230 427.6
1066240 427.9
1066250 428.0
1066260 428.0
1066270 428.0
1066280 428.1
1066290 428.1
1066300 428.1
1066310 428.0
1066320 428.0
1066330 427.9
1066340 427.9
1066350 427.9
1066360 428.1
1066370 428.1
1066380 428.1
1066390 427.7
1066400 427.7
1066410 427.7
1066420 427.7
1066430 427.9
1066440 427.9
1066450 427.9
1066460 427.8
1066470 427.8
1066480 427.8
1066490 428.1
1066500 428.0
1066510 428.0
1066520 427.6
1066530 427.3
1066540 427.3
1066550 427.4
1066560 427.4
1066570 427.4
1066580 427.3
1066590 427.2
1066600 427.2
1066610 427.7
1066620 427.6
1066630 427.6
1066640 427.6
1066650 427.5
1066660 427.5
1066670 427.6
1066680 427.5
1066690 427.5
1066700 427.4
1066710 427.4
1066720 427.4
1066730 427.3
1066740 427.1
1066750 427.1
1066760 427.1
1066770 427.1
1066780 427.1
1066790 427.1
1066800 427.2
1066810 427.4
1066820 427.4
1066830 428.2
1066840 428.1
1066850 428.1
1066860 428.0
1066870 427.7
1066880 427.7
1066890 427.5
1066900 427.3
1066910 427.7
1066920 427.5
1066930 427.3
1066940 427.3
1066950 427.3
1066960 427.2
1066970 427.2
1066980 427.1
1066990 427.1
1067000 427.1
1067010 427.0
1067020 426.7
1067030 426.7
1067040 426.7
1067050 426.7
1067060 426.4
1067070 426.4
1067080 426.5
1067090 426.6
1067100 426.6
1067110 426.7
1067120 426.8
1067130 426.8
1067140 426.9
1067150 427.1
1067160 427.1
1067170 427.2
1067180 427.4
1067190 427.4
1067200 427.6
1067210 427.7
1067220 427.7
1067230 427.7
1067240 427.7
1067250 427.7
1067260 427.7
1067270 427.8
1067280 427.8
1067290 428.0
1067300 428.3
1067310 428.3
1067320 428.2
1067330 428.1
1067340 427.4
1067350 427.4
1067360 426.8
1067370 427.4
1067380 427.4
1067390 427.6
1067400 427.8
1067410 427.8
1067420 427.9
1067430 427.9
1067440 427.9
1067450 427.9
1067460 428.0
1067470 428.0
1067480 428.1
1067490 428.1
1067500 428.1
1067510 428.0
1067520 428.0
1067530 428.2
1067540 428.3
1067550 428.3
1067560 428.3
1067570 428.4
1067580 428.5
1067590 428.5
1067600 428.4
1067610 428.4
1067620 428.5
1067630 428.5
1067640 428.6
1067650 428.5
1067660 428.5
1067670 428.6
1067680 428.6
1067690 428.6
1067700 428.8
1067710 429.0
1067720 429.0
1067730 429.1
1067740 428.9
1067750 428.9
1067760 429.0
1067770 429.2
1067780 429.2
1067790 429.3
1067800 429.3
1067810 429.3
1067820 429.4
1067830 429.4
1067840 429.4
1067850 429.4
1067860 429.4
1067870 429.4
1067880 429.2
1067890 429.0
1067900 429.0
1067910 428.9
1067920 429.4
1067930 429.7
1067940 429.7
1067950 429.8
1067960 429.8
1067970 429.8
1067980 429.8
1067990 429.8
1068000 429.8
1068010 429.9
1068020 430.0
1068030 430.0
1068040 430.0
1068050 430.1
1068060 430.1
1068070 430.2
1068080 430.1
1068090 430.1
1068100 430.2
1068110 430.3
1068120 430.3
1068130 430.3
1068140 430.3
1068150 430.3
1068160 430.3
1068170 430.4
1068180 430.4
1068190 430.5
1068200 430.6
1068210 430.7
1068220 430.7
1068230 430.8
1068240 430.8
1068250 430.8
1068260 430.8
1068270 430.9
1068280 430.9
1068290 431.0
1068300 431.1
1068310 431.1
1068320 431.0
1068330 431.1
1068340 431.1
1068350 431.1
1068360 431.2
1068370 431.2
1068380 431.2
1068390 431.3
1068400 431.3
1068410 431.3
1068420 431.4
1068430 431.4
1068440 431.4
1068450 431.5
1068460 431.5
1068470 431.6
1068480 431.7
1068490 431.8
1068500 431.8
1068510 432.0
1068520 432.1
1068530 432.1
1068540 432.0
1068550 432.1
1068560 432.1
1068570 432.1
1068580 432.1
1068590 432.1
1068600 432.2
1068610 432.2
1068620 432.2
1068630 432.3
1068640 432.4
1068650 432.4
1068660 432.5
1068670 432.6
1068680 432.6
1068690 432.7
1068700 432.8
1068710 432.8
1068720 432.9
1068730 433.0
1068740 433.0
1068750 433.1
1068760 433.2
1068770 433.3
1068780 433.3
1068790 433.2
1068800 433.3
1068810 433.3
1068820 433.4
1068830 433.4
1068840 433.4
1068850 433.5
1068860 433.6
1068870 433.6
1068880 433.6
1068890 433.7
1068900 433.7
1068910 433.7
1068920 433.7
1068930 433.7
1068940 433.7
1068950 433.8
1068960 433.8
1068970 433.9
1068980 433.9
1068990 433.9
1069000 434.0
1069010 434.0
1069020 434.0
1069030 434.1
1069040 434.1
1069050 434.1
1069060 434.0
1069070 434.0
1069080 434.1
1069090 434.1
1069100 434.2
1069110 434.3
1069120 434.3
1069130 434.4
1069140 434.9
1069150 434.9
1069160 434.9
1069170 434.8
1069180 434.8
1069190 434.8
1069200 434.9
1069210 434.9
1069220 435.0
1069230 435.0
1069240 435.0
1069250 435.1
1069260 435.2
1069270 435.2
1069280 435.2
1069290 435.3
1069300 435.3
1069310 435.3
1069320 435.4
1069330 435.6
1069340 435.6
1069350 435.7
1069360 435.9
1069370 435.9
1069380 436.0
1069390 436.1
1069400 436.1
1069410 436.3
1069420 436.2
1069430 436.2
1069440 436.3
1069450 436.3
1069460 436.3
1069470 436.3
1069480 436.4
1069490 436.4
1069500 436.4
1069510 436.5
1069520 436.5
1069530 436.5
1069540 436.6
1069550 436.6
1069560 436.8
1069570 436.9
1069580 436.9
1069590 437.0
1069600 437.0
1069610 437.0
1069620 437.0
1069630 437.1
1069640 437.3
1069650 437.3
1069660 437.5
1069670 438.2
1069680 438.2
1069690 437.8
1069700 437.8
1069710 437.8
1069720 437.9
1069730 437.9
1069740 437.9
1069750 437.7
1069760 437.7
1069770 437.7
1069780 437.7
1069790 437.8
1069800 437.8
1069810 437.9
1069820 438.0
1069830 438.0
1069840 438.0
1069850 438.1
1069860 438.1
1069870 438.2
1069880 438.4
1069890 438.4
1069900 438.4
1069910 438.5
1069920 438.6
1069930 438.6
1069940 438.6
1069950 438.6
1069960 438.6
1069970 438.7
1069980 438.6
1069990 438.6
1070000 438.6
1070010 438.6
1070020 438.6
1070030 438.6
1070040 438.7
1070050 438.7
1070060 438.8
1070070 438.9
1070080 438.9
1070090 439.1
1070100 439.4
1070110 439.4
1070120 439.7
1070130 439.5
1070140 439.5
1070150 439.6
1070160 439.7
1070170 439.8
1070180 439.8
1070190 439.9
1070200 440.1
1070210 440.1
1070220 440.2
1070230 440.3
1070240 440.3
1070250 440.3
1070260 440.4
1070270 440.4
1070280 440.6
1070290 440.8
1070300 440.8
1070310 440.9
1070320 441.1
1070330 441.1
1070340 441.3
1070350 441.6
1070360 441.6
1070370 441.5
1070380 441.5
1070390 441.5
1070400 441.6
1070410 441.6
1070420 441.6
1070430 441.4
1070440 441.6
1070450 441.6
1070460 441.6
1070470 442.0
1070480 442.1
1070490 442.1
1070500 441.9
1070510 442.1
1070520 442.1
1070530 442.4
1070540 442.8
1070550 442.8
1070560 442.9
1070570 443.0
1070580 443.0
1070590 442.9
1070600 443.1
1070610 443.1
1070620 443.2
1070630 443.4
1070640 443.4
1070650 443.6
1070660 443.8
1070670 443.8
1070680 443.9
1070690 444.1
1070700 444.1
1070710 444.2
1070720 444.4
1070730 444.7
1070740 444.7
1070750 445.5
1070760 445.8
1070770 445.8
1070780 445.4
1070790 444.7
1070800 444.7
1070810 444.9
1070820 444.8
1070830 444.8
1070840 444.8
1070850 444.7
1070860 444.7
1070870 444.7
1070880 445.6
1070890 445.6
1070900 446.1
1070910 446.3
1070920 446.3
1070930 447.0
1070940 447.2
1070950 447.2
1070960 447.1
1070970 446.9
1070980 446.9
1070990 446.3
1071000 447.0
1071010 447.3
1071020 447.3
1071030 447.3
1071040 447.4
1071050 447.4
1071060 447.4
1071070 447.5
1071080 447.5
1071090 447.5
1071100 447.6
1071110 447.6
1071120 447.6
1071130 447.6
1071140 447.6
1071150 447.7
1071160 447.9
1071170 447.9
1071180 448.0
1071190 448.2
1071200 448.2
1071210 448.4
1071220 448.5
1071230 448.5
1071240 448.8
1071250 449.1
1071260 449.1
1071270 449.3
1071280 449.4
1071290 449.6
1071300 449.6
1071310 449.6
1071320 449.8
1071330 449.8
1071340 449.8
1071350 449.9
1071360 449.9
1071370 450.2
1071380 450.2
1071390 450.2
1071400 450.5
1071410 450.6
1071420 450.6
1071430 450.9
1071440 451.1
1071450 451.1
1071460 451.3
1071470 451.5
1071480 451.5
1071490 451.6
1071500 451.7
1071510 451.7
1071520 451.7
1071530 451.9
1071540 451.9
1071550 452.1
1071560 452.2
1071570 452.7
1071580 452.7
1071590 456.1
1071600 459.2
1071610 459.2
1071620 459.5
1071630 459.5
1071640 459.5
1071650 459.5
1071660 456.8
1071670 456.8
1071680 454.2
1071690 454.2
1071700 454.2
1071710 454.3
1071720 454.4
1071730 454.4
1071740 454.5
1071750 454.6
1071760 454.6
1071770 454.6
1071780 454.8
1071790 454.8
1071800 454.9
1071810 455.0
1071820 454.8
1071830 454.9
1071840 455.1
1071850 455.3
1071860 455.3
1071870 455.5
1071880 455.7
1071890 455.7
1071900 455.9
1071910 456.3
1071920 456.3
1071930 456.6
1071940 456.9
1071950 456.9
1071960 457.2
1071970 457.5
1071980 457.5
1071990 457.7
1072000 457.4
1072010 457.4
1072020 457.5
1072030 458.1
1072040 458.1
1072050 458.8
1072060 459.0
1072070 459.0
1072080 459.4
1072090 459.5
1072100 459.5
1072110 458.1
1072120 456.3
1072130 456.9
1072140 456.9
1072150 456.0
1072160 456.0
1072170 456.0
1072180 457.0
1072190 458.9
1072200 458.9
1072210 460.3
1072220 460.4
1072230 460.4
1072240 460.2
1072250 459.6
1072260 459.6
1072270 459.5
1072280 459.5
1072290 459.5
1072300 459.5
1072310 459.6
1072320 459.6
1072330 459.7
1072340 459.8
1072350 459.8
1072360 459.6
1072370 459.7
1072380 459.7
1072390 459.8
1072400 459.3
1072410 459.1
1072420 459.1
1072430 459.1
1072440 459.1
1072450 459.1
1072460 459.1
1072470 459.1
1072480 459.1
1072490 459.2
1072500 459.4
1072510 459.4
1072520 459.8
1072530 462.3
1072540 462.3
1072550 464.3
1072560 461.9
1072570 461.9
1072580 459.7
1072590 459.7
1072600 459.7
1072610 459.7
1072620 459.8
1072630 459.8
1072640 459.9
1072650 459.9
1072660 459.9
1072670 460.1
1072680 460.1
1072690 460.2
1072700 460.2
1072710 460.3
1072720 460.3
1072730 460.3
1072740 460.3
1072750 460.5
1072760 460.5
1072770 460.5
1072780 460.6
1072790 460.6
1072800 460.7
1072810 460.9
1072820 460.9
1072830 461.2
1072840 461.2
1072850 461.2
1072860 461.3
1072870 461.3
1072880 461.3
1072890 461.4
1072900 461.6
1072910 461.6
1072920 461.7
1072930 462.0
1072940 462.0
1072950 462.3
1072960 462.3
1072970 462.4
1072980 462.4
1072990 462.5
1073000 462.5
1073010 462.5
1073020 462.7
1073030 462.8
1073040 462.8
1073050 463.0
1073060 463.2
1073070 463.2
1073080 463.5
1073090 463.8
1073100 463.8
1073110 464.1
1073120 464.2
1073130 464.2
1073140 464.4
1073150 464.6
1073160 464.6
1073170 464.8
1073180 465.1
1073190 465.1
1073200 465.3
1073210 465.6
1073220 465.6
1073230 465.8
1073240 466.0
1073250 466.2
1073260 466.2
1073270 466.4
1073280 466.6
1073290 466.6
1073300 467.1
1073310 467.4
1073320 467.4
1073330 467.5
1073340 467.7
1073350 467.7
1073360 467.8
1073370 468.4
1073380 468.4
1073390 469.4
1073400 469.1
1073410 469.1
1073420 468.7
1073430 468.9
1073440 468.9
1073450 469.1
1073460 469.4
1073470 469.4
1073480 469.5
1073490 469.6
1073500 469.6
1073510 469.8
1073520 470.0
1073530 470.3
1073540 470.3
1073550 470.7
1073560 471.2
1073570 471.2
1073580 471.5
1073590 471.6
1073600 471.6
1073610 471.9
1073620 472.2
1073630 472.2
1073640 472.4
1073650 472.6
1073660 472.6
1073670 472.8
1073680 473.2
1073690 473.2
1073700 473.4
1073710 473.7
1073720 473.7
1073730 473.9
1073740 473.9
1073750 473.9
1073760 473.8
1073770 473.9
1073780 473.9
1073790 474.3
1073800 474.1
1073810 474.1
1073820 474.1
1073830 474.6
1073840 475.2
1073850 475.2
1073860 475.7
1073870 474.9
1073880 474.9
1073890 474.6
1073900 475.3
1073910 475.3
1073920 475.8
1073930 475.2
1073940 475.2
1073950 474.9
1073960 474.7
1073970 474.7
1073980 474.8
1073990 475.2
1074000 475.2
1074010 475.4
1074020 475.8
1074030 475.8
1074040 476.2
1074050 476.5
1074060 476.5
1074070 477.4
1074080 479.4
1074090 482.3
1074100 482.3
1074110 484.2
1074120 485.3
1074130 485.3
1074140 486.1
1074150 487.6
1074160 487.6
1074170 489.0
1074180 489.3
1074190 489.3
1074200 489.7
1074210 491.4
1074220 491.4
1074230 492.6
1074240 494.1
1074250 494.1
1074260 495.7
1074270 497.6
1074280 497.6
1074290 498.6
1074300 502.4
1074310 502.4
1074320 500.5
1074330 497.8
1074340 497.8
1074350 495.0
1074360 492.2
1074370 488.2
1074380 488.2
1074390 486.0
1074400 485.7
1074410 485.7
1074420 485.7
1074430 485.7
1074440 485.7
1074450 485.6
1074460 485.7
1074470 485.7
1074480 486.1
1074490 486.4
1074500 486.4
1074510 486.5
1074520 486.5
1074530 486.5
1074540 486.7
1074550 486.9
1074560 486.9
1074570 487.0
1074580 487.0
1074590 487.0
1074600 487.1
1074610 487.7
1074620 487.7
1074630 487.7
1074640 488.1
1074650 489.1
1074660 489.1
1074670 489.2
1074680 489.3
1074690 489.3
1074700 489.3
1074710 489.2
1074720 489.2
1074730 489.5
1074740 490.1
1074750 490.1
1074760 490.7
1074770 490.8
1074780 490.8
1074790 490.9
1074800 491.0
1074810 491.0
1074820 491.2
1074830 491.2
1074840 491.2
1074850 491.5
1074860 491.5
1074870 491.5
1074880 492.0
1074890 492.4
1074900 492.4
1074910 492.7
1074920 493.0
1074930 493.2
1074940 493.2
1074950 493.2
1074960 493.2
1074970 493.2
1074980 493.6
1074990 493.6
1075000 493.6
1075010 493.9
1075020 494.0
1075030 494.0
1075040 494.4
1075050 494.7
1075060 494.7
1075070 495.0
1075080 495.4
1075090 495.4
1075100 496.0
1075110 496.5
1075120 496.5
1075130 496.7
1075140 496.9
1075150 496.9
1075160 496.9
1075170 497.2
1075180 497.2
1075190 497.5
1075200 497.9
1075210 498.3
1075220 498.3
1075230 498.5
1075240 498.8
1075250 498.8
1075260 499.5
1075270 500.2
1075280 500.2
1075290 500.2
1075300 500.1
1075310 500.1
1075320 500.0
1075330 500.1
1075340 500.1
1075350 500.5
1075360 500.7
1075370 500.7
1075380 500.7
1075390 501.1
1075400 501.1
1075410 501.3
1075420 501.8
1075430 501.8
1075440 502.1
1075450 502.4
1075460 502.4
1075470 503.2
1075480 503.4
1075490 503.4
1075500 503.4
1075510 503.3
1075520 503.6
1075530 503.6
1075540 503.8
1075550 504.2
1075560 504.2
1075570 504.5
1075580 504.6
1075590 504.6
1075600 504.5
1075610 504.6
1075620 504.6
1075630 505.0
1075640 505.6
1075650 505.6
1075660 505.9
1075670 506.1
1075680 506.1
1075690 506.3
1075700 506.9
1075710 506.9
1075720 507.7
1075730 508.2
1075740 508.2
1075750 507.5
1075760 507.5
1075770 507.5
1075780 507.6
1075790 507.6
1075800 507.6
1075810 507.6
1075820 507.5
1075830 507.3
1075840 507.3
1075850 506.2
1075860 502.7
1075870 502.7
1075880 503.2
1075890 505.0
1075900 505.0
1075910 506.9
1075920 509.8
1075930 509.8
1075940 517.6
1075950 523.9
1075960 523.9
1075970 528.9
1075980 533.0
1075990 533.0
1076000 538.5
1076010 542.9
1076020 542.9
1076030 546.3
1076040 549.5
1076050 549.5
1076060 553.1
1076070 556.2
1076080 559.4
1076090 559.4
1076100 562.5
1076110 565.6
1076120 565.6
1076130 568.5
1076140 570.1
1076150 570.1
1076160 570.4
1076170 573.3
1076180 573.3
1076190 572.6
1076200 566.5
1076210 566.5
1076220 566.9
1076230 570.7
1076240 570.7
1076250 569.8
1076260 565.5
1076270 565.5
1076280 560.7
1076290 565.0
1076300 565.0
1076310 571.7
1076320 571.9
1076330 571.9
1076340 575.7
1076350 582.4
1076360 588.2
1076370 588.2
1076380 588.3
1076390 585.5
1076400 585.5
1076410 588.3
1076420 588.4
1076430 588.4
1076440 584.9
1076450 582.8
1076460 582.8
1076470 580.6
1076480 582.1
1076490 582.1
1076500 581.2
1076510 580.8
1076520 580.8
1076530 582.4
1076540 582.0
1076550 582.0
1076560 578.7
1076570 574.4
1076580 574.4
1076590 567.8
1076600 565.0
1076610 565.0
1076620 562.1
1076630 563.5
1076640 569.4
1076650 569.4
1076660 575.4
1076670 581.3
1076680 581.3
1076690 587.6
1076700 593.7
1076710 593.7
1076720 600.8
1076730 609.3
1076740 609.3
1076750 616.0
1076760 621.7
1076770 621.7
1076780 627.3
1076790 628.5
1076800 628.5
1076810 632.2
1076820 635.1
1076830 635.1
1076840 637.2
1076850 638.4
1076860 638.4
1076870 638.9
1076880 638.7
1076890 638.7
1076900 638.9
1076910 639.2
1076920 638.6
1076930 638.6
1076940 637.8
1076950 637.7
1076960 637.7
1076970 637.5
1076980 637.2
1076990 637.2
1077000 637.9
1077010 638.4
1077020 638.4
1077030 637.9
1077040 637.2
1077050 637.2
1077060 638.0
1077070 640.4
1077080 640.4
1077090 640.9
1077100 645.7
1077110 645.7
1077120 645.2
1077130 646.4
1077140 646.4
1077150 648.4
1077160 649.0
1077170 649.0
1077180 650.2
1077190 651.8
1077200 650.8
1077210 650.8
1077220 647.1
1077230 646.1
1077240 646.1
1077250 644.1
1077260 652.2
1077270 652.2
1077280 661.3
1077290 665.9
1077300 665.9
1077310 668.2
1077320 670.1
1077330 670.1
1077340 672.2
1077350 673.6
1077360 673.6
1077370 672.6
1077380 670.3
1077390 670.3
1077400 668.6
1077410 667.3
1077420 669.8
1077430 670.1
1077440 671.2
1077450 671.2
1077460 672.6
1077470 672.4
1077480 674.3
1077490 674.3
1077500 676.8
1077510 679.4
1077520 679.4
1077530 680.2
1077540 681.9
1077550 681.9
1077560 682.4
1077570 682.3
1077580 682.3
1077590 683.8
1077600 685.5
1077610 685.5
1077620 685.1
1077630 687.6
1077640 687.6
1077650 693.2
1077660 696.6
1077670 696.6
1077680 699.5
1077690 703.3
1077700 703.3
1077710 707.3
1077720 711.8
1077730 713.9
1077740 717.6
1077750 722.3
1077760 726.0
1077770 726.0
1077780 726.4
1077790 726.7
1077800 726.7
1077810 727.2
1077820 727.8
1077830 727.8
1077840 729.2
1077850 732.1
1077860 732.1
1077870 735.2
1077880 737.7
1077890 737.7
1077900 739.9
1077910 742.7
1077920 742.7
1077930 746.4
1077940 749.6
1077950 749.6
1077960 752.2
1077970 753.5
1077980 753.5
1077990 754.5
1078000 755.5
1078010 755.5
1078020 756.7
1078030 757.1
1078040 758.6
1078050 758.6
1078060 756.7
1078070 755.5
1078080 755.5
1078090 754.5
1078100 756.0
1078110 756.0
1078120 756.8
1078130 757.1
1078140 757.1
1078150 757.6
1078160 759.1
1078170 759.1
1078180 761.0
1078190 761.2
1078200 761.2
1078210 760.6
1078220 759.5
1078230 759.5
1078240 756.9
1078250 755.6
1078260 755.6
1078270 755.5
1078280 755.4
1078290 755.4
1078300 756.2
1078310 757.4
1078320 758.2
1078330 758.2
1078340 760.8
1078350 765.1
1078360 767.7
1078370 771.8
1078380 774.1
1078390 774.1
1078400 771.5
1078410 762.1
1078420 762.1
1078430 760.8
1078440 762.5
1078450 762.5
1078460 749.7
1078470 735.4
1078480 735.4
1078490 729.2
1078500 729.8
1078510 729.8
1078520 731.8
1078530 732.2
1078540 732.2
1078550 728.3
1078560 724.1
1078570 724.1
1078580 722.6
1078590 713.9
1078600 713.1
1078610 713.1
1078620 718.9
1078630 726.4
1078640 726.4
1078650 732.3
1078660 736.7
1078670 737.5
1078680 740.1
1078690 740.6
1078700 740.6
1078710 733.4
1078720 729.3
1078730 729.3
1078740 731.3
1078750 725.8
1078760 725.8
1078770 712.1
1078780 703.7
1078790 703.7
1078800 698.2
1078810 702.9
1078820 702.9
1078830 710.4
1078840 717.5
1078850 717.5
1078860 722.7
1078870 728.1
1078880 732.4
1078890 732.4
1078900 734.0
1078910 740.9
1078920 740.9
1078930 747.2
1078940 752.5
1078950 752.5
1078960 751.4
1078970 750.8
1078980 744.2
1078990 750.1
1079000 753.3
1079010 753.3
1079020 756.2
1079030 758.6
1079040 758.6
1079050 762.3
1079060 766.2
1079070 766.2
1079080 769.5
1079090 773.7
1079100 773.7
1079110 781.5
1079120 787.3
1079130 787.3
1079140 790.6
1079150 793.7
1079160 800.0
1079170 800.0
1079180 806.3
1079190 811.6
1079200 811.6
1079210 815.4
1079220 817.9
1079230 817.9
1079240 819.9
1079250 821.8
1079260 821.8
1079270 825.7
1079280 830.7
1079290 830.7
1079300 844.3
1079310 849.9
1079320 849.9
1079330 856.4
1079340 865.0
1079350 865.0
1079360 871.1
1079370 878.7
1079380 878.7
1079390 883.8
1079400 888.6
1079410 888.6
1079420 891.9
1079430 895.5
1079440 898.9
1079450 898.9
1079460 903.7
1079470 907.4
1079480 907.4
1079490 911.5
1079500 917.1
1079510 917.1
1079520 921.7
1079530 926.6
1079540 926.6
1079550 930.1
1079560 934.5
1079570 934.5
1079580 938.1
1079590 942.1
1079600 942.1
1079610 947.5
1079620 950.3
1079630 950.3
1079640 952.3
1079650 954.7
1079660 954.7
1079670 957.0
1079680 959.5
1079690 959.5
1079700 962.9
1079710 965.8
1079720 968.4
1079730 968.4
1079740 971.5
1079750 974.6
1079760 974.6
1079770 977.6
1079780 979.8
1079790 979.8
1079800 981.8
1079810 985.1
1079820 985.1
1079830 989.0
1079840 992.3
1079850 992.3
1079860 995.0
1079870 997.7
1079880 997.7
1079890 1000.6
1079900 1004.3
1079910 1004.3
1079920 1007.6
1079930 1010.7
1079940 1010.7
1079950 1014.2
1079960 1016.9
1079970 1016.9
1079980 1018.9
1079990 1021.6
