1063070 425.4
1063080 425.6
1063090 425.6
1063100 425.7
1063110 425.8
1063120 425.8
1063130 425.8
1063140 425.9
1063150 425.9
1063160 426.9
1063170 429.4
1063180 429.4
1063190 430.1
1063200 430.3
1063210 430.4
1063220 430.4
1063230 430.0
1063240 432.0
1063250 432.0
1063260 432.9
1063270 428.9
1063280 428.9
1063290 426.0
1063300 423.1
1063310 423.1
1063320 423.0
1063330 423.0
1063340 423.0
1063350 422.9
1063360 422.8
1063370 422.8
1063380 422.8
1063390 422.9
1063400 422.9
1063410 422.9
1063420 422.8
1063430 422.8
1063440 422.6
1063450 422.5
1063460 422.5
1063470 422.6
1063480 425.2
1063490 428.9
1063500 428.9
1063510 429.0
1063520 429.1
1063530 429.1
1063540 429.3
1063550 430.3
1063560 430.3
1063570 432.7
1063580 430.8
1063590 430.8
1063600 428.2
1063610 426.7
1063620 426.7
1063630 427.6
1063640 428.7
1063650 428.7
1063660 428.7
1063670 428.7
1063680 428.7
1063690 428.6
1063700 428.6
1063710 428.6
1063720 428.5
1063730 428.3
1063740 428.3
1063750 428.3
1063760 428.2
1063770 428.2
1063780 428.2
1063790 428.2
1063800 428.2
1063810 428.2
1063820 428.3
1063830 428.4
1063840 428.4
1063850 428.3
1063860 428.4
1063870 428.4
1063880 428.4
1063890 428.5
1063900 428.5
1063910 428.7
1063920 428.6
1063930 428.6
1063940 428.7
1063950 428.8
1063960 428.8
1063970 428.7
1063980 428.8
1063990 428.8
1064000 428.8
1064010 428.8
1064020 428.8
1064030 428.8
1064040 428.8
1064050 428.9
1064060 428.9
1064070 428.9
1064080 429.0
1064090 429.0
1064100 429.2
1064110 429.2
1064120 429.2
1064130 429.3
1064140 429.4
1064150 429.4
1064160 429.3
1064170 429.3
1064180 429.3
1064190 429.3
1064200 429.3
1064210 429.3
1064220 429.4
1064230 429.4
1064240 429.4
1064250 429.5
1064260 429.7
1064270 429.7
1064280 430.0
1064290 431.9
1064300 431.9
1064310 431.5
1064320 430.3
1064330 430.5
1064340 430.5
1064350 429.1
1064360 428.4
1064370 428.4
1064380 428.4
1064390 428.5
1064400 428.4
1064410 428.9
1064420 430.9
1064430 430.9
1064440 432.1
1064450 434.2
1064460 434.2
1064470 433.5
1064480 430.8
1064490 430.8
1064500 429.1
1064510 429.0
1064520 429.0
1064530 429.0
1064540 429.2
1064550 429.2
1064560 429.1
1064570 429.1
1064580 429.1
1064590 429.2
1064600 429.3
1064610 428.9
1064620 428.9
1064630 428.9
1064640 428.8
1064650 428.8
1064660 428.8
1064670 428.8
1064680 428.8
1064690 428.6
1064700 428.6
1064710 428.6
1064720 428.6
1064730 428.6
1064740 428.6
1064750 428.6
1064760 428.6
1064770 428.6
1064780 428.5
1064790 428.7
1064800 428.7
1064810 428.7
1064820 428.8
1064830 428.8
1064840 428.8
1064850 428.4
1064860 428.4
1064870 427.3
1064880 426.9
1064890 427.1
1064900 427.1
1064910 427.6
1064920 428.2
1064930 428.2
1064940 428.5
1064950 428.8
1064960 428.8
1064970 428.9
1064980 428.9
1064990 428.9
1065000 428.9
1065010 429.0
1065020 429.0
1065030 429.0
1065040 429.0
1065050 429.0
1065060 428.9
1065070 428.8
1065080 428.8
1065090 429.0
1065100 428.7
1065110 428.7
1065120 428.5
1065130 428.3
1065140 428.3
1065150 428.3
1065160 428.5
1065170 428.5
1065180 428.2
1065190 427.9
1065200 427.8
1065210 427.8
1065220 427.6
1065230 427.5
1065240 427.5
1065250 427.4
1065260 427.3
1065270 427.3
1065280 427.3
1065290 427.2
1065300 427.2
1065310 427.3
1065320 427.3
1065330 427.3
1065340 427.3
1065350 427.3
1065360 427.3
1065370 427.4
1065380 427.3
1065390 427.3
1065400 427.3
1065410 427.3
1065420 427.3
1065430 427.3
1065440 427.2
1065450 427.2
1065460 427.1
1065470 427.1
1065480 427.1
1065490 427.1
1065500 427.0
1065510 427.0
1065520 427.0
1065530 427.0
1065540 427.0
1065550 427.0
1065560 426.9
1065570 426.9
1065580 426.9
1065590 427.0
1065600 427.0
1065610 427.0
1065620 427.0
1065630 427.0
1065640 427.0
1065650 427.1
1065660 427.1
1065670 427.1
1065680 427.2
1065690 427.2
1065700 427.2
1065710 427.2
1065720 427.3
1065730 427.3
1065740 427.3
1065750 427.3
1065760 427.3
1065770 427.3
1065780 427.2
1065790 427.5
1065800 427.5
1065810 427.5
1065820 427.2
1065830 427.2
1065840 427.3
1065850 427.2
1065860 427.2
1065870 427.2
1065880 427.2
1065890 427.2
1065900 427.3
1065910 427.4
1065920 427.3
1065930 427.4
1065940 427.5
1065950 427.5
1065960 427.5
1065970 427.4
1065980 427.4
1065990 427.5
1066000 427.5
1066010 427.5
1066020 427.5
1066030 427.6
1066040 427.6
1066050 427.6
1066060 427.5
1066070 427.7
1066080 427.7
1066090 427.5
1066100 427.5
1066110 427.5
1066120 427.4
1066130 427.4
1066140 427.4
1066150 427.4
1066160 427.3
1066170 427.3
1066180 427.2
1066190 427.2
1066200 427.2
1066210 427.3
1066220 427.5
1066230 427.7
1066240 427.8
1066250 427.8
1066260 427.8
1066270 427.7
1066280 427.7
1066290 427.7
1066300 427.9
1066310 427.9
1066320 427.8
1066330 427.8
1066340 427.6
1066350 427.6
1066360 427.6
1066370 427.6
1066380 427.4
1066390 427.4
1066400 427.4
1066410 427.3
1066420 427.3
1066430 427.4
1066440 427.5
1066450 427.5
1066460 427.6
1066470 427.5
1066480 427.5
1066490 427.4
1066500 427.3
1066510 427.3
1066520 427.2
1066530 427.5
1066540 427.5
1066550 427.6
1066560 427.6
1066570 427.6
1066580 427.3
1066590 427.2
1066600 427.3
1066610 427.3
1066620 427.1
1066630 427.5
1066640 427.5
1066650 427.3
1066660 427.3
1066670 427.3
1066680 427.4
1066690 427.5
1066700 427.5
1066710 427.3
1066720 426.8
1066730 426.8
1066740 427.1
1066750 427.1
1066760 427.1
1066770 427.1
1066780 427.6
1066790 427.6
1066800 428.0
1066810 427.6
1066820 427.6
1066830 427.4
1066840 427.2
1066850 427.2
1066860 427.1
1066870 427.2
1066880 427.0
1066890 427.0
1066900 426.9
1066910 427.6
1066920 427.6
1066930 428.3
1066940 428.0
1066950 428.0
1066960 427.6
1066970 427.1
1066980 427.1
1066990 427.1
1067000 427.3
1067010 427.3
1067020 427.2
1067030 426.8
1067040 426.8
1067050 427.0
1067060 426.9
1067070 426.9
1067080 426.8
1067090 426.6
1067100 426.6
1067110 426.4
1067120 426.4
1067130 426.4
1067140 426.7
1067150 427.2
1067160 427.5
1067170 427.5
1067180 427.4
1067190 427.1
1067200 427.1
1067210 426.6
1067220 426.9
1067230 426.9
1067240 427.5
1067250 427.7
1067260 427.7
1067270 427.6
1067280 427.8
1067290 427.8
1067300 428.0
1067310 427.9
1067320 427.9
1067330 427.7
1067340 427.7
1067350 427.7
1067360 427.8
1067370 428.0
1067380 428.0
1067390 428.1
1067400 428.1
1067410 428.1
1067420 428.2
1067430 428.2
1067440 428.2
1067450 428.2
1067460 428.3
1067470 428.3
1067480 428.3
1067490 428.3
1067500 428.4
1067510 428.4
1067520 428.4
1067530 428.5
1067540 428.5
1067550 428.5
1067560 428.6
1067570 428.6
1067580 428.6
1067590 428.6
1067600 428.6
1067610 428.7
1067620 428.7
1067630 428.7
1067640 428.7
1067650 428.7
1067660 428.7
1067670 428.6
1067680 428.4
1067690 428.4
1067700 428.3
1067710 428.4
1067720 428.4
1067730 428.4
1067740 428.5
1067750 428.5
1067760 428.5
1067770 428.5
1067780 428.6
1067790 428.6
1067800 428.7
1067810 428.9
1067820 428.9
1067830 429.2
1067840 429.1
1067850 429.1
1067860 429.1
1067870 429.1
1067880 429.1
1067890 429.1
1067900 429.0
1067910 429.0
1067920 429.0
1067930 429.1
1067940 429.1
1067950 429.3
1067960 429.3
1067970 429.3
1067980 429.4
1067990 429.4
1068000 429.5
1068010 429.5
1068020 429.6
1068030 429.9
1068040 429.9
1068050 430.0
1068060 430.1
1068070 430.1
1068080 430.0
1068090 430.1
1068100 430.1
1068110 430.2
1068120 430.2
1068130 430.2
1068140 430.3
1068150 430.3
1068160 430.3
1068170 430.4
1068180 430.5
1068190 430.5
1068200 430.5
1068210 430.6
1068220 430.6
1068230 430.6
1068240 430.7
1068250 430.7
1068260 430.7
1068270 430.6
1068280 430.7
1068290 430.7
1068300 430.9
1068310 431.2
1068320 431.2
1068330 431.0
1068340 431.0
1068350 431.0
1068360 431.1
1068370 431.1
1068380 431.1
1068390 431.1
1068400 431.2
1068410 431.2
1068420 431.2
1068430 431.3
1068440 431.3
1068450 431.3
1068460 431.5
1068470 431.5
1068480 431.5
1068490 431.6
1068500 431.6
1068510 431.7
1068520 431.8
1068530 431.8
1068540 431.9
1068550 432.1
1068560 432.0
1068570 432.0
1068580 432.0
1068590 432.1
1068600 432.1
1068610 432.3
1068620 432.4
1068630 432.4
1068640 432.5
1068650 432.5
1068660 432.5
1068670 432.5
1068680 432.6
1068690 432.6
1068700 432.7
1068710 432.7
1068720 432.7
1068730 432.8
1068740 433.0
1068750 433.0
1068760 433.1
1068770 433.3
1068780 433.3
1068790 433.3
1068800 433.3
1068810 433.3
1068820 433.4
1068830 433.4
1068840 433.4
1068850 433.4
1068860 433.5
1068870 433.5
1068880 433.5
1068890 433.6
1068900 433.6
1068910 433.6
1068920 433.7
1068930 433.7
1068940 433.7
1068950 433.8
1068960 433.9
1068970 433.9
1068980 433.9
1068990 434.0
1069000 434.0
1069010 434.0
1069020 434.0
1069030 434.0
1069040 434.1
1069050 434.2
1069060 434.2
1069070 434.3
1069080 434.3
1069090 434.3
1069100 434.3
1069110 434.4
1069120 434.5
1069130 434.5
1069140 434.6
1069150 434.7
1069160 434.7
1069170 434.7
1069180 434.8
1069190 434.8
1069200 434.8
1069210 434.9
1069220 434.9
1069230 435.0
1069240 435.1
1069250 435.1
1069260 435.2
1069270 435.3
1069280 435.2
1069290 435.3
1069300 435.4
1069310 435.4
1069320 435.5
1069330 435.6
1069340 435.6
1069350 435.6
1069360 435.6
1069370 435.6
1069380 435.7
1069390 435.8
1069400 436.0
1069410 436.0
1069420 436.2
1069430 436.4
1069440 436.4
1069450 436.6
1069460 436.6
1069470 436.6
1069480 436.6
1069490 436.5
1069500 436.5
1069510 436.6
1069520 436.7
1069530 436.7
1069540 436.9
1069550 436.9
1069560 436.9
1069570 436.9
1069580 437.4
1069590 437.4
1069600 437.8
1069610 437.6
1069620 437.6
1069630 437.5
1069640 437.6
1069650 437.6
1069660 437.4
1069670 437.3
1069680 437.4
1069690 437.4
1069700 437.4
1069710 437.6
1069720 437.6
1069730 437.6
1069740 437.7
1069750 437.7
1069760 437.8
1069770 437.8
1069780 437.8
1069790 437.9
1069800 438.0
1069810 438.0
1069820 438.0
1069830 438.2
1069840 438.2
1069850 438.2
1069860 438.3
1069870 438.3
1069880 438.4
1069890 438.5
1069900 438.5
1069910 438.6
1069920 438.7
1069930 438.7
1069940 438.7
1069950 438.7
1069960 438.8
1069970 438.8
1069980 438.9
1069990 438.9
1070000 438.9
1070010 438.9
1070020 439.0
1070030 439.0
1070040 439.2
1070050 439.3
1070060 439.3
1070070 439.4
1070080 439.6
1070090 439.6
1070100 439.7
1070110 439.9
1070120 439.9
1070130 440.1
1070140 440.0
1070150 440.0
1070160 440.0
1070170 440.1
1070180 440.1
1070190 440.2
1070200 440.2
1070210 440.2
1070220 440.4
1070230 440.4
1070240 440.4
1070250 440.5
1070260 440.6
1070270 440.7
1070280 440.7
1070290 440.9
1070300 441.1
1070310 441.1
1070320 441.2
1070330 441.3
1070340 441.3
1070350 441.4
1070360 441.5
1070370 441.5
1070380 441.7
1070390 441.8
1070400 441.8
1070410 441.9
1070420 442.0
1070430 442.0
1070440 442.1
1070450 442.2
1070460 442.2
1070470 442.3
1070480 442.3
1070490 442.3
1070500 442.5
1070510 442.6
1070520 442.6
1070530 442.5
1070540 442.5
1070550 442.8
1070560 442.8
1070570 443.0
1070580 443.2
1070590 443.2
1070600 443.4
1070610 443.5
1070620 443.5
1070630 443.6
1070640 443.7
1070650 443.7
1070660 443.8
1070670 443.8
1070680 443.8
1070690 444.0
1070700 444.1
1070710 444.1
1070720 444.2
1070730 444.4
1070740 444.4
1070750 444.0
1070760 444.1
1070770 444.1
1070780 444.6
1070790 444.9
1070800 444.9
1070810 445.2
1070820 445.4
1070830 445.4
1070840 445.4
1070850 445.5
1070860 445.5
1070870 445.5
1070880 445.6
1070890 445.6
1070900 445.6
1070910 445.7
1070920 446.2
1070930 446.2
1070940 447.0
1070950 447.3
1070960 447.3
1070970 447.2
1070980 447.0
1070990 447.0
1071000 446.7
1071010 447.1
1071020 447.1
1071030 447.2
1071040 447.2
1071050 447.2
1071060 447.4
1071070 447.5
1071080 447.5
1071090 447.6
1071100 447.7
1071110 447.8
1071120 447.8
1071130 447.9
1071140 448.0
1071150 448.0
1071160 447.9
1071170 448.1
1071180 448.1
1071190 448.2
1071200 448.3
1071210 448.3
1071220 448.4
1071230 448.5
1071240 448.5
1071250 448.7
1071260 448.9
1071270 448.9
1071280 449.1
1071290 449.3
1071300 449.3
1071310 449.5
1071320 449.6
1071330 449.6
1071340 449.8
1071350 450.0
1071360 450.0
1071370 450.2
1071380 450.4
1071390 450.7
1071400 450.7
1071410 451.0
1071420 451.2
1071430 451.1
1071440 451.4
1071450 451.7
1071460 451.7
1071470 451.9
1071480 452.1
1071490 452.1
1071500 452.2
1071510 452.4
1071520 452.4
1071530 452.8
1071540 453.1
1071550 453.1
1071560 453.1
1071570 453.2
1071580 453.2
1071590 454.6
1071600 458.4
1071610 458.4
1071620 459.5
1071630 459.4
1071640 459.4
1071650 459.6
1071660 459.9
1071670 460.2
1071680 460.2
1071690 458.4
1071700 456.4
1071710 456.4
1071720 455.4
1071730 455.3
1071740 455.3
1071750 455.6
1071760 455.6
1071770 455.6
1071780 455.8
1071790 455.9
1071800 455.9
1071810 455.9
1071820 456.1
1071830 456.1
1071840 456.3
1071850 456.6
1071860 456.6
1071870 456.5
1071880 456.4
1071890 456.4
1071900 456.7
1071910 456.9
1071920 456.9
1071930 457.2
1071940 457.8
1071950 458.1
1071960 458.1
1071970 458.5
1071980 457.9
1071990 457.9
1072000 456.4
1072010 455.5
1072020 455.5
1072030 455.4
1072040 455.9
1072050 455.6
1072060 455.6
1072070 457.1
1072080 457.1
1072090 459.1
1072100 459.3
1072110 459.3
1072120 458.8
1072130 458.6
1072140 458.6
1072150 458.6
1072160 458.6
1072170 458.6
1072180 458.6
1072190 458.4
1072200 458.4
1072210 458.5
1072220 458.4
1072230 458.4
1072240 458.4
1072250 458.4
1072260 458.8
1072270 458.8
1072280 458.7
1072290 458.2
1072300 458.2
1072310 458.0
1072320 458.1
1072330 458.1
1072340 458.1
1072350 458.2
1072360 458.3
1072370 458.4
1072380 458.4
1072390 458.4
1072400 458.5
1072410 458.6
1072420 458.6
1072430 458.9
1072440 458.9
1072450 458.9
1072460 458.8
1072470 458.7
1072480 458.7
1072490 458.6
1072500 458.7
1072510 458.8
1072520 458.8
1072530 459.0
1072540 461.6
1072550 461.6
1072560 463.7
1072570 461.2
1072580 461.2
1072590 459.3
1072600 459.3
1072610 459.3
1072620 459.4
1072630 459.5
1072640 459.5
1072650 459.6
1072660 459.8
1072670 459.8
1072680 459.9
1072690 460.0
1072700 460.0
1072710 459.9
1072720 459.9
1072730 459.9
1072740 460.0
1072750 460.1
1072760 460.1
1072770 460.3
1072780 460.7
1072790 460.7
1072800 460.7
1072810 460.8
1072820 460.8
1072830 460.8
1072840 461.0
1072850 461.2
1072860 461.2
1072870 461.4
1072880 461.5
1072890 461.5
1072900 461.5
1072910 461.6
1072920 461.6
1072930 461.7
1072940 461.9
1072950 461.9
1072960 462.0
1072970 462.1
1072980 462.1
1072990 462.3
1073000 462.5
1073010 462.5
1073020 462.6
1073030 462.7
1073040 462.7
1073050 463.0
1073060 463.2
1073070 463.4
1073080 463.4
1073090 463.6
1073100 463.7
1073110 463.7
1073120 463.8
1073130 464.2
1073140 464.2
1073150 464.5
1073160 464.5
1073170 464.5
1073180 464.6
1073190 464.8
1073200 464.8
1073210 465.1
1073220 465.2
1073230 465.2
1073240 465.3
1073250 465.5
1073260 465.5
1073270 465.9
1073280 466.3
1073290 466.3
1073300 466.7
1073310 467.0
1073320 467.0
1073330 467.2
1073340 467.4
1073350 467.7
1073360 467.7
1073370 467.9
1073380 468.3
1073390 468.3
1073400 468.6
1073410 468.8
1073420 468.8
1073430 469.1
1073440 469.2
1073450 469.2
1073460 469.2
1073470 469.4
1073480 469.4
1073490 469.5
1073500 469.8
1073510 469.8
1073520 469.9
1073530 470.0
1073540 470.0
1073550 470.2
1073560 470.4
1073570 470.4
1073580 470.7
1073590 470.9
1073600 471.0
1073610 471.0
1073620 471.0
1073630 471.2
1073640 471.2
1073650 471.3
1073660 471.4
1073670 471.4
1073680 471.6
1073690 471.7
1073700 471.7
1073710 471.9
1073720 472.3
1073730 472.3
1073740 472.7
1073750 472.7
1073760 472.7
1073770 472.7
1073780 472.5
1073790 472.5
1073800 472.4
1073810 472.4
1073820 472.4
1073830 472.2
1073840 472.7
1073850 472.7
1073860 473.2
1073870 473.9
1073880 473.9
1073890 474.3
1073900 474.2
1073910 474.5
1073920 474.5
1073930 474.5
1073940 474.5
1073950 474.5
1073960 474.5
1073970 474.6
1073980 474.6
1073990 474.9
1074000 475.2
1074010 475.2
1074020 475.6
1074030 475.7
1074040 475.7
1074050 475.6
1074060 475.6
1074070 475.6
1074080 475.7
1074090 475.8
1074100 475.8
1074110 478.2
1074120 480.0
1074130 480.0
1074140 481.2
1074150 481.8
1074160 481.8
1074170 483.3
1074180 484.7
1074190 485.0
1074200 485.0
1074210 485.9
1074220 488.4
1074230 488.4
1074240 489.3
1074250 491.2
1074260 491.2
1074270 492.2
1074280 492.3
1074290 492.3
1074300 492.2
1074310 490.5
1074320 490.5
1074330 489.0
1074340 488.1
1074350 488.1
1074360 486.4
1074370 484.7
1074380 484.7
1074390 484.8
1074400 485.0
1074410 485.0
1074420 485.2
1074430 485.2
1074440 485.2
1074450 485.4
1074460 485.6
1074470 485.8
1074480 485.8
1074490 485.7
1074500 485.7
1074510 485.7
1074520 485.8
1074530 486.1
1074540 486.1
1074550 486.3
1074560 486.7
1074570 486.7
1074580 486.9
1074590 487.0
1074600 487.0
1074610 487.4
1074620 488.1
1074630 488.1
1074640 488.3
1074650 488.6
1074660 488.6
1074670 489.1
1074680 489.1
1074690 489.1
1074700 489.1
1074710 489.2
1074720 489.2
1074730 489.5
1074740 489.8
1074750 490.3
1074760 490.3
1074770 490.6
1074780 492.4
1074790 492.4
1074800 494.9
1074810 495.9
1074820 495.9
1074830 495.6
1074840 491.9
1074850 491.9
1074860 491.8
1074870 492.3
1074880 492.3
1074890 492.8
1074900 493.0
1074910 493.0
1074920 493.1
1074930 493.1
1074940 493.1
1074950 493.3
1074960 493.5
1074970 493.5
1074980 494.0
1074990 494.3
1075000 494.3
1075010 494.4
1075020 494.6
1075030 494.8
1075040 494.8
1075050 495.1
1075060 496.0
1075070 496.0
1075080 496.6
1075090 496.8
1075100 496.8
1075110 497.3
1075120 497.5
1075130 497.5
1075140 497.5
1075150 497.7
1075160 497.7
1075170 498.1
1075180 498.3
1075190 498.3
1075200 498.8
1075210 499.1
1075220 499.1
1075230 499.1
1075240 499.2
1075250 499.2
1075260 499.4
1075270 499.8
1075280 499.8
1075290 500.0
1075300 500.2
1075310 500.5
1075320 500.5
1075330 501.0
1075340 501.4
1075350 501.4
1075360 501.5
1075370 501.5
1075380 501.5
1075390 501.7
1075400 502.0
1075410 502.0
1075420 501.9
1075430 502.6
1075440 502.6
1075450 502.9
1075460 502.9
1075470 502.9
1075480 503.1
1075490 503.4
1075500 503.4
1075510 503.7
1075520 504.0
1075530 504.0
1075540 504.5
1075550 504.5
1075560 504.5
1075570 504.5
1075580 504.6
1075590 504.6
1075600 504.6
1075610 504.5
1075620 504.6
1075630 504.6
1075640 504.9
1075650 505.8
1075660 505.8
1075670 506.2
1075680 507.1
1075690 507.1
1075700 509.1
1075710 510.8
1075720 510.8
1075730 513.7
1075740 517.5
1075750 517.5
1075760 521.9
1075770 521.2
1075780 521.2
1075790 524.2
1075800 523.1
1075810 523.1
1075820 520.0
1075830 515.7
1075840 515.7
1075850 510.8
1075860 509.6
1075870 509.3
1075880 509.3
1075890 508.8
1075900 508.5
1075910 508.5
1075920 505.5
1075930 505.1
1075940 505.1
1075950 505.5
1075960 508.0
1075970 508.0
1075980 509.6
1075990 510.6
1076000 510.6
1076010 510.5
1076020 510.7
1076030 510.7
1076040 512.2
1076050 517.3
1076060 517.3
1076070 525.1
1076080 532.3
1076090 544.6
1076100 549.2
1076110 552.9
1076120 552.9
1076130 553.7
1076140 552.2
1076150 545.0
1076160 545.0
1076170 537.3
1076180 533.1
1076190 533.1
1076200 529.6
1076210 528.4
1076220 528.4
1076230 527.6
1076240 529.0
1076250 529.0
1076260 530.7
1076270 532.1
1076280 532.1
1076290 535.0
1076300 542.4
1076310 542.4
1076320 549.7
1076330 556.8
1076340 556.8
1076350 559.7
1076360 558.9
1076370 558.9
1076380 557.1
1076390 553.8
1076400 559.7
1076410 562.2
1076420 566.2
1076430 567.3
1076440 567.3
1076450 565.8
1076460 562.9
1076470 562.9
1076480 559.7
1076490 561.8
1076500 561.8
1076510 566.3
1076520 568.5
1076530 568.5
1076540 567.0
1076550 560.0
1076560 560.0
1076570 551.8
1076580 541.1
1076590 541.1
1076600 541.6
1076610 549.7
1076620 549.7
1076630 559.3
1076640 567.8
1076650 567.8
1076660 575.3
1076670 582.3
1076680 582.3
1076690 587.1
1076700 593.1
1076710 603.1
1076720 603.1
1076730 605.7
1076740 607.8
1076750 607.8
1076760 611.5
1076770 618.5
1076780 618.5
1076790 630.3
1076800 639.1
1076810 639.1
1076820 641.7
1076830 643.5
1076840 643.5
1076850 644.5
1076860 645.2
1076870 645.2
1076880 646.4
1076890 647.3
1076900 647.3
1076910 646.8
1076920 640.3
1076930 640.3
1076940 619.9
1076950 608.5
1076960 608.5
1076970 600.5
1076980 593.6
1076990 588.0
1077000 588.0
1077010 584.2
1077020 589.6
1077030 589.6
1077040 589.8
1077050 590.1
1077060 590.1
1077070 595.2
1077080 608.3
1077090 608.3
1077100 624.0
1077110 635.6
1077120 635.6
1077130 639.1
1077140 642.7
1077150 642.7
1077160 641.5
1077170 630.5
1077180 630.5
1077190 618.5
1077200 612.1
1077210 612.1
1077220 618.1
1077230 618.4
1077240 618.4
1077250 613.1
1077260 617.8
1077270 620.4
1077280 620.4
1077290 620.0
1077300 621.3
1077310 621.3
1077320 620.1
1077330 635.0
1077340 635.0
1077350 636.6
1077360 637.2
1077370 637.2
1077380 638.5
1077390 639.4
1077400 639.4
1077410 637.7
1077420 637.1
1077430 637.1
1077440 640.6
1077450 642.0
1077460 642.0
1077470 648.2
1077480 656.1
1077490 656.1
1077500 659.7
1077510 659.1
1077520 659.1
1077530 660.5
1077540 666.5
1077550 671.0
1077560 671.0
1077570 675.3
1077580 680.4
1077590 680.4
1077600 685.7
1077610 689.3
1077620 689.3
1077630 691.7
1077640 694.4
1077650 694.9
1077660 698.1
1077670 701.6
1077680 701.6
1077690 705.8
1077700 710.3
1077710 710.3
1077720 714.8
1077730 718.8
1077740 718.8
1077750 721.2
1077760 722.4
1077770 722.4
1077780 724.0
1077790 725.9
1077800 725.9
1077810 728.7
1077820 731.1
1077830 733.4
1077840 733.4
1077850 735.2
1077860 736.6
1077870 736.6
1077880 737.5
1077890 738.3
1077900 738.3
1077910 739.3
1077920 739.8
1077930 739.8
1077940 739.1
1077950 737.8
1077960 741.5
1077970 741.7
1077980 741.2
1077990 741.2
1078000 739.7
1078010 736.6
1078020 736.6
1078030 736.1
1078040 734.7
1078050 734.7
1078060 732.0
1078070 729.5
1078080 729.5
1078090 729.4
1078100 724.1
1078110 734.7
1078120 734.7
1078130 733.1
1078140 737.7
1078150 737.7
1078160 738.4
1078170 738.8
1078180 738.8
1078190 739.5
1078200 737.1
1078210 737.1
1078220 731.9
1078230 729.4
1078240 729.4
1078250 729.7
1078260 731.4
1078270 736.2
1078280 737.1
1078290 739.6
1078300 739.6
1078310 740.9
1078320 740.8
1078330 740.8
1078340 745.0
1078350 746.7
1078360 746.7
1078370 746.8
1078380 738.4
1078390 735.8
1078400 735.8
1078410 731.1
1078420 721.5
1078430 721.5
1078440 714.1
1078450 709.6
1078460 709.6
1078470 702.0
1078480 693.8
1078490 693.8
1078500 685.1
1078510 679.4
1078520 679.4
1078530 680.3
1078540 681.1
1078550 681.1
1078560 684.3
1078570 686.6
1078580 686.6
1078590 692.2
1078600 693.7
1078610 693.7
1078620 698.3
1078630 700.6
1078640 700.6
1078650 703.6
1078660 705.6
1078670 704.8
1078680 704.8
1078690 697.7
1078700 691.8
1078710 691.8
1078720 692.7
1078730 698.7
1078740 698.7
1078750 710.5
1078760 713.7
1078770 713.7
1078780 718.4
1078790 722.5
1078800 722.5
1078810 724.7
1078820 728.3
1078830 728.3
1078840 733.0
1078850 738.5
1078860 738.5
1078870 743.8
1078880 748.2
1078890 748.2
1078900 751.1
1078910 755.6
1078920 755.6
1078930 757.8
1078940 759.2
1078950 762.5
1078960 762.5
1078970 770.3
1078980 777.9
1078990 777.9
1079000 784.4
1079010 789.1
1079020 789.1
1079030 791.3
1079040 793.1
1079050 793.1
1079060 796.7
1079070 803.3
1079080 803.3
1079090 807.6
1079100 808.2
1079110 808.2
1079120 810.0
1079130 812.1
1079140 812.1
1079150 815.1
1079160 820.8
1079170 820.8
1079180 838.1
1079190 852.4
1079200 852.4
1079210 844.2
1079220 857.1
1079230 865.7
1079240 865.7
1079250 868.3
1079260 874.9
1079270 874.9
1079280 878.2
1079290 879.6
1079300 879.6
1079310 879.6
1079320 877.6
1079330 877.6
1079340 873.6
1079350 866.9
1079360 866.9
1079370 867.5
1079380 868.2
1079390 868.2
1079400 871.3
1079410 875.0
1079420 875.0
1079430 880.0
1079440 885.6
1079450 885.6
1079460 889.2
1079470 889.9
1079480 889.9
1079490 890.6
1079500 893.0
1079510 897.9
1079520 897.9
1079530 908.3
1079540 912.3
1079550 912.3
1079560 916.0
1079570 922.0
1079580 922.0
1079590 926.6
1079600 929.6
1079610 929.6
1079620 932.3
1079630 936.6
1079640 936.6
1079650 946.5
1079660 952.4
1079670 952.4
1079680 956.3
1079690 960.2
1079700 960.2
1079710 963.4
1079720 966.8
1079730 966.8
1079740 969.7
1079750 971.7
1079760 971.7
1079770 974.2
1079780 977.4
1079790 977.4
1079800 981.3
1079810 985.0
1079820 988.6
1079830 988.6
1079840 991.9
1079850 994.3
1079860 994.3
1079870 997.6
1079880 1001.8
1079890 1001.8
1079900 1006.1
1079910 1008.6
1079920 1008.6
1079930 1011.4
1079940 1014.5
1079950 1014.5
1079960 1016.3
1079970 1018.8
1079980 1018.8
1079990 1022.5
