1063130 425.8
1063140 425.8
1063150 425.8
1063160 425.9
1063170 426.1
1063180 426.1
1063190 426.4
1063200 426.9
1063210 426.9
1063220 427.4
1063230 428.1
1063240 428.1
1063250 429.7
1063260 430.1
1063270 430.1
1063280 430.2
1063290 429.9
1063300 431.9
1063310 431.9
1063320 432.7
1063330 428.8
1063340 428.8
1063350 425.6
1063360 422.8
1063370 422.8
1063380 423.1
1063390 423.5
1063400 423.5
1063410 423.8
1063420 423.9
1063430 423.9
1063440 423.9
1063450 423.7
1063460 423.7
1063470 423.5
1063480 423.2
1063490 423.2
1063500 422.5
1063510 422.4
1063520 422.4
1063530 422.4
1063540 425.1
1063550 425.1
1063560 428.2
1063570 428.6
1063580 428.7
1063590 428.7
1063600 428.9
1063610 430.0
1063620 430.0
1063630 432.4
1063640 430.3
1063650 430.3
1063660 427.9
1063670 426.4
1063680 426.4
1063690 428.2
1063700 428.3
1063710 428.3
1063720 428.1
1063730 428.4
1063740 428.4
1063750 428.6
1063760 428.5
1063770 428.5
1063780 428.5
1063790 428.5
1063800 428.5
1063810 428.4
1063820 428.2
1063830 428.2
1063840 428.1
1063850 428.1
1063860 427.9
1063870 427.9
1063880 427.9
1063890 428.0
1063900 428.0
1063910 428.1
1063920 428.2
1063930 428.2
1063940 428.4
1063950 428.3
1063960 428.3
1063970 428.3
1063980 428.4
1063990 428.4
1064000 428.3
1064010 428.5
1064020 428.5
1064030 428.6
1064040 428.7
1064050 428.7
1064060 428.8
1064070 428.8
1064080 428.8
1064090 429.0
1064100 429.6
1064110 429.6
1064120 431.7
1064130 431.3
1064140 429.9
1064150 429.9
1064160 430.2
1064170 428.6
1064180 429.9
1064190 428.0
1064200 427.9
1064210 427.9
1064220 427.9
1064230 428.1
1064240 428.1
1064250 430.3
1064260 432.4
1064270 432.4
1064280 433.6
1064290 432.0
1064300 432.0
1064310 429.1
1064320 428.3
1064330 428.3
1064340 428.3
1064350 428.3
1064360 428.3
1064370 428.3
1064380 428.4
1064390 428.4
1064400 428.4
1064410 428.4
1064420 428.4
1064430 428.4
1064440 428.3
1064450 428.2
1064460 428.2
1064470 428.6
1064480 428.3
1064490 428.3
1064500 428.0
1064510 427.9
1064520 427.9
1064530 427.6
1064540 427.9
1064550 427.9
1064560 428.1
1064570 428.1
1064580 428.1
1064590 428.0
1064600 428.1
1064610 428.1
1064620 428.1
1064630 428.0
1064640 428.0
1064650 428.1
1064660 428.0
1064670 428.0
1064680 427.9
1064690 427.9
1064700 427.9
1064710 428.0
1064720 428.1
1064730 428.2
1064740 428.2
1064750 427.8
1064760 426.7
1064770 426.7
1064780 427.5
1064790 427.9
1064800 427.9
1064810 428.0
1064820 428.1
1064830 428.1
1064840 427.9
1064850 427.8
1064860 427.8
1064870 427.9
1064880 427.8
1064890 427.8
1064900 427.8
1064910 427.8
1064920 427.8
1064930 427.7
1064940 427.5
1064950 427.5
1064960 427.6
1064970 427.7
1064980 427.7
1064990 427.7
1065000 427.7
1065010 427.8
1065020 427.8
1065030 427.8
1065040 427.5
1065050 427.5
1065060 427.2
1065070 427.1
1065080 427.1
1065090 426.9
1065100 426.8
1065110 426.8
1065120 426.7
1065130 426.6
1065140 426.6
1065150 426.6
1065160 426.6
1065170 426.6
1065180 426.6
1065190 426.7
1065200 426.7
1065210 426.7
1065220 426.6
1065230 426.6
1065240 426.6
1065250 426.7
1065260 426.7
1065270 426.7
1065280 426.9
1065290 426.9
1065300 426.9
1065310 426.7
1065320 426.8
1065330 426.8
1065340 426.8
1065350 426.7
1065360 426.7
1065370 426.7
1065380 426.8
1065390 426.8
1065400 426.8
1065410 426.8
1065420 426.8
1065430 426.7
1065440 426.5
1065450 426.5
1065460 426.5
1065470 426.6
1065480 426.6
1065490 426.5
1065500 426.6
1065510 426.6
1065520 426.6
1065530 426.6
1065540 426.6
1065550 426.6
1065560 426.6
1065570 426.6
1065580 426.6
1065590 426.6
1065600 426.6
1065610 426.6
1065620 426.6
1065630 426.6
1065640 426.6
1065650 426.6
1065660 426.6
1065670 426.6
1065680 426.6
1065690 426.6
1065700 426.6
1065710 426.7
1065720 426.8
1065730 426.8
1065740 426.8
1065750 426.9
1065760 426.9
1065770 427.1
1065780 427.0
1065790 427.0
1065800 427.0
1065810 427.2
1065820 427.2
1065830 427.1
1065840 427.0
1065850 426.9
1065860 426.9
1065870 426.7
1065880 426.8
1065890 426.8
1065900 426.9
1065910 427.1
1065920 427.1
1065930 427.0
1065940 426.8
1065950 426.8
1065960 426.9
1065970 427.1
1065980 427.1
1065990 427.1
1066000 427.2
1066010 427.2
1066020 427.1
1066030 426.9
1066040 426.9
1066050 426.9
1066060 426.8
1066070 426.8
1066080 426.8
1066090 426.8
1066100 426.8
1066110 426.8
1066120 426.8
1066130 426.9
1066140 426.9
1066150 426.8
1066160 426.9
1066170 426.9
1066180 426.9
1066190 426.9
1066200 426.9
1066210 426.8
1066220 426.8
1066230 426.8
1066240 426.7
1066250 426.8
1066260 426.8
1066270 427.3
1066280 427.3
1066290 427.3
1066300 427.1
1066310 427.1
1066320 427.1
1066330 427.0
1066340 426.8
1066350 426.8
1066360 427.1
1066370 427.2
1066380 427.2
1066390 427.4
1066400 428.2
1066410 428.3
1066420 428.3
1066430 427.3
1066440 427.2
1066450 427.2
1066460 427.3
1066470 427.3
1066480 427.3
1066490 427.6
1066500 427.8
1066510 427.8
1066520 427.5
1066530 427.2
1066540 427.2
1066550 427.0
1066560 426.8
1066570 426.8
1066580 426.7
1066590 426.6
1066600 426.6
1066610 426.6
1066620 426.8
1066630 426.8
1066640 426.9
1066650 426.9
1066660 426.9
1066670 426.8
1066680 426.8
1066690 426.7
1066700 426.7
1066710 427.3
1066720 427.5
1066730 427.5
1066740 427.5
1066750 427.2
1066760 427.2
1066770 426.8
1066780 426.7
1066790 426.7
1066800 427.0
1066810 427.1
1066820 427.1
1066830 427.0
1066840 427.4
1066850 427.4
1066860 427.4
1066870 427.3
1066880 427.3
1066890 427.6
1066900 427.7
1066910 427.4
1066920 426.9
1066930 426.9
1066940 426.9
1066950 426.9
1066960 426.1
1066970 426.7
1066980 426.7
1066990 426.7
1067000 426.7
1067010 426.7
1067020 426.7
1067030 426.7
1067040 426.7
1067050 426.7
1067060 426.7
1067070 426.7
1067080 426.7
1067090 426.7
1067100 426.7
1067110 426.7
1067120 426.7
1067130 426.7
1067140 426.8
1067150 427.0
1067160 427.0
1067170 427.0
1067180 427.1
1067190 427.1
1067200 427.2
1067210 427.2
1067220 427.2
1067230 427.2
1067240 427.3
1067250 427.4
1067260 427.4
1067270 427.5
1067280 427.5
1067290 427.5
1067300 427.6
1067310 427.7
1067320 427.7
1067330 427.8
1067340 427.8
1067350 427.8
1067360 427.9
1067370 427.9
1067380 427.9
1067390 428.0
1067400 428.0
1067410 428.0
1067420 428.3
1067430 428.2
1067440 428.2
1067450 428.2
1067460 428.3
1067470 428.3
1067480 428.3
1067490 428.4
1067500 428.4
1067510 428.4
1067520 428.5
1067530 428.5
1067540 428.5
1067550 428.5
1067560 428.6
1067570 428.6
1067580 428.6
1067590 428.6
1067600 428.6
1067610 428.7
1067620 428.8
1067630 428.8
1067640 428.9
1067650 429.0
1067660 429.0
1067670 429.1
1067680 429.1
1067690 429.1
1067700 429.1
1067710 429.1
1067720 429.1
1067730 429.1
1067740 429.2
1067750 429.2
1067760 429.2
1067770 429.3
1067780 429.3
1067790 429.3
1067800 429.4
1067810 429.5
1067820 429.5
1067830 429.4
1067840 429.4
1067850 429.4
1067860 429.5
1067870 429.6
1067880 429.6
1067890 429.9
1067900 429.8
1067910 429.8
1067920 429.8
1067930 429.8
1067940 429.8
1067950 429.8
1067960 429.8
1067970 429.8
1067980 429.8
1067990 429.8
1068000 429.8
1068010 429.8
1068020 429.7
1068030 429.7
1068040 429.8
1068050 430.0
1068060 430.0
1068070 430.0
1068080 430.1
1068090 430.1
1068100 430.1
1068110 430.2
1068120 430.3
1068130 430.3
1068140 430.4
1068150 430.5
1068160 430.5
1068170 430.6
1068180 430.6
1068190 430.6
1068200 430.6
1068210 430.6
1068220 430.6
1068230 430.6
1068240 430.7
1068250 430.7
1068260 430.7
1068270 430.7
1068280 430.7
1068290 430.8
1068300 430.8
1068310 430.8
1068320 430.8
1068330 430.9
1068340 430.9
1068350 430.9
1068360 431.0
1068370 431.0
1068380 431.4
1068390 431.1
1068400 431.1
1068410 431.1
1068420 431.1
1068430 431.2
1068440 431.2
1068450 431.2
1068460 431.2
1068470 431.2
1068480 431.3
1068490 431.3
1068500 431.3
1068510 431.4
1068520 431.5
1068530 431.5
1068540 431.5
1068550 431.6
1068560 431.6
1068570 431.6
1068580 431.7
1068590 431.7
1068600 431.7
1068610 431.8
1068620 431.8
1068630 431.9
1068640 431.9
1068650 431.9
1068660 432.1
1068670 432.3
1068680 432.3
1068690 432.3
1068700 432.4
1068710 432.5
1068720 432.5
1068730 432.5
1068740 432.6
1068750 432.6
1068760 432.7
1068770 432.8
1068780 432.8
1068790 432.9
1068800 432.9
1068810 432.9
1068820 433.0
1068830 433.2
1068840 433.2
1068850 433.2
1068860 433.2
1068870 433.2
1068880 433.3
1068890 433.4
1068900 433.4
1068910 433.5
1068920 433.6
1068930 433.6
1068940 433.7
1068950 433.8
1068960 433.9
1068970 433.9
1068980 433.9
1068990 433.9
1069000 433.9
1069010 434.0
1069020 434.0
1069030 434.0
1069040 434.1
1069050 434.1
1069060 434.2
1069070 434.3
1069080 434.3
1069090 434.3
1069100 434.4
1069110 434.4
1069120 434.4
1069130 434.4
1069140 434.5
1069150 434.5
1069160 434.6
1069170 434.7
1069180 434.7
1069190 434.8
1069200 434.8
1069210 434.8
1069220 435.1
1069230 435.3
1069240 435.4
1069250 435.4
1069260 435.4
1069270 435.4
1069280 435.4
1069290 435.5
1069300 435.5
1069310 435.5
1069320 435.5
1069330 435.6
1069340 435.6
1069350 435.7
1069360 435.8
1069370 435.8
1069380 435.9
1069390 436.0
1069400 436.0
1069410 436.1
1069420 436.2
1069430 436.2
1069440 436.2
1069450 436.2
1069460 436.2
1069470 436.3
1069480 436.4
1069490 436.4
1069500 436.5
1069510 436.6
1069520 436.6
1069530 436.6
1069540 436.7
1069550 436.6
1069560 436.6
1069570 436.6
1069580 436.4
1069590 436.4
1069600 436.6
1069610 436.7
1069620 436.7
1069630 436.9
1069640 437.1
1069650 437.1
1069660 437.2
1069670 437.4
1069680 437.4
1069690 437.5
1069700 437.5
1069710 437.5
1069720 437.5
1069730 437.6
1069740 437.6
1069750 437.7
1069760 437.9
1069770 437.9
1069780 438.0
1069790 438.1
1069800 438.2
1069810 438.2
1069820 438.5
1069830 438.3
1069840 438.3
1069850 438.3
1069860 438.4
1069870 438.4
1069880 438.5
1069890 438.7
1069900 438.7
1069910 438.8
1069920 439.0
1069930 439.0
1069940 439.1
1069950 439.1
1069960 439.1
1069970 439.1
1069980 439.2
1069990 439.2
1070000 439.3
1070010 439.4
1070020 439.4
1070030 439.5
1070040 439.7
1070050 439.7
1070060 439.8
1070070 440.0
1070080 440.3
1070090 440.3
1070100 440.6
1070110 440.7
1070120 440.7
1070130 440.8
1070140 440.9
1070150 440.9
1070160 441.1
1070170 441.1
1070180 441.1
1070190 440.9
1070200 440.9
1070210 440.9
1070220 441.0
1070230 441.0
1070240 441.0
1070250 441.1
1070260 441.2
1070270 441.2
1070280 441.3
1070290 441.3
1070300 441.3
1070310 441.4
1070320 441.5
1070330 441.5
1070340 441.6
1070350 441.6
1070360 441.7
1070370 441.7
1070380 441.8
1070390 441.9
1070400 441.9
1070410 442.0
1070420 442.1
1070430 442.1
1070440 442.2
1070450 442.3
1070460 442.3
1070470 442.3
1070480 442.4
1070490 442.4
1070500 442.6
1070510 442.6
1070520 442.6
1070530 442.7
1070540 442.8
1070550 442.8
1070560 442.9
1070570 443.0
1070580 443.0
1070590 443.1
1070600 443.2
1070610 443.2
1070620 443.3
1070630 443.4
1070640 443.5
1070650 443.5
1070660 443.7
1070670 443.9
1070680 443.9
1070690 444.0
1070700 444.1
1070710 444.1
1070720 444.1
1070730 444.2
1070740 444.2
1070750 444.4
1070760 444.5
1070770 444.5
1070780 444.6
1070790 445.0
1070800 445.0
1070810 445.3
1070820 445.4
1070830 445.4
1070840 445.2
1070850 445.1
1070860 445.1
1070870 445.3
1070880 445.5
1070890 445.5
1070900 445.6
1070910 445.8
1070920 446.0
1070930 446.0
1070940 446.1
1070950 446.2
1070960 446.2
1070970 446.7
1070980 447.5
1070990 447.5
1071000 447.6
1071010 446.9
1071020 446.9
1071030 446.8
1071040 446.9
1071050 446.9
1071060 447.1
1071070 447.2
1071080 447.2
1071090 447.3
1071100 447.5
1071110 447.5
1071120 447.8
1071130 448.0
1071140 448.0
1071150 448.1
1071160 448.2
1071170 448.2
1071180 448.3
1071190 448.5
1071200 448.6
1071210 448.5
1071220 448.5
1071230 448.7
1071240 448.7
1071250 448.9
1071260 449.1
1071270 449.1
1071280 449.4
1071290 449.6
1071300 449.6
1071310 450.0
1071320 450.4
1071330 450.4
1071340 450.7
1071350 450.9
1071360 450.9
1071370 451.1
1071380 451.3
1071390 451.3
1071400 451.4
1071410 451.7
1071420 451.7
1071430 452.1
1071440 452.7
1071450 452.7
1071460 452.9
1071470 453.1
1071480 453.0
1071490 453.0
1071500 452.6
1071510 452.8
1071520 452.9
1071530 453.0
1071540 452.9
1071550 452.9
1071560 453.4
1071570 453.4
1071580 453.4
1071590 455.9
1071600 458.7
1071610 458.7
1071620 458.9
1071630 457.9
1071640 457.9
1071650 455.1
1071660 453.3
1071670 453.3
1071680 451.4
1071690 451.4
1071700 451.4
1071710 454.1
1071720 456.5
1071730 456.5
1071740 455.7
1071750 454.3
1071760 454.4
1071770 454.4
1071780 454.6
1071790 454.4
1071800 454.4
1071810 454.3
1071820 454.6
1071830 454.6
1071840 454.6
1071850 454.5
1071860 454.5
1071870 454.3
1071880 454.3
1071890 454.3
1071900 454.3
1071910 454.3
1071920 454.3
1071930 454.2
1071940 454.1
1071950 454.1
1071960 454.0
1071970 453.9
1071980 453.9
1071990 453.8
1072000 453.7
1072010 453.7
1072020 453.7
1072030 453.7
1072040 453.7
1072050 453.7
1072060 453.7
1072070 453.7
1072080 453.7
1072090 453.8
1072100 453.9
1072110 453.9
1072120 454.0
1072130 454.2
1072140 454.2
1072150 454.3
1072160 454.5
1072170 454.5
1072180 454.6
1072190 454.7
1072200 454.7
1072210 454.8
1072220 455.0
1072230 455.0
1072240 455.2
1072250 455.4
1072260 455.4
1072270 455.5
1072280 455.4
1072290 455.4
1072300 455.4
1072310 455.5
1072320 455.6
1072330 455.6
1072340 455.8
1072350 456.0
1072360 456.0
1072370 456.1
1072380 456.4
1072390 456.4
1072400 456.6
1072410 456.7
1072420 456.7
1072430 457.1
1072440 457.2
1072450 457.2
1072460 457.5
1072470 457.6
1072480 457.6
1072490 457.7
1072500 457.6
1072510 457.6
1072520 457.6
1072530 457.6
1072540 457.6
1072550 457.8
1072560 459.4
1072570 459.4
1072580 461.4
1072590 459.7
1072600 459.7
1072610 458.7
1072620 459.0
1072630 459.1
1072640 459.1
1072650 459.1
1072660 459.0
1072670 459.0
1072680 459.1
1072690 459.2
1072700 459.2
1072710 459.4
1072720 459.6
1072730 459.6
1072740 459.6
1072750 459.8
1072760 459.8
1072770 460.0
1072780 459.9
1072790 459.9
1072800 460.0
1072810 460.1
1072820 460.1
1072830 460.3
1072840 460.5
1072850 460.5
1072860 460.7
1072870 460.9
1072880 460.9
1072890 461.1
1072900 461.2
1072910 461.4
1072920 461.4
1072930 461.5
1072940 461.7
1072950 461.7
1072960 462.0
1072970 462.3
1072980 462.3
1072990 462.6
1073000 462.8
1073010 462.8
1073020 463.0
1073030 463.2
1073040 463.2
1073050 463.4
1073060 463.4
1073070 463.4
1073080 463.5
1073090 463.8
1073100 463.8
1073110 464.1
1073120 464.3
1073130 464.3
1073140 464.3
1073150 464.3
1073160 464.3
1073170 464.5
1073180 464.8
1073190 465.1
1073200 465.1
1073210 465.3
1073220 465.6
1073230 465.6
1073240 465.8
1073250 465.8
1073260 465.8
1073270 465.9
1073280 466.1
1073290 466.1
1073300 466.3
1073310 466.4
1073320 466.4
1073330 466.5
1073340 466.7
1073350 466.7
1073360 467.1
1073370 467.2
1073380 467.2
1073390 467.2
1073400 467.4
1073410 467.4
1073420 467.6
1073430 467.8
1073440 467.8
1073450 467.9
1073460 468.1
1073470 468.3
1073480 468.3
1073490 468.5
1073500 468.7
1073510 468.7
1073520 468.8
1073530 469.0
1073540 469.0
1073550 469.2
1073560 469.4
1073570 469.4
1073580 469.6
1073590 469.8
1073600 469.8
1073610 470.1
1073620 470.4
1073630 470.4
1073640 470.7
1073650 470.9
1073660 470.9
1073670 471.0
1073680 471.2
1073690 471.2
1073700 471.5
1073710 472.1
1073720 472.1
1073730 471.9
1073740 472.0
1073750 472.3
1073760 472.3
1073770 472.8
1073780 473.2
1073790 473.2
1073800 473.1
1073810 473.0
1073820 473.0
1073830 473.1
1073840 473.4
1073850 473.4
1073860 473.7
1073870 473.8
1073880 473.8
1073890 474.0
1073900 474.1
1073910 474.1
1073920 474.2
1073930 474.4
1073940 474.4
1073950 474.7
1073960 475.1
1073970 475.1
1073980 475.5
1073990 475.7
1074000 475.7
1074010 475.9
1074020 476.1
1074030 476.2
1074040 476.2
1074050 476.4
1074060 477.0
1074070 477.0
1074080 477.5
1074090 477.7
1074100 477.7
1074110 477.8
1074120 478.1
1074130 478.1
1074140 478.8
1074150 479.0
1074160 479.0
1074170 480.1
1074180 481.5
1074190 481.5
1074200 483.0
1074210 484.7
1074220 484.7
1074230 486.5
1074240 487.1
1074250 487.1
1074260 487.7
1074270 488.0
1074280 488.0
1074290 488.0
1074300 487.1
1074310 481.6
1074320 481.6
1074330 481.2
1074340 481.4
1074350 481.4
1074360 482.1
1074370 482.4
1074380 482.4
1074390 482.3
1074400 482.7
1074410 482.7
1074420 482.8
1074430 483.2
1074440 483.2
1074450 483.4
1074460 483.1
1074470 483.1
1074480 483.2
1074490 483.6
1074500 483.6
1074510 483.8
1074520 484.4
1074530 484.4
1074540 485.2
1074550 485.3
1074560 485.3
1074570 485.4
1074580 485.9
1074590 486.4
1074600 486.4
1074610 486.9
1074620 487.3
1074630 487.3
1074640 487.7
1074650 487.8
1074660 487.8
1074670 488.5
1074680 488.8
1074690 488.8
1074700 488.7
1074710 488.8
1074720 488.8
1074730 488.9
1074740 488.9
1074750 488.9
1074760 489.4
1074770 490.4
1074780 490.4
1074790 491.7
1074800 493.5
1074810 493.5
1074820 495.2
1074830 494.8
1074840 494.8
1074850 493.0
1074860 492.0
1074870 492.0
1074880 492.0
1074890 492.0
1074900 492.2
1074910 492.2
1074920 492.8
1074930 493.0
1074940 493.0
1074950 493.1
1074960 493.2
1074970 493.2
1074980 493.5
1074990 494.6
1075000 494.6
1075010 494.9
1075020 495.2
1075030 495.2
1075040 495.3
1075050 495.6
1075060 495.6
1075070 496.1
1075080 496.4
1075090 496.4
1075100 496.9
1075110 497.2
1075120 497.2
1075130 498.2
1075140 497.8
1075150 497.5
1075160 497.5
1075170 498.0
1075180 498.5
1075190 498.5
1075200 498.7
1075210 498.9
1075220 498.9
1075230 499.2
1075240 499.5
1075250 499.5
1075260 499.8
1075270 500.1
1075280 500.1
1075290 500.5
1075300 501.4
1075310 501.4
1075320 501.8
1075330 501.5
1075340 501.5
1075350 501.6
1075360 501.9
1075370 501.9
1075380 503.4
1075390 504.3
1075400 504.3
1075410 504.3
1075420 503.9
1075430 504.6
1075440 504.6
1075450 505.3
1075460 506.8
1075470 506.8
1075480 509.2
1075490 511.4
1075500 511.4
1075510 514.4
1075520 518.2
1075530 518.2
1075540 518.3
1075550 522.0
1075560 522.0
1075570 523.1
1075580 522.3
1075590 522.3
1075600 520.3
1075610 517.8
1075620 517.8
1075630 515.4
1075640 513.7
1075650 513.7
1075660 513.2
1075670 513.1
1075680 513.1
1075690 513.1
1075700 513.5
1075710 514.3
1075720 514.3
1075730 515.2
1075740 516.8
1075750 516.8
1075760 519.1
1075770 520.7
1075780 520.7
1075790 520.8
1075800 519.0
1075810 519.0
1075820 516.8
1075830 515.0
1075840 515.0
1075850 514.3
1075860 513.3
1075870 513.3
1075880 513.7
1075890 514.5
1075900 514.5
1075910 515.0
1075920 515.0
1075930 515.0
1075940 515.0
1075950 515.3
1075960 515.3
1075970 515.2
1075980 515.3
1075990 515.1
1076000 515.1
1076010 515.0
1076020 515.1
1076030 515.1
1076040 515.0
1076050 515.7
1076060 515.7
1076070 516.7
1076080 516.9
1076090 516.9
1076100 517.2
1076110 517.1
1076120 517.1
1076130 517.0
1076140 517.0
1076150 517.0
1076160 516.2
1076170 511.4
1076180 511.4
1076190 512.2
1076200 516.2
1076210 516.2
1076220 521.2
1076230 528.8
1076240 528.8
1076250 538.4
1076260 547.0
1076270 551.7
1076280 551.7
1076290 550.5
1076300 550.9
1076310 550.9
1076320 551.8
1076330 552.2
1076340 552.2
1076350 554.1
1076360 556.3
1076370 556.3
1076380 557.7
1076390 558.6
1076400 558.6
1076410 561.3
1076420 564.3
1076430 564.3
1076440 565.4
1076450 566.0
1076460 566.0
1076470 567.0
1076480 562.1
1076490 562.1
1076500 563.5
1076510 564.3
1076520 564.3
1076530 564.8
1076540 564.7
1076550 563.6
1076560 563.6
1076570 561.9
1076580 563.2
1076590 563.2
1076600 564.8
1076610 564.8
1076620 564.8
1076630 565.6
1076640 565.6
1076650 565.6
1076660 562.4
1076670 561.2
1076680 561.2
1076690 558.6
1076700 554.3
1076710 554.3
1076720 552.5
1076730 556.4
1076740 556.4
1076750 560.0
1076760 563.0
1076770 563.0
1076780 566.6
1076790 567.6
1076800 567.6
1076810 572.4
1076820 580.7
1076830 599.9
1076840 599.9
1076850 614.5
1076860 619.2
1076870 619.2
1076880 623.1
1076890 628.1
1076900 628.1
1076910 632.8
1076920 636.5
1076930 636.5
1076940 641.2
1076950 646.6
1076960 646.6
1076970 648.6
1076980 649.8
1076990 649.8
1077000 650.8
1077010 652.1
1077020 652.1
1077030 655.4
1077040 657.8
1077050 657.8
1077060 658.4
1077070 659.2
1077080 659.2
1077090 660.2
1077100 654.8
1077110 659.8
1077120 659.8
1077130 664.0
1077140 669.6
1077150 669.6
1077160 677.7
1077170 680.4
1077180 680.4
1077190 678.9
1077200 678.6
1077210 678.6
1077220 678.8
1077230 679.9
1077240 679.9
1077250 682.8
1077260 686.0
1077270 686.0
1077280 689.1
1077290 691.9
1077300 691.9
1077310 693.5
1077320 694.8
1077330 694.8
1077340 695.4
1077350 696.4
1077360 696.4
1077370 696.6
1077380 696.9
1077390 698.3
1077400 698.3
1077410 699.0
1077420 698.8
1077430 698.8
1077440 699.0
1077450 697.3
1077460 697.3
1077470 693.1
1077480 689.5
1077490 689.5
1077500 685.4
1077510 680.7
1077520 680.7
1077530 678.4
1077540 676.7
1077550 676.7
1077560 678.1
1077570 681.9
1077580 681.9
1077590 682.8
1077600 681.9
1077610 681.9
1077620 682.3
1077630 683.7
1077640 683.7
1077650 685.7
1077660 687.8
1077670 689.5
1077680 689.5
1077690 692.1
1077700 694.5
1077710 694.5
1077720 695.3
1077730 689.7
1077740 689.7
1077750 689.3
1077760 688.8
1077770 688.8
1077780 688.2
1077790 687.0
1077800 687.0
1077810 685.2
1077820 681.6
1077830 681.6
1077840 676.7
1077850 677.5
1077860 677.5
1077870 678.6
1077880 678.1
1077890 678.1
1077900 677.6
1077910 679.6
1077920 679.6
1077930 680.3
1077940 683.5
1077950 686.7
1077960 686.7
1077970 688.6
1077980 694.1
1077990 694.1
1078000 700.9
1078010 707.5
1078020 707.5
1078030 715.8
1078040 717.9
1078050 717.9
1078060 719.9
1078070 721.1
1078080 721.1
1078090 723.9
1078100 727.9
1078110 727.9
1078120 730.2
1078130 730.8
1078140 730.8
1078150 730.6
1078160 729.5
1078170 729.5
1078180 728.3
1078190 726.3
1078200 726.3
1078210 724.6
1078220 723.4
1078230 721.0
1078240 721.0
1078250 718.3
1078260 718.2
1078270 718.2
1078280 718.4
1078290 717.6
1078300 717.6
1078310 717.2
1078320 714.7
1078330 714.7
1078340 714.9
1078350 716.3
1078360 709.7
1078370 711.3
1078380 712.1
1078390 712.1
1078400 712.5
1078410 711.8
1078420 711.8
1078430 717.5
1078440 720.7
1078450 720.7
1078460 722.7
1078470 723.6
1078480 723.6
1078490 725.3
1078500 736.3
1078510 743.2
1078520 743.2
1078530 747.0
1078540 750.3
1078550 750.3
1078560 753.9
1078570 759.1
1078580 759.1
1078590 762.4
1078600 764.6
1078610 764.6
1078620 766.8
1078630 769.3
1078640 769.3
1078650 772.0
1078660 775.1
1078670 771.7
1078680 775.9
1078690 779.2
1078700 779.2
1078710 781.6
1078720 783.0
1078730 783.0
1078740 784.1
1078750 786.2
1078760 786.2
1078770 788.9
1078780 793.1
1078790 797.9
1078800 797.9
1078810 800.9
1078820 803.1
1078830 803.1
1078840 805.6
1078850 808.5
1078860 808.5
1078870 812.6
1078880 815.9
1078890 815.9
1078900 818.8
1078910 821.4
1078920 821.4
1078930 825.3
1078940 829.4
1078950 829.4
1078960 833.8
1078970 840.5
1078980 838.5
1078990 846.3
1079000 851.9
1079010 851.9
1079020 856.7
1079030 861.7
1079040 861.7
1079050 866.3
1079060 870.4
1079070 874.0
1079080 874.0
1079090 877.3
1079100 880.5
1079110 880.5
1079120 882.3
1079130 883.7
1079140 883.7
1079150 885.1
1079160 886.9
1079170 886.9
1079180 889.1
1079190 891.4
1079200 891.4
1079210 893.6
1079220 897.5
1079230 897.5
1079240 902.2
1079250 905.4
1079260 905.4
1079270 909.6
1079280 911.8
1079290 911.8
1079300 914.0
1079310 920.0
1079320 920.0
1079330 923.8
1079340 927.6
1079350 927.6
1079360 930.7
1079370 934.8
1079380 937.5
1079390 937.5
1079400 940.3
1079410 942.1
1079420 942.1
1079430 945.0
1079440 948.2
1079450 948.2
1079460 949.8
1079470 951.7
1079480 951.7
1079490 953.2
1079500 954.5
1079510 954.5
1079520 956.5
1079530 959.1
1079540 959.1
1079550 962.5
1079560 965.4
1079570 965.4
1079580 968.7
1079590 972.6
1079600 972.6
1079610 976.5
1079620 981.1
1079630 981.1
1079640 984.4
1079650 986.9
1079660 989.6
1079670 989.6
1079680 992.4
1079690 995.3
1079700 995.3
1079710 997.6
1079720 999.7
1079730 999.7
1079740 1002.7
1079750 1005.3
1079760 1005.3
1079770 1006.6
1079780 1007.4
1079790 1007.4
1079800 1008.7
1079810 1009.6
1079820 1009.6
1079830 1011.5
1079840 1013.5
1079850 1013.5
1079860 1015.3
1079870 1018.1
1079880 1018.1
1079890 1021.1
1079900 1022.8
1079910 1022.8
1079920 1024.7
1079930 1025.7
1079940 1027.8
1079950 1027.8
1079960 1029.2
1079970 1032.0
1079980 1032.0
1079990 1034.8
