1063250 426.8
1063260 426.8
1063270 426.9
1063280 426.9
1063290 426.9
1063300 427.2
1063310 427.1
1063320 427.1
1063330 428.4
1063340 429.1
1063350 428.9
1063360 428.9
1063370 428.7
1063380 427.2
1063390 427.2
1063400 427.4
1063410 429.6
1063420 429.6
1063430 432.2
1063440 430.0
1063450 430.0
1063460 426.3
1063470 422.7
1063480 422.7
1063490 421.8
1063500 422.2
1063510 422.2
1063520 422.3
1063530 422.3
1063540 422.3
1063550 422.2
1063560 422.0
1063570 422.0
1063580 421.9
1063590 421.9
1063600 421.9
1063610 422.0
1063620 422.2
1063630 422.6
1063640 422.6
1063650 426.1
1063660 428.1
1063670 428.1
1063680 428.2
1063690 428.3
1063700 428.3
1063710 428.4
1063720 428.4
1063730 428.4
1063740 428.5
1063750 426.4
1063760 426.4
1063770 426.1
1063780 428.5
1063790 428.5
1063800 428.8
1063810 429.6
1063820 429.6
1063830 430.9
1063840 430.3
1063850 430.3
1063860 430.9
1063870 429.2
1063880 429.2
1063890 427.0
1063900 427.0
1063910 427.0
1063920 427.0
1063930 427.1
1063940 428.0
1063950 428.0
1063960 429.1
1063970 430.8
1063980 430.8
1063990 431.3
1064000 429.5
1064010 429.5
1064020 428.9
1064030 429.9
1064040 429.9
1064050 432.0
1064060 430.1
1064070 430.1
1064080 427.5
1064090 426.8
1064100 426.8
1064110 426.9
1064120 426.9
1064130 426.9
1064140 426.9
1064150 426.8
1064160 426.8
1064170 426.8
1064180 426.6
1064190 426.2
1064200 426.2
1064210 426.6
1064220 426.6
1064230 426.6
1064240 426.6
1064250 426.5
1064260 426.5
1064270 426.5
1064280 426.4
1064290 426.4
1064300 426.3
1064310 426.3
1064320 426.3
1064330 426.2
1064340 426.2
1064350 426.2
1064360 426.2
1064370 426.2
1064380 426.2
1064390 426.3
1064400 426.3
1064410 426.3
1064420 426.3
1064430 426.4
1064440 426.4
1064450 426.2
1064460 426.0
1064470 426.4
1064480 426.4
1064490 426.2
1064500 426.1
1064510 426.1
1064520 426.3
1064530 425.8
1064540 425.8
1064550 425.7
1064560 426.6
1064570 426.6
1064580 426.5
1064590 426.4
1064600 426.4
1064610 426.5
1064620 426.5
1064630 426.5
1064640 426.5
1064650 426.5
1064660 426.5
1064670 426.4
1064680 426.5
1064690 426.5
1064700 426.5
1064710 426.4
1064720 426.4
1064730 426.4
1064740 426.5
1064750 426.5
1064760 426.4
1064770 426.4
1064780 426.4
1064790 426.4
1064800 426.4
1064810 426.4
1064820 426.4
1064830 426.4
1064840 425.9
1064850 425.9
1064860 425.9
1064870 426.0
1064880 426.0
1064890 425.9
1064900 425.9
1064910 425.9
1064920 425.9
1064930 425.9
1064940 425.9
1064950 425.9
1064960 425.8
1064970 425.8
1064980 425.8
1064990 425.7
1065000 425.7
1065010 425.7
1065020 425.7
1065030 425.7
1065040 425.7
1065050 425.7
1065060 425.6
1065070 425.6
1065080 425.6
1065090 425.5
1065100 425.5
1065110 425.5
1065120 425.6
1065130 425.6
1065140 425.6
1065150 425.6
1065160 425.6
1065170 425.6
1065180 425.6
1065190 425.6
1065200 425.6
1065210 425.6
1065220 425.6
1065230 425.8
1065240 425.6
1065250 425.6
1065260 425.5
1065270 425.4
1065280 425.4
1065290 425.4
1065300 425.4
1065310 425.4
1065320 425.5
1065330 425.5
1065340 425.5
1065350 425.5
1065360 425.5
1065370 425.4
1065380 425.4
1065390 425.4
1065400 425.4
1065410 425.4
1065420 425.4
1065430 425.4
1065440 425.5
1065450 425.5
1065460 425.5
1065470 425.5
1065480 425.7
1065490 425.6
1065500 425.6
1065510 425.6
1065520 425.6
1065530 425.6
1065540 425.6
1065550 425.6
1065560 425.6
1065570 425.7
1065580 425.7
1065590 425.7
1065600 425.8
1065610 425.7
1065620 425.7
1065630 425.7
1065640 425.8
1065650 425.9
1065660 425.9
1065670 425.9
1065680 426.1
1065690 426.1
1065700 426.1
1065710 426.1
1065720 426.1
1065730 426.1
1065740 426.2
1065750 426.2
1065760 426.1
1065770 426.2
1065780 426.2
1065790 426.2
1065800 426.2
1065810 426.2
1065820 426.1
1065830 426.0
1065840 426.0
1065850 425.9
1065860 425.9
1065870 425.9
1065880 425.9
1065890 425.8
1065900 425.8
1065910 425.8
1065920 425.7
1065930 425.7
1065940 425.7
1065950 425.6
1065960 425.5
1065970 425.5
1065980 425.6
1065990 425.7
1066000 425.7
1066010 425.8
1066020 426.2
1066030 426.2
1066040 426.6
1066050 426.9
1066060 426.9
1066070 426.8
1066080 426.4
1066090 426.4
1066100 426.6
1066110 426.7
1066120 426.7
1066130 426.6
1066140 426.3
1066150 426.3
1066160 426.1
1066170 426.2
1066180 426.2
1066190 426.2
1066200 426.2
1066210 426.4
1066220 426.4
1066230 426.6
1066240 426.6
1066250 426.6
1066260 426.5
1066270 426.4
1066280 426.4
1066290 426.2
1066300 426.3
1066310 426.3
1066320 426.5
1066330 426.5
1066340 426.5
1066350 426.7
1066360 427.2
1066370 427.2
1066380 427.0
1066390 427.0
1066400 427.0
1066410 426.7
1066420 426.6
1066430 426.6
1066440 426.5
1066450 426.5
1066460 426.1
1066470 426.1
1066480 426.1
1066490 426.3
1066500 426.3
1066510 426.2
1066520 426.0
1066530 426.0
1066540 426.3
1066550 427.0
1066560 427.0
1066570 426.9
1066580 427.2
1066590 427.2
1066600 427.8
1066610 426.4
1066620 426.4
1066630 425.9
1066640 426.0
1066650 426.1
1066660 426.1
1066670 426.0
1066680 426.0
1066690 426.0
1066700 425.9
1066710 425.9
1066720 426.0
1066730 426.1
1066740 426.2
1066750 426.2
1066760 426.6
1066770 426.7
1066780 426.7
1066790 426.7
1066800 426.5
1066810 426.5
1066820 425.6
1066830 426.2
1066840 426.2
1066850 426.2
1066860 426.0
1066870 426.0
1066880 426.1
1066890 426.1
1066900 426.1
1066910 426.1
1066920 426.1
1066930 426.1
1066940 426.1
1066950 426.0
1066960 426.1
1066970 426.1
1066980 426.2
1066990 426.2
1067000 426.2
1067010 426.2
1067020 426.3
1067030 426.3
1067040 426.2
1067050 426.3
1067060 426.3
1067070 426.4
1067080 426.5
1067090 426.5
1067100 426.5
1067110 426.6
1067120 426.6
1067130 426.7
1067140 426.6
1067150 426.6
1067160 426.7
1067170 426.6
1067180 426.6
1067190 426.7
1067200 426.8
1067210 426.8
1067220 426.9
1067230 427.1
1067240 427.1
1067250 426.9
1067260 427.0
1067270 427.0
1067280 427.0
1067290 427.1
1067300 427.1
1067310 427.3
1067320 427.4
1067330 427.6
1067340 427.6
1067350 427.7
1067360 427.8
1067370 427.8
1067380 427.9
1067390 428.1
1067400 428.1
1067410 428.1
1067420 428.2
1067430 428.2
1067440 428.3
1067450 428.4
1067460 428.4
1067470 428.5
1067480 428.6
1067490 428.6
1067500 428.7
1067510 428.8
1067520 428.8
1067530 428.7
1067540 428.9
1067550 428.9
1067560 428.9
1067570 428.6
1067580 428.6
1067590 428.7
1067600 428.8
1067610 428.9
1067620 428.9
1067630 429.0
1067640 429.0
1067650 429.0
1067660 428.8
1067670 428.9
1067680 428.9
1067690 429.0
1067700 429.0
1067710 429.0
1067720 429.0
1067730 429.1
1067740 429.1
1067750 429.2
1067760 429.2
1067770 429.2
1067780 429.3
1067790 429.3
1067800 429.3
1067810 429.4
1067820 429.5
1067830 429.5
1067840 429.5
1067850 429.6
1067860 429.6
1067870 429.6
1067880 429.6
1067890 429.7
1067900 429.7
1067910 429.8
1067920 429.9
1067930 429.9
1067940 430.0
1067950 430.1
1067960 430.1
1067970 430.2
1067980 430.4
1067990 430.4
1068000 430.6
1068010 430.4
1068020 430.4
1068030 430.5
1068040 430.7
1068050 430.7
1068060 430.6
1068070 430.4
1068080 430.4
1068090 430.3
1068100 430.5
1068110 430.5
1068120 430.9
1068130 430.8
1068140 430.8
1068150 430.8
1068160 430.8
1068170 430.8
1068180 430.7
1068190 430.8
1068200 430.8
1068210 430.8
1068220 431.0
1068230 431.2
1068240 431.2
1068250 431.2
1068260 431.2
1068270 431.2
1068280 431.2
1068290 431.3
1068300 431.3
1068310 431.4
1068320 431.3
1068330 431.3
1068340 431.2
1068350 431.2
1068360 431.2
1068370 431.4
1068380 431.4
1068390 431.4
1068400 431.5
1068410 431.5
1068420 431.5
1068430 431.6
1068440 431.6
1068450 431.7
1068460 431.7
1068470 431.9
1068480 431.7
1068490 431.7
1068500 431.7
1068510 431.8
1068520 431.8
1068530 431.9
1068540 431.9
1068550 431.9
1068560 432.0
1068570 432.1
1068580 432.1
1068590 432.1
1068600 432.2
1068610 432.2
1068620 432.2
1068630 432.3
1068640 432.3
1068650 432.5
1068660 432.8
1068670 432.8
1068680 432.9
1068690 432.9
1068700 432.9
1068710 432.9
1068720 432.9
1068730 432.9
1068740 432.9
1068750 432.8
1068760 432.7
1068770 432.7
1068780 432.7
1068790 433.1
1068800 433.1
1068810 433.0
1068820 432.9
1068830 432.9
1068840 432.9
1068850 433.0
1068860 433.0
1068870 433.1
1068880 433.1
1068890 433.1
1068900 433.1
1068910 433.2
1068920 433.2
1068930 433.3
1068940 433.4
1068950 433.4
1068960 433.4
1068970 433.5
1068980 433.5
1068990 433.6
1069000 433.7
1069010 434.0
1069020 434.0
1069030 434.5
1069040 434.9
1069050 434.9
1069060 435.1
1069070 435.2
1069080 435.2
1069090 435.0
1069100 435.2
1069110 435.2
1069120 435.1
1069130 434.9
1069140 434.9
1069150 434.8
1069160 434.8
1069170 434.8
1069180 434.8
1069190 434.7
1069200 434.7
1069210 434.7
1069220 434.7
1069230 434.7
1069240 434.7
1069250 434.8
1069260 434.8
1069270 434.9
1069280 435.0
1069290 435.1
1069300 435.1
1069310 435.2
1069320 435.3
1069330 435.3
1069340 435.3
1069350 435.4
1069360 435.4
1069370 435.4
1069380 435.5
1069390 435.5
1069400 435.6
1069410 435.7
1069420 435.7
1069430 435.8
1069440 435.9
1069450 435.9
1069460 436.1
1069470 436.1
1069480 436.1
1069490 436.2
1069500 436.3
1069510 436.3
1069520 436.3
1069530 436.4
1069540 436.4
1069550 436.4
1069560 436.5
1069570 436.5
1069580 436.5
1069590 436.6
1069600 436.7
1069610 436.7
1069620 437.0
1069630 437.1
1069640 437.1
1069650 437.2
1069660 437.3
1069670 437.3
1069680 437.3
1069690 437.3
1069700 437.3
1069710 437.5
1069720 437.7
1069730 437.7
1069740 437.7
1069750 437.6
1069760 437.6
1069770 437.7
1069780 437.7
1069790 437.7
1069800 437.7
1069810 437.6
1069820 437.6
1069830 437.7
1069840 437.7
1069850 437.8
1069860 437.8
1069870 437.9
1069880 438.1
1069890 438.1
1069900 438.2
1069910 438.3
1069920 438.3
1069930 438.3
1069940 438.4
1069950 438.4
1069960 438.6
1069970 438.8
1069980 438.8
1069990 438.7
1070000 438.5
1070010 438.5
1070020 438.6
1070030 438.8
1070040 438.8
1070050 438.9
1070060 439.1
1070070 439.1
1070080 439.4
1070090 439.4
1070100 439.4
1070110 439.5
1070120 439.7
1070130 439.7
1070140 439.8
1070150 439.9
1070160 440.0
1070170 440.0
1070180 440.1
1070190 440.2
1070200 440.2
1070210 440.3
1070220 440.2
1070230 440.2
1070240 439.9
1070250 440.1
1070260 440.1
1070270 440.2
1070280 440.1
1070290 440.1
1070300 440.0
1070310 440.5
1070320 440.5
1070330 440.5
1070340 440.2
1070350 440.2
1070360 440.4
1070370 440.9
1070380 440.9
1070390 440.9
1070400 440.8
1070410 440.8
1070420 441.0
1070430 441.1
1070440 441.1
1070450 441.1
1070460 441.2
1070470 441.2
1070480 441.2
1070490 441.3
1070500 441.4
1070510 441.4
1070520 441.5
1070530 441.5
1070540 441.5
1070550 441.6
1070560 441.7
1070570 441.7
1070580 441.9
1070590 442.1
1070600 442.1
1070610 442.3
1070620 442.5
1070630 442.5
1070640 442.7
1070650 442.8
1070660 442.8
1070670 442.9
1070680 443.0
1070690 443.0
1070700 443.2
1070710 443.3
1070720 443.4
1070730 443.4
1070740 443.4
1070750 443.5
1070760 443.5
1070770 443.6
1070780 443.7
1070790 443.7
1070800 443.7
1070810 443.8
1070820 443.8
1070830 444.1
1070840 444.1
1070850 444.1
1070860 444.1
1070870 444.1
1070880 444.1
1070890 444.3
1070900 444.6
1070910 444.6
1070920 444.7
1070930 444.8
1070940 444.8
1070950 444.8
1070960 444.9
1070970 444.9
1070980 445.1
1070990 445.2
1071000 446.3
1071010 446.3
1071020 447.1
1071030 447.1
1071040 447.1
1071050 446.3
1071060 446.3
1071070 446.3
1071080 446.5
1071090 446.6
1071100 446.6
1071110 446.8
1071120 446.9
1071130 446.9
1071140 447.3
1071150 447.5
1071160 447.5
1071170 447.6
1071180 447.7
1071190 447.7
1071200 448.1
1071210 448.8
1071220 448.8
1071230 449.1
1071240 449.3
1071250 449.3
1071260 449.5
1071270 450.3
1071280 451.4
1071290 451.4
1071300 449.3
1071310 447.0
1071320 447.0
1071330 448.3
1071340 451.8
1071350 451.8
1071360 451.9
1071370 450.3
1071380 450.3
1071390 450.1
1071400 449.9
1071410 449.9
1071420 449.7
1071430 449.4
1071440 449.4
1071450 449.1
1071460 448.9
1071470 448.9
1071480 448.5
1071490 448.5
1071500 448.5
1071510 449.9
1071520 454.0
1071530 454.0
1071540 455.5
1071550 455.8
1071560 455.9
1071570 455.9
1071580 455.4
1071590 451.0
1071600 451.0
1071610 448.9
1071620 448.7
1071630 448.7
1071640 448.9
1071650 448.9
1071660 448.9
1071670 448.6
1071680 448.7
1071690 448.7
1071700 448.7
1071710 448.8
1071720 448.8
1071730 448.4
1071740 448.5
1071750 448.5
1071760 449.2
1071770 449.9
1071780 449.9
1071790 450.0
1071800 450.2
1071810 450.2
1071820 450.3
1071830 450.3
1071840 450.3
1071850 450.3
1071860 450.2
1071870 450.3
1071880 450.3
1071890 450.3
1071900 450.2
1071910 450.2
1071920 450.2
1071930 450.3
1071940 450.3
1071950 450.4
1071960 450.4
1071970 450.4
1071980 450.6
1071990 450.6
1072000 450.6
1072010 450.5
1072020 450.2
1072030 450.2
1072040 450.1
1072050 450.2
1072060 450.2
1072070 450.4
1072080 450.5
1072090 450.5
1072100 450.8
1072110 451.3
1072120 451.7
1072130 451.7
1072140 451.9
1072150 451.9
1072160 451.9
1072170 452.0
1072180 452.0
1072190 452.0
1072200 452.3
1072210 452.4
1072220 452.4
1072230 452.4
1072240 452.5
1072250 452.5
1072260 452.6
1072270 452.7
1072280 452.7
1072290 452.9
1072300 453.0
1072310 453.0
1072320 453.2
1072330 453.5
1072340 453.5
1072350 453.7
1072360 453.8
1072370 453.8
1072380 453.8
1072390 453.8
1072400 453.9
1072410 453.9
1072420 454.1
1072430 454.3
1072440 454.3
1072450 454.5
1072460 454.4
1072470 454.4
1072480 454.4
1072490 455.1
1072500 455.1
1072510 457.8
1072520 457.8
1072530 457.8
1072540 457.2
1072550 456.6
1072560 456.6
1072570 456.5
1072580 456.5
1072590 456.5
1072600 456.5
1072610 456.6
1072620 456.6
1072630 456.7
1072640 456.8
1072650 456.8
1072660 456.9
1072670 457.2
1072680 457.4
1072690 457.4
1072700 457.4
1072710 457.6
1072720 457.6
1072730 457.8
1072740 457.9
1072750 457.9
1072760 457.9
1072770 458.0
1072780 458.0
1072790 458.1
1072800 458.1
1072810 458.1
1072820 458.1
1072830 458.4
1072840 458.4
1072850 458.6
1072860 458.9
1072870 458.9
1072880 459.1
1072890 459.4
1072900 459.4
1072910 459.6
1072920 459.8
1072930 459.8
1072940 460.0
1072950 460.2
1072960 460.5
1072970 460.5
1072980 460.7
1072990 461.0
1073000 461.0
1073010 461.2
1073020 461.4
1073030 461.4
1073040 461.8
1073050 462.0
1073060 462.0
1073070 462.1
1073080 462.3
1073090 462.3
1073100 462.5
1073110 462.7
1073120 462.7
1073130 463.0
1073140 463.1
1073150 463.1
1073160 463.3
1073170 463.5
1073180 463.5
1073190 463.7
1073200 463.9
1073210 463.9
1073220 464.0
1073230 464.1
1073240 464.4
1073250 464.4
1073260 464.6
1073270 464.9
1073280 464.9
1073290 465.1
1073300 465.3
1073310 465.3
1073320 465.6
1073330 465.9
1073340 465.9
1073350 465.7
1073360 465.7
1073370 465.7
1073380 465.8
1073390 466.2
1073400 466.2
1073410 466.3
1073420 466.9
1073430 466.9
1073440 467.3
1073450 467.3
1073460 467.3
1073470 467.3
1073480 467.3
1073490 467.3
1073500 467.5
1073510 467.7
1073520 467.7
1073530 467.8
1073540 468.1
1073550 468.2
1073560 468.2
1073570 468.1
1073580 468.2
1073590 468.2
1073600 468.4
1073610 468.6
1073620 468.6
1073630 468.8
1073640 468.9
1073650 468.9
1073660 468.9
1073670 469.0
1073680 469.0
1073690 469.3
1073700 469.5
1073710 469.5
1073720 469.9
1073730 470.1
1073740 470.1
1073750 470.5
1073760 471.4
1073770 471.4
1073780 471.7
1073790 472.7
1073800 472.7
1073810 473.1
1073820 472.3
1073830 472.2
1073840 472.2
1073850 472.7
1073860 472.6
1073870 472.6
1073880 472.3
1073890 472.4
1073900 472.4
1073910 472.5
1073920 472.8
1073930 472.8
1073940 473.2
1073950 473.6
1073960 473.6
1073970 473.8
1073980 473.9
1073990 473.9
1074000 473.8
1074010 473.8
1074020 473.8
1074030 474.2
1074040 474.5
1074050 474.5
1074060 474.8
1074070 475.1
1074080 475.1
1074090 475.5
1074100 475.6
1074110 475.7
1074120 475.7
1074130 475.7
1074140 475.6
1074150 475.6
1074160 475.9
1074170 476.1
1074180 476.1
1074190 475.9
1074200 475.9
1074210 475.9
1074220 476.0
1074230 476.3
1074240 476.3
1074250 476.5
1074260 476.6
1074270 476.6
1074280 476.5
1074290 476.3
1074300 476.3
1074310 476.4
1074320 476.6
1074330 476.6
1074340 477.1
1074350 477.2
1074360 477.2
1074370 477.4
1074380 478.2
1074390 478.1
1074400 478.1
1074410 478.1
1074420 478.2
1074430 478.2
1074440 478.6
1074450 482.0
1074460 482.0
1074470 484.5
1074480 486.2
1074490 486.2
1074500 488.8
1074510 491.3
1074520 491.3
1074530 493.4
1074540 495.2
1074550 495.2
1074560 496.4
1074570 497.6
1074580 497.6
1074590 498.6
1074600 499.7
1074610 499.7
1074620 500.8
1074630 501.6
1074640 501.6
1074650 502.0
1074660 499.8
1074670 500.1
1074680 500.1
1074690 500.4
1074700 500.0
1074710 500.0
1074720 499.1
1074730 498.0
1074740 498.0
1074750 497.3
1074760 497.1
1074770 497.1
1074780 497.5
1074790 497.6
1074800 497.6
1074810 497.9
1074820 498.5
1074830 498.5
1074840 499.0
1074850 499.8
1074860 499.8
1074870 500.7
1074880 501.4
1074890 501.4
1074900 502.4
1074910 503.4
1074920 503.4
1074930 504.6
1074940 507.5
1074950 509.2
1074960 509.2
1074970 508.6
1074980 510.5
1074990 510.5
1075000 511.9
1075010 513.7
1075020 513.7
1075030 516.7
1075040 521.3
1075050 521.3
1075060 526.2
1075070 531.2
1075080 531.2
1075090 536.3
1075100 541.3
1075110 541.3
1075120 546.0
1075130 550.2
1075140 550.2
1075150 553.9
1075160 556.5
1075170 556.5
1075180 557.8
1075190 557.6
1075200 557.6
1075210 556.9
1075220 556.3
1075230 555.7
1075240 555.7
1075250 555.8
1075260 556.1
1075270 556.1
1075280 557.0
1075290 558.0
1075300 558.0
1075310 558.1
1075320 557.7
1075330 557.7
1075340 556.5
1075350 556.2
1075360 556.2
1075370 559.4
1075380 561.9
1075390 561.9
1075400 563.4
1075410 563.8
1075420 563.8
1075430 564.2
1075440 564.7
1075450 564.7
1075460 565.5
1075470 566.0
1075480 566.0
1075490 567.3
1075500 571.7
1075510 576.6
1075520 576.6
1075530 580.8
1075540 584.5
1075550 584.5
1075560 586.9
1075570 588.3
1075580 588.3
1075590 588.2
1075600 589.0
1075610 589.0
1075620 588.7
1075630 587.9
1075640 587.9
1075650 586.8
1075660 586.0
1075670 586.0
1075680 586.5
1075690 585.9
1075700 585.9
1075710 585.8
1075720 586.3
1075730 586.3
1075740 587.5
1075750 588.3
1075760 588.3
1075770 588.6
1075780 589.9
1075790 590.9
1075800 590.9
1075810 591.5
1075820 592.3
1075830 592.3
1075840 592.7
1075850 593.6
1075860 593.6
1075870 595.3
1075880 596.6
1075890 596.6
1075900 595.0
1075910 595.7
1075920 595.7
1075930 596.1
1075940 596.4
1075950 596.4
1075960 596.6
1075970 596.3
1075980 596.3
1075990 597.1
1076000 597.1
1076010 597.1
1076020 597.4
1076030 598.3
1076040 598.3
1076050 598.9
1076060 598.9
1076070 597.6
1076080 597.6
1076090 594.3
1076100 585.9
1076110 585.9
1076120 578.3
1076130 572.8
1076140 572.8
1076150 567.6
1076160 558.2
1076170 558.2
1076180 551.7
1076190 551.7
1076200 551.7
1076210 547.4
1076220 547.8
1076230 547.8
1076240 546.9
1076250 545.3
1076260 545.3
1076270 543.5
1076280 542.7
1076290 542.7
1076300 541.7
1076310 532.2
1076320 532.2
1076330 527.8
1076340 526.6
1076350 525.6
1076360 525.6
1076370 525.2
1076380 525.5
1076390 525.5
1076400 524.9
1076410 521.7
1076420 521.7
1076430 520.5
1076440 521.6
1076450 521.6
1076460 525.9
1076470 528.8
1076480 528.8
1076490 529.0
1076500 529.3
1076510 529.3
1076520 529.7
1076530 532.0
1076540 532.0
1076550 533.6
1076560 536.6
1076570 536.6
1076580 539.5
1076590 542.6
1076600 542.6
1076610 546.4
1076620 550.6
1076630 555.0
1076640 555.0
1076650 558.8
1076660 561.3
1076670 561.3
1076680 563.8
1076690 566.6
1076700 566.6
1076710 568.8
1076720 571.5
1076730 571.5
1076740 575.1
1076750 580.8
1076760 580.8
1076770 585.5
1076780 588.1
1076790 588.1
1076800 590.3
1076810 593.7
1076820 593.7
1076830 597.8
1076840 600.0
1076850 600.0
1076860 604.4
1076870 608.2
1076880 608.2
1076890 612.8
1076900 616.6
1076910 620.4
1076920 620.4
1076930 624.7
1076940 628.4
1076950 628.4
1076960 632.6
1076970 637.4
1076980 637.4
1076990 643.1
1077000 649.9
1077010 649.9
1077020 657.7
1077030 665.0
1077040 665.0
1077050 669.4
1077060 669.6
1077070 669.6
1077080 670.0
1077090 670.2
1077100 670.2
1077110 670.7
1077120 671.0
1077130 671.0
1077140 671.8
1077150 673.2
1077160 673.2
1077170 675.8
1077180 680.3
1077190 680.3
1077200 685.5
1077210 689.8
1077220 693.9
1077230 693.9
1077240 698.4
1077250 702.6
1077260 702.6
1077270 707.2
1077280 711.6
1077290 711.6
1077300 715.2
1077310 716.7
1077320 716.7
1077330 716.7
1077340 716.1
1077350 716.1
1077360 714.9
1077370 711.5
1077380 711.5
1077390 709.0
1077400 708.4
1077410 708.4
1077420 706.8
1077430 706.1
1077440 706.1
1077450 708.3
1077460 716.4
1077470 716.4
1077480 722.4
1077490 729.5
1077500 732.8
1077510 732.8
1077520 730.4
1077530 729.4
1077540 729.4
1077550 731.6
1077560 735.3
1077570 735.3
1077580 739.3
1077590 743.7
1077600 743.7
1077610 747.6
1077620 750.3
1077630 750.3
1077640 752.3
1077650 754.0
1077660 754.0
1077670 756.2
1077680 758.8
1077690 758.8
1077700 760.9
1077710 762.4
1077720 762.4
1077730 763.4
1077740 763.7
1077750 763.7
1077760 764.5
1077770 768.6
1077780 770.4
1077790 770.4
1077800 771.1
1077810 771.9
1077820 771.9
1077830 773.9
1077840 774.1
1077850 774.1
1077860 774.8
1077870 775.8
1077880 775.8
1077890 776.6
1077900 777.6
1077910 777.6
1077920 778.5
1077930 779.3
1077940 779.3
1077950 781.3
1077960 783.2
1077970 783.2
1077980 784.8
1077990 788.3
1078000 788.3
1078010 793.7
1078020 794.8
1078030 794.8
1078040 796.2
1078050 796.9
1078060 796.4
1078070 796.4
1078080 796.0
1078090 793.5
1078100 793.5
1078110 792.1
1078120 792.1
1078130 792.1
1078140 792.1
1078150 792.0
1078160 792.0
1078170 791.9
1078180 791.3
1078190 791.3
1078200 791.1
1078210 791.9
1078220 791.9
1078230 792.8
1078240 793.2
1078250 793.2
1078260 793.7
1078270 794.1
1078280 794.1
1078290 794.7
1078300 796.2
1078310 796.2
1078320 798.6
1078330 801.9
1078340 805.3
1078350 805.3
1078360 806.6
1078370 807.7
1078380 807.7
1078390 808.0
1078400 808.7
1078410 808.7
1078420 810.5
1078430 812.5
1078440 812.5
1078450 815.0
1078460 815.9
1078470 815.9
1078480 815.8
1078490 815.2
1078500 815.2
1078510 815.3
1078520 816.0
1078530 816.0
1078540 817.0
1078550 818.1
1078560 818.1
1078570 819.3
1078580 820.1
1078590 820.1
1078600 820.5
1078610 819.7
1078620 819.2
1078630 819.2
1078640 818.9
1078650 819.4
1078660 819.4
1078670 820.2
1078680 821.1
1078690 821.1
1078700 822.0
1078710 826.6
1078720 826.6
1078730 828.6
1078740 829.9
1078750 829.9
1078760 830.8
1078770 831.3
1078780 831.3
1078790 831.5
1078800 832.6
1078810 832.6
1078820 834.6
1078830 836.5
1078840 836.5
1078850 838.8
1078860 841.9
1078870 841.9
1078880 844.6
1078890 847.3
1078900 849.9
1078910 849.9
1078920 852.4
1078930 854.6
1078940 854.6
1078950 856.6
1078960 858.9
1078970 858.9
1078980 861.4
1078990 863.9
1079000 863.9
1079010 866.4
1079020 868.6
1079030 870.9
1079040 872.4
1079050 873.8
1079060 873.8
1079070 876.1
1079080 879.0
1079090 879.0
1079100 882.9
1079110 887.3
1079120 887.3
1079130 891.5
1079140 895.9
1079150 895.9
1079160 900.9
1079170 904.0
1079180 909.1
1079190 909.1
1079200 913.0
1079210 916.5
1079220 916.5
1079230 919.9
1079240 923.9
1079250 923.9
1079260 927.7
1079270 930.7
1079280 930.7
1079290 934.9
1079300 941.0
1079310 941.0
1079320 946.2
1079330 951.0
1079340 953.5
1079350 958.0
1079360 961.9
1079370 961.9
1079380 966.9
1079390 972.7
1079400 972.7
1079410 977.9
1079420 982.0
1079430 982.0
1079440 987.6
1079450 992.7
1079460 996.8
1079470 996.8
1079480 1001.3
1079490 1005.6
1079500 1005.6
1079510 1012.1
1079520 1017.6
1079530 1017.6
1079540 1023.0
1079550 1027.9
1079560 1027.9
1079570 1032.7
1079580 1037.4
1079590 1037.4
1079600 1042.1
1079610 1046.4
1079620 1046.4
1079630 1050.7
1079640 1055.1
1079650 1055.1
1079660 1057.7
1079670 1061.2
1079680 1061.2
1079690 1065.0
1079700 1069.5
1079710 1069.5
1079720 1074.7
1079730 1079.9
1079740 1084.9
1079750 1084.9
1079760 1089.1
1079770 1092.7
1079780 1092.7
1079790 1095.9
1079800 1098.9
1079810 1098.9
1079820 1102.6
1079830 1106.9
1079840 1106.9
1079850 1111.5
1079860 1115.8
1079870 1115.8
1079880 1120.5
1079890 1124.8
1079900 1124.8
1079910 1129.1
1079920 1133.6
1079930 1133.6
1079940 1137.4
1079950 1140.5
1079960 1140.5
1079970 1145.2
1079980 1148.8
1079990 1148.8
