1063360 425.5
1063370 425.5
1063380 425.6
1063390 425.6
1063400 425.6
1063410 425.8
1063420 427.4
1063430 427.4
1063440 429.0
1063450 429.6
1063460 429.6
1063470 429.3
1063480 429.0
1063490 429.0
1063500 428.6
1063510 429.7
1063520 429.7
1063530 432.1
1063540 430.9
1063550 430.9
1063560 426.6
1063570 425.4
1063580 425.4
1063590 421.6
1063600 421.5
1063610 421.5
1063620 421.4
1063630 421.5
1063640 421.5
1063650 421.5
1063660 421.5
1063670 421.6
1063680 421.6
1063690 421.7
1063700 421.9
1063710 421.9
1063720 422.5
1063730 422.6
1063740 422.6
1063750 422.3
1063760 422.2
1063770 422.2
1063780 422.2
1063790 421.6
1063800 421.6
1063810 420.9
1063820 421.3
1063830 421.3
1063840 425.3
1063850 427.7
1063860 427.7
1063870 428.0
1063880 424.9
1063890 424.9
1063900 424.1
1063910 423.5
1063920 423.5
1063930 423.5
1063940 423.5
1063950 423.5
1063960 423.5
1063970 423.7
1063980 425.5
1063990 425.5
1064000 427.8
1064010 428.1
1064020 428.1
1064030 427.1
1064040 424.6
1064050 424.6
1064060 425.7
1064070 427.3
1064080 427.3
1064090 430.4
1064100 431.0
1064110 431.0
1064120 427.3
1064130 425.9
1064140 425.9
1064150 426.0
1064160 425.8
1064170 425.8
1064180 425.9
1064190 425.9
1064200 425.8
1064210 425.8
1064220 425.7
1064230 425.8
1064240 425.8
1064250 425.8
1064260 425.7
1064270 425.7
1064280 425.4
1064290 425.4
1064300 425.4
1064310 425.7
1064320 425.8
1064330 425.8
1064340 425.8
1064350 425.7
1064360 425.7
1064370 425.7
1064380 425.7
1064390 425.7
1064400 425.7
1064410 425.7
1064420 425.7
1064430 425.7
1064440 425.6
1064450 425.6
1064460 425.2
1064470 424.9
1064480 424.9
1064490 425.5
1064500 425.6
1064510 425.5
1064520 425.5
1064530 425.3
1064540 425.4
1064550 425.4
1064560 425.3
1064570 425.5
1064580 425.5
1064590 425.5
1064600 425.5
1064610 425.5
1064620 425.5
1064630 425.4
1064640 425.4
1064650 425.4
1064660 425.4
1064670 425.4
1064680 425.4
1064690 425.5
1064700 425.5
1064710 425.4
1064720 425.4
1064730 425.4
1064740 425.5
1064750 425.4
1064760 425.4
1064770 425.2
1064780 425.3
1064790 425.3
1064800 425.3
1064810 425.4
1064820 425.4
1064830 425.4
1064840 425.0
1064850 424.9
1064860 424.9
1064870 425.0
1064880 425.8
1064890 425.8
1064900 426.4
1064910 424.8
1064920 424.8
1064930 424.9
1064940 424.9
1064950 424.9
1064960 424.7
1064970 424.7
1064980 424.7
1064990 424.6
1065000 424.5
1065010 424.5
1065020 424.4
1065030 424.4
1065040 424.4
1065050 424.4
1065060 424.5
1065070 424.6
1065080 424.6
1065090 424.7
1065100 424.7
1065110 424.7
1065120 424.7
1065130 424.6
1065140 424.6
1065150 424.6
1065160 424.6
1065170 424.6
1065180 424.5
1065190 424.8
1065200 424.8
1065210 424.9
1065220 424.9
1065230 424.9
1065240 424.8
1065250 424.6
1065260 424.6
1065270 424.5
1065280 424.5
1065290 424.5
1065300 424.6
1065310 424.6
1065320 424.6
1065330 424.6
1065340 424.6
1065350 424.6
1065360 424.6
1065370 424.6
1065380 424.7
1065390 424.7
1065400 424.7
1065410 424.8
1065420 424.8
1065430 424.8
1065440 424.7
1065450 424.9
1065460 424.9
1065470 424.8
1065480 424.8
1065490 424.8
1065500 424.8
1065510 424.8
1065520 424.8
1065530 424.8
1065540 424.8
1065550 424.9
1065560 424.9
1065570 424.9
1065580 425.0
1065590 425.0
1065600 425.0
1065610 425.0
1065620 425.0
1065630 425.1
1065640 425.1
1065650 425.1
1065660 425.1
1065670 425.1
1065680 425.1
1065690 425.2
1065700 425.2
1065710 425.1
1065720 425.0
1065730 425.0
1065740 425.1
1065750 425.0
1065760 425.0
1065770 425.0
1065780 425.0
1065790 425.0
1065800 425.1
1065810 425.1
1065820 425.1
1065830 425.1
1065840 425.0
1065850 425.0
1065860 425.0
1065870 425.0
1065880 425.0
1065890 424.9
1065900 424.7
1065910 424.7
1065920 424.7
1065930 424.9
1065940 424.8
1065950 424.8
1065960 424.9
1065970 424.9
1065980 424.9
1065990 425.0
1066000 425.0
1066010 425.0
1066020 425.3
1066030 425.4
1066040 425.4
1066050 425.4
1066060 425.2
1066070 425.2
1066080 424.9
1066090 424.9
1066100 424.9
1066110 425.0
1066120 425.0
1066130 425.0
1066140 425.2
1066150 425.5
1066160 425.5
1066170 425.6
1066180 425.5
1066190 425.6
1066200 425.6
1066210 425.7
1066220 425.7
1066230 425.7
1066240 425.6
1066250 425.5
1066260 425.5
1066270 425.5
1066280 425.5
1066290 425.5
1066300 426.0
1066310 426.3
1066320 426.3
1066330 426.3
1066340 426.3
1066350 426.3
1066360 425.8
1066370 425.7
1066380 425.7
1066390 425.8
1066400 425.9
1066410 425.9
1066420 425.7
1066430 425.6
1066440 425.6
1066450 425.7
1066460 425.6
1066470 425.6
1066480 425.5
1066490 425.5
1066500 425.5
1066510 425.5
1066520 425.4
1066530 425.3
1066540 425.3
1066550 425.4
1066560 425.5
1066570 425.5
1066580 425.4
1066590 425.4
1066600 425.4
1066610 425.3
1066620 425.3
1066630 425.3
1066640 425.4
1066650 425.5
1066660 425.5
1066670 426.1
1066680 425.5
1066690 425.5
1066700 425.4
1066710 426.7
1066720 426.7
1066730 425.4
1066740 425.3
1066750 425.3
1066760 425.4
1066770 424.9
1066780 425.3
1066790 425.3
1066800 425.2
1066810 425.1
1066820 425.1
1066830 425.0
1066840 425.0
1066850 425.0
1066860 425.1
1066870 425.1
1066880 425.1
1066890 425.2
1066900 425.2
1066910 425.2
1066920 425.2
1066930 425.2
1066940 425.2
1066950 425.1
1066960 425.1
1066970 425.2
1066980 425.2
1066990 425.3
1067000 425.3
1067010 425.3
1067020 425.4
1067030 425.4
1067040 425.4
1067050 425.5
1067060 425.6
1067070 425.6
1067080 425.8
1067090 425.9
1067100 425.9
1067110 426.1
1067120 426.4
1067130 426.4
1067140 426.6
1067150 426.8
1067160 426.8
1067170 427.1
1067180 427.2
1067190 427.2
1067200 427.3
1067210 427.2
1067220 427.2
1067230 427.2
1067240 427.2
1067250 427.2
1067260 427.2
1067270 427.5
1067280 428.0
1067290 428.3
1067300 427.5
1067310 427.5
1067320 427.1
1067330 427.1
1067340 427.5
1067350 427.5
1067360 427.9
1067370 428.0
1067380 428.0
1067390 427.7
1067400 427.7
1067410 427.7
1067420 428.0
1067430 428.2
1067440 428.2
1067450 428.3
1067460 428.2
1067470 428.2
1067480 428.0
1067490 427.8
1067500 427.8
1067510 427.8
1067520 427.8
1067530 427.8
1067540 428.0
1067550 428.1
1067560 428.1
1067570 428.0
1067580 428.0
1067590 428.0
1067600 428.0
1067610 428.1
1067620 428.0
1067630 428.0
1067640 428.1
1067650 428.1
1067660 428.1
1067670 428.1
1067680 428.2
1067690 428.2
1067700 428.1
1067710 428.1
1067720 428.1
1067730 428.0
1067740 428.0
1067750 428.0
1067760 428.0
1067770 428.1
1067780 428.1
1067790 428.1
1067800 428.1
1067810 428.1
1067820 428.2
1067830 428.2
1067840 428.2
1067850 428.4
1067860 428.5
1067870 428.5
1067880 428.6
1067890 428.7
1067900 428.8
1067910 428.8
1067920 428.9
1067930 428.9
1067940 428.9
1067950 428.9
1067960 429.0
1067970 429.0
1067980 429.0
1067990 428.9
1068000 428.9
1068010 428.8
1068020 429.1
1068030 429.1
1068040 429.3
1068050 429.4
1068060 429.4
1068070 429.4
1068080 429.5
1068090 429.5
1068100 429.4
1068110 429.4
1068120 429.4
1068130 429.2
1068140 429.1
1068150 429.1
1068160 429.4
1068170 429.6
1068180 429.7
1068190 429.7
1068200 429.7
1068210 430.0
1068220 430.0
1068230 430.1
1068240 430.1
1068250 430.1
1068260 430.2
1068270 430.3
1068280 430.3
1068290 430.5
1068300 430.6
1068310 430.6
1068320 430.6
1068330 430.7
1068340 430.7
1068350 430.8
1068360 430.8
1068370 430.8
1068380 430.8
1068390 430.9
1068400 430.9
1068410 430.9
1068420 431.0
1068430 431.0
1068440 431.1
1068450 431.1
1068460 431.2
1068470 431.2
1068480 431.2
1068490 431.4
1068500 431.4
1068510 431.6
1068520 431.7
1068530 431.7
1068540 431.8
1068550 431.9
1068560 431.9
1068570 432.1
1068580 432.2
1068590 432.2
1068600 432.1
1068610 432.1
1068620 432.1
1068630 432.2
1068640 432.3
1068650 432.3
1068660 432.4
1068670 432.4
1068680 432.4
1068690 432.3
1068700 432.4
1068710 432.4
1068720 432.6
1068730 432.7
1068740 432.7
1068750 432.8
1068760 432.8
1068770 432.9
1068780 432.9
1068790 433.0
1068800 433.0
1068810 433.0
1068820 433.1
1068830 432.9
1068840 432.9
1068850 432.8
1068860 432.7
1068870 432.7
1068880 432.9
1068890 433.0
1068900 433.0
1068910 433.3
1068920 433.5
1068930 433.5
1068940 433.6
1068950 433.5
1068960 433.5
1068970 433.6
1068980 433.6
1068990 433.6
1069000 433.5
1069010 433.3
1069020 433.3
1069030 433.4
1069040 433.7
1069050 433.8
1069060 433.8
1069070 433.9
1069080 434.0
1069090 434.0
1069100 434.1
1069110 434.2
1069120 434.0
1069130 434.1
1069140 434.1
1069150 434.1
1069160 434.1
1069170 434.2
1069180 434.2
1069190 434.3
1069200 434.4
1069210 434.4
1069220 434.5
1069230 434.7
1069240 434.7
1069250 434.9
1069260 435.0
1069270 435.0
1069280 435.0
1069290 435.1
1069300 435.1
1069310 435.1
1069320 435.0
1069330 435.3
1069340 435.3
1069350 435.9
1069360 435.4
1069370 435.4
1069380 435.2
1069390 435.2
1069400 435.2
1069410 435.2
1069420 435.3
1069430 435.3
1069440 435.4
1069450 435.4
1069460 435.4
1069470 435.5
1069480 435.5
1069490 435.5
1069500 435.5
1069510 435.6
1069520 435.6
1069530 435.7
1069540 435.8
1069550 435.8
1069560 435.8
1069570 435.9
1069580 435.9
1069590 435.9
1069600 436.0
1069610 436.1
1069620 436.1
1069630 436.1
1069640 436.2
1069650 436.2
1069660 436.2
1069670 436.2
1069680 436.2
1069690 436.3
1069700 436.3
1069710 436.3
1069720 436.4
1069730 436.4
1069740 436.4
1069750 436.5
1069760 436.6
1069770 436.6
1069780 436.6
1069790 436.7
1069800 436.7
1069810 436.8
1069820 436.9
1069830 436.9
1069840 437.0
1069850 437.1
1069860 437.1
1069870 437.2
1069880 437.3
1069890 437.4
1069900 437.4
1069910 437.5
1069920 437.6
1069930 437.6
1069940 437.7
1069950 437.8
1069960 437.8
1069970 437.8
1069980 437.9
1069990 437.9
1070000 438.0
1070010 438.2
1070020 438.2
1070030 438.3
1070040 438.5
1070050 438.5
1070060 438.7
1070070 438.8
1070080 438.8
1070090 438.9
1070100 439.0
1070110 439.0
1070120 439.1
1070130 439.3
1070140 439.3
1070150 439.5
1070160 439.7
1070170 439.9
1070180 439.9
1070190 439.9
1070200 439.9
1070210 439.9
1070220 439.9
1070230 439.9
1070240 439.9
1070250 440.0
1070260 440.2
1070270 440.2
1070280 440.2
1070290 440.3
1070300 440.3
1070310 440.3
1070320 440.2
1070330 440.2
1070340 440.5
1070350 440.5
1070360 440.5
1070370 440.5
1070380 440.5
1070390 440.5
1070400 440.5
1070410 440.6
1070420 440.6
1070430 440.6
1070440 440.8
1070450 440.8
1070460 440.8
1070470 440.9
1070480 440.9
1070490 440.9
1070500 441.0
1070510 441.1
1070520 441.1
1070530 441.2
1070540 441.2
1070550 441.2
1070560 441.4
1070570 441.5
1070580 441.5
1070590 441.7
1070600 441.7
1070610 441.7
1070620 441.7
1070630 441.7
1070640 441.7
1070650 441.8
1070660 441.7
1070670 441.7
1070680 441.8
1070690 441.8
1070700 441.8
1070710 441.9
1070720 442.2
1070730 442.2
1070740 442.2
1070750 442.3
1070760 442.4
1070770 442.4
1070780 442.5
1070790 442.6
1070800 442.6
1070810 442.7
1070820 442.8
1070830 442.8
1070840 442.9
1070850 443.6
1070860 443.6
1070870 444.5
1070880 443.9
1070890 443.9
1070900 444.7
1070910 445.9
1070920 445.9
1070930 447.0
1070940 447.6
1070950 447.6
1070960 448.0
1070970 448.1
1070980 448.1
1070990 447.8
1071000 447.6
1071010 447.6
1071020 447.9
1071030 448.1
1071040 449.1
1071050 449.1
1071060 448.6
1071070 446.4
1071080 446.4
1071090 445.4
1071100 445.7
1071110 445.7
1071120 448.8
1071130 448.7
1071140 448.7
1071150 446.9
1071160 446.7
1071170 446.7
1071180 446.6
1071190 446.6
1071200 446.6
1071210 446.6
1071220 446.6
1071230 446.6
1071240 446.5
1071250 446.4
1071260 446.4
1071270 446.4
1071280 446.4
1071290 446.4
1071300 446.3
1071310 446.1
1071320 446.0
1071330 446.0
1071340 446.1
1071350 446.1
1071360 446.1
1071370 446.2
1071380 446.1
1071390 446.1
1071400 446.0
1071410 445.9
1071420 445.9
1071430 446.4
1071440 448.5
1071450 448.5
1071460 451.5
1071470 452.0
1071480 452.0
1071490 452.1
1071500 451.1
1071510 451.1
1071520 447.3
1071530 445.5
1071540 445.5
1071550 445.7
1071560 446.2
1071570 446.2
1071580 446.5
1071590 446.4
1071600 446.5
1071610 446.5
1071620 446.5
1071630 446.5
1071640 446.5
1071650 446.6
1071660 446.8
1071670 446.8
1071680 447.0
1071690 447.1
1071700 447.1
1071710 447.2
1071720 447.3
1071730 447.3
1071740 447.4
1071750 447.4
1071760 447.4
1071770 447.3
1071780 447.4
1071790 447.4
1071800 447.5
1071810 447.6
1071820 447.6
1071830 447.8
1071840 447.9
1071850 447.9
1071860 448.1
1071870 448.3
1071880 448.3
1071890 448.3
1071900 448.5
1071910 448.7
1071920 448.7
1071930 448.8
1071940 448.9
1071950 448.9
1071960 449.3
1071970 449.5
1071980 449.5
1071990 449.4
1072000 449.5
1072010 449.5
1072020 449.6
1072030 449.7
1072040 449.7
1072050 449.7
1072060 449.8
1072070 449.8
1072080 449.9
1072090 450.0
1072100 450.0
1072110 450.1
1072120 450.2
1072130 450.2
1072140 450.4
1072150 451.0
1072160 451.0
1072170 451.0
1072180 450.9
1072190 450.9
1072200 450.9
1072210 451.1
1072220 451.1
1072230 451.1
1072240 451.1
1072250 451.3
1072260 451.3
1072270 451.5
1072280 451.6
1072290 451.6
1072300 451.8
1072310 452.0
1072320 452.0
1072330 452.2
1072340 452.4
1072350 452.4
1072360 452.7
1072370 454.0
1072380 454.0
1072390 453.9
1072400 453.2
1072410 453.2
1072420 453.2
1072430 453.2
1072440 453.2
1072450 453.2
1072460 453.4
1072470 453.4
1072480 453.4
1072490 453.6
1072500 454.1
1072510 454.1
1072520 454.2
1072530 454.3
1072540 454.3
1072550 454.5
1072560 454.6
1072570 454.6
1072580 454.8
1072590 455.0
1072600 455.0
1072610 455.1
1072620 455.3
1072630 455.3
1072640 455.5
1072650 455.6
1072660 455.6
1072670 455.7
1072680 455.9
1072690 455.9
1072700 456.1
1072710 456.3
1072720 456.4
1072730 456.4
1072740 456.6
1072750 456.9
1072760 456.9
1072770 457.1
1072780 457.2
1072790 457.2
1072800 457.4
1072810 457.8
1072820 457.8
1072830 457.9
1072840 458.0
1072850 458.0
1072860 458.1
1072870 458.2
1072880 458.2
1072890 458.3
1072900 458.5
1072910 458.5
1072920 458.6
1072930 458.8
1072940 458.8
1072950 459.7
1072960 460.0
1072970 460.0
1072980 459.8
1072990 460.0
1073000 460.3
1073010 460.3
1073020 460.0
1073030 461.0
1073040 461.0
1073050 461.1
1073060 460.7
1073070 460.7
1073080 460.7
1073090 460.5
1073100 460.5
1073110 460.4
1073120 460.4
1073130 460.4
1073140 460.6
1073150 460.8
1073160 460.8
1073170 460.9
1073180 461.0
1073190 461.0
1073200 461.1
1073210 461.3
1073220 461.3
1073230 461.4
1073240 460.4
1073250 460.4
1073260 460.7
1073270 460.8
1073280 461.0
1073290 461.0
1073300 461.1
1073310 461.1
1073320 461.1
1073330 461.2
1073340 461.4
1073350 461.4
1073360 461.5
1073370 461.5
1073380 461.5
1073390 461.7
1073400 462.1
1073410 462.1
1073420 463.1
1073430 463.5
1073440 463.5
1073450 463.9
1073460 464.1
1073470 464.1
1073480 464.2
1073490 464.4
1073500 464.4
1073510 464.5
1073520 464.7
1073530 464.7
1073540 464.9
1073550 465.0
1073560 465.0
1073570 465.3
1073580 465.5
1073590 465.7
1073600 465.7
1073610 465.9
1073620 466.1
1073630 466.1
1073640 466.2
1073650 466.3
1073660 466.3
1073670 466.2
1073680 466.2
1073690 466.2
1073700 466.3
1073710 466.6
1073720 466.6
1073730 466.9
1073740 467.4
1073750 467.4
1073760 467.2
1073770 467.2
1073780 467.2
1073790 467.2
1073800 467.4
1073810 467.4
1073820 467.5
1073830 467.6
1073840 467.6
1073850 467.6
1073860 467.6
1073870 467.5
1073880 467.5
1073890 467.6
1073900 467.7
1073910 467.7
1073920 467.8
1073930 468.0
1073940 468.0
1073950 468.1
1073960 468.4
1073970 468.4
1073980 468.6
1073990 468.8
1074000 468.8
1074010 469.1
1074020 469.2
1074030 469.2
1074040 469.3
1074050 469.7
1074060 469.7
1074070 469.8
1074080 469.8
1074090 469.8
1074100 469.9
1074110 470.0
1074120 470.0
1074130 470.1
1074140 470.1
1074150 470.2
1074160 470.2
1074170 470.2
1074180 470.3
1074190 470.3
1074200 470.6
1074210 470.6
1074220 470.6
1074230 470.7
1074240 470.7
1074250 470.7
1074260 470.7
1074270 470.9
1074280 470.9
1074290 471.3
1074300 471.3
1074310 471.3
1074320 471.2
1074330 471.2
1074340 471.2
1074350 471.4
1074360 472.7
1074370 472.7
1074380 472.8
1074390 471.9
1074400 471.9
1074410 471.7
1074420 471.8
1074430 471.6
1074440 471.6
1074450 471.7
1074460 472.1
1074470 472.1
1074480 473.7
1074490 475.6
1074500 475.6
1074510 479.1
1074520 483.5
1074530 483.5
1074540 487.1
1074550 491.1
1074560 491.1
1074570 496.0
1074580 501.8
1074590 501.8
1074600 507.7
1074610 513.7
1074620 513.7
1074630 519.8
1074640 525.9
1074650 525.9
1074660 532.1
1074670 538.9
1074680 538.9
1074690 544.3
1074700 546.4
1074710 546.5
1074720 546.5
1074730 546.7
1074740 546.8
1074750 546.8
1074760 547.2
1074770 548.0
1074780 548.0
1074790 549.9
1074800 552.4
1074810 552.4
1074820 554.9
1074830 557.3
1074840 557.3
1074850 559.4
1074860 560.6
1074870 560.6
1074880 561.5
1074890 562.4
1074900 562.4
1074910 562.5
1074920 562.3
1074930 562.3
1074940 562.2
1074950 561.0
1074960 561.0
1074970 560.3
1074980 559.3
1074990 560.0
1075000 560.0
1075010 562.4
1075020 563.5
1075030 563.5
1075040 562.5
1075050 561.5
1075060 561.5
1075070 560.8
1075080 560.1
1075090 560.1
1075100 559.8
1075110 559.8
1075120 559.8
1075130 561.7
1075140 566.0
1075150 566.0
1075160 568.9
1075170 571.8
1075180 571.8
1075190 574.8
1075200 578.2
1075210 578.2
1075220 582.9
1075230 594.5
1075240 594.5
1075250 604.0
1075260 611.1
1075270 617.3
1075280 617.3
1075290 624.4
1075300 632.5
1075310 632.5
1075320 637.4
1075330 642.0
1075340 642.0
1075350 644.7
1075360 646.3
1075370 646.3
1075380 647.6
1075390 647.9
1075400 647.9
1075410 647.9
1075420 648.2
1075430 648.2
1075440 648.6
1075450 649.0
1075460 649.0
1075470 649.2
1075480 648.9
1075490 648.9
1075500 648.7
1075510 648.7
1075520 648.7
1075530 648.6
1075540 648.0
1075550 646.7
1075560 646.7
1075570 645.1
1075580 643.4
1075590 643.4
1075600 641.9
1075610 640.2
1075620 640.2
1075630 639.7
1075640 639.1
1075650 639.1
1075660 638.6
1075670 638.4
1075680 638.4
1075690 638.2
1075700 638.1
1075710 638.1
1075720 638.2
1075730 638.2
1075740 638.2
1075750 638.5
1075760 639.0
1075770 639.0
1075780 639.2
1075790 639.1
1075800 639.1
1075810 638.2
1075820 635.7
1075830 633.8
1075840 633.8
1075850 632.8
1075860 632.4
1075870 632.4
1075880 632.3
1075890 632.5
1075900 632.5
1075910 632.8
1075920 631.6
1075930 631.6
1075940 631.0
1075950 630.3
1075960 630.3
1075970 629.8
1075980 629.5
1075990 629.5
1076000 628.8
1076010 627.9
1076020 627.9
1076030 627.4
1076040 626.6
1076050 626.6
1076060 626.2
1076070 626.1
1076080 626.1
1076090 626.9
1076100 628.0
1076110 629.2
1076120 629.2
1076130 630.5
1076140 632.2
1076150 632.2
1076160 634.9
1076170 637.8
1076180 637.8
1076190 639.0
1076200 639.8
1076210 639.8
1076220 640.4
1076230 640.2
1076240 640.2
1076250 640.1
1076260 639.3
1076270 639.3
1076280 638.2
1076290 637.0
1076300 637.0
1076310 635.6
1076320 634.1
1076330 634.1
1076340 632.8
1076350 631.8
1076360 631.8
1076370 629.8
1076380 628.2
1076390 628.2
1076400 626.8
1076410 625.6
1076420 623.4
1076430 623.4
1076440 620.4
1076450 613.3
1076460 613.3
1076470 605.6
1076480 596.3
1076490 596.3
1076500 589.9
1076510 583.5
1076520 583.5
1076530 581.8
1076540 565.4
1076550 565.4
1076560 559.9
1076570 555.7
1076580 555.7
1076590 552.6
1076600 553.3
1076610 553.3
1076620 553.2
1076630 553.7
1076640 553.7
1076650 553.4
1076660 552.3
1076670 552.3
1076680 550.6
1076690 554.3
1076700 559.5
1076710 559.5
1076720 560.8
1076730 561.1
1076740 561.1
1076750 562.2
1076760 564.0
1076770 564.0
1076780 565.9
1076790 567.8
1076800 567.8
1076810 569.8
1076820 571.6
1076830 571.6
1076840 572.7
1076850 566.5
1076860 566.5
1076870 568.5
1076880 570.4
1076890 570.4
1076900 571.7
1076910 567.2
1076920 567.2
1076930 565.7
1076940 571.5
1076950 571.5
1076960 574.8
1076970 577.7
1076980 580.4
1076990 580.4
1077000 582.6
1077010 583.5
1077020 583.5
1077030 583.0
1077040 585.8
1077050 585.8
1077060 588.3
1077070 587.6
1077080 587.6
1077090 588.7
1077100 591.4
1077110 591.4
1077120 594.1
1077130 591.8
1077140 591.8
1077150 589.4
1077160 587.2
1077170 582.4
1077180 579.9
1077190 581.3
1077200 581.3
1077210 573.1
1077220 566.2
1077230 566.2
1077240 563.5
1077250 564.7
1077260 561.1
1077270 561.1
1077280 560.0
1077290 564.7
1077300 564.7
1077310 557.4
1077320 555.0
1077330 555.0
1077340 554.3
1077350 554.9
1077360 554.9
1077370 558.5
1077380 569.9
1077390 569.9
1077400 582.3
1077410 589.2
1077420 589.2
1077430 593.2
1077440 592.1
1077450 592.1
1077460 583.1
1077470 572.5
1077480 578.8
1077490 562.2
1077500 564.6
1077510 564.6
1077520 568.8
1077530 573.7
1077540 579.5
1077550 579.5
1077560 585.0
1077570 614.7
1077580 614.7
1077590 619.1
1077600 620.5
1077610 620.5
1077620 619.3
1077630 617.0
1077640 617.0
1077650 617.3
1077660 620.4
1077670 620.4
1077680 622.9
1077690 623.7
1077700 623.7
1077710 624.4
1077720 624.1
1077730 624.1
1077740 624.8
1077750 624.5
1077760 624.5
1077770 623.6
1077780 622.0
1077790 617.4
1077800 614.2
1077810 610.2
1077820 606.8
1077830 606.8
1077840 604.8
1077850 602.1
1077860 602.1
1077870 596.4
1077880 594.3
1077890 594.3
1077900 596.8
1077910 597.2
1077920 597.2
1077930 595.6
1077940 592.9
1077950 592.9
1077960 591.3
1077970 592.6
1077980 592.6
1077990 594.3
1078000 595.0
1078010 595.0
1078020 595.5
1078030 597.7
1078040 597.7
1078050 610.8
1078060 623.6
1078070 623.6
1078080 631.7
1078090 637.9
1078100 653.2
1078110 653.2
1078120 655.2
1078130 666.2
1078140 666.2
1078150 678.3
1078160 688.8
1078170 688.8
1078180 701.3
1078190 719.3
1078200 719.3
1078210 728.2
1078220 731.1
1078230 731.1
1078240 733.6
1078250 737.3
1078260 737.3
1078270 741.7
1078280 746.7
1078290 746.7
1078300 751.1
1078310 755.3
1078320 755.3
1078330 760.7
1078340 765.9
1078350 765.9
1078360 767.9
1078370 769.0
1078380 769.6
1078390 769.6
1078400 770.1
1078410 770.5
1078420 771.4
1078430 771.4
1078440 771.0
1078450 771.0
1078460 770.6
1078470 770.8
1078480 770.8
1078490 771.2
1078500 771.8
1078510 771.8
1078520 772.5
1078530 773.9
1078540 773.9
1078550 776.5
1078560 778.6
1078570 778.6
1078580 779.6
1078590 779.9
1078600 779.9
1078610 779.0
1078620 777.7
1078630 777.7
1078640 776.8
1078650 775.6
1078660 774.5
1078670 774.5
1078680 772.3
1078690 771.1
1078700 771.1
1078710 771.4
1078720 770.2
1078730 771.1
1078740 765.9
1078750 756.1
1078760 756.1
1078770 746.1
1078780 736.3
1078790 736.3
1078800 726.6
1078810 722.9
1078820 722.9
1078830 725.0
1078840 731.6
1078850 731.6
1078860 738.8
1078870 746.0
1078880 746.0
1078890 753.2
1078900 764.9
1078910 764.9
1078920 771.4
1078930 776.8
1078940 781.7
1078950 781.7
1078960 786.0
1078970 789.5
1078980 789.5
1078990 792.9
1079000 796.2
1079010 796.2
1079020 799.4
1079030 802.5
1079040 802.5
1079050 810.2
1079060 811.1
1079070 811.1
1079080 812.1
1079090 813.1
1079100 813.1
1079110 814.3
1079120 815.2
1079130 815.2
1079140 815.5
1079150 815.5
1079160 815.5
1079170 817.4
1079180 818.5
1079190 818.5
1079200 816.3
1079210 814.9
1079220 815.3
1079230 815.3
1079240 815.3
1079250 815.8
1079260 815.8
1079270 817.7
1079280 819.4
1079290 819.4
1079300 822.3
1079310 825.7
1079320 825.7
1079330 830.3
1079340 834.8
1079350 834.8
1079360 842.9
1079370 847.7
1079380 847.7
1079390 852.9
1079400 857.2
1079410 857.2
1079420 861.7
1079430 868.0
1079440 868.0
1079450 872.2
1079460 876.8
1079470 876.8
1079480 882.1
1079490 886.8
1079500 886.8
1079510 891.1
1079520 895.8
1079530 901.7
1079540 901.7
1079550 906.6
1079560 912.9
1079570 912.9
1079580 917.8
1079590 920.6
1079600 920.6
1079610 924.3
1079620 929.2
1079630 929.2
1079640 936.5
1079650 942.3
1079660 942.3
1079670 957.7
1079680 963.4
1079690 963.4
1079700 966.4
1079710 970.8
1079720 970.8
1079730 976.5
1079740 981.5
1079750 981.5
1079760 986.6
1079770 990.8
1079780 990.8
1079790 994.7
1079800 998.1
1079810 1001.1
1079820 1001.1
1079830 1004.9
1079840 1008.1
1079850 1008.1
1079860 1010.8
1079870 1013.7
1079880 1013.7
1079890 1016.4
1079900 1018.9
1079910 1018.9
1079920 1021.1
1079930 1023.1
1079940 1023.1
1079950 1024.7
1079960 1026.5
1079970 1026.5
1079980 1028.1
1079990 1033.3
