1063260 428.0
1063270 428.0
1063280 427.5
1063290 426.4
1063300 426.4
1063310 426.3
1063320 427.0
1063330 427.0
1063340 428.3
1063350 429.1
1063360 429.1
1063370 428.9
1063380 428.7
1063390 428.7
1063400 427.7
1063410 427.9
1063420 427.9
1063430 430.1
1063440 432.1
1063450 432.1
1063460 429.1
1063470 426.1
1063480 422.0
1063490 422.0
1063500 421.7
1063510 422.3
1063520 422.3
1063530 422.2
1063540 422.0
1063550 422.0
1063560 421.9
1063570 421.9
1063580 421.9
1063590 421.9
1063600 422.0
1063610 422.0
1063620 422.5
1063630 422.5
1063640 422.5
1063650 422.4
1063660 425.4
1063670 425.4
1063680 428.0
1063690 428.0
1063700 428.0
1063710 428.1
1063720 426.9
1063730 428.6
1063740 428.0
1063750 425.5
1063760 425.5
1063770 428.4
1063780 428.6
1063790 429.6
1063800 429.6
1063810 430.9
1063820 429.5
1063830 429.5
1063840 430.5
1063850 430.3
1063860 430.3
1063870 427.3
1063880 427.0
1063890 427.0
1063900 427.0
1063910 427.0
1063920 427.0
1063930 429.5
1063940 431.3
1063950 431.3
1063960 431.6
1063970 429.8
1063980 429.8
1063990 428.5
1064000 428.4
1064010 428.4
1064020 427.0
1064030 428.2
1064040 428.2
1064050 429.9
1064060 431.3
1064070 427.3
1064080 427.3
1064090 426.9
1064100 426.8
1064110 426.8
1064120 426.7
1064130 426.6
1064140 426.6
1064150 426.6
1064160 426.5
1064170 426.5
1064180 426.3
1064190 426.3
1064200 426.3
1064210 426.4
1064220 426.4
1064230 426.4
1064240 426.4
1064250 426.3
1064260 426.3
1064270 426.2
1064280 426.1
1064290 426.1
1064300 426.1
1064310 426.1
1064320 426.1
1064330 426.1
1064340 426.1
1064350 426.2
1064360 426.2
1064370 426.2
1064380 426.3
1064390 426.3
1064400 426.3
1064410 426.2
1064420 426.2
1064430 425.3
1064440 425.3
1064450 425.3
1064460 426.4
1064470 426.5
1064480 426.5
1064490 426.5
1064500 426.4
1064510 426.4
1064520 426.4
1064530 426.4
1064540 426.4
1064550 426.4
1064560 426.3
1064570 426.3
1064580 426.2
1064590 426.3
1064600 426.3
1064610 426.4
1064620 426.4
1064630 426.3
1064640 426.3
1064650 426.5
1064660 426.4
1064670 426.4
1064680 426.4
1064690 426.3
1064700 426.3
1064710 426.3
1064720 426.4
1064730 426.4
1064740 426.4
1064750 426.4
1064760 426.4
1064770 426.3
1064780 426.3
1064790 426.3
1064800 426.3
1064810 426.0
1064820 426.0
1064830 426.2
1064840 426.0
1064850 426.0
1064860 425.7
1064870 425.7
1064880 425.7
1064890 425.7
1064900 425.8
1064910 425.7
1064920 425.7
1064930 425.6
1064940 425.7
1064950 425.7
1064960 425.8
1064970 425.7
1064980 425.7
1064990 425.5
1065000 425.6
1065010 425.6
1065020 425.5
1065030 425.4
1065040 425.4
1065050 425.4
1065060 425.4
1065070 425.4
1065080 425.4
1065090 425.3
1065100 425.3
1065110 425.3
1065120 425.4
1065130 425.4
1065140 425.4
1065150 425.4
1065160 425.4
1065170 425.4
1065180 425.4
1065190 425.4
1065200 425.4
1065210 425.4
1065220 425.6
1065230 425.6
1065240 425.5
1065250 425.4
1065260 425.4
1065270 425.2
1065280 425.2
1065290 425.2
1065300 425.3
1065310 425.3
1065320 425.3
1065330 425.3
1065340 425.2
1065350 425.2
1065360 425.3
1065370 425.3
1065380 425.3
1065390 425.4
1065400 425.4
1065410 425.4
1065420 425.4
1065430 425.4
1065440 425.4
1065450 425.3
1065460 425.2
1065470 425.3
1065480 425.3
1065490 425.4
1065500 425.5
1065510 425.5
1065520 425.5
1065530 425.6
1065540 425.6
1065550 425.7
1065560 425.7
1065570 425.7
1065580 425.6
1065590 425.6
1065600 425.6
1065610 425.6
1065620 425.6
1065630 425.6
1065640 425.6
1065650 425.7
1065660 425.7
1065670 425.8
1065680 426.1
1065690 426.1
1065700 426.2
1065710 426.2
1065720 426.2
1065730 426.2
1065740 426.2
1065750 426.3
1065760 426.3
1065770 426.3
1065780 426.3
1065790 426.3
1065800 426.2
1065810 426.1
1065820 426.1
1065830 426.0
1065840 425.9
1065850 425.9
1065860 425.8
1065870 425.8
1065880 425.8
1065890 425.9
1065900 426.0
1065910 426.0
1065920 425.9
1065930 426.6
1065940 426.6
1065950 426.0
1065960 425.8
1065970 425.8
1065980 426.0
1065990 426.0
1066000 426.0
1066010 426.1
1066020 426.4
1066030 426.4
1066040 426.4
1066050 426.5
1066060 426.5
1066070 426.5
1066080 426.4
1066090 426.4
1066100 426.4
1066110 426.5
1066120 426.5
1066130 426.5
1066140 426.5
1066150 426.4
1066160 426.3
1066170 426.4
1066180 426.5
1066190 426.5
1066200 426.5
1066210 426.4
1066220 426.4
1066230 426.3
1066240 426.3
1066250 426.3
1066260 426.2
1066270 426.2
1066280 426.2
1066290 426.2
1066300 426.3
1066310 426.3
1066320 426.4
1066330 426.7
1066340 426.7
1066350 426.7
1066360 427.0
1066370 426.9
1066380 426.9
1066390 427.0
1066400 426.9
1066410 426.9
1066420 426.4
1066430 426.2
1066440 426.2
1066450 426.1
1066460 426.3
1066470 426.3
1066480 426.2
1066490 426.1
1066500 426.1
1066510 426.0
1066520 425.9
1066530 425.9
1066540 425.9
1066550 425.9
1066560 425.9
1066570 426.1
1066580 426.1
1066590 426.1
1066600 426.0
1066610 426.4
1066620 426.2
1066630 426.2
1066640 426.0
1066650 425.9
1066660 425.9
1066670 425.9
1066680 425.9
1066690 425.9
1066700 425.8
1066710 425.8
1066720 425.8
1066730 426.0
1066740 426.4
1066750 426.4
1066760 426.4
1066770 426.5
1066780 426.5
1066790 426.4
1066800 425.6
1066810 425.6
1066820 425.9
1066830 426.1
1066840 426.1
1066850 426.0
1066860 426.0
1066870 426.0
1066880 426.0
1066890 426.0
1066900 426.0
1066910 426.0
1066920 426.0
1066930 426.0
1066940 426.0
1066950 426.0
1066960 426.0
1066970 426.0
1066980 426.1
1066990 426.3
1067000 426.3
1067010 426.2
1067020 426.2
1067030 426.2
1067040 426.3
1067050 426.4
1067060 426.4
1067070 426.5
1067080 426.4
1067090 426.4
1067100 426.6
1067110 426.6
1067120 426.6
1067130 426.7
1067140 426.7
1067150 426.7
1067160 426.8
1067170 426.7
1067180 426.7
1067190 426.7
1067200 426.8
1067210 426.9
1067220 426.9
1067230 427.0
1067240 427.1
1067250 427.1
1067260 427.1
1067270 427.2
1067280 427.2
1067290 427.4
1067300 427.5
1067310 427.5
1067320 427.7
1067330 427.9
1067340 427.9
1067350 428.0
1067360 428.0
1067370 428.0
1067380 428.0
1067390 428.1
1067400 428.1
1067410 428.2
1067420 428.3
1067430 428.3
1067440 428.4
1067450 428.5
1067460 428.7
1067470 428.7
1067480 428.8
1067490 428.9
1067500 428.9
1067510 429.1
1067520 429.2
1067530 429.2
1067540 429.1
1067550 429.2
1067560 429.2
1067570 429.0
1067580 429.1
1067590 429.1
1067600 429.2
1067610 429.3
1067620 429.3
1067630 429.3
1067640 429.4
1067650 429.4
1067660 429.5
1067670 429.4
1067680 429.4
1067690 429.4
1067700 429.3
1067710 429.3
1067720 429.3
1067730 429.3
1067740 429.1
1067750 429.1
1067760 429.2
1067770 429.3
1067780 429.3
1067790 429.4
1067800 429.6
1067810 429.6
1067820 429.6
1067830 429.6
1067840 429.6
1067850 429.5
1067860 429.4
1067870 429.4
1067880 429.5
1067890 429.7
1067900 429.7
1067910 429.9
1067920 430.0
1067930 430.0
1067940 430.0
1067950 429.9
1067960 429.9
1067970 429.8
1067980 429.9
1067990 430.1
1068000 430.2
1068010 430.1
1068020 430.3
1068030 430.3
1068040 430.6
1068050 430.7
1068060 430.7
1068070 430.8
1068080 430.9
1068090 430.9
1068100 430.5
1068110 430.6
1068120 430.6
1068130 430.9
1068140 431.0
1068150 431.0
1068160 431.1
1068170 431.0
1068180 431.0
1068190 431.0
1068200 430.9
1068210 430.9
1068220 431.1
1068230 431.0
1068240 431.0
1068250 430.9
1068260 431.2
1068270 431.2
1068280 431.3
1068290 431.3
1068300 431.4
1068310 431.4
1068320 431.4
1068330 431.3
1068340 431.3
1068350 431.3
1068360 431.3
1068370 431.3
1068380 431.3
1068390 431.3
1068400 431.3
1068410 431.4
1068420 431.6
1068430 431.6
1068440 431.7
1068450 431.9
1068460 431.9
1068470 432.0
1068480 432.0
1068490 432.0
1068500 432.0
1068510 431.9
1068520 431.9
1068530 431.7
1068540 431.7
1068550 431.7
1068560 431.7
1068570 431.6
1068580 431.7
1068590 431.7
1068600 431.9
1068610 431.9
1068620 431.9
1068630 432.0
1068640 432.2
1068650 432.2
1068660 432.2
1068670 432.2
1068680 432.2
1068690 432.2
1068700 432.2
1068710 432.2
1068720 432.2
1068730 432.3
1068740 432.3
1068750 432.4
1068760 432.4
1068770 432.4
1068780 432.5
1068790 432.6
1068800 432.6
1068810 432.7
1068820 432.7
1068830 432.7
1068840 432.8
1068850 432.8
1068860 432.8
1068870 432.9
1068880 433.0
1068890 433.1
1068900 433.1
1068910 433.1
1068920 433.2
1068930 433.2
1068940 433.3
1068950 433.4
1068960 433.4
1068970 433.5
1068980 433.6
1068990 433.6
1069000 433.6
1069010 433.8
1069020 433.8
1069030 434.1
1069040 434.5
1069050 434.5
1069060 434.6
1069070 434.5
1069080 434.5
1069090 434.4
1069100 434.5
1069110 434.5
1069120 434.5
1069130 434.4
1069140 434.4
1069150 434.5
1069160 434.7
1069170 434.4
1069180 434.4
1069190 434.5
1069200 434.5
1069210 434.5
1069220 434.6
1069230 434.7
1069240 434.7
1069250 434.7
1069260 434.8
1069270 434.8
1069280 434.9
1069290 435.0
1069300 435.0
1069310 435.0
1069320 435.1
1069330 435.1
1069340 435.1
1069350 435.2
1069360 435.2
1069370 435.3
1069380 435.3
1069390 435.3
1069400 435.4
1069410 435.5
1069420 435.5
1069430 435.5
1069440 435.6
1069450 435.7
1069460 435.7
1069470 435.8
1069480 435.9
1069490 435.9
1069500 436.0
1069510 436.2
1069520 436.2
1069530 436.3
1069540 436.4
1069550 436.4
1069560 436.4
1069570 436.4
1069580 436.4
1069590 436.5
1069600 436.6
1069610 436.6
1069620 436.7
1069630 436.8
1069640 436.8
1069650 437.0
1069660 437.1
1069670 437.1
1069680 437.1
1069690 437.2
1069700 437.2
1069710 437.3
1069720 437.4
1069730 437.4
1069740 437.4
1069750 437.6
1069760 437.3
1069770 437.3
1069780 437.4
1069790 437.4
1069800 437.4
1069810 437.3
1069820 437.4
1069830 437.5
1069840 437.6
1069850 437.7
1069860 437.7
1069870 437.8
1069880 437.8
1069890 437.8
1069900 438.0
1069910 438.2
1069920 438.2
1069930 438.3
1069940 438.3
1069950 438.3
1069960 438.4
1069970 438.5
1069980 438.5
1069990 438.6
1070000 438.5
1070010 438.5
1070020 438.5
1070030 438.8
1070040 438.9
1070050 438.9
1070060 438.9
1070070 438.9
1070080 438.9
1070090 438.9
1070100 439.1
1070110 439.1
1070120 439.2
1070130 439.3
1070140 439.3
1070150 439.5
1070160 439.7
1070170 439.7
1070180 439.8
1070190 439.9
1070200 439.9
1070210 439.9
1070220 439.8
1070230 439.8
1070240 439.9
1070250 439.9
1070260 439.9
1070270 440.0
1070280 440.0
1070290 440.0
1070300 440.0
1070310 440.1
1070320 440.3
1070330 440.3
1070340 440.4
1070350 440.5
1070360 440.5
1070370 440.6
1070380 440.7
1070390 440.7
1070400 440.8
1070410 440.9
1070420 440.9
1070430 441.0
1070440 440.9
1070450 440.9
1070460 441.0
1070470 441.1
1070480 441.1
1070490 441.2
1070500 441.4
1070510 441.4
1070520 441.4
1070530 441.4
1070540 441.4
1070550 441.5
1070560 441.7
1070570 441.8
1070580 441.8
1070590 442.0
1070600 442.2
1070610 442.2
1070620 442.3
1070630 442.5
1070640 442.5
1070650 442.7
1070660 442.8
1070670 442.8
1070680 442.8
1070690 442.9
1070700 442.9
1070710 442.9
1070720 443.0
1070730 443.0
1070740 443.0
1070750 443.1
1070760 443.1
1070770 443.2
1070780 443.3
1070790 443.3
1070800 443.5
1070810 443.5
1070820 443.5
1070830 443.8
1070840 443.8
1070850 443.8
1070860 443.8
1070870 444.0
1070880 444.2
1070890 444.2
1070900 444.4
1070910 444.6
1070920 444.6
1070930 444.7
1070940 444.8
1070950 444.8
1070960 444.9
1070970 445.0
1070980 445.0
1070990 445.3
1071000 446.3
1071010 446.3
1071020 447.0
1071030 446.8
1071040 446.8
1071050 447.1
1071060 447.0
1071070 447.0
1071080 447.3
1071090 447.6
1071100 447.6
1071110 447.6
1071120 448.0
1071130 448.1
1071140 448.1
1071150 447.7
1071160 447.8
1071170 447.8
1071180 448.1
1071190 448.5
1071200 448.5
1071210 448.9
1071220 449.2
1071230 449.2
1071240 450.3
1071250 451.4
1071260 451.4
1071270 449.1
1071280 446.8
1071290 446.8
1071300 447.6
1071310 451.3
1071320 451.3
1071330 451.4
1071340 449.8
1071350 449.8
1071360 449.6
1071370 449.7
1071380 449.7
1071390 449.5
1071400 449.3
1071410 449.0
1071420 449.0
1071430 449.0
1071440 448.6
1071450 448.6
1071460 448.4
1071470 448.1
1071480 448.1
1071490 448.3
1071500 450.4
1071510 450.4
1071520 454.0
1071530 455.2
1071540 455.2
1071550 455.3
1071560 455.4
1071570 455.4
1071580 452.5
1071590 448.9
1071600 448.9
1071610 448.4
1071620 448.5
1071630 448.5
1071640 448.6
1071650 448.5
1071660 448.5
1071670 448.2
1071680 448.1
1071690 448.1
1071700 448.1
1071710 448.2
1071720 448.4
1071730 448.4
1071740 449.1
1071750 449.4
1071760 449.4
1071770 449.6
1071780 449.7
1071790 449.7
1071800 449.8
1071810 449.9
1071820 449.9
1071830 450.0
1071840 450.1
1071850 450.1
1071860 450.0
1071870 449.9
1071880 449.9
1071890 449.9
1071900 450.1
1071910 450.1
1071920 450.0
1071930 450.0
1071940 450.0
1071950 449.9
1071960 449.9
1071970 449.9
1071980 450.0
1071990 450.1
1072000 450.0
1072010 450.0
1072020 450.0
1072030 450.3
1072040 450.3
1072050 450.6
1072060 450.7
1072070 450.7
1072080 450.9
1072090 451.1
1072100 451.1
1072110 451.3
1072120 451.4
1072130 451.4
1072140 451.6
1072150 451.6
1072160 451.6
1072170 451.6
1072180 451.6
1072190 451.6
1072200 451.7
1072210 451.9
1072220 451.9
1072230 452.0
1072240 452.2
1072250 452.2
1072260 452.5
1072270 452.7
1072280 452.8
1072290 452.9
1072300 453.0
1072310 453.1
1072320 453.1
1072330 453.2
1072340 453.3
1072350 453.3
1072360 453.4
1072370 453.5
1072380 453.5
1072390 453.7
1072400 454.0
1072410 454.0
1072420 454.1
1072430 454.2
1072440 454.2
1072450 454.2
1072460 454.4
1072470 454.4
1072480 454.8
1072490 457.1
1072500 457.1
1072510 457.3
1072520 456.9
1072530 456.9
1072540 455.9
1072550 455.8
1072560 455.8
1072570 455.8
1072580 456.0
1072590 456.1
1072600 456.2
1072610 456.3
1072620 456.5
1072630 456.5
1072640 456.8
1072650 456.9
1072660 456.9
1072670 457.0
1072680 457.1
1072690 457.1
1072700 457.4
1072710 457.5
1072720 457.5
1072730 457.6
1072740 457.7
1072750 457.7
1072760 457.8
1072770 457.9
1072780 457.9
1072790 458.1
1072800 458.3
1072810 458.3
1072820 458.4
1072830 458.5
1072840 458.7
1072850 458.7
1072860 458.8
1072870 459.0
1072880 459.0
1072890 459.3
1072900 459.6
1072910 459.5
1072920 459.6
1072930 459.8
1072940 459.8
1072950 460.2
1072960 460.4
1072970 460.4
1072980 460.5
1072990 460.7
1073000 460.7
1073010 460.8
1073020 461.0
1073030 461.0
1073040 461.2
1073050 461.5
1073060 461.5
1073070 461.7
1073080 461.9
1073090 461.9
1073100 462.1
1073110 462.3
1073120 462.6
1073130 462.6
1073140 462.8
1073150 463.0
1073160 463.0
1073170 463.1
1073180 463.1
1073190 463.1
1073200 463.1
1073210 463.3
1073220 463.5
1073230 463.6
1073240 463.8
1073250 463.8
1073260 464.2
1073270 464.5
1073280 464.5
1073290 464.7
1073300 464.9
1073310 464.9
1073320 465.3
1073330 465.6
1073340 465.6
1073350 465.6
1073360 465.6
1073370 465.6
1073380 465.6
1073390 465.9
1073400 466.3
1073410 466.3
1073420 466.4
1073430 466.5
1073440 466.5
1073450 466.7
1073460 466.8
1073470 466.8
1073480 467.0
1073490 467.2
1073500 467.2
1073510 467.5
1073520 467.6
1073530 467.5
1073540 467.8
1073550 467.9
1073560 467.9
1073570 468.0
1073580 468.0
1073590 468.0
1073600 468.2
1073610 468.3
1073620 468.3
1073630 468.3
1073640 468.3
1073650 468.3
1073660 468.4
1073670 468.9
1073680 469.3
1073690 469.3
1073700 469.5
1073710 469.6
1073720 469.6
1073730 469.8
1073740 470.1
1073750 470.1
1073760 470.3
1073770 471.4
1073780 471.4
1073790 471.8
1073800 471.7
1073810 471.7
1073820 471.5
1073830 471.7
1073840 471.9
1073850 472.2
1073860 472.5
1073870 472.5
1073880 472.3
1073890 472.2
1073900 472.2
1073910 472.3
1073920 472.6
1073930 472.6
1073940 472.7
1073950 472.8
1073960 472.8
1073970 472.8
1073980 472.8
1073990 472.9
1074000 472.9
1074010 473.0
1074020 473.7
1074030 473.7
1074040 473.9
1074050 473.7
1074060 473.7
1074070 473.8
1074080 474.0
1074090 474.0
1074100 474.1
1074110 474.5
1074120 474.5
1074130 474.7
1074140 474.7
1074150 475.0
1074160 475.1
1074170 475.1
1074180 475.1
1074190 475.0
1074200 475.4
1074210 475.4
1074220 475.6
1074230 475.7
1074240 475.7
1074250 475.7
1074260 475.6
1074270 475.6
1074280 475.6
1074290 475.9
1074300 476.3
1074310 476.3
1074320 476.3
1074330 476.5
1074340 476.5
1074350 476.9
1074360 477.0
1074370 477.0
1074380 477.3
1074390 477.3
1074400 477.3
1074410 477.5
1074420 477.4
1074430 477.4
1074440 477.5
1074450 479.8
1074460 479.8
1074470 484.9
1074480 487.9
1074490 487.9
1074500 491.3
1074510 493.2
1074520 495.9
1074530 495.9
1074540 499.0
1074550 500.3
1074560 500.3
1074570 501.9
1074580 503.2
1074590 503.2
1074600 505.3
1074610 507.9
1074620 507.9
1074630 508.8
1074640 509.6
1074650 509.6
1074660 512.1
1074670 512.9
1074680 512.9
1074690 513.1
1074700 512.6
1074710 512.6
1074720 511.9
1074730 510.8
1074740 510.8
1074750 509.5
1074760 508.8
1074770 503.3
1074780 503.6
1074790 504.4
1074800 505.4
1074810 505.4
1074820 504.8
1074830 504.2
1074840 504.2
1074850 504.7
1074860 505.5
1074870 505.5
1074880 506.4
1074890 507.4
1074900 507.4
1074910 508.9
1074920 509.4
1074930 509.4
1074940 510.6
1074950 513.1
1074960 513.1
1074970 514.5
1074980 516.2
1074990 516.2
1075000 518.9
1075010 522.7
1075020 522.7
1075030 526.1
1075040 530.9
1075050 530.9
1075060 537.0
1075070 542.8
1075080 548.8
1075090 546.8
1075100 552.3
1075110 556.7
1075120 556.7
1075130 557.9
1075140 557.0
1075150 557.0
1075160 556.2
1075170 556.3
1075180 556.3
1075190 555.7
1075200 555.4
1075210 555.4
1075220 555.8
1075230 556.6
1075240 556.6
1075250 557.3
1075260 558.4
1075270 558.4
1075280 559.5
1075290 560.8
1075300 560.8
1075310 562.7
1075320 565.1
1075330 565.1
1075340 567.3
1075350 569.7
1075360 569.7
1075370 571.4
1075380 569.3
1075390 568.3
1075400 567.4
1075410 566.9
1075420 566.9
1075430 566.9
1075440 567.4
1075450 567.7
1075460 567.7
1075470 569.3
1075480 573.3
1075490 573.3
1075500 577.8
1075510 581.2
1075520 581.2
1075530 585.3
1075540 588.2
1075550 588.2
1075560 589.9
1075570 590.7
1075580 590.7
1075590 590.8
1075600 590.4
1075610 590.4
1075620 589.8
1075630 588.8
1075640 588.8
1075650 588.6
1075660 588.7
1075670 589.1
1075680 589.1
1075690 589.7
1075700 590.5
1075710 589.5
1075720 590.6
1075730 591.8
1075740 591.8
1075750 592.6
1075760 594.1
1075770 594.1
1075780 595.0
1075790 596.2
1075800 596.2
1075810 597.6
1075820 598.8
1075830 598.8
1075840 600.0
1075850 601.3
1075860 601.3
1075870 603.2
1075880 605.3
1075890 605.3
1075900 608.0
1075910 610.7
1075920 610.7
1075930 611.9
1075940 612.6
1075950 612.7
1075960 612.7
1075970 612.5
1075980 611.9
1075990 611.9
1076000 611.2
1076010 610.6
1076020 608.7
1076030 606.4
1076040 603.8
1076050 603.8
1076060 602.9
1076070 600.9
1076080 600.9
1076090 593.9
1076100 585.0
1076110 585.0
1076120 576.1
1076130 566.7
1076140 566.7
1076150 562.5
1076160 564.2
1076170 564.2
1076180 564.7
1076190 564.6
1076200 564.6
1076210 565.1
1076220 565.9
1076230 565.2
1076240 565.2
1076250 563.3
1076260 563.3
1076270 563.3
1076280 563.1
1076290 561.4
1076300 561.4
1076310 551.1
1076320 540.4
1076330 536.5
1076340 528.2
1076350 525.9
1076360 525.9
1076370 526.0
1076380 526.0
1076390 526.0
1076400 526.3
1076410 526.4
1076420 526.4
1076430 526.5
1076440 526.8
1076450 526.8
1076460 526.2
1076470 523.6
1076480 523.6
1076490 525.8
1076500 529.8
1076510 532.6
1076520 532.6
1076530 536.3
1076540 538.6
1076550 538.6
1076560 536.1
1076570 534.0
1076580 534.0
1076590 534.2
1076600 534.9
1076610 534.9
1076620 536.1
1076630 539.3
1076640 549.4
1076650 554.3
1076660 557.5
1076670 557.5
1076680 561.5
1076690 564.6
1076700 564.6
1076710 564.1
1076720 565.6
1076730 565.6
1076740 568.5
1076750 573.7
1076760 573.7
1076770 581.5
1076780 588.2
1076790 593.5
1076800 593.5
1076810 598.9
1076820 600.8
1076830 600.8
1076840 604.3
1076850 608.1
1076860 608.1
1076870 611.3
1076880 614.4
1076890 614.4
1076900 619.5
1076910 627.1
1076920 627.1
1076930 635.3
1076940 641.6
1076950 641.6
1076960 641.3
1076970 647.4
1076980 647.4
1076990 653.2
1077000 658.9
1077010 658.9
1077020 663.8
1077030 666.4
1077040 666.4
1077050 668.2
1077060 669.1
1077070 669.7
1077080 669.7
1077090 669.9
1077100 671.2
1077110 671.2
1077120 673.1
1077130 675.7
1077140 675.7
1077150 678.9
1077160 681.6
1077170 681.6
1077180 683.8
1077190 686.3
1077200 686.3
1077210 688.9
1077220 691.5
1077230 691.5
1077240 694.0
1077250 696.8
1077260 696.8
1077270 701.5
1077280 704.3
1077290 704.3
1077300 704.2
1077310 703.2
1077320 703.2
1077330 705.4
1077340 706.6
1077350 704.6
1077360 704.6
1077370 700.5
1077380 695.4
1077390 695.4
1077400 692.2
1077410 690.5
1077420 690.5
1077430 691.1
1077440 696.0
1077450 696.0
1077460 702.6
1077470 710.2
1077480 710.2
1077490 718.5
1077500 723.8
1077510 723.8
1077520 726.9
1077530 728.8
1077540 728.8
1077550 731.8
1077560 735.8
1077570 735.8
1077580 739.4
1077590 742.2
1077600 742.2
1077610 742.1
1077620 740.7
1077630 740.5
1077640 740.5
1077650 741.7
1077660 744.4
1077670 744.4
1077680 747.4
1077690 747.7
1077700 747.7
1077710 747.6
1077720 749.2
1077730 749.2
1077740 752.8
1077750 756.8
1077760 756.8
1077770 757.6
1077780 756.9
1077790 756.9
1077800 756.5
1077810 756.7
1077820 756.7
1077830 757.3
1077840 758.0
1077850 758.0
1077860 757.9
1077870 755.7
1077880 755.7
1077890 762.7
1077900 764.0
1077910 769.6
1077920 769.6
1077930 771.6
1077940 771.8
1077950 771.8
1077960 773.6
1077970 776.7
1077980 776.7
1077990 780.2
1078000 784.1
1078010 784.1
1078020 788.9
1078030 794.4
1078040 794.4
1078050 796.9
1078060 797.2
1078070 797.2
1078080 796.2
1078090 796.1
1078100 796.1
1078110 794.9
1078120 792.3
1078130 792.3
1078140 789.8
1078150 788.2
1078160 788.2
1078170 787.6
1078180 788.1
1078190 788.7
1078200 788.7
1078210 790.0
1078220 790.9
1078230 790.9
1078240 792.2
1078250 793.1
1078260 793.1
1078270 793.8
1078280 793.5
1078290 793.5
1078300 793.6
1078310 794.5
1078320 794.5
1078330 795.6
1078340 797.1
1078350 797.1
1078360 799.4
1078370 802.6
1078380 802.6
1078390 805.1
1078400 806.9
1078410 806.9
1078420 808.4
1078430 809.0
1078440 809.0
1078450 808.8
1078460 808.4
1078470 808.1
1078480 808.1
1078490 807.8
1078500 807.4
1078510 807.4
1078520 810.7
1078530 812.0
1078540 812.0
1078550 813.7
1078560 814.1
1078570 814.1
1078580 815.0
1078590 814.3
1078600 814.3
1078610 814.6
1078620 814.6
1078630 814.6
1078640 814.2
1078650 814.4
1078660 814.4
1078670 814.8
1078680 815.0
1078690 815.0
1078700 815.3
1078710 815.7
1078720 815.7
1078730 816.7
1078740 817.5
1078750 818.1
1078760 818.1
1078770 818.7
1078780 819.8
1078790 819.8
1078800 821.4
1078810 823.0
1078820 823.0
1078830 827.4
1078840 829.1
1078850 829.1
1078860 831.0
1078870 832.7
1078880 832.7
1078890 834.5
1078900 836.5
1078910 836.5
1078920 839.4
1078930 842.6
1078940 842.6
1078950 845.5
1078960 847.9
1078970 847.9
1078980 850.5
1078990 852.5
1079000 852.5
1079010 853.2
1079020 854.9
1079030 859.3
1079040 859.3
1079050 862.9
1079060 865.9
1079070 865.9
1079080 869.8
1079090 874.2
1079100 874.2
1079110 878.6
1079120 882.0
1079130 882.0
1079140 887.2
1079150 895.5
1079160 895.5
1079170 900.0
1079180 903.9
1079190 903.9
1079200 907.3
1079210 910.4
1079220 910.4
1079230 914.0
1079240 917.1
1079250 917.1
1079260 919.5
1079270 922.8
1079280 922.8
1079290 926.5
1079300 931.2
1079310 931.2
1079320 936.8
1079330 941.8
1079340 946.7
1079350 946.7
1079360 950.9
1079370 954.1
1079380 954.1
1079390 960.4
1079400 965.5
1079410 965.5
1079420 969.3
1079430 974.1
1079440 974.1
1079450 978.3
1079460 987.2
1079470 987.2
1079480 993.0
1079490 997.7
1079500 997.7
1079510 1002.0
1079520 1006.6
1079530 1006.6
1079540 1011.3
1079550 1016.5
1079560 1016.5
1079570 1021.8
1079580 1027.1
1079590 1027.1
1079600 1032.1
1079610 1036.4
1079620 1041.1
1079630 1041.1
1079640 1045.6
1079650 1049.5
1079660 1049.5
1079670 1052.3
1079680 1055.5
1079690 1055.5
1079700 1058.9
1079710 1062.9
1079720 1062.9
1079730 1066.5
1079740 1071.7
1079750 1071.7
1079760 1076.4
1079770 1080.8
1079780 1083.3
1079790 1088.1
1079800 1093.0
1079810 1093.0
1079820 1097.5
1079830 1102.0
1079840 1102.0
1079850 1107.0
1079860 1111.9
1079870 1111.9
1079880 1116.1
1079890 1120.0
1079900 1123.7
1079910 1123.7
1079920 1127.0
1079930 1130.2
1079940 1130.2
1079950 1133.1
1079960 1136.7
1079970 1136.7
1079980 1139.5
1079990 1142.3
