1063350 425.6
1063360 425.6
1063370 425.6
1063380 425.6
1063390 425.6
1063400 425.7
1063410 427.1
1063420 427.1
1063430 428.7
1063440 429.5
1063450 429.3
1063460 429.3
1063470 429.0
1063480 428.3
1063490 428.3
1063500 428.8
1063510 431.7
1063520 431.7
1063530 431.5
1063540 427.4
1063550 427.4
1063560 425.5
1063570 422.0
1063580 422.0
1063590 421.5
1063600 421.5
1063610 421.5
1063620 421.5
1063630 421.5
1063640 421.5
1063650 421.7
1063660 421.8
1063670 421.8
1063680 422.3
1063690 422.9
1063700 422.9
1063710 422.8
1063720 422.5
1063730 422.1
1063740 422.1
1063750 422.1
1063760 422.1
1063770 422.1
1063780 421.8
1063790 421.0
1063800 421.0
1063810 420.9
1063820 421.4
1063830 421.4
1063840 425.3
1063850 428.4
1063860 428.4
1063870 428.2
1063880 424.7
1063890 424.7
1063900 423.7
1063910 423.5
1063920 423.5
1063930 423.6
1063940 423.6
1063950 423.6
1063960 423.6
1063970 424.3
1063980 424.3
1063990 427.1
1064000 428.1
1064010 427.5
1064020 427.5
1064030 424.8
1064040 425.1
1064050 425.1
1064060 427.2
1064070 428.7
1064080 428.7
1064090 431.5
1064100 429.1
1064110 429.1
1064120 426.4
1064130 426.0
1064140 426.0
1064150 426.1
1064160 426.0
1064170 426.0
1064180 425.8
1064190 426.0
1064200 426.0
1064210 425.9
1064220 425.9
1064230 426.0
1064240 425.9
1064250 425.8
1064260 425.8
1064270 425.7
1064280 425.7
1064290 425.4
1064300 425.4
1064310 425.4
1064320 425.6
1064330 425.6
1064340 425.9
1064350 425.8
1064360 425.8
1064370 425.8
1064380 425.8
1064390 425.8
1064400 425.8
1064410 425.7
1064420 425.7
1064430 425.1
1064440 425.0
1064450 425.0
1064460 425.2
1064470 425.6
1064480 425.6
1064490 425.7
1064500 425.6
1064510 425.6
1064520 425.4
1064530 425.5
1064540 425.5
1064550 425.5
1064560 425.4
1064570 425.4
1064580 425.4
1064590 425.6
1064600 425.3
1064610 425.3
1064620 425.4
1064630 425.6
1064640 425.6
1064650 425.6
1064660 425.6
1064670 425.6
1064680 425.5
1064690 425.6
1064700 425.6
1064710 425.6
1064720 425.6
1064730 425.6
1064740 425.4
1064750 425.3
1064760 425.3
1064770 425.3
1064780 425.4
1064790 425.4
1064800 425.4
1064810 425.4
1064820 425.4
1064830 425.4
1064840 425.5
1064850 425.5
1064860 425.1
1064870 424.8
1064880 426.5
1064890 426.5
1064900 426.0
1064910 424.9
1064920 424.9
1064930 425.0
1064940 424.9
1064950 424.9
1064960 424.8
1064970 424.9
1064980 424.9
1064990 424.7
1065000 424.5
1065010 424.5
1065020 424.5
1065030 424.5
1065040 424.5
1065050 424.5
1065060 424.6
1065070 424.6
1065080 424.6
1065090 424.6
1065100 424.6
1065110 424.6
1065120 424.6
1065130 424.6
1065140 424.6
1065150 424.6
1065160 424.7
1065170 424.7
1065180 424.6
1065190 424.9
1065200 424.9
1065210 424.9
1065220 424.6
1065230 424.6
1065240 424.7
1065250 424.8
1065260 424.8
1065270 424.9
1065280 424.9
1065290 424.9
1065300 424.8
1065310 424.6
1065320 424.6
1065330 424.5
1065340 424.6
1065350 424.6
1065360 424.7
1065370 424.8
1065380 424.8
1065390 424.9
1065400 424.8
1065410 424.8
1065420 424.8
1065430 424.7
1065440 424.8
1065450 424.8
1065460 424.7
1065470 424.7
1065480 424.7
1065490 424.8
1065500 424.9
1065510 424.9
1065520 424.9
1065530 424.9
1065540 424.9
1065550 424.9
1065560 424.9
1065570 424.9
1065580 425.0
1065590 425.1
1065600 425.1
1065610 425.1
1065620 425.1
1065630 425.1
1065640 425.1
1065650 425.1
1065660 425.1
1065670 425.2
1065680 425.2
1065690 425.2
1065700 425.1
1065710 425.0
1065720 425.0
1065730 425.0
1065740 425.2
1065750 425.2
1065760 425.2
1065770 425.1
1065780 425.1
1065790 425.1
1065800 425.1
1065810 425.1
1065820 425.1
1065830 425.1
1065840 425.1
1065850 425.1
1065860 425.1
1065870 425.1
1065880 425.1
1065890 425.0
1065900 425.0
1065910 425.0
1065920 425.0
1065930 425.2
1065940 425.2
1065950 425.6
1065960 425.6
1065970 425.6
1065980 425.2
1065990 425.2
1066000 425.3
1066010 425.3
1066020 425.4
1066030 425.5
1066040 425.5
1066050 425.6
1066060 425.6
1066070 425.6
1066080 425.4
1066090 425.1
1066100 425.1
1066110 425.1
1066120 425.2
1066130 425.2
1066140 425.1
1066150 425.1
1066160 425.1
1066170 425.2
1066180 425.5
1066190 425.5
1066200 425.9
1066210 425.8
1066220 425.8
1066230 425.9
1066240 425.9
1066250 425.9
1066260 425.8
1066270 425.9
1066280 425.8
1066290 425.8
1066300 426.1
1066310 426.3
1066320 426.3
1066330 426.4
1066340 426.2
1066350 426.2
1066360 425.7
1066370 425.6
1066380 425.6
1066390 425.6
1066400 425.7
1066410 425.7
1066420 425.7
1066430 425.7
1066440 425.7
1066450 425.9
1066460 425.7
1066470 425.7
1066480 425.6
1066490 425.4
1066500 425.4
1066510 425.4
1066520 425.5
1066530 425.5
1066540 425.5
1066550 425.5
1066560 425.5
1066570 425.5
1066580 425.4
1066590 425.4
1066600 425.4
1066610 425.4
1066620 425.4
1066630 425.4
1066640 426.1
1066650 426.9
1066660 426.3
1066670 426.4
1066680 426.0
1066690 426.0
1066700 425.8
1066710 425.7
1066720 425.7
1066730 425.5
1066740 425.3
1066750 425.3
1066760 425.4
1066770 425.5
1066780 425.5
1066790 425.0
1066800 425.4
1066810 425.4
1066820 425.3
1066830 425.2
1066840 425.2
1066850 425.0
1066860 425.1
1066870 425.1
1066880 425.1
1066890 425.2
1066900 425.3
1066910 425.3
1066920 425.3
1066930 425.2
1066940 425.2
1066950 425.3
1066960 425.3
1066970 425.3
1066980 425.4
1066990 425.4
1067000 425.4
1067010 425.4
1067020 425.4
1067030 425.4
1067040 425.4
1067050 425.5
1067060 425.5
1067070 425.6
1067080 425.7
1067090 425.7
1067100 425.8
1067110 425.8
1067120 425.8
1067130 426.0
1067140 426.3
1067150 426.7
1067160 426.7
1067170 426.5
1067180 426.7
1067190 426.7
1067200 426.8
1067210 426.9
1067220 426.9
1067230 427.0
1067240 427.2
1067250 427.2
1067260 427.3
1067270 427.2
1067280 427.2
1067290 427.3
1067300 427.4
1067310 427.4
1067320 427.8
1067330 427.5
1067340 427.5
1067350 427.8
1067360 428.3
1067370 428.3
1067380 428.4
1067390 427.2
1067400 427.2
1067410 427.8
1067420 427.9
1067430 428.0
1067440 428.0
1067450 427.9
1067460 427.7
1067470 427.7
1067480 428.1
1067490 428.1
1067500 428.1
1067510 428.0
1067520 428.1
1067530 428.1
1067540 427.9
1067550 427.9
1067560 427.9
1067570 428.1
1067580 428.1
1067590 428.1
1067600 428.2
1067610 428.2
1067620 428.2
1067630 428.2
1067640 428.3
1067650 428.3
1067660 428.2
1067670 428.3
1067680 428.3
1067690 428.3
1067700 428.3
1067710 428.2
1067720 428.2
1067730 428.1
1067740 428.1
1067750 428.1
1067760 428.1
1067770 428.1
1067780 428.1
1067790 428.2
1067800 428.2
1067810 428.2
1067820 428.3
1067830 428.3
1067840 428.3
1067850 428.4
1067860 428.5
1067870 428.5
1067880 428.6
1067890 428.7
1067900 428.7
1067910 429.0
1067920 428.9
1067930 428.9
1067940 429.0
1067950 429.0
1067960 429.0
1067970 429.1
1067980 429.2
1067990 429.2
1068000 429.2
1068010 429.2
1068020 429.1
1068030 429.1
1068040 429.2
1068050 429.4
1068060 429.4
1068070 429.5
1068080 429.6
1068090 429.6
1068100 429.6
1068110 429.7
1068120 429.7
1068130 429.6
1068140 429.6
1068150 429.6
1068160 429.6
1068170 429.5
1068180 429.5
1068190 429.8
1068200 430.0
1068210 430.0
1068220 429.8
1068230 429.7
1068240 429.7
1068250 430.0
1068260 430.1
1068270 430.2
1068280 430.2
1068290 430.3
1068300 430.4
1068310 430.4
1068320 430.5
1068330 430.6
1068340 430.6
1068350 430.7
1068360 430.7
1068370 430.7
1068380 430.8
1068390 430.9
1068400 430.9
1068410 431.0
1068420 431.0
1068430 431.0
1068440 431.1
1068450 431.1
1068460 431.1
1068470 431.2
1068480 431.3
1068490 431.2
1068500 431.4
1068510 431.6
1068520 431.6
1068530 431.7
1068540 431.8
1068550 431.9
1068560 431.9
1068570 431.9
1068580 432.0
1068590 432.0
1068600 432.0
1068610 432.1
1068620 432.1
1068630 432.2
1068640 432.2
1068650 432.2
1068660 431.9
1068670 431.8
1068680 431.8
1068690 432.0
1068700 432.1
1068710 432.1
1068720 432.4
1068730 432.7
1068740 432.7
1068750 432.7
1068760 432.8
1068770 432.8
1068780 432.8
1068790 432.9
1068800 432.8
1068810 432.8
1068820 432.7
1068830 432.5
1068840 432.5
1068850 432.4
1068860 432.7
1068870 432.7
1068880 433.1
1068890 433.3
1068900 433.3
1068910 433.1
1068920 433.2
1068930 433.2
1068940 433.4
1068950 433.4
1068960 433.4
1068970 433.5
1068980 433.4
1068990 433.4
1069000 433.3
1069010 433.4
1069020 433.4
1069030 433.5
1069040 433.6
1069050 433.6
1069060 433.6
1069070 433.7
1069080 433.7
1069090 433.8
1069100 433.9
1069110 433.9
1069120 433.9
1069130 434.0
1069140 434.1
1069150 434.1
1069160 434.2
1069170 434.3
1069180 434.3
1069190 434.4
1069200 434.5
1069210 434.5
1069220 434.8
1069230 435.0
1069240 435.0
1069250 435.0
1069260 435.0
1069270 435.0
1069280 435.1
1069290 435.1
1069300 435.1
1069310 435.2
1069320 435.2
1069330 435.2
1069340 435.2
1069350 435.2
1069360 435.2
1069370 435.3
1069380 435.3
1069390 435.3
1069400 435.3
1069410 435.4
1069420 435.5
1069430 435.5
1069440 435.5
1069450 435.5
1069460 435.5
1069470 435.5
1069480 435.6
1069490 435.6
1069500 435.7
1069510 435.7
1069520 435.7
1069530 435.8
1069540 435.8
1069550 435.8
1069560 435.8
1069570 435.9
1069580 435.9
1069590 436.0
1069600 436.0
1069610 436.0
1069620 436.1
1069630 436.1
1069640 436.1
1069650 436.2
1069660 436.2
1069670 436.2
1069680 436.2
1069690 436.3
1069700 436.3
1069710 436.3
1069720 436.3
1069730 436.4
1069740 436.4
1069750 436.5
1069760 436.6
1069770 436.6
1069780 436.7
1069790 436.9
1069800 436.9
1069810 436.9
1069820 437.0
1069830 437.0
1069840 437.0
1069850 437.1
1069860 437.1
1069870 437.1
1069880 437.3
1069890 437.3
1069900 437.4
1069910 437.6
1069920 437.6
1069930 437.7
1069940 438.0
1069950 438.0
1069960 438.1
1069970 438.1
1069980 438.0
1069990 438.0
1070000 438.1
1070010 438.1
1070020 438.1
1070030 438.5
1070040 438.5
1070050 438.5
1070060 438.6
1070070 438.7
1070080 438.7
1070090 438.8
1070100 439.0
1070110 439.0
1070120 439.1
1070130 439.3
1070140 439.3
1070150 439.4
1070160 439.6
1070170 439.6
1070180 439.8
1070190 439.9
1070200 439.9
1070210 440.1
1070220 440.0
1070230 440.0
1070240 440.0
1070250 440.0
1070260 440.1
1070270 440.1
1070280 440.3
1070290 440.4
1070300 440.4
1070310 440.4
1070320 440.5
1070330 440.5
1070340 440.6
1070350 440.6
1070360 440.6
1070370 440.7
1070380 440.6
1070390 440.6
1070400 440.6
1070410 440.7
1070420 440.7
1070430 440.8
1070440 440.9
1070450 440.9
1070460 441.0
1070470 441.0
1070480 441.0
1070490 441.0
1070500 441.1
1070510 441.1
1070520 441.2
1070530 441.2
1070540 441.3
1070550 441.3
1070560 441.4
1070570 441.6
1070580 441.6
1070590 441.7
1070600 441.8
1070610 441.8
1070620 441.8
1070630 441.8
1070640 441.9
1070650 441.9
1070660 441.9
1070670 441.9
1070680 441.9
1070690 441.9
1070700 441.9
1070710 442.0
1070720 442.2
1070730 442.2
1070740 442.2
1070750 442.3
1070760 442.3
1070770 442.4
1070780 442.4
1070790 442.4
1070800 442.5
1070810 442.6
1070820 442.7
1070830 442.7
1070840 442.8
1070850 443.7
1070860 443.7
1070870 443.4
1070880 443.0
1070890 443.0
1070900 443.0
1070910 443.2
1070920 443.2
1070930 443.3
1070940 445.6
1070950 445.3
1070960 447.7
1070970 447.6
1070980 447.6
1070990 447.3
1071000 447.3
1071010 447.3
1071020 447.8
1071030 448.3
1071040 448.3
1071050 448.6
1071060 449.4
1071070 449.4
1071080 449.1
1071090 446.8
1071100 445.5
1071110 445.5
1071120 445.7
1071130 448.9
1071140 448.9
1071150 449.0
1071160 447.1
1071170 447.1
1071180 446.9
1071190 446.7
1071200 446.7
1071210 446.7
1071220 446.8
1071230 446.8
1071240 446.7
1071250 446.6
1071260 446.8
1071270 446.6
1071280 446.6
1071290 446.6
1071300 446.5
1071310 446.6
1071320 446.6
1071330 446.6
1071340 446.5
1071350 446.5
1071360 446.5
1071370 446.4
1071380 446.4
1071390 446.4
1071400 446.4
1071410 446.2
1071420 446.2
1071430 446.3
1071440 447.9
1071450 447.9
1071460 451.2
1071470 452.2
1071480 452.2
1071490 452.2
1071500 452.1
1071510 452.1
1071520 448.3
1071530 445.6
1071540 445.6
1071550 445.4
1071560 445.9
1071570 445.6
1071580 446.3
1071590 446.8
1071600 446.8
1071610 446.7
1071620 446.6
1071630 446.6
1071640 446.8
1071650 446.8
1071660 446.8
1071670 447.0
1071680 447.2
1071690 447.4
1071700 447.4
1071710 447.5
1071720 447.6
1071730 447.6
1071740 447.4
1071750 447.4
1071760 447.4
1071770 447.5
1071780 447.6
1071790 447.6
1071800 447.6
1071810 447.6
1071820 447.6
1071830 447.7
1071840 447.8
1071850 447.8
1071860 447.9
1071870 448.1
1071880 448.0
1071890 448.2
1071900 448.4
1071910 448.4
1071920 448.6
1071930 448.8
1071940 448.8
1071950 449.2
1071960 449.3
1071970 449.2
1071980 449.2
1071990 449.3
1072000 449.5
1072010 449.5
1072020 449.6
1072030 449.7
1072040 449.7
1072050 449.8
1072060 449.9
1072070 449.9
1072080 450.1
1072090 450.3
1072100 450.3
1072110 450.4
1072120 450.5
1072130 450.5
1072140 450.6
1072150 450.6
1072160 450.6
1072170 450.6
1072180 450.7
1072190 450.7
1072200 450.9
1072210 451.1
1072220 451.1
1072230 451.3
1072240 451.3
1072250 451.3
1072260 451.3
1072270 451.5
1072280 451.8
1072290 451.8
1072300 452.1
1072310 452.3
1072320 452.3
1072330 452.3
1072340 452.5
1072350 452.5
1072360 452.6
1072370 453.0
1072380 453.0
1072390 454.3
1072400 453.9
1072410 453.9
1072420 453.5
1072430 453.4
1072440 453.4
1072450 453.5
1072460 453.7
1072470 453.7
1072480 453.8
1072490 454.1
1072500 454.1
1072510 454.2
1072520 454.5
1072530 454.5
1072540 454.5
1072550 454.6
1072560 454.8
1072570 454.8
1072580 455.0
1072590 455.1
1072600 455.1
1072610 455.3
1072620 455.4
1072630 455.4
1072640 455.5
1072650 455.8
1072660 455.8
1072670 456.0
1072680 456.2
1072690 456.2
1072700 456.4
1072710 456.5
1072720 456.5
1072730 456.6
1072740 456.7
1072750 456.7
1072760 456.9
1072770 457.1
1072780 457.1
1072790 457.3
1072800 457.6
1072810 457.8
1072820 457.8
1072830 458.0
1072840 458.2
1072850 458.2
1072860 458.3
1072870 458.4
1072880 458.4
1072890 458.6
1072900 458.8
1072910 458.8
1072920 459.1
1072930 459.6
1072940 459.6
1072950 459.7
1072960 459.6
1072970 459.6
1072980 459.6
1072990 460.0
1073000 460.0
1073010 460.2
1073020 460.5
1073030 460.5
1073040 460.8
1073050 461.2
1073060 461.2
1073070 460.8
1073080 460.5
1073090 460.1
1073100 460.1
1073110 460.0
1073120 460.3
1073130 460.3
1073140 460.7
1073150 460.9
1073160 460.9
1073170 461.0
1073180 461.0
1073190 461.0
1073200 461.2
1073210 461.4
1073220 461.4
1073230 461.4
1073240 460.7
1073250 460.7
1073260 460.8
1073270 460.8
1073280 460.8
1073290 460.9
1073300 461.1
1073310 461.1
1073320 461.4
1073330 461.7
1073340 461.7
1073350 462.1
1073360 462.4
1073370 462.6
1073380 462.6
1073390 462.7
1073400 462.6
1073410 462.6
1073420 462.8
1073430 463.1
1073440 463.1
1073450 464.0
1073460 464.3
1073470 464.3
1073480 464.6
1073490 464.6
1073500 464.6
1073510 464.8
1073520 464.9
1073530 464.9
1073540 465.2
1073550 465.6
1073560 465.6
1073570 465.8
1073580 465.8
1073590 465.8
1073600 465.9
1073610 466.0
1073620 466.0
1073630 466.1
1073640 466.2
1073650 466.3
1073660 466.3
1073670 466.3
1073680 466.4
1073690 466.4
1073700 466.5
1073710 466.8
1073720 466.8
1073730 467.0
1073740 467.2
1073750 467.2
1073760 467.5
1073770 467.7
1073780 467.7
1073790 467.5
1073800 467.5
1073810 467.5
1073820 467.6
1073830 467.7
1073840 467.7
1073850 467.9
1073860 468.0
1073870 468.0
1073880 468.2
1073890 468.3
1073900 468.3
1073910 468.5
1073920 468.6
1073930 468.6
1073940 468.6
1073950 468.6
1073960 468.8
1073970 468.8
1073980 469.1
1073990 469.2
1074000 469.2
1074010 469.5
1074020 469.6
1074030 469.6
1074040 469.8
1074050 470.1
1074060 470.1
1074070 470.1
1074080 470.1
1074090 470.1
1074100 470.1
1074110 470.1
1074120 470.1
1074130 470.2
1074140 470.4
1074150 470.4
1074160 470.3
1074170 470.3
1074180 470.3
1074190 470.6
1074200 471.3
1074210 471.4
1074220 471.4
1074230 471.3
1074240 471.2
1074250 471.2
1074260 471.2
1074270 471.4
1074280 471.4
1074290 471.9
1074300 472.6
1074310 472.6
1074320 471.9
1074330 471.6
1074340 471.6
1074350 472.0
1074360 472.9
1074370 472.9
1074380 473.1
1074390 472.2
1074400 472.2
1074410 472.0
1074420 472.3
1074430 472.3
1074440 472.8
1074450 473.1
1074460 473.1
1074470 473.5
1074480 475.0
1074490 475.0
1074500 477.5
1074510 482.2
1074520 485.6
1074530 485.6
1074540 488.3
1074550 492.5
1074560 492.5
1074570 497.3
1074580 502.7
1074590 502.7
1074600 508.5
1074610 514.1
1074620 514.1
1074630 519.9
1074640 526.8
1074650 526.8
1074660 532.7
1074670 538.5
1074680 538.5
1074690 544.2
1074700 547.3
1074710 547.3
1074720 547.2
1074730 547.1
1074740 547.1
1074750 547.2
1074760 547.5
1074770 547.5
1074780 548.1
1074790 549.5
1074800 551.9
1074810 551.9
1074820 554.2
1074830 556.4
1074840 556.4
1074850 558.6
1074860 560.3
1074870 560.3
1074880 561.0
1074890 561.5
1074900 561.5
1074910 562.0
1074920 562.3
1074930 562.3
1074940 562.2
1074950 561.3
1074960 561.3
1074970 559.2
1074980 556.5
1074990 556.5
1075000 555.9
1075010 556.9
1075020 556.9
1075030 557.5
1075040 557.8
1075050 557.8
1075060 557.6
1075070 557.3
1075080 557.8
1075090 557.8
1075100 558.7
1075110 561.2
1075120 561.2
1075130 564.9
1075140 567.0
1075150 567.0
1075160 568.6
1075170 570.3
1075180 570.3
1075190 573.6
1075200 578.9
1075210 578.9
1075220 587.6
1075230 598.3
1075240 598.3
1075250 606.3
1075260 612.1
1075270 612.1
1075280 617.7
1075290 623.7
1075300 623.7
1075310 630.2
1075320 635.4
1075330 635.4
1075340 636.8
1075350 639.0
1075360 640.9
1075370 640.9
1075380 642.0
1075390 642.0
1075400 642.0
1075410 641.7
1075420 641.4
1075430 641.4
1075440 641.6
1075450 641.9
1075460 641.9
1075470 641.4
1075480 640.5
1075490 640.5
1075500 639.9
1075510 640.7
1075520 640.7
1075530 642.2
1075540 643.6
1075550 643.6
1075560 643.1
1075570 641.8
1075580 641.8
1075590 640.7
1075600 638.9
1075610 638.9
1075620 638.1
1075630 637.3
1075640 636.7
1075650 636.7
1075660 636.3
1075670 636.1
1075680 636.1
1075690 635.9
1075700 635.6
1075710 635.6
1075720 635.6
1075730 635.9
1075740 635.9
1075750 636.2
1075760 636.2
1075770 636.2
1075780 635.4
1075790 633.7
1075800 633.7
1075810 632.3
1075820 630.4
1075830 630.4
1075840 629.4
1075850 629.4
1075860 629.4
1075870 629.7
1075880 629.9
1075890 629.9
1075900 630.2
1075910 628.5
1075920 628.7
1075930 628.7
1075940 628.5
1075950 627.9
1075960 627.9
1075970 627.4
1075980 626.3
1075990 626.3
1076000 625.3
1076010 625.0
1076020 625.0
1076030 624.2
1076040 623.6
1076050 623.6
1076060 623.4
1076070 623.6
1076080 623.6
1076090 624.6
1076100 626.0
1076110 626.0
1076120 627.4
1076130 629.1
1076140 629.1
1076150 631.3
1076160 634.5
1076170 634.5
1076180 636.7
1076190 638.0
1076200 638.2
1076210 638.2
1076220 637.6
1076230 638.1
1076240 638.1
1076250 638.1
1076260 638.3
1076270 638.3
1076280 635.2
1076290 630.5
1076300 630.5
1076310 627.4
1076320 624.4
1076330 624.4
1076340 624.7
1076350 624.0
1076360 624.0
1076370 620.1
1076380 613.6
1076390 613.6
1076400 600.2
1076410 592.5
1076420 592.5
1076430 585.3
1076440 569.8
1076450 569.8
1076460 547.8
1076470 540.2
1076480 535.1
1076490 535.1
1076500 531.6
1076510 531.7
1076520 531.7
1076530 532.6
1076540 541.8
1076550 541.8
1076560 538.9
1076570 536.5
1076580 536.5
1076590 540.0
1076600 546.1
1076610 546.1
1076620 550.1
1076630 550.0
1076640 550.0
1076650 549.2
1076660 548.6
1076670 548.6
1076680 548.8
1076690 548.7
1076700 548.7
1076710 548.9
1076720 548.1
1076730 548.1
1076740 548.5
1076750 550.1
1076760 551.7
1076770 551.7
1076780 553.4
1076790 555.1
1076800 555.1
1076810 556.3
1076820 557.0
1076830 557.0
1076840 552.4
1076850 553.9
1076860 553.9
1076870 555.4
1076880 557.0
1076890 557.0
1076900 559.8
1076910 562.8
1076920 562.8
1076930 562.4
1076940 563.9
1076950 563.9
1076960 567.0
1076970 569.9
1076980 569.9
1076990 571.3
1077000 573.2
1077010 573.2
1077020 574.9
1077030 575.7
1077040 576.4
1077050 576.4
1077060 576.9
1077070 576.4
1077080 576.4
1077090 577.6
1077100 581.6
1077110 581.6
1077120 585.0
1077130 580.6
1077140 580.6
1077150 576.5
1077160 565.8
1077170 565.8
1077180 560.7
1077190 558.1
1077200 558.1
1077210 555.4
1077220 553.5
1077230 553.5
1077240 552.7
1077250 553.2
1077260 553.2
1077270 555.0
1077280 554.5
1077290 554.5
1077300 554.5
1077310 554.8
1077320 554.8
1077330 557.3
1077340 560.1
1077350 565.6
1077360 565.6
1077370 575.2
1077380 586.6
1077390 586.6
1077400 598.4
1077410 605.6
1077420 605.6
1077430 612.2
1077440 610.8
1077450 610.8
1077460 600.1
1077470 587.0
1077480 587.0
1077490 572.7
1077500 564.2
1077510 564.2
1077520 565.6
1077530 569.9
1077540 569.9
1077550 576.3
1077560 595.9
1077570 595.9
1077580 606.1
1077590 607.1
1077600 607.1
1077610 606.4
1077620 606.5
1077630 607.7
1077640 607.7
1077650 609.3
1077660 612.3
1077670 612.3
1077680 613.0
1077690 613.2
1077700 613.2
1077710 613.2
1077720 613.2
1077730 613.2
1077740 613.8
1077750 612.0
1077760 612.0
1077770 611.5
1077780 605.4
1077790 605.4
1077800 604.5
1077810 601.8
1077820 601.8
1077830 598.2
1077840 591.8
1077850 591.8
1077860 588.8
1077870 592.4
1077880 592.4
1077890 598.7
1077900 606.5
1077910 612.1
1077920 612.1
1077930 608.4
1077940 604.9
1077950 604.9
1077960 601.5
1077970 598.8
1077980 598.8
1077990 597.0
1078000 605.9
1078010 605.9
1078020 619.7
1078030 628.0
1078040 628.0
1078050 632.6
1078060 637.1
1078070 637.1
1078080 651.0
1078090 661.1
1078100 667.7
1078110 679.4
1078120 685.4
1078130 685.4
1078140 686.1
1078150 690.1
1078160 690.1
1078170 700.0
1078180 710.9
1078190 724.1
1078200 724.1
1078210 728.6
1078220 734.3
1078230 734.3
1078240 738.3
1078250 742.2
1078260 742.2
1078270 747.1
1078280 750.4
1078290 750.4
1078300 753.7
1078310 756.8
1078320 756.8
1078330 761.6
1078340 766.0
1078350 766.0
1078360 768.5
1078370 769.8
1078380 769.8
1078390 770.8
1078400 771.4
1078410 771.5
1078420 772.0
1078430 772.2
1078440 772.2
1078450 772.2
1078460 772.1
1078470 772.1
1078480 772.1
1078490 772.0
1078500 772.0
1078510 772.0
1078520 772.0
1078530 773.0
1078540 773.0
1078550 775.0
1078560 776.8
1078570 776.8
1078580 778.0
1078590 778.8
1078600 778.8
1078610 779.6
1078620 779.5
1078630 779.5
1078640 778.3
1078650 777.3
1078660 777.3
1078670 776.7
1078680 776.0
1078690 776.0
1078700 774.8
1078710 772.6
1078720 772.4
1078730 769.6
1078740 765.0
1078750 757.6
1078760 757.6
1078770 748.9
1078780 740.6
1078790 740.6
1078800 735.0
1078810 737.4
1078820 737.4
1078830 741.6
1078840 746.5
1078850 746.5
1078860 751.1
1078870 758.6
1078880 758.6
1078890 768.0
1078900 777.4
1078910 777.4
1078920 782.2
1078930 787.1
1078940 787.1
1078950 793.2
1078960 797.9
1078970 797.9
1078980 801.0
1078990 804.5
1079000 804.5
1079010 808.8
1079020 813.0
1079030 814.5
1079040 815.1
1079050 813.9
1079060 814.3
1079070 814.3
1079080 815.7
1079090 817.1
1079100 817.1
1079110 818.4
1079120 819.6
1079130 819.6
1079140 821.1
1079150 821.8
1079160 821.8
1079170 823.2
1079180 824.8
1079190 824.8
1079200 826.3
1079210 825.9
1079220 825.9
1079230 826.0
1079240 826.0
1079250 826.0
1079260 826.0
1079270 828.1
1079280 828.1
1079290 831.3
1079300 835.3
1079310 837.6
1079320 837.6
1079330 839.1
1079340 841.6
1079350 846.2
1079360 851.1
1079370 860.1
1079380 860.1
1079390 869.3
1079400 876.4
1079410 876.4
1079420 882.3
1079430 887.0
1079440 887.0
1079450 890.3
1079460 894.2
1079470 894.2
1079480 897.2
1079490 904.5
1079500 904.5
1079510 911.9
1079520 917.2
1079530 917.2
1079540 921.7
1079550 925.5
1079560 925.5
1079570 930.4
1079580 937.2
1079590 943.0
1079600 943.0
1079610 947.3
1079620 951.0
1079630 951.0
1079640 953.6
1079650 960.7
1079660 960.7
1079670 970.1
1079680 975.0
1079690 975.0
1079700 979.6
1079710 983.8
1079720 983.8
1079730 987.9
1079740 992.4
1079750 992.4
1079760 996.2
1079770 1000.8
1079780 1000.8
1079790 1004.0
1079800 1007.6
1079810 1007.6
1079820 1010.1
1079830 1012.7
1079840 1012.7
1079850 1016.2
1079860 1020.5
1079870 1023.7
1079880 1023.7
1079890 1026.9
1079900 1029.3
1079910 1029.3
1079920 1031.5
1079930 1033.5
1079940 1033.5
1079950 1034.6
1079960 1035.1
1079970 1035.1
1079980 1040.8
1079990 1041.9
