1063410 425.5
1063420 425.6
1063430 425.7
1063440 425.7
1063450 426.9
1063460 428.5
1063470 428.5
1063480 429.8
1063490 429.6
1063500 429.6
1063510 429.3
1063520 428.9
1063530 428.9
1063540 429.3
1063550 431.6
1063560 431.6
1063570 431.6
1063580 427.7
1063590 427.7
1063600 425.7
1063610 422.5
1063620 422.5
1063630 421.3
1063640 421.3
1063650 421.3
1063660 421.3
1063670 421.5
1063680 421.5
1063690 421.9
1063700 422.1
1063710 422.1
1063720 422.1
1063730 422.1
1063740 421.9
1063750 421.9
1063760 421.3
1063770 421.1
1063780 421.1
1063790 420.9
1063800 423.0
1063810 423.0
1063820 426.3
1063830 427.9
1063840 427.9
1063850 427.9
1063860 427.7
1063870 427.7
1063880 427.5
1063890 427.3
1063900 427.3
1063910 426.8
1063920 426.1
1063930 426.1
1063940 423.6
1063950 423.3
1063960 423.3
1063970 423.3
1063980 423.2
1063990 424.6
1064000 424.6
1064010 427.2
1064020 427.8
1064030 427.8
1064040 427.6
1064050 425.1
1064060 425.7
1064070 424.2
1064080 426.9
1064090 426.9
1064100 429.4
1064110 431.5
1064120 431.5
1064130 427.3
1064140 425.8
1064150 425.8
1064160 426.0
1064170 426.0
1064180 426.0
1064190 425.8
1064200 425.9
1064210 425.9
1064220 425.9
1064230 426.0
1064240 426.0
1064250 425.9
1064260 425.5
1064270 425.4
1064280 425.4
1064290 425.5
1064300 425.5
1064310 425.5
1064320 425.4
1064330 425.3
1064340 425.3
1064350 425.3
1064360 425.6
1064370 425.6
1064380 425.6
1064390 425.5
1064400 425.5
1064410 425.5
1064420 425.5
1064430 425.5
1064440 425.5
1064450 425.5
1064460 425.5
1064470 425.4
1064480 425.4
1064490 425.4
1064500 425.4
1064510 425.5
1064520 425.5
1064530 425.1
1064540 425.1
1064550 425.4
1064560 425.4
1064570 425.3
1064580 425.4
1064590 425.4
1064600 425.4
1064610 425.3
1064620 425.3
1064630 425.3
1064640 425.3
1064650 425.3
1064660 425.4
1064670 425.2
1064680 425.2
1064690 425.3
1064700 425.3
1064710 425.3
1064720 425.2
1064730 425.2
1064740 425.2
1064750 425.2
1064760 425.1
1064770 425.1
1064780 425.3
1064790 425.1
1064800 425.1
1064810 425.1
1064820 425.1
1064830 425.0
1064840 425.0
1064850 424.7
1064860 424.5
1064870 424.5
1064880 424.7
1064890 426.1
1064900 426.1
1064910 426.0
1064920 424.6
1064930 424.6
1064940 424.8
1064950 424.7
1064960 424.7
1064970 424.6
1064980 424.6
1064990 424.6
1065000 424.5
1065010 424.5
1065020 424.5
1065030 424.4
1065040 424.3
1065050 424.3
1065060 424.2
1065070 424.2
1065080 424.2
1065090 424.3
1065100 424.4
1065110 424.4
1065120 424.3
1065130 424.4
1065140 424.5
1065150 424.5
1065160 424.5
1065170 424.6
1065180 424.6
1065190 424.7
1065200 423.6
1065210 423.6
1065220 424.8
1065230 424.5
1065240 424.5
1065250 424.3
1065260 424.3
1065270 424.3
1065280 424.3
1065290 424.3
1065300 424.3
1065310 424.4
1065320 424.3
1065330 424.3
1065340 424.3
1065350 424.3
1065360 424.3
1065370 424.3
1065380 424.3
1065390 424.3
1065400 424.3
1065410 424.3
1065420 424.4
1065430 424.4
1065440 424.4
1065450 424.5
1065460 424.5
1065470 424.5
1065480 424.6
1065490 424.6
1065500 424.6
1065510 424.6
1065520 424.6
1065530 424.6
1065540 424.6
1065550 424.6
1065560 424.6
1065570 424.6
1065580 424.6
1065590 424.7
1065600 424.7
1065610 424.7
1065620 424.7
1065630 424.7
1065640 424.7
1065650 424.7
1065660 424.8
1065670 424.8
1065680 424.9
1065690 425.0
1065700 424.9
1065710 424.9
1065720 424.8
1065730 424.8
1065740 424.8
1065750 424.9
1065760 424.9
1065770 424.9
1065780 424.9
1065790 424.7
1065800 424.7
1065810 424.8
1065820 424.8
1065830 424.8
1065840 424.8
1065850 424.7
1065860 424.7
1065870 424.7
1065880 425.4
1065890 425.4
1065900 426.1
1065910 425.5
1065920 425.5
1065930 424.6
1065940 424.6
1065950 424.6
1065960 424.7
1065970 424.7
1065980 424.7
1065990 424.7
1066000 424.8
1066010 424.7
1066020 424.7
1066030 424.6
1066040 424.9
1066050 424.9
1066060 424.8
1066070 424.9
1066080 424.9
1066090 424.9
1066100 424.8
1066110 424.8
1066120 424.8
1066130 424.8
1066140 424.8
1066150 424.8
1066160 425.1
1066170 425.1
1066180 425.5
1066190 425.4
1066200 425.4
1066210 425.4
1066220 425.4
1066230 425.4
1066240 425.4
1066250 425.6
1066260 425.7
1066270 425.7
1066280 425.8
1066290 425.9
1066300 425.9
1066310 426.0
1066320 426.1
1066330 426.1
1066340 426.2
1066350 426.5
1066360 426.5
1066370 426.2
1066380 425.8
1066390 425.8
1066400 425.7
1066410 425.6
1066420 425.6
1066430 425.6
1066440 425.7
1066450 425.7
1066460 425.7
1066470 425.5
1066480 425.5
1066490 425.6
1066500 425.7
1066510 425.7
1066520 425.9
1066530 425.9
1066540 425.8
1066550 425.8
1066560 425.6
1066570 425.6
1066580 425.6
1066590 425.5
1066600 425.3
1066610 425.3
1066620 425.3
1066630 425.4
1066640 425.4
1066650 425.5
1066660 425.6
1066670 425.6
1066680 425.7
1066690 425.5
1066700 425.5
1066710 425.3
1066720 425.6
1066730 425.6
1066740 425.6
1066750 425.5
1066760 425.5
1066770 425.4
1066780 425.5
1066790 425.3
1066800 425.3
1066810 425.3
1066820 425.3
1066830 425.3
1066840 425.3
1066850 425.3
1066860 425.3
1066870 425.4
1066880 425.5
1066890 425.5
1066900 426.2
1066910 426.5
1066920 426.5
1066930 426.2
1066940 426.4
1066950 426.4
1066960 426.4
1066970 425.8
1066980 425.8
1066990 426.1
1067000 426.2
1067010 426.2
1067020 425.8
1067030 426.6
1067040 426.6
1067050 426.5
1067060 425.8
1067070 425.8
1067080 425.6
1067090 425.7
1067100 425.6
1067110 426.2
1067120 427.9
1067130 428.0
1067140 428.0
1067150 427.8
1067160 427.1
1067170 427.1
1067180 426.9
1067190 427.4
1067200 427.4
1067210 427.8
1067220 427.5
1067230 427.5
1067240 427.1
1067250 427.0
1067260 427.0
1067270 427.1
1067280 427.2
1067290 427.2
1067300 427.3
1067310 427.3
1067320 427.3
1067330 427.3
1067340 427.4
1067350 427.4
1067360 427.4
1067370 427.5
1067380 427.5
1067390 427.6
1067400 428.2
1067410 428.0
1067420 428.0
1067430 427.7
1067440 427.6
1067450 427.6
1067460 427.5
1067470 427.4
1067480 427.4
1067490 427.5
1067500 427.4
1067510 427.4
1067520 427.5
1067530 427.6
1067540 427.6
1067550 427.6
1067560 427.6
1067570 427.6
1067580 427.6
1067590 427.7
1067600 427.7
1067610 427.6
1067620 427.6
1067630 427.6
1067640 427.7
1067650 427.8
1067660 427.8
1067670 427.8
1067680 427.9
1067690 427.9
1067700 427.9
1067710 427.9
1067720 428.1
1067730 428.1
1067740 428.1
1067750 428.1
1067760 428.1
1067770 428.0
1067780 428.0
1067790 428.0
1067800 428.1
1067810 428.2
1067820 428.2
1067830 428.2
1067840 428.2
1067850 428.2
1067860 428.3
1067870 428.4
1067880 428.4
1067890 428.3
1067900 428.4
1067910 428.4
1067920 428.2
1067930 428.3
1067940 428.3
1067950 428.6
1067960 428.3
1067970 428.4
1067980 428.4
1067990 428.7
1068000 428.9
1068010 428.9
1068020 428.8
1068030 429.0
1068040 429.0
1068050 429.1
1068060 429.2
1068070 429.2
1068080 429.3
1068090 429.4
1068100 429.4
1068110 429.5
1068120 429.6
1068130 429.6
1068140 429.6
1068150 429.6
1068160 429.6
1068170 429.5
1068180 429.4
1068190 429.4
1068200 429.4
1068210 429.5
1068220 429.5
1068230 429.6
1068240 429.7
1068250 429.7
1068260 429.7
1068270 429.8
1068280 429.9
1068290 429.9
1068300 430.1
1068310 430.3
1068320 430.3
1068330 430.4
1068340 430.6
1068350 430.6
1068360 430.7
1068370 430.8
1068380 430.8
1068390 430.9
1068400 431.1
1068410 431.1
1068420 431.1
1068430 431.1
1068440 431.1
1068450 431.0
1068460 431.0
1068470 431.0
1068480 431.1
1068490 431.2
1068500 431.2
1068510 431.4
1068520 431.6
1068530 431.8
1068540 431.8
1068550 431.7
1068560 431.8
1068570 431.8
1068580 431.9
1068590 431.9
1068600 431.9
1068610 431.8
1068620 431.7
1068630 431.8
1068640 431.9
1068650 432.0
1068660 432.0
1068670 432.1
1068680 432.2
1068690 432.2
1068700 432.3
1068710 432.5
1068720 432.5
1068730 432.4
1068740 432.4
1068750 432.4
1068760 432.5
1068770 432.6
1068780 432.6
1068790 432.7
1068800 432.8
1068810 432.8
1068820 432.8
1068830 432.9
1068840 432.9
1068850 432.9
1068860 432.9
1068870 433.0
1068880 433.0
1068890 433.1
1068900 433.3
1068910 433.3
1068920 433.2
1068930 433.2
1068940 433.2
1068950 433.4
1068960 433.3
1068970 433.3
1068980 433.4
1068990 433.5
1069000 433.5
1069010 433.6
1069020 433.7
1069030 433.7
1069040 433.7
1069050 433.5
1069060 433.5
1069070 433.5
1069080 433.7
1069090 434.0
1069100 434.0
1069110 434.0
1069120 434.0
1069130 434.0
1069140 433.9
1069150 433.9
1069160 433.9
1069170 434.0
1069180 434.1
1069190 434.1
1069200 434.1
1069210 434.0
1069220 434.0
1069230 434.1
1069240 434.3
1069250 434.3
1069260 434.6
1069270 434.9
1069280 434.9
1069290 435.0
1069300 435.0
1069310 435.0
1069320 435.1
1069330 434.9
1069340 434.9
1069350 434.9
1069360 434.8
1069370 434.8
1069380 434.8
1069390 435.2
1069400 436.2
1069410 436.2
1069420 435.2
1069430 435.2
1069440 435.2
1069450 435.4
1069460 435.6
1069470 435.6
1069480 435.6
1069490 435.7
1069500 435.7
1069510 435.7
1069520 435.8
1069530 435.8
1069540 435.7
1069550 435.9
1069560 435.9
1069570 435.9
1069580 435.9
1069590 435.9
1069600 436.0
1069610 436.1
1069620 436.1
1069630 436.2
1069640 436.3
1069650 436.3
1069660 436.4
1069670 436.4
1069680 436.5
1069690 436.5
1069700 436.5
1069710 436.6
1069720 436.6
1069730 436.6
1069740 436.6
1069750 436.6
1069760 436.6
1069770 436.7
1069780 436.7
1069790 436.8
1069800 436.8
1069810 436.8
1069820 436.9
1069830 437.0
1069840 437.0
1069850 437.2
1069860 437.2
1069870 437.2
1069880 437.3
1069890 437.4
1069900 437.4
1069910 437.6
1069920 437.7
1069930 437.7
1069940 437.8
1069950 437.9
1069960 438.1
1069970 438.1
1069980 438.2
1069990 438.3
1070000 438.3
1070010 438.4
1070020 438.6
1070030 438.6
1070040 438.7
1070050 438.8
1070060 438.8
1070070 439.0
1070080 439.2
1070090 439.2
1070100 439.4
1070110 439.5
1070120 439.5
1070130 439.5
1070140 439.6
1070150 439.6
1070160 439.6
1070170 439.6
1070180 439.6
1070190 439.6
1070200 439.7
1070210 439.7
1070220 439.8
1070230 439.8
1070240 439.8
1070250 439.8
1070260 439.8
1070270 439.8
1070280 439.8
1070290 439.8
1070300 439.9
1070310 439.9
1070320 439.9
1070330 439.8
1070340 439.8
1070350 439.9
1070360 440.0
1070370 440.0
1070380 440.1
1070390 440.1
1070400 440.1
1070410 440.2
1070420 440.2
1070430 440.2
1070440 440.3
1070450 440.4
1070460 440.4
1070470 440.6
1070480 440.7
1070490 440.7
1070500 440.7
1070510 440.8
1070520 440.9
1070530 440.9
1070540 441.0
1070550 441.3
1070560 441.3
1070570 441.6
1070580 441.8
1070590 441.8
1070600 441.9
1070610 441.9
1070620 441.9
1070630 441.9
1070640 441.8
1070650 441.8
1070660 441.8
1070670 441.8
1070680 441.8
1070690 441.9
1070700 442.1
1070710 442.1
1070720 442.5
1070730 442.6
1070740 442.6
1070750 442.9
1070760 442.7
1070770 442.7
1070780 445.1
1070790 445.6
1070800 445.7
1070810 445.7
1070820 446.4
1070830 446.9
1070840 446.9
1070850 447.1
1070860 448.1
1070870 448.1
1070880 448.5
1070890 448.6
1070900 448.6
1070910 448.6
1070920 448.7
1070930 448.7
1070940 448.8
1070950 448.7
1070960 448.7
1070970 448.7
1070980 449.0
1070990 449.0
1071000 449.1
1071010 448.2
1071020 448.2
1071030 445.4
1071040 444.9
1071050 444.9
1071060 445.4
1071070 448.4
1071080 447.8
1071090 448.8
1071100 446.8
1071110 446.1
1071120 446.1
1071130 446.0
1071140 446.0
1071150 446.0
1071160 446.0
1071170 446.0
1071180 446.0
1071190 446.0
1071200 446.1
1071210 446.1
1071220 446.0
1071230 446.0
1071240 446.0
1071250 446.1
1071260 446.0
1071270 446.0
1071280 445.8
1071290 445.6
1071300 445.6
1071310 445.5
1071320 445.4
1071330 445.4
1071340 444.8
1071350 444.4
1071360 444.4
1071370 444.2
1071380 444.0
1071390 444.0
1071400 444.0
1071410 444.5
1071420 445.2
1071430 445.2
1071440 446.1
1071450 447.5
1071460 447.5
1071470 449.3
1071480 450.1
1071490 450.1
1071500 448.4
1071510 446.7
1071520 446.7
1071530 446.0
1071540 445.8
1071550 445.8
1071560 445.7
1071570 445.8
1071580 445.8
1071590 445.8
1071600 445.9
1071610 445.9
1071620 446.1
1071630 446.3
1071640 446.3
1071650 446.4
1071660 446.4
1071670 446.4
1071680 446.4
1071690 446.4
1071700 446.5
1071710 446.5
1071720 446.6
1071730 446.7
1071740 446.7
1071750 446.8
1071760 447.0
1071770 447.0
1071780 447.2
1071790 447.5
1071800 447.5
1071810 447.7
1071820 447.8
1071830 447.8
1071840 447.9
1071850 448.0
1071860 448.0
1071870 448.2
1071880 448.4
1071890 448.4
1071900 448.6
1071910 448.7
1071920 448.7
1071930 448.8
1071940 448.9
1071950 449.0
1071960 449.0
1071970 449.1
1071980 449.2
1071990 449.2
1072000 449.3
1072010 449.6
1072020 449.6
1072030 449.6
1072040 449.7
1072050 449.7
1072060 449.8
1072070 449.9
1072080 449.9
1072090 449.9
1072100 450.0
1072110 450.0
1072120 450.2
1072130 450.1
1072140 450.1
1072150 450.2
1072160 450.3
1072170 450.3
1072180 450.5
1072190 450.6
1072200 450.6
1072210 450.8
1072220 451.7
1072230 452.2
1072240 452.2
1072250 451.5
1072260 451.4
1072270 451.4
1072280 451.5
1072290 451.5
1072300 451.5
1072310 451.7
1072320 452.1
1072330 452.1
1072340 453.5
1072350 453.2
1072360 453.2
1072370 452.5
1072380 452.5
1072390 452.5
1072400 452.4
1072410 452.6
1072420 452.6
1072430 452.9
1072440 453.0
1072450 453.0
1072460 453.0
1072470 453.2
1072480 453.2
1072490 453.3
1072500 453.3
1072510 453.4
1072520 453.4
1072530 453.6
1072540 453.8
1072550 453.8
1072560 454.0
1072570 454.4
1072580 454.4
1072590 454.6
1072600 454.7
1072610 454.7
1072620 454.9
1072630 455.2
1072640 455.2
1072650 455.4
1072660 455.5
1072670 455.5
1072680 455.6
1072690 455.8
1072700 455.8
1072710 456.0
1072720 456.2
1072730 456.2
1072740 456.3
1072750 456.4
1072760 456.4
1072770 456.4
1072780 456.5
1072790 456.5
1072800 456.5
1072810 456.8
1072820 457.0
1072830 457.0
1072840 457.5
1072850 457.9
1072860 457.9
1072870 458.3
1072880 458.3
1072890 458.3
1072900 458.1
1072910 458.1
1072920 458.1
1072930 458.3
1072940 458.4
1072950 458.4
1072960 458.5
1072970 458.7
1072980 458.7
1072990 458.8
1073000 458.8
1073010 458.8
1073020 459.6
1073030 459.8
1073040 459.8
1073050 459.3
1073060 460.3
1073070 460.1
1073080 460.1
1073090 459.9
1073100 461.2
1073110 461.2
1073120 461.2
1073130 460.4
1073140 460.4
1073150 460.3
1073160 460.6
1073170 460.6
1073180 461.3
1073190 461.4
1073200 461.4
1073210 461.4
1073220 461.4
1073230 461.4
1073240 461.4
1073250 461.4
1073260 461.4
1073270 461.4
1073280 461.4
1073290 461.4
1073300 461.4
1073310 461.4
1073320 461.4
1073330 461.8
1073340 462.2
1073350 462.3
1073360 462.3
1073370 462.4
1073380 462.4
1073390 462.4
1073400 462.4
1073410 462.5
1073420 462.5
1073430 462.5
1073440 462.7
1073450 462.7
1073460 463.5
1073470 463.6
1073480 463.6
1073490 463.6
1073500 463.7
1073510 463.7
1073520 463.8
1073530 463.9
1073540 463.9
1073550 464.1
1073560 464.4
1073570 464.4
1073580 464.6
1073590 464.8
1073600 464.8
1073610 464.8
1073620 464.9
1073630 465.1
1073640 465.1
1073650 465.3
1073660 465.2
1073670 465.2
1073680 465.2
1073690 465.3
1073700 465.3
1073710 465.3
1073720 466.0
1073730 466.0
1073740 466.3
1073750 466.4
1073760 466.4
1073770 466.3
1073780 466.1
1073790 466.1
1073800 466.0
1073810 466.1
1073820 466.1
1073830 466.5
1073840 466.9
1073850 466.9
1073860 466.6
1073870 467.2
1073880 467.2
1073890 467.5
1073900 467.3
1073910 467.3
1073920 467.3
1073930 467.6
1073940 467.7
1073950 467.7
1073960 467.5
1073970 467.6
1073980 467.6
1073990 467.6
1074000 467.8
1074010 467.8
1074020 468.3
1074030 468.6
1074040 468.6
1074050 468.6
1074060 468.6
1074070 468.6
1074080 468.8
1074090 468.8
1074100 468.8
1074110 468.8
1074120 469.1
1074130 469.1
1074140 469.3
1074150 469.3
1074160 469.3
1074170 469.2
1074180 469.5
1074190 469.5
1074200 469.5
1074210 469.6
1074220 469.6
1074230 469.6
1074240 469.6
1074250 469.7
1074260 469.7
1074270 469.8
1074280 469.8
1074290 469.8
1074300 469.5
1074310 469.6
1074320 469.6
1074330 469.7
1074340 470.0
1074350 470.0
1074360 470.4
1074370 470.5
1074380 470.5
1074390 470.4
1074400 470.4
1074410 470.4
1074420 470.2
1074430 470.3
1074440 470.3
1074450 470.5
1074460 470.7
1074470 470.7
1074480 471.2
1074490 473.6
1074500 476.4
1074510 476.4
1074520 480.1
1074530 484.5
1074540 484.5
1074550 488.9
1074560 494.0
1074570 494.0
1074580 500.4
1074590 506.1
1074600 506.1
1074610 511.5
1074620 516.1
1074630 516.1
1074640 520.1
1074650 524.2
1074660 524.2
1074670 528.5
1074680 532.6
1074690 532.6
1074700 536.5
1074710 540.5
1074720 540.5
1074730 545.1
1074740 549.0
1074750 549.0
1074760 550.6
1074770 550.9
1074780 552.2
1074790 552.2
1074800 554.0
1074810 557.3
1074820 557.3
1074830 559.4
1074840 561.1
1074850 561.1
1074860 562.0
1074870 562.9
1074880 562.9
1074890 564.2
1074900 564.8
1074910 564.8
1074920 565.9
1074930 566.0
1074940 566.0
1074950 565.0
1074960 564.7
1074970 564.7
1074980 566.4
1074990 568.3
1075000 568.3
1075010 569.6
1075020 570.2
1075030 570.2
1075040 570.9
1075050 571.7
1075060 572.6
1075070 572.6
1075080 573.1
1075090 573.1
1075100 573.1
1075110 571.4
1075120 570.7
1075130 570.7
1075140 571.7
1075150 574.3
1075160 574.3
1075170 576.9
1075180 578.5
1075190 578.5
1075200 578.3
1075210 577.9
1075220 577.9
1075230 578.8
1075240 583.3
1075250 583.3
1075260 593.9
1075270 610.0
1075280 610.0
1075290 618.6
1075300 623.8
1075310 623.8
1075320 630.5
1075330 637.3
1075340 643.1
1075350 643.1
1075360 646.7
1075370 650.6
1075380 650.6
1075390 654.8
1075400 658.4
1075410 658.4
1075420 662.7
1075430 664.2
1075440 664.2
1075450 663.8
1075460 663.1
1075470 663.1
1075480 662.2
1075490 662.0
1075500 662.0
1075510 661.3
1075520 659.3
1075530 659.3
1075540 657.8
1075550 656.5
1075560 656.5
1075570 655.3
1075580 653.6
1075590 653.6
1075600 651.2
1075610 649.4
1075620 648.2
1075630 648.2
1075640 647.7
1075650 647.1
1075660 647.1
1075670 646.5
1075680 646.5
1075690 646.5
1075700 647.0
1075710 648.3
1075720 648.3
1075730 646.1
1075740 647.0
1075750 647.0
1075760 647.7
1075770 648.2
1075780 648.2
1075790 648.7
1075800 649.0
1075810 649.0
1075820 649.0
1075830 648.8
1075840 648.8
1075850 647.9
1075860 645.3
1075870 645.3
1075880 643.8
1075890 642.3
1075900 641.2
1075910 641.2
1075920 640.3
1075930 640.1
1075940 640.1
1075950 640.1
1075960 639.8
1075970 639.8
1075980 639.4
1075990 639.2
1076000 639.2
1076010 638.9
1076020 638.8
1076030 638.8
1076040 638.8
1076050 636.9
1076060 636.9
1076070 638.3
1076080 640.5
1076090 640.5
1076100 642.6
1076110 643.9
1076120 643.9
1076130 644.8
1076140 645.0
1076150 645.0
1076160 645.2
1076170 645.1
1076180 644.9
1076190 644.9
1076200 645.0
1076210 645.0
1076220 645.0
1076230 645.4
1076240 646.1
1076250 646.1
1076260 647.2
1076270 647.9
1076280 647.9
1076290 648.2
1076300 648.8
1076310 648.8
1076320 650.4
1076330 651.1
1076340 651.1
1076350 651.5
1076360 651.3
1076370 651.3
1076380 651.4
1076390 650.4
1076400 650.4
1076410 649.3
1076420 649.0
1076430 649.0
1076440 649.8
1076450 651.9
1076460 654.0
1076470 654.0
1076480 655.0
1076490 655.9
1076500 655.9
1076510 656.1
1076520 656.0
1076530 656.0
1076540 655.2
1076550 654.1
1076560 654.1
1076570 652.6
1076580 650.8
1076590 650.8
1076600 647.8
1076610 644.3
1076620 644.3
1076630 630.9
1076640 613.2
1076650 613.2
1076660 604.4
1076670 586.9
1076680 586.9
1076690 587.0
1076700 588.4
1076710 588.4
1076720 587.1
1076730 588.0
1076740 588.0
1076750 592.0
1076760 593.6
1076770 594.1
1076780 594.1
1076790 594.3
1076800 607.8
1076810 607.8
1076820 616.2
1076830 617.5
1076840 617.5
1076850 617.9
1076860 617.3
1076870 617.3
1076880 618.0
1076890 613.4
1076900 613.4
1076910 606.7
1076920 604.2
1076930 604.2
1076940 604.2
1076950 604.4
1076960 604.4
1076970 604.3
1076980 601.9
1076990 601.9
1077000 605.4
1077010 607.6
1077020 607.6
1077030 609.1
1077040 609.5
1077050 608.7
1077060 608.7
1077070 608.1
1077080 610.3
1077090 610.3
1077100 614.2
1077110 614.8
1077120 614.8
1077130 614.5
1077140 617.3
1077150 617.3
1077160 619.0
1077170 618.3
1077180 618.3
1077190 618.6
1077200 619.5
1077210 619.5
1077220 617.9
1077230 617.8
1077240 617.8
1077250 619.5
1077260 620.8
1077270 620.8
1077280 621.8
1077290 613.7
1077300 613.7
1077310 608.7
1077320 602.2
1077330 601.5
1077340 601.5
1077350 601.4
1077360 582.5
1077370 582.5
1077380 561.2
1077390 556.8
1077400 556.8
1077410 556.0
1077420 556.9
1077430 556.9
1077440 557.1
1077450 557.8
1077460 557.8
1077470 563.7
1077480 571.2
1077490 571.2
1077500 578.9
1077510 585.6
1077520 585.6
1077530 593.4
1077540 602.1
1077550 602.1
1077560 609.8
1077570 632.4
1077580 632.4
1077590 646.0
1077600 655.5
1077610 653.7
1077620 653.7
1077630 652.4
1077640 650.7
1077650 650.7
1077660 649.6
1077670 649.3
1077680 649.3
1077690 649.8
1077700 650.8
1077710 650.8
1077720 651.7
1077730 653.2
1077740 653.2
1077750 654.4
1077760 654.0
1077770 654.0
1077780 650.2
1077790 642.7
1077800 642.7
1077810 641.0
1077820 641.5
1077830 641.5
1077840 642.7
1077850 642.4
1077860 642.4
1077870 641.2
1077880 638.2
1077890 634.3
1077900 634.3
1077910 630.0
1077920 620.8
1077930 620.8
1077940 618.9
1077950 618.0
1077960 618.0
1077970 618.9
1077980 621.0
1077990 621.0
1078000 621.6
1078010 617.8
1078020 617.8
1078030 609.2
1078040 604.8
1078050 604.8
1078060 617.7
1078070 622.3
1078080 622.3
1078090 629.3
1078100 645.4
1078110 645.4
1078120 657.4
1078130 669.4
1078140 669.4
1078150 679.9
1078160 689.8
1078170 699.2
1078180 699.2
1078190 707.0
1078200 714.5
1078210 714.5
1078220 720.0
1078230 732.0
1078240 732.0
1078250 737.4
1078260 743.6
1078270 743.6
1078280 748.8
1078290 750.3
1078300 750.3
1078310 749.9
1078320 748.9
1078330 748.9
1078340 747.7
1078350 740.6
1078360 740.6
1078370 733.5
1078380 728.8
1078390 728.8
1078400 730.4
1078410 732.6
1078420 732.6
1078430 739.8
1078440 743.0
1078450 744.6
1078460 744.6
1078470 750.4
1078480 759.2
1078490 759.2
1078500 763.2
1078510 762.7
1078520 762.7
1078530 754.4
1078540 743.6
1078550 753.2
1078560 747.3
1078570 746.0
1078580 746.0
1078590 745.0
1078600 739.6
1078610 739.6
1078620 734.9
1078630 734.0
1078640 734.0
1078650 731.1
1078660 729.4
1078670 729.4
1078680 726.4
1078690 720.5
1078700 720.5
1078710 716.9
1078720 713.3
1078730 708.6
1078740 708.6
1078750 703.9
1078760 700.1
1078770 700.1
1078780 696.6
1078790 694.1
1078800 694.1
1078810 693.5
1078820 699.2
1078830 699.2
1078840 703.0
1078850 707.1
1078860 713.3
1078870 718.5
1078880 721.9
1078890 721.9
1078900 726.5
1078910 733.7
1078920 733.7
1078930 737.9
1078940 739.5
1078950 739.5
1078960 742.1
1078970 747.1
1078980 747.1
1078990 751.6
1079000 756.3
1079010 761.0
1079020 761.0
1079030 765.5
1079040 769.5
1079050 769.5
1079060 773.2
1079070 776.6
1079080 776.6
1079090 778.6
1079100 779.4
1079110 779.4
1079120 781.4
1079130 782.8
1079140 782.8
1079150 783.2
1079160 782.3
1079170 790.5
1079180 790.6
1079190 790.5
1079200 790.5
1079210 786.5
1079220 790.8
1079230 790.8
1079240 797.5
1079250 803.5
1079260 803.5
1079270 808.8
1079280 813.8
1079290 818.3
1079300 818.3
1079310 823.9
1079320 828.3
1079330 828.3
1079340 832.9
1079350 837.9
1079360 837.9
1079370 842.1
1079380 845.0
1079390 845.0
1079400 847.8
1079410 850.1
1079420 850.1
1079430 852.8
1079440 856.1
1079450 856.1
1079460 859.7
1079470 863.2
1079480 863.2
1079490 867.5
1079500 869.3
1079510 869.3
1079520 872.7
1079530 876.5
1079540 876.5
1079550 880.5
1079560 886.8
1079570 893.7
1079580 893.7
1079590 899.7
1079600 904.9
1079610 904.9
1079620 909.0
1079630 913.5
1079640 913.5
1079650 917.4
1079660 923.0
1079670 923.0
1079680 926.8
1079690 930.8
1079700 930.8
1079710 936.1
1079720 940.4
1079730 940.4
1079740 944.7
1079750 949.7
1079760 949.7
1079770 954.2
1079780 958.2
1079790 958.2
1079800 966.8
1079810 969.4
1079820 969.4
1079830 971.5
1079840 974.2
1079850 974.2
1079860 978.5
1079870 981.8
1079880 984.5
1079890 984.5
1079900 987.0
1079910 990.4
1079920 990.4
1079930 995.0
1079940 999.6
1079950 999.6
1079960 1001.1
1079970 1002.7
1079980 1002.7
1079990 1005.2
