1063970 425.3
1063980 425.3
1063990 426.2
1064000 426.8
1064010 426.8
1064020 426.8
1064030 426.2
1064040 426.2
1064050 426.3
1064060 426.6
1064070 426.6
1064080 426.5
1064090 426.4
1064100 426.4
1064110 425.8
1064120 425.6
1064130 425.6
1064140 426.2
1064150 426.8
1064160 427.3
1064170 427.3
1064180 427.3
1064190 427.2
1064200 427.2
1064210 427.0
1064220 426.8
1064230 426.8
1064240 426.3
1064250 426.5
1064260 426.5
1064270 429.3
1064280 430.1
1064290 430.1
1064300 426.7
1064310 424.5
1064320 424.5
1064330 422.1
1064340 420.5
1064350 420.5
1064360 420.4
1064370 420.4
1064380 420.4
1064390 420.4
1064400 420.4
1064410 420.4
1064420 420.3
1064430 420.3
1064440 420.3
1064450 420.3
1064460 420.3
1064470 420.3
1064480 420.3
1064490 420.4
1064500 421.8
1064510 421.8
1064520 424.2
1064530 425.5
1064540 425.5
1064550 426.5
1064560 426.6
1064570 426.6
1064580 426.6
1064590 426.6
1064600 426.6
1064610 426.6
1064620 426.6
1064630 426.6
1064640 426.5
1064650 426.5
1064660 426.5
1064670 426.6
1064680 426.6
1064690 426.6
1064700 426.6
1064710 426.6
1064720 427.4
1064730 427.4
1064740 429.4
1064750 430.5
1064760 430.5
1064770 429.0
1064780 426.6
1064790 426.6
1064800 425.9
1064810 425.9
1064820 425.9
1064830 426.0
1064840 426.0
1064850 426.0
1064860 425.7
1064870 425.3
1064880 425.7
1064890 425.3
1064900 425.0
1064910 425.0
1064920 425.3
1064930 425.3
1064940 425.3
1064950 425.5
1064960 425.3
1064970 425.3
1064980 425.4
1064990 425.3
1065000 425.3
1065010 424.2
1065020 423.8
1065030 423.9
1065040 423.9
1065050 423.8
1065060 423.7
1065070 423.7
1065080 423.6
1065090 423.5
1065100 423.5
1065110 423.5
1065120 423.5
1065130 423.5
1065140 423.6
1065150 423.6
1065160 423.6
1065170 423.5
1065180 423.5
1065190 423.5
1065200 423.5
1065210 423.5
1065220 423.5
1065230 423.6
1065240 423.7
1065250 423.7
1065260 423.6
1065270 423.4
1065280 423.4
1065290 423.4
1065300 423.4
1065310 423.3
1065320 423.3
1065330 423.2
1065340 423.3
1065350 423.3
1065360 423.2
1065370 423.2
1065380 423.2
1065390 423.2
1065400 423.2
1065410 423.2
1065420 423.2
1065430 423.2
1065440 423.2
1065450 423.1
1065460 423.2
1065470 423.2
1065480 423.2
1065490 423.1
1065500 423.1
1065510 422.8
1065520 422.2
1065530 422.2
1065540 423.2
1065550 423.5
1065560 423.5
1065570 423.5
1065580 423.4
1065590 423.2
1065600 423.2
1065610 422.9
1065620 422.9
1065630 422.9
1065640 422.9
1065650 422.9
1065660 422.9
1065670 422.9
1065680 423.1
1065690 423.1
1065700 423.7
1065710 423.9
1065720 423.9
1065730 423.0
1065740 422.9
1065750 422.9
1065760 422.9
1065770 422.9
1065780 422.9
1065790 423.0
1065800 423.1
1065810 423.1
1065820 423.2
1065830 423.4
1065840 423.4
1065850 423.4
1065860 423.2
1065870 423.1
1065880 423.1
1065890 423.1
1065900 423.2
1065910 423.2
1065920 423.1
1065930 423.0
1065940 423.0
1065950 423.2
1065960 423.2
1065970 423.2
1065980 423.1
1065990 423.1
1066000 423.1
1066010 423.0
1066020 423.1
1066030 423.1
1066040 423.1
1066050 423.0
1066060 423.0
1066070 423.4
1066080 423.7
1066090 423.7
1066100 423.7
1066110 423.8
1066120 423.8
1066130 422.7
1066140 422.7
1066150 422.7
1066160 422.7
1066170 422.5
1066180 422.5
1066190 422.5
1066200 422.5
1066210 422.5
1066220 422.5
1066230 422.5
1066240 422.6
1066250 422.6
1066260 422.6
1066270 422.7
1066280 422.7
1066290 422.7
1066300 422.7
1066310 422.7
1066320 422.9
1066330 423.1
1066340 423.1
1066350 423.3
1066360 423.2
1066370 423.2
1066380 423.2
1066390 423.3
1066400 423.4
1066410 423.5
1066420 423.6
1066430 423.6
1066440 423.6
1066450 423.7
1066460 423.8
1066470 423.8
1066480 423.7
1066490 423.3
1066500 423.3
1066510 423.1
1066520 423.1
1066530 423.1
1066540 423.2
1066550 423.3
1066560 423.3
1066570 423.3
1066580 423.3
1066590 423.3
1066600 423.3
1066610 423.4
1066620 423.4
1066630 423.4
1066640 423.4
1066650 423.4
1066660 423.4
1066670 423.4
1066680 423.4
1066690 423.5
1066700 423.5
1066710 423.5
1066720 423.6
1066730 424.0
1066740 424.3
1066750 424.3
1066760 424.3
1066770 424.2
1066780 424.2
1066790 424.1
1066800 424.0
1066810 424.0
1066820 424.0
1066830 424.0
1066840 424.0
1066850 423.9
1066860 424.0
1066870 424.0
1066880 424.0
1066890 424.0
1066900 424.0
1066910 424.1
1066920 424.1
1066930 424.1
1066940 424.2
1066950 424.1
1066960 424.1
1066970 424.1
1066980 424.1
1066990 424.1
1067000 424.3
1067010 424.4
1067020 424.6
1067030 424.6
1067040 425.1
1067050 425.2
1067060 425.2
1067070 424.9
1067080 424.8
1067090 424.8
1067100 425.0
1067110 424.8
1067120 424.8
1067130 424.9
1067140 425.3
1067150 425.3
1067160 425.3
1067170 425.3
1067180 425.3
1067190 424.8
1067200 424.9
1067210 424.9
1067220 424.9
1067230 424.9
1067240 424.9
1067250 424.7
1067260 424.6
1067270 424.6
1067280 424.6
1067290 424.7
1067300 425.1
1067310 425.1
1067320 425.3
1067330 425.2
1067340 425.2
1067350 425.1
1067360 425.1
1067370 425.1
1067380 425.2
1067390 425.2
1067400 425.2
1067410 425.3
1067420 425.4
1067430 425.4
1067440 425.5
1067450 425.7
1067460 425.7
1067470 425.8
1067480 425.8
1067490 425.8
1067500 425.9
1067510 426.1
1067520 426.1
1067530 426.2
1067540 426.3
1067550 426.3
1067560 426.5
1067570 426.6
1067580 426.7
1067590 426.7
1067600 426.8
1067610 426.9
1067620 426.9
1067630 426.8
1067640 426.6
1067650 426.6
1067660 426.6
1067670 426.6
1067680 426.6
1067690 426.8
1067700 426.9
1067710 426.9
1067720 426.9
1067730 426.9
1067740 426.9
1067750 426.8
1067760 426.7
1067770 426.7
1067780 426.7
1067790 426.5
1067800 426.5
1067810 426.4
1067820 426.5
1067830 426.5
1067840 426.6
1067850 426.7
1067860 426.5
1067870 426.5
1067880 426.5
1067890 426.6
1067900 426.6
1067910 426.6
1067920 426.5
1067930 426.6
1067940 426.5
1067950 426.5
1067960 426.5
1067970 426.5
1067980 426.5
1067990 426.5
1068000 426.5
1068010 426.4
1068020 426.4
1068030 426.4
1068040 426.4
1068050 426.4
1068060 426.4
1068070 426.5
1068080 426.5
1068090 426.7
1068100 426.8
1068110 426.8
1068120 426.9
1068130 427.1
1068140 427.1
1068150 427.2
1068160 427.2
1068170 427.3
1068180 427.3
1068190 427.4
1068200 427.9
1068210 427.9
1068220 427.7
1068230 427.5
1068240 427.6
1068250 427.7
1068260 427.8
1068270 427.8
1068280 427.8
1068290 427.7
1068300 427.7
1068310 427.7
1068320 427.8
1068330 427.8
1068340 428.0
1068350 428.2
1068360 428.2
1068370 428.3
1068380 428.4
1068390 428.4
1068400 428.5
1068410 428.5
1068420 428.5
1068430 428.5
1068440 428.5
1068450 428.6
1068460 428.6
1068470 428.6
1068480 428.5
1068490 428.5
1068500 428.5
1068510 428.5
1068520 428.5
1068530 428.5
1068540 428.6
1068550 428.6
1068560 428.7
1068570 428.7
1068580 428.7
1068590 428.7
1068600 428.7
1068610 428.7
1068620 428.8
1068630 428.7
1068640 428.7
1068650 428.7
1068660 428.9
1068670 428.9
1068680 429.1
1068690 428.9
1068700 428.9
1068710 429.0
1068720 429.0
1068730 429.1
1068740 429.1
1068750 429.1
1068760 429.1
1068770 429.1
1068780 429.2
1068790 429.2
1068800 429.2
1068810 429.3
1068820 429.3
1068830 429.3
1068840 429.4
1068850 429.5
1068860 429.5
1068870 429.6
1068880 429.8
1068890 429.8
1068900 429.9
1068910 430.0
1068920 430.0
1068930 430.2
1068940 430.3
1068950 430.3
1068960 430.5
1068970 430.6
1068980 430.6
1068990 430.6
1069000 430.7
1069010 431.1
1069020 431.1
1069030 431.4
1069040 431.9
1069050 431.9
1069060 432.0
1069070 432.0
1069080 432.0
1069090 432.0
1069100 432.0
1069110 432.0
1069120 432.0
1069130 432.0
1069140 432.0
1069150 431.9
1069160 432.0
1069170 432.0
1069180 432.1
1069190 432.1
1069200 432.1
1069210 432.2
1069220 432.2
1069230 432.2
1069240 432.2
1069250 432.2
1069260 432.2
1069270 432.4
1069280 432.5
1069290 432.6
1069300 432.6
1069310 432.5
1069320 432.5
1069330 432.5
1069340 432.6
1069350 432.6
1069360 432.6
1069370 432.7
1069380 432.7
1069390 432.7
1069400 432.7
1069410 432.8
1069420 432.8
1069430 432.9
1069440 433.0
1069450 433.0
1069460 432.9
1069470 432.9
1069480 432.9
1069490 433.0
1069500 433.0
1069510 433.0
1069520 433.0
1069530 433.0
1069540 433.0
1069550 433.2
1069560 433.4
1069570 433.4
1069580 433.3
1069590 433.5
1069600 433.6
1069610 433.6
1069620 433.8
1069630 434.0
1069640 434.0
1069650 434.0
1069660 434.1
1069670 434.1
1069680 434.1
1069690 434.2
1069700 434.2
1069710 434.4
1069720 434.5
1069730 434.5
1069740 434.6
1069750 434.7
1069760 434.7
1069770 434.8
1069780 435.0
1069790 435.0
1069800 435.1
1069810 435.2
1069820 435.2
1069830 435.5
1069840 435.6
1069850 435.6
1069860 435.6
1069870 436.2
1069880 436.0
1069890 436.0
1069900 436.0
1069910 436.1
1069920 436.1
1069930 436.1
1069940 436.1
1069950 436.1
1069960 436.1
1069970 436.1
1069980 436.1
1069990 435.9
1070000 435.9
1070010 435.9
1070020 436.0
1070030 436.0
1070040 436.0
1070050 436.0
1070060 436.0
1070070 436.0
1070080 435.9
1070090 435.7
1070100 435.7
1070110 435.7
1070120 435.8
1070130 435.8
1070140 435.9
1070150 436.3
1070160 436.3
1070170 436.3
1070180 436.4
1070190 436.5
1070200 436.5
1070210 436.6
1070220 436.8
1070230 436.8
1070240 436.8
1070250 436.9
1070260 436.9
1070270 437.1
1070280 437.1
1070290 437.1
1070300 437.1
1070310 437.3
1070320 437.3
1070330 437.4
1070340 437.5
1070350 437.5
1070360 437.4
1070370 437.4
1070380 437.5
1070390 437.7
1070400 437.8
1070410 437.8
1070420 437.9
1070430 438.0
1070440 438.0
1070450 438.0
1070460 438.4
1070470 438.8
1070480 438.8
1070490 439.1
1070500 439.2
1070510 439.2
1070520 439.3
1070530 439.4
1070540 439.4
1070550 440.0
1070560 442.6
1070570 442.6
1070580 443.5
1070590 440.5
1070600 440.5
1070610 438.7
1070620 439.8
1070630 439.8
1070640 443.8
1070650 444.2
1070660 444.2
1070670 441.3
1070680 440.8
1070690 441.9
1070700 440.8
1070710 440.1
1070720 439.9
1070730 439.9
1070740 439.8
1070750 439.9
1070760 439.9
1070770 439.9
1070780 439.9
1070790 439.9
1070800 439.8
1070810 439.9
1070820 439.9
1070830 439.7
1070840 439.8
1070850 439.8
1070860 439.9
1070870 440.0
1070880 440.0
1070890 440.3
1070900 440.6
1070910 440.6
1070920 441.3
1070930 441.3
1070940 441.3
1070950 441.7
1070960 442.3
1070970 442.3
1070980 442.3
1070990 441.8
1071000 441.6
1071010 441.6
1071020 441.6
1071030 441.6
1071040 441.6
1071050 441.6
1071060 441.6
1071070 441.6
1071080 441.6
1071090 441.6
1071100 441.6
1071110 441.5
1071120 441.5
1071130 441.5
1071140 441.3
1071150 441.3
1071160 441.3
1071170 441.3
1071180 441.3
1071190 441.3
1071200 441.4
1071210 441.3
1071220 441.3
1071230 441.2
1071240 441.2
1071250 441.2
1071260 441.6
1071270 443.4
1071280 443.4
1071290 444.1
1071300 444.2
1071310 446.9
1071320 446.9
1071330 445.3
1071340 443.7
1071350 443.7
1071360 442.4
1071370 442.4
1071380 442.4
1071390 442.5
1071400 442.6
1071410 442.6
1071420 442.7
1071430 442.8
1071440 442.8
1071450 443.0
1071460 443.0
1071470 443.0
1071480 443.3
1071490 443.5
1071500 443.5
1071510 443.7
1071520 444.0
1071530 444.0
1071540 444.4
1071550 444.8
1071560 444.8
1071570 445.1
1071580 445.1
1071590 444.9
1071600 444.9
1071610 444.7
1071620 444.7
1071630 444.7
1071640 444.8
1071650 445.0
1071660 445.0
1071670 445.2
1071680 445.7
1071690 445.7
1071700 446.5
1071710 446.9
1071720 446.9
1071730 446.8
1071740 446.9
1071750 446.9
1071760 447.2
1071770 446.9
1071780 446.9
1071790 446.4
1071800 446.2
1071810 446.2
1071820 446.2
1071830 446.0
1071840 446.0
1071850 445.8
1071860 445.7
1071870 445.7
1071880 445.7
1071890 445.6
1071900 445.8
1071910 445.8
1071920 445.9
1071930 445.9
1071940 445.9
1071950 447.5
1071960 449.5
1071970 449.5
1071980 448.3
1071990 446.6
1072000 446.6
1072010 446.6
1072020 446.8
1072030 446.8
1072040 446.9
1072050 447.0
1072060 447.0
1072070 447.2
1072080 447.3
1072090 447.3
1072100 447.6
1072110 447.7
1072120 447.7
1072130 447.8
1072140 447.9
1072150 447.9
1072160 447.9
1072170 448.0
1072180 448.1
1072190 448.1
1072200 448.3
1072210 448.4
1072220 448.4
1072230 448.6
1072240 448.7
1072250 448.7
1072260 448.8
1072270 449.0
1072280 449.0
1072290 449.2
1072300 449.3
1072310 449.3
1072320 449.5
1072330 449.7
1072340 449.7
1072350 449.8
1072360 449.9
1072370 449.9
1072380 450.1
1072390 450.2
1072400 450.2
1072410 450.4
1072420 450.5
1072430 450.6
1072440 450.6
1072450 450.8
1072460 450.9
1072470 450.9
1072480 451.1
1072490 451.3
1072500 451.3
1072510 451.4
1072520 451.4
1072530 451.4
1072540 451.5
1072550 451.6
1072560 451.6
1072570 451.7
1072580 451.9
1072590 451.9
1072600 452.0
1072610 452.0
1072620 452.0
1072630 452.1
1072640 452.2
1072650 452.2
1072660 452.3
1072670 452.6
1072680 452.6
1072690 452.8
1072700 453.0
1072710 453.1
1072720 453.1
1072730 453.3
1072740 453.4
1072750 453.4
1072760 453.6
1072770 453.8
1072780 453.8
1072790 453.9
1072800 454.1
1072810 454.1
1072820 454.3
1072830 454.3
1072840 454.3
1072850 454.4
1072860 454.5
1072870 454.5
1072880 454.7
1072890 454.8
1072900 454.8
1072910 455.0
1072920 455.2
1072930 455.2
1072940 455.4
1072950 455.6
1072960 455.6
1072970 455.7
1072980 455.9
1072990 455.9
1073000 456.1
1073010 456.3
1073020 456.6
1073030 456.6
1073040 456.9
1073050 457.1
1073060 457.1
1073070 457.2
1073080 457.4
1073090 457.4
1073100 457.6
1073110 457.8
1073120 457.8
1073130 458.0
1073140 458.2
1073150 458.2
1073160 458.5
1073170 458.7
1073180 458.7
1073190 458.9
1073200 459.0
1073210 459.0
1073220 459.1
1073230 459.3
1073240 459.3
1073250 459.6
1073260 460.2
1073270 460.2
1073280 460.2
1073290 459.9
1073300 460.4
1073310 460.4
1073320 460.5
1073330 460.8
1073340 460.8
1073350 460.9
1073360 460.9
1073370 460.9
1073380 461.1
1073390 461.3
1073400 461.3
1073410 461.5
1073420 461.6
1073430 461.6
1073440 461.8
1073450 462.0
1073460 462.0
1073470 462.4
1073480 462.6
1073490 462.6
1073500 462.8
1073510 463.0
1073520 463.0
1073530 463.3
1073540 463.8
1073550 463.8
1073560 464.5
1073570 464.9
1073580 465.0
1073590 465.0
1073600 465.4
1073610 465.7
1073620 465.7
1073630 465.9
1073640 466.3
1073650 466.3
1073660 466.5
1073670 466.6
1073680 466.6
1073690 466.8
1073700 467.0
1073710 467.0
1073720 467.2
1073730 467.7
1073740 467.7
1073750 468.2
1073760 468.2
1073770 468.2
1073780 468.2
1073790 468.8
1073800 468.8
1073810 469.2
1073820 469.5
1073830 469.5
1073840 469.8
1073850 469.8
1073860 470.2
1073870 470.2
1073880 471.0
1073890 472.0
1073900 472.0
1073910 472.0
1073920 472.1
1073930 472.1
1073940 471.1
1073950 470.9
1073960 470.9
1073970 470.9
1073980 471.2
1073990 471.2
1074000 471.3
1074010 471.3
1074020 471.3
1074030 471.2
1074040 471.4
1074050 471.4
1074060 471.7
1074070 471.9
1074080 471.9
1074090 471.4
1074100 471.4
1074110 471.4
1074120 471.5
1074130 471.7
1074140 472.1
1074150 472.1
1074160 472.1
1074170 472.0
1074180 472.0
1074190 471.9
1074200 472.0
1074210 472.0
1074220 472.5
1074230 472.7
1074240 472.7
1074250 472.9
1074260 473.3
1074270 473.3
1074280 473.8
1074290 473.3
1074300 473.3
1074310 473.5
1074320 473.8
1074330 473.8
1074340 474.1
1074350 474.4
1074360 474.4
1074370 475.0
1074380 475.3
1074390 475.3
1074400 475.9
1074410 475.9
1074420 475.9
1074430 475.9
1074440 476.0
1074450 476.5
1074460 476.5
1074470 477.5
1074480 477.7
1074490 477.7
1074500 477.7
1074510 477.9
1074520 477.9
1074530 478.0
1074540 478.1
1074550 478.1
1074560 478.2
1074570 478.3
1074580 478.3
1074590 479.0
1074600 480.1
1074610 480.1
1074620 481.3
1074630 483.0
1074640 483.0
1074650 485.3
1074660 488.2
1074670 488.2
1074680 491.0
1074690 492.8
1074700 495.1
1074710 496.1
1074720 497.9
1074730 502.2
1074740 502.2
1074750 505.4
1074760 509.0
1074770 509.0
1074780 512.2
1074790 515.3
1074800 515.3
1074810 518.0
1074820 520.2
1074830 520.2
1074840 522.2
1074850 524.6
1074860 524.6
1074870 526.9
1074880 528.9
1074890 528.9
1074900 530.6
1074910 532.1
1074920 532.1
1074930 533.5
1074940 534.0
1074950 534.0
1074960 533.0
1074970 532.2
1074980 532.2
1074990 532.4
1075000 533.0
1075010 534.8
1075020 536.9
1075030 538.9
1075040 541.3
1075050 541.3
1075060 542.0
1075070 541.6
1075080 541.6
1075090 540.5
1075100 538.9
1075110 538.9
1075120 537.0
1075130 535.9
1075140 535.9
1075150 536.3
1075160 538.1
1075170 538.1
1075180 541.3
1075190 543.9
1075200 543.9
1075210 546.0
1075220 549.3
1075230 549.3
1075240 551.5
1075250 554.0
1075260 554.0
1075270 556.5
1075280 558.4
1075290 560.1
1075300 560.1
1075310 561.8
1075320 563.8
1075330 563.8
1075340 567.2
1075350 568.9
1075360 568.9
1075370 570.5
1075380 572.4
1075390 572.4
1075400 574.5
1075410 577.2
1075420 577.2
1075430 579.7
1075440 582.2
1075450 582.2
1075460 585.3
1075470 589.1
1075480 589.1
1075490 592.4
1075500 595.1
1075510 595.1
1075520 598.4
1075530 601.9
1075540 601.9
1075550 605.3
1075560 608.1
1075570 611.6
1075580 611.6
1075590 615.8
1075600 620.5
1075610 620.5
1075620 625.0
1075630 628.7
1075640 628.7
1075650 635.1
1075660 638.7
1075670 638.7
1075680 641.5
1075690 643.8
1075700 643.8
1075710 645.9
1075720 648.7
1075730 648.7
1075740 651.3
1075750 654.1
1075760 654.1
1075770 657.4
1075780 661.4
1075790 661.4
1075800 666.1
1075810 670.8
1075820 670.8
1075830 675.3
1075840 678.8
1075850 680.6
1075860 680.6
1075870 681.7
1075880 683.1
1075890 683.1
1075900 682.8
1075910 681.5
1075920 681.5
1075930 681.3
1075940 683.1
1075950 683.1
1075960 683.6
1075970 684.4
1075980 684.4
1075990 684.2
1076000 682.9
1076010 682.9
1076020 681.0
1076030 678.3
1076040 678.3
1076050 675.2
1076060 671.7
1076070 671.7
1076080 667.8
1076090 663.8
1076100 663.8
1076110 659.3
1076120 652.7
1076130 649.0
1076140 649.0
1076150 651.0
1076160 654.5
1076170 654.5
1076180 658.5
1076190 665.2
1076200 665.2
1076210 672.1
1076220 677.7
1076230 677.7
1076240 682.4
1076250 685.4
1076260 685.4
1076270 686.9
1076280 689.6
1076290 689.6
1076300 691.9
1076310 692.7
1076320 692.7
1076330 694.2
1076340 696.3
1076350 696.3
1076360 699.3
1076370 702.4
1076380 702.4
1076390 706.2
1076400 712.1
1076410 718.8
1076420 718.8
1076430 726.2
1076440 733.5
1076450 733.5
1076460 741.0
1076470 748.7
1076480 748.7
1076490 754.2
1076500 755.3
1076510 755.3
1076520 755.6
1076530 756.3
1076540 756.3
1076550 758.3
1076560 761.1
1076570 761.1
1076580 764.4
1076590 767.4
1076600 767.4
1076610 771.9
1076620 776.6
1076630 776.6
1076640 780.2
1076650 783.7
1076660 783.7
1076670 786.7
1076680 788.5
1076690 789.5
1076700 789.5
1076710 790.1
1076720 790.6
1076730 790.6
1076740 790.9
1076750 791.1
1076760 791.1
1076770 790.9
1076780 791.2
1076790 791.2
1076800 792.7
1076810 793.6
1076820 793.6
1076830 793.7
1076840 794.0
1076850 794.0
1076860 795.2
1076870 798.6
1076880 798.6
1076890 801.9
1076900 804.2
1076910 804.2
1076920 805.7
1076930 807.6
1076940 807.6
1076950 808.7
1076960 811.3
1076970 811.3
1076980 813.3
1076990 816.8
1077000 819.3
1077010 819.3
1077020 820.9
1077030 823.9
1077040 823.9
1077050 826.1
1077060 831.2
1077070 831.2
1077080 833.6
1077090 835.5
1077100 835.5
1077110 837.8
1077120 839.6
1077130 839.6
1077140 841.6
1077150 844.7
1077160 844.7
1077170 845.3
1077180 844.9
1077190 844.9
1077200 844.4
1077210 842.6
1077220 842.6
1077230 843.7
1077240 845.3
1077250 845.3
1077260 848.7
1077270 850.2
1077280 851.4
1077290 851.4
1077300 854.0
1077310 856.9
1077320 856.9
1077330 858.6
1077340 859.2
1077350 859.2
1077360 862.0
1077370 869.2
1077380 869.2
1077390 873.1
1077400 872.8
1077410 872.8
1077420 873.1
1077430 873.6
1077440 873.6
1077450 875.2
1077460 879.0
1077470 879.0
1077480 882.6
1077490 886.0
1077500 886.0
1077510 886.5
1077520 880.9
1077530 880.9
1077540 878.8
1077550 877.9
1077560 877.5
1077570 877.5
1077580 878.1
1077590 879.0
1077600 879.0
1077610 878.5
1077620 876.7
1077630 876.7
1077640 874.7
1077650 874.4
1077660 874.4
1077670 875.7
1077680 877.7
1077690 877.7
1077700 880.0
1077710 882.1
1077720 882.1
1077730 884.1
1077740 885.2
1077750 885.2
1077760 884.8
1077770 883.4
1077780 883.4
1077790 881.0
1077800 878.1
1077810 878.1
1077820 874.2
1077830 864.8
1077840 862.3
1077850 862.3
1077860 860.1
1077870 858.2
1077880 858.2
1077890 855.6
1077900 852.5
1077910 852.5
1077920 849.2
1077930 846.3
1077940 846.3
1077950 843.8
1077960 841.0
1077970 841.0
1077980 838.3
1077990 836.0
1078000 836.0
1078010 833.6
1078020 830.4
1078030 830.4
1078040 829.3
1078050 827.9
1078060 827.9
1078070 825.7
1078080 823.7
1078090 823.7
1078100 823.3
1078110 823.3
1078120 822.5
1078130 822.5
1078140 819.6
1078150 813.3
1078160 813.3
1078170 814.7
1078180 815.4
1078190 815.4
1078200 815.7
1078210 815.5
1078220 815.5
1078230 815.3
1078240 814.6
1078250 814.6
1078260 814.3
1078270 814.7
1078280 814.7
1078290 815.2
1078300 815.8
1078310 815.8
1078320 816.0
1078330 815.6
1078340 815.6
1078350 814.0
1078360 813.1
1078370 813.1
1078380 812.6
1078390 812.7
1078400 812.7
1078410 812.7
1078420 811.7
1078430 808.9
1078440 808.9
1078450 806.3
1078460 799.1
1078470 799.1
1078480 798.7
1078490 794.0
1078500 794.0
1078510 785.4
1078520 780.2
1078530 780.2
1078540 776.0
1078550 773.1
1078560 773.1
1078570 768.6
1078580 759.7
1078590 759.7
1078600 749.0
1078610 740.8
1078620 740.8
1078630 734.5
1078640 729.7
1078650 729.7
1078660 728.2
1078670 727.3
1078680 726.4
1078690 726.4
1078700 726.5
1078710 727.3
1078720 727.3
1078730 727.9
1078740 728.1
1078750 728.1
1078760 727.5
1078770 725.5
1078780 725.5
1078790 726.1
1078800 726.4
1078810 726.4
1078820 727.4
1078830 729.2
1078840 729.2
1078850 731.1
1078860 733.2
1078870 733.2
1078880 734.8
1078890 735.8
1078900 735.8
1078910 736.6
1078920 737.4
1078930 737.4
1078940 738.6
1078950 740.5
1078960 740.5
1078970 741.2
1078980 740.8
1078990 740.1
1079000 740.1
1079010 738.7
1079020 738.0
1079030 738.0
1079040 737.3
1079050 735.8
1079060 735.8
1079070 734.9
1079080 733.6
1079090 730.7
1079100 729.0
1079110 722.1
1079120 722.1
1079130 710.3
1079140 700.3
1079150 700.3
1079160 690.5
1079170 673.7
1079180 673.7
1079190 664.1
1079200 664.3
1079210 664.3
1079220 664.1
1079230 665.0
1079240 665.0
1079250 670.3
1079260 681.0
1079270 689.9
1079280 689.9
1079290 699.2
1079300 713.8
1079310 713.8
1079320 727.8
1079330 728.7
1079340 728.7
1079350 730.7
1079360 733.1
1079370 733.1
1079380 733.9
1079390 730.7
1079400 732.1
1079410 735.7
1079420 738.6
1079430 738.6
1079440 740.3
1079450 735.0
1079460 735.0
1079470 725.8
1079480 712.8
1079490 712.8
1079500 701.7
1079510 695.4
1079520 695.4
1079530 690.0
1079540 683.8
1079550 678.4
1079560 678.4
1079570 674.2
1079580 675.5
1079590 675.5
1079600 680.7
1079610 686.1
1079620 686.1
1079630 694.6
1079640 694.8
1079650 694.8
1079660 697.3
1079670 701.5
1079680 701.5
1079690 706.4
1079700 705.4
1079710 705.4
1079720 693.3
1079730 688.5
1079740 688.5
1079750 680.4
1079760 678.5
1079770 678.5
1079780 678.7
1079790 680.0
1079800 680.0
1079810 681.0
1079820 682.9
1079830 685.7
1079840 685.7
1079850 688.2
1079860 689.9
1079870 689.9
1079880 698.2
1079890 707.9
1079900 707.9
1079910 715.3
1079920 720.1
1079930 720.1
1079940 724.0
1079950 729.7
1079960 729.7
1079970 734.9
1079980 737.5
1079990 737.5
