1063890 425.2
1063900 425.5
1063910 425.5
1063920 426.5
1063930 426.4
1063940 426.4
1063950 425.7
1063960 425.8
1063970 425.8
1063980 425.8
1063990 425.7
1064000 425.7
1064010 425.8
1064020 425.7
1064030 425.7
1064040 426.1
1064050 426.5
1064060 426.5
1064070 427.2
1064080 427.8
1064090 427.7
1064100 427.7
1064110 427.6
1064120 427.4
1064130 427.4
1064140 427.1
1064150 428.3
1064160 428.3
1064170 430.1
1064180 431.0
1064190 431.0
1064200 430.2
1064210 426.9
1064220 426.9
1064230 424.7
1064240 422.4
1064250 422.4
1064260 420.6
1064270 420.4
1064280 420.4
1064290 420.4
1064300 420.4
1064310 420.4
1064320 420.4
1064330 420.4
1064340 420.4
1064350 420.4
1064360 420.6
1064370 420.6
1064380 421.0
1064390 421.3
1064400 421.5
1064410 421.5
1064420 422.6
1064430 424.7
1064440 424.7
1064450 425.6
1064460 426.7
1064470 426.7
1064480 426.7
1064490 426.7
1064500 426.7
1064510 426.8
1064520 426.7
1064530 426.7
1064540 426.7
1064550 426.7
1064560 426.7
1064570 426.7
1064580 426.7
1064590 426.7
1064600 426.7
1064610 426.7
1064620 426.7
1064630 426.9
1064640 428.0
1064650 428.0
1064660 430.1
1064670 430.2
1064680 428.6
1064690 428.6
1064700 426.8
1064710 425.7
1064720 425.7
1064730 425.6
1064740 425.8
1064750 425.8
1064760 425.7
1064770 425.9
1064780 425.9
1064790 425.9
1064800 425.8
1064810 425.8
1064820 425.7
1064830 425.5
1064840 425.5
1064850 424.9
1064860 424.7
1064870 424.7
1064880 424.7
1064890 425.2
1064900 425.2
1064910 425.3
1064920 425.3
1064930 425.3
1064940 425.2
1064950 425.2
1064960 425.4
1064970 425.4
1064980 424.8
1064990 424.0
1065000 424.0
1065010 424.1
1065020 424.2
1065030 424.2
1065040 424.1
1065050 424.1
1065060 424.1
1065070 423.9
1065080 423.7
1065090 423.7
1065100 423.7
1065110 423.8
1065120 423.8
1065130 423.7
1065140 423.7
1065150 423.7
1065160 423.6
1065170 423.6
1065180 423.6
1065190 423.6
1065200 423.6
1065210 423.6
1065220 423.6
1065230 423.5
1065240 423.5
1065250 423.5
1065260 423.4
1065270 423.4
1065280 423.4
1065290 423.4
1065300 423.3
1065310 423.3
1065320 423.3
1065330 423.3
1065340 423.3
1065350 423.2
1065360 423.2
1065370 423.2
1065380 423.2
1065390 423.2
1065400 423.2
1065410 423.2
1065420 423.1
1065430 423.1
1065440 422.5
1065450 422.9
1065460 422.9
1065470 423.3
1065480 423.3
1065490 423.3
1065500 423.4
1065510 423.7
1065520 423.7
1065530 423.7
1065540 423.6
1065550 423.5
1065560 423.5
1065570 423.2
1065580 423.2
1065590 423.2
1065600 423.5
1065610 423.7
1065620 423.7
1065630 423.7
1065640 423.6
1065650 423.6
1065660 423.4
1065670 423.1
1065680 423.1
1065690 423.1
1065700 423.1
1065710 423.1
1065720 423.3
1065730 423.3
1065740 423.3
1065750 423.1
1065760 423.1
1065770 423.1
1065780 423.1
1065790 423.0
1065800 423.0
1065810 423.0
1065820 423.1
1065830 423.3
1065840 423.3
1065850 423.5
1065860 423.5
1065870 423.5
1065880 423.4
1065890 423.3
1065900 423.3
1065910 423.5
1065920 423.5
1065930 423.5
1065940 423.4
1065950 423.3
1065960 423.3
1065970 423.3
1065980 423.4
1065990 423.4
1066000 423.4
1066010 423.1
1066020 423.1
1066030 422.8
1066040 422.7
1066050 422.7
1066060 422.6
1066070 423.0
1066080 423.0
1066090 423.2
1066100 423.3
1066110 423.4
1066120 423.4
1066130 423.2
1066140 422.8
1066150 422.8
1066160 422.6
1066170 422.6
1066180 422.6
1066190 422.3
1066200 422.5
1066210 422.5
1066220 422.7
1066230 422.8
1066240 422.8
1066250 422.9
1066260 422.9
1066270 422.9
1066280 422.8
1066290 422.9
1066300 422.9
1066310 423.0
1066320 423.0
1066330 423.0
1066340 423.1
1066350 423.4
1066360 423.4
1066370 423.4
1066380 423.5
1066390 423.6
1066400 423.6
1066410 423.5
1066420 423.6
1066430 423.6
1066440 423.6
1066450 423.4
1066460 423.4
1066470 423.3
1066480 423.3
1066490 423.3
1066500 423.4
1066510 423.3
1066520 423.3
1066530 423.4
1066540 423.3
1066550 423.3
1066560 423.4
1066570 423.5
1066580 423.5
1066590 423.6
1066600 423.6
1066610 423.6
1066620 423.7
1066630 423.7
1066640 423.7
1066650 423.7
1066660 423.8
1066670 423.9
1066680 423.9
1066690 423.9
1066700 424.0
1066710 424.0
1066720 424.2
1066730 424.3
1066740 424.3
1066750 424.2
1066760 424.0
1066770 424.0
1066780 424.1
1066790 424.1
1066800 424.1
1066810 424.1
1066820 424.2
1066830 424.2
1066840 424.2
1066850 424.1
1066860 424.1
1066870 424.2
1066880 424.3
1066890 424.4
1066900 424.5
1066910 424.5
1066920 424.5
1066930 424.5
1066940 424.7
1066950 424.6
1066960 424.6
1066970 424.7
1066980 424.8
1066990 424.8
1067000 424.7
1067010 425.0
1067020 425.0
1067030 425.1
1067040 425.1
1067050 425.1
1067060 425.0
1067070 425.3
1067080 425.3
1067090 425.3
1067100 425.1
1067110 425.1
1067120 425.0
1067130 425.1
1067140 425.1
1067150 425.1
1067160 425.3
1067170 425.3
1067180 425.2
1067190 425.2
1067200 425.2
1067210 425.2
1067220 425.3
1067230 425.3
1067240 425.3
1067250 425.4
1067260 425.4
1067270 425.4
1067280 425.5
1067290 425.4
1067300 425.4
1067310 425.5
1067320 425.5
1067330 425.5
1067340 425.3
1067350 424.8
1067360 424.8
1067370 425.1
1067380 425.4
1067390 425.4
1067400 425.5
1067410 425.5
1067420 425.5
1067430 425.5
1067440 425.6
1067450 425.6
1067460 425.7
1067470 425.9
1067480 425.9
1067490 426.0
1067500 426.2
1067510 426.2
1067520 426.2
1067530 426.2
1067540 426.4
1067550 426.4
1067560 426.4
1067570 426.6
1067580 426.6
1067590 426.8
1067600 426.8
1067610 426.8
1067620 426.8
1067630 426.8
1067640 426.8
1067650 426.8
1067660 426.9
1067670 426.9
1067680 426.9
1067690 427.1
1067700 427.1
1067710 427.2
1067720 427.2
1067730 427.2
1067740 427.2
1067750 427.3
1067760 427.3
1067770 427.2
1067780 427.3
1067790 427.3
1067800 427.1
1067810 427.1
1067820 427.0
1067830 427.0
1067840 427.0
1067850 426.9
1067860 426.9
1067870 426.9
1067880 426.9
1067890 426.9
1067900 426.9
1067910 426.9
1067920 426.9
1067930 427.0
1067940 427.0
1067950 427.0
1067960 427.0
1067970 427.1
1067980 427.1
1067990 427.0
1068000 427.0
1068010 427.0
1068020 427.0
1068030 427.0
1068040 427.0
1068050 427.0
1068060 427.0
1068070 427.0
1068080 427.2
1068090 427.3
1068100 427.3
1068110 427.4
1068120 427.4
1068130 427.3
1068140 427.3
1068150 427.4
1068160 427.5
1068170 427.5
1068180 427.9
1068190 428.0
1068200 428.0
1068210 427.7
1068220 427.7
1068230 427.7
1068240 427.8
1068250 427.9
1068260 427.9
1068270 427.9
1068280 428.0
1068290 428.0
1068300 428.1
1068310 428.1
1068320 428.1
1068330 428.0
1068340 427.9
1068350 427.9
1068360 428.0
1068370 428.1
1068380 428.2
1068390 428.2
1068400 428.4
1068410 428.5
1068420 428.5
1068430 428.5
1068440 428.6
1068450 428.6
1068460 428.6
1068470 428.5
1068480 428.5
1068490 428.3
1068500 428.3
1068510 428.3
1068520 428.3
1068530 428.6
1068540 428.6
1068550 428.8
1068560 429.0
1068570 429.0
1068580 429.0
1068590 429.0
1068600 429.0
1068610 429.0
1068620 429.0
1068630 429.0
1068640 429.0
1068650 429.3
1068660 429.2
1068670 429.2
1068680 429.1
1068690 429.2
1068700 429.2
1068710 429.2
1068720 429.4
1068730 429.4
1068740 429.4
1068750 429.3
1068760 429.3
1068770 429.3
1068780 429.4
1068790 429.4
1068800 429.4
1068810 429.5
1068820 429.5
1068830 429.5
1068840 429.7
1068850 429.7
1068860 429.7
1068870 429.9
1068880 429.9
1068890 430.0
1068900 430.1
1068910 430.1
1068920 430.2
1068930 430.3
1068940 430.4
1068950 430.4
1068960 430.6
1068970 430.7
1068980 430.7
1068990 430.8
1069000 430.9
1069010 430.9
1069020 431.1
1069030 431.2
1069040 431.2
1069050 431.4
1069060 431.5
1069070 431.5
1069080 431.5
1069090 431.5
1069100 431.5
1069110 431.7
1069120 432.1
1069130 432.1
1069140 432.0
1069150 431.9
1069160 431.9
1069170 432.0
1069180 432.2
1069190 432.2
1069200 432.3
1069210 432.4
1069220 432.4
1069230 432.5
1069240 432.6
1069250 432.6
1069260 432.6
1069270 432.7
1069280 432.8
1069290 432.8
1069300 432.8
1069310 432.9
1069320 432.9
1069330 433.1
1069340 433.3
1069350 433.3
1069360 433.3
1069370 433.3
1069380 433.3
1069390 433.4
1069400 433.4
1069410 433.4
1069420 433.3
1069430 433.2
1069440 433.2
1069450 433.1
1069460 433.2
1069470 433.2
1069480 433.2
1069490 433.3
1069500 433.3
1069510 433.3
1069520 433.3
1069530 433.3
1069540 433.3
1069550 433.4
1069560 433.6
1069570 433.6
1069580 433.7
1069590 433.8
1069600 433.8
1069610 433.9
1069620 434.0
1069630 434.0
1069640 434.1
1069650 434.2
1069660 434.2
1069670 434.2
1069680 434.2
1069690 434.2
1069700 434.3
1069710 434.4
1069720 434.4
1069730 434.5
1069740 434.8
1069750 434.8
1069760 434.9
1069770 435.1
1069780 435.1
1069790 435.3
1069800 435.4
1069810 435.5
1069820 435.5
1069830 435.5
1069840 435.7
1069850 435.7
1069860 436.0
1069870 436.0
1069880 436.0
1069890 436.1
1069900 436.2
1069910 436.2
1069920 436.0
1069930 436.2
1069940 436.2
1069950 436.6
1069960 436.4
1069970 436.4
1069980 436.0
1069990 436.3
1070000 436.3
1070010 436.2
1070020 436.2
1070030 436.2
1070040 436.3
1070050 436.4
1070060 436.4
1070070 436.5
1070080 436.5
1070090 436.5
1070100 436.5
1070110 436.3
1070120 436.4
1070130 436.4
1070140 436.5
1070150 436.5
1070160 436.5
1070170 436.6
1070180 436.7
1070190 436.7
1070200 436.8
1070210 437.0
1070220 437.0
1070230 437.0
1070240 437.1
1070250 437.1
1070260 437.2
1070270 437.3
1070280 437.3
1070290 437.4
1070300 437.6
1070310 437.6
1070320 437.6
1070330 437.7
1070340 437.7
1070350 437.9
1070360 439.3
1070370 439.4
1070380 439.4
1070390 438.2
1070400 437.9
1070410 437.9
1070420 438.4
1070430 438.0
1070440 438.0
1070450 438.1
1070460 439.2
1070470 439.2
1070480 439.9
1070490 439.0
1070500 439.0
1070510 439.1
1070520 439.2
1070530 439.2
1070540 439.3
1070550 439.5
1070560 439.5
1070570 439.7
1070580 440.0
1070590 440.0
1070600 440.5
1070610 442.6
1070620 442.6
1070630 444.6
1070640 441.8
1070650 439.0
1070660 439.0
1070670 440.1
1070680 444.1
1070690 444.1
1070700 444.8
1070710 441.1
1070720 441.1
1070730 439.7
1070740 439.9
1070750 439.9
1070760 439.9
1070770 439.9
1070780 439.9
1070790 439.9
1070800 439.9
1070810 439.9
1070820 440.0
1070830 440.0
1070840 440.0
1070850 440.0
1070860 440.0
1070870 440.0
1070880 440.0
1070890 440.2
1070900 440.2
1070910 440.8
1070920 441.1
1070930 441.1
1070940 441.2
1070950 441.4
1070960 441.9
1070970 441.9
1070980 442.0
1070990 441.4
1071000 441.4
1071010 441.5
1071020 441.8
1071030 441.8
1071040 441.9
1071050 441.9
1071060 441.9
1071070 441.9
1071080 441.7
1071090 441.7
1071100 441.6
1071110 441.6
1071120 441.6
1071130 441.8
1071140 441.6
1071150 441.6
1071160 441.3
1071170 441.3
1071180 441.3
1071190 441.4
1071200 441.4
1071210 441.4
1071220 441.4
1071230 441.4
1071240 441.4
1071250 441.4
1071260 441.6
1071270 443.6
1071280 443.6
1071290 445.8
1071300 447.2
1071310 447.2
1071320 447.4
1071330 447.2
1071340 447.2
1071350 445.1
1071360 443.5
1071370 443.5
1071380 442.6
1071390 442.6
1071400 442.6
1071410 442.6
1071420 442.7
1071430 442.7
1071440 442.8
1071450 442.9
1071460 442.9
1071470 443.0
1071480 443.1
1071490 443.2
1071500 443.4
1071510 443.5
1071520 443.6
1071530 443.6
1071540 443.8
1071550 444.1
1071560 444.1
1071570 444.2
1071580 444.3
1071590 444.3
1071600 444.4
1071610 444.6
1071620 444.6
1071630 445.2
1071640 445.7
1071650 445.7
1071660 445.7
1071670 445.2
1071680 445.2
1071690 445.1
1071700 445.2
1071710 445.2
1071720 445.4
1071730 445.5
1071740 445.5
1071750 445.8
1071760 446.1
1071770 446.1
1071780 446.2
1071790 446.5
1071800 446.6
1071810 446.6
1071820 446.9
1071830 447.2
1071840 447.2
1071850 447.6
1071860 448.1
1071870 448.1
1071880 447.9
1071890 448.0
1071900 448.0
1071910 448.0
1071920 447.2
1071930 447.2
1071940 447.0
1071950 447.0
1071960 447.0
1071970 447.0
1071980 447.7
1071990 447.7
1072000 450.1
1072010 449.7
1072020 449.7
1072030 446.9
1072040 447.0
1072050 447.0
1072060 447.1
1072070 447.3
1072080 447.4
1072090 447.4
1072100 447.5
1072110 447.7
1072120 447.7
1072130 447.9
1072140 448.0
1072150 448.0
1072160 448.2
1072170 448.3
1072180 448.3
1072190 448.5
1072200 448.6
1072210 448.6
1072220 448.8
1072230 448.9
1072240 448.9
1072250 449.0
1072260 449.1
1072270 449.1
1072280 449.2
1072290 449.3
1072300 449.3
1072310 449.5
1072320 449.6
1072330 449.6
1072340 449.7
1072350 449.8
1072360 450.0
1072370 450.0
1072380 450.1
1072390 450.2
1072400 450.2
1072410 450.4
1072420 450.5
1072430 450.5
1072440 450.8
1072450 451.0
1072460 451.0
1072470 451.2
1072480 451.3
1072490 451.3
1072500 451.5
1072510 451.6
1072520 451.6
1072530 451.8
1072540 451.9
1072550 451.9
1072560 452.0
1072570 452.2
1072580 452.2
1072590 452.3
1072600 452.5
1072610 452.5
1072620 452.6
1072630 452.6
1072640 452.6
1072650 452.7
1072660 452.7
1072670 452.8
1072680 452.8
1072690 452.8
1072700 452.8
1072710 452.8
1072720 453.1
1072730 453.3
1072740 453.3
1072750 453.5
1072760 453.6
1072770 453.6
1072780 453.7
1072790 453.9
1072800 453.9
1072810 454.2
1072820 454.4
1072830 454.4
1072840 454.5
1072850 454.6
1072860 454.6
1072870 454.8
1072880 455.0
1072890 455.0
1072900 455.1
1072910 455.3
1072920 455.3
1072930 455.5
1072940 455.7
1072950 455.9
1072960 455.9
1072970 456.2
1072980 456.5
1072990 456.5
1073000 456.7
1073010 456.7
1073020 456.7
1073030 456.8
1073040 457.0
1073050 457.0
1073060 457.2
1073070 457.4
1073080 457.4
1073090 457.6
1073100 457.8
1073110 457.8
1073120 458.0
1073130 458.1
1073140 458.1
1073150 458.2
1073160 458.3
1073170 458.3
1073180 458.5
1073190 458.6
1073200 458.6
1073210 458.7
1073220 459.1
1073230 460.0
1073240 460.0
1073250 460.5
1073260 460.6
1073270 460.6
1073280 460.6
1073290 460.6
1073300 460.6
1073310 460.6
1073320 460.7
1073330 460.7
1073340 460.6
1073350 460.7
1073360 460.7
1073370 460.9
1073380 461.3
1073390 461.3
1073400 461.7
1073410 461.9
1073420 461.9
1073430 462.1
1073440 462.4
1073450 462.4
1073460 462.7
1073470 462.8
1073480 462.8
1073490 463.0
1073500 463.0
1073510 463.2
1073520 463.2
1073530 463.6
1073540 463.8
1073550 463.8
1073560 463.8
1073570 464.1
1073580 464.1
1073590 464.4
1073600 464.7
1073610 464.7
1073620 464.9
1073630 465.1
1073640 465.1
1073650 465.3
1073660 465.7
1073670 465.7
1073680 466.1
1073690 466.7
1073700 466.7
1073710 466.9
1073720 467.4
1073730 467.4
1073740 467.6
1073750 467.7
1073760 467.7
1073770 468.3
1073780 468.5
1073790 468.6
1073800 468.6
1073810 469.1
1073820 470.2
1073830 470.2
1073840 470.7
1073850 470.7
1073860 470.7
1073870 469.8
1073880 469.2
1073890 469.2
1073900 469.1
1073910 469.0
1073920 469.0
1073930 469.1
1073940 469.1
1073950 469.1
1073960 468.9
1073970 469.1
1073980 469.1
1073990 469.5
1074000 469.4
1074010 469.4
1074020 469.4
1074030 469.7
1074040 469.7
1074050 469.9
1074060 470.0
1074070 469.9
1074080 469.9
1074090 469.9
1074100 470.1
1074110 470.1
1074120 470.3
1074130 470.6
1074140 470.6
1074150 470.6
1074160 470.7
1074170 470.7
1074180 471.1
1074190 471.0
1074200 471.0
1074210 470.9
1074220 471.1
1074230 471.1
1074240 471.3
1074250 471.5
1074260 471.5
1074270 471.6
1074280 471.7
1074290 471.7
1074300 471.9
1074310 472.1
1074320 472.1
1074330 471.6
1074340 471.1
1074350 472.8
1074360 472.8
1074370 473.8
1074380 474.0
1074390 474.0
1074400 474.3
1074410 474.7
1074420 474.7
1074430 474.9
1074440 475.2
1074450 475.2
1074460 475.8
1074470 476.2
1074480 476.2
1074490 475.9
1074500 476.4
1074510 476.4
1074520 476.8
1074530 477.0
1074540 477.0
1074550 477.6
1074560 478.6
1074570 478.6
1074580 479.0
1074590 483.3
1074600 483.3
1074610 485.4
1074620 488.0
1074630 488.0
1074640 489.6
1074650 490.6
1074660 492.7
1074670 492.7
1074680 495.9
1074690 497.8
1074700 497.8
1074710 499.3
1074720 502.2
1074730 502.2
1074740 503.8
1074750 506.8
1074760 506.8
1074770 510.2
1074780 513.2
1074790 513.2
1074800 516.0
1074810 518.6
1074820 518.6
1074830 522.5
1074840 525.6
1074850 525.6
1074860 528.7
1074870 530.0
1074880 530.0
1074890 530.7
1074900 531.6
1074910 531.6
1074920 532.1
1074930 533.2
1074940 535.6
1074950 535.6
1074960 538.5
1074970 541.3
1074980 541.3
1074990 543.3
1075000 544.6
1075010 544.6
1075020 545.6
1075030 546.8
1075040 546.8
1075050 547.8
1075060 548.4
1075070 548.4
1075080 548.2
1075090 546.1
1075100 546.1
1075110 541.8
1075120 538.8
1075130 538.8
1075140 538.4
1075150 539.8
1075160 539.8
1075170 541.9
1075180 545.1
1075190 545.1
1075200 548.2
1075210 551.2
1075220 553.2
1075230 553.2
1075240 555.8
1075250 559.0
1075260 559.0
1075270 561.9
1075280 564.7
1075290 564.7
1075300 567.2
1075310 569.5
1075320 569.5
1075330 571.7
1075340 573.8
1075350 573.8
1075360 576.0
1075370 578.4
1075380 578.4
1075390 581.0
1075400 583.7
1075410 583.7
1075420 586.1
1075430 588.8
1075440 588.8
1075450 592.2
1075460 595.5
1075470 595.5
1075480 598.9
1075490 602.5
1075500 606.4
1075510 606.4
1075520 614.2
1075530 618.9
1075540 618.9
1075550 625.2
1075560 631.5
1075570 631.5
1075580 635.6
1075590 639.0
1075600 639.0
1075610 642.1
1075620 645.7
1075630 645.7
1075640 649.2
1075650 651.6
1075660 651.6
1075670 653.7
1075680 655.7
1075690 655.7
1075700 657.4
1075710 659.0
1075720 659.0
1075730 660.8
1075740 663.4
1075750 663.4
1075760 667.0
1075770 670.8
1075780 674.5
1075790 674.5
1075800 677.8
1075810 679.0
1075820 679.0
1075830 679.0
1075840 679.3
1075850 679.3
1075860 679.7
1075870 679.5
1075880 679.5
1075890 679.1
1075900 678.9
1075910 678.9
1075920 679.1
1075930 679.1
1075940 679.1
1075950 679.8
1075960 680.4
1075970 680.4
1075980 680.8
1075990 680.8
1076000 680.8
1076010 680.0
1076020 678.0
1076030 678.0
1076040 675.5
1076050 672.0
1076060 667.0
1076070 667.0
1076080 662.2
1076090 657.3
1076100 657.3
1076110 652.2
1076120 649.9
1076130 649.9
1076140 649.5
1076150 652.2
1076160 652.2
1076170 656.5
1076180 663.1
1076190 663.1
1076200 669.1
1076210 673.9
1076220 673.9
1076230 677.8
1076240 680.0
1076250 680.0
1076260 682.0
1076270 683.9
1076280 683.9
1076290 686.9
1076300 689.7
1076310 689.7
1076320 691.2
1076330 692.4
1076340 694.4
1076350 694.4
1076360 697.1
1076370 700.2
1076380 700.2
1076390 707.0
1076400 713.0
1076410 713.0
1076420 720.6
1076430 728.7
1076440 728.7
1076450 737.5
1076460 744.9
1076470 744.9
1076480 751.4
1076490 755.0
1076500 755.0
1076510 755.4
1076520 755.6
1076530 755.6
1076540 757.2
1076550 760.6
1076560 760.6
1076570 762.7
1076580 763.5
1076590 763.5
1076600 766.0
1076610 769.7
1076620 769.7
1076630 771.7
1076640 773.9
1076650 776.6
1076660 776.6
1076670 778.1
1076680 780.5
1076690 780.5
1076700 783.3
1076710 785.6
1076720 785.6
1076730 786.8
1076740 787.3
1076750 787.3
1076760 787.4
1076770 785.6
1076780 785.6
1076790 786.8
1076800 790.0
1076810 790.0
1076820 790.9
1076830 789.9
1076840 789.9
1076850 789.6
1076860 791.1
1076870 791.1
1076880 795.7
1076890 797.8
1076900 797.8
1076910 798.7
1076920 800.4
1076930 802.3
1076940 802.3
1076950 804.7
1076960 807.8
1076970 807.8
1076980 810.7
1076990 814.4
1077000 814.4
1077010 815.8
1077020 817.8
1077030 817.8
1077040 820.3
1077050 820.5
1077060 820.5
1077070 822.4
1077080 824.0
1077090 824.0
1077100 827.0
1077110 828.2
1077120 828.2
1077130 829.3
1077140 831.1
1077150 831.1
1077160 832.4
1077170 833.6
1077180 833.6
1077190 833.7
1077200 834.5
1077210 834.5
1077220 834.5
1077230 834.5
1077240 836.5
1077250 836.5
1077260 840.5
1077270 842.1
1077280 842.1
1077290 842.1
1077300 842.0
1077310 842.0
1077320 842.3
1077330 845.1
1077340 845.1
1077350 848.6
1077360 850.3
1077370 850.3
1077380 852.5
1077390 851.2
1077400 851.2
1077410 852.7
1077420 853.1
1077430 853.1
1077440 853.5
1077450 855.2
1077460 855.2
1077470 859.4
1077480 862.9
1077490 863.6
1077500 863.6
1077510 867.9
1077520 868.4
1077530 868.4
1077540 867.2
1077550 865.3
1077560 865.3
1077570 861.6
1077580 859.3
1077590 859.3
1077600 857.3
1077610 856.7
1077620 856.7
1077630 857.2
1077640 857.5
1077650 857.5
1077660 857.3
1077670 857.9
1077680 857.9
1077690 859.9
1077700 858.1
1077710 858.1
1077720 858.8
1077730 858.2
1077740 858.2
1077750 857.1
1077760 855.4
1077770 853.6
1077780 853.6
1077790 851.5
1077800 848.8
1077810 848.8
1077820 845.3
1077830 841.6
1077840 841.6
1077850 839.5
1077860 838.3
1077870 838.3
1077880 836.4
1077890 834.3
1077900 834.3
1077910 832.1
1077920 829.8
1077930 829.8
1077940 827.3
1077950 825.3
1077960 825.3
1077970 823.3
1077980 821.4
1077990 821.4
1078000 819.5
1078010 817.1
1078020 813.5
1078030 812.0
1078040 809.6
1078050 806.9
1078060 806.9
1078070 804.5
1078080 804.2
1078090 804.2
1078100 803.4
1078110 801.2
1078120 801.2
1078130 800.0
1078140 798.7
1078150 798.7
1078160 796.7
1078170 795.1
1078180 795.1
1078190 794.0
1078200 792.9
1078210 792.9
1078220 792.6
1078230 791.6
1078240 791.6
1078250 790.6
1078260 789.8
1078270 789.8
1078280 789.8
1078290 789.2
1078300 789.2
1078310 787.9
1078320 786.8
1078330 780.1
1078340 780.1
1078350 777.8
1078360 776.6
1078370 776.6
1078380 775.5
1078390 774.1
1078400 774.1
1078410 773.0
1078420 771.9
1078430 771.9
1078440 771.2
1078450 770.5
1078460 770.5
1078470 770.8
1078480 770.4
1078490 770.4
1078500 769.3
1078510 766.1
1078520 766.1
1078530 763.4
1078540 756.5
1078550 756.5
1078560 748.1
1078570 740.7
1078580 740.7
1078590 734.4
1078600 724.9
1078610 724.9
1078620 718.0
1078630 715.9
1078640 713.6
1078650 711.1
1078660 708.5
1078670 706.4
1078680 706.4
1078690 704.9
1078700 705.2
1078710 705.2
1078720 705.3
1078730 705.6
1078740 705.6
1078750 705.2
1078760 705.0
1078770 705.0
1078780 707.3
1078790 709.1
1078800 709.1
1078810 710.9
1078820 712.5
1078830 712.5
1078840 713.8
1078850 714.2
1078860 714.2
1078870 714.8
1078880 715.4
1078890 715.4
1078900 715.5
1078910 716.1
1078920 716.7
1078930 716.7
1078940 717.4
1078950 717.6
1078960 713.2
1078970 712.9
1078980 713.1
1078990 713.1
1079000 713.7
1079010 715.4
1079020 715.4
1079030 716.6
1079040 716.3
1079050 716.3
1079060 715.5
1079070 711.4
1079080 711.4
1079090 705.1
1079100 701.1
1079110 701.1
1079120 698.1
1079130 695.8
1079140 695.8
1079150 693.4
1079160 691.1
1079170 691.1
1079180 688.0
1079190 679.7
1079200 670.0
1079210 670.0
1079220 663.2
1079230 662.0
1079240 662.0
1079250 661.6
1079260 661.5
1079270 660.9
1079280 663.0
1079290 668.0
1079300 668.0
1079310 672.7
1079320 681.4
1079330 681.4
1079340 693.8
1079350 697.5
1079360 697.5
1079370 698.9
1079380 702.6
1079390 702.6
1079400 707.4
1079410 711.8
1079420 711.8
1079430 716.0
1079440 719.9
1079450 719.9
1079460 723.4
1079470 725.5
1079480 724.2
1079490 724.2
1079500 720.2
1079510 716.6
1079520 716.6
1079530 712.8
1079540 709.1
1079550 709.1
1079560 706.1
1079570 703.7
1079580 703.7
1079590 704.4
1079600 700.8
1079610 700.8
1079620 706.2
1079630 709.4
1079640 709.4
1079650 712.3
1079660 702.9
1079670 702.9
1079680 691.3
1079690 690.0
1079700 690.0
1079710 693.0
1079720 698.4
1079730 698.4
1079740 704.9
1079750 716.6
1079760 726.4
1079770 726.4
1079780 740.5
1079790 753.7
1079800 753.7
1079810 760.4
1079820 765.5
1079830 765.5
1079840 765.3
1079850 759.2
1079860 759.2
1079870 752.8
1079880 746.2
1079890 746.2
1079900 748.1
1079910 743.1
1079920 743.1
1079930 738.0
1079940 738.0
1079950 738.0
1079960 735.1
1079970 725.6
1079980 725.6
1079990 717.5
