1064200 426.3
1064210 426.7
1064220 426.7
1064230 426.5
1064240 426.4
1064250 426.4
1064260 428.0
1064270 428.5
1064280 428.5
1064290 428.7
1064300 429.1
1064310 429.1
1064320 427.6
1064330 425.6
1064340 426.0
1064350 425.6
1064360 425.9
1064370 425.9
1064380 426.4
1064390 426.5
1064400 426.5
1064410 426.4
1064420 426.3
1064430 426.2
1064440 426.2
1064450 426.2
1064460 426.4
1064470 426.4
1064480 427.0
1064490 429.3
1064500 429.3
1064510 430.6
1064520 429.9
1064530 429.9
1064540 426.6
1064550 424.3
1064560 424.3
1064570 421.9
1064580 420.1
1064590 420.1
1064600 420.0
1064610 420.0
1064620 420.0
1064630 419.9
1064640 419.9
1064650 419.9
1064660 419.9
1064670 419.9
1064680 419.9
1064690 419.9
1064700 419.9
1064710 420.5
1064720 420.5
1064730 423.4
1064740 425.7
1064750 425.7
1064760 425.9
1064770 426.1
1064780 426.1
1064790 426.2
1064800 426.2
1064810 426.2
1064820 426.2
1064830 426.1
1064840 426.1
1064850 426.1
1064860 426.1
1064870 426.1
1064880 426.2
1064890 426.2
1064900 426.2
1064910 426.2
1064920 426.2
1064930 426.2
1064940 426.2
1064950 426.9
1064960 426.9
1064970 428.4
1064980 429.7
1064990 429.7
1065000 429.7
1065010 428.4
1065020 428.2
1065030 428.2
1065040 424.9
1065050 423.3
1065060 423.3
1065070 423.1
1065080 423.1
1065090 423.1
1065100 423.1
1065110 423.2
1065120 423.2
1065130 423.3
1065140 423.4
1065150 423.4
1065160 423.5
1065170 423.6
1065180 423.6
1065190 423.5
1065200 423.2
1065210 423.2
1065220 423.1
1065230 422.9
1065240 422.9
1065250 423.3
1065260 423.3
1065270 423.2
1065280 423.2
1065290 423.2
1065300 423.2
1065310 423.2
1065320 423.2
1065330 423.1
1065340 423.1
1065350 423.2
1065360 423.2
1065370 423.2
1065380 423.1
1065390 423.0
1065400 423.0
1065410 423.0
1065420 422.9
1065430 422.9
1065440 423.0
1065450 423.0
1065460 423.0
1065470 423.1
1065480 423.1
1065490 423.1
1065500 423.2
1065510 423.0
1065520 423.0
1065530 422.9
1065540 422.9
1065550 423.0
1065560 423.1
1065570 423.0
1065580 423.0
1065590 423.0
1065600 423.1
1065610 423.2
1065620 423.2
1065630 423.1
1065640 423.0
1065650 423.0
1065660 423.0
1065670 423.0
1065680 423.0
1065690 422.9
1065700 422.8
1065710 422.8
1065720 422.7
1065730 422.0
1065740 422.0
1065750 422.2
1065760 422.9
1065770 422.9
1065780 422.9
1065790 423.0
1065800 423.0
1065810 423.2
1065820 423.3
1065830 423.3
1065840 423.1
1065850 423.0
1065860 422.8
1065870 422.8
1065880 423.2
1065890 423.4
1065900 423.4
1065910 423.2
1065920 423.1
1065930 423.1
1065940 423.6
1065950 423.5
1065960 423.5
1065970 423.1
1065980 423.0
1065990 423.0
1066000 423.3
1066010 423.3
1066020 423.3
1066030 423.2
1066040 423.6
1066050 423.6
1066060 423.6
1066070 423.5
1066080 423.5
1066090 423.3
1066100 422.5
1066110 422.5
1066120 421.7
1066130 421.8
1066140 421.7
1066150 421.7
1066160 422.1
1066170 422.2
1066180 422.2
1066190 422.6
1066200 422.0
1066210 422.0
1066220 422.9
1066230 423.8
1066240 423.8
1066250 423.8
1066260 423.1
1066270 423.1
1066280 423.3
1066290 423.3
1066300 423.3
1066310 423.1
1066320 423.1
1066330 423.1
1066340 423.4
1066350 423.3
1066360 423.3
1066370 422.9
1066380 422.9
1066390 422.9
1066400 422.9
1066410 422.7
1066420 422.7
1066430 422.7
1066440 422.6
1066450 422.5
1066460 422.5
1066470 422.6
1066480 422.6
1066490 422.6
1066500 422.6
1066510 422.6
1066520 422.6
1066530 422.7
1066540 422.7
1066550 422.7
1066560 422.7
1066570 422.7
1066580 422.7
1066590 422.7
1066600 422.6
1066610 422.6
1066620 422.6
1066630 422.6
1066640 422.6
1066650 422.6
1066660 422.6
1066670 422.6
1066680 422.7
1066690 422.7
1066700 422.7
1066710 422.8
1066720 423.0
1066730 423.1
1066740 423.1
1066750 423.0
1066760 422.8
1066770 422.9
1066780 423.0
1066790 423.1
1066800 423.1
1066810 423.3
1066820 423.3
1066830 423.3
1066840 423.5
1066850 423.8
1066860 423.8
1066870 423.8
1066880 423.7
1066890 423.7
1066900 423.7
1066910 423.8
1066920 423.8
1066930 423.8
1066940 424.2
1066950 424.2
1066960 424.1
1066970 423.8
1066980 423.8
1066990 423.9
1067000 424.3
1067010 424.3
1067020 424.3
1067030 424.3
1067040 424.1
1067050 424.1
1067060 424.0
1067070 423.8
1067080 423.9
1067090 424.2
1067100 424.1
1067110 424.1
1067120 424.0
1067130 424.0
1067140 424.0
1067150 424.1
1067160 424.1
1067170 424.1
1067180 424.2
1067190 424.2
1067200 424.2
1067210 424.3
1067220 424.4
1067230 424.4
1067240 424.4
1067250 424.5
1067260 424.5
1067270 424.5
1067280 424.5
1067290 424.5
1067300 424.5
1067310 424.6
1067320 424.6
1067330 424.6
1067340 424.7
1067350 424.7
1067360 424.7
1067370 424.8
1067380 425.0
1067390 425.0
1067400 425.2
1067410 425.2
1067420 425.2
1067430 425.1
1067440 425.2
1067450 425.2
1067460 425.3
1067470 425.4
1067480 425.4
1067490 425.6
1067500 425.8
1067510 425.8
1067520 425.6
1067530 425.6
1067540 425.6
1067550 425.6
1067560 425.5
1067570 425.4
1067580 425.4
1067590 425.3
1067600 425.2
1067610 425.2
1067620 425.0
1067630 425.2
1067640 425.2
1067650 425.4
1067660 425.3
1067670 425.3
1067680 425.2
1067690 425.4
1067700 425.4
1067710 425.6
1067720 425.6
1067730 425.6
1067740 425.6
1067750 425.6
1067760 425.6
1067770 425.7
1067780 425.8
1067790 425.8
1067800 425.9
1067810 425.9
1067820 425.9
1067830 425.9
1067840 425.9
1067850 425.9
1067860 425.9
1067870 425.9
1067880 426.0
1067890 426.0
1067900 425.6
1067910 425.3
1067920 425.3
1067930 425.7
1067940 425.4
1067950 425.4
1067960 425.2
1067970 425.3
1067980 425.3
1067990 425.5
1068000 425.7
1068010 425.7
1068020 425.8
1068030 425.9
1068040 425.9
1068050 426.0
1068060 426.0
1068070 426.0
1068080 426.0
1068090 425.9
1068100 425.9
1068110 425.9
1068120 426.0
1068130 426.1
1068140 426.1
1068150 426.3
1068160 426.4
1068170 426.4
1068180 426.4
1068190 426.6
1068200 426.6
1068210 426.8
1068220 426.9
1068230 426.9
1068240 427.0
1068250 427.2
1068260 427.2
1068270 427.0
1068280 427.0
1068290 427.0
1068300 427.1
1068310 427.2
1068320 427.2
1068330 427.3
1068340 427.4
1068350 427.4
1068360 427.4
1068370 427.5
1068380 427.5
1068390 427.6
1068400 427.7
1068410 427.7
1068420 427.8
1068430 427.8
1068440 427.9
1068450 427.9
1068460 427.9
1068470 428.0
1068480 428.0
1068490 428.0
1068500 428.1
1068510 428.1
1068520 428.1
1068530 428.2
1068540 428.2
1068550 428.2
1068560 428.3
1068570 428.3
1068580 428.4
1068590 428.6
1068600 428.6
1068610 428.7
1068620 428.8
1068630 428.8
1068640 428.8
1068650 428.9
1068660 428.9
1068670 429.0
1068680 429.0
1068690 429.0
1068700 428.9
1068710 429.0
1068720 429.1
1068730 429.1
1068740 429.1
1068750 428.9
1068760 428.9
1068770 428.8
1068780 428.7
1068790 428.7
1068800 428.7
1068810 428.7
1068820 428.7
1068830 428.8
1068840 428.9
1068850 428.9
1068860 429.1
1068870 429.4
1068880 429.4
1068890 429.6
1068900 429.6
1068910 429.6
1068920 429.7
1068930 429.8
1068940 429.8
1068950 429.8
1068960 429.9
1068970 429.9
1068980 430.1
1068990 430.2
1069000 430.3
1069010 430.3
1069020 430.5
1069030 430.6
1069040 430.6
1069050 430.7
1069060 430.8
1069070 430.8
1069080 430.9
1069090 431.0
1069100 431.0
1069110 431.1
1069120 431.2
1069130 431.2
1069140 431.2
1069150 431.2
1069160 431.2
1069170 431.3
1069180 431.6
1069190 431.6
1069200 431.8
1069210 431.6
1069220 431.6
1069230 431.7
1069240 431.7
1069250 431.7
1069260 431.7
1069270 431.8
1069280 431.9
1069290 431.9
1069300 431.9
1069310 432.0
1069320 432.0
1069330 432.0
1069340 432.0
1069350 432.0
1069360 432.0
1069370 432.0
1069380 432.0
1069390 432.1
1069400 432.3
1069410 432.3
1069420 432.4
1069430 432.5
1069440 432.5
1069450 432.6
1069460 432.7
1069470 432.7
1069480 432.9
1069490 433.1
1069500 433.1
1069510 433.0
1069520 433.0
1069530 433.0
1069540 433.1
1069550 433.2
1069560 433.3
1069570 433.3
1069580 433.3
1069590 433.4
1069600 433.4
1069610 433.5
1069620 433.6
1069630 433.6
1069640 433.7
1069650 433.8
1069660 433.8
1069670 433.9
1069680 434.0
1069690 434.0
1069700 434.0
1069710 434.2
1069720 434.2
1069730 434.2
1069740 434.3
1069750 434.3
1069760 434.4
1069770 434.5
1069780 434.5
1069790 434.6
1069800 434.6
1069810 434.6
1069820 434.6
1069830 434.8
1069840 434.8
1069850 434.9
1069860 434.9
1069870 434.9
1069880 434.9
1069890 434.9
1069900 434.9
1069910 434.9
1069920 435.0
1069930 435.0
1069940 435.0
1069950 435.0
1069960 435.1
1069970 435.1
1069980 435.1
1069990 435.1
1070000 435.1
1070010 435.1
1070020 435.1
1070030 435.1
1070040 435.0
1070050 434.9
1070060 434.9
1070070 434.8
1070080 434.6
1070090 434.6
1070100 434.6
1070110 434.8
1070120 434.8
1070130 435.2
1070140 435.4
1070150 435.5
1070160 435.5
1070170 435.6
1070180 435.7
1070190 435.7
1070200 435.7
1070210 435.8
1070220 435.8
1070230 435.9
1070240 436.0
1070250 436.0
1070260 436.0
1070270 436.3
1070280 436.3
1070290 436.5
1070300 436.6
1070310 436.6
1070320 436.8
1070330 436.9
1070340 436.9
1070350 437.0
1070360 437.3
1070370 437.3
1070380 437.5
1070390 437.7
1070400 437.7
1070410 437.8
1070420 438.1
1070430 440.9
1070440 440.9
1070450 441.9
1070460 440.8
1070470 440.8
1070480 438.1
1070490 437.8
1070500 437.8
1070510 438.8
1070520 442.0
1070530 442.0
1070540 444.7
1070550 445.1
1070560 445.1
1070570 443.9
1070580 441.7
1070590 441.7
1070600 439.3
1070610 438.5
1070620 438.5
1070630 438.8
1070640 441.1
1070650 441.1
1070660 441.0
1070670 440.3
1070680 440.3
1070690 439.1
1070700 438.8
1070710 438.9
1070720 438.9
1070730 439.2
1070740 439.2
1070750 439.4
1070760 439.5
1070770 439.5
1070780 439.5
1070790 439.4
1070800 439.5
1070810 439.5
1070820 439.6
1070830 439.5
1070840 439.5
1070850 439.4
1070860 439.5
1070870 439.5
1070880 439.5
1070890 439.6
1070900 439.6
1070910 439.8
1070920 439.9
1070930 439.9
1070940 441.3
1070950 442.0
1070960 442.0
1070970 441.7
1070980 440.2
1070990 440.2
1071000 440.2
1071010 440.6
1071020 441.3
1071030 441.3
1071040 441.3
1071050 441.3
1071060 441.3
1071070 441.3
1071080 441.4
1071090 441.4
1071100 441.4
1071110 441.1
1071120 441.1
1071130 441.0
1071140 441.1
1071150 441.1
1071160 441.1
1071170 441.1
1071180 441.1
1071190 441.4
1071200 442.3
1071210 442.3
1071220 443.3
1071230 443.5
1071240 443.5
1071250 443.3
1071260 443.0
1071270 443.0
1071280 443.3
1071290 443.4
1071300 442.8
1071310 442.8
1071320 442.5
1071330 442.6
1071340 442.6
1071350 442.7
1071360 442.9
1071370 442.9
1071380 443.0
1071390 443.2
1071400 443.2
1071410 443.3
1071420 443.4
1071430 443.4
1071440 443.5
1071450 443.6
1071460 443.6
1071470 443.6
1071480 443.7
1071490 443.7
1071500 443.7
1071510 443.8
1071520 443.8
1071530 443.8
1071540 443.8
1071550 443.8
1071560 443.7
1071570 443.6
1071580 443.5
1071590 443.5
1071600 443.5
1071610 443.4
1071620 443.4
1071630 443.4
1071640 443.4
1071650 443.4
1071660 443.2
1071670 443.2
1071680 443.3
1071690 443.3
1071700 443.3
1071710 443.3
1071720 443.5
1071730 443.6
1071740 443.6
1071750 443.6
1071760 443.7
1071770 443.7
1071780 444.0
1071790 444.0
1071800 444.0
1071810 444.1
1071820 444.0
1071830 444.0
1071840 444.6
1071850 447.3
1071860 447.1
1071870 447.1
1071880 446.0
1071890 445.1
1071900 445.1
1071910 444.8
1071920 445.0
1071930 445.0
1071940 445.2
1071950 445.3
1071960 445.3
1071970 445.6
1071980 445.8
1071990 445.8
1072000 445.9
1072010 446.0
1072020 446.0
1072030 446.1
1072040 446.3
1072050 446.3
1072060 446.5
1072070 446.7
1072080 446.7
1072090 446.7
1072100 446.9
1072110 446.9
1072120 447.0
1072130 447.2
1072140 447.3
1072150 447.3
1072160 447.5
1072170 447.6
1072180 447.6
1072190 447.7
1072200 447.8
1072210 447.8
1072220 447.9
1072230 448.0
1072240 448.0
1072250 448.1
1072260 448.2
1072270 448.2
1072280 448.3
1072290 448.4
1072300 448.5
1072310 448.6
1072320 448.7
1072330 448.7
1072340 448.8
1072350 448.8
1072360 448.8
1072370 448.9
1072380 448.9
1072390 448.9
1072400 449.0
1072410 449.3
1072420 449.5
1072430 449.5
1072440 449.7
1072450 449.9
1072460 449.9
1072470 450.1
1072480 450.2
1072490 450.2
1072500 450.3
1072510 450.5
1072520 450.5
1072530 450.7
1072540 450.9
1072550 450.9
1072560 451.0
1072570 451.2
1072580 451.2
1072590 451.3
1072600 451.5
1072610 451.5
1072620 451.7
1072630 451.9
1072640 451.9
1072650 452.1
1072660 452.2
1072670 452.2
1072680 452.5
1072690 452.8
1072700 452.8
1072710 452.8
1072720 453.0
1072730 453.2
1072740 453.2
1072750 453.4
1072760 453.5
1072770 453.5
1072780 453.5
1072790 453.5
1072800 453.5
1072810 453.6
1072820 453.8
1072830 453.8
1072840 453.9
1072850 454.0
1072860 454.0
1072870 454.1
1072880 454.3
1072890 454.3
1072900 454.6
1072910 454.8
1072920 454.8
1072930 455.0
1072940 455.2
1072950 455.2
1072960 455.4
1072970 455.6
1072980 455.6
1072990 455.7
1073000 455.9
1073010 456.0
1073020 456.0
1073030 456.2
1073040 456.4
1073050 456.4
1073060 456.8
1073070 457.0
1073080 457.0
1073090 457.3
1073100 457.5
1073110 457.5
1073120 457.7
1073130 458.0
1073140 458.0
1073150 458.2
1073160 458.5
1073170 458.5
1073180 458.8
1073190 459.0
1073200 459.0
1073210 459.1
1073220 459.2
1073230 459.2
1073240 459.4
1073250 459.6
1073260 459.6
1073270 459.8
1073280 460.0
1073290 460.1
1073300 460.1
1073310 460.3
1073320 460.5
1073330 460.5
1073340 460.7
1073350 461.1
1073360 461.1
1073370 461.3
1073380 461.4
1073390 461.4
1073400 461.7
1073410 461.9
1073420 461.9
1073430 462.2
1073440 462.2
1073450 462.2
1073460 462.3
1073470 462.6
1073480 462.6
1073490 462.9
1073500 463.2
1073510 463.2
1073520 463.5
1073530 463.7
1073540 463.7
1073550 464.1
1073560 464.4
1073570 464.5
1073580 464.5
1073590 464.7
1073600 465.1
1073610 465.1
1073620 465.2
1073630 465.2
1073640 465.2
1073650 466.0
1073660 466.1
1073670 466.1
1073680 466.0
1073690 466.1
1073700 466.1
1073710 466.3
1073720 466.4
1073730 466.4
1073740 466.6
1073750 466.9
1073760 466.9
1073770 467.0
1073780 467.1
1073790 467.1
1073800 467.4
1073810 467.7
1073820 467.7
1073830 468.4
1073840 468.5
1073850 468.5
1073860 468.5
1073870 469.0
1073880 469.3
1073890 469.3
1073900 469.6
1073910 469.8
1073920 469.8
1073930 470.1
1073940 470.7
1073950 470.7
1073960 471.3
1073970 471.9
1073980 471.9
1073990 472.0
1074000 471.9
1074010 471.9
1074020 472.1
1074030 472.3
1074040 472.3
1074050 472.6
1074060 472.7
1074070 472.7
1074080 473.0
1074090 473.1
1074100 473.1
1074110 473.3
1074120 473.8
1074130 475.1
1074140 475.1
1074150 476.4
1074160 476.3
1074170 476.3
1074180 475.1
1074190 474.9
1074200 474.9
1074210 475.0
1074220 475.2
1074230 475.2
1074240 475.5
1074250 475.8
1074260 475.8
1074270 476.1
1074280 476.3
1074290 476.3
1074300 476.8
1074310 477.1
1074320 477.1
1074330 477.4
1074340 477.7
1074350 477.7
1074360 477.9
1074370 478.2
1074380 478.2
1074390 478.5
1074400 478.7
1074410 479.2
1074420 479.2
1074430 479.8
1074440 480.1
1074450 480.1
1074460 480.3
1074470 480.6
1074480 480.6
1074490 481.0
1074500 481.4
1074510 481.4
1074520 481.9
1074530 483.5
1074540 483.5
1074550 482.7
1074560 484.1
1074570 484.1
1074580 484.9
1074590 485.5
1074600 485.5
1074610 485.1
1074620 485.3
1074630 485.3
1074640 485.5
1074650 486.0
1074660 486.0
1074670 486.3
1074680 486.6
1074690 486.6
1074700 488.0
1074710 488.6
1074720 489.7
1074730 489.7
1074740 491.0
1074750 494.4
1074760 494.4
1074770 497.5
1074780 502.7
1074790 502.7
1074800 505.5
1074810 507.7
1074820 507.7
1074830 509.2
1074840 510.2
1074850 510.2
1074860 510.8
1074870 511.2
1074880 511.2
1074890 511.7
1074900 512.4
1074910 512.4
1074920 512.7
1074930 514.0
1074940 514.0
1074950 515.2
1074960 516.3
1074970 516.3
1074980 517.6
1074990 518.9
1075000 520.4
1075010 520.4
1075020 521.9
1075030 523.5
1075040 523.5
1075050 524.9
1075060 526.2
1075070 526.2
1075080 527.7
1075090 529.6
1075100 529.6
1075110 530.3
1075120 530.9
1075130 530.9
1075140 531.2
1075150 531.3
1075160 531.3
1075170 531.4
1075180 532.6
1075190 532.6
1075200 534.3
1075210 536.1
1075220 536.1
1075230 536.7
1075240 539.1
1075250 539.1
1075260 542.4
1075270 544.8
1075280 548.4
1075290 548.4
1075300 552.3
1075310 553.4
1075320 553.4
1075330 553.5
1075340 554.7
1075350 554.7
1075360 557.8
1075370 561.4
1075380 561.4
1075390 565.5
1075400 566.9
1075410 566.9
1075420 565.9
1075430 565.3
1075440 565.3
1075450 565.7
1075460 565.9
1075470 565.9
1075480 566.4
1075490 567.8
1075500 567.8
1075510 569.6
1075520 573.4
1075530 573.4
1075540 576.3
1075550 578.7
1075560 582.5
1075570 582.5
1075580 585.9
1075590 587.7
1075600 587.7
1075610 587.9
1075620 589.5
1075630 589.5
1075640 591.8
1075650 593.2
1075660 593.2
1075670 594.3
1075680 594.9
1075690 594.9
1075700 595.3
1075710 603.4
1075720 603.4
1075730 605.1
1075740 606.9
1075750 606.9
1075760 607.3
1075770 607.9
1075780 607.9
1075790 609.5
1075800 611.8
1075810 611.8
1075820 614.1
1075830 615.4
1075840 615.7
1075850 615.7
1075860 614.4
1075870 614.9
1075880 614.9
1075890 616.9
1075900 621.2
1075910 621.2
1075920 626.2
1075930 631.4
1075940 631.4
1075950 636.4
1075960 638.7
1075970 638.7
1075980 647.4
1075990 653.3
1076000 653.3
1076010 660.2
1076020 664.3
1076030 664.3
1076040 665.4
1076050 667.7
1076060 667.7
1076070 669.3
1076080 664.9
1076090 664.9
1076100 653.5
1076110 645.6
1076120 642.4
1076130 642.4
1076140 640.8
1076150 640.1
1076160 640.1
1076170 641.2
1076180 644.5
1076190 644.5
1076200 650.4
1076210 656.7
1076220 656.7
1076230 659.5
1076240 664.5
1076250 664.5
1076260 672.6
1076270 676.4
1076280 676.4
1076290 683.6
1076300 688.9
1076310 688.9
1076320 695.5
1076330 698.8
1076340 698.8
1076350 705.9
1076360 709.6
1076370 709.6
1076380 718.1
1076390 720.2
1076400 720.2
1076410 723.7
1076420 726.8
1076430 727.0
1076440 727.0
1076450 727.1
1076460 727.5
1076470 727.5
1076480 728.3
1076490 729.6
1076500 729.6
1076510 731.4
1076520 734.9
1076530 734.9
1076540 739.1
1076550 743.5
1076560 743.5
1076570 748.1
1076580 752.1
1076590 752.1
1076600 756.2
1076610 760.3
1076620 760.3
1076630 764.0
1076640 767.2
1076650 767.6
1076660 769.8
1076670 771.9
1076680 771.9
1076690 774.5
1076700 777.1
1076710 778.8
1076720 778.8
1076730 780.2
1076740 781.8
1076750 781.8
1076760 783.1
1076770 784.6
1076780 784.6
1076790 785.7
1076800 786.8
1076810 786.8
1076820 787.6
1076830 789.1
1076840 789.1
1076850 790.2
1076860 790.7
1076870 790.7
1076880 792.1
1076890 792.9
1076900 792.9
1076910 793.7
1076920 796.2
1076930 796.2
1076940 798.2
1076950 800.4
1076960 800.1
1076970 804.0
1076980 809.3
1076990 813.8
1077000 813.8
1077010 817.2
1077020 821.0
1077030 821.0
1077040 825.3
1077050 829.6
1077060 829.6
1077070 832.6
1077080 835.6
1077090 835.6
1077100 838.8
1077110 842.6
1077120 842.6
1077130 846.5
1077140 850.0
1077150 850.0
1077160 853.2
1077170 856.1
1077180 856.1
1077190 858.5
1077200 860.7
1077210 860.7
1077220 863.6
1077230 867.9
1077240 867.9
1077250 872.9
1077260 876.5
1077270 878.7
1077280 878.7
1077290 879.6
1077300 879.8
1077310 879.8
1077320 879.9
1077330 880.1
1077340 880.1
1077350 881.2
1077360 885.7
1077370 885.7
1077380 891.6
1077390 896.5
1077400 896.5
1077410 897.7
1077420 898.2
1077430 898.2
1077440 900.5
1077450 904.0
1077460 904.0
1077470 906.4
1077480 909.4
1077490 909.4
1077500 913.7
1077510 916.0
1077520 916.0
1077530 917.1
1077540 918.4
1077550 921.2
1077560 921.2
1077570 926.4
1077580 931.1
1077590 931.1
1077600 933.2
1077610 935.1
1077620 935.1
1077630 939.2
1077640 943.9
1077650 943.9
1077660 945.9
1077670 945.6
1077680 945.6
1077690 943.9
1077700 940.1
1077710 940.1
1077720 936.7
1077730 935.0
1077740 935.0
1077750 934.4
1077760 934.3
1077770 934.3
1077780 936.6
1077790 937.3
1077800 937.3
1077810 935.9
1077820 934.7
1077830 932.4
1077840 932.4
1077850 929.6
1077860 926.9
1077870 926.9
1077880 924.2
1077890 921.8
1077900 918.6
1077910 915.9
1077920 913.6
1077930 913.6
1077940 911.2
1077950 909.6
1077960 909.6
1077970 907.5
1077980 904.7
1077990 904.7
1078000 901.2
1078010 898.4
1078020 898.4
1078030 895.4
1078040 891.3
1078050 891.3
1078060 886.9
1078070 886.2
1078080 886.2
1078090 887.9
1078100 886.4
1078110 883.6
1078120 883.6
1078130 883.0
1078140 884.5
1078150 884.5
1078160 884.7
1078170 883.8
1078180 883.8
1078190 883.5
1078200 882.7
1078210 877.6
1078220 876.1
1078230 875.3
1078240 875.3
1078250 875.3
1078260 875.5
1078270 875.5
1078280 875.1
1078290 873.9
1078300 873.9
1078310 872.5
1078320 870.8
1078330 870.8
1078340 868.7
1078350 867.6
1078360 867.6
1078370 867.6
1078380 868.5
1078390 868.5
1078400 868.6
1078410 868.5
1078420 869.2
1078430 869.2
1078440 869.4
1078450 866.2
1078460 866.2
1078470 857.6
1078480 848.9
1078490 848.9
1078500 845.7
1078510 842.5
1078520 835.0
1078530 831.7
1078540 823.0
1078550 823.0
1078560 816.5
1078570 812.6
1078580 812.6
1078590 811.1
1078600 804.6
1078610 804.6
1078620 795.7
1078630 787.1
1078640 787.1
1078650 783.1
1078660 779.8
1078670 779.8
1078680 776.8
1078690 774.6
1078700 774.0
1078710 774.0
1078720 774.3
1078730 775.2
1078740 775.2
1078750 774.9
1078760 774.6
1078770 774.6
1078780 776.1
1078790 778.4
1078800 778.4
1078810 780.2
1078820 781.6
1078830 781.6
1078840 778.0
1078850 778.9
1078860 778.9
1078870 779.2
1078880 779.7
1078890 779.7
1078900 780.8
1078910 782.0
1078920 782.0
1078930 782.8
1078940 782.4
1078950 782.4
1078960 781.7
1078970 781.1
1078980 780.3
1078990 780.3
1079000 779.2
1079010 777.7
1079020 777.7
1079030 775.6
1079040 772.2
1079050 772.2
1079060 768.7
1079070 764.8
1079080 764.8
1079090 760.8
1079100 757.1
1079110 757.1
1079120 754.3
1079130 751.2
1079140 751.2
1079150 744.4
1079160 743.5
1079170 743.5
1079180 743.4
1079190 739.5
1079200 739.5
1079210 737.9
1079220 737.5
1079230 737.5
1079240 733.5
1079250 727.3
1079260 722.0
1079270 722.0
1079280 718.1
1079290 715.9
1079300 715.9
1079310 715.7
1079320 715.8
1079330 715.8
1079340 710.7
1079350 711.3
1079360 711.3
1079370 714.9
1079380 718.6
1079390 718.6
1079400 719.2
1079410 719.3
1079420 719.3
1079430 716.4
1079440 714.1
1079450 714.1
1079460 709.9
1079470 708.8
1079480 708.8
1079490 720.4
1079500 730.1
1079510 730.1
1079520 737.1
1079530 741.0
1079540 743.9
1079550 743.9
1079560 746.5
1079570 749.3
1079580 749.3
1079590 752.2
1079600 756.5
1079610 756.5
1079620 761.7
1079630 768.9
1079640 768.9
1079650 773.2
1079660 773.6
1079670 773.6
1079680 773.3
1079690 774.6
1079700 774.6
1079710 776.1
1079720 775.6
1079730 775.6
1079740 775.3
1079750 775.6
1079760 775.6
1079770 775.6
1079780 773.6
1079790 773.6
1079800 772.8
1079810 771.1
1079820 768.6
1079830 768.6
1079840 766.8
1079850 764.5
1079860 764.5
1079870 760.5
1079880 758.3
1079890 758.3
1079900 757.1
1079910 756.6
1079920 756.6
1079930 755.4
1079940 752.3
1079950 752.3
1079960 747.2
1079970 743.8
1079980 743.8
1079990 744.3
