1065260 425.4
1065270 424.4
1065280 424.4
1065290 424.8
1065300 424.7
1065310 424.7
1065320 426.1
1065330 426.8
1065340 426.8
1065350 425.9
1065360 424.9
1065370 424.9
1065380 423.8
1065390 422.6
1065400 422.6
1065410 422.1
1065420 422.0
1065430 421.9
1065440 421.9
1065450 421.8
1065460 421.8
1065470 421.8
1065480 421.8
1065490 422.4
1065500 422.4
1065510 422.4
1065520 422.4
1065530 422.4
1065540 422.3
1065550 422.2
1065560 422.2
1065570 422.2
1065580 422.2
1065590 422.2
1065600 422.3
1065610 423.2
1065620 423.2
1065630 424.7
1065640 424.4
1065650 424.4
1065660 422.1
1065670 421.3
1065680 421.3
1065690 421.3
1065700 421.5
1065710 421.5
1065720 422.1
1065730 422.9
1065740 423.9
1065750 423.9
1065760 425.9
1065770 427.5
1065780 427.5
1065790 427.9
1065800 427.2
1065810 427.2
1065820 426.3
1065830 425.6
1065840 425.6
1065850 425.5
1065860 425.4
1065870 425.4
1065880 425.4
1065890 425.6
1065900 425.6
1065910 425.8
1065920 425.2
1065930 425.2
1065940 423.9
1065950 422.7
1065960 422.7
1065970 421.1
1065980 419.5
1065990 419.5
1066000 418.8
1066010 418.8
1066020 418.8
1066030 418.8
1066040 418.8
1066050 418.8
1066060 418.8
1066070 418.8
1066080 418.8
1066090 418.8
1066100 418.7
1066110 418.7
1066120 418.7
1066130 418.7
1066140 418.7
1066150 418.7
1066160 418.7
1066170 419.3
1066180 419.3
1066190 421.1
1066200 422.8
1066210 422.8
1066220 423.3
1066230 424.1
1066240 424.1
1066250 424.4
1066260 424.4
1066270 424.4
1066280 424.4
1066290 424.4
1066300 424.3
1066310 424.3
1066320 424.3
1066330 424.4
1066340 424.4
1066350 424.4
1066360 424.4
1066370 424.4
1066380 424.4
1066390 424.4
1066400 424.4
1066410 424.4
1066420 424.4
1066430 424.4
1066440 424.5
1066450 424.5
1066460 424.5
1066470 424.6
1066480 424.5
1066490 424.5
1066500 424.6
1066510 424.5
1066520 424.5
1066530 424.5
1066540 424.5
1066550 424.5
1066560 424.5
1066570 424.6
1066580 424.6
1066590 424.6
1066600 424.6
1066610 424.6
1066620 424.6
1066630 424.6
1066640 424.6
1066650 424.6
1066660 424.6
1066670 424.6
1066680 424.6
1066690 424.7
1066700 424.8
1066710 424.8
1066720 424.9
1066730 425.4
1066740 425.4
1066750 426.7
1066760 425.0
1066770 425.0
1066780 423.9
1066790 423.5
1066800 423.5
1066810 423.3
1066820 423.0
1066830 423.0
1066840 422.7
1066850 422.8
1066860 422.8
1066870 422.9
1066880 422.8
1066890 422.7
1066900 422.7
1066910 422.7
1066920 422.8
1066930 422.8
1066940 422.7
1066950 422.7
1066960 422.7
1066970 422.6
1066980 422.5
1066990 422.5
1067000 422.5
1067010 422.4
1067020 422.4
1067030 422.3
1067040 422.4
1067050 422.4
1067060 422.5
1067070 422.4
1067080 422.4
1067090 421.5
1067100 420.9
1067110 420.9
1067120 422.2
1067130 422.3
1067140 422.3
1067150 422.2
1067160 422.1
1067170 422.1
1067180 422.1
1067190 422.0
1067200 421.9
1067210 421.9
1067220 421.8
1067230 421.9
1067240 421.9
1067250 421.8
1067260 421.6
1067270 421.6
1067280 421.6
1067290 421.5
1067300 421.5
1067310 421.5
1067320 421.6
1067330 421.6
1067340 422.1
1067350 422.2
1067360 422.2
1067370 422.3
1067380 422.6
1067390 422.6
1067400 422.7
1067410 422.7
1067420 422.7
1067430 422.6
1067440 422.6
1067450 422.7
1067460 422.7
1067470 422.7
1067480 422.5
1067490 422.5
1067500 422.5
1067510 421.0
1067520 421.0
1067530 421.8
1067540 422.4
1067550 422.4
1067560 422.1
1067570 422.3
1067580 422.3
1067590 422.2
1067600 422.3
1067610 422.3
1067620 422.1
1067630 422.0
1067640 422.0
1067650 422.0
1067660 421.9
1067670 421.9
1067680 421.9
1067690 421.8
1067700 421.8
1067710 421.7
1067720 421.5
1067730 421.5
1067740 423.1
1067750 423.9
1067760 424.3
1067770 424.3
1067780 424.5
1067790 424.6
1067800 424.6
1067810 424.6
1067820 424.6
1067830 424.6
1067840 424.4
1067850 424.2
1067860 424.2
1067870 424.2
1067880 424.0
1067890 424.0
1067900 423.5
1067910 422.8
1067920 422.8
1067930 422.5
1067940 422.6
1067950 422.6
1067960 422.6
1067970 422.7
1067980 422.7
1067990 422.8
1068000 422.8
1068010 422.8
1068020 422.8
1068030 422.8
1068040 423.0
1068050 423.0
1068060 423.2
1068070 423.1
1068080 423.1
1068090 423.2
1068100 423.2
1068110 423.2
1068120 423.3
1068130 423.4
1068140 423.4
1068150 423.5
1068160 423.6
1068170 423.6
1068180 423.7
1068190 423.7
1068200 423.7
1068210 423.6
1068220 423.7
1068230 423.7
1068240 424.0
1068250 424.2
1068260 424.2
1068270 424.3
1068280 424.5
1068290 424.5
1068300 424.6
1068310 424.7
1068320 424.9
1068330 424.9
1068340 425.0
1068350 425.1
1068360 425.1
1068370 425.4
1068380 425.9
1068390 425.9
1068400 426.1
1068410 425.9
1068420 425.9
1068430 426.0
1068440 426.2
1068450 426.2
1068460 426.0
1068470 425.8
1068480 425.8
1068490 425.8
1068500 425.9
1068510 425.9
1068520 425.9
1068530 425.9
1068540 425.9
1068550 425.9
1068560 425.9
1068570 425.9
1068580 426.0
1068590 426.1
1068600 426.2
1068610 426.2
1068620 426.4
1068630 426.5
1068640 426.5
1068650 426.7
1068660 426.9
1068670 426.9
1068680 427.0
1068690 427.1
1068700 427.1
1068710 427.3
1068720 427.3
1068730 427.3
1068740 427.3
1068750 427.3
1068760 427.3
1068770 427.1
1068780 427.0
1068790 427.0
1068800 427.0
1068810 427.1
1068820 427.1
1068830 427.3
1068840 427.4
1068850 427.4
1068860 427.4
1068870 427.3
1068880 427.2
1068890 427.3
1068900 427.4
1068910 427.4
1068920 427.4
1068930 427.3
1068940 427.4
1068950 427.4
1068960 427.4
1068970 427.4
1068980 427.4
1068990 427.2
1069000 427.0
1069010 427.0
1069020 427.0
1069030 427.1
1069040 427.1
1069050 427.1
1069060 427.2
1069070 427.2
1069080 427.2
1069090 427.4
1069100 427.4
1069110 427.4
1069120 427.4
1069130 427.4
1069140 427.5
1069150 427.6
1069160 427.6
1069170 427.7
1069180 427.7
1069190 427.9
1069200 427.9
1069210 428.0
1069220 428.0
1069230 428.0
1069240 428.1
1069250 428.2
1069260 428.2
1069270 428.2
1069280 428.1
1069290 428.1
1069300 428.2
1069310 428.2
1069320 428.2
1069330 428.3
1069340 428.4
1069350 428.4
1069360 428.5
1069370 428.7
1069380 428.7
1069390 428.8
1069400 429.0
1069410 429.0
1069420 429.2
1069430 429.3
1069440 429.3
1069450 429.4
1069460 429.5
1069470 429.5
1069480 429.5
1069490 429.6
1069500 429.8
1069510 429.8
1069520 429.9
1069530 430.0
1069540 430.0
1069550 430.4
1069560 430.8
1069570 430.8
1069580 430.8
1069590 430.8
1069600 430.8
1069610 430.8
1069620 430.9
1069630 430.9
1069640 431.0
1069650 431.1
1069660 431.1
1069670 431.3
1069680 431.5
1069690 431.5
1069700 431.6
1069710 431.7
1069720 431.7
1069730 431.7
1069740 431.8
1069750 432.1
1069760 432.1
1069770 432.4
1069780 432.1
1069790 432.1
1069800 431.9
1069810 431.9
1069820 431.9
1069830 432.2
1069840 432.1
1069850 432.1
1069860 432.5
1069870 435.5
1069880 435.5
1069890 436.4
1069900 432.9
1069910 432.9
1069920 431.9
1069930 432.1
1069940 432.1
1069950 433.6
1069960 435.5
1069970 435.5
1069980 436.7
1069990 434.2
1070000 434.2
1070010 433.0
1070020 433.4
1070030 433.4
1070040 433.4
1070050 433.7
1070060 433.8
1070070 433.8
1070080 433.8
1070090 433.7
1070100 433.7
1070110 433.0
1070120 432.0
1070130 432.0
1070140 432.0
1070150 432.0
1070160 432.0
1070170 432.1
1070180 432.1
1070190 432.1
1070200 432.1
1070210 432.2
1070220 432.2
1070230 432.3
1070240 432.2
1070250 432.2
1070260 432.3
1070270 432.4
1070280 432.4
1070290 432.5
1070300 432.5
1070310 432.5
1070320 432.6
1070330 432.6
1070340 432.7
1070350 432.7
1070360 432.7
1070370 432.7
1070380 432.7
1070390 432.8
1070400 432.9
1070410 432.9
1070420 432.9
1070430 433.0
1070440 433.0
1070450 432.6
1070460 432.5
1070470 432.5
1070480 432.8
1070490 433.4
1070500 433.4
1070510 433.0
1070520 432.8
1070530 432.8
1070540 433.5
1070550 433.5
1070560 433.5
1070570 433.8
1070580 433.8
1070590 433.8
1070600 433.9
1070610 434.0
1070620 434.0
1070630 434.0
1070640 434.2
1070650 434.4
1070660 434.4
1070670 434.6
1070680 434.6
1070690 434.6
1070700 434.8
1070710 435.1
1070720 435.1
1070730 435.1
1070740 435.5
1070750 435.5
1070760 435.6
1070770 435.6
1070780 435.6
1070790 435.8
1070800 435.9
1070810 435.9
1070820 435.9
1070830 435.8
1070840 435.8
1070850 435.8
1070860 435.9
1070870 435.9
1070880 436.0
1070890 435.9
1070900 436.5
1070910 436.5
1070920 436.6
1070930 436.3
1070940 436.3
1070950 436.3
1070960 436.4
1070970 436.4
1070980 436.6
1070990 436.7
1071000 436.7
1071010 436.9
1071020 437.0
1071030 437.0
1071040 436.2
1071050 436.3
1071060 436.3
1071070 436.5
1071080 436.8
1071090 436.8
1071100 437.3
1071110 437.3
1071120 437.3
1071130 437.4
1071140 437.4
1071150 437.4
1071160 437.2
1071170 437.0
1071180 437.0
1071190 437.1
1071200 437.3
1071210 437.4
1071220 437.4
1071230 437.4
1071240 437.4
1071250 437.4
1071260 437.5
1071270 437.5
1071280 437.5
1071290 437.6
1071300 437.7
1071310 437.7
1071320 438.4
1071330 438.7
1071340 438.5
1071350 439.6
1071360 440.4
1071370 440.4
1071380 440.8
1071390 440.7
1071400 440.7
1071410 440.8
1071420 440.7
1071430 440.7
1071440 439.8
1071450 440.4
1071460 440.4
1071470 440.6
1071480 440.3
1071490 440.2
1071500 440.2
1071510 440.3
1071520 440.5
1071530 440.5
1071540 440.4
1071550 440.3
1071560 440.3
1071570 440.4
1071580 440.4
1071590 440.4
1071600 440.3
1071610 440.3
1071620 440.3
1071630 440.3
1071640 439.7
1071650 440.0
1071660 440.0
1071670 440.7
1071680 440.7
1071690 441.0
1071700 440.9
1071710 440.9
1071720 440.9
1071730 441.0
1071740 441.0
1071750 441.4
1071760 441.7
1071770 442.0
1071780 442.0
1071790 442.6
1071800 443.5
1071810 443.5
1071820 444.0
1071830 444.6
1071840 444.6
1071850 444.9
1071860 444.6
1071870 444.6
1071880 443.8
1071890 443.0
1071900 443.0
1071910 442.5
1071920 442.8
1071930 442.8
1071940 442.9
1071950 443.0
1071960 443.0
1071970 443.1
1071980 443.2
1071990 443.2
1072000 443.3
1072010 443.3
1072020 443.3
1072030 443.4
1072040 443.5
1072050 443.5
1072060 443.5
1072070 443.5
1072080 443.7
1072090 443.7
1072100 443.7
1072110 443.7
1072120 443.7
1072130 444.0
1072140 444.4
1072150 444.4
1072160 444.5
1072170 444.6
1072180 444.6
1072190 444.5
1072200 444.2
1072210 444.2
1072220 444.2
1072230 444.3
1072240 444.3
1072250 444.3
1072260 444.5
1072270 444.9
1072280 446.0
1072290 446.1
1072300 446.1
1072310 446.1
1072320 446.1
1072330 446.1
1072340 446.1
1072350 446.4
1072360 447.0
1072370 447.0
1072380 447.4
1072390 447.8
1072400 447.8
1072410 447.9
1072420 448.5
1072430 448.5
1072440 448.6
1072450 448.5
1072460 448.5
1072470 448.5
1072480 448.6
1072490 448.6
1072500 448.7
1072510 448.8
1072520 448.8
1072530 448.8
1072540 448.9
1072550 448.9
1072560 449.1
1072570 449.3
1072580 449.1
1072590 449.2
1072600 449.4
1072610 449.4
1072620 449.7
1072630 450.0
1072640 450.2
1072650 450.2
1072660 450.3
1072670 450.3
1072680 450.3
1072690 450.9
1072700 451.6
1072710 451.6
1072720 451.9
1072730 451.8
1072740 451.8
1072750 451.4
1072760 451.7
1072770 451.7
1072780 451.8
1072790 451.9
1072800 451.9
1072810 452.2
1072820 452.6
1072830 452.6
1072840 452.8
1072850 452.7
1072860 452.7
1072870 452.9
1072880 453.6
1072890 453.7
1072900 453.9
1072910 454.0
1072920 454.1
1072930 454.1
1072940 454.1
1072950 454.3
1072960 454.3
1072970 454.9
1072980 455.3
1072990 455.3
1073000 455.6
1073010 455.9
1073020 455.9
1073030 456.2
1073040 456.7
1073050 456.7
1073060 456.8
1073070 456.8
1073080 456.8
1073090 457.4
1073100 458.0
1073110 458.0
1073120 458.3
1073130 458.7
1073140 458.7
1073150 458.9
1073160 459.2
1073170 459.2
1073180 459.4
1073190 459.6
1073200 460.1
1073210 460.1
1073220 460.3
1073230 460.7
1073240 460.7
1073250 461.0
1073260 461.3
1073270 461.3
1073280 461.6
1073290 461.9
1073300 461.9
1073310 462.1
1073320 462.6
1073330 462.6
1073340 463.1
1073350 463.4
1073360 463.4
1073370 463.7
1073380 464.2
1073390 464.2
1073400 464.8
1073410 465.0
1073420 465.0
1073430 465.0
1073440 464.9
1073450 464.9
1073460 464.8
1073470 465.1
1073480 465.3
1073490 465.3
1073500 466.1
1073510 466.7
1073520 466.7
1073530 466.8
1073540 466.9
1073550 466.9
1073560 467.1
1073570 467.3
1073580 467.3
1073590 467.5
1073600 467.9
1073610 467.9
1073620 468.1
1073630 468.2
1073640 468.2
1073650 468.3
1073660 468.6
1073670 468.6
1073680 468.6
1073690 468.6
1073700 468.6
1073710 468.7
1073720 469.0
1073730 469.0
1073740 469.5
1073750 469.8
1073760 469.8
1073770 470.0
1073780 470.3
1073790 470.9
1073800 470.9
1073810 471.5
1073820 472.2
1073830 472.2
1073840 472.5
1073850 472.3
1073860 472.3
1073870 472.8
1073880 473.3
1073890 473.3
1073900 473.7
1073910 473.9
1073920 473.9
1073930 473.3
1073940 473.3
1073950 473.3
1073960 474.6
1073970 475.0
1073980 475.0
1073990 475.2
1074000 475.4
1074010 475.4
1074020 475.8
1074030 476.1
1074040 476.1
1074050 476.3
1074060 476.2
1074070 476.2
1074080 476.2
1074090 476.8
1074100 476.9
1074110 476.9
1074120 476.9
1074130 477.0
1074140 477.0
1074150 477.3
1074160 477.8
1074170 477.8
1074180 479.6
1074190 481.2
1074200 481.2
1074210 482.0
1074220 483.2
1074230 483.2
1074240 483.7
1074250 484.0
1074260 484.0
1074270 485.1
1074280 485.0
1074290 485.0
1074300 485.1
1074310 485.1
1074320 485.1
1074330 485.1
1074340 485.2
1074350 485.2
1074360 485.2
1074370 485.3
1074380 485.2
1074390 485.2
1074400 485.1
1074410 486.6
1074420 486.6
1074430 486.8
1074440 487.6
1074450 487.6
1074460 488.4
1074470 488.6
1074480 488.6
1074490 488.8
1074500 489.2
1074510 489.2
1074520 490.2
1074530 490.7
1074540 490.7
1074550 491.2
1074560 491.6
1074570 491.6
1074580 491.8
1074590 491.9
1074600 491.9
1074610 492.3
1074620 493.5
1074630 493.4
1074640 493.4
1074650 493.0
1074660 493.3
1074670 493.3
1074680 493.7
1074690 494.9
1074700 494.9
1074710 497.2
1074720 499.2
1074730 499.2
1074740 500.3
1074750 500.6
1074760 500.6
1074770 502.8
1074780 504.7
1074790 504.7
1074800 508.0
1074810 510.1
1074820 510.1
1074830 510.6
1074840 513.3
1074850 513.3
1074860 516.4
1074870 518.8
1074880 518.8
1074890 521.7
1074900 522.9
1074910 522.9
1074920 523.7
1074930 525.9
1074940 528.2
1074950 528.2
1074960 531.7
1074970 537.3
1074980 537.3
1074990 541.5
1075000 544.9
1075010 544.9
1075020 547.7
1075030 551.0
1075040 551.0
1075050 555.7
1075060 560.8
1075070 560.8
1075080 566.4
1075090 572.6
1075100 572.6
1075110 580.3
1075120 587.2
1075130 587.2
1075140 595.2
1075150 604.6
1075160 604.6
1075170 613.2
1075180 620.4
1075190 620.4
1075200 624.7
1075210 628.6
1075220 631.9
1075230 631.9
1075240 633.0
1075250 633.7
1075260 633.7
1075270 635.4
1075280 636.8
1075290 636.8
1075300 636.1
1075310 633.1
1075320 633.1
1075330 631.8
1075340 633.0
1075350 633.0
1075360 635.0
1075370 634.3
1075380 634.3
1075390 635.8
1075400 636.7
1075410 636.7
1075420 637.7
1075430 638.1
1075440 638.1
1075450 637.8
1075460 637.7
1075470 637.7
1075480 637.7
1075490 637.2
1075500 635.3
1075510 635.3
1075520 634.8
1075530 635.0
1075540 635.0
1075550 635.4
1075560 635.4
1075570 635.4
1075580 634.6
1075590 631.4
1075600 631.4
1075610 627.7
1075620 626.3
1075630 626.3
1075640 626.4
1075650 628.0
1075660 628.0
1075670 631.7
1075680 635.7
1075690 635.7
1075700 641.0
1075710 646.8
1075720 646.8
1075730 650.8
1075740 652.9
1075750 652.9
1075760 651.9
1075770 655.6
1075780 663.3
1075790 663.3
1075800 666.9
1075810 668.4
1075820 668.4
1075830 669.6
1075840 670.0
1075850 670.0
1075860 669.8
1075870 669.8
1075880 669.8
1075890 669.0
1075900 667.9
1075910 667.9
1075920 666.8
1075930 666.9
1075940 666.9
1075950 668.1
1075960 669.4
1075970 669.4
1075980 669.2
1075990 668.1
1076000 665.4
1076010 664.2
1076020 662.8
1076030 662.8
1076040 661.1
1076050 659.6
1076060 658.5
1076070 658.5
1076080 659.0
1076090 661.1
1076100 661.1
1076110 663.2
1076120 665.1
1076130 665.1
1076140 667.1
1076150 669.1
1076160 669.1
1076170 671.8
1076180 677.2
1076190 677.2
1076200 678.2
1076210 678.1
1076220 678.1
1076230 678.3
1076240 678.8
1076250 678.8
1076260 679.0
1076270 678.8
1076280 678.8
1076290 678.6
1076300 678.6
1076310 678.3
1076320 677.7
1076330 677.4
1076340 677.4
1076350 677.2
1076360 677.2
1076370 677.7
1076380 677.7
1076390 678.0
1076400 678.8
1076410 678.8
1076420 675.9
1076430 672.9
1076440 672.9
1076450 671.6
1076460 668.9
1076470 668.9
1076480 663.8
1076490 663.4
1076500 663.4
1076510 663.6
1076520 661.4
1076530 661.4
1076540 658.6
1076550 654.5
1076560 654.5
1076570 646.4
1076580 636.3
1076590 636.3
1076600 629.0
1076610 622.5
1076620 627.3
1076630 643.1
1076640 652.4
1076650 653.8
1076660 653.8
1076670 648.3
1076680 645.3
1076690 645.3
1076700 647.6
1076710 654.2
1076720 654.2
1076730 660.8
1076740 666.4
1076750 666.4
1076760 672.2
1076770 677.8
1076780 677.8
1076790 682.9
1076800 686.1
1076810 686.1
1076820 688.8
1076830 692.1
1076840 692.1
1076850 695.5
1076860 699.6
1076870 699.6
1076880 703.4
1076890 707.2
1076900 707.2
1076910 711.2
1076920 715.2
1076930 719.4
1076940 719.4
1076950 722.7
1076960 726.8
1076970 726.8
1076980 731.8
1076990 735.7
1077000 735.7
1077010 738.7
1077020 740.9
1077030 740.9
1077040 743.6
1077050 746.7
1077060 746.7
1077070 750.2
1077080 754.0
1077090 754.0
1077100 758.0
1077110 762.4
1077120 762.4
1077130 765.2
1077140 768.0
1077150 768.0
1077160 772.1
1077170 776.7
1077180 776.7
1077190 781.1
1077200 786.2
1077210 791.5
1077220 791.5
1077230 797.0
1077240 805.3
1077250 805.3
1077260 810.8
1077270 816.5
1077280 816.5
1077290 822.3
1077300 829.4
1077310 829.4
1077320 831.8
1077330 833.0
1077340 833.0
1077350 834.9
1077360 837.2
1077370 837.2
1077380 840.4
1077390 843.3
1077400 843.3
1077410 847.1
1077420 852.7
1077430 852.7
1077440 858.4
1077450 864.3
1077460 864.3
1077470 869.7
1077480 874.2
1077490 874.2
1077500 878.4
1077510 881.5
1077520 884.3
1077530 884.3
1077540 887.7
1077550 889.8
1077560 895.6
1077570 897.4
1077580 900.0
1077590 900.0
1077600 903.8
1077610 907.9
1077620 907.9
1077630 911.6
1077640 915.4
1077650 915.4
1077660 919.2
1077670 923.2
1077680 923.2
1077690 926.8
1077700 929.6
1077710 929.6
1077720 933.9
1077730 938.1
1077740 938.1
1077750 941.7
1077760 945.3
1077770 945.3
1077780 948.6
1077790 953.0
1077800 959.4
1077810 959.4
1077820 964.5
1077830 968.3
1077840 968.3
1077850 972.4
1077860 976.9
1077870 990.0
1077880 995.3
1077890 1001.2
1077900 1001.2
1077910 1003.9
1077920 1005.7
1077930 1005.7
1077940 1010.7
1077950 1014.9
1077960 1014.9
1077970 1018.0
1077980 1020.7
1077990 1020.7
1078000 1024.9
1078010 1028.9
1078020 1028.9
1078030 1033.6
1078040 1038.0
1078050 1038.0
1078060 1041.8
1078070 1045.4
1078080 1048.1
1078090 1048.1
1078100 1051.0
1078110 1054.4
1078120 1054.4
1078130 1057.6
1078140 1061.0
1078150 1061.0
1078160 1065.0
1078170 1069.7
1078180 1076.7
1078190 1081.3
1078200 1085.8
1078210 1085.8
1078220 1090.4
1078230 1095.0
1078240 1095.0
1078250 1098.3
1078260 1100.9
1078270 1100.9
1078280 1104.9
1078290 1108.6
1078300 1108.6
1078310 1113.1
1078320 1117.8
1078330 1117.8
1078340 1121.1
1078350 1123.9
1078360 1134.2
1078370 1134.2
1078380 1139.5
1078390 1141.5
1078400 1141.5
1078410 1141.6
1078420 1142.1
1078430 1142.1
1078440 1142.7
1078450 1143.2
1078460 1143.2
1078470 1144.7
1078480 1148.0
1078490 1148.0
1078500 1155.7
1078510 1157.5
1078520 1157.5
1078530 1160.6
1078540 1163.7
1078550 1163.7
1078560 1166.1
1078570 1167.3
1078580 1167.3
1078590 1167.4
1078600 1168.7
1078610 1168.7
1078620 1170.6
1078630 1171.7
1078640 1172.1
1078650 1172.1
1078660 1171.7
1078670 1170.7
1078680 1170.7
1078690 1168.9
1078700 1165.9
1078710 1165.9
1078720 1162.5
1078730 1158.9
1078740 1158.9
1078750 1157.1
1078760 1153.8
1078770 1153.8
1078780 1150.2
1078790 1147.2
1078800 1147.2
1078810 1139.5
1078820 1135.1
1078830 1135.1
1078840 1129.3
1078850 1119.3
1078860 1119.3
1078870 1111.9
1078880 1108.1
1078890 1108.1
1078900 1098.4
1078910 1094.0
1078920 1094.0
1078930 1090.8
1078940 1088.5
1078950 1084.1
1078960 1084.1
1078970 1076.5
1078980 1070.4
1078990 1070.4
1079000 1068.3
1079010 1065.9
1079020 1065.9
1079030 1062.9
1079040 1059.0
1079050 1059.0
1079060 1055.0
1079070 1052.3
1079080 1052.3
1079090 1050.6
1079100 1047.1
1079110 1047.1
1079120 1042.7
1079130 1033.5
1079140 1033.5
1079150 1029.2
1079160 1024.6
1079170 1024.6
1079180 1021.4
1079190 1019.3
1079200 1019.3
1079210 1015.7
1079220 1012.6
1079230 1010.1
1079240 1010.1
1079250 1008.8
1079260 1007.7
1079270 1007.7
1079280 1004.0
1079290 1003.1
1079300 1003.1
1079310 1003.4
1079320 1003.4
1079330 1003.4
1079340 1000.4
1079350 996.2
1079360 996.2
1079370 993.2
1079380 989.1
1079390 989.1
1079400 982.5
1079410 976.1
1079420 976.1
1079430 971.1
1079440 964.5
1079450 964.5
1079460 964.4
1079470 964.0
1079480 964.0
1079490 960.7
1079500 958.5
1079510 958.6
1079520 958.6
1079530 959.9
1079540 959.8
1079550 959.8
1079560 959.4
1079570 958.9
1079580 958.9
1079590 959.5
1079600 960.2
1079610 960.2
1079620 961.1
1079630 962.5
1079640 962.5
1079650 964.2
1079660 971.3
1079670 971.3
1079680 976.8
1079690 979.1
1079700 979.1
1079710 982.8
1079720 988.2
1079730 988.2
1079740 992.5
1079750 992.9
1079760 992.9
1079770 994.7
1079780 998.9
1079790 1004.1
1079800 1004.1
1079810 1008.5
1079820 1012.2
1079830 1012.2
1079840 1013.6
1079850 1015.5
1079860 1015.5
1079870 1016.9
1079880 1019.5
1079890 1019.5
1079900 1023.6
1079910 1019.3
1079920 1019.3
1079930 1013.3
1079940 1008.1
1079950 1008.1
1079960 1004.2
1079970 1001.7
1079980 1001.7
1079990 1000.0
