1064900 422.8
1064910 422.8
1064920 424.5
1064930 425.1
1064940 425.1
1064950 424.8
1064960 424.7
1064970 424.7
1064980 425.3
1064990 425.7
1065000 425.7
1065010 424.9
1065020 423.6
1065030 423.4
1065040 423.3
1065050 423.1
1065060 423.1
1065070 423.0
1065080 424.1
1065090 424.1
1065100 426.0
1065110 426.6
1065120 426.6
1065130 426.2
1065140 425.1
1065150 425.1
1065160 424.8
1065170 424.9
1065180 424.9
1065190 424.9
1065200 424.9
1065210 424.8
1065220 424.8
1065230 424.9
1065240 425.2
1065250 425.2
1065260 426.5
1065270 428.4
1065280 428.4
1065290 428.7
1065300 428.8
1065310 428.8
1065320 428.9
1065330 428.5
1065340 428.5
1065350 427.9
1065360 429.2
1065370 429.2
1065380 429.6
1065390 429.3
1065400 429.3
1065410 428.7
1065420 427.3
1065430 427.3
1065440 424.6
1065450 422.9
1065460 422.9
1065470 421.2
1065480 419.4
1065490 419.0
1065500 419.0
1065510 419.0
1065520 419.0
1065530 419.0
1065540 419.0
1065550 419.0
1065560 419.0
1065570 419.0
1065580 419.0
1065590 419.0
1065600 418.9
1065610 418.9
1065620 418.9
1065630 418.9
1065640 418.9
1065650 418.9
1065660 419.2
1065670 420.9
1065680 420.9
1065690 422.9
1065700 423.6
1065710 423.6
1065720 424.2
1065730 424.8
1065740 424.8
1065750 425.1
1065760 425.1
1065770 425.1
1065780 425.1
1065790 425.0
1065800 425.0
1065810 425.0
1065820 425.1
1065830 425.1
1065840 425.1
1065850 425.1
1065860 425.1
1065870 425.1
1065880 425.1
1065890 425.2
1065900 425.2
1065910 425.1
1065920 425.2
1065930 425.2
1065940 425.2
1065950 425.2
1065960 425.2
1065970 425.3
1065980 425.3
1065990 425.3
1066000 425.3
1066010 425.4
1066020 425.4
1066030 425.4
1066040 425.4
1066050 425.3
1066060 425.3
1066070 425.2
1066080 425.2
1066090 425.2
1066100 425.2
1066110 425.3
1066120 425.3
1066130 425.3
1066140 425.3
1066150 425.3
1066160 425.4
1066170 425.4
1066180 425.4
1066190 425.4
1066200 425.4
1066210 425.4
1066220 425.4
1066230 425.3
1066240 425.3
1066250 425.4
1066260 425.9
1066270 425.9
1066280 427.1
1066290 427.5
1066300 427.5
1066310 426.6
1066320 424.5
1066330 424.5
1066340 422.9
1066350 422.3
1066360 422.3
1066370 422.3
1066380 422.3
1066390 422.2
1066400 422.2
1066410 422.1
1066420 422.1
1066430 422.1
1066440 422.1
1066450 422.1
1066460 422.1
1066470 422.1
1066480 422.0
1066490 422.0
1066500 422.0
1066510 422.1
1066520 422.1
1066530 422.1
1066540 422.0
1066550 422.1
1066560 422.0
1066570 421.9
1066580 421.9
1066590 422.0
1066600 422.0
1066610 422.0
1066620 422.1
1066630 422.2
1066640 422.2
1066650 422.2
1066660 422.2
1066670 422.2
1066680 422.2
1066690 422.1
1066700 422.0
1066710 422.0
1066720 421.6
1066730 420.9
1066740 420.9
1066750 420.9
1066760 421.4
1066770 421.4
1066780 421.6
1066790 421.5
1066800 421.5
1066810 421.8
1066820 421.9
1066830 421.9
1066840 421.7
1066850 421.5
1066860 421.6
1066870 422.0
1066880 422.2
1066890 422.2
1066900 422.3
1066910 422.3
1066920 422.4
1066930 422.4
1066940 422.5
1066950 422.5
1066960 422.5
1066970 422.5
1066980 422.3
1066990 422.3
1067000 422.2
1067010 422.1
1067020 422.1
1067030 421.9
1067040 422.1
1067050 422.1
1067060 422.2
1067070 422.2
1067080 422.2
1067090 422.2
1067100 422.1
1067110 422.1
1067120 422.1
1067130 422.0
1067140 422.0
1067150 422.0
1067160 422.0
1067170 422.0
1067180 422.0
1067190 422.0
1067200 421.9
1067210 421.9
1067220 421.7
1067230 421.7
1067240 421.7
1067250 421.7
1067260 421.8
1067270 421.8
1067280 421.9
1067290 421.9
1067300 421.9
1067310 421.9
1067320 421.8
1067330 421.8
1067340 421.8
1067350 421.9
1067360 421.9
1067370 421.9
1067380 422.1
1067390 422.1
1067400 422.4
1067410 422.7
1067420 422.7
1067430 423.4
1067440 423.8
1067450 423.8
1067460 423.8
1067470 423.4
1067480 423.4
1067490 423.4
1067500 423.2
1067510 423.1
1067520 423.1
1067530 423.2
1067540 423.3
1067550 423.3
1067560 423.2
1067570 423.1
1067580 423.1
1067590 423.1
1067600 423.2
1067610 423.2
1067620 423.2
1067630 423.2
1067640 423.2
1067650 423.2
1067660 423.2
1067670 423.2
1067680 423.2
1067690 423.1
1067700 423.1
1067710 423.1
1067720 423.1
1067730 423.1
1067740 423.2
1067750 423.1
1067760 423.1
1067770 422.8
1067780 424.1
1067790 424.5
1067800 424.5
1067810 424.7
1067820 424.8
1067830 424.8
1067840 424.8
1067850 424.9
1067860 424.9
1067870 424.8
1067880 424.3
1067890 424.3
1067900 423.7
1067910 423.6
1067920 423.6
1067930 423.6
1067940 423.7
1067950 423.7
1067960 423.8
1067970 423.9
1067980 423.9
1067990 424.0
1068000 424.1
1068010 424.1
1068020 424.2
1068030 424.3
1068040 424.3
1068050 424.4
1068060 424.6
1068070 424.7
1068080 424.8
1068090 424.8
1068100 424.9
1068110 424.9
1068120 424.9
1068130 424.9
1068140 424.9
1068150 425.0
1068160 425.0
1068170 425.0
1068180 425.1
1068190 425.2
1068200 425.2
1068210 425.2
1068220 425.3
1068230 425.3
1068240 425.3
1068250 425.3
1068260 425.3
1068270 425.4
1068280 425.5
1068290 425.5
1068300 425.7
1068310 425.7
1068320 425.7
1068330 425.6
1068340 425.7
1068350 425.8
1068360 425.8
1068370 425.8
1068380 426.0
1068390 426.0
1068400 426.1
1068410 425.8
1068420 425.8
1068430 425.7
1068440 425.7
1068450 425.7
1068460 425.7
1068470 425.8
1068480 425.8
1068490 425.8
1068500 426.0
1068510 426.0
1068520 426.2
1068530 426.3
1068540 426.3
1068550 426.4
1068560 426.5
1068570 426.5
1068580 426.5
1068590 426.6
1068600 426.6
1068610 426.6
1068620 426.8
1068630 426.8
1068640 426.8
1068650 426.8
1068660 426.9
1068670 426.9
1068680 426.9
1068690 427.0
1068700 427.0
1068710 427.1
1068720 427.2
1068730 427.2
1068740 427.2
1068750 427.4
1068760 427.4
1068770 427.5
1068780 427.6
1068790 427.6
1068800 427.7
1068810 427.7
1068820 427.7
1068830 427.9
1068840 428.0
1068850 428.0
1068860 428.2
1068870 428.3
1068880 428.3
1068890 428.3
1068900 428.2
1068910 428.2
1068920 428.1
1068930 428.2
1068940 428.3
1068950 428.3
1068960 428.4
1068970 428.5
1068980 428.5
1068990 428.4
1069000 428.3
1069010 428.3
1069020 428.4
1069030 428.6
1069040 428.6
1069050 428.7
1069060 428.8
1069070 428.8
1069080 428.9
1069090 429.0
1069100 429.0
1069110 429.1
1069120 429.1
1069130 429.1
1069140 429.1
1069150 429.2
1069160 429.2
1069170 429.3
1069180 429.4
1069190 429.4
1069200 429.5
1069210 429.6
1069220 429.7
1069230 429.7
1069240 429.7
1069250 429.7
1069260 429.7
1069270 429.7
1069280 429.7
1069290 429.7
1069300 430.0
1069310 430.0
1069320 430.0
1069330 430.0
1069340 429.9
1069350 429.9
1069360 429.9
1069370 429.9
1069380 429.9
1069390 429.9
1069400 430.0
1069410 430.0
1069420 429.9
1069430 430.0
1069440 430.0
1069450 430.1
1069460 430.2
1069470 430.2
1069480 430.3
1069490 430.3
1069500 430.3
1069510 430.3
1069520 430.2
1069530 430.3
1069540 430.3
1069550 430.4
1069560 430.5
1069570 430.5
1069580 430.6
1069590 430.8
1069600 430.8
1069610 431.2
1069620 431.2
1069630 431.2
1069640 430.9
1069650 431.0
1069660 431.0
1069670 431.1
1069680 431.3
1069690 431.3
1069700 431.4
1069710 431.5
1069720 431.5
1069730 431.7
1069740 431.8
1069750 431.8
1069760 431.9
1069770 432.1
1069780 432.2
1069790 432.2
1069800 432.3
1069810 432.4
1069820 432.4
1069830 432.5
1069840 432.6
1069850 432.6
1069860 432.8
1069870 433.1
1069880 433.1
1069890 433.2
1069900 433.4
1069910 433.4
1069920 433.4
1069930 433.5
1069940 433.5
1069950 433.5
1069960 433.5
1069970 433.5
1069980 433.6
1069990 433.7
1070000 433.7
1070010 433.9
1070020 434.5
1070030 434.5
1070040 434.6
1070050 435.2
1070060 435.2
1070070 437.8
1070080 437.7
1070090 435.1
1070100 435.1
1070110 433.9
1070120 433.1
1070130 433.1
1070140 434.3
1070150 437.9
1070160 437.9
1070170 437.6
1070180 434.9
1070190 434.9
1070200 434.9
1070210 435.0
1070220 435.0
1070230 435.1
1070240 435.0
1070250 435.0
1070260 434.2
1070270 434.1
1070280 434.1
1070290 434.1
1070300 434.2
1070310 434.2
1070320 434.2
1070330 434.5
1070340 434.5
1070350 434.6
1070360 434.6
1070370 434.6
1070380 434.6
1070390 434.7
1070400 434.8
1070410 434.8
1070420 434.6
1070430 434.6
1070440 434.6
1070450 434.8
1070460 434.8
1070470 434.8
1070480 434.9
1070490 435.0
1070500 435.0
1070510 434.9
1070520 434.9
1070530 435.0
1070540 435.1
1070550 435.2
1070560 435.2
1070570 435.3
1070580 435.2
1070590 435.2
1070600 435.1
1070610 435.2
1070620 435.2
1070630 435.7
1070640 435.5
1070650 435.5
1070660 435.5
1070670 435.7
1070680 435.8
1070690 435.8
1070700 436.0
1070710 436.1
1070720 436.1
1070730 436.2
1070740 436.5
1070750 436.5
1070760 436.5
1070770 436.6
1070780 436.6
1070790 436.7
1070800 437.0
1070810 437.0
1070820 437.1
1070830 437.0
1070840 436.9
1070850 437.0
1070860 437.1
1070870 437.1
1070880 437.2
1070890 437.2
1070900 437.2
1070910 437.3
1070920 437.6
1070930 437.5
1070940 437.5
1070950 437.4
1070960 437.5
1070970 437.5
1070980 437.5
1070990 437.5
1071000 437.5
1071010 437.6
1071020 437.7
1071030 437.7
1071040 437.6
1071050 437.5
1071060 437.5
1071070 438.9
1071080 440.5
1071090 440.5
1071100 443.9
1071110 444.1
1071120 444.1
1071130 444.0
1071140 442.9
1071150 443.3
1071160 440.3
1071170 438.5
1071180 438.5
1071190 437.6
1071200 437.7
1071210 437.7
1071220 437.8
1071230 437.9
1071240 438.1
1071250 438.1
1071260 438.1
1071270 438.4
1071280 438.4
1071290 438.6
1071300 438.6
1071310 438.6
1071320 438.7
1071330 438.7
1071340 438.7
1071350 438.8
1071360 438.8
1071370 438.8
1071380 439.0
1071390 439.1
1071400 439.1
1071410 439.2
1071420 439.2
1071430 439.2
1071440 439.4
1071450 439.4
1071460 439.4
1071470 439.4
1071480 439.6
1071490 439.6
1071500 440.4
1071510 442.1
1071520 442.8
1071530 442.8
1071540 442.5
1071550 442.2
1071560 442.2
1071570 442.3
1071580 442.1
1071590 442.1
1071600 442.0
1071610 441.8
1071620 441.8
1071630 441.9
1071640 442.0
1071650 442.0
1071660 441.9
1071670 441.9
1071680 441.9
1071690 441.9
1071700 441.9
1071710 441.9
1071720 442.0
1071730 442.1
1071740 442.1
1071750 442.0
1071760 442.0
1071770 442.0
1071780 442.0
1071790 442.0
1071800 442.0
1071810 442.0
1071820 442.3
1071830 442.5
1071840 442.5
1071850 442.6
1071860 442.7
1071870 442.7
1071880 442.3
1071890 442.5
1071900 442.5
1071910 443.1
1071920 443.2
1071930 443.2
1071940 443.3
1071950 443.4
1071960 443.4
1071970 443.5
1071980 443.6
1071990 443.6
1072000 443.6
1072010 443.7
1072020 443.7
1072030 443.7
1072040 443.8
1072050 443.8
1072060 443.9
1072070 445.4
1072080 445.9
1072090 445.9
1072100 445.8
1072110 445.9
1072120 445.9
1072130 445.9
1072140 445.9
1072150 445.9
1072160 446.0
1072170 446.4
1072180 446.4
1072190 446.5
1072200 446.5
1072210 446.5
1072220 446.5
1072230 446.6
1072240 446.6
1072250 446.7
1072260 446.8
1072270 446.8
1072280 447.0
1072290 447.3
1072300 447.3
1072310 447.4
1072320 447.5
1072330 447.5
1072340 447.6
1072350 447.6
1072360 447.7
1072370 447.7
1072380 448.3
1072390 448.4
1072400 448.4
1072410 448.4
1072420 448.4
1072430 448.4
1072440 448.5
1072450 448.6
1072460 448.6
1072470 448.6
1072480 448.8
1072490 448.8
1072500 449.0
1072510 449.3
1072520 449.3
1072530 449.4
1072540 449.5
1072550 449.5
1072560 449.6
1072570 450.2
1072580 450.2
1072590 450.3
1072600 450.7
1072610 450.7
1072620 451.4
1072630 451.9
1072640 451.9
1072650 451.8
1072660 451.8
1072670 451.6
1072680 451.6
1072690 451.8
1072700 451.9
1072710 451.9
1072720 452.1
1072730 452.2
1072740 452.2
1072750 452.4
1072760 452.7
1072770 452.7
1072780 452.8
1072790 453.0
1072800 453.0
1072810 453.1
1072820 453.3
1072830 453.3
1072840 453.4
1072850 453.5
1072860 453.5
1072870 453.5
1072880 453.7
1072890 453.7
1072900 453.8
1072910 454.0
1072920 454.0
1072930 454.4
1072940 454.6
1072950 454.7
1072960 454.7
1072970 455.2
1072980 455.8
1072990 455.8
1073000 455.4
1073010 455.9
1073020 455.9
1073030 456.6
1073040 457.6
1073050 457.6
1073060 457.0
1073070 456.7
1073080 456.7
1073090 457.0
1073100 457.3
1073110 457.3
1073120 457.7
1073130 458.3
1073140 458.3
1073150 458.3
1073160 458.2
1073170 458.2
1073180 458.5
1073190 458.7
1073200 458.7
1073210 458.9
1073220 459.2
1073230 459.4
1073240 459.4
1073250 459.7
1073260 460.0
1073270 460.0
1073280 460.4
1073290 460.8
1073300 460.8
1073310 461.7
1073320 462.7
1073330 462.7
1073340 462.6
1073350 462.5
1073360 462.5
1073370 462.3
1073380 462.6
1073390 462.6
1073400 462.6
1073410 463.1
1073420 463.1
1073430 463.8
1073440 464.4
1073450 464.4
1073460 464.6
1073470 464.6
1073480 464.6
1073490 464.8
1073500 464.6
1073510 464.2
1073520 464.2
1073530 464.5
1073540 465.0
1073550 465.0
1073560 465.2
1073570 465.0
1073580 465.0
1073590 465.0
1073600 465.1
1073610 465.1
1073620 465.5
1073630 465.6
1073640 465.6
1073650 465.6
1073660 465.7
1073670 465.7
1073680 465.8
1073690 466.6
1073700 466.6
1073710 466.9
1073720 467.1
1073730 467.1
1073740 467.5
1073750 468.6
1073760 468.6
1073770 469.0
1073780 468.8
1073790 468.8
1073800 468.8
1073810 468.8
1073820 469.0
1073830 469.0
1073840 469.1
1073850 469.3
1073860 469.3
1073870 469.6
1073880 469.9
1073890 469.9
1073900 470.3
1073910 470.3
1073920 470.3
1073930 470.3
1073940 470.4
1073950 470.4
1073960 470.7
1073970 471.4
1073980 471.4
1073990 471.9
1074000 471.7
1074010 471.7
1074020 471.5
1074030 472.0
1074040 472.0
1074050 472.4
1074060 472.8
1074070 472.8
1074080 472.8
1074090 472.9
1074100 472.9
1074110 472.9
1074120 472.8
1074130 473.1
1074140 473.1
1074150 473.7
1074160 474.0
1074170 474.0
1074180 474.6
1074190 477.2
1074200 477.2
1074210 480.1
1074220 480.8
1074230 480.8
1074240 481.2
1074250 480.8
1074260 480.8
1074270 480.0
1074280 479.8
1074290 479.8
1074300 479.9
1074310 480.2
1074320 480.2
1074330 480.6
1074340 480.7
1074350 480.7
1074360 480.8
1074370 481.0
1074380 481.2
1074390 481.2
1074400 481.4
1074410 481.8
1074420 481.8
1074430 482.6
1074440 483.5
1074450 483.5
1074460 485.0
1074470 486.7
1074480 486.7
1074490 487.8
1074500 488.9
1074510 488.9
1074520 490.9
1074530 491.1
1074540 491.1
1074550 490.7
1074560 491.0
1074570 491.0
1074580 491.5
1074590 491.8
1074600 491.8
1074610 491.7
1074620 491.6
1074630 491.6
1074640 491.9
1074650 492.2
1074660 492.6
1074670 492.6
1074680 493.2
1074690 495.7
1074700 495.7
1074710 498.3
1074720 501.1
1074730 501.1
1074740 502.6
1074750 502.3
1074760 502.3
1074770 500.4
1074780 497.9
1074790 497.9
1074800 496.3
1074810 495.6
1074820 495.6
1074830 495.3
1074840 495.5
1074850 495.5
1074860 495.6
1074870 496.0
1074880 496.0
1074890 496.9
1074900 498.6
1074910 498.6
1074920 501.5
1074930 504.2
1074940 507.1
1074950 507.1
1074960 510.9
1074970 515.0
1074980 515.0
1074990 517.6
1075000 520.0
1075010 520.0
1075020 520.7
1075030 521.6
1075040 521.6
1075050 524.3
1075060 526.6
1075070 526.6
1075080 528.4
1075090 531.0
1075100 531.0
1075110 533.9
1075120 536.6
1075130 536.6
1075140 540.3
1075150 544.7
1075160 544.7
1075170 545.7
1075180 547.5
1075190 547.5
1075200 548.9
1075210 551.6
1075220 554.4
1075230 554.4
1075240 558.0
1075250 561.6
1075260 561.6
1075270 565.7
1075280 570.0
1075290 570.0
1075300 575.4
1075310 579.9
1075320 579.9
1075330 580.9
1075340 580.2
1075350 580.2
1075360 580.3
1075370 581.5
1075380 581.5
1075390 582.1
1075400 583.7
1075410 583.7
1075420 585.6
1075430 587.3
1075440 587.3
1075450 587.5
1075460 587.6
1075470 587.6
1075480 587.2
1075490 583.2
1075500 583.2
1075510 581.9
1075520 578.9
1075530 575.8
1075540 575.8
1075550 573.7
1075560 571.4
1075570 571.4
1075580 569.2
1075590 568.2
1075600 568.2
1075610 569.6
1075620 573.1
1075630 573.1
1075640 576.0
1075650 576.6
1075660 576.6
1075670 578.1
1075680 579.4
1075690 579.4
1075700 580.3
1075710 581.1
1075720 581.1
1075730 581.2
1075740 580.3
1075750 580.3
1075760 580.2
1075770 582.3
1075780 582.3
1075790 584.3
1075800 577.3
1075810 578.2
1075820 578.2
1075830 579.1
1075840 580.3
1075850 580.3
1075860 581.9
1075870 583.0
1075880 583.0
1075890 584.4
1075900 585.0
1075910 585.0
1075920 585.6
1075930 585.8
1075940 585.8
1075950 585.5
1075960 585.8
1075970 585.8
1075980 586.7
1075990 587.0
1076000 587.0
1076010 586.7
1076020 585.5
1076030 585.5
1076040 584.2
1076050 583.7
1076060 583.7
1076070 582.8
1076080 581.3
1076090 580.6
1076100 580.6
1076110 577.7
1076120 576.7
1076130 576.7
1076140 576.4
1076150 575.2
1076160 575.2
1076170 572.6
1076180 570.0
1076190 570.0
1076200 565.6
1076210 560.0
1076220 560.0
1076230 555.5
1076240 549.5
1076250 549.5
1076260 548.1
1076270 548.6
1076280 548.6
1076290 553.5
1076300 564.7
1076310 564.7
1076320 577.5
1076330 583.3
1076340 583.3
1076350 586.9
1076360 587.6
1076370 585.8
1076380 585.8
1076390 584.2
1076400 586.3
1076410 586.3
1076420 595.9
1076430 600.9
1076440 600.9
1076450 608.0
1076460 617.3
1076470 617.3
1076480 622.3
1076490 623.4
1076500 623.4
1076510 628.6
1076520 635.9
1076530 635.9
1076540 647.2
1076550 656.4
1076560 656.4
1076570 659.2
1076580 665.7
1076590 665.7
1076600 671.7
1076610 676.4
1076620 676.4
1076630 680.0
1076640 685.2
1076650 692.2
1076660 692.2
1076670 698.2
1076680 700.0
1076690 700.0
1076700 701.0
1076710 703.5
1076720 703.5
1076730 706.9
1076740 710.4
1076750 710.4
1076760 714.4
1076770 718.7
1076780 718.7
1076790 722.7
1076800 727.1
1076810 727.1
1076820 731.3
1076830 734.6
1076840 734.6
1076850 739.7
1076860 744.6
1076870 744.6
1076880 748.4
1076890 751.9
1076900 751.9
1076910 754.9
1076920 759.4
1076930 759.4
1076940 764.1
1076950 768.8
1076960 774.1
1076970 774.1
1076980 779.9
1076990 785.2
1077000 785.2
1077010 790.1
1077020 796.1
1077030 796.1
1077040 800.9
1077050 806.0
1077060 806.0
1077070 809.1
1077080 811.8
1077090 811.8
1077100 815.2
1077110 818.6
1077120 818.6
1077130 819.3
1077140 822.0
1077150 822.0
1077160 824.1
1077170 827.5
1077180 827.5
1077190 830.8
1077200 834.3
1077210 834.3
1077220 837.2
1077230 840.6
1077240 844.2
1077250 844.2
1077260 848.7
1077270 853.6
1077280 853.6
1077290 858.7
1077300 863.5
1077310 863.5
1077320 868.8
1077330 873.2
1077340 873.2
1077350 879.1
1077360 887.2
1077370 887.2
1077380 894.3
1077390 901.8
1077400 901.8
1077410 911.6
1077420 921.1
1077430 921.1
1077440 928.7
1077450 930.9
1077460 930.9
1077470 932.8
1077480 934.4
1077490 934.4
1077500 935.8
1077510 937.4
1077520 939.4
1077530 939.4
1077540 942.2
1077550 945.2
1077560 945.2
1077570 948.6
1077580 952.4
1077590 952.4
1077600 955.7
1077610 958.7
1077620 958.7
1077630 962.2
1077640 965.6
1077650 965.6
1077660 971.2
1077670 978.6
1077680 978.6
1077690 985.0
1077700 992.3
1077710 992.3
1077720 999.4
1077730 1005.8
1077740 1005.8
1077750 1011.3
1077760 1016.5
1077770 1016.5
1077780 1022.2
1077790 1026.9
1077800 1030.9
1077810 1030.9
1077820 1034.7
1077830 1039.0
1077840 1039.0
1077850 1043.2
1077860 1047.3
1077870 1047.3
1077880 1051.0
1077890 1053.5
1077900 1053.5
1077910 1055.9
1077920 1058.0
1077930 1058.0
1077940 1059.8
1077950 1062.1
1077960 1062.1
1077970 1064.0
1077980 1065.5
1077990 1065.5
1078000 1067.6
1078010 1070.7
1078020 1070.7
1078030 1074.8
1078040 1079.8
1078050 1079.8
1078060 1083.3
1078070 1086.8
1078080 1092.3
1078090 1092.3
1078100 1097.1
1078110 1097.6
1078120 1097.6
1078130 1098.3
1078140 1099.3
1078150 1099.3
1078160 1099.9
1078170 1099.6
1078180 1099.6
1078190 1098.2
1078200 1097.5
1078210 1097.5
1078220 1098.3
1078230 1099.7
1078240 1099.7
1078250 1101.1
1078260 1102.4
1078270 1102.4
1078280 1104.1
1078290 1106.2
1078300 1104.5
1078310 1106.6
1078320 1108.7
1078330 1108.7
1078340 1110.7
1078350 1112.8
1078360 1112.8
1078370 1113.8
1078380 1113.0
1078390 1110.0
1078400 1110.0
1078410 1107.3
1078420 1105.3
1078430 1105.3
1078440 1100.9
1078450 1094.6
1078460 1094.6
1078470 1090.6
1078480 1087.8
1078490 1087.8
1078500 1081.6
1078510 1074.1
1078520 1074.1
1078530 1071.1
1078540 1068.3
1078550 1068.3
1078560 1063.8
1078570 1060.4
1078580 1060.4
1078590 1058.1
1078600 1056.4
1078610 1049.7
1078620 1046.6
1078630 1038.4
1078640 1038.4
1078650 1031.0
1078660 1027.0
1078670 1023.4
1078680 1023.4
1078690 1019.6
1078700 1016.3
1078710 1016.3
1078720 1008.4
1078730 990.6
1078740 990.6
1078750 976.5
1078760 973.0
1078770 973.0
1078780 970.1
1078790 966.9
1078800 966.9
1078810 964.6
1078820 964.3
1078830 964.3
1078840 964.3
1078850 963.8
1078860 963.8
1078870 966.4
1078880 966.7
1078890 966.7
1078900 965.5
1078910 964.2
1078920 964.2
1078930 958.9
1078940 959.9
1078950 961.1
1078960 961.1
1078970 961.1
1078980 959.8
1078990 959.8
1079000 958.0
1079010 955.3
1079020 955.3
1079030 952.9
1079040 951.4
1079050 951.4
1079060 951.9
1079070 951.7
1079080 951.7
1079090 950.7
1079100 949.3
1079110 949.3
1079120 947.0
1079130 945.3
1079140 945.3
1079150 944.7
1079160 944.4
1079170 944.4
1079180 941.6
1079190 939.5
1079200 939.5
1079210 938.2
1079220 936.3
1079230 933.6
1079240 928.6
1079250 924.7
1079260 920.7
1079270 920.7
1079280 916.9
1079290 913.5
1079300 913.5
1079310 911.1
1079320 908.8
1079330 908.8
1079340 905.5
1079350 902.2
1079360 902.2
1079370 899.4
1079380 898.5
1079390 898.5
1079400 900.7
1079410 900.7
1079420 900.7
1079430 895.9
1079440 897.7
1079450 897.7
1079460 902.2
1079470 898.6
1079480 898.6
1079490 896.1
1079500 900.0
1079510 902.3
1079520 902.3
1079530 901.9
1079540 899.9
1079550 892.7
1079560 889.7
1079570 892.4
1079580 892.4
1079590 897.5
1079600 902.2
1079610 902.2
1079620 904.4
1079630 906.6
1079640 906.6
1079650 909.1
1079660 906.8
1079670 906.8
1079680 904.5
1079690 904.9
1079700 904.9
1079710 905.5
1079720 905.9
1079730 905.9
1079740 906.9
1079750 908.5
1079760 908.5
1079770 909.1
1079780 909.1
1079790 909.1
1079800 908.3
1079810 907.0
1079820 906.1
1079830 906.1
1079840 905.1
1079850 905.4
1079860 905.4
1079870 903.1
1079880 903.8
1079890 903.8
1079900 905.4
1079910 905.8
1079920 905.8
1079930 907.2
1079940 909.5
1079950 909.5
1079960 911.3
1079970 911.6
1079980 911.6
1079990 911.6
