1064980 424.1
1064990 424.1
1065000 424.1
1065010 424.1
1065020 425.0
1065030 427.2
1065040 427.2
1065050 426.1
1065060 423.9
1065070 423.9
1065080 423.2
1065090 423.0
1065100 423.0
1065110 422.9
1065120 422.7
1065130 422.7
1065140 422.9
1065150 424.8
1065160 424.8
1065170 427.3
1065180 428.0
1065190 428.0
1065200 427.8
1065210 427.9
1065220 427.9
1065230 428.0
1065240 428.0
1065250 428.0
1065260 427.9
1065270 427.9
1065280 427.9
1065290 427.1
1065300 425.7
1065310 426.2
1065320 426.2
1065330 426.2
1065340 425.7
1065350 425.8
1065360 425.4
1065370 425.0
1065380 425.0
1065390 424.7
1065400 425.3
1065410 425.3
1065420 425.6
1065430 426.8
1065440 426.8
1065450 428.4
1065460 428.8
1065470 428.8
1065480 427.8
1065490 426.8
1065500 426.8
1065510 426.7
1065520 425.5
1065530 425.5
1065540 423.8
1065550 422.6
1065560 422.6
1065570 420.9
1065580 419.5
1065590 418.9
1065600 418.9
1065610 418.9
1065620 418.9
1065630 418.9
1065640 418.9
1065650 418.9
1065660 418.9
1065670 418.9
1065680 418.9
1065690 418.9
1065700 418.9
1065710 418.8
1065720 418.8
1065730 418.8
1065740 418.9
1065750 418.9
1065760 419.2
1065770 420.9
1065780 420.9
1065790 422.5
1065800 423.3
1065810 423.3
1065820 423.9
1065830 424.7
1065840 424.7
1065850 425.0
1065860 425.0
1065870 425.0
1065880 425.0
1065890 425.0
1065900 425.0
1065910 425.0
1065920 425.0
1065930 425.0
1065940 425.0
1065950 425.1
1065960 425.1
1065970 425.1
1065980 425.2
1065990 425.2
1066000 425.2
1066010 425.2
1066020 425.2
1066030 425.2
1066040 425.3
1066050 425.3
1066060 425.3
1066070 425.3
1066080 425.2
1066090 425.2
1066100 425.2
1066110 425.1
1066120 425.1
1066130 425.1
1066140 425.1
1066150 425.1
1066160 425.2
1066170 425.1
1066180 425.1
1066190 425.1
1066200 425.1
1066210 425.1
1066220 425.1
1066230 425.0
1066240 424.9
1066250 424.9
1066260 424.9
1066270 424.9
1066280 424.9
1066290 424.9
1066300 425.0
1066310 425.0
1066320 425.0
1066330 425.1
1066340 425.1
1066350 425.2
1066360 425.8
1066370 425.8
1066380 426.7
1066390 427.3
1066400 427.3
1066410 426.5
1066420 424.6
1066430 424.6
1066440 422.8
1066450 422.2
1066460 422.2
1066470 422.2
1066480 422.1
1066490 422.2
1066500 422.2
1066510 422.3
1066520 422.4
1066530 422.4
1066540 422.3
1066550 422.4
1066560 422.4
1066570 422.2
1066580 422.2
1066590 422.2
1066600 422.0
1066610 422.1
1066620 422.1
1066630 422.4
1066640 422.6
1066650 422.6
1066660 422.6
1066670 422.6
1066680 422.6
1066690 422.7
1066700 422.6
1066710 422.6
1066720 422.5
1066730 422.4
1066740 422.3
1066750 422.3
1066760 422.3
1066770 422.4
1066780 422.4
1066790 422.3
1066800 422.3
1066810 422.3
1066820 422.2
1066830 421.9
1066840 421.9
1066850 421.0
1066860 420.9
1066870 421.8
1066880 421.9
1066890 422.1
1066900 422.1
1066910 422.2
1066920 422.3
1066930 422.3
1066940 422.3
1066950 422.4
1066960 422.4
1066970 422.4
1066980 422.3
1066990 422.3
1067000 422.2
1067010 422.1
1067020 422.1
1067030 421.8
1067040 421.2
1067050 421.2
1067060 421.2
1067070 421.1
1067080 421.0
1067090 421.0
1067100 421.0
1067110 420.9
1067120 420.9
1067130 420.9
1067140 421.3
1067150 421.3
1067160 421.7
1067170 421.8
1067180 421.9
1067190 421.8
1067200 421.7
1067210 421.7
1067220 421.6
1067230 421.6
1067240 421.6
1067250 421.6
1067260 421.6
1067270 421.6
1067280 421.6
1067290 421.6
1067300 421.6
1067310 421.8
1067320 421.9
1067330 421.9
1067340 421.9
1067350 421.7
1067360 421.9
1067370 421.9
1067380 422.2
1067390 422.6
1067400 422.6
1067410 423.2
1067420 423.7
1067430 423.7
1067440 423.7
1067450 423.7
1067460 423.7
1067470 423.3
1067480 422.4
1067490 422.4
1067500 422.2
1067510 422.4
1067520 422.4
1067530 423.2
1067540 423.4
1067550 423.4
1067560 423.3
1067570 423.2
1067580 423.2
1067590 423.2
1067600 423.1
1067610 423.0
1067620 423.0
1067630 423.2
1067640 423.3
1067650 423.3
1067660 423.3
1067670 423.2
1067680 423.2
1067690 423.0
1067700 422.6
1067710 422.6
1067720 422.5
1067730 422.8
1067740 422.8
1067750 422.5
1067760 423.9
1067770 423.9
1067780 424.4
1067790 424.6
1067800 424.6
1067810 424.7
1067820 424.9
1067830 424.9
1067840 425.0
1067850 425.1
1067860 425.1
1067870 425.1
1067880 425.1
1067890 425.1
1067900 425.1
1067910 425.1
1067920 425.0
1067930 425.0
1067940 425.1
1067950 425.1
1067960 425.1
1067970 425.2
1067980 425.0
1067990 425.0
1068000 424.4
1068010 424.0
1068020 424.0
1068030 424.2
1068040 424.3
1068050 424.3
1068060 424.4
1068070 424.7
1068080 424.7
1068090 424.7
1068100 424.7
1068110 424.7
1068120 424.7
1068130 424.8
1068140 424.8
1068150 424.9
1068160 425.0
1068170 425.0
1068180 425.1
1068190 425.2
1068200 425.3
1068210 425.3
1068220 425.4
1068230 425.4
1068240 425.4
1068250 425.3
1068260 425.3
1068270 425.3
1068280 425.3
1068290 425.4
1068300 425.4
1068310 425.5
1068320 425.5
1068330 425.5
1068340 425.5
1068350 425.6
1068360 425.6
1068370 425.6
1068380 425.4
1068390 425.4
1068400 425.5
1068410 426.0
1068420 426.0
1068430 425.6
1068440 425.7
1068450 425.7
1068460 425.7
1068470 425.8
1068480 425.9
1068490 425.9
1068500 426.0
1068510 426.1
1068520 426.1
1068530 426.2
1068540 426.3
1068550 426.3
1068560 426.3
1068570 426.4
1068580 426.4
1068590 426.6
1068600 426.6
1068610 426.6
1068620 426.7
1068630 426.8
1068640 426.8
1068650 426.9
1068660 426.9
1068670 426.9
1068680 426.9
1068690 427.0
1068700 427.0
1068710 427.1
1068720 427.3
1068730 427.3
1068740 427.4
1068750 427.6
1068760 427.6
1068770 427.6
1068780 427.8
1068790 427.9
1068800 427.9
1068810 428.0
1068820 428.2
1068830 428.2
1068840 428.2
1068850 428.3
1068860 428.3
1068870 428.3
1068880 428.2
1068890 428.2
1068900 428.1
1068910 428.1
1068920 428.1
1068930 428.2
1068940 428.2
1068950 428.2
1068960 428.2
1068970 428.2
1068980 428.2
1068990 428.2
1069000 428.2
1069010 428.3
1069020 428.4
1069030 428.5
1069040 428.5
1069050 428.5
1069060 428.5
1069070 428.5
1069080 428.5
1069090 428.6
1069100 428.6
1069110 428.6
1069120 428.7
1069130 428.7
1069140 428.7
1069150 428.8
1069160 429.0
1069170 429.0
1069180 429.1
1069190 429.1
1069200 429.1
1069210 429.2
1069220 429.2
1069230 429.2
1069240 429.2
1069250 429.2
1069260 429.2
1069270 429.2
1069280 429.3
1069290 429.3
1069300 429.4
1069310 429.5
1069320 429.5
1069330 429.6
1069340 429.7
1069350 429.7
1069360 429.7
1069370 429.7
1069380 429.7
1069390 429.7
1069400 429.7
1069410 429.7
1069420 429.7
1069430 429.7
1069440 429.8
1069450 429.8
1069460 429.9
1069470 430.1
1069480 430.1
1069490 430.3
1069500 430.5
1069510 430.5
1069520 430.6
1069530 430.6
1069540 430.6
1069550 430.7
1069560 430.8
1069570 430.8
1069580 431.0
1069590 431.2
1069600 431.2
1069610 431.4
1069620 431.5
1069630 431.2
1069640 431.2
1069650 431.2
1069660 431.3
1069670 431.3
1069680 431.3
1069690 431.3
1069700 431.3
1069710 431.4
1069720 431.6
1069730 431.6
1069740 431.7
1069750 431.8
1069760 431.8
1069770 431.9
1069780 432.1
1069790 432.1
1069800 432.3
1069810 432.4
1069820 432.4
1069830 432.6
1069840 432.7
1069850 432.7
1069860 432.8
1069870 433.1
1069880 433.1
1069890 433.7
1069900 433.4
1069910 433.2
1069920 433.2
1069930 433.4
1069940 433.6
1069950 433.6
1069960 433.7
1069970 433.8
1069980 433.8
1069990 434.1
1070000 434.3
1070010 434.3
1070020 435.3
1070030 437.9
1070040 437.9
1070050 437.1
1070060 435.0
1070070 435.0
1070080 433.8
1070090 432.9
1070100 432.9
1070110 434.3
1070120 437.8
1070130 437.8
1070140 436.9
1070150 434.4
1070160 434.4
1070170 434.6
1070180 434.8
1070190 435.0
1070200 435.0
1070210 435.1
1070220 434.3
1070230 434.3
1070240 434.0
1070250 433.9
1070260 433.9
1070270 433.9
1070280 433.9
1070290 433.9
1070300 434.0
1070310 434.0
1070320 434.0
1070330 434.1
1070340 434.3
1070350 434.3
1070360 434.6
1070370 434.8
1070380 434.8
1070390 435.0
1070400 435.2
1070410 435.2
1070420 434.8
1070430 434.8
1070440 434.8
1070450 434.8
1070460 434.6
1070470 434.6
1070480 435.0
1070490 434.6
1070500 434.5
1070510 434.5
1070520 434.4
1070530 434.5
1070540 434.5
1070550 434.7
1070560 434.9
1070570 434.9
1070580 434.9
1070590 435.0
1070600 435.0
1070610 434.9
1070620 435.2
1070630 435.2
1070640 435.2
1070650 435.3
1070660 435.3
1070670 435.5
1070680 435.8
1070690 435.8
1070700 435.7
1070710 435.8
1070720 435.8
1070730 436.1
1070740 436.3
1070750 436.3
1070760 436.3
1070770 436.3
1070780 436.5
1070790 436.5
1070800 436.9
1070810 436.9
1070820 436.9
1070830 436.9
1070840 436.8
1070850 436.8
1070860 437.0
1070870 437.1
1070880 437.1
1070890 437.3
1070900 437.3
1070910 437.3
1070920 437.4
1070930 437.3
1070940 437.3
1070950 437.1
1070960 437.4
1070970 437.4
1070980 441.1
1070990 443.0
1071000 443.0
1071010 442.3
1071020 440.9
1071030 440.9
1071040 438.8
1071050 437.9
1071060 439.7
1071070 439.7
1071080 443.4
1071090 443.9
1071100 443.9
1071110 443.9
1071120 443.6
1071130 443.6
1071140 440.8
1071150 438.8
1071160 438.8
1071170 437.5
1071180 437.6
1071190 437.6
1071200 437.7
1071210 437.6
1071220 437.6
1071230 437.7
1071240 437.7
1071250 437.7
1071260 437.7
1071270 437.7
1071280 437.7
1071290 438.0
1071300 438.3
1071310 438.3
1071320 438.4
1071330 438.4
1071340 438.5
1071350 438.5
1071360 438.6
1071370 438.7
1071380 438.7
1071390 438.8
1071400 438.9
1071410 438.9
1071420 438.9
1071430 439.0
1071440 439.0
1071450 439.1
1071460 440.0
1071470 439.7
1071480 441.1
1071490 442.4
1071500 442.4
1071510 442.1
1071520 442.0
1071530 442.0
1071540 442.0
1071550 442.0
1071560 442.0
1071570 442.0
1071580 441.8
1071590 441.8
1071600 441.5
1071610 441.5
1071620 441.7
1071630 441.7
1071640 441.9
1071650 441.9
1071660 441.9
1071670 441.9
1071680 442.0
1071690 442.0
1071700 442.1
1071710 442.1
1071720 442.1
1071730 442.0
1071740 442.1
1071750 442.1
1071760 442.1
1071770 442.1
1071780 442.0
1071790 442.0
1071800 442.0
1071810 442.0
1071820 442.0
1071830 442.1
1071840 442.1
1071850 442.6
1071860 442.8
1071870 442.8
1071880 442.9
1071890 443.0
1071900 443.0
1071910 442.4
1071920 443.9
1071930 443.4
1071940 443.4
1071950 443.4
1071960 443.4
1071970 443.4
1071980 443.5
1071990 443.5
1072000 443.5
1072010 443.6
1072020 443.7
1072030 443.7
1072040 443.7
1072050 443.7
1072060 443.7
1072070 443.8
1072080 444.4
1072090 444.7
1072100 445.1
1072110 445.2
1072120 445.2
1072130 445.4
1072140 445.7
1072150 445.7
1072160 445.8
1072170 445.8
1072180 445.8
1072190 445.8
1072200 445.8
1072210 445.9
1072220 445.9
1072230 446.5
1072240 446.8
1072250 446.8
1072260 447.0
1072270 447.1
1072280 447.1
1072290 447.3
1072300 447.2
1072310 447.2
1072320 446.7
1072330 446.8
1072340 446.8
1072350 447.0
1072360 447.2
1072370 447.2
1072380 447.3
1072390 448.2
1072400 449.1
1072410 448.9
1072420 448.4
1072430 448.4
1072440 448.4
1072450 448.3
1072460 448.3
1072470 448.4
1072480 448.5
1072490 448.8
1072500 448.8
1072510 448.8
1072520 448.7
1072530 448.7
1072540 449.2
1072550 449.6
1072560 449.6
1072570 449.7
1072580 450.0
1072590 450.0
1072600 450.3
1072610 450.6
1072620 450.6
1072630 450.9
1072640 451.1
1072650 451.1
1072660 451.2
1072670 451.4
1072680 451.4
1072690 451.5
1072700 451.7
1072710 451.8
1072720 452.0
1072730 452.1
1072740 452.1
1072750 452.3
1072760 452.3
1072770 452.4
1072780 452.4
1072790 452.6
1072800 452.7
1072810 452.7
1072820 452.7
1072830 452.9
1072840 452.9
1072850 453.1
1072860 453.3
1072870 453.3
1072880 453.4
1072890 453.4
1072900 453.4
1072910 453.5
1072920 453.6
1072930 453.6
1072940 454.0
1072950 454.6
1072960 454.6
1072970 454.9
1072980 455.5
1072990 455.5
1073000 456.1
1073010 456.1
1073020 456.4
1073030 456.4
1073040 456.8
1073050 456.8
1073060 457.1
1073070 457.1
1073080 457.0
1073090 457.0
1073100 457.1
1073110 457.4
1073120 457.4
1073130 457.8
1073140 458.7
1073150 458.7
1073160 459.0
1073170 459.0
1073180 459.0
1073190 459.0
1073200 459.3
1073210 459.3
1073220 459.9
1073230 460.4
1073240 460.4
1073250 460.1
1073260 460.1
1073270 460.1
1073280 460.5
1073290 461.0
1073300 461.0
1073310 461.2
1073320 461.2
1073330 461.3
1073340 461.7
1073350 461.6
1073360 461.9
1073370 461.9
1073380 462.1
1073390 462.3
1073400 462.3
1073410 462.7
1073420 462.8
1073430 462.8
1073440 463.1
1073450 463.7
1073460 463.7
1073470 464.5
1073480 464.8
1073490 464.8
1073500 465.2
1073510 465.3
1073520 465.3
1073530 465.6
1073540 465.5
1073550 465.5
1073560 465.4
1073570 465.5
1073580 465.5
1073590 465.7
1073600 465.8
1073610 465.8
1073620 465.9
1073630 466.1
1073640 466.1
1073650 466.1
1073660 466.3
1073670 466.5
1073680 466.5
1073690 467.2
1073700 467.4
1073710 467.4
1073720 468.0
1073730 468.0
1073740 468.0
1073750 467.9
1073760 468.3
1073770 468.3
1073780 468.5
1073790 468.6
1073800 468.6
1073810 468.9
1073820 469.2
1073830 469.2
1073840 469.5
1073850 469.9
1073860 469.9
1073870 470.2
1073880 470.8
1073890 470.8
1073900 471.0
1073910 471.2
1073920 471.3
1073930 471.3
1073940 471.5
1073950 471.1
1073960 471.1
1073970 471.2
1073980 471.6
1073990 471.6
1074000 472.5
1074010 473.0
1074020 473.0
1074030 472.6
1074040 472.8
1074050 472.8
1074060 473.3
1074070 473.1
1074080 473.1
1074090 473.1
1074100 473.1
1074110 473.1
1074120 473.0
1074130 473.3
1074140 473.3
1074150 473.5
1074160 473.3
1074170 473.3
1074180 474.0
1074190 475.3
1074200 475.8
1074210 475.8
1074220 476.0
1074230 476.2
1074240 476.2
1074250 476.0
1074260 478.7
1074270 478.7
1074280 477.7
1074290 477.4
1074300 477.4
1074310 478.4
1074320 479.4
1074330 479.4
1074340 480.1
1074350 480.3
1074360 480.3
1074370 480.2
1074380 480.4
1074390 480.4
1074400 480.7
1074410 481.2
1074420 481.2
1074430 481.8
1074440 482.7
1074450 482.7
1074460 484.9
1074470 486.4
1074480 486.4
1074490 488.6
1074500 490.6
1074510 491.9
1074520 491.9
1074530 492.3
1074540 492.2
1074550 492.2
1074560 491.7
1074570 491.0
1074580 491.0
1074590 490.9
1074600 490.8
1074610 490.8
1074620 490.6
1074630 490.9
1074640 490.9
1074650 491.4
1074660 491.9
1074670 491.9
1074680 492.6
1074690 493.2
1074700 493.2
1074710 494.0
1074720 494.5
1074730 494.5
1074740 495.3
1074750 497.0
1074760 497.0
1074770 497.9
1074780 498.2
1074790 498.9
1074800 498.9
1074810 499.1
1074820 498.8
1074830 498.8
1074840 497.8
1074850 498.0
1074860 498.0
1074870 498.4
1074880 498.7
1074890 498.7
1074900 499.8
1074910 501.1
1074920 501.1
1074930 503.3
1074940 505.5
1074950 505.5
1074960 507.9
1074970 512.4
1074980 512.4
1074990 518.5
1075000 520.3
1075010 520.3
1075020 521.3
1075030 523.0
1075040 523.0
1075050 528.0
1075060 535.8
1075070 542.6
1075080 542.6
1075090 547.3
1075100 551.1
1075110 551.1
1075120 553.8
1075130 555.9
1075140 555.9
1075150 558.1
1075160 560.5
1075170 560.5
1075180 562.6
1075190 559.4
1075200 559.4
1075210 561.9
1075220 565.5
1075230 565.5
1075240 568.4
1075250 571.2
1075260 571.2
1075270 574.9
1075280 578.0
1075290 578.0
1075300 581.1
1075310 584.2
1075320 584.2
1075330 585.7
1075340 587.4
1075350 588.5
1075360 588.5
1075370 589.2
1075380 591.0
1075390 591.0
1075400 592.3
1075410 593.7
1075420 593.7
1075430 595.1
1075440 596.5
1075450 596.5
1075460 598.5
1075470 600.4
1075480 600.4
1075490 602.0
1075500 596.7
1075510 596.7
1075520 597.0
1075530 597.6
1075540 597.6
1075550 596.7
1075560 593.9
1075570 593.9
1075580 590.8
1075590 589.4
1075600 589.4
1075610 589.3
1075620 590.7
1075630 592.1
1075640 592.1
1075650 592.3
1075660 592.8
1075670 592.8
1075680 595.7
1075690 598.1
1075700 598.1
1075710 599.4
1075720 599.2
1075730 599.2
1075740 597.1
1075750 597.0
1075760 597.0
1075770 601.0
1075780 606.8
1075790 606.8
1075800 607.6
1075810 601.5
1075820 601.5
1075830 603.6
1075840 605.5
1075850 605.5
1075860 606.0
1075870 606.6
1075880 606.6
1075890 607.7
1075900 608.1
1075910 608.1
1075920 608.0
1075930 608.4
1075940 608.8
1075950 608.8
1075960 608.9
1075970 608.9
1075980 608.9
1075990 609.4
1076000 610.5
1076010 610.5
1076020 611.1
1076030 608.8
1076040 608.8
1076050 606.1
1076060 604.3
1076070 604.3
1076080 601.7
1076090 597.9
1076100 597.9
1076110 594.1
1076120 593.6
1076130 590.8
1076140 592.3
1076150 592.5
1076160 592.5
1076170 590.5
1076180 585.7
1076190 585.7
1076200 583.4
1076210 582.8
1076220 580.6
1076230 580.6
1076240 576.1
1076250 572.5
1076260 572.5
1076270 568.4
1076280 564.1
1076290 564.1
1076300 559.1
1076310 556.2
1076320 556.2
1076330 555.8
1076340 555.4
1076350 555.4
1076360 555.7
1076370 557.3
1076380 557.3
1076390 563.4
1076400 569.7
1076410 569.7
1076420 575.1
1076430 581.4
1076440 583.7
1076450 586.6
1076460 593.1
1076470 593.1
1076480 601.8
1076490 610.1
1076500 616.7
1076510 616.7
1076520 623.4
1076530 632.5
1076540 632.5
1076550 640.8
1076560 650.1
1076570 650.1
1076580 656.8
1076590 663.6
1076600 663.6
1076610 669.1
1076620 675.7
1076630 675.7
1076640 681.7
1076650 683.2
1076660 683.2
1076670 684.2
1076680 687.0
1076690 687.0
1076700 692.2
1076710 698.4
1076720 698.4
1076730 702.6
1076740 704.7
1076750 705.0
1076760 707.4
1076770 710.3
1076780 713.7
1076790 713.7
1076800 717.4
1076810 721.2
1076820 721.2
1076830 724.6
1076840 728.0
1076850 728.0
1076860 732.1
1076870 737.1
1076880 737.1
1076890 740.8
1076900 743.6
1076910 743.6
1076920 746.6
1076930 749.0
1076940 749.0
1076950 751.8
1076960 755.4
1076970 755.4
1076980 760.4
1076990 766.3
1077000 766.3
1077010 776.3
1077020 785.9
1077030 785.9
1077040 791.9
1077050 797.5
1077060 802.8
1077070 802.8
1077080 806.3
1077090 810.1
1077100 810.1
1077110 813.4
1077120 816.2
1077130 816.2
1077140 818.7
1077150 821.1
1077160 821.1
1077170 823.8
1077180 827.6
1077190 827.6
1077200 830.7
1077210 834.1
1077220 834.1
1077230 837.0
1077240 840.6
1077250 840.6
1077260 844.5
1077270 848.8
1077280 848.8
1077290 853.8
1077300 858.9
1077310 858.9
1077320 864.3
1077330 870.0
1077340 870.0
1077350 875.6
1077360 882.1
1077370 889.8
1077380 890.9
1077390 898.3
1077400 906.5
1077410 906.5
1077420 915.2
1077430 925.0
1077440 925.0
1077450 929.5
1077460 931.1
1077470 931.1
1077480 933.7
1077490 936.4
1077500 936.4
1077510 939.2
1077520 941.4
1077530 941.4
1077540 942.2
1077550 943.3
1077560 943.3
1077570 945.7
1077580 948.1
1077590 948.1
1077600 951.5
1077610 957.4
1077620 957.4
1077630 963.1
1077640 971.1
1077650 978.6
1077660 978.6
1077670 983.1
1077680 985.9
1077690 985.9
1077700 990.2
1077710 996.5
1077720 996.5
1077730 1003.4
1077740 1010.3
1077750 1010.3
1077760 1015.8
1077770 1020.2
1077780 1020.2
1077790 1024.3
1077800 1028.4
1077810 1028.4
1077820 1032.8
1077830 1036.7
1077840 1036.7
1077850 1039.9
1077860 1043.1
1077870 1043.1
1077880 1046.5
1077890 1049.7
1077900 1049.7
1077910 1052.4
1077920 1054.8
1077930 1057.0
1077940 1057.0
1077950 1059.3
1077960 1062.2
1077970 1062.2
1077980 1065.2
1077990 1068.1
1078000 1068.4
1078010 1072.5
1078020 1076.2
1078030 1076.2
1078040 1078.4
1078050 1080.2
1078060 1080.2
1078070 1083.4
1078080 1089.2
1078090 1089.2
1078100 1094.9
1078110 1101.5
1078120 1101.5
1078130 1108.2
1078140 1110.6
1078150 1110.6
1078160 1111.9
1078170 1112.4
1078180 1112.4
1078190 1112.8
1078200 1112.0
1078210 1110.3
1078220 1110.3
1078230 1106.8
1078240 1106.6
1078250 1106.6
1078260 1110.0
1078270 1113.7
1078280 1113.7
1078290 1117.3
1078300 1119.9
1078310 1119.9
1078320 1120.7
1078330 1122.1
1078340 1122.1
1078350 1124.6
1078360 1126.3
1078370 1126.3
1078380 1126.4
1078390 1126.6
1078400 1126.6
1078410 1125.4
1078420 1122.3
1078430 1122.3
1078440 1120.0
1078450 1119.7
1078460 1119.7
1078470 1119.3
1078480 1117.6
1078490 1114.4
1078500 1114.4
1078510 1110.3
1078520 1103.7
1078530 1103.7
1078540 1095.8
1078550 1088.7
1078560 1088.7
1078570 1086.8
1078580 1084.8
1078590 1084.8
1078600 1082.8
1078610 1079.0
1078620 1079.0
1078630 1068.2
1078640 1063.7
1078650 1063.7
1078660 1057.5
1078670 1052.3
1078680 1052.3
1078690 1047.7
1078700 1042.9
1078710 1042.9
1078720 1037.8
1078730 1025.0
1078740 1025.0
1078750 1007.7
1078760 1001.7
1078770 1001.7
1078780 997.8
1078790 994.7
1078800 992.0
1078810 992.0
1078820 990.3
1078830 988.6
1078840 988.6
1078850 988.7
1078860 987.3
1078870 987.3
1078880 987.2
1078890 986.3
1078900 986.3
1078910 983.9
1078920 982.3
1078930 982.3
1078940 976.1
1078950 976.5
1078960 976.5
1078970 976.1
1078980 974.6
1078990 974.6
1079000 973.8
1079010 973.1
1079020 973.1
1079030 971.1
1079040 967.6
1079050 967.6
1079060 965.3
1079070 966.3
1079080 968.4
1079090 968.4
1079100 968.7
1079110 967.3
1079120 967.3
1079130 965.0
1079140 961.6
1079150 961.6
1079160 959.6
1079170 959.6
1079180 959.6
1079190 962.3
1079200 961.7
1079210 961.7
1079220 958.5
1079230 955.0
1079240 955.0
1079250 950.0
1079260 940.5
1079270 940.5
1079280 936.4
1079290 933.0
1079300 933.0
1079310 927.0
1079320 922.4
1079330 922.4
1079340 919.6
1079350 915.7
1079360 911.5
1079370 911.5
1079380 909.1
1079390 908.0
1079400 908.0
1079410 906.7
1079420 904.4
1079430 904.4
1079440 904.7
1079450 908.2
1079460 908.2
1079470 911.6
1079480 913.0
1079490 913.0
1079500 913.4
1079510 914.1
1079520 914.1
1079530 916.4
1079540 918.6
1079550 918.6
1079560 921.0
1079570 913.9
1079580 913.9
1079590 913.5
1079600 914.4
1079610 914.4
1079620 916.0
1079630 919.6
1079640 921.0
1079650 921.0
1079660 920.7
1079670 920.2
1079680 920.2
1079690 919.5
1079700 919.1
1079710 919.1
1079720 920.3
1079730 921.6
1079740 921.6
1079750 923.0
1079760 923.5
1079770 923.5
1079780 922.5
1079790 922.2
1079800 922.2
1079810 924.9
1079820 925.5
1079830 925.5
1079840 924.1
1079850 922.3
1079860 922.3
1079870 921.4
1079880 921.0
1079890 917.2
1079900 917.4
1079910 917.5
1079920 919.7
1079930 919.7
1079940 921.8
1079950 923.5
1079960 923.5
1079970 926.2
1079980 927.8
1079990 927.8
