1066340 420.5
1066350 420.5
1066360 420.6
1066370 420.8
1066380 420.8
1066390 420.7
1066400 420.8
1066410 420.8
1066420 420.8
1066430 420.8
1066440 420.9
1066450 420.9
1066460 421.8
1066470 422.0
1066480 422.0
1066490 422.2
1066500 422.3
1066510 422.3
1066520 422.3
1066530 421.9
1066540 421.9
1066550 421.6
1066560 421.9
1066570 421.9
1066580 422.1
1066590 422.6
1066600 422.6
1066610 424.5
1066620 426.7
1066630 426.7
1066640 425.8
1066650 424.3
1066660 424.3
1066670 424.2
1066680 424.1
1066690 424.1
1066700 424.0
1066710 423.9
1066720 423.8
1066730 423.8
1066740 423.7
1066750 423.6
1066760 423.5
1066770 423.4
1066780 423.4
1066790 423.4
1066800 423.4
1066810 423.4
1066820 423.4
1066830 423.4
1066840 423.6
1066850 423.6
1066860 422.9
1066870 421.8
1066880 421.8
1066890 419.0
1066900 417.9
1066910 417.9
1066920 417.6
1066930 417.4
1066940 417.4
1066950 417.4
1066960 417.4
1066970 417.4
1066980 417.4
1066990 417.3
1067000 417.3
1067010 417.3
1067020 419.3
1067030 422.6
1067040 422.6
1067050 423.4
1067060 423.6
1067070 423.6
1067080 423.7
1067090 423.7
1067100 423.7
1067110 423.8
1067120 423.8
1067130 423.8
1067140 423.9
1067150 423.9
1067160 423.9
1067170 423.9
1067180 424.0
1067190 424.0
1067200 424.0
1067210 424.0
1067220 424.0
1067230 424.1
1067240 424.9
1067250 424.9
1067260 426.3
1067270 425.0
1067280 425.0
1067290 424.1
1067300 423.5
1067310 423.2
1067320 423.2
1067330 423.2
1067340 423.3
1067350 423.3
1067360 423.2
1067370 422.9
1067380 422.9
1067390 422.7
1067400 422.5
1067410 422.5
1067420 422.5
1067430 422.4
1067440 422.4
1067450 422.2
1067460 422.1
1067470 422.1
1067480 422.3
1067490 422.4
1067500 422.4
1067510 422.2
1067520 422.3
1067530 422.3
1067540 422.4
1067550 422.4
1067560 422.4
1067570 422.5
1067580 422.6
1067590 422.6
1067600 422.6
1067610 422.6
1067620 422.7
1067630 422.7
1067640 422.7
1067650 422.8
1067660 422.8
1067670 422.9
1067680 422.9
1067690 422.9
1067700 423.0
1067710 423.1
1067720 423.1
1067730 423.3
1067740 423.3
1067750 423.3
1067760 423.4
1067770 423.5
1067780 423.5
1067790 423.7
1067800 423.7
1067810 423.7
1067820 423.7
1067830 423.8
1067840 423.8
1067850 423.7
1067860 423.8
1067870 423.9
1067880 423.9
1067890 424.0
1067900 424.2
1067910 424.2
1067920 424.3
1067930 424.8
1067940 424.8
1067950 426.7
1067960 426.1
1067970 426.1
1067980 423.5
1067990 423.4
1068000 423.4
1068010 422.0
1068020 421.8
1068030 421.8
1068040 422.5
1068050 423.9
1068060 423.9
1068070 426.0
1068080 427.1
1068090 427.1
1068100 426.3
1068110 424.1
1068120 424.1
1068130 420.6
1068140 421.4
1068150 421.4
1068160 424.3
1068170 424.5
1068180 424.5
1068190 424.5
1068200 424.7
1068210 426.0
1068220 426.0
1068230 424.2
1068240 422.0
1068250 422.0
1068260 421.1
1068270 421.1
1068280 421.1
1068290 421.2
1068300 421.1
1068310 421.1
1068320 421.2
1068330 421.2
1068340 421.2
1068350 421.3
1068360 421.4
1068370 421.4
1068380 421.4
1068390 421.3
1068400 421.3
1068410 421.3
1068420 421.3
1068430 421.3
1068440 421.3
1068450 421.4
1068460 421.5
1068470 421.5
1068480 421.6
1068490 421.8
1068500 421.8
1068510 421.9
1068520 422.0
1068530 422.0
1068540 422.1
1068550 422.1
1068560 422.1
1068570 422.2
1068580 422.2
1068590 422.2
1068600 422.4
1068610 422.5
1068620 422.5
1068630 423.3
1068640 423.3
1068650 423.3
1068660 423.2
1068670 423.3
1068680 423.3
1068690 423.4
1068700 423.5
1068710 423.5
1068720 423.7
1068730 424.1
1068740 424.4
1068750 424.4
1068760 424.6
1068770 424.7
1068780 424.7
1068790 424.7
1068800 424.6
1068810 424.6
1068820 424.7
1068830 424.7
1068840 424.7
1068850 424.7
1068860 424.7
1068870 424.7
1068880 424.8
1068890 424.9
1068900 425.0
1068910 425.0
1068920 425.2
1068930 425.2
1068940 425.3
1068950 425.4
1068960 425.4
1068970 425.4
1068980 425.5
1068990 425.5
1069000 425.5
1069010 425.5
1069020 425.5
1069030 425.6
1069040 425.7
1069050 425.8
1069060 425.8
1069070 425.8
1069080 425.7
1069090 425.7
1069100 425.7
1069110 425.7
1069120 425.7
1069130 425.8
1069140 425.8
1069150 425.8
1069160 425.6
1069170 425.6
1069180 425.6
1069190 425.6
1069200 425.7
1069210 425.7
1069220 425.8
1069230 425.8
1069240 425.8
1069250 425.9
1069260 425.9
1069270 425.9
1069280 426.0
1069290 426.1
1069300 426.1
1069310 426.2
1069320 426.2
1069330 426.4
1069340 426.4
1069350 426.5
1069360 426.6
1069370 426.6
1069380 426.7
1069390 426.8
1069400 426.8
1069410 426.9
1069420 426.9
1069430 426.9
1069440 427.0
1069450 427.1
1069460 427.1
1069470 427.2
1069480 427.2
1069490 427.2
1069500 427.3
1069510 427.4
1069520 427.4
1069530 427.4
1069540 427.5
1069550 427.5
1069560 427.5
1069570 427.6
1069580 427.6
1069590 428.1
1069600 428.1
1069610 428.1
1069620 428.1
1069630 427.7
1069640 427.7
1069650 427.7
1069660 427.8
1069670 427.8
1069680 427.8
1069690 427.9
1069700 428.0
1069710 428.0
1069720 428.3
1069730 428.4
1069740 428.4
1069750 428.4
1069760 428.3
1069770 428.3
1069780 427.9
1069790 427.5
1069800 427.5
1069810 428.0
1069820 428.4
1069830 428.4
1069840 428.3
1069850 427.9
1069860 427.9
1069870 427.5
1069880 427.3
1069890 427.3
1069900 427.1
1069910 426.9
1069920 426.9
1069930 426.9
1069940 426.8
1069950 426.7
1069960 426.7
1069970 427.4
1069980 428.1
1069990 428.1
1070000 428.4
1070010 428.6
1070020 428.6
1070030 428.9
1070040 428.8
1070050 428.8
1070060 428.8
1070070 428.9
1070080 428.9
1070090 428.9
1070100 429.0
1070110 429.0
1070120 429.0
1070130 429.1
1070140 429.1
1070150 429.2
1070160 429.2
1070170 429.2
1070180 429.2
1070190 429.3
1070200 429.3
1070210 429.3
1070220 429.4
1070230 429.4
1070240 429.4
1070250 429.5
1070260 429.6
1070270 429.6
1070280 429.7
1070290 429.8
1070300 429.8
1070310 429.8
1070320 429.8
1070330 429.8
1070340 430.0
1070350 430.0
1070360 430.0
1070370 430.1
1070380 430.1
1070390 430.1
1070400 430.2
1070410 430.3
1070420 430.3
1070430 430.4
1070440 430.6
1070450 430.6
1070460 430.8
1070470 430.5
1070480 430.7
1070490 430.7
1070500 430.7
1070510 431.0
1070520 431.0
1070530 431.1
1070540 431.1
1070550 431.1
1070560 431.2
1070570 431.1
1070580 431.1
1070590 431.2
1070600 431.3
1070610 431.3
1070620 431.3
1070630 431.3
1070640 431.3
1070650 431.8
1070660 432.0
1070670 432.0
1070680 432.0
1070690 431.6
1070700 431.6
1070710 431.6
1070720 431.6
1070730 431.6
1070740 431.7
1070750 432.0
1070760 432.2
1070770 432.2
1070780 432.2
1070790 432.3
1070800 432.3
1070810 432.4
1070820 432.4
1070830 432.4
1070840 432.3
1070850 432.4
1070860 432.4
1070870 433.3
1070880 433.4
1070890 433.4
1070900 433.7
1070910 433.7
1070920 433.7
1070930 433.5
1070940 433.0
1070950 433.0
1070960 432.9
1070970 432.9
1070980 432.9
1070990 433.1
1071000 433.1
1071010 433.1
1071020 434.3
1071030 437.9
1071040 437.9
1071050 437.0
1071060 436.9
1071070 436.8
1071080 436.8
1071090 436.2
1071100 434.0
1071110 434.0
1071120 433.9
1071130 434.0
1071140 434.0
1071150 434.6
1071160 434.7
1071170 434.7
1071180 433.6
1071190 433.6
1071200 433.6
1071210 433.5
1071220 433.5
1071230 433.5
1071240 433.4
1071250 433.4
1071260 433.4
1071270 433.3
1071280 433.2
1071290 433.2
1071300 433.1
1071310 433.0
1071320 433.0
1071330 432.9
1071340 432.9
1071350 432.8
1071360 432.9
1071370 432.9
1071380 433.2
1071390 433.2
1071400 434.8
1071410 436.7
1071420 436.7
1071430 439.5
1071440 442.9
1071450 442.9
1071460 448.6
1071470 454.5
1071480 454.5
1071490 460.9
1071500 465.9
1071510 465.9
1071520 472.1
1071530 479.1
1071540 479.1
1071550 484.1
1071560 490.1
1071570 490.1
1071580 497.1
1071590 504.4
1071600 504.4
1071610 513.0
1071620 527.5
1071630 533.4
1071640 533.4
1071650 536.4
1071660 539.5
1071670 539.1
1071680 542.7
1071690 544.4
1071700 544.4
1071710 547.8
1071720 550.3
1071730 550.3
1071740 553.4
1071750 557.1
1071760 557.1
1071770 560.6
1071780 562.9
1071790 562.9
1071800 565.0
1071810 566.1
1071820 566.1
1071830 566.0
1071840 565.4
1071850 565.4
1071860 565.4
1071870 565.7
1071880 565.7
1071890 566.5
1071900 567.7
1071910 567.7
1071920 569.2
1071930 570.0
1071940 569.1
1071950 569.1
1071960 568.0
1071970 566.9
1071980 565.0
1071990 563.0
1072000 561.7
1072010 561.7
1072020 561.0
1072030 560.3
1072040 560.3
1072050 559.2
1072060 557.8
1072070 557.8
1072080 556.2
1072090 555.1
1072100 555.1
1072110 555.0
1072120 555.2
1072130 555.2
1072140 554.4
1072150 552.8
1072160 552.8
1072170 551.5
1072180 549.4
1072190 549.4
1072200 547.2
1072210 545.6
1072220 543.6
1072230 543.6
1072240 539.9
1072250 537.0
1072260 537.0
1072270 534.0
1072280 534.5
1072290 531.2
1072300 533.9
1072310 536.0
1072320 536.0
1072330 537.1
1072340 537.8
1072350 537.8
1072360 537.8
1072370 537.9
1072380 537.9
1072390 538.3
1072400 538.5
1072410 538.5
1072420 537.5
1072430 535.7
1072440 535.7
1072450 534.9
1072460 534.9
1072470 534.9
1072480 534.6
1072490 533.1
1072500 530.2
1072510 530.2
1072520 528.5
1072530 531.4
1072540 531.4
1072550 536.5
1072560 540.4
1072570 540.4
1072580 540.4
1072590 538.2
1072600 532.5
1072610 529.6
1072620 527.6
1072630 527.6
1072640 526.0
1072650 523.3
1072660 523.3
1072670 520.9
1072680 519.4
1072690 519.4
1072700 517.6
1072710 517.0
1072720 517.0
1072730 516.5
1072740 515.7
1072750 515.7
1072760 515.0
1072770 515.1
1072780 515.9
1072790 515.9
1072800 515.7
1072810 514.7
1072820 514.7
1072830 513.9
1072840 513.5
1072850 513.5
1072860 513.5
1072870 514.3
1072880 514.3
1072890 514.3
1072900 513.5
1072910 509.4
1072920 507.6
1072930 506.4
1072940 506.4
1072950 505.6
1072960 505.2
1072970 505.2
1072980 505.3
1072990 505.6
1073000 505.6
1073010 506.6
1073020 507.9
1073030 507.9
1073040 509.5
1073050 511.4
1073060 511.4
1073070 513.4
1073080 515.4
1073090 517.8
1073100 517.8
1073110 520.5
1073120 522.9
1073130 522.9
1073140 525.3
1073150 528.0
1073160 528.0
1073170 530.4
1073180 531.8
1073190 531.8
1073200 532.6
1073210 533.8
1073220 532.0
1073230 535.0
1073240 537.9
1073250 537.9
1073260 540.3
1073270 541.0
1073280 541.0
1073290 541.0
1073300 541.0
1073310 541.0
1073320 541.2
1073330 542.3
1073340 542.3
1073350 543.6
1073360 544.5
1073370 544.8
1073380 544.8
1073390 546.6
1073400 549.6
1073410 549.6
1073420 555.6
1073430 558.8
1073440 558.8
1073450 559.7
1073460 560.2
1073470 560.2
1073480 560.7
1073490 561.9
1073500 561.9
1073510 562.9
1073520 564.1
1073530 563.8
1073540 564.9
1073550 566.2
1073560 566.2
1073570 566.6
1073580 567.5
1073590 567.5
1073600 568.1
1073610 568.3
1073620 568.3
1073630 568.0
1073640 568.8
1073650 569.4
1073660 569.4
1073670 569.5
1073680 569.9
1073690 569.9
1073700 570.2
1073710 569.2
1073720 569.2
1073730 567.5
1073740 565.2
1073750 565.2
1073760 563.7
1073770 563.7
1073780 563.7
1073790 562.4
1073800 558.6
1073810 558.6
1073820 554.3
1073830 549.3
1073840 547.9
1073850 543.9
1073860 541.5
1073870 541.5
1073880 536.4
1073890 531.9
1073900 531.9
1073910 523.5
1073920 513.8
1073930 513.8
1073940 510.8
1073950 514.6
1073960 525.5
1073970 525.5
1073980 538.0
1073990 546.0
1074000 546.0
1074010 548.3
1074020 549.0
1074030 549.0
1074040 550.0
1074050 549.5
1074060 549.5
1074070 550.4
1074080 553.0
1074090 553.0
1074100 554.1
1074110 553.9
1074120 553.9
1074130 556.4
1074140 558.2
1074150 554.2
1074160 554.6
1074170 553.3
1074180 553.3
1074190 553.6
1074200 555.2
1074210 555.2
1074220 557.0
1074230 559.0
1074240 559.9
1074250 559.9
1074260 561.5
1074270 563.5
1074280 563.5
1074290 563.3
1074300 563.8
1074310 563.8
1074320 565.2
1074330 566.4
1074340 566.4
1074350 567.1
1074360 569.3
1074370 569.3
1074380 570.3
1074390 569.1
1074400 569.1
1074410 567.4
1074420 566.5
1074430 566.5
1074440 566.9
1074450 567.1
1074460 562.7
1074470 562.0
1074480 560.6
1074490 560.6
1074500 560.2
1074510 560.5
1074520 561.0
1074530 561.0
1074540 562.7
1074550 564.2
1074560 564.2
1074570 564.0
1074580 562.6
1074590 562.6
1074600 560.2
1074610 559.0
1074620 559.0
1074630 559.3
1074640 559.6
1074650 559.6
1074660 559.4
1074670 559.0
1074680 559.0
1074690 558.9
1074700 558.8
1074710 558.8
1074720 558.2
1074730 557.6
1074740 557.6
1074750 556.0
1074760 555.2
1074770 553.0
1074780 551.5
1074790 546.5
1074800 540.0
1074810 540.0
1074820 538.8
1074830 536.7
1074840 536.7
1074850 534.8
1074860 532.8
1074870 532.8
1074880 530.5
1074890 525.3
1074900 525.3
1074910 520.3
1074920 521.5
1074930 521.5
1074940 524.5
1074950 527.5
1074960 527.5
1074970 532.1
1074980 541.8
1074990 541.8
1075000 551.3
1075010 559.2
1075020 559.2
1075030 561.6
1075040 563.7
1075050 563.7
1075060 565.1
1075070 567.5
1075080 572.5
1075090 577.6
1075100 581.7
1075110 584.7
1075120 584.7
1075130 587.7
1075140 591.3
1075150 591.3
1075160 594.0
1075170 594.0
1075180 594.0
1075190 592.0
1075200 596.2
1075210 596.2
1075220 599.5
1075230 600.2
1075240 600.2
1075250 603.0
1075260 606.7
1075270 606.7
1075280 609.5
1075290 611.6
1075300 611.6
1075310 613.9
1075320 617.1
1075330 617.1
1075340 617.1
1075350 617.2
1075360 617.2
1075370 619.9
1075380 623.2
1075390 627.9
1075400 627.9
1075410 631.9
1075420 636.9
1075430 636.9
1075440 641.5
1075450 646.8
1075460 646.8
1075470 652.3
1075480 659.2
1075490 659.2
1075500 664.1
1075510 671.6
1075520 671.6
1075530 679.8
1075540 686.1
1075550 686.1
1075560 692.5
1075570 699.0
1075580 699.0
1075590 709.7
1075600 727.4
1075610 727.4
1075620 734.0
1075630 733.3
1075640 733.3
1075650 736.3
1075660 736.6
1075670 736.0
1075680 736.0
1075690 735.0
1075700 733.5
1075710 733.5
1075720 732.5
1075730 731.0
1075740 731.0
1075750 728.0
1075760 724.5
1075770 724.5
1075780 721.6
1075790 719.2
1075800 719.2
1075810 715.3
1075820 710.6
1075830 710.6
1075840 705.3
1075850 701.1
1075860 701.1
1075870 694.1
1075880 685.0
1075890 685.0
1075900 675.9
1075910 667.8
1075920 667.8
1075930 661.1
1075940 656.8
1075950 653.0
1075960 653.0
1075970 650.7
1075980 653.6
1075990 653.6
1076000 660.6
1076010 667.1
1076020 659.0
1076030 664.1
1076040 668.5
1076050 668.5
1076060 672.5
1076070 676.2
1076080 676.2
1076090 679.1
1076100 681.0
1076110 681.0
1076120 681.9
1076130 682.1
1076140 682.1
1076150 681.9
1076160 681.0
1076170 681.0
1076180 678.1
1076190 676.8
1076200 676.8
1076210 679.9
1076220 687.2
1076230 687.2
1076240 693.1
1076250 697.1
1076260 701.6
1076270 701.6
1076280 705.7
1076290 710.4
1076300 710.4
1076310 716.3
1076320 721.4
1076330 722.5
1076340 726.8
1076350 731.1
1076360 731.1
1076370 735.3
1076380 739.9
1076390 739.9
1076400 744.7
1076410 749.6
1076420 749.6
1076430 754.3
1076440 757.9
1076450 757.9
1076460 762.2
1076470 765.6
1076480 765.6
1076490 770.3
1076500 776.1
1076510 776.1
1076520 779.0
1076530 781.7
1076540 783.7
1076550 783.7
1076560 784.6
1076570 784.8
1076580 784.8
1076590 785.3
1076600 786.3
1076610 786.3
1076620 786.9
1076630 787.4
1076640 787.2
1076650 787.9
1076660 788.8
1076670 788.8
1076680 790.1
1076690 791.2
1076700 791.2
1076710 792.5
1076720 794.1
1076730 794.1
1076740 795.5
1076750 796.7
1076760 796.7
1076770 797.9
1076780 799.3
1076790 799.3
1076800 800.5
1076810 800.9
1076820 800.6
1076830 800.6
1076840 800.8
1076850 800.7
1076860 800.7
1076870 800.5
1076880 799.8
1076890 799.8
1076900 799.9
1076910 799.7
1076920 799.7
1076930 798.9
1076940 798.2
1076950 796.0
1076960 795.6
1076970 795.5
1076980 795.5
1076990 795.8
1077000 795.8
1077010 795.8
1077020 795.7
1077030 795.6
1077040 795.6
1077050 796.0
1077060 796.1
1077070 796.1
1077080 796.5
1077090 796.9
1077100 797.6
1077110 797.6
1077120 799.1
1077130 800.2
1077140 800.2
1077150 800.3
1077160 800.2
1077170 800.2
1077180 801.2
1077190 804.5
1077200 804.5
1077210 806.3
1077220 807.7
1077230 807.7
1077240 808.7
1077250 809.2
1077260 807.4
1077270 807.8
1077280 807.3
1077290 807.3
1077300 806.1
1077310 805.3
1077320 805.3
1077330 803.8
1077340 802.3
1077350 802.3
1077360 800.9
1077370 799.7
1077380 799.7
1077390 798.5
1077400 797.4
1077410 795.8
1077420 795.8
1077430 795.2
1077440 797.5
1077450 797.5
1077460 797.8
1077470 798.2
1077480 798.2
1077490 798.2
1077500 797.7
1077510 797.7
1077520 796.9
1077530 796.1
1077540 796.1
1077550 795.4
1077560 794.8
1077570 794.8
1077580 790.3
1077590 789.0
1077600 789.0
1077610 787.9
1077620 784.6
1077630 784.6
1077640 778.0
1077650 781.9
1077660 781.9
1077670 792.9
1077680 796.8
1077690 797.4
1077700 797.4
1077710 797.9
1077720 798.2
1077730 798.2
1077740 798.6
1077750 799.3
1077760 799.3
1077770 799.5
1077780 797.7
1077790 797.7
1077800 794.4
1077810 790.1
1077820 790.1
1077830 787.1
1077840 786.1
1077850 786.1
1077860 785.9
1077870 787.0
1077880 787.0
1077890 777.8
1077900 778.0
1077910 778.0
1077920 776.1
1077930 767.8
1077940 767.8
1077950 768.4
1077960 768.4
1077970 766.2
1077980 766.2
1077990 758.0
1078000 750.4
1078010 750.4
1078020 748.3
1078030 750.6
1078040 750.6
1078050 753.2
1078060 753.7
1078070 753.7
1078080 752.0
1078090 747.6
1078100 747.6
1078110 742.9
1078120 743.3
1078130 743.3
1078140 742.2
1078150 740.4
1078160 740.4
1078170 740.2
1078180 741.2
1078190 741.2
1078200 750.5
1078210 757.3
1078220 757.3
1078230 764.3
1078240 769.1
1078250 770.6
1078260 770.6
1078270 773.1
1078280 778.5
1078290 778.5
1078300 785.3
1078310 792.2
1078320 792.2
1078330 797.9
1078340 802.5
1078350 802.5
1078360 806.0
1078370 808.6
1078380 808.6
1078390 812.9
1078400 816.4
1078410 816.4
1078420 819.3
1078430 822.1
1078440 822.1
1078450 824.8
1078460 828.0
1078470 828.0
1078480 831.4
1078490 835.0
1078500 835.0
1078510 838.0
1078520 844.0
1078530 844.0
1078540 849.1
1078550 854.1
1078560 858.1
1078570 858.1
1078580 862.6
1078590 861.9
1078600 861.9
1078610 858.5
1078620 867.4
1078630 867.4
1078640 876.6
1078650 881.4
1078660 881.4
1078670 886.2
1078680 891.4
1078690 891.4
1078700 897.3
1078710 903.1
1078720 903.1
1078730 908.5
1078740 913.7
1078750 913.7
1078760 918.2
1078770 923.2
1078780 923.2
1078790 928.6
1078800 933.3
1078810 933.3
1078820 939.6
1078830 955.2
1078840 961.2
1078850 961.2
1078860 964.9
1078870 968.1
1078880 968.1
1078890 971.2
1078900 974.2
1078910 974.2
1078920 976.8
1078930 978.9
1078940 978.9
1078950 981.6
1078960 984.6
1078970 984.6
1078980 987.4
1078990 989.6
1079000 989.6
1079010 991.9
1079020 992.9
1079030 992.9
1079040 992.9
1079050 1000.3
1079060 1000.3
1079070 1005.2
1079080 1009.5
1079090 1009.5
1079100 1013.1
1079110 1017.8
1079120 1023.8
1079130 1023.8
1079140 1028.8
1079150 1039.9
1079160 1039.9
1079170 1044.6
1079180 1048.9
1079190 1048.9
1079200 1052.8
1079210 1056.8
1079220 1056.8
1079230 1060.5
1079240 1063.3
1079250 1063.3
1079260 1066.4
1079270 1069.1
1079280 1069.1
1079290 1071.8
1079300 1072.9
1079310 1072.9
1079320 1078.7
1079330 1088.0
1079340 1088.0
1079350 1093.3
1079360 1095.4
1079370 1095.4
1079380 1095.9
1079390 1097.4
1079400 1101.7
1079410 1101.7
1079420 1109.4
1079430 1115.5
1079440 1115.5
1079450 1119.4
1079460 1128.3
1079470 1128.3
1079480 1130.7
1079490 1133.7
1079500 1133.7
1079510 1136.9
1079520 1140.1
1079530 1140.1
1079540 1142.7
1079550 1145.0
1079560 1145.0
1079570 1147.6
1079580 1150.0
1079590 1150.0
1079600 1151.9
1079610 1153.9
1079620 1153.9
1079630 1157.0
1079640 1160.7
1079650 1160.7
1079660 1165.1
1079670 1170.3
1079680 1170.3
1079690 1174.2
1079700 1176.3
1079710 1176.8
1079720 1176.8
1079730 1176.6
1079740 1176.0
1079750 1176.0
1079760 1173.3
1079770 1171.4
1079780 1171.5
1079790 1176.0
1079800 1176.2
1079810 1176.2
1079820 1174.9
1079830 1173.6
1079840 1173.6
1079850 1172.5
1079860 1172.1
1079870 1172.1
1079880 1172.0
1079890 1172.2
1079900 1172.2
1079910 1171.7
1079920 1172.1
1079930 1172.1
1079940 1172.8
1079950 1172.1
1079960 1172.1
1079970 1171.1
1079980 1169.9
1079990 1168.7
