1066400 420.8
1066410 420.7
1066420 420.7
1066430 420.7
1066440 420.7
1066450 420.7
1066460 420.8
1066470 420.8
1066480 420.8
1066490 420.8
1066500 420.7
1066510 420.7
1066520 420.7
1066530 420.8
1066540 421.6
1066550 421.6
1066560 422.0
1066570 422.3
1066580 422.4
1066590 422.6
1066600 422.5
1066610 422.5
1066620 422.4
1066630 422.4
1066640 422.4
1066650 424.2
1066660 426.8
1066670 426.8
1066680 426.7
1066690 425.2
1066700 425.2
1066710 424.1
1066720 424.0
1066730 424.0
1066740 424.0
1066750 423.9
1066760 423.9
1066770 423.8
1066780 423.7
1066790 423.6
1066800 423.6
1066810 423.5
1066820 423.4
1066830 423.4
1066840 423.4
1066850 423.3
1066860 423.3
1066870 423.2
1066880 423.2
1066890 423.3
1066900 423.4
1066910 422.4
1066920 422.4
1066930 420.5
1066940 417.9
1066950 417.9
1066960 417.7
1066970 417.4
1066980 417.4
1066990 417.4
1067000 417.4
1067010 417.4
1067020 417.3
1067030 417.3
1067040 417.3
1067050 417.3
1067060 417.8
1067070 421.7
1067080 421.7
1067090 422.7
1067100 423.5
1067110 423.5
1067120 423.5
1067130 423.6
1067140 423.6
1067150 423.6
1067160 423.6
1067170 423.6
1067180 423.7
1067190 423.7
1067200 423.7
1067210 423.8
1067220 423.8
1067230 423.8
1067240 423.9
1067250 423.9
1067260 423.9
1067270 424.0
1067280 425.2
1067290 425.2
1067300 426.3
1067310 424.2
1067320 424.2
1067330 423.4
1067340 423.3
1067350 423.3
1067360 423.0
1067370 422.7
1067380 422.5
1067390 422.5
1067400 422.5
1067410 422.4
1067420 422.4
1067430 422.5
1067440 422.4
1067450 422.4
1067460 422.5
1067470 422.5
1067480 422.5
1067490 422.4
1067500 422.4
1067510 422.4
1067520 422.3
1067530 422.2
1067540 422.2
1067550 422.3
1067560 422.4
1067570 422.4
1067580 422.4
1067590 422.5
1067600 422.5
1067610 422.5
1067620 422.6
1067630 422.6
1067640 422.7
1067650 422.9
1067660 423.0
1067670 423.0
1067680 423.1
1067690 423.2
1067700 423.2
1067710 423.6
1067720 423.7
1067730 423.7
1067740 423.7
1067750 423.8
1067760 423.8
1067770 423.7
1067780 423.7
1067790 423.7
1067800 423.7
1067810 423.6
1067820 423.6
1067830 423.7
1067840 423.7
1067850 423.7
1067860 423.8
1067870 424.5
1067880 424.5
1067890 426.5
1067900 425.5
1067910 425.5
1067920 423.1
1067930 421.3
1067940 422.9
1067950 422.9
1067960 424.4
1067970 426.4
1067980 426.4
1067990 426.6
1068000 424.9
1068010 424.9
1068020 424.2
1068030 424.1
1068040 424.1
1068050 424.0
1068060 424.0
1068070 424.0
1068080 423.9
1068090 423.7
1068100 423.7
1068110 423.8
1068120 422.8
1068130 422.8
1068140 420.0
1068150 423.2
1068160 423.2
1068170 425.2
1068180 424.8
1068190 424.8
1068200 422.0
1068210 421.3
1068220 421.0
1068230 421.0
1068240 420.9
1068250 420.8
1068260 420.8
1068270 420.8
1068280 420.7
1068290 420.7
1068300 420.7
1068310 420.7
1068320 420.7
1068330 420.9
1068340 421.0
1068350 421.0
1068360 421.0
1068370 421.0
1068380 421.0
1068390 420.9
1068400 421.0
1068410 421.0
1068420 421.1
1068430 421.3
1068440 421.3
1068450 421.4
1068460 421.4
1068470 421.4
1068480 421.5
1068490 421.6
1068500 421.6
1068510 421.7
1068520 421.6
1068530 421.3
1068540 421.3
1068550 421.8
1068560 422.1
1068570 422.1
1068580 421.9
1068590 421.8
1068600 421.8
1068610 421.9
1068620 422.2
1068630 422.2
1068640 422.3
1068650 422.6
1068660 422.6
1068670 422.6
1068680 422.6
1068690 422.6
1068700 422.5
1068710 422.6
1068720 422.7
1068730 422.9
1068740 422.6
1068750 422.6
1068760 422.6
1068770 423.6
1068780 423.6
1068790 424.5
1068800 424.8
1068810 424.9
1068820 424.9
1068830 424.7
1068840 424.3
1068850 424.3
1068860 424.3
1068870 424.4
1068880 424.4
1068890 424.4
1068900 424.5
1068910 424.5
1068920 424.6
1068930 424.7
1068940 424.7
1068950 424.8
1068960 424.8
1068970 424.8
1068980 424.9
1068990 425.0
1069000 425.0
1069010 425.1
1069020 425.1
1069030 425.2
1069040 425.3
1069050 425.3
1069060 425.3
1069070 425.3
1069080 425.3
1069090 425.3
1069100 425.3
1069110 425.3
1069120 425.3
1069130 425.3
1069140 425.3
1069150 425.4
1069160 425.4
1069170 425.4
1069180 425.4
1069190 425.4
1069200 425.4
1069210 425.4
1069220 425.4
1069230 425.5
1069240 425.5
1069250 425.5
1069260 425.6
1069270 425.6
1069280 425.6
1069290 425.7
1069300 425.8
1069310 425.8
1069320 425.8
1069330 425.9
1069340 426.0
1069350 426.2
1069360 426.3
1069370 426.3
1069380 426.4
1069390 426.4
1069400 426.5
1069410 426.5
1069420 426.6
1069430 426.7
1069440 426.7
1069450 426.8
1069460 426.9
1069470 426.9
1069480 427.1
1069490 427.3
1069500 427.3
1069510 427.3
1069520 427.1
1069530 427.1
1069540 427.1
1069550 427.1
1069560 427.1
1069570 427.3
1069580 427.4
1069590 427.4
1069600 427.0
1069610 426.8
1069620 426.8
1069630 426.5
1069640 426.7
1069650 426.7
1069660 426.0
1069670 425.6
1069680 425.4
1069690 425.4
1069700 425.3
1069710 425.4
1069720 425.4
1069730 425.8
1069740 425.9
1069750 425.9
1069760 425.6
1069770 425.4
1069780 425.4
1069790 425.4
1069800 425.7
1069810 425.7
1069820 425.8
1069830 425.9
1069840 425.9
1069850 425.9
1069860 425.9
1069870 425.9
1069880 426.0
1069890 425.9
1069900 425.9
1069910 425.8
1069920 425.8
1069930 425.8
1069940 425.8
1069950 425.9
1069960 426.0
1069970 426.0
1069980 426.8
1069990 427.7
1070000 427.7
1070010 428.0
1070020 428.2
1070030 428.2
1070040 428.5
1070050 428.6
1070060 428.6
1070070 428.6
1070080 428.7
1070090 428.7
1070100 428.8
1070110 428.9
1070120 428.9
1070130 429.0
1070140 429.0
1070150 429.0
1070160 429.0
1070170 429.1
1070180 429.1
1070190 429.1
1070200 429.1
1070210 429.1
1070220 429.1
1070230 429.1
1070240 429.1
1070250 429.1
1070260 429.3
1070270 429.3
1070280 429.3
1070290 429.4
1070300 429.5
1070310 429.5
1070320 429.6
1070330 429.6
1070340 429.6
1070350 429.7
1070360 429.7
1070370 429.7
1070380 429.8
1070390 429.8
1070400 429.8
1070410 429.9
1070420 430.0
1070430 430.0
1070440 430.1
1070450 430.2
1070460 430.2
1070470 430.3
1070480 430.4
1070490 430.4
1070500 430.4
1070510 430.4
1070520 430.4
1070530 430.5
1070540 430.6
1070550 430.6
1070560 430.6
1070570 430.8
1070580 430.8
1070590 430.8
1070600 430.8
1070610 430.9
1070620 430.9
1070630 431.3
1070640 431.5
1070650 431.5
1070660 431.4
1070670 431.3
1070680 431.3
1070690 431.4
1070700 431.2
1070710 431.2
1070720 431.2
1070730 431.3
1070740 431.3
1070750 431.5
1070760 431.5
1070770 431.5
1070780 431.8
1070790 432.1
1070800 432.1
1070810 431.8
1070820 432.2
1070830 432.4
1070840 432.4
1070850 432.6
1070860 432.7
1070870 432.8
1070880 432.7
1070890 432.6
1070900 432.6
1070910 432.6
1070920 432.7
1070930 432.7
1070940 432.5
1070950 432.4
1070960 432.4
1070970 432.4
1070980 432.4
1070990 432.4
1071000 432.4
1071010 432.3
1071020 432.3
1071030 432.8
1071040 436.4
1071050 436.4
1071060 436.3
1071070 436.0
1071080 436.0
1071090 436.0
1071100 435.5
1071110 435.5
1071120 433.6
1071130 432.9
1071140 433.1
1071150 433.1
1071160 434.3
1071170 432.9
1071180 432.8
1071190 432.6
1071200 432.7
1071210 432.7
1071220 432.6
1071230 432.6
1071240 432.6
1071250 432.5
1071260 432.5
1071270 432.5
1071280 432.4
1071290 432.3
1071300 432.3
1071310 432.3
1071320 432.2
1071330 432.2
1071340 432.2
1071350 432.1
1071360 432.1
1071370 432.1
1071380 432.0
1071390 432.0
1071400 432.0
1071410 432.0
1071420 432.0
1071430 432.0
1071440 432.1
1071450 432.0
1071460 432.0
1071470 432.1
1071480 433.3
1071490 434.1
1071500 438.9
1071510 446.0
1071520 446.0
1071530 453.5
1071540 460.2
1071550 460.2
1071560 466.7
1071570 472.2
1071580 472.2
1071590 477.6
1071600 484.0
1071610 484.0
1071620 491.2
1071630 498.8
1071640 498.8
1071650 512.2
1071660 520.0
1071670 520.0
1071680 528.3
1071690 543.1
1071700 551.5
1071710 551.5
1071720 555.1
1071730 557.1
1071740 557.1
1071750 560.3
1071760 563.3
1071770 563.3
1071780 565.4
1071790 567.7
1071800 568.0
1071810 569.4
1071820 569.7
1071830 569.7
1071840 569.3
1071850 568.8
1071860 568.8
1071870 568.5
1071880 569.4
1071890 569.4
1071900 571.2
1071910 572.9
1071920 572.9
1071930 573.2
1071940 572.8
1071950 572.8
1071960 571.6
1071970 569.8
1071980 568.2
1071990 568.2
1072000 566.7
1072010 565.8
1072020 565.8
1072030 565.5
1072040 565.1
1072050 565.1
1072060 563.5
1072070 562.1
1072080 562.1
1072090 560.9
1072100 560.5
1072110 559.9
1072120 559.8
1072130 558.3
1072140 558.3
1072150 556.5
1072160 555.0
1072170 555.0
1072180 552.0
1072190 548.6
1072200 548.6
1072210 547.0
1072220 546.3
1072230 546.3
1072240 546.7
1072250 546.5
1072260 546.5
1072270 546.6
1072280 546.7
1072290 547.7
1072300 547.7
1072310 549.3
1072320 550.1
1072330 550.1
1072340 550.4
1072350 550.9
1072360 550.9
1072370 550.7
1072380 550.3
1072390 550.3
1072400 550.2
1072410 550.0
1072420 548.3
1072430 547.4
1072440 546.5
1072450 546.5
1072460 546.2
1072470 544.1
1072480 544.1
1072490 541.6
1072500 540.5
1072510 540.5
1072520 542.0
1072530 545.5
1072540 545.5
1072550 550.8
1072560 553.0
1072570 553.1
1072580 553.1
1072590 550.5
1072600 547.5
1072610 547.5
1072620 543.8
1072630 540.5
1072640 540.5
1072650 538.3
1072660 537.3
1072670 537.3
1072680 535.6
1072690 534.6
1072700 534.6
1072710 536.2
1072720 537.5
1072730 534.3
1072740 535.3
1072750 536.3
1072760 536.3
1072770 537.2
1072780 537.2
1072790 537.2
1072800 537.4
1072810 537.5
1072820 537.5
1072830 536.9
1072840 536.4
1072850 535.3
1072860 535.3
1072870 534.1
1072880 533.5
1072890 533.5
1072900 532.9
1072910 532.8
1072920 532.8
1072930 534.1
1072940 535.5
1072950 535.5
1072960 537.2
1072970 538.5
1072980 538.5
1072990 539.7
1073000 539.8
1073010 539.8
1073020 539.1
1073030 535.0
1073040 535.0
1073050 535.8
1073060 536.3
1073070 536.3
1073080 536.6
1073090 537.0
1073100 537.0
1073110 538.8
1073120 539.9
1073130 539.9
1073140 541.0
1073150 542.5
1073160 543.7
1073170 543.7
1073180 545.5
1073190 547.6
1073200 547.6
1073210 549.2
1073220 550.5
1073230 550.5
1073240 551.3
1073250 551.2
1073260 551.2
1073270 551.6
1073280 552.9
1073290 552.9
1073300 556.2
1073310 558.9
1073320 558.9
1073330 559.6
1073340 557.5
1073350 557.5
1073360 557.6
1073370 559.7
1073380 559.7
1073390 564.5
1073400 566.4
1073410 566.4
1073420 566.6
1073430 566.4
1073440 566.9
1073450 566.9
1073460 566.9
1073470 567.2
1073480 567.2
1073490 566.9
1073500 566.8
1073510 566.8
1073520 567.5
1073530 570.3
1073540 570.3
1073550 572.6
1073560 573.7
1073570 573.7
1073580 575.0
1073590 576.0
1073600 576.0
1073610 577.5
1073620 577.4
1073630 577.4
1073640 576.3
1073650 576.2
1073660 576.2
1073670 576.3
1073680 577.0
1073690 577.0
1073700 574.6
1073710 571.0
1073720 569.1
1073730 569.1
1073740 569.5
1073750 570.0
1073760 570.0
1073770 569.4
1073780 567.8
1073790 567.8
1073800 564.0
1073810 559.3
1073820 559.3
1073830 555.7
1073840 552.6
1073850 552.6
1073860 548.0
1073870 543.4
1073880 543.4
1073890 538.0
1073900 529.9
1073910 529.9
1073920 515.3
1073930 510.7
1073940 510.7
1073950 513.5
1073960 523.0
1073970 521.5
1073980 537.7
1073990 547.8
1074000 551.1
1074010 551.1
1074020 554.1
1074030 557.0
1074040 557.0
1074050 558.7
1074060 561.3
1074070 561.3
1074080 563.0
1074090 564.9
1074100 564.9
1074110 567.3
1074120 569.9
1074130 569.9
1074140 570.6
1074150 571.2
1074160 571.2
1074170 572.2
1074180 574.1
1074190 574.1
1074200 575.1
1074210 576.5
1074220 576.5
1074230 578.0
1074240 578.7
1074250 578.7
1074260 579.0
1074270 579.7
1074280 576.4
1074290 577.7
1074300 580.3
1074310 582.8
1074320 582.8
1074330 583.4
1074340 582.8
1074350 582.8
1074360 583.0
1074370 584.5
1074380 584.5
1074390 587.6
1074400 590.7
1074410 590.7
1074420 593.0
1074430 594.5
1074440 594.5
1074450 594.9
1074460 594.6
1074470 594.6
1074480 594.2
1074490 593.1
1074500 593.1
1074510 592.1
1074520 591.7
1074530 591.7
1074540 590.0
1074550 588.0
1074560 588.0
1074570 587.0
1074580 586.8
1074590 582.1
1074600 582.1
1074610 581.1
1074620 580.2
1074630 580.2
1074640 579.4
1074650 577.2
1074660 577.2
1074670 575.4
1074680 574.6
1074690 574.6
1074700 574.6
1074710 573.1
1074720 573.1
1074730 571.3
1074740 570.4
1074750 570.4
1074760 569.7
1074770 569.7
1074780 569.7
1074790 568.8
1074800 568.3
1074810 568.3
1074820 568.3
1074830 569.2
1074840 569.2
1074850 569.4
1074860 566.7
1074870 562.6
1074880 562.6
1074890 557.5
1074900 546.4
1074910 546.4
1074920 543.1
1074930 539.9
1074940 539.9
1074950 536.9
1074960 535.6
1074970 535.6
1074980 535.1
1074990 535.5
1075000 535.5
1075010 537.0
1075020 535.7
1075030 535.7
1075040 532.2
1075050 530.4
1075060 530.4
1075070 530.0
1075080 530.7
1075090 530.7
1075100 530.6
1075110 530.6
1075120 530.6
1075130 531.5
1075140 533.8
1075150 533.8
1075160 537.9
1075170 544.2
1075180 551.4
1075190 551.4
1075200 559.2
1075210 576.6
1075220 576.6
1075230 586.2
1075240 592.3
1075250 592.3
1075260 590.8
1075270 591.3
1075280 591.3
1075290 589.1
1075300 589.4
1075310 589.4
1075320 596.6
1075330 599.9
1075340 599.9
1075350 603.5
1075360 606.5
1075370 606.5
1075380 606.4
1075390 608.8
1075400 608.8
1075410 610.8
1075420 613.5
1075430 613.5
1075440 616.9
1075450 622.4
1075460 627.1
1075470 627.1
1075480 629.9
1075490 630.0
1075500 630.0
1075510 631.6
1075520 639.1
1075530 639.1
1075540 643.9
1075550 649.2
1075560 649.2
1075570 653.9
1075580 661.0
1075590 661.0
1075600 670.8
1075610 676.6
1075620 676.6
1075630 677.8
1075640 681.7
1075650 681.7
1075660 684.0
1075670 685.1
1075680 685.1
1075690 687.5
1075700 691.5
1075710 691.5
1075720 689.8
1075730 686.0
1075740 681.1
1075750 681.1
1075760 676.4
1075770 672.1
1075780 672.1
1075790 668.2
1075800 664.1
1075810 664.1
1075820 660.0
1075830 662.6
1075840 662.6
1075850 658.9
1075860 654.4
1075870 654.4
1075880 647.8
1075890 643.6
1075900 643.6
1075910 644.3
1075920 650.0
1075930 650.0
1075940 655.9
1075950 662.0
1075960 662.0
1075970 669.0
1075980 675.3
1075990 675.3
1076000 682.5
1076010 690.0
1076020 698.4
1076030 698.4
1076040 707.4
1076050 717.2
1076060 717.2
1076070 726.7
1076080 732.5
1076090 732.5
1076100 733.7
1076110 732.8
1076120 732.8
1076130 730.7
1076140 720.7
1076150 720.7
1076160 718.2
1076170 714.5
1076180 714.5
1076190 712.3
1076200 710.3
1076210 710.3
1076220 707.0
1076230 704.8
1076240 704.8
1076250 702.2
1076260 699.0
1076270 699.0
1076280 697.4
1076290 697.0
1076300 697.0
1076310 700.9
1076320 708.9
1076330 718.4
1076340 718.4
1076350 724.2
1076360 729.1
1076370 729.1
1076380 734.5
1076390 738.9
1076400 738.9
1076410 742.7
1076420 749.4
1076430 749.4
1076440 754.5
1076450 756.9
1076460 757.4
1076470 759.8
1076480 762.9
1076490 762.9
1076500 765.6
1076510 768.0
1076520 768.0
1076530 769.9
1076540 773.0
1076550 773.0
1076560 776.1
1076570 779.5
1076580 779.5
1076590 782.7
1076600 785.4
1076610 787.2
1076620 787.2
1076630 789.4
1076640 791.3
1076650 791.3
1076660 793.1
1076670 795.3
1076680 795.3
1076690 797.6
1076700 800.1
1076710 800.1
1076720 803.2
1076730 804.9
1076740 804.9
1076750 805.1
1076760 806.2
1076770 805.3
1076780 806.4
1076790 807.5
1076800 807.5
1076810 808.1
1076820 808.2
1076830 808.2
1076840 808.2
1076850 808.3
1076860 808.3
1076870 808.4
1076880 808.3
1076890 808.8
1076900 808.8
1076910 809.6
1076920 809.5
1076930 809.5
1076940 809.1
1076950 808.9
1076960 808.9
1076970 808.7
1076980 808.6
1076990 808.6
1077000 808.7
1077010 808.6
1077020 808.6
1077030 808.4
1077040 808.2
1077050 808.2
1077060 808.8
1077070 809.0
1077080 807.2
1077090 807.5
1077100 807.8
1077110 807.8
1077120 807.6
1077130 808.6
1077140 808.6
1077150 809.5
1077160 810.4
1077170 811.6
1077180 811.6
1077190 812.7
1077200 814.5
1077210 814.5
1077220 815.8
1077230 816.7
1077240 816.7
1077250 817.1
1077260 817.1
1077270 817.1
1077280 817.0
1077290 816.6
1077300 816.6
1077310 816.0
1077320 815.2
1077330 815.2
1077340 814.0
1077350 812.5
1077360 812.5
1077370 810.9
1077380 809.7
1077390 808.0
1077400 806.8
1077410 805.3
1077420 805.3
1077430 805.8
1077440 807.0
1077450 807.0
1077460 808.1
1077470 809.4
1077480 810.3
1077490 810.3
1077500 811.2
1077510 812.1
1077520 812.1
1077530 812.8
1077540 813.7
1077550 813.7
1077560 814.2
1077570 814.2
1077580 814.2
1077590 813.8
1077600 813.2
1077610 813.2
1077620 812.3
1077630 811.8
1077640 811.8
1077650 809.0
1077660 811.3
1077670 811.3
1077680 813.1
1077690 813.0
1077700 813.0
1077710 809.6
1077720 809.8
1077730 809.8
1077740 810.2
1077750 810.8
1077760 811.3
1077770 811.3
1077780 811.9
1077790 812.4
1077800 812.4
1077810 812.4
1077820 812.7
1077830 812.7
1077840 813.5
1077850 814.4
1077860 814.4
1077870 814.9
1077880 814.7
1077890 814.7
1077900 813.4
1077910 807.3
1077920 807.3
1077930 798.1
1077940 805.7
1077950 805.7
1077960 809.7
1077970 809.1
1077980 809.1
1077990 807.4
1078000 805.6
1078010 805.6
1078020 799.4
1078030 797.5
1078040 794.9
1078050 794.9
1078060 793.4
1078070 788.4
1078080 788.4
1078090 783.8
1078100 787.6
1078110 787.6
1078120 788.7
1078130 786.8
1078140 786.8
1078150 783.6
1078160 779.0
1078170 779.0
1078180 774.6
1078190 770.3
1078200 770.3
1078210 765.6
1078220 758.7
1078230 758.7
1078240 751.9
1078250 747.9
1078260 747.9
1078270 747.1
1078280 748.5
1078290 748.5
1078300 752.9
1078310 758.4
1078320 763.9
1078330 768.4
1078340 774.8
1078350 780.5
1078360 780.5
1078370 785.2
1078380 790.7
1078390 790.7
1078400 795.7
1078410 800.5
1078420 800.5
1078430 804.5
1078440 808.9
1078450 808.9
1078460 813.1
1078470 814.4
1078480 814.4
1078490 816.1
1078500 819.0
1078510 819.0
1078520 819.0
1078530 815.4
1078540 815.4
1078550 822.9
1078560 830.3
1078570 830.3
1078580 836.9
1078590 839.9
1078600 839.9
1078610 842.7
1078620 844.5
1078630 846.1
1078640 846.1
1078650 852.9
1078660 858.1
1078670 858.1
1078680 863.1
1078690 867.4
1078700 867.4
1078710 870.8
1078720 874.7
1078730 874.7
1078740 878.9
1078750 881.7
1078760 881.7
1078770 882.5
1078780 885.1
1078790 885.1
1078800 891.3
1078810 894.8
1078820 894.8
1078830 898.5
1078840 901.6
1078850 901.6
1078860 905.2
1078870 909.3
1078880 909.3
1078890 913.9
1078900 919.1
1078910 925.9
1078920 925.9
1078930 933.0
1078940 937.9
1078950 937.9
1078960 952.1
1078970 954.8
1078980 954.8
1078990 956.0
1079000 957.7
1079010 957.7
1079020 959.8
1079030 963.9
1079040 963.9
1079050 969.7
1079060 976.3
1079070 976.3
1079080 981.5
1079090 985.5
1079100 985.5
1079110 989.0
1079120 993.0
1079130 993.0
1079140 997.4
1079150 1000.5
1079160 1000.5
1079170 1003.0
1079180 1006.0
1079190 1009.1
1079200 1009.1
1079210 1011.7
1079220 1014.4
1079230 1014.4
1079240 1017.4
1079250 1016.8
1079260 1016.8
1079270 1028.0
1079280 1033.3
1079290 1033.3
1079300 1036.5
1079310 1040.3
1079320 1040.3
1079330 1043.7
1079340 1046.2
1079350 1046.2
1079360 1047.2
1079370 1048.6
1079380 1048.6
1079390 1054.2
1079400 1060.0
1079410 1060.0
1079420 1066.2
1079430 1072.3
1079440 1072.3
1079450 1077.9
1079460 1083.4
1079470 1087.4
1079480 1087.4
1079490 1089.2
1079500 1090.8
1079510 1090.8
1079520 1091.9
1079530 1093.6
1079540 1093.6
1079550 1094.9
1079560 1095.6
1079570 1095.6
1079580 1102.6
1079590 1117.9
1079600 1117.9
1079610 1126.8
1079620 1134.3
1079630 1134.3
1079640 1140.3
1079650 1145.9
1079660 1145.9
1079670 1151.2
1079680 1156.4
1079690 1156.4
1079700 1161.5
1079710 1166.9
1079720 1166.9
1079730 1172.5
1079740 1178.0
1079750 1178.0
1079760 1183.5
1079770 1187.3
1079780 1189.9
1079790 1189.9
1079800 1190.7
1079810 1189.9
1079820 1189.9
1079830 1188.8
1079840 1188.2
1079850 1188.2
1079860 1189.2
1079870 1192.6
1079880 1192.6
1079890 1194.8
1079900 1192.3
1079910 1192.3
1079920 1192.6
1079930 1192.7
1079940 1192.7
1079950 1192.5
1079960 1191.0
1079970 1191.0
1079980 1188.6
1079990 1186.9
