1066270 420.6
1066280 420.6
1066290 420.7
1066300 420.6
1066310 420.6
1066320 420.7
1066330 420.9
1066340 420.9
1066350 420.9
1066360 421.3
1066370 421.6
1066380 421.6
1066390 421.9
1066400 422.1
1066410 422.1
1066420 422.2
1066430 422.3
1066440 422.3
1066450 421.9
1066460 421.4
1066470 421.4
1066480 421.2
1066490 421.2
1066500 421.2
1066510 421.4
1066520 421.7
1066530 421.7
1066540 422.1
1066550 423.8
1066560 423.8
1066570 426.5
1066580 426.3
1066590 426.3
1066600 424.6
1066610 424.4
1066620 424.4
1066630 424.3
1066640 424.2
1066650 424.1
1066660 424.1
1066670 424.0
1066680 423.9
1066690 423.9
1066700 423.8
1066710 423.7
1066720 423.7
1066730 423.6
1066740 423.6
1066750 423.6
1066760 423.5
1066770 423.5
1066780 423.5
1066790 423.6
1066800 423.5
1066810 423.5
1066820 422.4
1066830 420.7
1066840 420.7
1066850 417.9
1066860 417.6
1066870 417.6
1066880 417.5
1066890 417.6
1066900 417.6
1066910 417.6
1066920 417.6
1066930 417.6
1066940 417.4
1066950 417.5
1066960 420.3
1066970 420.3
1066980 422.6
1066990 423.6
1067000 423.6
1067010 423.7
1067020 423.7
1067030 423.7
1067040 423.8
1067050 423.8
1067060 423.8
1067070 423.9
1067080 424.0
1067090 424.0
1067100 424.0
1067110 424.1
1067120 424.1
1067130 424.1
1067140 424.2
1067150 424.2
1067160 424.2
1067170 424.3
1067180 424.3
1067190 424.3
1067200 424.6
1067210 424.6
1067220 426.3
1067230 425.4
1067240 423.8
1067250 424.0
1067260 423.8
1067270 423.5
1067280 423.5
1067290 423.4
1067300 423.4
1067310 423.4
1067320 423.1
1067330 423.7
1067340 423.7
1067350 423.5
1067360 422.5
1067370 422.5
1067380 422.7
1067390 422.9
1067400 422.9
1067410 422.7
1067420 422.2
1067430 422.2
1067440 422.1
1067450 422.3
1067460 422.3
1067470 422.4
1067480 422.2
1067490 422.2
1067500 422.2
1067510 422.4
1067520 422.3
1067530 422.3
1067540 422.3
1067550 422.3
1067560 422.3
1067570 422.4
1067580 422.5
1067590 422.5
1067600 422.5
1067610 422.4
1067620 422.4
1067630 422.4
1067640 422.5
1067650 422.5
1067660 422.7
1067670 422.8
1067680 422.8
1067690 422.8
1067700 422.8
1067710 422.8
1067720 422.8
1067730 422.8
1067740 422.8
1067750 423.2
1067760 423.4
1067770 423.4
1067780 423.5
1067790 423.5
1067800 423.5
1067810 423.6
1067820 423.6
1067830 423.6
1067840 423.6
1067850 423.6
1067860 423.6
1067870 423.6
1067880 423.6
1067890 423.6
1067900 423.6
1067910 423.6
1067920 423.6
1067930 423.6
1067940 423.6
1067950 424.0
1067960 424.0
1067970 424.3
1067980 424.3
1067990 424.3
1068000 424.5
1068010 426.3
1068020 426.3
1068030 427.4
1068040 426.9
1068050 426.9
1068060 426.6
1068070 424.5
1068080 424.5
1068090 423.5
1068100 423.3
1068110 423.7
1068120 423.7
1068130 425.3
1068140 427.0
1068150 427.0
1068160 427.7
1068170 427.5
1068180 427.5
1068190 427.8
1068200 427.5
1068210 427.5
1068220 426.8
1068230 426.1
1068240 426.1
1068250 425.6
1068260 425.5
1068270 425.5
1068280 426.1
1068290 427.1
1068300 427.1
1068310 425.4
1068320 422.4
1068330 422.4
1068340 421.6
1068350 421.7
1068360 421.7
1068370 421.6
1068380 421.7
1068390 421.7
1068400 421.7
1068410 421.7
1068420 421.8
1068430 421.8
1068440 421.9
1068450 422.0
1068460 422.0
1068470 422.1
1068480 422.2
1068490 422.2
1068500 422.1
1068510 422.3
1068520 422.3
1068530 422.3
1068540 422.6
1068550 422.6
1068560 422.9
1068570 423.0
1068580 423.0
1068590 423.1
1068600 423.1
1068610 423.1
1068620 424.8
1068630 425.4
1068640 425.4
1068650 424.7
1068660 423.3
1068670 423.3
1068680 423.8
1068690 424.1
1068700 424.6
1068710 424.6
1068720 424.9
1068730 425.3
1068740 425.3
1068750 425.7
1068760 425.8
1068770 425.8
1068780 426.5
1068790 426.3
1068800 426.3
1068810 425.6
1068820 425.3
1068830 425.3
1068840 425.2
1068850 425.2
1068860 425.2
1068870 425.3
1068880 425.4
1068890 425.4
1068900 425.6
1068910 425.8
1068920 425.8
1068930 425.9
1068940 425.8
1068950 425.8
1068960 425.8
1068970 425.9
1068980 425.9
1068990 425.9
1069000 425.9
1069010 426.0
1069020 426.0
1069030 425.9
1069040 425.9
1069050 425.9
1069060 426.0
1069070 426.0
1069080 426.0
1069090 426.0
1069100 426.1
1069110 426.1
1069120 426.0
1069130 425.9
1069140 425.9
1069150 425.9
1069160 425.9
1069170 425.9
1069180 425.8
1069190 425.8
1069200 425.8
1069210 425.9
1069220 426.1
1069230 426.1
1069240 426.2
1069250 426.2
1069260 426.3
1069270 426.3
1069280 426.3
1069290 426.4
1069300 426.4
1069310 426.5
1069320 426.5
1069330 426.5
1069340 426.7
1069350 426.9
1069360 426.9
1069370 426.9
1069380 427.0
1069390 427.0
1069400 427.1
1069410 427.2
1069420 427.2
1069430 427.3
1069440 427.3
1069450 427.3
1069460 427.4
1069470 427.4
1069480 427.4
1069490 427.4
1069500 427.5
1069510 427.5
1069520 427.5
1069530 427.5
1069540 427.6
1069550 427.6
1069560 427.6
1069570 427.9
1069580 427.9
1069590 428.2
1069600 428.3
1069610 428.3
1069620 428.4
1069630 428.5
1069640 428.5
1069650 428.6
1069660 428.5
1069670 428.5
1069680 428.4
1069690 428.5
1069700 428.7
1069710 428.8
1069720 429.1
1069730 429.1
1069740 428.8
1069750 428.7
1069760 428.7
1069770 428.9
1069780 429.1
1069790 429.1
1069800 429.2
1069810 429.3
1069820 429.3
1069830 429.0
1069840 428.8
1069850 428.9
1069860 428.9
1069870 429.0
1069880 429.1
1069890 429.1
1069900 429.2
1069910 429.2
1069920 429.2
1069930 429.2
1069940 429.2
1069950 429.2
1069960 429.4
1069970 429.6
1069980 429.6
1069990 429.6
1070000 429.6
1070010 429.7
1070020 429.6
1070030 429.5
1070040 429.5
1070050 429.5
1070060 429.5
1070070 429.5
1070080 429.5
1070090 429.5
1070100 429.5
1070110 429.5
1070120 429.5
1070130 429.5
1070140 429.5
1070150 429.5
1070160 429.5
1070170 429.5
1070180 429.6
1070190 429.6
1070200 429.6
1070210 429.6
1070220 429.6
1070230 429.6
1070240 429.7
1070250 429.8
1070260 429.8
1070270 429.9
1070280 430.0
1070290 430.0
1070300 430.0
1070310 430.2
1070320 430.2
1070330 430.2
1070340 430.3
1070350 430.3
1070360 430.4
1070370 430.5
1070380 430.5
1070390 430.5
1070400 430.7
1070410 431.2
1070420 431.2
1070430 431.3
1070440 431.1
1070450 431.1
1070460 430.9
1070470 430.9
1070480 430.9
1070490 431.0
1070500 431.0
1070510 431.0
1070520 431.1
1070530 431.3
1070540 431.3
1070550 431.3
1070560 431.3
1070570 431.3
1070580 431.4
1070590 431.5
1070600 431.5
1070610 431.6
1070620 431.9
1070630 431.9
1070640 432.1
1070650 432.1
1070660 432.1
1070670 432.2
1070680 432.2
1070690 432.2
1070700 432.3
1070710 432.5
1070720 432.8
1070730 432.8
1070740 432.6
1070750 432.4
1070760 432.4
1070770 432.7
1070780 433.0
1070790 433.0
1070800 433.0
1070810 432.9
1070820 432.9
1070830 433.1
1070840 433.5
1070850 433.5
1070860 433.6
1070870 433.9
1070880 433.9
1070890 433.9
1070900 433.8
1070910 433.8
1070920 433.9
1070930 434.2
1070940 434.2
1070950 434.1
1070960 433.9
1070970 433.9
1070980 433.8
1070990 433.8
1071000 436.7
1071010 436.7
1071020 438.3
1071030 437.8
1071040 437.8
1071050 437.7
1071060 437.6
1071070 437.6
1071080 437.2
1071090 435.9
1071100 435.9
1071110 434.6
1071120 434.7
1071130 434.7
1071140 434.7
1071150 435.4
1071160 435.4
1071170 435.3
1071180 435.6
1071190 435.6
1071200 439.0
1071210 441.3
1071220 441.3
1071230 441.3
1071240 462.2
1071250 462.2
1071260 464.2
1071270 464.4
1071280 460.3
1071290 460.3
1071300 450.3
1071310 446.9
1071320 446.9
1071330 450.2
1071340 453.4
1071350 453.4
1071360 454.5
1071370 454.5
1071380 454.5
1071390 455.3
1071400 455.6
1071410 455.6
1071420 455.6
1071430 456.5
1071440 456.5
1071450 458.4
1071460 461.0
1071470 461.0
1071480 465.3
1071490 469.9
1071500 469.9
1071510 473.2
1071520 477.5
1071530 477.5
1071540 483.5
1071550 491.7
1071560 501.4
1071570 501.4
1071580 512.3
1071590 518.5
1071600 518.5
1071610 522.3
1071620 525.9
1071630 525.9
1071640 527.8
1071650 530.2
1071660 530.2
1071670 532.2
1071680 534.6
1071690 534.6
1071700 535.8
1071710 539.5
1071720 539.5
1071730 541.6
1071740 543.8
1071750 543.8
1071760 548.8
1071770 552.3
1071780 552.3
1071790 555.2
1071800 558.0
1071810 558.0
1071820 559.2
1071830 559.4
1071840 559.4
1071850 555.8
1071860 555.5
1071870 556.3
1071880 556.3
1071890 556.5
1071900 557.4
1071910 557.4
1071920 558.4
1071930 558.8
1071940 558.8
1071950 558.3
1071960 557.1
1071970 557.1
1071980 554.3
1071990 552.4
1072000 552.4
1072010 551.5
1072020 550.9
1072030 550.9
1072040 550.1
1072050 549.0
1072060 549.0
1072070 547.7
1072080 546.2
1072090 546.2
1072100 545.1
1072110 544.5
1072120 544.5
1072130 544.5
1072140 544.0
1072150 542.9
1072160 539.5
1072170 537.8
1072180 536.4
1072190 536.4
1072200 535.3
1072210 533.7
1072220 533.7
1072230 533.8
1072240 532.8
1072250 532.8
1072260 528.1
1072270 523.7
1072280 523.7
1072290 523.2
1072300 518.4
1072310 518.4
1072320 519.7
1072330 521.9
1072340 521.9
1072350 523.0
1072360 522.8
1072370 522.8
1072380 522.7
1072390 523.3
1072400 523.3
1072410 523.4
1072420 522.4
1072430 520.1
1072440 520.1
1072450 516.8
1072460 516.6
1072470 511.8
1072480 511.9
1072490 511.3
1072500 511.3
1072510 511.7
1072520 511.6
1072530 511.6
1072540 510.5
1072550 508.7
1072560 508.7
1072570 506.6
1072580 504.2
1072590 504.2
1072600 500.5
1072610 497.6
1072620 497.6
1072630 495.5
1072640 494.0
1072650 494.0
1072660 492.7
1072670 491.4
1072680 491.4
1072690 491.0
1072700 491.3
1072710 491.3
1072720 491.4
1072730 491.6
1072740 491.8
1072750 491.8
1072760 492.1
1072770 493.4
1072780 488.0
1072790 492.6
1072800 496.5
1072810 496.5
1072820 496.6
1072830 495.3
1072840 495.3
1072850 493.7
1072860 490.4
1072870 490.4
1072880 487.3
1072890 486.9
1072900 486.9
1072910 486.5
1072920 486.7
1072930 486.7
1072940 487.2
1072950 487.9
1072960 487.9
1072970 488.8
1072980 489.4
1072990 489.4
1073000 490.0
1073010 490.5
1073020 491.7
1073030 491.7
1073040 493.3
1073050 495.3
1073060 495.3
1073070 497.5
1073080 500.0
1073090 498.2
1073100 503.0
1073110 507.0
1073120 507.0
1073130 511.6
1073140 515.0
1073150 515.0
1073160 515.8
1073170 516.4
1073180 516.4
1073190 517.4
1073200 519.6
1073210 519.6
1073220 521.6
1073230 525.0
1073240 525.0
1073250 528.3
1073260 531.4
1073270 531.4
1073280 533.0
1073290 533.6
1073300 535.5
1073310 535.5
1073320 537.5
1073330 539.3
1073340 539.3
1073350 539.0
1073360 538.4
1073370 538.4
1073380 540.0
1073390 540.3
1073400 540.5
1073410 543.0
1073420 543.9
1073430 543.9
1073440 545.5
1073450 547.4
1073460 547.4
1073470 548.4
1073480 549.1
1073490 549.1
1073500 550.6
1073510 552.6
1073520 552.6
1073530 553.8
1073540 554.6
1073550 554.6
1073560 555.0
1073570 555.1
1073580 556.1
1073590 556.1
1073600 556.8
1073610 558.1
1073620 558.1
1073630 558.3
1073640 558.9
1073650 558.9
1073660 560.2
1073670 561.0
1073680 561.0
1073690 561.9
1073700 561.9
1073710 559.3
1073720 559.4
1073730 560.3
1073740 560.3
1073750 560.3
1073760 560.2
1073770 560.2
1073780 559.1
1073790 557.8
1073800 557.8
1073810 555.4
1073820 551.5
1073830 551.5
1073840 545.9
1073850 539.1
1073860 539.1
1073870 532.1
1073880 526.0
1073890 519.2
1073900 519.2
1073910 511.9
1073920 509.3
1073930 509.3
1073940 513.8
1073950 523.0
1073960 523.0
1073970 537.0
1073980 536.3
1073990 536.3
1074000 535.1
1074010 537.4
1074020 531.6
1074030 531.6
1074040 531.9
1074050 531.9
1074060 533.7
1074070 533.2
1074080 533.2
1074090 536.9
1074100 538.9
1074110 538.9
1074120 539.5
1074130 539.3
1074140 539.3
1074150 538.8
1074160 538.0
1074170 536.5
1074180 536.5
1074190 536.8
1074200 538.9
1074210 538.9
1074220 540.8
1074230 542.1
1074240 542.1
1074250 542.1
1074260 541.8
1074270 541.8
1074280 543.0
1074290 543.1
1074300 543.1
1074310 542.1
1074320 542.2
1074330 537.3
1074340 537.4
1074350 537.5
1074360 537.5
1074370 538.1
1074380 538.7
1074390 538.7
1074400 538.9
1074410 539.2
1074420 539.2
1074430 540.2
1074440 538.8
1074450 538.3
1074460 538.3
1074470 538.5
1074480 538.6
1074490 538.6
1074500 538.8
1074510 539.2
1074520 539.2
1074530 540.1
1074540 540.9
1074550 540.9
1074560 541.6
1074570 542.1
1074580 542.1
1074590 542.0
1074600 542.0
1074610 542.0
1074620 542.1
1074630 542.2
1074640 541.0
1074650 540.3
1074660 539.4
1074670 539.4
1074680 539.3
1074690 539.0
1074700 539.0
1074710 538.4
1074720 538.8
1074730 539.5
1074740 539.5
1074750 539.6
1074760 531.3
1074770 531.3
1074780 523.6
1074790 519.9
1074800 519.9
1074810 516.5
1074820 516.2
1074830 516.2
1074840 516.1
1074850 515.5
1074860 515.5
1074870 517.0
1074880 519.4
1074890 519.4
1074900 522.2
1074910 525.5
1074920 525.5
1074930 531.9
1074940 541.9
1074950 547.9
1074960 551.6
1074970 552.5
1074980 552.5
1074990 554.1
1075000 555.0
1075010 555.0
1075020 557.9
1075030 562.4
1075040 566.7
1075050 566.7
1075060 571.0
1075070 574.8
1075080 574.8
1075090 577.8
1075100 582.3
1075110 582.3
1075120 587.3
1075130 592.0
1075140 592.0
1075150 595.5
1075160 597.2
1075170 597.2
1075180 598.8
1075190 599.8
1075200 599.8
1075210 601.5
1075220 604.2
1075230 604.2
1075240 607.9
1075250 612.3
1075260 612.3
1075270 615.5
1075280 617.6
1075290 617.6
1075300 619.5
1075310 622.2
1075320 626.7
1075330 626.7
1075340 630.0
1075350 633.1
1075360 633.1
1075370 638.7
1075380 645.3
1075390 645.3
1075400 651.4
1075410 657.7
1075420 657.7
1075430 664.1
1075440 670.9
1075450 670.9
1075460 678.9
1075470 686.2
1075480 686.2
1075490 694.2
1075500 707.1
1075510 707.1
1075520 723.3
1075530 743.4
1075540 743.4
1075550 747.5
1075560 745.8
1075570 745.8
1075580 741.4
1075590 740.1
1075600 738.1
1075610 738.1
1075620 735.9
1075630 732.8
1075640 732.8
1075650 728.9
1075660 726.9
1075670 726.9
1075680 726.3
1075690 724.5
1075700 724.5
1075710 722.7
1075720 721.4
1075730 721.4
1075740 719.0
1075750 715.7
1075760 715.7
1075770 712.3
1075780 709.9
1075790 709.9
1075800 708.2
1075810 706.9
1075820 706.9
1075830 705.6
1075840 704.6
1075850 704.6
1075860 703.9
1075870 703.4
1075880 703.4
1075890 704.6
1075900 706.7
1075910 709.7
1075920 709.7
1075930 711.8
1075940 710.8
1075950 710.8
1075960 707.7
1075970 704.0
1075980 704.0
1075990 699.6
1076000 694.2
1076010 694.2
1076020 687.6
1076030 679.8
1076040 679.8
1076050 672.5
1076060 667.8
1076070 667.8
1076080 665.5
1076090 663.8
1076100 663.8
1076110 664.8
1076120 666.4
1076130 666.4
1076140 667.8
1076150 669.3
1076160 669.3
1076170 671.2
1076180 673.3
1076190 676.1
1076200 676.5
1076210 679.7
1076220 682.8
1076230 682.8
1076240 687.9
1076250 694.7
1076260 694.7
1076270 701.5
1076280 708.3
1076290 708.3
1076300 715.5
1076310 723.3
1076320 723.3
1076330 730.8
1076340 738.9
1076350 738.9
1076360 746.2
1076370 752.5
1076380 752.5
1076390 757.7
1076400 760.9
1076410 760.9
1076420 764.1
1076430 766.4
1076440 766.4
1076450 768.0
1076460 770.1
1076470 772.7
1076480 772.7
1076490 775.0
1076500 775.5
1076510 776.4
1076520 776.0
1076530 776.6
1076540 776.6
1076550 777.4
1076560 778.4
1076570 778.4
1076580 779.5
1076590 780.7
1076600 780.7
1076610 782.0
1076620 783.4
1076630 783.4
1076640 784.8
1076650 786.1
1076660 786.1
1076670 788.0
1076680 789.2
1076690 789.2
1076700 789.2
1076710 789.5
1076720 789.5
1076730 789.9
1076740 789.4
1076750 788.6
1076760 788.6
1076770 788.4
1076780 788.3
1076790 788.3
1076800 788.3
1076810 788.5
1076820 787.2
1076830 787.3
1076840 787.6
1076850 787.6
1076860 787.9
1076870 787.0
1076880 787.0
1076890 786.7
1076900 786.7
1076910 786.7
1076920 786.6
1076930 786.8
1076940 786.8
1076950 787.2
1076960 786.9
1076970 786.9
1076980 785.9
1076990 786.1
1077000 786.1
1077010 787.0
1077020 787.4
1077030 787.4
1077040 783.9
1077050 782.3
1077060 786.7
1077070 786.7
1077080 788.0
1077090 789.1
1077100 789.1
1077110 789.1
1077120 789.1
1077130 789.1
1077140 787.2
1077150 788.0
1077160 788.0
1077170 788.9
1077180 790.0
1077190 790.0
1077200 791.2
1077210 792.7
1077220 792.7
1077230 793.9
1077240 794.8
1077250 794.8
1077260 795.0
1077270 794.5
1077280 794.5
1077290 793.5
1077300 792.1
1077310 792.1
1077320 791.3
1077330 790.3
1077340 789.3
1077350 789.3
1077360 788.3
1077370 787.4
1077380 787.4
1077390 786.4
1077400 785.8
1077410 785.8
1077420 784.3
1077430 780.4
1077440 780.4
1077450 770.7
1077460 769.8
1077470 769.8
1077480 769.8
1077490 770.5
1077500 770.5
1077510 771.1
1077520 771.1
1077530 771.1
1077540 771.6
1077550 771.4
1077560 771.4
1077570 770.5
1077580 769.4
1077590 769.4
1077600 767.6
1077610 761.8
1077620 765.1
1077630 765.1
1077640 773.0
1077650 775.5
1077660 775.5
1077670 773.7
1077680 767.4
1077690 767.4
1077700 764.6
1077710 763.0
1077720 763.0
1077730 760.9
1077740 759.2
1077750 759.2
1077760 748.7
1077770 748.2
1077780 748.2
1077790 746.5
1077800 744.3
1077810 744.3
1077820 744.8
1077830 745.5
1077840 745.5
1077850 743.3
1077860 742.4
1077870 742.4
1077880 743.0
1077890 742.9
1077900 741.0
1077910 741.0
1077920 739.8
1077930 737.0
1077940 737.0
1077950 731.9
1077960 728.1
1077970 728.1
1077980 725.6
1077990 726.6
1078000 726.6
1078010 736.0
1078020 748.5
1078030 748.5
1078040 756.9
1078050 756.0
1078060 756.0
1078070 755.4
1078080 760.4
1078090 760.4
1078100 760.5
1078110 761.0
1078120 761.0
1078130 763.9
1078140 766.5
1078150 766.5
1078160 768.1
1078170 768.9
1078180 768.9
1078190 771.3
1078200 774.3
1078210 774.0
1078220 774.0
1078230 775.9
1078240 780.0
1078250 780.0
1078260 787.0
1078270 794.0
1078280 794.0
1078290 800.2
1078300 805.9
1078310 805.9
1078320 814.4
1078330 819.4
1078340 819.4
1078350 823.4
1078360 826.9
1078370 826.9
1078380 830.5
1078390 837.8
1078400 837.8
1078410 841.5
1078420 844.2
1078430 844.2
1078440 846.7
1078450 851.1
1078460 851.1
1078470 855.5
1078480 860.5
1078490 865.4
1078500 865.4
1078510 869.5
1078520 874.1
1078530 874.1
1078540 878.4
1078550 883.9
1078560 883.9
1078570 888.5
1078580 893.1
1078590 893.1
1078600 898.0
1078610 902.3
1078620 902.3
1078630 904.9
1078640 909.2
1078650 909.2
1078660 916.6
1078670 922.8
1078680 922.8
1078690 929.6
1078700 946.2
1078710 946.2
1078720 953.0
1078730 957.9
1078740 957.9
1078750 962.4
1078760 966.5
1078770 970.4
1078780 970.4
1078790 974.1
1078800 977.6
1078810 977.6
1078820 980.8
1078830 983.9
1078840 983.9
1078850 986.7
1078860 990.8
1078870 990.8
1078880 994.5
1078890 997.0
1078900 997.0
1078910 1002.0
1078920 1005.5
1078930 1005.5
1078940 1008.6
1078950 1011.7
1078960 1011.7
1078970 1014.8
1078980 1018.1
1078990 1018.1
1079000 1022.2
1079010 1025.4
1079020 1032.5
1079030 1036.2
1079040 1039.4
1079050 1043.5
1079060 1043.5
1079070 1046.7
1079080 1047.3
1079090 1047.3
1079100 1048.1
1079110 1057.0
1079120 1057.0
1079130 1063.6
1079140 1069.1
1079150 1069.1
1079160 1074.6
1079170 1079.9
1079180 1079.9
1079190 1084.8
1079200 1092.3
1079210 1092.3
1079220 1103.4
1079230 1110.6
1079240 1110.6
1079250 1117.2
1079260 1119.8
1079270 1119.8
1079280 1119.9
1079290 1119.8
1079300 1119.8
1079310 1120.9
1079320 1123.0
1079330 1132.4
1079340 1134.1
1079350 1136.3
1079360 1140.0
1079370 1140.0
1079380 1144.3
1079390 1148.6
1079400 1148.6
1079410 1151.6
1079420 1153.7
1079430 1153.7
1079440 1154.5
1079450 1155.6
1079460 1155.6
1079470 1157.3
1079480 1158.2
1079490 1158.2
1079500 1159.2
1079510 1161.4
1079520 1161.4
1079530 1162.9
1079540 1162.8
1079550 1162.8
1079560 1164.0
1079570 1166.8
1079580 1166.8
1079590 1168.8
1079600 1168.0
1079610 1168.0
1079620 1165.8
1079630 1163.4
1079640 1161.6
1079650 1156.6
1079660 1155.4
1079670 1154.3
1079680 1154.3
1079690 1155.5
1079700 1159.2
1079710 1159.2
1079720 1161.5
1079730 1161.9
1079740 1161.9
1079750 1161.0
1079760 1159.6
1079770 1159.6
1079780 1158.2
1079790 1157.1
1079800 1157.1
1079810 1156.2
1079820 1155.4
1079830 1155.4
1079840 1155.1
1079850 1155.2
1079860 1155.2
1079870 1155.2
1079880 1154.7
1079890 1154.7
1079900 1153.9
1079910 1153.3
1079920 1152.2
1079930 1152.2
1079940 1149.5
1079950 1147.0
1079960 1141.4
1079970 1138.7
1079980 1136.3
1079990 1136.3
