1065940 421.0
1065950 421.0
1065960 420.9
1065970 420.7
1065980 420.7
1065990 420.6
1066000 420.8
1066010 420.8
1066020 421.0
1066030 421.5
1066040 421.5
1066050 422.5
1066060 421.9
1066070 421.9
1066080 421.5
1066090 421.6
1066100 421.6
1066110 421.6
1066120 421.7
1066130 421.7
1066140 421.8
1066150 421.7
1066160 421.7
1066170 421.4
1066180 421.2
1066190 421.2
1066200 421.2
1066210 421.1
1066220 421.2
1066230 421.2
1066240 421.2
1066250 421.2
1066260 421.2
1066270 421.1
1066280 421.0
1066290 421.0
1066300 421.0
1066310 421.1
1066320 421.1
1066330 421.1
1066340 420.9
1066350 420.9
1066360 421.0
1066370 421.7
1066380 421.7
1066390 424.6
1066400 427.1
1066410 427.1
1066420 426.1
1066430 424.6
1066440 424.6
1066450 424.5
1066460 424.5
1066470 424.4
1066480 424.4
1066490 424.3
1066500 424.3
1066510 424.3
1066520 424.2
1066530 424.1
1066540 424.1
1066550 424.1
1066560 424.1
1066570 424.2
1066580 424.1
1066590 423.2
1066600 423.2
1066610 422.6
1066620 420.6
1066630 420.6
1066640 418.5
1066650 418.4
1066660 418.4
1066670 418.4
1066680 418.1
1066690 418.1
1066700 417.9
1066710 417.9
1066720 417.9
1066730 417.8
1066740 417.9
1066750 417.8
1066760 417.8
1066770 417.8
1066780 418.7
1066790 418.7
1066800 423.0
1066810 424.1
1066820 424.1
1066830 423.9
1066840 423.9
1066850 423.9
1066860 423.9
1066870 423.9
1066880 423.9
1066890 424.0
1066900 424.0
1066910 424.0
1066920 424.1
1066930 424.1
1066940 424.1
1066950 424.1
1066960 424.2
1066970 424.2
1066980 424.3
1066990 424.3
1067000 424.3
1067010 424.4
1067020 424.5
1067030 424.5
1067040 424.5
1067050 424.5
1067060 424.5
1067070 424.5
1067080 424.8
1067090 426.4
1067100 426.4
1067110 425.9
1067120 424.3
1067130 424.3
1067140 424.2
1067150 424.3
1067160 424.3
1067170 424.5
1067180 424.2
1067190 424.2
1067200 424.0
1067210 423.9
1067220 423.9
1067230 423.8
1067240 423.8
1067250 423.8
1067260 423.4
1067270 423.3
1067280 423.3
1067290 423.0
1067300 422.5
1067310 422.5
1067320 422.3
1067330 422.2
1067340 422.2
1067350 422.2
1067360 422.2
1067370 422.1
1067380 422.1
1067390 422.2
1067400 422.3
1067410 422.3
1067420 422.1
1067430 422.2
1067440 422.2
1067450 422.2
1067460 422.0
1067470 422.0
1067480 422.0
1067490 422.0
1067500 422.0
1067510 422.0
1067520 422.0
1067530 422.0
1067540 421.9
1067550 421.9
1067560 421.9
1067570 422.0
1067580 422.0
1067590 422.0
1067600 422.1
1067610 422.1
1067620 422.3
1067630 422.3
1067640 422.4
1067650 422.6
1067660 422.6
1067670 422.7
1067680 422.6
1067690 422.6
1067700 422.6
1067710 422.6
1067720 422.6
1067730 422.6
1067740 422.8
1067750 422.8
1067760 422.8
1067770 422.4
1067780 422.4
1067790 421.3
1067800 422.5
1067810 422.5
1067820 422.8
1067830 422.7
1067840 422.7
1067850 422.6
1067860 422.6
1067870 422.6
1067880 422.7
1067890 422.8
1067900 422.8
1067910 422.9
1067920 422.9
1067930 422.9
1067940 422.9
1067950 422.9
1067960 422.9
1067970 422.9
1067980 423.1
1067990 423.5
1068000 423.5
1068010 423.6
1068020 423.5
1068030 423.5
1068040 423.4
1068050 423.4
1068060 423.4
1068070 423.4
1068080 423.5
1068090 423.5
1068100 423.4
1068110 423.5
1068120 423.5
1068130 423.5
1068140 423.5
1068150 423.5
1068160 423.6
1068170 423.7
1068180 423.7
1068190 423.8
1068200 423.9
1068210 424.1
1068220 424.1
1068230 424.2
1068240 424.3
1068250 424.3
1068260 424.5
1068270 424.5
1068280 424.5
1068290 424.7
1068300 424.9
1068310 424.9
1068320 424.8
1068330 424.9
1068340 424.9
1068350 425.0
1068360 425.0
1068370 425.0
1068380 425.1
1068390 425.0
1068400 424.9
1068410 424.9
1068420 425.0
1068430 425.0
1068440 425.1
1068450 425.3
1068460 425.3
1068470 425.3
1068480 425.4
1068490 425.4
1068500 425.4
1068510 425.7
1068520 426.0
1068530 426.0
1068540 426.2
1068550 426.9
1068560 426.9
1068570 427.9
1068580 428.9
1068590 428.9
1068600 429.6
1068610 429.8
1068620 429.8
1068630 429.7
1068640 429.4
1068650 429.4
1068660 429.0
1068670 428.6
1068680 428.6
1068690 428.2
1068700 427.9
1068710 430.3
1068720 430.4
1068730 430.4
1068740 430.4
1068750 430.2
1068760 429.8
1068770 429.8
1068780 429.8
1068790 429.8
1068800 429.6
1068810 429.6
1068820 429.0
1068830 428.4
1068840 428.4
1068850 427.8
1068860 427.2
1068870 427.2
1068880 427.0
1068890 426.7
1068900 426.7
1068910 426.3
1068920 426.2
1068930 426.2
1068940 426.2
1068950 426.1
1068960 426.1
1068970 426.1
1068980 426.2
1068990 426.2
1069000 426.3
1069010 426.4
1069020 426.9
1069030 426.8
1069040 426.7
1069050 426.7
1069060 426.6
1069070 426.6
1069080 426.4
1069090 426.4
1069100 425.6
1069110 425.5
1069120 425.5
1069130 425.8
1069140 426.6
1069150 426.6
1069160 428.5
1069170 428.7
1069180 428.7
1069190 428.7
1069200 428.8
1069210 428.8
1069220 428.8
1069230 428.8
1069240 428.8
1069250 428.9
1069260 429.2
1069270 429.2
1069280 429.6
1069290 429.9
1069300 429.9
1069310 430.4
1069320 429.8
1069330 429.8
1069340 430.4
1069350 430.8
1069360 431.3
1069370 431.3
1069380 431.9
1069390 432.7
1069400 432.7
1069410 433.3
1069420 433.3
1069430 433.3
1069440 432.6
1069450 431.6
1069460 431.6
1069470 430.7
1069480 430.4
1069490 430.4
1069500 430.5
1069510 430.7
1069520 430.7
1069530 430.7
1069540 430.6
1069550 430.6
1069560 430.5
1069570 430.4
1069580 430.4
1069590 430.2
1069600 430.1
1069610 430.1
1069620 430.0
1069630 430.1
1069640 430.1
1069650 430.1
1069660 430.1
1069670 430.6
1069680 430.6
1069690 431.1
1069700 431.2
1069710 431.2
1069720 430.3
1069730 429.3
1069740 429.3
1069750 428.9
1069760 428.9
1069770 428.9
1069780 429.0
1069790 429.0
1069800 429.0
1069810 429.0
1069820 429.3
1069830 429.3
1069840 429.6
1069850 430.0
1069860 430.0
1069870 429.9
1069880 430.0
1069890 430.0
1069900 430.0
1069910 429.8
1069920 429.8
1069930 430.0
1069940 430.2
1069950 430.4
1069960 430.4
1069970 430.4
1069980 430.5
1069990 430.5
1070000 430.6
1070010 430.8
1070020 430.8
1070030 430.9
1070040 431.0
1070050 431.0
1070060 431.2
1070070 431.2
1070080 431.2
1070090 431.1
1070100 431.2
1070110 431.2
1070120 431.3
1070130 431.3
1070140 431.3
1070150 431.3
1070160 431.5
1070170 431.5
1070180 431.6
1070190 431.7
1070200 431.7
1070210 431.7
1070220 431.9
1070230 432.0
1070240 432.1
1070250 432.2
1070260 432.4
1070270 432.4
1070280 432.4
1070290 432.5
1070300 432.5
1070310 432.6
1070320 432.6
1070330 432.6
1070340 432.8
1070350 432.9
1070360 432.9
1070370 432.8
1070380 432.8
1070390 432.8
1070400 432.6
1070410 432.5
1070420 432.5
1070430 432.7
1070440 432.8
1070450 432.8
1070460 432.9
1070470 432.9
1070480 432.9
1070490 432.8
1070500 432.6
1070510 432.7
1070520 432.7
1070530 432.7
1070540 432.9
1070550 432.6
1070560 432.7
1070570 432.7
1070580 432.7
1070590 432.9
1070600 433.1
1070610 433.1
1070620 433.3
1070630 433.4
1070640 433.4
1070650 433.5
1070660 433.6
1070670 433.6
1070680 433.6
1070690 433.6
1070700 433.6
1070710 433.7
1070720 433.5
1070730 433.5
1070740 433.3
1070750 433.6
1070760 433.6
1070770 434.0
1070780 434.0
1070790 434.7
1070800 434.7
1070810 435.0
1070820 435.1
1070830 435.1
1070840 435.1
1070850 435.0
1070860 435.3
1070870 435.3
1070880 435.2
1070890 435.2
1070900 435.2
1070910 435.1
1070920 435.1
1070930 435.2
1070940 435.2
1070950 435.2
1070960 435.2
1070970 435.4
1070980 435.4
1070990 435.9
1071000 437.5
1071010 437.5
1071020 440.2
1071030 440.2
1071040 440.2
1071050 440.1
1071060 439.3
1071070 439.3
1071080 436.6
1071090 436.2
1071100 436.4
1071110 436.4
1071120 436.2
1071130 436.3
1071140 436.3
1071150 436.5
1071160 436.8
1071170 436.8
1071180 437.1
1071190 437.5
1071200 437.5
1071210 437.1
1071220 437.2
1071230 437.2
1071240 437.2
1071250 437.4
1071260 437.4
1071270 437.5
1071280 437.6
1071290 437.6
1071300 438.6
1071310 440.9
1071320 440.9
1071330 443.0
1071340 445.7
1071350 445.7
1071360 446.8
1071370 446.8
1071380 446.4
1071390 446.4
1071400 447.2
1071410 448.2
1071420 448.2
1071430 449.0
1071440 449.1
1071450 449.1
1071460 450.5
1071470 452.0
1071480 449.2
1071490 450.0
1071500 450.6
1071510 450.6
1071520 451.1
1071530 453.0
1071540 453.0
1071550 454.0
1071560 454.4
1071570 454.4
1071580 454.9
1071590 455.5
1071600 455.5
1071610 456.7
1071620 459.1
1071630 459.1
1071640 462.5
1071650 464.5
1071660 464.5
1071670 464.5
1071680 467.0
1071690 469.5
1071700 469.5
1071710 473.6
1071720 475.5
1071730 475.5
1071740 475.8
1071750 477.7
1071760 477.7
1071770 481.4
1071780 477.6
1071790 477.6
1071800 477.8
1071810 480.1
1071820 480.1
1071830 482.6
1071840 482.9
1071850 482.9
1071860 484.8
1071870 484.4
1071880 484.4
1071890 483.3
1071900 485.0
1071910 485.0
1071920 485.3
1071930 483.0
1071940 483.0
1071950 483.1
1071960 483.3
1071970 485.1
1071980 485.1
1071990 484.3
1072000 481.9
1072010 481.9
1072020 480.1
1072030 479.1
1072040 479.1
1072050 479.2
1072060 479.9
1072070 479.9
1072080 480.3
1072090 476.2
1072100 476.2
1072110 476.3
1072120 475.2
1072130 475.2
1072140 474.1
1072150 474.2
1072160 474.2
1072170 474.2
1072180 473.5
1072190 473.5
1072200 471.3
1072210 470.5
1072220 470.5
1072230 469.0
1072240 467.1
1072250 466.2
1072260 466.2
1072270 465.3
1072280 463.8
1072290 463.8
1072300 461.5
1072310 457.6
1072320 457.6
1072330 453.6
1072340 452.8
1072350 452.8
1072360 451.8
1072370 451.1
1072380 451.1
1072390 450.5
1072400 449.6
1072410 449.6
1072420 449.9
1072430 450.1
1072440 450.1
1072450 450.3
1072460 450.4
1072470 450.4
1072480 450.3
1072490 450.4
1072500 450.4
1072510 450.4
1072520 450.4
1072530 450.7
1072540 450.7
1072550 451.1
1072560 451.4
1072570 451.4
1072580 451.5
1072590 451.7
1072600 451.7
1072610 452.6
1072620 453.5
1072630 453.5
1072640 454.2
1072650 454.5
1072660 454.5
1072670 455.1
1072680 454.7
1072690 454.7
1072700 454.2
1072710 452.7
1072720 452.7
1072730 452.4
1072740 452.4
1072750 452.4
1072760 452.4
1072770 452.4
1072780 452.4
1072790 452.5
1072800 452.6
1072810 452.6
1072820 452.6
1072830 452.6
1072840 452.8
1072850 452.8
1072860 453.0
1072870 453.4
1072880 453.4
1072890 454.1
1072900 455.3
1072910 455.3
1072920 456.3
1072930 456.8
1072940 456.8
1072950 457.2
1072960 457.9
1072970 457.9
1072980 459.0
1072990 459.9
1073000 459.9
1073010 460.7
1073020 460.4
1073030 460.4
1073040 460.8
1073050 461.3
1073060 461.3
1073070 461.7
1073080 462.4
1073090 462.4
1073100 462.9
1073110 463.7
1073120 465.7
1073130 465.7
1073140 467.6
1073150 469.7
1073160 469.7
1073170 471.3
1073180 473.1
1073190 473.1
1073200 475.3
1073210 477.9
1073220 477.9
1073230 480.1
1073240 481.4
1073250 481.4
1073260 485.2
1073270 487.2
1073280 487.2
1073290 488.6
1073300 491.3
1073310 491.3
1073320 494.5
1073330 494.7
1073340 494.7
1073350 496.5
1073360 496.6
1073370 496.6
1073380 496.7
1073390 497.2
1073400 498.0
1073410 498.0
1073420 499.3
1073430 500.6
1073440 500.6
1073450 501.9
1073460 502.9
1073470 502.9
1073480 503.6
1073490 505.3
1073500 505.3
1073510 506.5
1073520 507.1
1073530 507.1
1073540 506.7
1073550 506.6
1073560 506.6
1073570 506.7
1073580 507.3
1073590 507.3
1073600 509.3
1073610 514.2
1073620 514.2
1073630 514.5
1073640 508.5
1073650 508.5
1073660 507.4
1073670 506.7
1073680 506.1
1073690 506.1
1073700 505.1
1073710 504.1
1073720 504.1
1073730 503.5
1073740 501.9
1073750 501.9
1073760 500.6
1073770 499.4
1073780 499.4
1073790 499.1
1073800 499.8
1073810 499.8
1073820 498.0
1073830 497.6
1073840 497.6
1073850 498.3
1073860 500.0
1073870 500.0
1073880 500.3
1073890 500.3
1073900 500.3
1073910 498.9
1073920 498.0
1073930 498.0
1073940 497.3
1073950 495.6
1073960 496.1
1073970 496.1
1073980 496.4
1073990 497.0
1074000 497.0
1074010 496.7
1074020 495.3
1074030 495.3
1074040 495.0
1074050 495.3
1074060 495.3
1074070 495.5
1074080 495.9
1074090 495.9
1074100 495.9
1074110 496.5
1074120 496.5
1074130 498.3
1074140 500.5
1074150 500.5
1074160 501.0
1074170 501.3
1074180 501.3
1074190 501.8
1074200 502.5
1074210 502.5
1074220 503.4
1074230 503.9
1074240 503.9
1074250 504.6
1074260 504.7
1074270 505.8
1074280 505.8
1074290 505.9
1074300 506.0
1074310 506.0
1074320 506.1
1074330 505.8
1074340 505.8
1074350 505.5
1074360 505.3
1074370 505.3
1074380 505.8
1074390 506.4
1074400 506.4
1074410 507.4
1074420 507.9
1074430 507.9
1074440 507.9
1074450 507.4
1074460 507.4
1074470 504.6
1074480 502.4
1074490 502.4
1074500 501.0
1074510 500.6
1074520 500.6
1074530 500.6
1074540 499.7
1074550 499.5
1074560 499.5
1074570 499.9
1074580 500.6
1074590 500.6
1074600 501.9
1074610 502.9
1074620 502.9
1074630 502.3
1074640 503.2
1074650 503.2
1074660 504.7
1074670 506.8
1074680 506.8
1074690 508.8
1074700 510.8
1074710 510.8
1074720 516.1
1074730 519.1
1074740 519.1
1074750 521.7
1074760 524.8
1074770 524.8
1074780 527.2
1074790 528.6
1074800 528.6
1074810 530.1
1074820 531.6
1074830 532.8
1074840 532.8
1074850 533.7
1074860 534.3
1074870 534.3
1074880 534.3
1074890 535.6
1074900 535.6
1074910 536.6
1074920 537.8
1074930 537.8
1074940 539.4
1074950 541.2
1074960 541.2
1074970 544.0
1074980 548.8
1074990 548.8
1075000 553.2
1075010 557.4
1075020 557.4
1075030 562.3
1075040 567.4
1075050 567.4
1075060 573.3
1075070 580.2
1075080 580.2
1075090 587.0
1075100 594.9
1075110 602.3
1075120 602.3
1075130 610.2
1075140 613.7
1075150 613.7
1075160 612.0
1075170 610.3
1075180 610.3
1075190 615.1
1075200 612.8
1075210 612.8
1075220 613.9
1075230 617.9
1075240 617.9
1075250 623.5
1075260 630.2
1075270 630.2
1075280 636.9
1075290 643.6
1075300 643.6
1075310 649.9
1075320 655.9
1075330 655.9
1075340 662.0
1075350 666.4
1075360 666.4
1075370 669.4
1075380 672.2
1075390 672.2
1075400 674.5
1075410 676.6
1075420 678.6
1075430 678.6
1075440 680.6
1075450 681.9
1075460 681.9
1075470 682.2
1075480 681.6
1075490 681.6
1075500 682.0
1075510 680.7
1075520 680.7
1075530 682.0
1075540 682.4
1075550 682.4
1075560 683.3
1075570 684.0
1075580 684.0
1075590 684.2
1075600 683.9
1075610 683.9
1075620 682.4
1075630 680.7
1075640 680.7
1075650 679.5
1075660 679.0
1075670 679.0
1075680 679.8
1075690 680.2
1075700 680.3
1075710 680.3
1075720 681.2
1075730 682.5
1075740 682.5
1075750 684.0
1075760 685.7
1075770 685.7
1075780 687.5
1075790 690.1
1075800 690.1
1075810 694.4
1075820 700.7
1075830 700.7
1075840 707.9
1075850 715.4
1075860 715.4
1075870 723.7
1075880 736.7
1075890 736.7
1075900 746.9
1075910 756.0
1075920 756.0
1075930 757.7
1075940 757.2
1075950 757.2
1075960 757.9
1075970 759.2
1075980 759.6
1075990 759.6
1076000 753.1
1076010 742.3
1076020 742.3
1076030 733.5
1076040 725.4
1076050 725.4
1076060 718.2
1076070 710.5
1076080 710.5
1076090 702.5
1076100 695.1
1076110 695.1
1076120 687.7
1076130 678.5
1076140 678.5
1076150 676.8
1076160 676.8
1076170 676.8
1076180 680.8
1076190 687.7
1076200 687.7
1076210 694.5
1076220 701.7
1076230 701.7
1076240 708.3
1076250 715.1
1076260 723.2
1076270 723.2
1076280 733.8
1076290 746.0
1076300 746.0
1076310 759.5
1076320 769.8
1076330 769.8
1076340 777.7
1076350 783.3
1076360 783.3
1076370 786.0
1076380 788.2
1076390 788.2
1076400 792.1
1076410 797.5
1076420 797.5
1076430 803.3
1076440 809.8
1076450 809.8
1076460 812.6
1076470 813.1
1076480 813.1
1076490 813.0
1076500 812.6
1076510 812.6
1076520 811.9
1076530 810.4
1076540 810.4
1076550 809.2
1076560 807.5
1076570 804.6
1076580 804.6
1076590 801.1
1076600 797.4
1076610 797.4
1076620 793.5
1076630 790.4
1076640 790.4
1076650 787.4
1076660 784.3
1076670 784.3
1076680 781.5
1076690 778.5
1076700 778.5
1076710 775.7
1076720 773.1
1076730 773.1
1076740 770.4
1076750 759.8
1076760 759.8
1076770 759.9
1076780 759.8
1076790 759.8
1076800 757.9
1076810 754.4
1076820 754.4
1076830 751.8
1076840 749.5
1076850 746.8
1076860 746.8
1076870 743.9
1076880 739.9
1076890 739.9
1076900 738.4
1076910 736.4
1076920 736.4
1076930 733.0
1076940 729.5
1076950 729.5
1076960 725.0
1076970 720.7
1076980 720.7
1076990 715.1
1077000 710.0
1077010 710.0
1077020 710.0
1077030 708.3
1077040 708.3
1077050 705.6
1077060 701.2
1077070 692.8
1077080 685.7
1077090 682.1
1077100 682.1
1077110 690.5
1077120 689.6
1077130 686.2
1077140 686.2
1077150 681.3
1077160 677.8
1077170 677.8
1077180 673.1
1077190 669.1
1077200 669.1
1077210 668.3
1077220 668.6
1077230 668.6
1077240 668.9
1077250 669.3
1077260 669.3
1077270 669.6
1077280 670.4
1077290 670.4
1077300 673.1
1077310 677.8
1077320 677.8
1077330 686.5
1077340 693.1
1077350 693.1
1077360 698.1
1077370 704.0
1077380 712.7
1077390 717.5
1077400 721.6
1077410 724.0
1077420 724.0
1077430 726.7
1077440 728.1
1077450 728.1
1077460 728.7
1077470 731.0
1077480 731.0
1077490 734.5
1077500 736.8
1077510 736.8
1077520 735.5
1077530 733.6
1077540 733.6
1077550 731.9
1077560 733.1
1077570 733.1
1077580 738.9
1077590 741.8
1077600 741.8
1077610 744.8
1077620 747.2
1077630 747.2
1077640 747.9
1077650 745.7
1077660 745.7
1077670 743.7
1077680 752.1
1077690 753.6
1077700 759.6
1077710 759.0
1077720 758.8
1077730 758.8
1077740 764.6
1077750 769.3
1077760 769.3
1077770 775.8
1077780 781.6
1077790 781.6
1077800 784.1
1077810 785.6
1077820 785.6
1077830 786.8
1077840 787.3
1077850 787.3
1077860 786.5
1077870 786.0
1077880 786.0
1077890 786.4
1077900 787.2
1077910 787.2
1077920 789.8
1077930 792.4
1077940 792.4
1077950 795.7
1077960 799.1
1077970 799.1
1077980 803.2
1077990 807.2
1078000 810.1
1078010 816.7
1078020 819.3
1078030 822.8
1078040 822.8
1078050 822.9
1078060 820.5
1078070 820.5
1078080 833.1
1078090 843.6
1078100 843.6
1078110 847.4
1078120 849.5
1078130 849.5
1078140 852.4
1078150 857.9
1078160 857.9
1078170 863.5
1078180 868.2
1078190 868.2
1078200 872.8
1078210 876.8
1078220 876.8
1078230 881.5
1078240 886.2
1078250 886.2
1078260 890.1
1078270 893.4
1078280 897.3
1078290 897.3
1078300 900.8
1078310 904.3
1078320 909.6
1078330 913.5
1078340 917.6
1078350 917.6
1078360 922.0
1078370 925.6
1078380 925.6
1078390 928.1
1078400 930.0
1078410 930.0
1078420 930.5
1078430 934.2
1078440 934.2
1078450 939.6
1078460 943.9
1078470 943.9
1078480 947.8
1078490 952.3
1078500 952.3
1078510 958.6
1078520 964.4
1078530 964.4
1078540 970.2
1078550 975.7
1078560 981.3
1078570 981.3
1078580 986.9
1078590 992.3
1078600 992.3
1078610 997.5
1078620 1002.6
1078630 1008.3
1078640 1013.2
1078650 1017.7
1078660 1017.7
1078670 1022.3
1078680 1027.0
1078690 1027.0
1078700 1032.6
1078710 1038.4
1078720 1038.4
1078730 1044.0
1078740 1049.8
1078750 1049.8
1078760 1055.7
1078770 1061.5
1078780 1061.5
1078790 1067.2
1078800 1072.6
1078810 1072.6
1078820 1078.0
1078830 1083.0
1078840 1087.9
1078850 1087.9
1078860 1090.4
1078870 1092.1
1078880 1092.1
1078890 1099.9
1078900 1108.7
1078910 1108.7
1078920 1119.4
1078930 1125.9
1078940 1125.9
1078950 1133.4
1078960 1138.6
1078970 1138.6
1078980 1143.7
1078990 1149.1
1079000 1149.1
1079010 1153.0
1079020 1156.4
1079030 1156.4
1079040 1158.5
1079050 1158.3
1079060 1158.3
1079070 1157.0
1079080 1156.2
1079090 1156.2
1079100 1156.8
1079110 1157.6
1079120 1157.6
1079130 1157.7
1079140 1155.8
1079150 1153.3
1079160 1153.3
1079170 1151.2
1079180 1148.5
1079190 1148.5
1079200 1146.8
1079210 1145.0
1079220 1145.0
1079230 1142.5
1079240 1140.5
1079250 1140.5
1079260 1134.9
1079270 1132.7
1079280 1132.7
1079290 1130.9
1079300 1129.2
1079310 1129.2
1079320 1126.8
1079330 1124.6
1079340 1124.6
1079350 1122.0
1079360 1120.9
1079370 1120.9
1079380 1120.9
1079390 1120.7
1079400 1120.7
1079410 1120.3
1079420 1117.6
1079430 1113.8
1079440 1113.8
1079450 1108.9
1079460 1103.3
1079470 1103.3
1079480 1100.3
1079490 1098.5
1079500 1098.5
1079510 1097.7
1079520 1096.8
1079530 1096.8
1079540 1095.7
1079550 1094.1
1079560 1094.1
1079570 1087.1
1079580 1085.2
1079590 1085.2
1079600 1084.4
1079610 1083.8
1079620 1083.8
1079630 1083.1
1079640 1082.8
1079650 1082.8
1079660 1083.4
1079670 1084.0
1079680 1084.0
1079690 1084.7
1079700 1085.6
1079710 1085.4
1079720 1085.4
1079730 1085.7
1079740 1086.8
1079750 1086.8
1079760 1086.4
1079770 1084.5
1079780 1084.5
1079790 1083.6
1079800 1082.3
1079810 1082.3
1079820 1080.9
1079830 1079.0
1079840 1079.0
1079850 1076.6
1079860 1075.1
1079870 1075.1
1079880 1073.0
1079890 1063.0
1079900 1063.0
1079910 1058.4
1079920 1055.9
1079930 1055.9
1079940 1056.3
1079950 1060.3
1079960 1060.3
1079970 1064.9
1079980 1067.5
1079990 1070.1
