1066780 420.1
1066790 420.1
1066800 420.3
1066810 420.7
1066820 420.7
1066830 420.9
1066840 421.0
1066850 421.0
1066860 421.0
1066870 421.1
1066880 421.1
1066890 421.0
1066900 421.0
1066910 421.0
1066920 421.3
1066930 421.8
1066940 422.0
1066950 422.2
1066960 422.6
1066970 422.6
1066980 423.8
1066990 422.6
1067000 422.6
1067010 421.8
1067020 424.1
1067030 424.1
1067040 425.9
1067050 424.7
1067060 423.2
1067070 423.2
1067080 423.1
1067090 423.0
1067100 423.0
1067110 423.0
1067120 422.9
1067130 422.9
1067140 422.9
1067150 422.8
1067160 422.8
1067170 422.7
1067180 422.6
1067190 422.6
1067200 422.6
1067210 422.6
1067220 422.6
1067230 422.6
1067240 422.9
1067250 422.9
1067260 421.7
1067270 418.4
1067280 418.4
1067290 416.9
1067300 416.9
1067310 416.9
1067320 416.9
1067330 416.9
1067340 416.9
1067350 416.9
1067360 416.9
1067370 416.9
1067380 416.9
1067390 416.9
1067400 418.6
1067410 418.6
1067420 421.9
1067430 422.9
1067440 422.9
1067450 423.2
1067460 423.2
1067470 423.2
1067480 423.2
1067490 420.9
1067500 420.9
1067510 417.4
1067520 417.2
1067530 417.2
1067540 417.3
1067550 420.6
1067560 420.6
1067570 423.7
1067580 426.0
1067590 426.0
1067600 425.9
1067610 423.4
1067620 422.1
1067630 422.1
1067640 421.9
1067650 421.9
1067660 421.9
1067670 421.8
1067680 421.5
1067690 421.5
1067700 421.3
1067710 421.3
1067720 421.3
1067730 421.3
1067740 421.5
1067750 421.5
1067760 421.5
1067770 421.5
1067780 421.5
1067790 421.7
1067800 421.9
1067810 421.9
1067820 422.1
1067830 422.2
1067840 422.2
1067850 422.2
1067860 422.0
1067870 422.0
1067880 422.1
1067890 421.7
1067900 421.7
1067910 419.5
1067920 421.6
1067930 421.7
1067940 421.7
1067950 421.8
1067960 423.8
1067970 423.8
1067980 423.6
1067990 420.9
1068000 420.9
1068010 419.9
1068020 419.7
1068030 419.7
1068040 419.8
1068050 419.6
1068060 419.6
1068070 419.7
1068080 419.7
1068090 419.7
1068100 419.6
1068110 419.5
1068120 419.5
1068130 419.7
1068140 419.6
1068150 419.6
1068160 419.3
1068170 419.3
1068180 419.3
1068190 419.4
1068200 419.3
1068210 419.2
1068220 419.2
1068230 419.1
1068240 419.1
1068250 419.1
1068260 419.1
1068270 419.0
1068280 419.0
1068290 419.0
1068300 419.1
1068310 419.1
1068320 419.0
1068330 419.4
1068340 419.4
1068350 419.7
1068360 419.9
1068370 419.9
1068380 420.0
1068390 419.7
1068400 419.7
1068410 419.7
1068420 419.6
1068430 419.6
1068440 419.7
1068450 419.8
1068460 420.2
1068470 420.3
1068480 420.6
1068490 420.5
1068500 420.5
1068510 420.2
1068520 420.2
1068530 420.2
1068540 420.3
1068550 420.5
1068560 420.5
1068570 420.4
1068580 420.1
1068590 420.1
1068600 420.0
1068610 420.0
1068620 420.0
1068630 420.2
1068640 420.9
1068650 420.9
1068660 421.0
1068670 420.5
1068680 420.5
1068690 420.4
1068700 420.4
1068710 420.4
1068720 420.6
1068730 420.5
1068740 420.5
1068750 420.3
1068760 420.3
1068770 420.7
1068780 420.8
1068790 420.8
1068800 420.8
1068810 420.8
1068820 420.6
1068830 420.6
1068840 420.6
1068850 420.7
1068860 420.7
1068870 420.7
1068880 420.4
1068890 420.4
1068900 420.4
1068910 420.5
1068920 420.6
1068930 420.6
1068940 420.5
1068950 420.4
1068960 420.4
1068970 420.1
1068980 419.9
1068990 419.9
1069000 419.9
1069010 419.9
1069020 419.9
1069030 419.9
1069040 419.9
1069050 419.9
1069060 420.1
1069070 420.2
1069080 420.3
1069090 420.3
1069100 420.3
1069110 420.4
1069120 420.4
1069130 420.6
1069140 420.8
1069150 420.8
1069160 420.8
1069170 420.9
1069180 420.9
1069190 421.8
1069200 422.1
1069210 422.1
1069220 422.2
1069230 422.3
1069240 422.3
1069250 422.4
1069260 422.5
1069270 422.5
1069280 422.5
1069290 422.6
1069300 422.6
1069310 422.6
1069320 422.6
1069330 422.6
1069340 422.6
1069350 422.6
1069360 422.7
1069370 422.7
1069380 422.8
1069390 422.7
1069400 422.7
1069410 422.3
1069420 422.3
1069430 422.3
1069440 422.1
1069450 422.1
1069460 422.1
1069470 422.1
1069480 422.0
1069490 422.0
1069500 421.8
1069510 421.9
1069520 421.9
1069530 422.0
1069540 422.1
1069550 422.1
1069560 422.3
1069570 421.8
1069580 421.8
1069590 421.6
1069600 421.8
1069610 421.8
1069620 421.9
1069630 422.0
1069640 422.0
1069650 421.9
1069660 421.9
1069670 421.9
1069680 421.9
1069690 421.9
1069700 421.9
1069710 421.9
1069720 421.9
1069730 421.9
1069740 421.9
1069750 421.9
1069760 422.0
1069770 422.0
1069780 422.0
1069790 422.0
1069800 422.0
1069810 422.1
1069820 422.7
1069830 422.7
1069840 423.7
1069850 423.2
1069860 423.2
1069870 422.9
1069880 422.8
1069890 422.8
1069900 422.9
1069910 423.0
1069920 423.0
1069930 423.1
1069940 423.1
1069950 423.2
1069960 423.2
1069970 423.2
1069980 423.2
1069990 423.2
1070000 423.0
1070010 423.2
1070020 423.2
1070030 423.4
1070040 424.0
1070050 424.0
1070060 424.7
1070070 425.1
1070080 425.1
1070090 425.3
1070100 425.4
1070110 425.4
1070120 425.3
1070130 425.1
1070140 425.1
1070150 424.8
1070160 425.4
1070170 425.4
1070180 426.0
1070190 426.3
1070200 426.3
1070210 426.6
1070220 426.7
1070230 426.7
1070240 426.7
1070250 426.8
1070260 426.8
1070270 426.8
1070280 426.7
1070290 426.8
1070300 426.8
1070310 427.0
1070320 427.2
1070330 427.2
1070340 427.4
1070350 427.6
1070360 427.6
1070370 427.8
1070380 428.0
1070390 428.0
1070400 428.0
1070410 427.9
1070420 427.9
1070430 427.9
1070440 428.1
1070450 428.1
1070460 428.3
1070470 428.6
1070480 428.6
1070490 428.7
1070500 428.8
1070510 428.8
1070520 428.5
1070530 428.1
1070540 428.2
1070550 428.2
1070560 428.3
1070570 428.4
1070580 428.4
1070590 428.6
1070600 428.6
1070610 428.7
1070620 428.7
1070630 429.1
1070640 429.1
1070650 429.3
1070660 429.1
1070670 429.1
1070680 429.3
1070690 429.3
1070700 429.3
1070710 429.3
1070720 429.1
1070730 429.1
1070740 429.1
1070750 429.1
1070760 429.1
1070770 429.0
1070780 429.1
1070790 429.1
1070800 429.2
1070810 429.2
1070820 429.2
1070830 429.2
1070840 429.2
1070850 429.2
1070860 429.2
1070870 429.3
1070880 429.3
1070890 429.3
1070900 429.4
1070910 429.4
1070920 429.5
1070930 429.5
1070940 429.5
1070950 429.5
1070960 429.5
1070970 429.7
1070980 429.7
1070990 429.7
1071000 429.5
1071010 429.5
1071020 429.5
1071030 429.3
1071040 429.3
1071050 429.3
1071060 429.1
1071070 429.1
1071080 429.2
1071090 429.0
1071100 429.0
1071110 429.0
1071120 429.0
1071130 429.2
1071140 429.2
1071150 429.2
1071160 429.4
1071170 429.4
1071180 431.7
1071190 430.5
1071200 430.5
1071210 430.5
1071220 430.3
1071230 430.3
1071240 429.5
1071250 430.5
1071260 430.5
1071270 429.4
1071280 428.8
1071290 428.8
1071300 428.9
1071310 428.8
1071320 428.8
1071330 428.9
1071340 428.9
1071350 428.9
1071360 428.8
1071370 428.8
1071380 428.8
1071390 428.8
1071400 428.7
1071410 428.6
1071420 428.6
1071430 428.6
1071440 428.5
1071450 428.5
1071460 428.5
1071470 428.5
1071480 428.5
1071490 428.5
1071500 428.5
1071510 428.5
1071520 428.6
1071530 428.6
1071540 428.7
1071550 428.7
1071560 428.7
1071570 428.7
1071580 428.7
1071590 428.8
1071600 428.8
1071610 428.6
1071620 428.8
1071630 428.8
1071640 428.8
1071650 428.8
1071660 428.8
1071670 428.9
1071680 428.9
1071690 428.9
1071700 428.9
1071710 428.9
1071720 428.9
1071730 428.9
1071740 428.9
1071750 429.0
1071760 429.0
1071770 429.1
1071780 429.6
1071790 429.6
1071800 430.0
1071810 430.2
1071820 430.2
1071830 430.3
1071840 431.3
1071850 433.6
1071860 435.6
1071870 437.2
1071880 437.2
1071890 438.8
1071900 440.0
1071910 440.0
1071920 440.9
1071930 442.6
1071940 442.6
1071950 448.5
1071960 456.4
1071970 488.3
1071980 488.3
1071990 519.8
1072000 533.8
1072010 533.8
1072020 536.7
1072030 542.4
1072040 542.4
1072050 547.4
1072060 548.0
1072070 548.0
1072080 549.7
1072090 551.4
1072100 551.4
1072110 553.0
1072120 554.8
1072130 554.8
1072140 555.9
1072150 555.3
1072160 555.6
1072170 556.2
1072180 556.2
1072190 556.2
1072200 555.7
1072210 556.3
1072220 556.3
1072230 557.3
1072240 557.5
1072250 557.5
1072260 557.9
1072270 558.8
1072280 559.9
1072290 559.9
1072300 560.7
1072310 561.5
1072320 561.5
1072330 562.1
1072340 562.8
1072350 562.8
1072360 564.1
1072370 566.4
1072380 566.4
1072390 567.7
1072400 568.7
1072410 568.7
1072420 569.5
1072430 569.9
1072440 569.9
1072450 569.7
1072460 568.8
1072470 568.8
1072480 566.9
1072490 565.4
1072500 565.4
1072510 565.4
1072520 565.8
1072530 565.8
1072540 567.2
1072550 569.6
1072560 572.4
1072570 572.4
1072580 575.1
1072590 577.1
1072600 577.1
1072610 578.4
1072620 580.1
1072630 580.1
1072640 582.0
1072650 583.4
1072660 583.4
1072670 585.3
1072680 586.3
1072690 586.3
1072700 587.9
1072710 590.1
1072720 590.1
1072730 591.9
1072740 592.4
1072750 592.4
1072760 591.9
1072770 593.2
1072780 593.2
1072790 595.3
1072800 597.5
1072810 597.5
1072820 598.8
1072830 599.5
1072840 601.1
1072850 601.1
1072860 601.8
1072870 601.4
1072880 601.4
1072890 602.3
1072900 604.8
1072910 604.8
1072920 606.8
1072930 608.8
1072940 608.8
1072950 610.1
1072960 610.6
1072970 610.6
1072980 610.4
1072990 610.3
1073000 610.3
1073010 609.8
1073020 608.7
1073030 608.7
1073040 610.3
1073050 612.1
1073060 612.1
1073070 613.7
1073080 615.2
1073090 615.2
1073100 618.2
1073110 621.6
1073120 621.6
1073130 624.8
1073140 626.9
1073150 628.4
1073160 628.4
1073170 629.1
1073180 632.0
1073190 632.0
1073200 634.1
1073210 634.5
1073220 634.5
1073230 634.9
1073240 635.2
1073250 635.2
1073260 634.8
1073270 633.6
1073280 633.6
1073290 633.1
1073300 632.8
1073310 632.8
1073320 632.5
1073330 632.4
1073340 632.4
1073350 631.7
1073360 629.7
1073370 629.7
1073380 627.2
1073390 622.6
1073400 622.6
1073410 615.3
1073420 610.3
1073430 608.3
1073440 608.3
1073450 606.5
1073460 603.1
1073470 603.1
1073480 590.2
1073490 577.9
1073500 577.9
1073510 569.3
1073520 562.3
1073530 562.3
1073540 555.8
1073550 547.9
1073560 547.9
1073570 540.2
1073580 533.2
1073590 533.2
1073600 526.6
1073610 520.9
1073620 520.9
1073630 515.9
1073640 509.0
1073650 509.0
1073660 502.6
1073670 499.6
1073680 499.6
1073690 500.2
1073700 501.9
1073710 507.3
1073720 507.3
1073730 513.7
1073740 521.0
1073750 521.0
1073760 526.7
1073770 532.4
1073780 532.4
1073790 542.5
1073800 555.3
1073810 555.3
1073820 577.0
1073830 588.0
1073840 588.0
1073850 590.9
1073860 592.1
1073870 592.1
1073880 593.8
1073890 596.2
1073900 596.2
1073910 599.5
1073920 602.4
1073930 602.4
1073940 605.5
1073950 606.4
1073960 606.4
1073970 606.4
1073980 606.5
1073990 606.5
1074000 607.5
1074010 608.3
1074020 609.5
1074030 609.5
1074040 610.7
1074050 611.6
1074060 611.6
1074070 612.2
1074080 612.8
1074090 612.8
1074100 613.5
1074110 613.5
1074120 613.5
1074130 612.3
1074140 611.0
1074150 611.0
1074160 610.6
1074170 610.5
1074180 610.5
1074190 610.9
1074200 611.6
1074210 611.6
1074220 612.6
1074230 614.3
1074240 614.3
1074250 616.2
1074260 618.2
1074270 618.2
1074280 619.9
1074290 621.0
1074300 621.3
1074310 621.3
1074320 619.0
1074330 620.1
1074340 620.1
1074350 621.7
1074360 623.3
1074370 623.3
1074380 624.4
1074390 625.0
1074400 625.0
1074410 625.1
1074420 625.1
1074430 625.1
1074440 625.7
1074450 626.4
1074460 626.4
1074470 626.3
1074480 628.5
1074490 628.5
1074500 630.6
1074510 629.9
1074520 629.9
1074530 629.2
1074540 629.4
1074550 629.4
1074560 631.9
1074570 634.6
1074580 634.1
1074590 634.1
1074600 631.8
1074610 629.4
1074620 629.4
1074630 628.0
1074640 628.2
1074650 628.2
1074660 629.6
1074670 630.2
1074680 630.2
1074690 630.9
1074700 633.2
1074710 633.2
1074720 636.1
1074730 639.8
1074740 639.8
1074750 643.3
1074760 642.9
1074770 642.9
1074780 640.3
1074790 636.7
1074800 636.7
1074810 634.7
1074820 635.3
1074830 635.3
1074840 636.7
1074850 638.7
1074860 638.7
1074870 640.5
1074880 642.2
1074890 643.5
1074900 643.5
1074910 644.4
1074920 645.7
1074930 645.7
1074940 647.8
1074950 652.4
1074960 652.4
1074970 653.6
1074980 654.2
1074990 654.2
1075000 653.9
1075010 652.4
1075020 652.4
1075030 650.7
1075040 650.0
1075050 650.0
1075060 648.9
1075070 647.8
1075080 647.8
1075090 647.0
1075100 645.5
1075110 645.5
1075120 641.4
1075130 640.1
1075140 640.1
1075150 639.4
1075160 637.8
1075170 636.3
1075180 636.3
1075190 634.9
1075200 633.6
1075210 633.6
1075220 627.7
1075230 617.3
1075240 617.3
1075250 610.5
1075260 609.6
1075270 609.6
1075280 604.5
1075290 604.7
1075300 604.7
1075310 610.5
1075320 618.1
1075330 618.1
1075340 624.7
1075350 632.5
1075360 632.5
1075370 637.1
1075380 638.7
1075390 638.7
1075400 640.1
1075410 642.3
1075420 642.3
1075430 643.3
1075440 644.9
1075450 647.4
1075460 647.4
1075470 649.6
1075480 648.8
1075490 648.8
1075500 647.3
1075510 644.5
1075520 644.5
1075530 644.1
1075540 644.3
1075550 644.3
1075560 644.5
1075570 641.9
1075580 641.9
1075590 641.0
1075600 641.8
1075610 641.8
1075620 642.6
1075630 641.6
1075640 641.6
1075650 637.3
1075660 633.1
1075670 633.1
1075680 629.6
1075690 626.1
1075700 626.1
1075710 621.5
1075720 617.3
1075730 617.3
1075740 611.7
1075750 605.2
1075760 599.7
1075770 599.7
1075780 598.1
1075790 599.2
1075800 599.2
1075810 593.5
1075820 586.4
1075830 586.4
1075840 594.6
1075850 609.3
1075860 609.3
1075870 629.3
1075880 633.8
1075890 633.8
1075900 639.4
1075910 643.5
1075920 643.5
1075930 647.3
1075940 648.5
1075950 648.5
1075960 648.3
1075970 651.9
1075980 651.9
1075990 657.3
1076000 661.5
1076010 661.5
1076020 664.0
1076030 666.3
1076040 670.1
1076050 670.1
1076060 676.1
1076070 681.7
1076080 681.7
1076090 686.9
1076100 691.2
1076110 691.2
1076120 694.6
1076130 697.7
1076140 697.7
1076150 700.9
1076160 703.5
1076170 703.5
1076180 706.6
1076190 710.8
1076200 710.8
1076210 715.8
1076220 721.0
1076230 721.0
1076240 725.8
1076250 729.6
1076260 729.6
1076270 733.9
1076280 738.9
1076290 738.9
1076300 750.4
1076310 758.5
1076320 768.4
1076330 768.4
1076340 777.7
1076350 781.6
1076360 781.6
1076370 784.3
1076380 786.1
1076390 786.1
1076400 788.1
1076410 790.1
1076420 790.1
1076430 792.8
1076440 796.3
1076450 796.3
1076460 799.2
1076470 801.1
1076480 801.1
1076490 802.3
1076500 799.9
1076510 799.9
1076520 801.4
1076530 803.4
1076540 803.4
1076550 805.3
1076560 807.2
1076570 807.2
1076580 809.0
1076590 810.3
1076600 810.9
1076610 810.9
1076620 809.5
1076630 807.0
1076640 807.0
1076650 808.5
1076660 815.5
1076670 815.5
1076680 819.7
1076690 822.5
1076700 822.5
1076710 825.3
1076720 828.8
1076730 828.8
1076740 830.6
1076750 832.2
1076760 832.2
1076770 834.9
1076780 837.7
1076790 837.7
1076800 840.2
1076810 842.1
1076820 840.4
1076830 842.9
1076840 845.6
1076850 845.6
1076860 848.6
1076870 852.0
1076880 852.0
1076890 855.1
1076900 857.3
1076910 859.2
1076920 859.2
1076930 860.9
1076940 862.6
1076950 862.6
1076960 864.6
1076970 868.8
1076980 868.8
1076990 873.0
1077000 876.5
1077010 876.5
1077020 879.0
1077030 880.0
1077040 880.0
1077050 880.4
1077060 880.4
1077070 880.4
1077080 880.6
1077090 880.7
1077100 880.7
1077110 880.4
1077120 879.9
1077130 877.5
1077140 876.8
1077150 876.1
1077160 876.1
1077170 876.9
1077180 878.5
1077190 880.0
1077200 880.0
1077210 880.6
1077220 881.1
1077230 881.1
1077240 881.8
1077250 882.6
1077260 882.6
1077270 883.7
1077280 884.9
1077290 884.9
1077300 885.8
1077310 885.3
1077320 885.3
1077330 884.3
1077340 884.8
1077350 884.8
1077360 887.3
1077370 889.3
1077380 889.3
1077390 892.8
1077400 897.0
1077410 897.0
1077420 900.8
1077430 904.3
1077440 901.9
1077450 906.5
1077460 909.8
1077470 911.5
1077480 911.5
1077490 912.0
1077500 912.2
1077510 912.2
1077520 912.7
1077530 912.6
1077540 912.6
1077550 912.5
1077560 912.0
1077570 912.0
1077580 909.8
1077590 907.6
1077600 907.6
1077610 910.4
1077620 910.8
1077630 910.8
1077640 910.8
1077650 911.0
1077660 911.0
1077670 911.4
1077680 911.4
1077690 911.4
1077700 911.4
1077710 911.9
1077720 911.9
1077730 912.2
1077740 912.7
1077750 912.7
1077760 909.7
1077770 909.9
1077780 910.1
1077790 910.1
1077800 910.0
1077810 908.8
1077820 908.8
1077830 908.7
1077840 910.4
1077850 910.4
1077860 911.7
1077870 912.5
1077880 912.5
1077890 912.6
1077900 911.5
1077910 911.5
1077920 910.3
1077930 909.1
1077940 909.1
1077950 917.5
1077960 920.3
1077970 920.3
1077980 920.2
1077990 920.1
1078000 920.1
1078010 920.3
1078020 920.5
1078030 920.5
1078040 920.2
1078050 919.6
1078060 919.1
1078070 916.1
1078080 915.0
1078090 914.2
1078100 914.2
1078110 912.1
1078120 911.1
1078130 911.1
1078140 913.0
1078150 913.6
1078160 913.6
1078170 913.7
1078180 913.7
1078190 913.7
1078200 913.8
1078210 914.2
1078220 914.2
1078230 912.3
1078240 911.8
1078250 911.8
1078260 916.7
1078270 919.3
1078280 919.3
1078290 920.5
1078300 922.1
1078310 922.1
1078320 924.7
1078330 927.2
1078340 930.0
1078350 930.0
1078360 933.1
1078370 935.9
1078380 932.8
1078390 934.1
1078400 935.0
1078410 935.0
1078420 936.3
1078430 937.5
1078440 937.5
1078450 937.6
1078460 937.2
1078470 937.2
1078480 937.0
1078490 935.4
1078500 935.4
1078510 933.5
1078520 933.3
1078530 933.3
1078540 932.4
1078550 930.9
1078560 930.9
1078570 930.1
1078580 929.4
1078590 929.4
1078600 928.7
1078610 928.1
1078620 928.1
1078630 928.1
1078640 927.1
1078650 924.0
1078660 924.0
1078670 918.8
1078680 914.2
1078690 914.2
1078700 902.5
1078710 899.5
1078720 899.5
1078730 897.2
1078740 894.3
1078750 894.3
1078760 890.8
1078770 887.2
1078780 887.2
1078790 883.2
1078800 881.1
1078810 881.1
1078820 878.9
1078830 876.3
1078840 876.3
1078850 873.8
1078860 867.4
1078870 867.4
1078880 860.9
1078890 857.3
1078900 857.3
1078910 855.7
1078920 856.7
1078930 857.3
1078940 857.3
1078950 856.1
1078960 854.0
1078970 854.0
1078980 853.8
1078990 853.2
1079000 853.2
1079010 849.4
1079020 851.0
1079030 851.0
1079040 851.5
1079050 853.5
1079060 853.5
1079070 856.4
1079080 860.0
1079090 860.0
1079100 865.2
1079110 869.8
1079120 869.8
1079130 873.2
1079140 875.5
1079150 875.5
1079160 877.1
1079170 878.7
1079180 878.7
1079190 881.1
1079200 883.4
1079210 886.2
1079220 886.2
1079230 887.7
1079240 889.8
1079250 889.8
1079260 892.9
1079270 896.9
1079280 896.9
1079290 900.3
1079300 902.8
1079310 902.8
1079320 901.8
1079330 903.9
1079340 903.9
1079350 905.0
1079360 904.9
1079370 904.9
1079380 904.4
1079390 905.4
1079400 905.4
1079410 906.1
1079420 907.2
1079430 907.2
1079440 908.5
1079450 909.7
1079460 909.7
1079470 910.0
1079480 910.8
1079490 916.6
1079500 916.6
1079510 924.6
1079520 930.8
1079530 930.8
1079540 940.6
1079550 954.6
1079560 954.6
1079570 971.9
1079580 987.4
1079590 987.4
1079600 995.7
1079610 1002.2
1079620 1002.2
1079630 1008.9
1079640 1008.9
1079650 1008.9
1079660 1014.7
1079670 1021.9
1079680 1021.9
1079690 1028.0
1079700 1042.2
1079710 1042.2
1079720 1051.1
1079730 1058.6
1079740 1058.6
1079750 1065.2
1079760 1070.9
1079770 1070.9
1079780 1077.6
1079790 1083.9
1079800 1090.4
1079810 1090.4
1079820 1097.0
1079830 1103.7
1079840 1103.7
1079850 1110.4
1079860 1117.3
1079870 1117.3
1079880 1123.8
1079890 1131.0
1079900 1131.0
1079910 1137.9
1079920 1144.9
1079930 1144.9
1079940 1151.5
1079950 1157.5
1079960 1157.5
1079970 1164.9
1079980 1172.6
1079990 1172.6
