1066850 420.8
1066860 420.8
1066870 420.8
1066880 420.9
1066890 420.9
1066900 421.0
1066910 421.0
1066920 421.0
1066930 421.0
1066940 421.0
1066950 421.0
1066960 421.0
1066970 421.2
1066980 421.2
1066990 421.6
1067000 421.9
1067010 421.9
1067020 422.1
1067030 422.8
1067040 422.9
1067050 422.9
1067060 421.6
1067070 421.3
1067080 421.3
1067090 422.8
1067100 425.5
1067110 425.5
1067120 425.3
1067130 423.2
1067140 423.2
1067150 422.7
1067160 422.7
1067170 422.7
1067180 422.7
1067190 422.6
1067200 422.6
1067210 422.6
1067220 422.6
1067230 422.6
1067240 422.6
1067250 422.6
1067260 422.6
1067270 422.5
1067280 422.5
1067290 422.5
1067300 422.7
1067310 422.7
1067320 421.4
1067330 421.4
1067340 418.2
1067350 416.8
1067360 416.8
1067370 416.8
1067380 416.8
1067390 416.8
1067400 416.8
1067410 416.8
1067420 416.8
1067430 416.8
1067440 416.8
1067450 416.8
1067460 417.1
1067470 420.1
1067480 420.1
1067490 422.6
1067500 423.0
1067510 423.0
1067520 422.9
1067530 423.0
1067540 423.0
1067550 423.0
1067560 423.8
1067570 423.8
1067580 425.7
1067590 425.8
1067600 425.6
1067610 425.6
1067620 424.8
1067630 422.2
1067640 422.2
1067650 421.7
1067660 421.5
1067670 421.5
1067680 421.6
1067690 421.7
1067700 421.7
1067710 421.7
1067720 421.7
1067730 421.7
1067740 421.7
1067750 421.6
1067760 421.6
1067770 421.6
1067780 421.6
1067790 421.6
1067800 421.7
1067810 421.6
1067820 421.6
1067830 421.6
1067840 421.6
1067850 421.6
1067860 421.6
1067870 421.5
1067880 421.5
1067890 421.7
1067900 420.8
1067910 420.1
1067920 420.1
1067930 421.7
1067940 421.8
1067950 421.8
1067960 421.8
1067970 422.0
1067980 422.0
1067990 424.4
1068000 422.1
1068010 422.1
1068020 420.1
1068030 419.9
1068040 419.9
1068050 419.4
1068060 419.6
1068070 419.6
1068080 419.5
1068090 419.6
1068100 419.6
1068110 419.6
1068120 419.4
1068130 419.4
1068140 419.4
1068150 419.3
1068160 419.3
1068170 419.3
1068180 419.2
1068190 419.2
1068200 419.2
1068210 419.0
1068220 419.1
1068230 419.1
1068240 419.2
1068250 419.2
1068260 419.2
1068270 419.2
1068280 419.1
1068290 419.0
1068300 418.9
1068310 419.1
1068320 419.1
1068330 419.2
1068340 419.2
1068350 419.2
1068360 419.0
1068370 418.8
1068380 418.8
1068390 418.9
1068400 419.5
1068410 419.5
1068420 419.6
1068430 419.6
1068440 419.6
1068450 419.6
1068460 419.8
1068470 419.7
1068480 419.7
1068490 419.9
1068500 420.0
1068510 420.0
1068520 420.1
1068530 420.2
1068540 420.2
1068550 420.2
1068560 420.0
1068570 420.0
1068580 420.1
1068590 420.1
1068600 420.1
1068610 420.0
1068620 420.5
1068630 420.5
1068640 420.3
1068650 420.0
1068660 420.0
1068670 419.9
1068680 419.8
1068690 419.8
1068700 419.8
1068710 419.8
1068720 419.8
1068730 419.9
1068740 420.0
1068750 420.0
1068760 419.9
1068770 419.8
1068780 419.7
1068790 419.7
1068800 419.6
1068810 419.6
1068820 419.6
1068830 419.7
1068840 419.7
1068850 419.7
1068860 419.7
1068870 419.7
1068880 419.7
1068890 419.7
1068900 419.8
1068910 419.8
1068920 419.8
1068930 419.8
1068940 419.8
1068950 419.7
1068960 419.7
1068970 419.7
1068980 419.7
1068990 420.0
1069000 420.0
1069010 419.8
1069020 419.7
1069030 419.7
1069040 419.7
1069050 419.7
1069060 419.7
1069070 419.7
1069080 419.7
1069090 419.7
1069100 419.7
1069110 419.8
1069120 419.8
1069130 419.8
1069140 419.9
1069150 420.1
1069160 420.1
1069170 420.2
1069180 420.3
1069190 420.3
1069200 420.3
1069210 420.3
1069220 420.3
1069230 420.3
1069240 420.4
1069250 420.4
1069260 421.2
1069270 421.6
1069280 421.6
1069290 421.8
1069300 421.9
1069310 421.9
1069320 421.8
1069330 421.3
1069340 421.2
1069350 421.2
1069360 421.3
1069370 421.4
1069380 421.4
1069390 421.3
1069400 421.3
1069410 421.3
1069420 421.4
1069430 421.5
1069440 421.5
1069450 421.4
1069460 421.3
1069470 421.3
1069480 421.4
1069490 421.6
1069500 421.6
1069510 421.7
1069520 421.7
1069530 421.7
1069540 421.8
1069550 421.9
1069560 421.9
1069570 421.7
1069580 421.7
1069590 421.7
1069600 421.6
1069610 421.4
1069620 421.4
1069630 421.4
1069640 421.5
1069650 421.5
1069660 421.5
1069670 421.6
1069680 421.6
1069690 421.6
1069700 421.6
1069710 421.6
1069720 421.6
1069730 421.7
1069740 421.7
1069750 421.7
1069760 421.6
1069770 421.6
1069780 421.6
1069790 421.6
1069800 421.6
1069810 421.6
1069820 421.7
1069830 421.7
1069840 421.7
1069850 421.8
1069860 422.8
1069870 422.8
1069880 423.6
1069890 422.2
1069900 422.2
1069910 421.5
1069920 421.7
1069930 421.8
1069940 421.8
1069950 421.8
1069960 421.9
1069970 421.9
1069980 421.9
1069990 422.0
1070000 422.0
1070010 422.1
1070020 422.3
1070030 422.3
1070040 422.5
1070050 423.9
1070060 423.9
1070070 424.1
1070080 424.2
1070090 424.2
1070100 423.9
1070110 423.4
1070120 423.4
1070130 423.3
1070140 423.1
1070150 423.1
1070160 423.0
1070170 423.1
1070180 423.1
1070190 424.0
1070200 425.6
1070210 426.0
1070220 426.0
1070230 426.1
1070240 425.4
1070250 425.4
1070260 425.0
1070270 425.2
1070280 425.2
1070290 426.3
1070300 426.4
1070310 426.4
1070320 426.5
1070330 426.7
1070340 426.7
1070350 426.7
1070360 426.9
1070370 426.9
1070380 427.2
1070390 427.2
1070400 427.2
1070410 427.4
1070420 427.6
1070430 427.6
1070440 427.4
1070450 427.4
1070460 427.4
1070470 427.4
1070480 427.5
1070490 427.5
1070500 427.5
1070510 427.5
1070520 427.5
1070530 427.5
1070540 427.6
1070550 427.8
1070560 427.8
1070570 427.9
1070580 428.1
1070590 428.1
1070600 428.2
1070610 428.2
1070620 428.2
1070630 428.3
1070640 428.3
1070650 428.3
1070660 428.3
1070670 428.2
1070680 428.2
1070690 428.3
1070700 428.3
1070710 428.3
1070720 428.3
1070730 428.4
1070740 428.4
1070750 428.5
1070760 428.6
1070770 428.6
1070780 428.6
1070790 428.5
1070800 428.5
1070810 428.5
1070820 428.6
1070830 428.5
1070840 428.5
1070850 428.5
1070860 428.5
1070870 428.5
1070880 428.4
1070890 428.3
1070900 428.3
1070910 428.2
1070920 428.2
1070930 428.2
1070940 428.1
1070950 428.1
1070960 428.1
1070970 428.1
1070980 428.3
1070990 428.3
1071000 428.3
1071010 428.3
1071020 428.3
1071030 428.4
1071040 428.5
1071050 428.5
1071060 428.6
1071070 428.7
1071080 428.7
1071090 428.7
1071100 428.8
1071110 429.1
1071120 429.1
1071130 428.9
1071140 428.3
1071150 428.3
1071160 428.2
1071170 428.3
1071180 428.3
1071190 428.3
1071200 429.6
1071210 429.6
1071220 430.1
1071230 429.5
1071240 429.5
1071250 429.5
1071260 429.4
1071270 429.4
1071280 429.5
1071290 429.0
1071300 429.0
1071310 428.1
1071320 428.2
1071330 428.2
1071340 428.1
1071350 428.1
1071360 428.2
1071370 428.2
1071380 428.2
1071390 428.1
1071400 428.1
1071410 428.1
1071420 428.0
1071430 428.0
1071440 427.9
1071450 427.9
1071460 427.9
1071470 428.0
1071480 428.4
1071490 428.4
1071500 428.0
1071510 427.8
1071520 427.8
1071530 427.8
1071540 427.8
1071550 427.8
1071560 427.7
1071570 427.8
1071580 427.8
1071590 427.8
1071600 427.8
1071610 427.8
1071620 427.8
1071630 427.8
1071640 427.8
1071650 427.8
1071660 427.8
1071670 428.0
1071680 428.0
1071690 428.0
1071700 428.0
1071710 428.0
1071720 428.0
1071730 428.1
1071740 428.1
1071750 428.2
1071760 428.3
1071770 428.3
1071780 428.4
1071790 428.4
1071800 428.4
1071810 428.3
1071820 428.3
1071830 428.3
1071840 428.3
1071850 428.3
1071860 428.3
1071870 428.5
1071880 428.8
1071890 428.8
1071900 429.0
1071910 429.3
1071920 429.3
1071930 429.5
1071940 429.4
1071950 429.4
1071960 429.4
1071970 429.4
1071980 430.7
1071990 430.7
1072000 432.0
1072010 433.8
1072020 433.8
1072030 435.9
1072040 437.9
1072050 437.9
1072060 439.5
1072070 443.3
1072080 443.3
1072090 476.7
1072100 507.7
1072110 507.7
1072120 506.0
1072130 521.9
1072140 521.9
1072150 542.2
1072160 545.9
1072170 545.9
1072180 547.7
1072190 550.4
1072200 550.4
1072210 552.9
1072220 553.8
1072230 553.8
1072240 554.2
1072250 555.1
1072260 556.4
1072270 556.4
1072280 556.0
1072290 555.7
1072300 555.7
1072310 556.4
1072320 557.8
1072330 557.8
1072340 558.9
1072350 559.6
1072360 559.6
1072370 561.5
1072380 563.0
1072390 563.0
1072400 564.4
1072410 565.8
1072420 565.8
1072430 566.6
1072440 567.1
1072450 567.1
1072460 568.6
1072470 569.3
1072480 569.3
1072490 569.8
1072500 571.2
1072510 571.2
1072520 572.7
1072530 574.1
1072540 577.0
1072550 577.0
1072560 583.1
1072570 587.7
1072580 587.7
1072590 589.3
1072600 589.2
1072610 589.2
1072620 587.7
1072630 586.0
1072640 586.0
1072650 587.5
1072660 589.5
1072670 589.5
1072680 590.6
1072690 591.7
1072700 591.7
1072710 593.0
1072720 594.0
1072730 594.0
1072740 594.4
1072750 594.8
1072760 594.8
1072770 595.5
1072780 595.6
1072790 595.6
1072800 595.8
1072810 596.4
1072820 598.1
1072830 598.1
1072840 599.0
1072850 597.7
1072860 597.7
1072870 597.6
1072880 599.8
1072890 599.8
1072900 602.5
1072910 603.2
1072920 603.2
1072930 605.4
1072940 607.1
1072950 607.1
1072960 608.6
1072970 611.1
1072980 611.1
1072990 612.6
1073000 613.6
1073010 613.6
1073020 614.2
1073030 615.3
1073040 615.3
1073050 616.5
1073060 617.5
1073070 617.5
1073080 619.3
1073090 619.2
1073100 619.2
1073110 618.7
1073120 619.3
1073130 620.9
1073140 620.9
1073150 624.0
1073160 628.3
1073170 628.3
1073180 632.1
1073190 634.8
1073200 634.8
1073210 636.3
1073220 638.4
1073230 638.4
1073240 640.0
1073250 640.6
1073260 640.6
1073270 640.2
1073280 639.0
1073290 639.0
1073300 637.1
1073310 635.8
1073320 635.8
1073330 635.7
1073340 632.6
1073350 632.6
1073360 625.7
1073370 616.6
1073380 616.6
1073390 609.8
1073400 597.8
1073410 586.9
1073420 586.9
1073430 578.1
1073440 569.9
1073450 569.9
1073460 561.5
1073470 553.3
1073480 553.3
1073490 545.8
1073500 539.0
1073510 539.0
1073520 532.8
1073530 528.9
1073540 528.9
1073550 523.3
1073560 517.8
1073570 517.8
1073580 512.9
1073590 507.3
1073600 507.3
1073610 501.9
1073620 498.6
1073630 498.6
1073640 498.8
1073650 499.2
1073660 499.2
1073670 499.3
1073680 499.8
1073690 502.0
1073700 502.0
1073710 508.9
1073720 518.6
1073730 518.6
1073740 527.2
1073750 533.4
1073760 533.4
1073770 538.9
1073780 561.1
1073790 561.1
1073800 577.8
1073810 586.5
1073820 586.5
1073830 597.3
1073840 601.8
1073850 601.8
1073860 601.1
1073870 600.8
1073880 600.8
1073890 600.9
1073900 602.5
1073910 602.5
1073920 604.3
1073930 606.3
1073940 606.3
1073950 607.3
1073960 608.1
1073970 608.1
1073980 611.8
1073990 615.8
1074000 617.1
1074010 617.1
1074020 616.2
1074030 616.0
1074040 616.0
1074050 618.8
1074060 621.1
1074070 621.1
1074080 621.8
1074090 621.9
1074100 621.9
1074110 622.6
1074120 624.7
1074130 624.7
1074140 626.3
1074150 625.4
1074160 625.4
1074170 627.4
1074180 630.8
1074190 630.8
1074200 633.7
1074210 635.2
1074220 635.2
1074230 635.8
1074240 634.8
1074250 634.8
1074260 634.7
1074270 635.7
1074280 638.0
1074290 638.0
1074300 641.0
1074310 642.1
1074320 642.1
1074330 640.8
1074340 640.1
1074350 640.1
1074360 640.3
1074370 640.2
1074380 640.2
1074390 639.9
1074400 638.3
1074410 638.3
1074420 635.2
1074430 632.6
1074440 632.6
1074450 629.5
1074460 627.5
1074470 627.5
1074480 627.1
1074490 626.6
1074500 626.6
1074510 626.8
1074520 627.8
1074530 627.8
1074540 628.3
1074550 629.1
1074560 630.6
1074570 630.6
1074580 633.6
1074590 636.9
1074600 636.9
1074610 638.6
1074620 637.7
1074630 637.7
1074640 635.4
1074650 633.1
1074660 633.1
1074670 632.7
1074680 634.0
1074690 634.0
1074700 634.6
1074710 633.5
1074720 633.5
1074730 632.8
1074740 632.6
1074750 632.6
1074760 632.8
1074770 634.2
1074780 634.2
1074790 639.1
1074800 644.0
1074810 644.0
1074820 646.9
1074830 647.9
1074840 647.9
1074850 649.2
1074860 648.5
1074870 647.1
1074880 647.1
1074890 646.6
1074900 646.4
1074910 646.4
1074920 647.2
1074930 648.7
1074940 648.7
1074950 649.6
1074960 649.9
1074970 649.9
1074980 649.5
1074990 649.5
1075000 649.5
1075010 649.8
1075020 648.9
1075030 648.9
1075040 647.5
1075050 645.7
1075060 645.7
1075070 641.3
1075080 637.8
1075090 637.8
1075100 636.0
1075110 631.4
1075120 631.4
1075130 619.5
1075140 605.0
1075150 599.7
1075160 599.7
1075170 598.4
1075180 601.7
1075190 601.7
1075200 607.6
1075210 617.4
1075220 617.4
1075230 626.5
1075240 634.2
1075250 634.2
1075260 642.2
1075270 646.2
1075280 646.2
1075290 648.2
1075300 647.8
1075310 647.8
1075320 648.1
1075330 649.8
1075340 649.8
1075350 651.1
1075360 651.6
1075370 651.6
1075380 651.8
1075390 651.3
1075400 651.3
1075410 651.6
1075420 651.1
1075430 651.8
1075440 651.8
1075450 652.8
1075460 652.8
1075470 652.8
1075480 652.8
1075490 653.5
1075500 653.5
1075510 658.0
1075520 662.5
1075530 662.5
1075540 663.6
1075550 663.5
1075560 663.5
1075570 661.2
1075580 658.2
1075590 658.2
1075600 656.0
1075610 654.8
1075620 654.8
1075630 652.9
1075640 652.0
1075650 652.0
1075660 651.1
1075670 649.6
1075680 649.6
1075690 648.9
1075700 648.4
1075710 645.7
1075720 641.8
1075730 637.0
1075740 632.4
1075750 632.4
1075760 628.1
1075770 623.5
1075780 623.5
1075790 620.0
1075800 618.6
1075810 618.6
1075820 620.5
1075830 619.6
1075840 619.6
1075850 617.1
1075860 613.3
1075870 613.3
1075880 610.1
1075890 606.0
1075900 606.0
1075910 604.5
1075920 612.3
1075930 612.3
1075940 622.5
1075950 630.9
1075960 630.9
1075970 637.8
1075980 645.3
1075990 645.3
1076000 653.0
1076010 659.7
1076020 664.7
1076030 664.7
1076040 668.5
1076050 672.6
1076060 672.6
1076070 677.2
1076080 680.9
1076090 680.9
1076100 684.0
1076110 687.7
1076120 687.7
1076130 690.6
1076140 693.3
1076150 693.3
1076160 696.7
1076170 699.7
1076180 699.7
1076190 702.6
1076200 705.5
1076210 705.5
1076220 708.7
1076230 711.9
1076240 711.9
1076250 715.5
1076260 719.6
1076270 719.6
1076280 725.1
1076290 727.9
1076300 732.1
1076310 732.1
1076320 736.7
1076330 746.5
1076340 746.5
1076350 752.4
1076360 758.1
1076370 758.1
1076380 763.5
1076390 769.0
1076400 769.0
1076410 776.2
1076420 783.4
1076430 783.4
1076440 791.8
1076450 803.1
1076460 803.1
1076470 812.5
1076480 816.8
1076490 816.8
1076500 820.2
1076510 821.9
1076520 821.9
1076530 823.9
1076540 825.3
1076550 825.3
1076560 826.8
1076570 828.3
1076580 828.3
1076590 830.3
1076600 832.7
1076610 835.0
1076620 835.0
1076630 837.4
1076640 837.3
1076650 837.3
1076660 838.6
1076670 839.8
1076680 839.8
1076690 841.2
1076700 842.5
1076710 842.5
1076720 843.7
1076730 845.1
1076740 845.1
1076750 846.9
1076760 848.8
1076770 848.8
1076780 851.0
1076790 853.4
1076800 853.4
1076810 856.1
1076820 859.2
1076830 859.2
1076840 862.3
1076850 864.9
1076860 864.9
1076870 867.8
1076880 870.5
1076890 873.0
1076900 873.0
1076910 875.6
1076920 879.2
1076930 879.2
1076940 881.3
1076950 881.9
1076960 881.9
1076970 886.9
1076980 891.4
1076990 891.4
1077000 894.3
1077010 896.2
1077020 896.2
1077030 897.1
1077040 897.9
1077050 897.9
1077060 898.4
1077070 898.7
1077080 898.7
1077090 898.3
1077100 897.3
1077110 897.3
1077120 897.0
1077130 897.4
1077140 897.4
1077150 896.9
1077160 897.3
1077170 898.4
1077180 898.4
1077190 899.1
1077200 899.8
1077210 899.8
1077220 901.0
1077230 902.3
1077240 902.3
1077250 902.2
1077260 903.0
1077270 900.1
1077280 901.1
1077290 902.2
1077300 902.2
1077310 902.8
1077320 903.7
1077330 903.7
1077340 905.6
1077350 907.9
1077360 907.9
1077370 910.5
1077380 913.0
1077390 913.0
1077400 915.5
1077410 917.9
1077420 917.9
1077430 920.8
1077440 924.1
1077450 928.0
1077460 928.0
1077470 930.5
1077480 930.4
1077490 930.4
1077500 930.9
1077510 932.2
1077520 932.2
1077530 933.0
1077540 932.8
1077550 932.8
1077560 932.3
1077570 930.5
1077580 926.9
1077590 928.1
1077600 931.0
1077610 931.0
1077620 935.5
1077630 939.4
1077640 939.4
1077650 942.5
1077660 944.5
1077670 944.5
1077680 946.7
1077690 949.2
1077700 949.2
1077710 950.2
1077720 949.7
1077730 949.7
1077740 947.4
1077750 947.0
1077760 946.8
1077770 946.8
1077780 946.8
1077790 946.6
1077800 946.6
1077810 946.7
1077820 946.6
1077830 946.6
1077840 946.4
1077850 947.1
1077860 947.1
1077870 948.0
1077880 948.4
1077890 944.6
1077900 944.4
1077910 943.8
1077920 943.8
1077930 943.2
1077940 941.5
1077950 941.5
1077960 942.6
1077970 945.3
1077980 945.3
1077990 945.7
1078000 945.8
1078010 945.8
1078020 945.4
1078030 944.2
1078040 942.2
1078050 942.2
1078060 940.3
1078070 939.5
1078080 939.5
1078090 938.7
1078100 938.1
1078110 938.1
1078120 939.2
1078130 940.1
1078140 940.1
1078150 940.6
1078160 940.6
1078170 940.6
1078180 940.2
1078190 940.7
1078200 940.7
1078210 938.4
1078220 939.3
1078230 939.3
1078240 939.9
1078250 940.5
1078260 940.5
1078270 938.0
1078280 935.0
1078290 935.0
1078300 944.1
1078310 945.8
1078320 946.6
1078330 946.6
1078340 949.8
1078350 954.9
1078360 954.9
1078370 960.5
1078380 964.0
1078390 964.0
1078400 966.1
1078410 967.0
1078420 967.0
1078430 968.2
1078440 969.8
1078450 969.8
1078460 970.9
1078470 972.1
1078480 972.1
1078490 973.5
1078500 975.0
1078510 975.0
1078520 972.7
1078530 974.5
1078540 974.5
1078550 976.4
1078560 977.4
1078570 977.4
1078580 977.6
1078590 977.1
1078600 977.1
1078610 976.2
1078620 974.8
1078630 972.7
1078640 972.7
1078650 969.5
1078660 963.7
1078670 963.7
1078680 959.5
1078690 956.9
1078700 956.9
1078710 955.1
1078720 952.9
1078730 952.9
1078740 949.3
1078750 944.9
1078760 944.9
1078770 941.0
1078780 935.9
1078790 935.9
1078800 931.1
1078810 926.6
1078820 926.6
1078830 913.7
1078840 905.9
1078850 905.9
1078860 899.6
1078870 894.1
1078880 894.1
1078890 891.9
1078900 892.9
1078910 892.3
1078920 892.3
1078930 891.2
1078940 891.2
1078950 891.2
1078960 891.4
1078970 890.2
1078980 890.2
1078990 887.1
1079000 885.6
1079010 885.6
1079020 884.9
1079030 882.7
1079040 882.7
1079050 880.3
1079060 879.1
1079070 879.1
1079080 878.5
1079090 878.0
1079100 878.0
1079110 877.8
1079120 876.9
1079130 876.9
1079140 877.3
1079150 883.2
1079160 883.2
1079170 886.5
1079180 891.0
1079190 892.6
1079200 892.6
1079210 894.3
1079220 895.1
1079230 895.1
1079240 897.3
1079250 898.8
1079260 898.8
1079270 901.1
1079280 904.0
1079290 904.0
1079300 908.7
1079310 911.3
1079320 911.3
1079330 913.8
1079340 916.7
1079350 916.7
1079360 918.8
1079370 921.8
1079380 921.8
1079390 924.9
1079400 928.0
1079410 928.0
1079420 932.2
1079430 936.1
1079440 936.1
1079450 937.5
1079460 935.4
1079470 935.4
1079480 936.4
1079490 937.1
1079500 936.8
1079510 936.8
1079520 933.9
1079530 932.2
1079540 932.2
1079550 936.2
1079560 941.3
1079570 941.3
1079580 942.9
1079590 945.7
1079600 945.7
1079610 952.2
1079620 962.1
1079630 962.1
1079640 968.7
1079650 976.5
1079660 976.5
1079670 990.5
1079680 1012.5
1079690 1012.5
1079700 1027.3
1079710 1037.5
1079720 1037.5
1079730 1045.9
1079740 1054.7
1079750 1054.7
1079760 1065.3
1079770 1076.1
1079780 1087.4
1079790 1087.4
1079800 1100.9
1079810 1107.2
1079820 1107.2
1079830 1112.7
1079840 1117.6
1079850 1117.6
1079860 1122.5
1079870 1127.9
1079880 1127.9
1079890 1133.3
1079900 1138.0
1079910 1138.0
1079920 1142.4
1079930 1145.9
1079940 1145.9
1079950 1148.9
1079960 1151.3
1079970 1151.3
1079980 1154.6
1079990 1159.4
