1067080 419.7
1067090 419.8
1067100 419.9
1067110 420.2
1067120 420.2
1067130 420.5
1067140 420.7
1067150 420.7
1067160 421.1
1067170 421.3
1067180 421.3
1067190 421.8
1067200 422.3
1067210 422.3
1067220 420.8
1067230 420.7
1067240 420.7
1067250 420.9
1067260 422.3
1067270 425.0
1067280 425.0
1067290 424.1
1067300 422.2
1067310 422.2
1067320 422.3
1067330 422.3
1067340 422.3
1067350 422.3
1067360 422.2
1067370 422.2
1067380 422.2
1067390 422.1
1067400 422.1
1067410 422.1
1067420 422.1
1067430 422.1
1067440 422.3
1067450 422.0
1067460 422.0
1067470 419.8
1067480 418.0
1067490 418.0
1067500 416.3
1067510 416.3
1067520 416.3
1067530 416.3
1067540 416.3
1067550 416.3
1067560 416.3
1067570 416.3
1067580 416.3
1067590 416.3
1067600 418.8
1067610 422.1
1067620 422.1
1067630 422.6
1067640 422.6
1067650 422.6
1067660 422.7
1067670 422.7
1067680 422.7
1067690 423.5
1067700 425.2
1067710 425.2
1067720 422.4
1067730 421.5
1067740 421.5
1067750 421.5
1067760 421.7
1067770 421.7
1067780 421.8
1067790 421.7
1067800 421.7
1067810 421.7
1067820 421.6
1067830 421.5
1067840 421.5
1067850 421.4
1067860 421.3
1067870 421.3
1067880 421.3
1067890 421.5
1067900 421.5
1067910 421.2
1067920 419.3
1067930 419.3
1067940 421.0
1067950 421.0
1067960 421.0
1067970 421.1
1067980 421.1
1067990 421.1
1068000 421.0
1068010 420.9
1068020 420.9
1068030 420.9
1068040 422.3
1068050 422.3
1068060 424.4
1068070 422.1
1068080 422.1
1068090 419.7
1068100 419.4
1068110 419.4
1068120 419.3
1068130 419.4
1068140 419.3
1068150 419.3
1068160 419.3
1068170 419.2
1068180 419.2
1068190 419.4
1068200 419.3
1068210 419.3
1068220 419.0
1068230 418.9
1068240 418.9
1068250 418.8
1068260 418.7
1068270 418.7
1068280 418.8
1068290 418.9
1068300 418.9
1068310 418.8
1068320 418.9
1068330 418.9
1068340 418.9
1068350 418.8
1068360 418.8
1068370 418.7
1068380 418.7
1068390 418.7
1068400 418.7
1068410 418.8
1068420 418.7
1068430 418.7
1068440 419.0
1068450 419.7
1068460 419.7
1068470 419.6
1068480 419.5
1068490 419.5
1068500 419.5
1068510 419.3
1068520 419.3
1068530 419.3
1068540 419.4
1068550 419.4
1068560 419.4
1068570 419.3
1068580 419.3
1068590 419.2
1068600 419.1
1068610 419.1
1068620 419.1
1068630 419.1
1068640 419.1
1068650 419.1
1068660 419.0
1068670 419.0
1068680 418.9
1068690 418.8
1068700 418.7
1068710 418.7
1068720 418.7
1068730 418.7
1068740 418.7
1068750 418.7
1068760 418.7
1068770 418.7
1068780 418.9
1068790 418.8
1068800 418.8
1068810 418.8
1068820 418.9
1068830 418.9
1068840 418.9
1068850 419.0
1068860 419.0
1068870 418.9
1068880 418.7
1068890 418.7
1068900 418.8
1068910 418.7
1068920 418.7
1068930 418.7
1068940 418.7
1068950 418.7
1068960 418.7
1068970 418.8
1068980 418.8
1068990 418.8
1069000 418.8
1069010 418.8
1069020 418.8
1069030 418.8
1069040 418.8
1069050 418.8
1069060 418.7
1069070 418.7
1069080 418.7
1069090 418.6
1069100 418.6
1069110 418.6
1069120 418.6
1069130 419.0
1069140 419.0
1069150 418.7
1069160 418.5
1069170 418.5
1069180 418.5
1069190 418.6
1069200 418.6
1069210 418.7
1069220 418.8
1069230 418.8
1069240 418.9
1069250 418.9
1069260 418.9
1069270 419.0
1069280 419.1
1069290 419.1
1069300 419.1
1069310 419.1
1069320 419.2
1069330 419.2
1069340 419.3
1069350 419.3
1069360 419.3
1069370 419.4
1069380 419.5
1069390 419.5
1069400 419.5
1069410 419.5
1069420 419.5
1069430 419.6
1069440 419.9
1069450 419.9
1069460 420.1
1069470 420.2
1069480 420.2
1069490 420.3
1069500 420.4
1069510 420.4
1069520 420.2
1069530 420.0
1069540 420.3
1069550 420.2
1069560 420.0
1069570 420.0
1069580 420.2
1069590 420.5
1069600 420.6
1069610 420.6
1069620 420.8
1069630 420.8
1069640 420.8
1069650 420.8
1069660 420.9
1069670 420.9
1069680 421.1
1069690 421.2
1069700 421.2
1069710 421.5
1069720 422.0
1069730 422.0
1069740 422.3
1069750 422.5
1069760 422.5
1069770 422.5
1069780 422.4
1069790 422.4
1069800 422.1
1069810 421.8
1069820 421.8
1069830 421.5
1069840 421.4
1069850 422.0
1069860 422.0
1069870 421.8
1069880 421.5
1069890 421.5
1069900 421.1
1069910 421.2
1069920 421.2
1069930 421.3
1069940 421.6
1069950 421.6
1069960 421.7
1069970 421.8
1069980 421.8
1069990 421.7
1070000 421.8
1070010 421.8
1070020 421.8
1070030 421.9
1070040 421.9
1070050 422.0
1070060 421.9
1070070 421.9
1070080 422.0
1070090 422.2
1070100 422.2
1070110 422.3
1070120 422.4
1070130 422.4
1070140 422.4
1070150 422.4
1070160 422.6
1070170 422.6
1070180 422.7
1070190 422.6
1070200 422.6
1070210 422.7
1070220 422.7
1070230 422.7
1070240 422.9
1070250 423.0
1070260 423.0
1070270 423.1
1070280 423.6
1070290 423.6
1070300 424.5
1070310 424.8
1070320 424.8
1070330 425.0
1070340 425.1
1070350 425.1
1070360 425.2
1070370 425.3
1070380 425.3
1070390 425.5
1070400 425.6
1070410 425.6
1070420 425.8
1070430 425.9
1070440 425.9
1070450 426.0
1070460 426.3
1070470 426.4
1070480 426.4
1070490 426.0
1070500 426.1
1070510 426.1
1070520 426.1
1070530 426.2
1070540 426.2
1070550 426.1
1070560 426.2
1070570 426.2
1070580 426.2
1070590 426.2
1070600 426.2
1070610 426.2
1070620 426.2
1070630 426.2
1070640 426.2
1070650 426.2
1070660 426.2
1070670 426.2
1070680 426.2
1070690 426.2
1070700 426.1
1070710 426.1
1070720 426.1
1070730 426.1
1070740 426.2
1070750 426.2
1070760 426.2
1070770 426.1
1070780 426.0
1070790 426.0
1070800 426.1
1070810 426.2
1070820 426.2
1070830 426.4
1070840 426.5
1070850 426.5
1070860 426.5
1070870 426.6
1070880 426.6
1070890 426.6
1070900 426.7
1070910 426.7
1070920 426.7
1070930 426.8
1070940 426.8
1070950 426.8
1070960 426.8
1070970 426.8
1070980 426.8
1070990 426.9
1071000 426.9
1071010 427.0
1071020 427.2
1071030 427.2
1071040 427.2
1071050 427.3
1071060 427.5
1071070 427.5
1071080 427.9
1071090 428.0
1071100 428.0
1071110 428.1
1071120 428.2
1071130 428.2
1071140 428.1
1071150 428.0
1071160 428.0
1071170 428.0
1071180 427.9
1071190 427.9
1071200 427.7
1071210 427.3
1071220 427.3
1071230 427.2
1071240 427.1
1071250 427.1
1071260 427.1
1071270 427.0
1071280 427.0
1071290 426.9
1071300 427.2
1071310 427.2
1071320 427.6
1071330 427.9
1071340 426.8
1071350 426.8
1071360 426.8
1071370 426.6
1071380 426.6
1071390 426.6
1071400 426.3
1071410 426.3
1071420 425.9
1071430 425.9
1071440 425.9
1071450 426.0
1071460 426.1
1071470 426.1
1071480 426.0
1071490 425.7
1071500 425.7
1071510 425.7
1071520 425.3
1071530 425.3
1071540 425.1
1071550 425.4
1071560 425.4
1071570 425.5
1071580 425.5
1071590 425.5
1071600 425.4
1071610 425.4
1071620 425.4
1071630 425.4
1071640 425.2
1071650 425.2
1071660 425.2
1071670 425.2
1071680 425.2
1071690 425.3
1071700 425.4
1071710 425.5
1071720 425.5
1071730 425.5
1071740 425.6
1071750 425.6
1071760 425.7
1071770 425.8
1071780 425.8
1071790 426.0
1071800 426.3
1071810 426.3
1071820 426.2
1071830 426.2
1071840 426.2
1071850 426.2
1071860 426.2
1071870 426.2
1071880 426.2
1071890 426.1
1071900 426.1
1071910 426.3
1071920 426.4
1071930 426.4
1071940 426.4
1071950 426.4
1071960 426.2
1071970 426.2
1071980 426.1
1071990 426.4
1072000 426.4
1072010 426.5
1072020 426.6
1072030 426.6
1072040 426.5
1072050 426.5
1072060 426.5
1072070 426.5
1072080 426.6
1072090 426.6
1072100 426.5
1072110 426.5
1072120 426.5
1072130 426.5
1072140 426.6
1072150 426.6
1072160 426.6
1072170 426.6
1072180 426.6
1072190 426.7
1072200 426.7
1072210 426.9
1072220 426.9
1072230 427.0
1072240 426.9
1072250 426.9
1072260 427.0
1072270 428.0
1072280 428.0
1072290 430.2
1072300 433.8
1072310 433.7
1072320 437.8
1072330 442.1
1072340 442.1
1072350 446.3
1072360 451.0
1072370 451.0
1072380 456.4
1072390 460.3
1072400 460.3
1072410 464.5
1072420 470.8
1072430 470.8
1072440 477.1
1072450 480.8
1072460 480.8
1072470 484.8
1072480 489.7
1072490 495.0
1072500 495.0
1072510 498.6
1072520 499.9
1072530 499.9
1072540 504.1
1072550 516.3
1072560 516.3
1072570 530.9
1072580 540.7
1072590 540.7
1072600 538.8
1072610 528.7
1072620 546.6
1072630 547.6
1072640 549.7
1072650 549.7
1072660 552.3
1072670 554.4
1072680 554.4
1072690 555.6
1072700 556.2
1072710 556.2
1072720 556.6
1072730 556.9
1072740 556.9
1072750 557.7
1072760 558.3
1072770 558.3
1072780 559.0
1072790 559.8
1072800 560.5
1072810 560.5
1072820 561.4
1072830 561.9
1072840 561.9
1072850 562.5
1072860 563.6
1072870 563.6
1072880 564.7
1072890 565.7
1072900 565.7
1072910 566.3
1072920 566.8
1072930 570.6
1072940 571.2
1072950 572.2
1072960 572.2
1072970 573.1
1072980 573.8
1072990 573.8
1073000 574.1
1073010 574.7
1073020 574.7
1073030 575.5
1073040 576.3
1073050 576.3
1073060 577.5
1073070 578.4
1073080 578.4
1073090 578.4
1073100 578.7
1073110 578.8
1073120 578.8
1073130 579.1
1073140 578.5
1073150 578.5
1073160 578.4
1073170 578.2
1073180 578.2
1073190 578.6
1073200 576.9
1073210 576.9
1073220 573.6
1073230 573.1
1073240 574.8
1073250 578.0
1073260 580.1
1073270 580.1
1073280 579.5
1073290 577.8
1073300 577.8
1073310 577.6
1073320 576.9
1073330 576.9
1073340 570.4
1073350 560.1
1073360 554.2
1073370 554.2
1073380 548.5
1073390 542.0
1073400 542.0
1073410 533.6
1073420 525.5
1073430 525.5
1073440 517.5
1073450 512.9
1073460 512.9
1073470 505.0
1073480 492.1
1073490 492.1
1073500 489.7
1073510 490.5
1073520 490.5
1073530 496.2
1073540 506.3
1073550 503.7
1073560 514.4
1073570 525.2
1073580 525.2
1073590 533.5
1073600 546.6
1073610 546.6
1073620 552.3
1073630 552.9
1073640 552.9
1073650 553.7
1073660 554.1
1073670 554.7
1073680 554.7
1073690 555.5
1073700 555.9
1073710 555.9
1073720 556.5
1073730 556.6
1073740 556.6
1073750 556.0
1073760 558.7
1073770 558.7
1073780 561.2
1073790 562.6
1073800 562.6
1073810 562.8
1073820 563.2
1073830 563.2
1073840 565.8
1073850 571.1
1073860 573.2
1073870 579.7
1073880 586.5
1073890 586.5
1073900 593.9
1073910 608.2
1073920 608.2
1073930 619.5
1073940 622.9
1073950 624.2
1073960 624.2
1073970 624.7
1073980 625.4
1073990 625.4
1074000 625.6
1074010 624.7
1074020 624.7
1074030 623.0
1074040 622.5
1074050 622.5
1074060 623.1
1074070 623.6
1074080 623.6
1074090 624.9
1074100 627.4
1074110 627.4
1074120 631.2
1074130 635.8
1074140 635.8
1074150 640.7
1074160 646.3
1074170 642.4
1074180 646.8
1074190 650.0
1074200 650.0
1074210 651.4
1074220 652.8
1074230 654.8
1074240 654.8
1074250 655.4
1074260 655.0
1074270 655.0
1074280 653.3
1074290 651.3
1074300 651.3
1074310 649.6
1074320 648.4
1074330 648.4
1074340 647.5
1074350 646.5
1074360 646.5
1074370 645.9
1074380 644.1
1074390 644.1
1074400 642.2
1074410 638.9
1074420 638.9
1074430 633.5
1074440 630.6
1074450 630.6
1074460 625.9
1074470 619.9
1074480 621.1
1074490 615.9
1074500 611.7
1074510 611.7
1074520 612.1
1074530 618.4
1074540 625.0
1074550 625.0
1074560 630.6
1074570 632.4
1074580 632.4
1074590 633.2
1074600 633.6
1074610 633.6
1074620 628.8
1074630 619.5
1074640 619.5
1074650 608.3
1074660 599.1
1074670 599.1
1074680 594.6
1074690 589.6
1074700 589.6
1074710 585.9
1074720 581.3
1074730 581.3
1074740 576.1
1074750 571.9
1074760 571.9
1074770 570.5
1074780 570.3
1074790 570.3
1074800 570.2
1074810 570.1
1074820 570.0
1074830 570.0
1074840 570.2
1074850 571.6
1074860 571.6
1074870 575.2
1074880 580.2
1074890 580.2
1074900 586.4
1074910 593.4
1074920 593.4
1074930 601.2
1074940 609.4
1074950 609.4
1074960 618.1
1074970 635.3
1074980 635.3
1074990 635.3
1075000 634.8
1075010 634.8
1075020 639.2
1075030 645.1
1075040 645.1
1075050 650.2
1075060 653.8
1075070 653.8
1075080 657.1
1075090 659.1
1075100 659.4
1075110 659.4
1075120 663.4
1075130 667.6
1075140 667.6
1075150 671.3
1075160 671.0
1075170 671.0
1075180 671.7
1075190 672.9
1075200 672.9
1075210 671.7
1075220 670.3
1075230 670.3
1075240 661.0
1075250 656.0
1075260 656.0
1075270 661.7
1075280 669.6
1075290 669.6
1075300 677.9
1075310 683.3
1075320 683.3
1075330 688.3
1075340 693.6
1075350 693.6
1075360 699.1
1075370 703.8
1075380 703.8
1075390 707.8
1075400 712.4
1075410 713.7
1075420 711.8
1075430 712.4
1075440 714.4
1075450 714.4
1075460 717.8
1075470 719.6
1075480 719.6
1075490 720.9
1075500 721.5
1075510 721.5
1075520 721.3
1075530 721.5
1075540 721.5
1075550 722.0
1075560 723.0
1075570 723.0
1075580 723.8
1075590 725.1
1075600 725.1
1075610 724.8
1075620 725.2
1075630 725.2
1075640 725.9
1075650 725.2
1075660 725.2
1075670 723.4
1075680 721.9
1075690 720.7
1075700 720.7
1075710 720.1
1075720 718.4
1075730 717.1
1075740 715.4
1075750 714.9
1075760 714.9
1075770 715.4
1075780 716.1
1075790 716.1
1075800 717.3
1075810 718.3
1075820 718.3
1075830 719.4
1075840 719.7
1075850 719.7
1075860 719.4
1075870 718.5
1075880 718.5
1075890 717.9
1075900 717.6
1075910 717.6
1075920 717.3
1075930 716.9
1075940 716.9
1075950 717.2
1075960 717.6
1075970 717.8
1075980 717.8
1075990 717.8
1076000 718.2
1076010 718.2
1076020 717.8
1076030 716.8
1076040 713.6
1076050 712.8
1076060 710.7
1076070 710.7
1076080 708.1
1076090 706.1
1076100 706.1
1076110 704.2
1076120 703.4
1076130 703.4
1076140 703.5
1076150 702.4
1076160 702.4
1076170 702.4
1076180 703.0
1076190 703.0
1076200 703.3
1076210 702.9
1076220 702.9
1076230 701.7
1076240 700.5
1076250 700.5
1076260 699.5
1076270 698.7
1076280 698.0
1076290 698.0
1076300 696.4
1076310 694.7
1076320 694.7
1076330 692.4
1076340 689.9
1076350 687.1
1076360 686.9
1076370 686.0
1076380 686.0
1076390 690.1
1076400 697.7
1076410 697.7
1076420 696.7
1076430 695.0
1076440 695.0
1076450 700.0
1076460 707.2
1076470 707.2
1076480 714.3
1076490 719.4
1076500 719.4
1076510 723.1
1076520 727.1
1076530 727.1
1076540 730.7
1076550 735.4
1076560 738.0
1076570 738.0
1076580 739.3
1076590 740.0
1076600 740.0
1076610 743.6
1076620 746.7
1076630 746.7
1076640 749.7
1076650 753.3
1076660 757.5
1076670 761.5
1076680 766.7
1076690 766.7
1076700 771.8
1076710 775.9
1076720 775.9
1076730 780.3
1076740 784.9
1076750 784.9
1076760 787.5
1076770 792.7
1076780 792.7
1076790 795.2
1076800 798.5
1076810 798.5
1076820 802.6
1076830 806.3
1076840 808.7
1076850 808.7
1076860 811.2
1076870 815.5
1076880 815.5
1076890 821.0
1076900 827.5
1076910 827.5
1076920 834.6
1076930 840.6
1076940 840.6
1076950 845.5
1076960 855.7
1076970 855.7
1076980 879.5
1076990 891.6
1077000 891.6
1077010 902.5
1077020 916.9
1077030 916.9
1077040 929.2
1077050 943.9
1077060 943.9
1077070 947.3
1077080 948.0
1077090 948.0
1077100 949.2
1077110 951.0
1077120 951.0
1077130 953.5
1077140 956.1
1077150 959.3
1077160 959.3
1077170 961.8
1077180 962.9
1077190 962.9
1077200 964.2
1077210 966.7
1077220 966.7
1077230 969.4
1077240 972.4
1077250 972.4
1077260 976.0
1077270 980.4
1077280 980.4
1077290 988.9
1077300 991.7
1077310 991.7
1077320 991.4
1077330 991.3
1077340 991.3
1077350 993.3
1077360 995.4
1077370 995.4
1077380 998.6
1077390 1002.4
1077400 1002.4
1077410 1004.9
1077420 1005.8
1077430 1005.8
1077440 1005.8
1077450 1005.8
1077460 1006.2
1077470 1006.2
1077480 1006.6
1077490 1006.2
1077500 1006.2
1077510 1005.4
1077520 1004.5
1077530 1004.5
1077540 1003.9
1077550 1003.5
1077560 1003.5
1077570 1003.4
1077580 1003.9
1077590 1003.9
1077600 1005.0
1077610 1004.7
1077620 1004.7
1077630 1003.3
1077640 1001.4
1077650 1001.4
1077660 999.5
1077670 997.6
1077680 997.6
1077690 996.6
1077700 997.2
1077710 997.8
1077720 997.8
1077730 998.4
1077740 999.4
1077750 999.4
1077760 1000.7
1077770 1001.8
1077780 1001.8
1077790 1002.1
1077800 1002.1
1077810 1002.1
1077820 1001.7
1077830 1001.3
1077840 1001.3
1077850 1000.3
1077860 998.7
1077870 998.7
1077880 1000.9
1077890 1003.6
1077900 1003.6
1077910 1010.4
1077920 1012.9
1077930 1012.9
1077940 1013.6
1077950 1016.1
1077960 1016.1
1077970 1019.7
1077980 1022.8
1077990 1022.8
1078000 1025.3
1078010 1027.7
1078020 1029.4
1078030 1029.4
1078040 1030.6
1078050 1030.8
1078060 1030.8
1078070 1033.0
1078080 1036.4
1078090 1036.4
1078100 1040.3
1078110 1044.6
1078120 1044.6
1078130 1048.9
1078140 1052.3
1078150 1052.3
1078160 1055.1
1078170 1056.0
1078180 1056.0
1078190 1055.9
1078200 1056.2
1078210 1056.2
1078220 1057.4
1078230 1059.5
1078240 1059.5
1078250 1062.1
1078260 1065.6
1078270 1065.6
1078280 1069.6
1078290 1073.5
1078300 1075.9
1078310 1075.9
1078320 1076.9
1078330 1077.5
1078340 1077.5
1078350 1077.1
1078360 1076.2
1078370 1076.2
1078380 1075.3
1078390 1074.5
1078400 1074.5
1078410 1074.9
1078420 1076.8
1078430 1076.8
1078440 1080.0
1078450 1083.5
1078460 1083.5
1078470 1086.9
1078480 1089.3
1078490 1089.3
1078500 1091.2
1078510 1093.4
1078520 1093.4
1078530 1096.1
1078540 1094.4
1078550 1094.4
1078560 1096.0
1078570 1096.7
1078580 1097.3
1078590 1097.3
1078600 1097.6
1078610 1097.1
1078620 1097.1
1078630 1097.1
1078640 1096.5
1078650 1096.5
1078660 1095.5
1078670 1094.4
1078680 1094.4
1078690 1093.6
1078700 1092.2
1078710 1092.2
1078720 1091.5
1078730 1092.4
1078740 1092.4
1078750 1093.0
1078760 1093.3
1078770 1093.3
1078780 1093.4
1078790 1094.1
1078800 1094.1
1078810 1094.6
1078820 1095.2
1078830 1095.2
1078840 1095.9
1078850 1095.7
1078860 1090.2
1078870 1089.8
1078880 1088.7
1078890 1088.0
1078900 1088.0
1078910 1086.4
1078920 1084.6
1078930 1084.6
1078940 1082.2
1078950 1081.0
1078960 1081.0
1078970 1080.8
1078980 1080.8
1078990 1080.8
1079000 1081.3
1079010 1082.2
1079020 1082.2
1079030 1082.1
1079040 1081.5
1079050 1081.5
1079060 1080.6
1079070 1080.9
1079080 1080.9
1079090 1081.1
1079100 1081.4
1079110 1081.4
1079120 1081.2
1079130 1081.0
1079140 1081.0
1079150 1080.8
1079160 1079.8
1079170 1074.4
1079180 1074.4
1079190 1072.3
1079200 1070.9
1079210 1070.9
1079220 1067.4
1079230 1065.2
1079240 1065.2
1079250 1063.2
1079260 1063.5
1079270 1063.5
1079280 1064.1
1079290 1066.6
1079300 1066.6
1079310 1068.7
1079320 1067.6
1079330 1067.6
1079340 1064.6
1079350 1060.6
1079360 1060.6
1079370 1056.5
1079380 1051.3
1079390 1051.3
1079400 1045.2
1079410 1040.6
1079420 1040.6
1079430 1036.6
1079440 1034.3
1079450 1030.7
1079460 1030.7
1079470 1031.8
1079480 1023.2
1079490 1023.2
1079500 1023.9
1079510 1021.9
1079520 1021.9
1079530 1017.8
1079540 1010.5
1079550 1010.5
1079560 1007.6
1079570 1007.0
1079580 1007.0
1079590 1004.7
1079600 1002.6
1079610 1002.6
1079620 1001.2
1079630 1001.4
1079640 1001.4
1079650 1002.5
1079660 1002.6
1079670 1002.6
1079680 1002.7
1079690 1000.8
1079700 1000.8
1079710 998.1
1079720 1002.4
1079730 1002.4
1079740 1007.3
1079750 1010.0
1079760 1012.8
1079770 1012.8
1079780 1017.2
1079790 1022.5
1079800 1020.0
1079810 1024.5
1079820 1026.4
1079830 1026.4
1079840 1027.6
1079850 1029.0
1079860 1029.0
1079870 1030.8
1079880 1030.0
1079890 1030.0
1079900 1027.8
1079910 1026.0
1079920 1026.0
1079930 1031.2
1079940 1039.5
1079950 1039.5
1079960 1045.4
1079970 1050.1
1079980 1050.1
1079990 1056.0
