1067140 419.4
1067150 419.4
1067160 419.5
1067170 419.4
1067180 419.4
1067190 419.4
1067200 419.4
1067210 419.4
1067220 420.2
1067230 420.7
1067240 420.7
1067250 421.0
1067260 422.1
1067270 422.1
1067280 423.2
1067290 422.0
1067300 422.0
1067310 422.7
1067320 425.2
1067330 425.2
1067340 422.9
1067350 422.1
1067360 422.1
1067370 422.1
1067380 422.1
1067390 422.1
1067400 422.2
1067410 422.1
1067420 422.1
1067430 422.1
1067440 422.0
1067450 422.0
1067460 422.0
1067470 422.0
1067480 421.9
1067490 421.9
1067500 421.9
1067510 422.1
1067520 422.1
1067530 419.9
1067540 418.5
1067550 418.5
1067560 416.3
1067570 416.2
1067580 416.2
1067590 416.1
1067600 416.3
1067610 416.3
1067620 416.4
1067630 416.4
1067640 416.4
1067650 416.4
1067660 417.6
1067670 419.0
1067680 422.1
1067690 422.5
1067700 422.2
1067710 422.2
1067720 422.3
1067730 422.4
1067740 422.4
1067750 423.3
1067760 425.1
1067770 425.1
1067780 423.2
1067790 421.5
1067800 421.5
1067810 421.3
1067820 421.3
1067830 421.3
1067840 421.2
1067850 421.2
1067860 421.2
1067870 421.3
1067880 421.3
1067890 421.3
1067900 421.4
1067910 421.3
1067920 421.3
1067930 419.1
1067940 420.7
1067950 420.7
1067960 420.9
1067970 420.9
1067980 420.8
1067990 420.9
1068000 420.8
1068010 420.7
1068020 420.7
1068030 422.1
1068040 424.4
1068050 424.4
1068060 421.7
1068070 420.0
1068080 420.0
1068090 419.4
1068100 419.3
1068110 419.3
1068120 419.3
1068130 419.2
1068140 419.2
1068150 419.1
1068160 419.0
1068170 419.0
1068180 419.0
1068190 419.0
1068200 419.0
1068210 418.9
1068220 418.9
1068230 418.9
1068240 418.9
1068250 419.1
1068260 419.1
1068270 418.9
1068280 418.9
1068290 418.8
1068300 418.8
1068310 418.7
1068320 418.6
1068330 418.6
1068340 418.6
1068350 418.6
1068360 418.6
1068370 418.6
1068380 418.5
1068390 418.5
1068400 418.5
1068410 418.5
1068420 418.5
1068430 418.5
1068440 418.6
1068450 418.6
1068460 418.6
1068470 418.5
1068480 418.5
1068490 418.5
1068500 419.2
1068510 419.2
1068520 419.6
1068530 419.5
1068540 419.5
1068550 419.4
1068560 419.3
1068570 419.4
1068580 419.4
1068590 419.1
1068600 419.1
1068610 419.1
1068620 419.1
1068630 419.1
1068640 419.1
1068650 418.8
1068660 418.7
1068670 418.7
1068680 418.6
1068690 418.6
1068700 418.6
1068710 418.6
1068720 418.5
1068730 418.5
1068740 418.5
1068750 418.6
1068760 418.6
1068770 418.7
1068780 418.7
1068790 418.7
1068800 418.7
1068810 418.6
1068820 418.6
1068830 418.4
1068840 418.5
1068850 418.5
1068860 418.5
1068870 418.5
1068880 418.5
1068890 418.5
1068900 418.6
1068910 418.6
1068920 418.6
1068930 418.6
1068940 418.5
1068950 418.5
1068960 418.6
1068970 418.6
1068980 418.6
1068990 418.5
1069000 418.6
1069010 418.6
1069020 419.1
1069030 419.2
1069040 419.2
1069050 419.2
1069060 419.1
1069070 419.1
1069080 419.0
1069090 419.0
1069100 419.0
1069110 418.8
1069120 419.0
1069130 419.0
1069140 419.8
1069150 420.3
1069160 419.2
1069170 419.2
1069180 418.5
1069190 418.4
1069200 418.5
1069210 418.6
1069220 418.7
1069230 418.7
1069240 418.6
1069250 418.6
1069260 418.6
1069270 418.8
1069280 418.9
1069290 418.9
1069300 418.8
1069310 418.8
1069320 418.8
1069330 418.7
1069340 418.6
1069350 418.6
1069360 418.6
1069370 418.6
1069380 418.6
1069390 418.8
1069400 418.9
1069410 418.9
1069420 418.8
1069430 419.3
1069440 419.3
1069450 419.7
1069460 419.6
1069470 419.3
1069480 419.3
1069490 419.2
1069500 419.1
1069510 419.0
1069520 419.0
1069530 419.0
1069540 419.0
1069550 418.9
1069560 418.9
1069570 418.9
1069580 418.9
1069590 419.2
1069600 419.2
1069610 419.3
1069620 419.4
1069630 419.4
1069640 419.4
1069650 419.5
1069660 419.5
1069670 419.6
1069680 419.6
1069690 419.6
1069700 419.7
1069710 419.7
1069720 419.7
1069730 419.7
1069740 419.8
1069750 420.0
1069760 420.0
1069770 420.1
1069780 420.6
1069790 420.6
1069800 420.2
1069810 419.8
1069820 420.0
1069830 420.0
1069840 420.1
1069850 420.1
1069860 420.1
1069870 420.1
1069880 420.1
1069890 420.1
1069900 420.1
1069910 420.1
1069920 420.2
1069930 420.2
1069940 420.2
1069950 420.2
1069960 420.4
1069970 420.4
1069980 420.5
1069990 420.6
1070000 420.6
1070010 420.7
1070020 420.7
1070030 420.6
1070040 420.6
1070050 420.6
1070060 420.7
1070070 420.7
1070080 420.7
1070090 420.8
1070100 420.8
1070110 420.6
1070120 420.6
1070130 420.6
1070140 420.6
1070150 420.7
1070160 420.7
1070170 420.7
1070180 420.8
1070190 420.8
1070200 420.8
1070210 420.9
1070220 420.9
1070230 421.0
1070240 421.6
1070250 421.6
1070260 423.0
1070270 423.5
1070280 423.5
1070290 423.9
1070300 424.3
1070310 424.3
1070320 424.5
1070330 424.6
1070340 424.6
1070350 424.6
1070360 424.7
1070370 424.7
1070380 424.7
1070390 424.7
1070400 424.7
1070410 424.7
1070420 424.7
1070430 425.0
1070440 425.0
1070450 425.0
1070460 424.6
1070470 424.6
1070480 424.8
1070490 424.9
1070500 424.9
1070510 424.9
1070520 424.8
1070530 424.8
1070540 424.8
1070550 424.9
1070560 424.9
1070570 424.9
1070580 425.1
1070590 425.1
1070600 425.2
1070610 425.3
1070620 425.4
1070630 425.4
1070640 425.5
1070650 425.5
1070660 425.5
1070670 425.5
1070680 425.6
1070690 425.6
1070700 425.6
1070710 425.6
1070720 425.6
1070730 425.6
1070740 425.6
1070750 425.6
1070760 425.6
1070770 425.6
1070780 425.6
1070790 426.1
1070800 429.1
1070810 429.1
1070820 437.3
1070830 446.5
1070840 446.5
1070850 449.2
1070860 452.4
1070870 452.4
1070880 455.3
1070890 456.3
1070900 456.3
1070910 456.8
1070920 457.3
1070930 457.0
1070940 457.0
1070950 458.1
1070960 457.9
1070970 457.9
1070980 459.2
1070990 462.8
1071000 462.8
1071010 464.7
1071020 464.1
1071030 464.1
1071040 460.8
1071050 456.5
1071060 456.5
1071070 456.5
1071080 455.6
1071090 455.6
1071100 455.3
1071110 455.2
1071120 455.2
1071130 455.4
1071140 457.0
1071150 457.0
1071160 459.4
1071170 462.4
1071180 462.4
1071190 464.5
1071200 465.8
1071210 465.9
1071220 465.9
1071230 465.2
1071240 464.5
1071250 464.5
1071260 462.8
1071270 460.9
1071280 460.9
1071290 458.8
1071300 454.8
1071310 454.8
1071320 449.7
1071330 445.9
1071340 445.9
1071350 441.9
1071360 438.1
1071370 438.1
1071380 433.5
1071390 430.5
1071400 430.5
1071410 426.3
1071420 426.2
1071430 426.2
1071440 426.0
1071450 425.5
1071460 425.5
1071470 425.3
1071480 425.2
1071490 425.0
1071500 425.0
1071510 425.2
1071520 425.0
1071530 425.0
1071540 424.8
1071550 424.8
1071560 424.8
1071570 424.7
1071580 424.8
1071590 424.8
1071600 424.8
1071610 424.6
1071620 424.6
1071630 424.6
1071640 424.5
1071650 424.5
1071660 424.5
1071670 424.2
1071680 424.2
1071690 424.6
1071700 424.6
1071710 424.6
1071720 424.4
1071730 424.4
1071740 424.4
1071750 424.3
1071760 424.2
1071770 424.2
1071780 424.0
1071790 423.9
1071800 423.8
1071810 423.8
1071820 423.9
1071830 423.9
1071840 423.9
1071850 424.0
1071860 424.0
1071870 424.0
1071880 423.9
1071890 424.0
1071900 424.0
1071910 424.2
1071920 424.4
1071930 424.4
1071940 424.6
1071950 424.8
1071960 424.8
1071970 424.9
1071980 424.8
1071990 424.8
1072000 424.6
1072010 424.8
1072020 424.8
1072030 425.1
1072040 425.2
1072050 425.2
1072060 425.3
1072070 425.3
1072080 425.3
1072090 425.3
1072100 425.3
1072110 425.4
1072120 425.4
1072130 425.5
1072140 425.6
1072150 425.6
1072160 425.6
1072170 425.1
1072180 425.1
1072190 424.8
1072200 426.0
1072210 426.0
1072220 430.5
1072230 435.4
1072240 435.4
1072250 439.2
1072260 440.6
1072270 440.6
1072280 441.0
1072290 438.7
1072300 438.7
1072310 436.6
1072320 435.6
1072330 435.6
1072340 436.3
1072350 438.8
1072360 438.8
1072370 440.2
1072380 441.9
1072390 445.8
1072400 445.8
1072410 447.3
1072420 445.2
1072430 445.2
1072440 443.3
1072450 443.3
1072460 443.3
1072470 444.5
1072480 447.7
1072490 447.7
1072500 451.4
1072510 454.4
1072520 454.4
1072530 456.9
1072540 457.9
1072550 457.9
1072560 456.9
1072570 456.4
1072580 456.4
1072590 453.3
1072600 451.7
1072610 451.7
1072620 450.3
1072630 448.9
1072640 448.9
1072650 447.6
1072660 446.9
1072670 447.8
1072680 447.8
1072690 449.1
1072700 450.9
1072710 450.9
1072720 452.9
1072730 453.0
1072740 453.0
1072750 451.2
1072760 450.0
1072770 450.0
1072780 450.6
1072790 451.4
1072800 451.4
1072810 452.8
1072820 454.6
1072830 454.6
1072840 456.7
1072850 458.8
1072860 458.8
1072870 462.2
1072880 466.2
1072890 466.2
1072900 474.5
1072910 477.0
1072920 477.0
1072930 479.6
1072940 481.6
1072950 482.3
1072960 482.3
1072970 482.8
1072980 482.8
1072990 482.8
1073000 483.6
1073010 484.2
1073020 484.2
1073030 484.4
1073040 484.4
1073050 484.4
1073060 484.7
1073070 485.3
1073080 485.3
1073090 486.2
1073100 486.6
1073110 486.6
1073120 487.0
1073130 486.9
1073140 486.9
1073150 486.4
1073160 485.9
1073170 485.9
1073180 485.4
1073190 484.1
1073200 484.1
1073210 489.5
1073220 488.3
1073230 488.3
1073240 486.5
1073250 483.9
1073260 480.1
1073270 480.1
1073280 476.0
1073290 473.0
1073300 473.0
1073310 471.5
1073320 471.5
1073330 471.5
1073340 471.1
1073350 470.7
1073360 470.7
1073370 470.1
1073380 470.2
1073390 470.2
1073400 470.6
1073410 470.7
1073420 470.7
1073430 470.9
1073440 471.0
1073450 471.0
1073460 471.4
1073470 472.1
1073480 472.1
1073490 472.5
1073500 472.8
1073510 472.8
1073520 473.0
1073530 473.0
1073540 474.8
1073550 474.8
1073560 477.6
1073570 480.2
1073580 480.2
1073590 485.0
1073600 490.5
1073610 490.5
1073620 496.4
1073630 503.1
1073640 503.1
1073650 511.0
1073660 523.1
1073670 523.1
1073680 544.2
1073690 548.8
1073700 548.8
1073710 549.2
1073720 550.8
1073730 550.8
1073740 553.1
1073750 550.4
1073760 550.4
1073770 543.2
1073780 542.7
1073790 542.7
1073800 546.9
1073810 551.5
1073820 556.5
1073830 556.6
1073840 559.9
1073850 562.8
1073860 562.8
1073870 566.1
1073880 569.4
1073890 569.4
1073900 573.8
1073910 578.3
1073920 578.3
1073930 581.4
1073940 583.8
1073950 583.8
1073960 585.8
1073970 587.7
1073980 587.7
1073990 589.0
1074000 589.1
1074010 589.1
1074020 587.8
1074030 585.5
1074040 585.5
1074050 582.6
1074060 579.8
1074070 579.8
1074080 578.3
1074090 577.9
1074100 577.9
1074110 578.2
1074120 579.1
1074130 580.3
1074140 580.7
1074150 582.9
1074160 586.0
1074170 586.0
1074180 589.3
1074190 591.9
1074200 591.9
1074210 592.7
1074220 591.6
1074230 591.6
1074240 589.8
1074250 589.2
1074260 589.2
1074270 589.0
1074280 588.6
1074290 588.6
1074300 588.5
1074310 589.7
1074320 589.7
1074330 592.6
1074340 595.5
1074350 595.5
1074360 597.7
1074370 598.8
1074380 598.8
1074390 598.6
1074400 597.0
1074410 594.6
1074420 594.6
1074430 590.6
1074440 585.4
1074450 587.0
1074460 582.3
1074470 578.4
1074480 578.4
1074490 576.9
1074500 576.4
1074510 576.4
1074520 576.2
1074530 576.3
1074540 576.3
1074550 576.5
1074560 576.6
1074570 576.6
1074580 576.6
1074590 576.6
1074600 576.6
1074610 576.5
1074620 576.2
1074630 576.2
1074640 575.9
1074650 575.7
1074660 575.7
1074670 575.6
1074680 575.8
1074690 575.8
1074700 576.1
1074710 576.5
1074720 577.1
1074730 577.1
1074740 578.0
1074750 579.3
1074760 579.2
1074770 580.2
1074780 581.1
1074790 581.1
1074800 581.1
1074810 579.9
1074820 579.9
1074830 578.0
1074840 575.9
1074850 575.9
1074860 572.6
1074870 567.9
1074880 567.9
1074890 562.9
1074900 559.7
1074910 559.7
1074920 558.3
1074930 557.8
1074940 557.8
1074950 558.1
1074960 558.4
1074970 558.4
1074980 560.0
1074990 561.7
1075000 563.6
1075010 563.6
1075020 565.1
1075030 566.5
1075040 566.5
1075050 568.3
1075060 571.4
1075070 574.6
1075080 578.4
1075090 582.0
1075100 582.0
1075110 586.0
1075120 590.5
1075130 590.5
1075140 595.1
1075150 600.6
1075160 600.6
1075170 606.6
1075180 613.2
1075190 613.2
1075200 619.9
1075210 627.0
1075220 627.0
1075230 639.5
1075240 673.7
1075250 673.7
1075260 687.2
1075270 690.2
1075280 689.3
1075290 689.3
1075300 698.6
1075310 700.2
1075320 700.2
1075330 698.1
1075340 695.3
1075350 695.3
1075360 689.7
1075370 686.3
1075380 691.1
1075390 690.4
1075400 689.8
1075410 689.8
1075420 692.3
1075430 696.1
1075440 696.1
1075450 701.2
1075460 705.9
1075470 705.9
1075480 708.7
1075490 713.8
1075500 713.8
1075510 717.0
1075520 719.9
1075530 719.9
1075540 721.3
1075550 723.0
1075560 723.0
1075570 724.5
1075580 730.3
1075590 734.1
1075600 734.1
1075610 736.8
1075620 739.1
1075630 739.1
1075640 741.4
1075650 746.8
1075660 746.8
1075670 749.8
1075680 750.4
1075690 750.4
1075700 750.8
1075710 752.5
1075720 752.5
1075730 753.3
1075740 754.2
1075750 754.2
1075760 754.5
1075770 756.7
1075780 756.7
1075790 757.4
1075800 755.6
1075810 755.6
1075820 755.3
1075830 756.0
1075840 756.0
1075850 757.6
1075860 760.4
1075870 762.0
1075880 762.0
1075890 762.1
1075900 762.4
1075910 762.4
1075920 764.3
1075930 765.9
1075940 765.9
1075950 765.8
1075960 766.3
1075970 766.3
1075980 768.7
1075990 771.4
1076000 771.4
1076010 770.4
1076020 771.3
1076030 771.3
1076040 776.2
1076050 781.3
1076060 781.3
1076070 784.3
1076080 784.6
1076090 784.6
1076100 784.3
1076110 783.9
1076120 783.9
1076130 784.6
1076140 784.0
1076150 782.1
1076160 782.1
1076170 780.2
1076180 778.9
1076190 778.9
1076200 777.5
1076210 776.2
1076220 776.2
1076230 775.2
1076240 774.6
1076250 774.6
1076260 775.0
1076270 775.9
1076280 775.9
1076290 777.2
1076300 775.9
1076310 775.9
1076320 770.5
1076330 769.2
1076340 769.2
1076350 770.0
1076360 770.3
1076370 770.3
1076380 769.4
1076390 768.3
1076400 768.3
1076410 767.1
1076420 765.8
1076430 765.8
1076440 764.4
1076450 762.4
1076460 761.0
1076470 761.0
1076480 758.8
1076490 757.4
1076500 757.4
1076510 756.1
1076520 753.8
1076530 753.8
1076540 751.7
1076550 749.8
1076560 749.8
1076570 748.9
1076580 750.1
1076590 750.1
1076600 751.8
1076610 753.1
1076620 753.1
1076630 749.2
1076640 748.4
1076650 748.4
1076660 747.5
1076670 746.4
1076680 746.4
1076690 742.5
1076700 737.6
1076710 737.6
1076720 733.5
1076730 732.6
1076740 737.0
1076750 737.0
1076760 736.0
1076770 731.3
1076780 731.3
1076790 731.3
1076800 734.6
1076810 734.6
1076820 739.1
1076830 746.6
1076840 746.6
1076850 752.3
1076860 757.2
1076870 757.2
1076880 760.0
1076890 764.0
1076900 764.0
1076910 768.8
1076920 774.4
1076930 774.4
1076940 781.4
1076950 788.8
1076960 788.8
1076970 795.3
1076980 801.7
1076990 801.7
1077000 809.8
1077010 817.0
1077020 822.8
1077030 822.8
1077040 825.0
1077050 826.3
1077060 826.3
1077070 833.0
1077080 844.9
1077090 844.9
1077100 854.2
1077110 860.4
1077120 860.4
1077130 866.6
1077140 872.1
1077150 872.1
1077160 877.5
1077170 882.5
1077180 882.5
1077190 886.0
1077200 887.8
1077210 887.8
1077220 887.3
1077230 883.7
1077240 883.7
1077250 883.0
1077260 898.7
1077270 898.7
1077280 899.8
1077290 899.7
1077300 899.7
1077310 900.7
1077320 901.0
1077330 897.9
1077340 897.9
1077350 903.1
1077360 904.8
1077370 904.8
1077380 907.1
1077390 909.4
1077400 909.4
1077410 911.9
1077420 914.9
1077430 914.9
1077440 917.2
1077450 919.1
1077460 919.1
1077470 920.2
1077480 921.0
1077490 921.0
1077500 921.5
1077510 921.6
1077520 921.6
1077530 921.0
1077540 920.0
1077550 920.0
1077560 918.8
1077570 922.9
1077580 922.9
1077590 918.3
1077600 915.2
1077610 914.3
1077620 914.3
1077630 911.9
1077640 913.6
1077650 913.6
1077660 914.6
1077670 914.9
1077680 914.9
1077690 915.4
1077700 914.3
1077710 914.3
1077720 914.9
1077730 920.5
1077740 920.5
1077750 923.0
1077760 926.8
1077770 926.8
1077780 930.0
1077790 930.7
1077800 930.7
1077810 930.1
1077820 929.6
1077830 929.6
1077840 932.0
1077850 932.8
1077860 932.8
1077870 933.2
1077880 937.8
1077890 936.9
1077900 936.9
1077910 937.7
1077920 940.5
1077930 940.5
1077940 943.8
1077950 945.8
1077960 945.8
1077970 946.7
1077980 948.9
1077990 948.9
1078000 953.0
1078010 958.0
1078020 958.0
1078030 964.1
1078040 968.3
1078050 968.3
1078060 971.0
1078070 973.1
1078080 973.1
1078090 977.2
1078100 981.8
1078110 981.8
1078120 984.7
1078130 986.6
1078140 986.6
1078150 988.4
1078160 989.9
1078170 989.9
1078180 991.3
1078190 991.9
1078200 995.7
1078210 995.7
1078220 993.6
1078230 998.6
1078240 998.6
1078250 1002.4
1078260 1005.5
1078270 1005.5
1078280 1008.6
1078290 1009.8
1078300 1009.8
1078310 1010.2
1078320 1012.9
1078330 1012.9
1078340 1016.5
1078350 1017.9
1078360 1017.9
1078370 1019.2
1078380 1021.6
1078390 1021.6
1078400 1023.0
1078410 1025.0
1078420 1025.0
1078430 1027.4
1078440 1029.3
1078450 1029.3
1078460 1032.5
1078470 1038.9
1078480 1045.9
1078490 1045.9
1078500 1053.2
1078510 1063.4
1078520 1063.4
1078530 1071.1
1078540 1079.8
1078550 1079.8
1078560 1087.3
1078570 1094.2
1078580 1094.2
1078590 1101.4
1078600 1108.6
1078610 1108.6
1078620 1112.2
1078630 1110.8
1078640 1110.8
1078650 1109.1
1078660 1110.0
1078670 1110.0
1078680 1111.3
1078690 1112.3
1078700 1112.3
1078710 1112.9
1078720 1114.4
1078730 1114.4
1078740 1115.6
1078750 1117.9
1078760 1121.0
1078770 1121.0
1078780 1122.6
1078790 1128.5
1078800 1128.5
1078810 1134.0
1078820 1140.9
1078830 1140.9
1078840 1144.8
1078850 1148.6
1078860 1148.6
1078870 1152.6
1078880 1156.0
1078890 1156.0
1078900 1159.3
1078910 1162.6
1078920 1162.6
1078930 1165.7
1078940 1168.5
1078950 1168.5
1078960 1169.6
1078970 1169.0
1078980 1169.0
1078990 1168.2
1079000 1167.7
1079010 1167.7
1079020 1167.1
1079030 1166.5
1079040 1166.5
1079050 1166.4
1079060 1165.3
1079070 1163.8
1079080 1163.8
1079090 1163.4
1079100 1165.0
1079110 1165.0
1079120 1166.5
1079130 1167.7
1079140 1161.8
1079150 1161.9
1079160 1161.5
1079170 1161.5
1079180 1159.8
1079190 1158.5
1079200 1158.5
1079210 1156.4
1079220 1152.5
1079230 1152.5
1079240 1150.2
1079250 1147.1
1079260 1147.1
1079270 1142.7
1079280 1138.7
1079290 1138.7
1079300 1138.1
1079310 1137.9
1079320 1137.9
1079330 1137.0
1079340 1133.6
1079350 1130.5
1079360 1130.5
1079370 1126.3
1079380 1126.2
1079390 1126.2
1079400 1124.8
1079410 1123.3
1079420 1123.3
1079430 1122.8
1079440 1123.6
1079450 1120.7
1079460 1122.3
1079470 1124.4
1079480 1124.4
1079490 1126.2
1079500 1127.7
1079510 1127.7
1079520 1128.2
1079530 1127.9
1079540 1127.9
1079550 1127.1
1079560 1125.6
1079570 1125.6
1079580 1123.4
1079590 1121.5
1079600 1121.5
1079610 1119.2
1079620 1115.9
1079630 1111.7
1079640 1111.7
1079650 1107.4
1079660 1104.4
1079670 1104.4
1079680 1101.7
1079690 1098.1
1079700 1098.1
1079710 1095.8
1079720 1093.5
1079730 1093.5
1079740 1088.8
1079750 1082.3
1079760 1082.3
1079770 1073.8
1079780 1073.4
1079790 1073.4
1079800 1075.3
1079810 1071.1
1079820 1071.1
1079830 1070.1
1079840 1073.4
1079850 1073.4
1079860 1076.1
1079870 1077.8
1079880 1077.8
1079890 1078.6
1079900 1078.6
1079910 1078.6
1079920 1080.6
1079930 1081.2
1079940 1083.9
1079950 1083.9
1079960 1087.9
1079970 1092.4
1079980 1092.4
1079990 1095.2
