1067020 420.4
1067030 420.5
1067040 420.5
1067050 420.6
1067060 420.7
1067070 420.7
1067080 420.8
1067090 421.1
1067100 421.1
1067110 421.5
1067120 421.7
1067130 421.7
1067140 422.5
1067150 422.8
1067160 421.1
1067170 421.1
1067180 421.1
1067190 421.1
1067200 421.1
1067210 421.2
1067220 421.6
1067230 421.6
1067240 424.5
1067250 424.1
1067260 424.1
1067270 422.4
1067280 422.4
1067290 422.4
1067300 422.5
1067310 422.4
1067320 422.4
1067330 422.4
1067340 422.4
1067350 422.4
1067360 422.3
1067370 422.2
1067380 422.2
1067390 422.1
1067400 422.5
1067410 422.5
1067420 421.0
1067430 419.3
1067440 417.0
1067450 417.0
1067460 416.5
1067470 416.5
1067480 416.5
1067490 416.5
1067500 416.5
1067510 416.5
1067520 416.5
1067530 416.5
1067540 416.5
1067550 418.0
1067560 421.3
1067570 421.3
1067580 422.7
1067590 422.7
1067600 422.7
1067610 422.8
1067620 423.0
1067630 423.0
1067640 423.3
1067650 425.2
1067660 425.2
1067670 424.2
1067680 421.7
1067690 421.7
1067700 421.3
1067710 421.2
1067720 421.2
1067730 421.4
1067740 421.5
1067750 421.5
1067760 421.5
1067770 421.4
1067780 421.4
1067790 421.4
1067800 421.4
1067810 421.4
1067820 421.4
1067830 421.4
1067840 421.4
1067850 421.4
1067860 421.4
1067870 421.5
1067880 421.5
1067890 421.5
1067900 421.3
1067910 421.3
1067920 419.3
1067930 421.1
1067940 421.1
1067950 421.2
1067960 421.3
1067970 421.3
1067980 421.2
1067990 421.2
1068000 421.2
1068010 421.2
1068020 422.7
1068030 424.2
1068040 424.2
1068050 421.3
1068060 419.6
1068070 419.6
1068080 419.4
1068090 419.4
1068100 419.4
1068110 419.4
1068120 419.3
1068130 419.3
1068140 419.5
1068150 419.2
1068160 419.2
1068170 419.2
1068180 419.2
1068190 419.2
1068200 419.1
1068210 419.1
1068220 419.1
1068230 419.0
1068240 419.0
1068250 419.0
1068260 419.0
1068270 419.0
1068280 419.0
1068290 418.9
1068300 418.9
1068310 419.0
1068320 419.0
1068330 419.0
1068340 419.0
1068350 419.0
1068360 419.0
1068370 419.0
1068380 419.0
1068390 419.0
1068400 418.8
1068410 418.8
1068420 419.2
1068430 420.4
1068440 420.4
1068450 420.1
1068460 419.6
1068470 419.7
1068480 419.2
1068490 419.2
1068500 419.2
1068510 419.1
1068520 419.0
1068530 419.0
1068540 419.0
1068550 418.9
1068560 418.9
1068570 418.9
1068580 418.9
1068590 418.9
1068600 418.9
1068610 418.9
1068620 419.0
1068630 419.0
1068640 419.0
1068650 419.0
1068660 419.0
1068670 419.0
1068680 418.9
1068690 418.9
1068700 418.9
1068710 418.9
1068720 418.9
1068730 418.8
1068740 418.9
1068750 418.9
1068760 418.9
1068770 419.1
1068780 419.1
1068790 419.1
1068800 419.1
1068810 419.1
1068820 419.1
1068830 419.1
1068840 419.1
1068850 419.1
1068860 418.9
1068870 418.9
1068880 418.9
1068890 418.9
1068900 418.9
1068910 418.9
1068920 419.0
1068930 419.0
1068940 419.0
1068950 419.1
1068960 419.1
1068970 419.1
1068980 419.0
1068990 418.9
1069000 418.9
1069010 418.8
1069020 418.9
1069030 418.9
1069040 419.0
1069050 418.9
1069060 418.9
1069070 419.0
1069080 419.2
1069090 419.2
1069100 419.1
1069110 419.1
1069120 419.1
1069130 419.1
1069140 419.2
1069150 419.2
1069160 419.3
1069170 419.3
1069180 419.3
1069190 419.2
1069200 419.2
1069210 419.2
1069220 419.2
1069230 419.2
1069240 419.2
1069250 419.2
1069260 419.2
1069270 419.2
1069280 419.2
1069290 419.3
1069300 419.2
1069310 419.2
1069320 419.2
1069330 419.2
1069340 419.2
1069350 419.1
1069360 419.1
1069370 419.1
1069380 419.2
1069390 419.3
1069400 419.3
1069410 419.5
1069420 419.5
1069430 419.5
1069440 419.9
1069450 420.4
1069460 420.4
1069470 420.6
1069480 420.8
1069490 420.9
1069500 420.9
1069510 421.0
1069520 421.0
1069530 421.0
1069540 420.9
1069550 421.0
1069560 421.0
1069570 421.0
1069580 421.1
1069590 421.1
1069600 421.6
1069610 421.8
1069620 421.8
1069630 421.4
1069640 421.0
1069650 421.0
1069660 420.9
1069670 420.8
1069680 420.8
1069690 421.0
1069700 422.2
1069710 422.2
1069720 422.6
1069730 422.6
1069740 422.6
1069750 422.5
1069760 421.6
1069770 421.1
1069780 421.1
1069790 420.9
1069800 421.0
1069810 421.0
1069820 421.4
1069830 421.7
1069840 421.7
1069850 422.3
1069860 423.2
1069870 423.2
1069880 423.3
1069890 423.2
1069900 423.2
1069910 423.0
1069920 422.8
1069930 422.8
1069940 422.4
1069950 422.2
1069960 422.2
1069970 422.2
1069980 422.2
1069990 422.2
1070000 422.1
1070010 422.0
1070020 422.0
1070030 422.0
1070040 422.1
1070050 422.1
1070060 422.1
1070070 422.2
1070080 422.3
1070090 422.3
1070100 422.4
1070110 422.5
1070120 422.5
1070130 422.7
1070140 422.8
1070150 422.8
1070160 422.9
1070170 423.0
1070180 423.0
1070190 423.1
1070200 423.2
1070210 423.2
1070220 423.3
1070230 424.1
1070240 424.1
1070250 425.5
1070260 425.7
1070270 425.7
1070280 425.8
1070290 425.8
1070300 425.8
1070310 426.0
1070320 426.0
1070330 426.0
1070340 426.0
1070350 426.1
1070360 426.1
1070370 426.1
1070380 426.2
1070390 426.2
1070400 426.2
1070410 426.3
1070420 426.4
1070430 426.4
1070440 426.5
1070450 426.7
1070460 426.7
1070470 427.2
1070480 426.7
1070490 426.7
1070500 426.8
1070510 426.9
1070520 426.9
1070530 427.0
1070540 427.0
1070550 427.0
1070560 427.0
1070570 427.0
1070580 427.0
1070590 427.0
1070600 427.0
1070610 427.0
1070620 427.1
1070630 427.1
1070640 427.1
1070650 427.1
1070660 427.1
1070670 427.1
1070680 427.1
1070690 427.0
1070700 427.0
1070710 427.0
1070720 427.0
1070730 426.9
1070740 426.9
1070750 426.9
1070760 426.8
1070770 426.8
1070780 426.8
1070790 426.9
1070800 426.9
1070810 426.9
1070820 427.0
1070830 427.0
1070840 427.0
1070850 427.1
1070860 427.1
1070870 427.0
1070880 427.0
1070890 427.0
1070900 427.1
1070910 427.0
1070920 427.0
1070930 427.1
1070940 427.2
1070950 427.2
1070960 427.2
1070970 427.2
1070980 427.3
1070990 427.3
1071000 427.3
1071010 427.5
1071020 427.5
1071030 427.5
1071040 427.3
1071050 427.3
1071060 427.4
1071070 427.3
1071080 427.3
1071090 427.1
1071100 427.2
1071110 427.2
1071120 427.1
1071130 427.2
1071140 427.2
1071150 427.1
1071160 427.1
1071170 427.1
1071180 427.0
1071190 427.0
1071200 427.0
1071210 427.0
1071220 427.1
1071230 427.5
1071240 427.5
1071250 427.3
1071260 427.2
1071270 427.2
1071280 427.7
1071290 427.8
1071300 427.8
1071310 427.7
1071320 427.5
1071330 427.5
1071340 427.7
1071350 426.9
1071360 426.9
1071370 426.2
1071380 426.3
1071390 426.3
1071400 426.4
1071410 426.4
1071420 426.4
1071430 426.4
1071440 426.5
1071450 426.5
1071460 426.5
1071470 426.3
1071480 426.3
1071490 426.3
1071500 426.3
1071510 426.3
1071520 426.3
1071530 426.3
1071540 426.3
1071550 426.3
1071560 426.3
1071570 426.2
1071580 426.2
1071590 426.1
1071600 426.1
1071610 426.1
1071620 426.0
1071630 426.0
1071640 426.0
1071650 426.0
1071660 426.1
1071670 426.1
1071680 426.1
1071690 426.2
1071700 426.2
1071710 426.2
1071720 426.2
1071730 426.2
1071740 426.2
1071750 426.2
1071760 426.2
1071770 426.2
1071780 426.2
1071790 426.2
1071800 426.2
1071810 426.2
1071820 426.3
1071830 426.3
1071840 426.5
1071850 426.6
1071860 426.6
1071870 426.7
1071880 426.7
1071890 426.7
1071900 426.9
1071910 427.1
1071920 427.1
1071930 427.3
1071940 427.1
1071950 427.1
1071960 427.2
1071970 427.1
1071980 427.1
1071990 427.2
1072000 427.1
1072010 427.1
1072020 427.1
1072030 427.1
1072040 427.1
1072050 427.2
1072060 427.2
1072070 427.2
1072080 427.3
1072090 427.3
1072100 427.4
1072110 427.4
1072120 427.4
1072130 427.5
1072140 427.5
1072150 427.5
1072160 428.2
1072170 428.2
1072180 429.6
1072190 431.5
1072200 431.5
1072210 434.5
1072220 438.0
1072230 438.0
1072240 441.6
1072250 445.5
1072260 445.5
1072270 450.9
1072280 458.3
1072290 458.3
1072300 463.6
1072310 475.7
1072320 475.7
1072330 494.8
1072340 517.7
1072350 517.7
1072360 529.7
1072370 531.7
1072380 531.7
1072390 534.4
1072400 537.0
1072410 539.1
1072420 539.1
1072430 539.7
1072440 540.0
1072450 540.0
1072460 540.6
1072470 546.1
1072480 546.1
1072490 546.7
1072500 547.0
1072510 547.0
1072520 547.5
1072530 547.7
1072540 547.7
1072550 547.5
1072560 547.4
1072570 547.4
1072580 548.6
1072590 553.2
1072600 553.2
1072610 559.0
1072620 562.0
1072630 562.0
1072640 564.5
1072650 568.2
1072660 568.2
1072670 571.5
1072680 573.7
1072690 574.9
1072700 574.9
1072710 575.5
1072720 576.0
1072730 576.0
1072740 576.9
1072750 577.9
1072760 577.9
1072770 578.6
1072780 580.9
1072790 580.9
1072800 581.0
1072810 581.0
1072820 581.0
1072830 582.2
1072840 584.2
1072850 584.2
1072860 586.6
1072870 588.8
1072880 588.8
1072890 591.5
1072900 593.3
1072910 593.3
1072920 594.1
1072930 594.2
1072940 594.2
1072950 596.6
1072960 598.7
1072970 600.8
1072980 600.8
1072990 602.0
1073000 602.6
1073010 602.6
1073020 602.5
1073030 602.3
1073040 602.3
1073050 603.9
1073060 606.0
1073070 606.0
1073080 607.0
1073090 611.3
1073100 611.3
1073110 613.4
1073120 614.9
1073130 614.9
1073140 615.9
1073150 616.3
1073160 616.3
1073170 616.5
1073180 613.3
1073190 613.3
1073200 611.8
1073210 610.7
1073220 610.7
1073230 610.3
1073240 613.2
1073250 613.2
1073260 615.3
1073270 615.6
1073280 614.0
1073290 614.0
1073300 609.9
1073310 604.6
1073320 604.6
1073330 599.2
1073340 590.9
1073350 590.9
1073360 585.6
1073370 581.4
1073380 581.4
1073390 575.5
1073400 570.2
1073410 570.2
1073420 563.5
1073430 557.0
1073440 557.0
1073450 552.0
1073460 545.5
1073470 545.5
1073480 537.3
1073490 526.7
1073500 526.7
1073510 517.6
1073520 509.3
1073530 509.3
1073540 501.9
1073550 497.9
1073560 500.6
1073570 500.6
1073580 506.6
1073590 513.7
1073600 513.7
1073610 519.7
1073620 523.4
1073630 523.4
1073640 526.7
1073650 530.2
1073660 530.2
1073670 535.8
1073680 541.8
1073690 541.8
1073700 548.5
1073710 557.2
1073720 557.2
1073730 568.2
1073740 576.8
1073750 576.8
1073760 585.2
1073770 594.9
1073780 594.9
1073790 598.1
1073800 599.9
1073810 599.9
1073820 602.8
1073830 603.4
1073840 601.6
1073850 601.6
1073860 601.4
1073870 602.5
1073880 602.5
1073890 605.2
1073900 608.3
1073910 608.3
1073920 612.4
1073930 616.4
1073940 616.4
1073950 620.4
1073960 624.1
1073970 624.1
1073980 628.0
1073990 630.2
1074000 630.2
1074010 632.4
1074020 632.3
1074030 632.3
1074040 634.2
1074050 635.9
1074060 635.9
1074070 638.4
1074080 641.0
1074090 641.0
1074100 643.7
1074110 646.8
1074120 646.8
1074130 650.7
1074140 653.1
1074150 653.3
1074160 653.3
1074170 652.0
1074180 650.9
1074190 650.9
1074200 651.4
1074210 652.0
1074220 652.0
1074230 651.3
1074240 649.8
1074250 649.8
1074260 647.2
1074270 645.5
1074280 645.5
1074290 645.0
1074300 645.4
1074310 645.4
1074320 646.0
1074330 645.1
1074340 645.1
1074350 644.5
1074360 645.1
1074370 645.1
1074380 644.9
1074390 641.5
1074400 641.5
1074410 639.6
1074420 640.2
1074430 641.4
1074440 641.4
1074450 641.1
1074460 637.7
1074470 637.7
1074480 635.3
1074490 635.1
1074500 635.1
1074510 633.9
1074520 631.5
1074530 631.5
1074540 628.7
1074550 625.2
1074560 625.2
1074570 620.5
1074580 619.0
1074590 619.0
1074600 619.6
1074610 623.9
1074620 623.9
1074630 630.2
1074640 633.9
1074650 633.9
1074660 637.7
1074670 640.7
1074680 640.7
1074690 643.5
1074700 646.5
1074710 648.4
1074720 648.4
1074730 648.2
1074740 644.6
1074750 644.6
1074760 639.8
1074770 634.3
1074780 634.3
1074790 628.4
1074800 626.9
1074810 626.9
1074820 627.1
1074830 625.3
1074840 625.3
1074850 617.9
1074860 608.3
1074870 608.3
1074880 599.3
1074890 593.3
1074900 593.3
1074910 588.7
1074920 583.3
1074930 583.3
1074940 579.7
1074950 583.0
1074960 583.0
1074970 585.3
1074980 591.1
1074990 591.1
1075000 597.8
1075010 605.3
1075020 611.9
1075030 611.9
1075040 619.3
1075050 635.9
1075060 635.9
1075070 642.8
1075080 642.6
1075090 642.6
1075100 643.1
1075110 646.4
1075120 646.4
1075130 650.8
1075140 655.2
1075150 655.2
1075160 656.2
1075170 656.4
1075180 656.4
1075190 659.7
1075200 661.9
1075210 661.9
1075220 662.9
1075230 660.7
1075240 660.7
1075250 660.1
1075260 660.7
1075270 660.7
1075280 660.3
1075290 660.7
1075300 663.7
1075310 663.7
1075320 669.6
1075330 675.8
1075340 675.8
1075350 680.0
1075360 683.0
1075370 683.0
1075380 684.6
1075390 685.4
1075400 685.4
1075410 687.3
1075420 689.1
1075430 689.1
1075440 691.1
1075450 692.3
1075460 692.3
1075470 692.8
1075480 693.7
1075490 693.7
1075500 693.2
1075510 691.6
1075520 691.6
1075530 690.3
1075540 690.1
1075550 690.1
1075560 691.9
1075570 691.6
1075580 693.3
1075590 693.3
1075600 693.8
1075610 694.8
1075620 694.8
1075630 695.9
1075640 697.1
1075650 697.1
1075660 697.4
1075670 696.2
1075680 696.2
1075690 695.6
1075700 695.9
1075710 695.9
1075720 695.6
1075730 694.5
1075740 694.5
1075750 694.0
1075760 693.3
1075770 693.3
1075780 693.1
1075790 692.7
1075800 692.7
1075810 692.5
1075820 690.6
1075830 690.6
1075840 688.4
1075850 685.9
1075860 685.9
1075870 686.3
1075880 685.7
1075890 681.1
1075900 681.1
1075910 680.5
1075920 680.3
1075930 680.3
1075940 680.2
1075950 679.4
1075960 679.4
1075970 678.6
1075980 677.6
1075990 677.6
1076000 675.9
1076010 674.9
1076020 674.9
1076030 673.8
1076040 672.4
1076050 672.4
1076060 671.4
1076070 670.6
1076080 670.6
1076090 669.8
1076100 669.2
1076110 669.2
1076120 668.1
1076130 665.9
1076140 665.9
1076150 663.8
1076160 662.6
1076170 664.3
1076180 664.3
1076190 665.5
1076200 658.7
1076210 658.7
1076220 658.9
1076230 657.6
1076240 657.6
1076250 654.3
1076260 651.6
1076270 651.6
1076280 651.4
1076290 659.6
1076300 659.6
1076310 670.4
1076320 680.5
1076330 680.5
1076340 690.6
1076350 701.3
1076360 701.3
1076370 704.7
1076380 714.2
1076390 714.2
1076400 720.9
1076410 726.4
1076420 726.4
1076430 731.2
1076440 737.2
1076450 743.2
1076460 743.2
1076470 748.2
1076480 752.2
1076490 752.2
1076500 754.7
1076510 760.0
1076520 760.0
1076530 764.9
1076540 769.3
1076550 769.3
1076560 773.8
1076570 777.3
1076580 777.3
1076590 780.6
1076600 784.4
1076610 784.4
1076620 790.7
1076630 799.3
1076640 799.3
1076650 805.4
1076660 810.6
1076670 810.6
1076680 815.9
1076690 821.5
1076700 821.5
1076710 826.4
1076720 830.7
1076730 835.4
1076740 835.4
1076750 840.9
1076760 846.8
1076770 846.8
1076780 853.3
1076790 859.0
1076800 859.0
1076810 863.9
1076820 883.2
1076830 883.2
1076840 889.5
1076850 893.6
1076860 893.6
1076870 897.5
1076880 900.1
1076890 900.1
1076900 902.2
1076910 904.4
1076920 904.4
1076930 907.1
1076940 910.1
1076950 910.1
1076960 913.3
1076970 917.1
1076980 917.1
1076990 921.5
1077000 925.4
1077010 925.4
1077020 929.4
1077030 933.2
1077040 936.6
1077050 936.6
1077060 939.0
1077070 941.8
1077080 941.8
1077090 943.9
1077100 945.7
1077110 945.7
1077120 947.7
1077130 947.8
1077140 947.8
1077150 949.0
1077160 949.1
1077170 949.1
1077180 949.0
1077190 950.1
1077200 950.1
1077210 951.8
1077220 954.1
1077230 954.1
1077240 957.3
1077250 961.8
1077260 961.8
1077270 966.1
1077280 969.2
1077290 969.2
1077300 970.5
1077310 971.2
1077320 971.3
1077330 971.3
1077340 971.2
1077350 971.6
1077360 971.6
1077370 971.3
1077380 970.4
1077390 970.4
1077400 971.9
1077410 973.4
1077420 973.4
1077430 975.2
1077440 977.1
1077450 974.0
1077460 976.1
1077470 977.9
1077480 977.9
1077490 979.6
1077500 981.4
1077510 981.4
1077520 983.3
1077530 985.3
1077540 985.3
1077550 986.5
1077560 987.7
1077570 987.7
1077580 988.6
1077590 989.3
1077600 990.1
1077610 990.1
1077620 990.6
1077630 990.8
1077640 990.8
1077650 991.8
1077660 994.2
1077670 994.2
1077680 997.4
1077690 1000.6
1077700 1000.6
1077710 1003.8
1077720 1005.8
1077730 1005.8
1077740 1006.0
1077750 1006.1
1077760 1006.1
1077770 1006.8
1077780 1006.8
1077790 1006.8
1077800 1006.2
1077810 1005.5
1077820 1005.5
1077830 1004.6
1077840 1003.1
1077850 1003.1
1077860 1001.7
1077870 1000.1
1077880 1000.1
1077890 998.6
1077900 996.8
1077910 994.3
1077920 994.3
1077930 991.0
1077940 987.9
1077950 987.9
1077960 986.3
1077970 986.6
1077980 986.6
1077990 988.7
1078000 991.0
1078010 991.0
1078020 992.8
1078030 995.3
1078040 995.3
1078050 998.1
1078060 1001.6
1078070 999.1
1078080 1002.1
1078090 1005.4
1078100 1005.4
1078110 1008.7
1078120 1012.2
1078130 1012.2
1078140 1016.0
1078150 1018.5
1078160 1018.5
1078170 1019.5
1078180 1019.7
1078190 1019.6
1078200 1019.6
1078210 1019.4
1078220 1021.3
1078230 1021.3
1078240 1022.7
1078250 1024.0
1078260 1024.0
1078270 1024.3
1078280 1023.7
1078290 1023.7
1078300 1022.2
1078310 1021.2
1078320 1021.2
1078330 1021.9
1078340 1022.8
1078350 1022.8
1078360 1024.3
1078370 1027.1
1078380 1027.1
1078390 1025.4
1078400 1027.3
1078410 1027.3
1078420 1028.2
1078430 1026.7
1078440 1026.7
1078450 1027.5
1078460 1032.2
1078470 1036.9
1078480 1036.9
1078490 1042.3
1078500 1047.4
1078510 1047.4
1078520 1052.2
1078530 1055.4
1078540 1055.4
1078550 1057.0
1078560 1057.9
1078570 1057.9
1078580 1058.1
1078590 1058.2
1078600 1058.2
1078610 1058.0
1078620 1057.7
1078630 1057.7
1078640 1057.2
1078650 1055.7
1078660 1055.7
1078670 1053.9
1078680 1052.0
1078690 1052.0
1078700 1045.8
1078710 1044.7
1078720 1044.7
1078730 1042.8
1078740 1040.9
1078750 1040.9
1078760 1038.6
1078770 1035.6
1078780 1034.9
1078790 1034.9
1078800 1038.3
1078810 1042.1
1078820 1042.1
1078830 1043.6
1078840 1043.3
1078850 1043.3
1078860 1042.2
1078870 1041.0
1078880 1041.0
1078890 1039.7
1078900 1037.4
1078910 1037.4
1078920 1034.7
1078930 1032.3
1078940 1032.3
1078950 1028.9
1078960 1023.6
1078970 1023.6
1078980 1019.1
1078990 1016.0
1079000 1016.0
1079010 1006.5
1079020 1005.7
1079030 1005.7
1079040 1004.5
1079050 1003.3
1079060 1002.2
1079070 1002.2
1079080 1001.0
1079090 999.8
1079100 999.8
1079110 998.6
1079120 997.0
1079130 997.0
1079140 995.4
1079150 993.3
1079160 993.3
1079170 990.8
1079180 989.0
1079190 989.0
1079200 989.7
1079210 990.8
1079220 990.8
1079230 990.1
1079240 987.7
1079250 987.7
1079260 986.6
1079270 985.8
1079280 985.8
1079290 984.0
1079300 981.5
1079310 981.5
1079320 977.0
1079330 967.0
1079340 963.8
1079350 963.8
1079360 959.7
1079370 956.2
1079380 956.2
1079390 956.2
1079400 957.8
1079410 957.8
1079420 961.3
1079430 965.1
1079440 965.1
1079450 968.4
1079460 973.0
1079470 973.0
1079480 975.2
1079490 975.6
1079500 975.6
1079510 975.8
1079520 977.0
1079530 977.0
1079540 977.9
1079550 977.9
1079560 977.9
1079570 976.5
1079580 976.8
1079590 976.8
1079600 977.3
1079610 978.5
1079620 978.5
1079630 979.3
1079640 975.2
1079650 975.1
1079660 975.1
1079670 977.2
1079680 978.0
1079690 978.0
1079700 978.7
1079710 979.3
1079720 979.3
1079730 982.0
1079740 985.3
1079750 985.3
1079760 987.2
1079770 989.2
1079780 989.2
1079790 989.8
1079800 990.0
1079810 990.0
1079820 991.5
1079830 994.2
1079840 994.2
1079850 997.2
1079860 1001.3
1079870 1001.3
1079880 1003.8
1079890 1008.6
1079900 1008.6
1079910 1018.6
1079920 1026.9
1079930 1027.4
1079940 1027.4
1079950 1024.8
1079960 1053.7
1079970 1053.7
1079980 1051.3
1079990 1054.2
