1067340 419.8
1067350 419.7
1067360 419.7
1067370 419.7
1067380 420.3
1067390 420.5
1067400 420.5
1067410 419.9
1067420 420.0
1067430 420.0
1067440 420.3
1067450 421.3
1067460 421.3
1067470 424.6
1067480 422.4
1067490 422.4
1067500 421.5
1067510 421.5
1067520 421.5
1067530 421.5
1067540 421.5
1067550 421.5
1067560 421.4
1067570 421.4
1067580 421.4
1067590 421.4
1067600 421.4
1067610 421.4
1067620 421.4
1067630 421.3
1067640 421.3
1067650 421.2
1067660 421.2
1067670 421.6
1067680 421.6
1067690 419.1
1067700 417.3
1067710 417.3
1067720 415.7
1067730 415.7
1067740 415.7
1067750 415.7
1067760 415.7
1067770 415.7
1067780 415.7
1067790 415.6
1067800 415.6
1067810 415.7
1067820 417.7
1067830 417.7
1067840 421.0
1067850 421.8
1067860 421.8
1067870 421.8
1067880 421.9
1067890 421.9
1067900 421.7
1067910 418.7
1067920 418.7
1067930 420.9
1067940 421.6
1067950 421.7
1067960 421.7
1067970 421.9
1067980 422.7
1067990 422.7
1068000 424.8
1068010 422.0
1068020 422.0
1068030 420.2
1068040 419.4
1068050 419.4
1068060 419.3
1068070 419.3
1068080 419.3
1068090 419.2
1068100 419.4
1068110 419.4
1068120 419.1
1068130 418.9
1068140 418.9
1068150 418.8
1068160 418.8
1068170 418.8
1068180 418.7
1068190 418.8
1068200 418.8
1068210 418.8
1068220 418.8
1068230 418.8
1068240 419.0
1068250 419.0
1068260 418.9
1068270 418.9
1068280 419.2
1068290 419.3
1068300 419.3
1068310 419.1
1068320 418.7
1068330 418.7
1068340 418.7
1068350 419.2
1068360 419.2
1068370 419.3
1068380 419.0
1068390 419.0
1068400 418.7
1068410 418.4
1068420 418.4
1068430 417.9
1068440 417.9
1068450 417.9
1068460 418.2
1068470 417.8
1068480 417.8
1068490 417.8
1068500 418.5
1068510 418.5
1068520 418.6
1068530 418.7
1068540 418.7
1068550 418.7
1068560 418.6
1068570 418.6
1068580 418.6
1068590 418.9
1068600 418.8
1068610 418.8
1068620 418.8
1068630 418.7
1068640 418.7
1068650 418.7
1068660 418.6
1068670 418.6
1068680 418.8
1068690 418.7
1068700 418.7
1068710 418.7
1068720 418.4
1068730 418.4
1068740 417.9
1068750 417.9
1068760 417.9
1068770 418.1
1068780 418.0
1068790 418.0
1068800 417.8
1068810 417.8
1068820 418.5
1068830 418.5
1068840 418.7
1068850 418.6
1068860 418.6
1068870 418.9
1068880 419.0
1068890 419.0
1068900 418.8
1068910 418.8
1068920 418.8
1068930 418.8
1068940 418.7
1068950 418.7
1068960 418.9
1068970 419.6
1068980 419.6
1068990 419.0
1069000 418.5
1069010 418.5
1069020 418.4
1069030 418.4
1069040 418.4
1069050 418.1
1069060 417.9
1069070 417.9
1069080 418.1
1069090 418.2
1069100 418.2
1069110 418.5
1069120 418.6
1069130 419.0
1069140 419.0
1069150 418.5
1069160 418.1
1069170 418.1
1069180 418.3
1069190 418.6
1069200 418.6
1069210 418.4
1069220 418.0
1069230 418.0
1069240 418.1
1069250 418.4
1069260 418.4
1069270 418.5
1069280 418.4
1069290 418.4
1069300 418.1
1069310 417.9
1069320 417.9
1069330 418.0
1069340 418.3
1069350 418.3
1069360 418.3
1069370 417.8
1069380 417.8
1069390 417.9
1069400 418.1
1069410 418.2
1069420 418.2
1069430 418.0
1069440 417.9
1069450 417.9
1069460 417.8
1069470 417.9
1069480 417.9
1069490 418.1
1069500 418.5
1069510 418.5
1069520 418.8
1069530 418.6
1069540 418.6
1069550 418.5
1069560 418.5
1069570 418.5
1069580 418.0
1069590 417.8
1069600 417.8
1069610 417.8
1069620 417.9
1069630 417.9
1069640 417.8
1069650 417.8
1069660 417.8
1069670 417.8
1069680 417.9
1069690 418.0
1069700 418.0
1069710 418.0
1069720 418.1
1069730 418.1
1069740 418.1
1069750 418.0
1069760 418.0
1069770 418.0
1069780 418.1
1069790 418.1
1069800 418.1
1069810 418.1
1069820 418.1
1069830 418.1
1069840 418.2
1069850 418.2
1069860 418.3
1069870 418.7
1069880 418.7
1069890 419.3
1069900 420.0
1069910 420.0
1069920 420.1
1069930 420.3
1069940 420.3
1069950 420.5
1069960 420.8
1069970 420.8
1069980 421.0
1069990 421.1
1070000 420.9
1070010 420.9
1070020 420.6
1070030 420.0
1070040 420.0
1070050 419.0
1070060 419.0
1070070 419.0
1070080 419.1
1070090 419.4
1070100 419.4
1070110 419.1
1070120 418.6
1070130 418.6
1070140 418.1
1070150 418.5
1070160 418.5
1070170 419.3
1070180 419.4
1070190 419.4
1070200 419.6
1070210 419.9
1070220 419.9
1070230 419.9
1070240 420.3
1070250 420.3
1070260 420.9
1070270 421.1
1070280 421.1
1070290 421.1
1070300 421.3
1070310 421.3
1070320 421.3
1070330 421.2
1070340 421.0
1070350 421.0
1070360 420.9
1070370 421.1
1070380 421.1
1070390 421.3
1070400 421.1
1070410 421.1
1070420 421.3
1070430 421.4
1070440 421.4
1070450 421.5
1070460 421.6
1070470 421.6
1070480 421.6
1070490 421.7
1070500 421.7
1070510 421.7
1070520 421.8
1070530 421.8
1070540 421.9
1070550 421.9
1070560 421.9
1070570 421.9
1070580 421.9
1070590 421.9
1070600 421.9
1070610 421.9
1070620 421.9
1070630 421.9
1070640 421.8
1070650 421.6
1070660 421.6
1070670 421.4
1070680 420.8
1070690 420.8
1070700 419.8
1070710 419.6
1070720 419.6
1070730 419.7
1070740 419.7
1070750 419.7
1070760 419.6
1070770 419.6
1070780 419.6
1070790 419.7
1070800 419.6
1070810 419.6
1070820 419.4
1070830 418.8
1070840 418.8
1070850 418.7
1070860 418.7
1070870 418.7
1070880 418.6
1070890 418.5
1070900 418.5
1070910 418.5
1070920 418.6
1070930 418.2
1070940 418.2
1070950 418.1
1070960 418.1
1070970 418.1
1070980 418.5
1070990 418.9
1071000 418.9
1071010 419.0
1071020 419.1
1071030 419.1
1071040 419.2
1071050 419.2
1071060 419.2
1071070 419.2
1071080 419.2
1071090 419.2
1071100 419.3
1071110 419.9
1071120 419.9
1071130 420.1
1071140 420.1
1071150 420.1
1071160 419.9
1071170 419.8
1071180 419.9
1071190 419.9
1071200 420.2
1071210 420.7
1071220 420.7
1071230 421.1
1071240 421.3
1071250 421.3
1071260 421.6
1071270 421.8
1071280 421.8
1071290 421.9
1071300 422.0
1071310 422.0
1071320 422.1
1071330 422.2
1071340 422.2
1071350 422.2
1071360 422.3
1071370 422.3
1071380 422.4
1071390 422.5
1071400 422.5
1071410 422.4
1071420 422.5
1071430 422.5
1071440 422.5
1071450 422.5
1071460 422.6
1071470 422.6
1071480 422.7
1071490 422.6
1071500 422.6
1071510 422.6
1071520 422.6
1071530 422.6
1071540 422.7
1071550 422.6
1071560 422.6
1071570 422.6
1071580 422.6
1071590 422.6
1071600 422.6
1071610 422.6
1071620 422.6
1071630 422.5
1071640 422.9
1071650 422.9
1071660 423.7
1071670 424.0
1071680 424.0
1071690 424.0
1071700 424.2
1071710 424.2
1071720 422.8
1071730 422.7
1071740 422.7
1071750 423.7
1071760 423.9
1071770 423.2
1071780 423.2
1071790 423.5
1071800 423.7
1071810 423.7
1071820 423.8
1071830 424.2
1071840 424.2
1071850 423.9
1071860 423.5
1071870 423.5
1071880 423.3
1071890 423.2
1071900 423.2
1071910 423.3
1071920 423.2
1071930 423.2
1071940 422.8
1071950 422.9
1071960 422.9
1071970 423.1
1071980 422.9
1071990 422.9
1072000 422.9
1072010 422.9
1072020 422.9
1072030 423.1
1072040 423.2
1072050 423.1
1072060 423.1
1072070 423.2
1072080 423.0
1072090 423.0
1072100 422.8
1072110 422.9
1072120 422.9
1072130 422.8
1072140 422.9
1072150 423.0
1072160 423.3
1072170 423.1
1072180 423.1
1072190 422.8
1072200 422.8
1072210 422.8
1072220 422.7
1072230 422.3
1072240 422.3
1072250 422.2
1072260 422.5
1072270 422.5
1072280 422.5
1072290 422.4
1072300 422.4
1072310 422.3
1072320 422.5
1072330 422.5
1072340 422.5
1072350 422.5
1072360 422.8
1072370 422.8
1072380 423.3
1072390 423.4
1072400 423.4
1072410 422.9
1072420 422.8
1072430 422.8
1072440 422.8
1072450 422.7
1072460 422.7
1072470 422.6
1072480 422.6
1072490 422.6
1072500 422.6
1072510 422.5
1072520 422.5
1072530 422.5
1072540 422.5
1072550 422.5
1072560 422.4
1072570 422.5
1072580 422.5
1072590 422.7
1072600 422.9
1072610 422.9
1072620 423.1
1072630 423.1
1072640 423.1
1072650 423.1
1072660 423.4
1072670 423.6
1072680 423.6
1072690 424.2
1072700 424.2
1072710 424.2
1072720 424.2
1072730 424.1
1072740 424.1
1072750 424.0
1072760 424.2
1072770 424.3
1072780 424.6
1072790 424.8
1072800 424.8
1072810 424.7
1072820 424.8
1072830 424.8
1072840 424.9
1072850 425.0
1072860 425.0
1072870 425.2
1072880 425.2
1072890 425.2
1072900 425.2
1072910 425.5
1072920 425.5
1072930 425.7
1072940 425.9
1072950 425.9
1072960 425.9
1072970 426.0
1072980 426.1
1072990 426.1
1073000 426.2
1073010 426.4
1073020 426.4
1073030 426.6
1073040 426.7
1073050 426.7
1073060 427.3
1073070 433.5
1073080 473.0
1073090 507.1
1073100 523.1
1073110 523.1
1073120 527.4
1073130 531.5
1073140 531.5
1073150 533.6
1073160 535.0
1073170 535.0
1073180 536.1
1073190 536.6
1073200 536.6
1073210 537.2
1073220 536.4
1073230 533.4
1073240 533.4
1073250 532.4
1073260 532.3
1073270 532.3
1073280 533.3
1073290 533.7
1073300 533.7
1073310 534.0
1073320 534.2
1073330 534.2
1073340 533.0
1073350 533.5
1073360 533.5
1073370 533.3
1073380 531.0
1073390 528.9
1073400 525.9
1073410 524.4
1073420 524.4
1073430 523.7
1073440 522.3
1073450 522.3
1073460 521.4
1073470 521.0
1073480 521.0
1073490 517.6
1073500 512.8
1073510 506.4
1073520 506.4
1073530 499.0
1073540 494.8
1073550 494.8
1073560 491.1
1073570 486.9
1073580 486.9
1073590 483.7
1073600 481.2
1073610 481.2
1073620 481.2
1073630 488.1
1073640 488.1
1073650 495.7
1073660 497.6
1073670 497.6
1073680 499.4
1073690 500.5
1073700 497.3
1073710 499.8
1073720 504.0
1073730 504.0
1073740 506.0
1073750 505.4
1073760 505.4
1073770 504.5
1073780 503.0
1073790 503.0
1073800 505.1
1073810 506.2
1073820 505.7
1073830 505.7
1073840 505.5
1073850 505.4
1073860 505.4
1073870 508.2
1073880 510.5
1073890 510.5
1073900 512.7
1073910 515.9
1073920 515.9
1073930 518.9
1073940 522.4
1073950 522.4
1073960 525.8
1073970 528.8
1073980 528.8
1073990 531.5
1074000 534.1
1074010 533.7
1074020 537.0
1074030 539.6
1074040 539.6
1074050 542.5
1074060 544.8
1074070 544.8
1074080 547.4
1074090 549.7
1074100 552.9
1074110 552.9
1074120 556.3
1074130 559.0
1074140 559.0
1074150 560.4
1074160 561.5
1074170 561.5
1074180 561.9
1074190 562.8
1074200 562.8
1074210 564.0
1074220 564.7
1074230 564.7
1074240 565.5
1074250 565.8
1074260 565.8
1074270 565.1
1074280 563.6
1074290 563.6
1074300 561.7
1074310 560.1
1074320 564.6
1074330 563.3
1074340 562.5
1074350 562.5
1074360 563.3
1074370 565.1
1074380 565.1
1074390 567.0
1074400 569.7
1074410 574.2
1074420 574.2
1074430 579.9
1074440 585.8
1074450 585.8
1074460 591.9
1074470 598.8
1074480 598.8
1074490 603.4
1074500 611.4
1074510 611.4
1074520 614.4
1074530 615.2
1074540 615.2
1074550 613.9
1074560 611.3
1074570 611.3
1074580 612.1
1074590 613.0
1074600 613.0
1074610 618.3
1074620 620.0
1074630 620.4
1074640 621.2
1074650 625.8
1074660 625.8
1074670 628.7
1074680 629.9
1074690 629.4
1074700 629.4
1074710 626.7
1074720 624.4
1074730 624.4
1074740 622.6
1074750 620.3
1074760 620.3
1074770 621.7
1074780 623.1
1074790 623.1
1074800 622.6
1074810 622.2
1074820 622.2
1074830 620.7
1074840 618.6
1074850 618.6
1074860 617.2
1074870 612.8
1074880 612.8
1074890 608.8
1074900 609.1
1074910 609.1
1074920 610.1
1074930 609.4
1074940 610.2
1074950 607.8
1074960 606.0
1074970 604.7
1074980 604.7
1074990 602.9
1075000 595.9
1075010 595.9
1075020 581.8
1075030 573.1
1075040 573.1
1075050 561.4
1075060 556.5
1075070 556.5
1075080 562.8
1075090 592.3
1075100 592.3
1075110 607.2
1075120 610.4
1075130 610.4
1075140 611.9
1075150 614.0
1075160 614.0
1075170 615.4
1075180 614.9
1075190 614.9
1075200 614.2
1075210 613.8
1075220 613.8
1075230 613.8
1075240 613.8
1075250 613.8
1075260 614.6
1075270 614.1
1075280 613.8
1075290 613.8
1075300 614.1
1075310 614.8
1075320 614.8
1075330 615.1
1075340 615.5
1075350 615.5
1075360 616.2
1075370 617.0
1075380 617.0
1075390 618.2
1075400 620.0
1075410 620.0
1075420 622.7
1075430 625.8
1075440 625.8
1075450 628.8
1075460 631.0
1075470 631.0
1075480 634.1
1075490 637.4
1075500 637.4
1075510 641.2
1075520 645.1
1075530 645.1
1075540 648.8
1075550 653.2
1075560 657.4
1075570 665.3
1075580 667.0
1075590 667.9
1075600 667.9
1075610 668.5
1075620 668.8
1075630 668.8
1075640 669.5
1075650 671.8
1075660 671.8
1075670 675.9
1075680 679.5
1075690 679.5
1075700 683.9
1075710 688.7
1075720 688.7
1075730 694.4
1075740 699.4
1075750 699.4
1075760 702.8
1075770 705.6
1075780 705.6
1075790 709.3
1075800 712.6
1075810 712.6
1075820 715.8
1075830 719.5
1075840 719.5
1075850 725.1
1075860 730.8
1075870 736.0
1075880 740.7
1075890 745.2
1075900 749.6
1075910 749.6
1075920 753.4
1075930 757.4
1075940 757.4
1075950 760.6
1075960 763.0
1075970 763.0
1075980 766.0
1075990 770.5
1076000 770.5
1076010 776.4
1076020 782.4
1076030 782.4
1076040 789.1
1076050 796.6
1076060 796.6
1076070 803.3
1076080 808.4
1076090 808.4
1076100 813.5
1076110 819.1
1076120 819.1
1076130 825.6
1076140 834.9
1076150 842.1
1076160 842.1
1076170 849.0
1076180 856.7
1076190 876.7
1076200 907.4
1076210 924.8
1076220 924.8
1076230 930.2
1076240 934.8
1076250 934.8
1076260 940.8
1076270 947.0
1076280 947.0
1076290 951.2
1076300 954.5
1076310 954.5
1076320 958.7
1076330 963.2
1076340 963.2
1076350 966.7
1076360 969.1
1076370 969.1
1076380 971.0
1076390 972.1
1076400 972.1
1076410 968.9
1076420 966.1
1076430 971.4
1076440 971.4
1076450 976.0
1076460 978.1
1076470 978.1
1076480 979.3
1076490 982.6
1076500 979.2
1076510 981.6
1076520 979.9
1076530 979.9
1076540 976.4
1076550 972.3
1076560 972.3
1076570 970.1
1076580 967.6
1076590 967.6
1076600 965.0
1076610 965.5
1076620 965.5
1076630 967.7
1076640 969.8
1076650 969.8
1076660 972.3
1076670 975.5
1076680 975.5
1076690 978.8
1076700 981.0
1076710 981.0
1076720 983.9
1076730 985.5
1076740 987.9
1076750 987.9
1076760 989.2
1076770 988.3
1076780 988.3
1076790 987.4
1076800 985.4
1076810 985.4
1076820 979.6
1076830 975.7
1076840 975.7
1076850 970.3
1076860 970.6
1076870 970.6
1076880 971.4
1076890 971.7
1076900 971.7
1076910 972.2
1076920 973.4
1076930 973.4
1076940 975.6
1076950 977.0
1076960 977.0
1076970 976.7
1076980 974.3
1076990 974.3
1077000 972.0
1077010 973.7
1077020 975.9
1077030 975.9
1077040 975.3
1077050 976.9
1077060 976.9
1077070 980.9
1077080 980.2
1077090 980.2
1077100 975.8
1077110 972.1
1077120 972.1
1077130 966.2
1077140 964.8
1077150 964.8
1077160 965.1
1077170 965.5
1077180 965.5
1077190 965.0
1077200 963.9
1077210 963.9
1077220 961.5
1077230 958.1
1077240 958.1
1077250 954.9
1077260 952.2
1077270 952.2
1077280 950.0
1077290 947.4
1077300 947.7
1077310 947.7
1077320 948.7
1077330 947.0
1077340 947.0
1077350 944.2
1077360 941.1
1077370 941.1
1077380 937.9
1077390 935.0
1077400 935.0
1077410 932.4
1077420 929.5
1077430 929.5
1077440 921.2
1077450 918.4
1077460 918.4
1077470 914.7
1077480 911.4
1077490 911.4
1077500 908.4
1077510 905.9
1077520 905.9
1077530 904.3
1077540 903.3
1077550 903.3
1077560 902.2
1077570 900.8
1077580 900.8
1077590 899.1
1077600 898.9
1077610 898.6
1077620 898.6
1077630 898.2
1077640 897.9
1077650 897.9
1077660 896.7
1077670 893.1
1077680 893.1
1077690 886.6
1077700 881.1
1077710 881.1
1077720 877.8
1077730 870.8
1077740 870.8
1077750 855.6
1077760 851.1
1077770 851.1
1077780 844.8
1077790 846.7
1077800 846.7
1077810 856.7
1077820 866.0
1077830 866.0
1077840 876.4
1077850 886.6
1077860 886.6
1077870 890.0
1077880 893.6
1077890 895.7
1077900 895.7
1077910 898.6
1077920 903.6
1077930 903.6
1077940 908.5
1077950 915.4
1077960 915.4
1077970 921.1
1077980 927.5
1077990 927.5
1078000 933.9
1078010 939.6
1078020 939.6
1078030 943.7
1078040 946.8
1078050 946.8
1078060 951.1
1078070 959.3
1078080 959.3
1078090 965.5
1078100 971.0
1078110 971.0
1078120 976.3
1078130 980.4
1078140 980.4
1078150 985.2
1078160 990.2
1078170 990.2
1078180 994.9
1078190 999.3
1078200 1002.7
1078210 1002.7
1078220 1006.1
1078230 1009.5
1078240 1009.5
1078250 1013.6
1078260 1017.8
1078270 1017.8
1078280 1022.9
1078290 1029.4
1078300 1029.4
1078310 1035.4
1078320 1041.2
1078330 1041.2
1078340 1048.6
1078350 1056.8
1078360 1056.8
1078370 1065.8
1078380 1075.5
1078390 1075.5
1078400 1078.5
1078410 1080.9
1078420 1080.9
1078430 1083.0
1078440 1085.8
1078450 1085.8
1078460 1088.7
1078470 1089.8
1078480 1090.1
1078490 1090.1
1078500 1092.4
1078510 1095.6
1078520 1095.6
1078530 1100.6
1078540 1104.9
1078550 1104.9
1078560 1109.4
1078570 1114.7
1078580 1114.7
1078590 1118.0
1078600 1120.2
1078610 1120.2
1078620 1119.9
1078630 1117.3
1078640 1117.3
1078650 1116.0
1078660 1122.0
1078670 1122.0
1078680 1126.1
1078690 1129.6
1078700 1125.9
1078710 1126.9
1078720 1126.4
1078730 1126.4
1078740 1124.6
1078750 1127.7
1078760 1132.8
1078770 1132.8
1078780 1136.5
1078790 1140.0
1078800 1140.0
1078810 1142.7
1078820 1144.7
1078830 1144.7
1078840 1149.6
1078850 1154.5
1078860 1154.5
1078870 1158.2
1078880 1159.4
1078890 1159.4
1078900 1163.1
1078910 1169.2
1078920 1169.2
1078930 1175.0
1078940 1179.6
1078950 1179.6
1078960 1185.4
1078970 1192.6
1078980 1192.6
1078990 1198.7
1079000 1204.1
1079010 1202.1
1079020 1207.5
1079030 1211.5
1079040 1211.5
1079050 1215.3
1079060 1219.7
1079070 1224.4
1079080 1224.4
1079090 1229.3
1079100 1234.6
1079110 1234.6
1079120 1239.7
1079130 1244.6
1079140 1244.6
1079150 1249.0
1079160 1251.2
1079170 1251.2
1079180 1254.4
1079190 1259.6
1079200 1259.6
1079210 1265.0
1079220 1272.2
1079230 1272.2
1079240 1279.4
1079250 1287.7
1079260 1287.7
1079270 1297.7
1079280 1307.0
1079290 1307.0
1079300 1315.7
1079310 1324.9
1079320 1330.0
1079330 1331.6
1079340 1330.5
1079350 1328.3
1079360 1328.3
1079370 1325.8
1079380 1323.0
1079390 1323.0
1079400 1320.2
1079410 1317.7
1079420 1317.7
1079430 1316.2
1079440 1314.6
1079450 1314.6
1079460 1313.0
1079470 1311.7
1079480 1311.7
1079490 1310.4
1079500 1309.6
1079510 1309.6
1079520 1309.4
1079530 1307.9
1079540 1307.9
1079550 1305.3
1079560 1302.4
1079570 1302.4
1079580 1299.3
1079590 1296.6
1079600 1296.6
1079610 1294.1
1079620 1291.8
1079630 1291.8
1079640 1282.8
1079650 1279.5
1079660 1276.2
1079670 1276.2
1079680 1272.8
1079690 1270.7
1079700 1270.7
1079710 1269.5
1079720 1269.1
1079730 1269.1
1079740 1268.9
1079750 1268.1
1079760 1268.1
1079770 1267.3
1079780 1266.9
1079790 1266.9
1079800 1267.4
1079810 1268.2
1079820 1268.2
1079830 1268.5
1079840 1268.6
1079850 1268.6
1079860 1268.3
1079870 1267.5
1079880 1267.5
1079890 1266.3
1079900 1266.9
1079910 1266.9
1079920 1267.2
1079930 1266.9
1079940 1266.2
1079950 1261.4
1079960 1262.8
1079970 1266.2
1079980 1266.2
1079990 1268.6
