1067220 419.4
1067230 419.5
1067240 419.6
1067250 419.5
1067260 419.5
1067270 419.6
1067280 420.0
1067290 420.0
1067300 420.4
1067310 420.6
1067320 420.6
1067330 421.8
1067340 422.6
1067350 423.9
1067360 423.9
1067370 424.5
1067380 422.0
1067390 422.0
1067400 421.9
1067410 421.8
1067420 421.8
1067430 421.9
1067440 421.9
1067450 421.9
1067460 421.9
1067470 421.9
1067480 421.9
1067490 421.8
1067500 421.8
1067510 421.8
1067520 421.8
1067530 421.7
1067540 421.7
1067550 421.6
1067560 421.8
1067570 421.8
1067580 421.3
1067590 419.2
1067600 419.2
1067610 417.2
1067620 416.0
1067630 416.0
1067640 416.0
1067650 416.0
1067660 416.1
1067670 416.1
1067680 416.3
1067690 416.2
1067700 416.2
1067710 416.3
1067720 418.9
1067730 418.9
1067740 421.8
1067750 422.1
1067760 422.1
1067770 422.0
1067780 422.0
1067790 422.0
1067800 422.1
1067810 422.9
1067820 422.9
1067830 424.9
1067840 422.0
1067850 422.0
1067860 421.1
1067870 421.0
1067880 421.0
1067890 420.9
1067900 420.6
1067910 420.6
1067920 420.6
1067930 419.3
1067940 420.3
1067950 420.3
1067960 420.8
1067970 420.8
1067980 420.8
1067990 420.8
1068000 420.9
1068010 420.9
1068020 423.7
1068030 423.6
1068040 423.6
1068050 420.8
1068060 419.3
1068070 419.3
1068080 419.1
1068090 419.0
1068100 419.0
1068110 419.0
1068120 418.9
1068130 418.9
1068140 418.9
1068150 418.9
1068160 418.9
1068170 418.9
1068180 418.8
1068190 418.8
1068200 418.6
1068210 418.4
1068220 418.4
1068230 418.4
1068240 418.3
1068250 418.1
1068260 418.1
1068270 418.5
1068280 418.8
1068290 418.8
1068300 418.8
1068310 418.8
1068320 418.8
1068330 418.8
1068340 418.2
1068350 418.2
1068360 418.7
1068370 418.6
1068380 418.6
1068390 418.5
1068400 418.4
1068410 418.4
1068420 418.3
1068430 418.3
1068440 418.3
1068450 418.3
1068460 418.2
1068470 418.2
1068480 418.2
1068490 418.2
1068500 418.3
1068510 418.3
1068520 418.3
1068530 418.4
1068540 418.4
1068550 418.4
1068560 418.4
1068570 418.4
1068580 418.2
1068590 418.1
1068600 418.1
1068610 418.6
1068620 418.7
1068630 418.7
1068640 418.8
1068650 419.0
1068660 419.0
1068670 419.2
1068680 419.3
1068690 419.3
1068700 419.1
1068710 418.7
1068720 418.7
1068730 418.5
1068740 418.7
1068750 418.7
1068760 418.4
1068770 418.4
1068780 418.4
1068790 418.4
1068800 418.5
1068810 418.4
1068820 418.4
1068830 418.4
1068840 418.4
1068850 418.4
1068860 418.4
1068870 418.4
1068880 418.4
1068890 418.3
1068900 418.2
1068910 418.2
1068920 418.2
1068930 418.2
1068940 418.2
1068950 418.1
1068960 418.1
1068970 418.1
1068980 418.2
1068990 418.1
1069000 418.1
1069010 418.1
1069020 418.1
1069030 418.1
1069040 418.2
1069050 418.2
1069060 418.2
1069070 418.1
1069080 418.1
1069090 418.1
1069100 418.1
1069110 418.2
1069120 418.1
1069130 418.1
1069140 417.9
1069150 418.0
1069160 418.0
1069170 418.1
1069180 418.2
1069190 418.2
1069200 418.1
1069210 418.2
1069220 418.2
1069230 418.1
1069240 418.1
1069250 418.1
1069260 418.2
1069270 418.4
1069280 418.4
1069290 418.5
1069300 418.4
1069310 418.4
1069320 418.1
1069330 418.1
1069340 418.1
1069350 418.0
1069360 418.0
1069370 418.0
1069380 418.0
1069390 418.0
1069400 418.1
1069410 418.1
1069420 418.2
1069430 418.3
1069440 418.3
1069450 418.3
1069460 418.3
1069470 418.3
1069480 418.3
1069490 418.4
1069500 418.4
1069510 418.4
1069520 418.6
1069530 418.6
1069540 419.1
1069550 419.5
1069560 419.5
1069570 419.2
1069580 419.0
1069590 419.0
1069600 418.9
1069610 418.7
1069620 418.7
1069630 418.7
1069640 418.6
1069650 418.6
1069660 418.7
1069670 418.8
1069680 418.4
1069690 418.4
1069700 418.6
1069710 418.6
1069720 418.6
1069730 418.5
1069740 418.6
1069750 418.6
1069760 418.6
1069770 418.6
1069780 418.6
1069790 418.6
1069800 418.7
1069810 418.7
1069820 419.2
1069830 419.0
1069840 419.0
1069850 418.8
1069860 418.7
1069870 418.7
1069880 418.7
1069890 418.7
1069900 418.7
1069910 418.8
1069920 418.9
1069930 418.9
1069940 418.9
1069950 419.0
1069960 419.0
1069970 419.1
1069980 419.2
1069990 419.4
1070000 419.4
1070010 419.6
1070020 419.7
1070030 419.7
1070040 419.8
1070050 419.8
1070060 419.8
1070070 419.8
1070080 419.8
1070090 419.8
1070100 419.8
1070110 419.8
1070120 419.8
1070130 419.8
1070140 420.0
1070150 420.0
1070160 420.6
1070170 421.3
1070180 421.3
1070190 422.1
1070200 422.6
1070210 422.6
1070220 422.4
1070230 422.2
1070240 422.2
1070250 422.6
1070260 422.8
1070270 422.8
1070280 422.8
1070290 423.1
1070300 423.1
1070310 423.1
1070320 423.2
1070330 423.2
1070340 423.2
1070350 423.2
1070360 423.2
1070370 423.2
1070380 423.2
1070390 423.2
1070400 423.2
1070410 423.2
1070420 423.2
1070430 423.2
1070440 423.2
1070450 423.2
1070460 423.2
1070470 423.2
1070480 423.2
1070490 423.2
1070500 423.3
1070510 423.2
1070520 423.2
1070530 423.2
1070540 423.4
1070550 423.2
1070560 423.2
1070570 423.1
1070580 423.0
1070590 423.0
1070600 423.3
1070610 423.4
1070620 423.4
1070630 423.1
1070640 422.8
1070650 422.8
1070660 422.7
1070670 422.8
1070680 422.8
1070690 422.9
1070700 422.8
1070710 422.8
1070720 422.7
1070730 422.7
1070740 422.7
1070750 422.8
1070760 422.9
1070770 422.9
1070780 423.0
1070790 423.0
1070800 423.0
1070810 427.3
1070820 431.3
1070830 431.3
1070840 431.9
1070850 430.6
1070860 430.6
1070870 430.6
1070880 429.6
1070890 428.0
1070900 428.0
1070910 430.2
1070920 431.9
1070930 431.9
1070940 435.0
1070950 436.9
1070960 436.9
1070970 437.7
1070980 438.6
1070990 438.6
1071000 439.1
1071010 439.8
1071020 439.8
1071030 441.2
1071040 441.8
1071050 441.8
1071060 441.0
1071070 440.7
1071080 440.7
1071090 440.9
1071100 441.8
1071110 441.8
1071120 443.7
1071130 444.6
1071140 444.3
1071150 444.3
1071160 442.5
1071170 440.2
1071180 440.2
1071190 439.5
1071200 439.2
1071210 439.2
1071220 439.2
1071230 439.5
1071240 439.5
1071250 440.4
1071260 441.2
1071270 441.2
1071280 440.9
1071290 440.6
1071300 440.6
1071310 439.1
1071320 436.9
1071330 436.9
1071340 435.2
1071350 433.8
1071360 433.8
1071370 434.7
1071380 434.9
1071390 434.9
1071400 434.5
1071410 433.9
1071420 433.9
1071430 432.7
1071440 430.0
1071450 428.7
1071460 428.7
1071470 427.1
1071480 425.8
1071490 425.8
1071500 425.6
1071510 425.4
1071520 425.2
1071530 424.7
1071540 424.7
1071550 424.7
1071560 424.9
1071570 425.0
1071580 425.0
1071590 424.8
1071600 424.5
1071610 424.5
1071620 424.4
1071630 424.5
1071640 424.5
1071650 425.0
1071660 426.2
1071670 426.2
1071680 426.5
1071690 426.4
1071700 426.4
1071710 425.9
1071720 425.3
1071730 424.4
1071740 424.4
1071750 424.3
1071760 424.3
1071770 424.3
1071780 424.3
1071790 424.2
1071800 424.2
1071810 424.2
1071820 424.2
1071830 424.2
1071840 424.3
1071850 424.2
1071860 424.2
1071870 424.2
1071880 424.0
1071890 424.0
1071900 424.1
1071910 424.1
1071920 424.1
1071930 423.9
1071940 423.7
1071950 423.7
1071960 423.6
1071970 423.6
1071980 423.6
1071990 423.6
1072000 423.6
1072010 423.6
1072020 423.6
1072030 423.5
1072040 423.7
1072050 423.7
1072060 423.7
1072070 423.7
1072080 423.7
1072090 423.8
1072100 425.1
1072110 425.1
1072120 424.5
1072130 424.4
1072140 424.6
1072150 424.4
1072160 424.4
1072170 424.4
1072180 424.5
1072190 424.9
1072200 424.9
1072210 424.3
1072220 424.0
1072230 424.0
1072240 424.1
1072250 424.2
1072260 424.2
1072270 424.3
1072280 424.2
1072290 424.2
1072300 424.3
1072310 424.3
1072320 424.3
1072330 424.3
1072340 424.2
1072350 424.1
1072360 424.1
1072370 424.3
1072380 424.4
1072390 424.4
1072400 424.5
1072410 424.5
1072420 424.5
1072430 424.6
1072440 424.7
1072450 424.7
1072460 424.8
1072470 425.0
1072480 425.0
1072490 425.0
1072500 425.1
1072510 425.1
1072520 425.3
1072530 425.5
1072540 425.5
1072550 426.0
1072560 426.0
1072570 426.0
1072580 425.8
1072590 425.9
1072600 426.4
1072610 426.4
1072620 427.3
1072630 428.7
1072640 428.7
1072650 429.7
1072660 433.3
1072670 433.3
1072680 439.3
1072690 444.3
1072700 444.3
1072710 447.9
1072720 450.7
1072730 450.7
1072740 454.0
1072750 458.1
1072760 455.1
1072770 459.4
1072780 464.4
1072790 464.4
1072800 466.7
1072810 467.7
1072820 467.7
1072830 469.7
1072840 473.7
1072850 473.7
1072860 477.1
1072870 481.2
1072880 481.2
1072890 483.6
1072900 484.5
1072910 490.1
1072920 490.1
1072930 493.2
1072940 493.2
1072950 493.2
1072960 492.2
1072970 490.3
1072980 490.3
1072990 487.9
1073000 484.8
1073010 484.8
1073020 481.4
1073030 478.6
1073040 478.6
1073050 477.2
1073060 475.7
1073070 475.3
1073080 472.4
1073090 470.9
1073100 470.9
1073110 468.7
1073120 468.4
1073130 468.4
1073140 468.2
1073150 468.1
1073160 468.1
1073170 468.2
1073180 468.6
1073190 468.6
1073200 468.6
1073210 468.9
1073220 469.3
1073230 469.3
1073240 470.0
1073250 470.4
1073260 470.4
1073270 470.7
1073280 470.9
1073290 470.9
1073300 471.4
1073310 472.1
1073320 472.1
1073330 472.4
1073340 472.6
1073350 472.6
1073360 472.4
1073370 472.3
1073380 471.3
1073390 471.3
1073400 471.1
1073410 471.1
1073420 471.2
1073430 471.3
1073440 471.3
1073450 471.5
1073460 471.6
1073470 472.0
1073480 472.0
1073490 472.6
1073500 472.1
1073510 472.1
1073520 471.2
1073530 470.9
1073540 470.9
1073550 471.0
1073560 471.0
1073570 471.0
1073580 471.1
1073590 471.2
1073600 471.2
1073610 471.3
1073620 471.5
1073630 471.5
1073640 471.9
1073650 472.5
1073660 472.5
1073670 473.8
1073680 476.0
1073690 477.4
1073700 481.4
1073710 486.1
1073720 486.1
1073730 490.5
1073740 495.0
1073750 495.0
1073760 500.2
1073770 506.3
1073780 512.8
1073790 512.8
1073800 538.6
1073810 556.5
1073820 556.5
1073830 561.2
1073840 564.9
1073850 564.9
1073860 568.8
1073870 572.4
1073880 572.4
1073890 575.5
1073900 578.6
1073910 578.6
1073920 581.6
1073930 584.3
1073940 584.3
1073950 587.4
1073960 591.0
1073970 591.0
1073980 592.9
1073990 591.8
1074000 594.1
1074010 591.1
1074020 586.9
1074030 586.9
1074040 582.6
1074050 579.4
1074060 578.8
1074070 578.8
1074080 579.4
1074090 581.2
1074100 581.2
1074110 583.3
1074120 584.7
1074130 584.7
1074140 585.8
1074150 587.1
1074160 587.1
1074170 588.8
1074180 590.6
1074190 590.6
1074200 591.8
1074210 594.8
1074220 594.8
1074230 597.6
1074240 599.6
1074250 599.6
1074260 603.1
1074270 606.6
1074280 606.6
1074290 609.6
1074300 611.3
1074310 609.2
1074320 608.9
1074330 606.8
1074340 607.6
1074350 607.6
1074360 609.8
1074370 614.6
1074380 614.6
1074390 620.9
1074400 625.7
1074410 625.7
1074420 628.1
1074430 627.5
1074440 627.5
1074450 624.9
1074460 621.5
1074470 621.5
1074480 620.1
1074490 619.9
1074500 619.9
1074510 618.4
1074520 617.0
1074530 617.0
1074540 614.9
1074550 612.3
1074560 612.3
1074570 605.6
1074580 598.3
1074590 598.3
1074600 595.0
1074610 591.9
1074620 587.9
1074630 586.3
1074640 587.6
1074650 590.2
1074660 590.2
1074670 591.3
1074680 591.3
1074690 591.3
1074700 592.0
1074710 594.0
1074720 594.0
1074730 596.9
1074740 598.4
1074750 598.4
1074760 599.0
1074770 599.2
1074780 599.2
1074790 599.4
1074800 599.7
1074810 599.7
1074820 600.5
1074830 601.7
1074840 601.7
1074850 602.4
1074860 601.9
1074870 601.9
1074880 601.1
1074890 599.6
1074900 599.6
1074910 597.9
1074920 595.5
1074930 584.2
1074940 584.2
1074950 577.2
1074960 570.3
1074970 570.3
1074980 562.8
1074990 557.5
1075000 557.5
1075010 559.2
1075020 562.3
1075030 562.3
1075040 565.9
1075050 570.3
1075060 570.3
1075070 575.7
1075080 580.1
1075090 580.1
1075100 584.6
1075110 588.0
1075120 588.0
1075130 591.4
1075140 595.6
1075150 595.6
1075160 598.6
1075170 599.9
1075180 599.9
1075190 603.5
1075200 608.6
1075210 608.6
1075220 613.6
1075230 618.5
1075240 628.6
1075250 628.6
1075260 634.0
1075270 639.6
1075280 639.6
1075290 645.8
1075300 652.0
1075310 652.0
1075320 658.2
1075330 664.4
1075340 664.4
1075350 671.2
1075360 675.5
1075370 675.5
1075380 675.8
1075390 677.1
1075400 677.1
1075410 682.3
1075420 689.1
1075430 689.1
1075440 696.8
1075450 704.9
1075460 704.9
1075470 722.6
1075480 742.2
1075490 742.2
1075500 749.8
1075510 754.0
1075520 757.9
1075530 757.9
1075540 762.5
1075550 767.2
1075560 764.5
1075570 770.6
1075580 776.1
1075590 776.1
1075600 779.0
1075610 782.4
1075620 782.4
1075630 784.7
1075640 786.5
1075650 786.5
1075660 789.1
1075670 792.6
1075680 792.6
1075690 801.6
1075700 804.9
1075710 804.9
1075720 806.4
1075730 806.8
1075740 806.8
1075750 807.2
1075760 809.6
1075770 809.6
1075780 812.7
1075790 813.5
1075800 814.6
1075810 814.6
1075820 816.0
1075830 817.0
1075840 817.0
1075850 818.6
1075860 819.9
1075870 816.6
1075880 816.9
1075890 817.1
1075900 817.1
1075910 817.5
1075920 819.7
1075930 819.7
1075940 823.5
1075950 828.2
1075960 828.2
1075970 831.6
1075980 833.9
1075990 833.9
1076000 835.7
1076010 836.7
1076020 836.7
1076030 838.0
1076040 837.3
1076050 837.3
1076060 835.7
1076070 834.2
1076080 834.2
1076090 833.0
1076100 834.3
1076110 836.4
1076120 836.4
1076130 837.1
1076140 837.2
1076150 837.2
1076160 837.4
1076170 837.3
1076180 832.7
1076190 835.5
1076200 838.9
1076210 838.9
1076220 838.9
1076230 839.4
1076240 839.4
1076250 839.6
1076260 838.7
1076270 838.7
1076280 838.6
1076290 839.0
1076300 839.0
1076310 839.1
1076320 838.3
1076330 838.3
1076340 838.6
1076350 839.7
1076360 839.7
1076370 839.2
1076380 838.3
1076390 837.7
1076400 837.7
1076410 837.4
1076420 836.7
1076430 836.7
1076440 836.6
1076450 837.9
1076460 837.9
1076470 840.5
1076480 843.6
1076490 835.9
1076500 837.1
1076510 836.6
1076520 836.6
1076530 835.0
1076540 833.8
1076550 833.8
1076560 832.2
1076570 830.7
1076580 830.7
1076590 829.4
1076600 827.8
1076610 827.8
1076620 826.6
1076630 826.0
1076640 826.0
1076650 826.1
1076660 826.0
1076670 825.0
1076680 825.0
1076690 823.9
1076700 823.0
1076710 823.0
1076720 822.0
1076730 821.0
1076740 821.0
1076750 819.8
1076760 817.7
1076770 817.7
1076780 815.3
1076790 813.2
1076800 807.5
1076810 805.8
1076820 805.5
1076830 805.5
1076840 804.0
1076850 802.1
1076860 802.1
1076870 799.9
1076880 797.9
1076890 797.9
1076900 796.3
1076910 794.7
1076920 794.7
1076930 793.4
1076940 791.8
1076950 791.8
1076960 791.4
1076970 789.8
1076980 786.7
1076990 786.7
1077000 783.4
1077010 781.9
1077020 781.9
1077030 783.3
1077040 780.9
1077050 780.9
1077060 776.1
1077070 772.4
1077080 772.4
1077090 768.3
1077100 764.5
1077110 764.5
1077120 761.4
1077130 764.7
1077140 764.7
1077150 766.5
1077160 768.4
1077170 768.4
1077180 770.0
1077190 771.0
1077200 771.0
1077210 774.7
1077220 774.8
1077230 774.8
1077240 775.8
1077250 778.3
1077260 782.2
1077270 782.2
1077280 783.7
1077290 784.6
1077300 784.6
1077310 785.5
1077320 788.8
1077330 788.8
1077340 791.8
1077350 794.1
1077360 794.1
1077370 798.8
1077380 801.4
1077390 801.4
1077400 805.3
1077410 806.1
1077420 806.1
1077430 817.4
1077440 824.6
1077450 824.6
1077460 827.1
1077470 826.4
1077480 826.4
1077490 828.5
1077500 829.1
1077510 829.1
1077520 829.5
1077530 832.9
1077540 837.4
1077550 837.4
1077560 844.5
1077570 849.3
1077580 849.3
1077590 843.5
1077600 835.1
1077610 835.1
1077620 835.4
1077630 840.6
1077640 840.6
1077650 841.7
1077660 846.4
1077670 846.4
1077680 853.4
1077690 856.1
1077700 856.1
1077710 855.5
1077720 849.4
1077730 849.4
1077740 855.6
1077750 852.2
1077760 852.2
1077770 847.4
1077780 838.4
1077790 838.4
1077800 834.8
1077810 833.2
1077820 833.2
1077830 841.7
1077840 851.8
1077850 860.8
1077860 860.8
1077870 878.5
1077880 886.5
1077890 886.5
1077900 891.0
1077910 893.9
1077920 893.9
1077930 892.8
1077940 887.6
1077950 887.6
1077960 883.2
1077970 886.5
1077980 886.5
1077990 889.2
1078000 888.2
1078010 888.2
1078020 888.2
1078030 889.8
1078040 889.8
1078050 890.3
1078060 891.2
1078070 891.2
1078080 893.5
1078090 896.8
1078100 896.8
1078110 901.3
1078120 907.9
1078130 909.6
1078140 909.6
1078150 908.9
1078160 909.3
1078170 909.3
1078180 912.1
1078190 917.0
1078200 917.0
1078210 921.4
1078220 926.4
1078230 926.4
1078240 933.8
1078250 942.2
1078260 942.2
1078270 947.5
1078280 953.0
1078290 953.0
1078300 955.5
1078310 956.9
1078320 956.9
1078330 960.3
1078340 965.6
1078350 965.6
1078360 970.2
1078370 969.9
1078380 969.9
1078390 973.9
1078400 976.5
1078410 979.5
1078420 979.5
1078430 986.4
1078440 993.9
1078450 993.9
1078460 1002.1
1078470 1008.0
1078480 1008.0
1078490 1012.4
1078500 1018.4
1078510 1018.4
1078520 1019.9
1078530 1020.4
1078540 1020.4
1078550 1021.8
1078560 1026.1
1078570 1026.1
1078580 1031.0
1078590 1037.2
1078600 1037.2
1078610 1043.7
1078620 1047.4
1078630 1047.4
1078640 1051.5
1078650 1052.4
1078660 1052.4
1078670 1055.0
1078680 1064.4
1078690 1064.4
1078700 1069.2
1078710 1073.3
1078720 1077.1
1078730 1077.1
1078740 1079.1
1078750 1082.1
1078760 1082.1
1078770 1086.8
1078780 1093.0
1078790 1093.0
1078800 1098.2
1078810 1104.2
1078820 1104.2
1078830 1111.4
1078840 1120.8
1078850 1120.8
1078860 1129.4
1078870 1137.0
1078880 1137.0
1078890 1142.5
1078900 1148.0
1078910 1148.0
1078920 1154.2
1078930 1159.5
1078940 1159.5
1078950 1163.8
1078960 1170.1
1078970 1170.1
1078980 1177.0
1078990 1184.3
1079000 1193.2
1079010 1193.2
1079020 1201.0
1079030 1209.1
1079040 1209.1
1079050 1217.4
1079060 1224.2
1079070 1224.2
1079080 1228.5
1079090 1230.5
1079100 1230.5
1079110 1231.0
1079120 1229.8
1079130 1229.8
1079140 1227.1
1079150 1223.3
1079160 1223.3
1079170 1217.5
1079180 1214.6
1079190 1214.6
1079200 1213.6
1079210 1212.8
1079220 1212.8
1079230 1212.7
1079240 1211.6
1079250 1211.6
1079260 1209.1
1079270 1205.9
1079280 1205.9
1079290 1204.1
1079300 1203.7
1079310 1201.0
1079320 1201.0
1079330 1200.4
1079340 1199.6
1079350 1199.6
1079360 1196.6
1079370 1193.9
1079380 1193.9
1079390 1192.7
1079400 1192.2
1079410 1192.2
1079420 1192.9
1079430 1192.7
1079440 1192.7
1079450 1191.6
1079460 1189.7
1079470 1189.7
1079480 1186.8
1079490 1186.1
1079500 1186.1
1079510 1185.4
1079520 1184.2
1079530 1184.2
1079540 1182.9
1079550 1180.2
1079560 1180.2
1079570 1177.8
1079580 1174.4
1079590 1170.7
1079600 1170.7
1079610 1167.2
1079620 1164.5
1079630 1160.6
1079640 1157.4
1079650 1152.6
1079660 1152.6
1079670 1144.3
1079680 1137.4
1079690 1137.4
1079700 1133.6
1079710 1125.9
1079720 1125.9
1079730 1123.5
1079740 1130.6
1079750 1130.6
1079760 1141.0
1079770 1154.8
1079780 1154.8
1079790 1163.6
1079800 1166.6
1079810 1166.6
1079820 1166.8
1079830 1165.7
1079840 1165.7
1079850 1162.7
1079860 1157.2
1079870 1152.8
1079880 1152.8
1079890 1149.2
1079900 1148.6
1079910 1148.6
1079920 1149.0
1079930 1149.4
1079940 1143.6
1079950 1143.0
1079960 1140.9
1079970 1140.9
1079980 1141.7
1079990 1146.1
