1067490 419.2
1067500 421.7
1067510 421.7
1067520 423.4
1067530 423.6
1067540 423.6
1067550 419.4
1067560 418.9
1067570 419.1
1067580 419.1
1067590 420.7
1067600 424.0
1067610 424.0
1067620 423.4
1067630 421.2
1067640 421.2
1067650 421.1
1067660 421.1
1067670 421.1
1067680 421.0
1067690 420.9
1067700 420.9
1067710 420.8
1067720 420.8
1067730 420.8
1067740 420.8
1067750 420.7
1067760 420.7
1067770 420.7
1067780 420.6
1067790 420.6
1067800 420.7
1067810 421.1
1067820 421.1
1067830 419.9
1067840 417.6
1067850 417.6
1067860 415.3
1067870 415.3
1067880 415.3
1067890 415.3
1067900 415.3
1067910 415.3
1067920 415.3
1067930 415.3
1067940 415.3
1067950 415.3
1067960 416.4
1067970 420.2
1067980 420.2
1067990 421.1
1068000 420.8
1068010 420.8
1068020 421.0
1068030 421.1
1068040 421.1
1068050 421.3
1068060 422.6
1068070 422.6
1068080 424.1
1068090 421.2
1068100 421.2
1068110 419.7
1068120 419.7
1068130 419.7
1068140 419.6
1068150 419.4
1068160 419.3
1068170 419.3
1068180 419.1
1068190 418.9
1068200 418.9
1068210 418.5
1068220 418.3
1068230 418.3
1068240 418.2
1068250 418.1
1068260 418.1
1068270 418.0
1068280 417.8
1068290 417.8
1068300 417.6
1068310 417.6
1068320 417.6
1068330 417.6
1068340 417.6
1068350 417.6
1068360 417.6
1068370 417.6
1068380 417.6
1068390 417.6
1068400 417.6
1068410 417.6
1068420 417.3
1068430 417.1
1068440 417.1
1068450 417.0
1068460 417.0
1068470 417.2
1068480 417.2
1068490 417.8
1068500 418.4
1068510 418.4
1068520 418.1
1068530 417.9
1068540 417.9
1068550 418.0
1068560 417.8
1068570 417.8
1068580 416.6
1068590 416.6
1068600 416.6
1068610 417.8
1068620 417.6
1068630 417.6
1068640 418.0
1068650 418.1
1068660 418.1
1068670 418.4
1068680 418.6
1068690 418.6
1068700 418.6
1068710 418.4
1068720 418.4
1068730 418.3
1068740 418.4
1068750 418.5
1068760 418.5
1068770 418.2
1068780 417.9
1068790 417.9
1068800 418.0
1068810 418.2
1068820 418.2
1068830 418.2
1068840 418.1
1068850 418.1
1068860 418.1
1068870 418.0
1068880 418.0
1068890 417.9
1068900 417.9
1068910 417.9
1068920 417.8
1068930 417.8
1068940 417.8
1068950 417.8
1068960 417.8
1068970 417.8
1068980 417.8
1068990 417.8
1069000 417.8
1069010 417.7
1069020 417.6
1069030 417.6
1069040 417.6
1069050 417.8
1069060 417.9
1069070 417.9
1069080 418.1
1069090 418.1
1069100 418.1
1069110 418.1
1069120 418.0
1069130 418.0
1069140 417.7
1069150 417.8
1069160 417.8
1069170 417.7
1069180 417.7
1069190 417.7
1069200 417.7
1069210 417.6
1069220 417.6
1069230 417.6
1069240 417.8
1069250 417.8
1069260 417.8
1069270 417.5
1069280 417.5
1069290 417.3
1069300 417.2
1069310 417.2
1069320 417.8
1069330 418.4
1069340 418.5
1069350 418.5
1069360 418.4
1069370 418.3
1069380 418.3
1069390 418.0
1069400 417.9
1069410 417.9
1069420 418.0
1069430 418.0
1069440 418.0
1069450 418.6
1069460 418.7
1069470 418.7
1069480 418.2
1069490 418.0
1069500 418.0
1069510 417.9
1069520 417.6
1069530 417.6
1069540 417.5
1069550 417.5
1069560 417.5
1069570 417.5
1069580 417.6
1069590 417.6
1069600 417.6
1069610 417.6
1069620 417.6
1069630 417.6
1069640 417.6
1069650 417.7
1069660 417.7
1069670 417.7
1069680 417.8
1069690 417.8
1069700 418.3
1069710 418.3
1069720 418.3
1069730 418.3
1069740 418.1
1069750 418.1
1069760 417.7
1069770 417.6
1069780 417.6
1069790 417.4
1069800 417.3
1069810 417.3
1069820 417.2
1069830 417.2
1069840 417.2
1069850 417.2
1069860 417.2
1069870 417.2
1069880 416.8
1069890 416.9
1069900 416.9
1069910 416.9
1069920 417.0
1069930 416.9
1069940 416.9
1069950 416.9
1069960 416.9
1069970 416.9
1069980 416.9
1069990 416.9
1070000 416.9
1070010 416.8
1070020 416.6
1070030 416.6
1070040 416.7
1070050 416.8
1070060 416.8
1070070 416.9
1070080 417.0
1070090 417.0
1070100 417.2
1070110 417.3
1070120 417.3
1070130 417.4
1070140 417.4
1070150 417.3
1070160 417.4
1070170 417.5
1070180 417.5
1070190 417.4
1070200 417.3
1070210 417.3
1070220 417.3
1070230 417.6
1070240 418.1
1070250 418.1
1070260 418.5
1070270 418.6
1070280 418.6
1070290 418.5
1070300 418.4
1070310 418.4
1070320 418.2
1070330 417.8
1070340 417.8
1070350 417.6
1070360 417.7
1070370 417.7
1070380 417.6
1070390 417.5
1070400 417.5
1070410 417.5
1070420 417.5
1070430 417.5
1070440 417.8
1070450 418.2
1070460 417.8
1070470 418.0
1070480 418.2
1070490 418.2
1070500 418.4
1070510 418.4
1070520 418.3
1070530 418.3
1070540 418.5
1070550 418.5
1070560 418.5
1070570 418.5
1070580 418.4
1070590 418.4
1070600 418.4
1070610 418.7
1070620 418.7
1070630 419.2
1070640 419.3
1070650 419.3
1070660 419.6
1070670 420.1
1070680 420.1
1070690 420.1
1070700 420.0
1070710 420.0
1070720 420.3
1070730 420.6
1070740 420.6
1070750 420.8
1070760 421.3
1070770 420.3
1070780 420.6
1070790 420.6
1070800 420.6
1070810 420.2
1070820 420.2
1070830 421.0
1070840 421.0
1070850 421.2
1070860 420.6
1070870 420.6
1070880 420.5
1070890 420.5
1070900 420.5
1070910 420.6
1070920 420.7
1070930 420.7
1070940 420.8
1070950 420.9
1070960 420.9
1070970 420.8
1070980 420.4
1070990 420.4
1071000 420.3
1071010 420.2
1071020 420.2
1071030 420.2
1071040 420.1
1071050 420.1
1071060 420.1
1071070 419.5
1071080 419.5
1071090 419.5
1071100 419.7
1071110 419.9
1071120 419.9
1071130 419.5
1071140 419.4
1071150 419.4
1071160 419.3
1071170 419.3
1071180 419.3
1071190 419.3
1071200 419.4
1071210 419.4
1071220 419.6
1071230 419.9
1071240 419.9
1071250 420.0
1071260 419.9
1071270 419.9
1071280 420.0
1071290 419.9
1071300 419.9
1071310 419.9
1071320 419.9
1071330 419.9
1071340 420.0
1071350 419.8
1071360 419.8
1071370 419.8
1071380 420.1
1071390 420.1
1071400 420.1
1071410 420.2
1071420 420.4
1071430 420.4
1071440 420.5
1071450 420.6
1071460 420.6
1071470 420.7
1071480 420.8
1071490 420.8
1071500 420.8
1071510 420.8
1071520 420.8
1071530 420.8
1071540 420.8
1071550 420.8
1071560 420.8
1071570 420.8
1071580 420.8
1071590 420.8
1071600 420.8
1071610 420.8
1071620 420.8
1071630 420.8
1071640 420.8
1071650 420.8
1071660 420.9
1071670 420.9
1071680 420.9
1071690 421.0
1071700 421.1
1071710 421.1
1071720 421.2
1071730 421.2
1071740 421.2
1071750 421.6
1071760 422.7
1071770 422.7
1071780 422.8
1071790 423.0
1071800 423.0
1071810 423.7
1071820 424.7
1071830 424.7
1071840 422.9
1071850 421.6
1071860 421.6
1071870 421.6
1071880 421.5
1071890 421.5
1071900 421.5
1071910 421.5
1071920 421.5
1071930 421.6
1071940 421.6
1071950 421.6
1071960 421.6
1071970 421.6
1071980 421.7
1071990 421.7
1072000 421.8
1072010 422.4
1072020 422.4
1072030 422.7
1072040 423.5
1072050 423.5
1072060 424.2
1072070 423.1
1072080 423.1
1072090 422.2
1072100 422.5
1072110 422.5
1072120 422.5
1072130 422.4
1072140 422.4
1072150 422.4
1072160 422.4
1072170 422.4
1072180 422.8
1072190 422.8
1072200 422.8
1072210 423.0
1072220 422.9
1072230 422.9
1072240 423.2
1072250 423.3
1072260 423.3
1072270 423.5
1072280 423.5
1072290 423.4
1072300 423.4
1072310 423.5
1072320 423.5
1072330 423.5
1072340 423.4
1072350 423.4
1072360 423.4
1072370 423.4
1072380 423.4
1072390 423.4
1072400 423.4
1072410 423.5
1072420 423.5
1072430 423.6
1072440 423.6
1072450 423.6
1072460 423.7
1072470 424.0
1072480 424.0
1072490 424.7
1072500 424.2
1072510 424.2
1072520 424.0
1072530 423.9
1072540 423.9
1072550 424.1
1072560 424.6
1072570 424.6
1072580 424.6
1072590 424.6
1072600 424.5
1072610 424.5
1072620 424.7
1072630 424.7
1072640 424.7
1072650 424.9
1072660 425.6
1072670 425.6
1072680 425.6
1072690 425.8
1072700 425.8
1072710 426.6
1072720 426.7
1072730 426.7
1072740 426.7
1072750 426.7
1072760 426.7
1072770 426.7
1072780 427.1
1072790 427.1
1072800 427.0
1072810 427.1
1072820 427.1
1072830 427.4
1072840 427.7
1072850 427.7
1072860 427.8
1072870 428.2
1072880 428.6
1072890 428.6
1072900 428.8
1072910 429.4
1072920 429.4
1072930 429.4
1072940 429.5
1072950 429.5
1072960 429.5
1072970 429.4
1072980 429.4
1072990 429.3
1073000 429.5
1073010 429.5
1073020 430.0
1073030 430.0
1073040 430.0
1073050 430.1
1073060 430.3
1073070 430.3
1073080 430.8
1073090 430.7
1073100 430.7
1073110 430.8
1073120 430.8
1073130 430.8
1073140 431.1
1073150 431.6
1073160 431.7
1073170 431.7
1073180 431.6
1073190 431.5
1073200 431.5
1073210 431.5
1073220 431.7
1073230 431.7
1073240 431.6
1073250 431.6
1073260 431.6
1073270 431.5
1073280 431.8
1073290 431.8
1073300 431.9
1073310 432.0
1073320 432.0
1073330 431.8
1073340 431.7
1073350 431.7
1073360 431.7
1073370 431.8
1073380 431.8
1073390 432.9
1073400 431.7
1073410 431.7
1073420 431.7
1073430 431.7
1073440 431.7
1073450 431.7
1073460 431.7
1073470 431.7
1073480 431.7
1073490 431.9
1073500 432.9
1073510 432.9
1073520 435.0
1073530 439.9
1073540 439.9
1073550 450.7
1073560 457.1
1073570 457.1
1073580 463.3
1073590 469.2
1073600 469.2
1073610 478.4
1073620 500.5
1073630 500.5
1073640 510.4
1073650 513.8
1073660 513.8
1073670 511.8
1073680 510.4
1073690 510.4
1073700 509.9
1073710 509.9
1073720 509.9
1073730 507.9
1073740 501.2
1073750 494.4
1073760 494.4
1073770 487.8
1073780 481.7
1073790 481.7
1073800 476.0
1073810 469.9
1073820 469.9
1073830 464.2
1073840 464.5
1073850 464.5
1073860 469.2
1073870 473.9
1073880 473.9
1073890 478.8
1073900 487.5
1073910 487.5
1073920 497.3
1073930 507.1
1073940 507.1
1073950 516.5
1073960 524.9
1073970 524.9
1073980 531.8
1073990 541.3
1074000 541.3
1074010 553.4
1074020 562.6
1074030 562.6
1074040 573.4
1074050 587.1
1074060 595.9
1074070 595.9
1074080 605.7
1074090 617.6
1074100 617.6
1074110 629.2
1074120 638.4
1074130 638.4
1074140 647.5
1074150 654.6
1074160 654.6
1074170 665.2
1074180 667.8
1074190 667.8
1074200 669.3
1074210 671.4
1074220 671.4
1074230 675.8
1074240 683.2
1074250 683.2
1074260 686.9
1074270 687.3
1074280 687.3
1074290 687.1
1074300 688.0
1074310 688.0
1074320 690.6
1074330 695.0
1074340 699.6
1074350 699.6
1074360 703.7
1074370 705.0
1074380 705.0
1074390 704.4
1074400 704.7
1074410 704.7
1074420 705.5
1074430 705.6
1074440 705.6
1074450 705.3
1074460 704.4
1074470 704.4
1074480 697.2
1074490 696.1
1074500 696.1
1074510 695.4
1074520 694.7
1074530 694.7
1074540 693.8
1074550 692.8
1074560 692.8
1074570 691.4
1074580 689.8
1074590 689.8
1074600 687.6
1074610 685.7
1074620 683.7
1074630 683.7
1074640 681.4
1074650 680.1
1074660 680.1
1074670 679.2
1074680 678.4
1074690 678.4
1074700 678.1
1074710 677.0
1074720 677.0
1074730 674.9
1074740 672.3
1074750 672.3
1074760 668.6
1074770 664.6
1074780 664.6
1074790 643.2
1074800 637.7
1074810 637.7
1074820 633.4
1074830 628.4
1074840 628.4
1074850 623.8
1074860 618.0
1074870 618.0
1074880 613.5
1074890 608.6
1074900 608.6
1074910 604.2
1074920 601.5
1074930 599.3
1074940 599.3
1074950 597.0
1074960 595.0
1074970 595.0
1074980 592.9
1074990 590.4
1075000 590.4
1075010 588.6
1075020 586.9
1075030 586.9
1075040 585.1
1075050 583.6
1075060 583.6
1075070 581.9
1075080 579.7
1075090 579.7
1075100 566.7
1075110 563.3
1075120 563.3
1075130 560.0
1075140 556.7
1075150 556.7
1075160 553.3
1075170 549.6
1075180 549.6
1075190 544.8
1075200 534.7
1075210 527.3
1075220 527.3
1075230 522.4
1075240 520.9
1075250 520.9
1075260 519.7
1075270 524.1
1075280 524.1
1075290 537.2
1075300 540.6
1075310 540.6
1075320 541.9
1075330 543.8
1075340 543.8
1075350 544.9
1075360 547.8
1075370 547.8
1075380 552.9
1075390 555.8
1075400 555.8
1075410 552.8
1075420 557.1
1075430 557.1
1075440 558.9
1075450 558.4
1075460 558.4
1075470 556.1
1075480 554.4
1075490 554.4
1075500 553.0
1075510 551.5
1075520 549.3
1075530 549.3
1075540 547.1
1075550 546.5
1075560 546.5
1075570 547.5
1075580 553.0
1075590 553.0
1075600 556.8
1075610 559.4
1075620 559.4
1075630 560.6
1075640 563.6
1075650 563.6
1075660 565.8
1075670 566.9
1075680 566.9
1075690 569.8
1075700 583.8
1075710 583.8
1075720 618.7
1075730 627.3
1075740 627.3
1075750 631.8
1075760 634.1
1075770 634.1
1075780 635.2
1075790 635.7
1075800 635.6
1075810 635.6
1075820 637.5
1075830 642.7
1075840 642.7
1075850 645.2
1075860 644.2
1075870 644.2
1075880 641.0
1075890 637.9
1075900 637.9
1075910 640.1
1075920 646.8
1075930 646.8
1075940 651.3
1075950 657.4
1075960 657.4
1075970 662.2
1075980 665.6
1075990 665.6
1076000 669.4
1076010 672.5
1076020 672.5
1076030 675.6
1076040 677.5
1076050 677.5
1076060 677.9
1076070 677.8
1076080 677.8
1076090 678.3
1076100 679.8
1076110 682.2
1076120 682.2
1076130 684.9
1076140 686.4
1076150 686.4
1076160 687.2
1076170 689.6
1076180 689.6
1076190 690.3
1076200 692.7
1076210 692.7
1076220 696.5
1076230 698.6
1076240 698.6
1076250 699.7
1076260 700.4
1076270 700.4
1076280 701.4
1076290 701.8
1076300 701.8
1076310 702.1
1076320 701.9
1076330 701.9
1076340 701.7
1076350 700.9
1076360 700.9
1076370 701.5
1076380 702.1
1076390 702.8
1076400 702.8
1076410 703.4
1076420 704.1
1076430 704.1
1076440 704.9
1076450 706.2
1076460 706.2
1076470 708.5
1076480 710.6
1076490 710.6
1076500 713.0
1076510 715.8
1076520 715.8
1076530 718.8
1076540 721.7
1076550 721.7
1076560 724.3
1076570 728.0
1076580 728.0
1076590 731.2
1076600 734.7
1076610 734.7
1076620 738.7
1076630 742.2
1076640 742.2
1076650 746.3
1076660 756.3
1076670 761.2
1076680 761.2
1076690 766.0
1076700 769.8
1076710 769.8
1076720 772.4
1076730 774.1
1076740 774.1
1076750 775.6
1076760 779.0
1076770 779.0
1076780 782.9
1076790 785.3
1076800 785.3
1076810 788.1
1076820 792.3
1076830 792.3
1076840 797.2
1076850 801.3
1076860 801.3
1076870 805.3
1076880 809.2
1076890 809.2
1076900 812.6
1076910 817.0
1076920 817.0
1076930 822.4
1076940 825.6
1076950 825.6
1076960 829.0
1076970 842.1
1076980 848.3
1076990 848.3
1077000 852.2
1077010 857.0
1077020 857.0
1077030 862.8
1077040 867.5
1077050 867.5
1077060 872.0
1077070 875.8
1077080 875.8
1077090 883.0
1077100 887.4
1077110 887.4
1077120 893.0
1077130 896.0
1077140 896.0
1077150 897.9
1077160 903.1
1077170 903.1
1077180 909.9
1077190 915.0
1077200 915.0
1077210 920.3
1077220 924.9
1077230 924.9
1077240 928.3
1077250 931.0
1077260 936.0
1077270 936.0
1077280 939.2
1077290 954.4
1077300 954.4
1077310 964.5
1077320 971.0
1077330 971.0
1077340 973.3
1077350 973.9
1077360 973.9
1077370 975.0
1077380 975.7
1077390 975.7
1077400 976.5
1077410 975.8
1077420 975.8
1077430 975.2
1077440 974.4
1077450 974.4
1077460 974.5
1077470 975.9
1077480 975.9
1077490 978.0
1077500 981.5
1077510 981.5
1077520 983.4
1077530 988.1
1077540 988.1
1077550 1000.8
1077560 1012.5
1077570 1017.0
1077580 1017.0
1077590 1017.7
1077600 1020.4
1077610 1020.4
1077620 1021.4
1077630 1023.6
1077640 1023.6
1077650 1026.0
1077660 1027.4
1077670 1027.4
1077680 1029.6
1077690 1033.0
1077700 1033.0
1077710 1036.2
1077720 1039.9
1077730 1039.9
1077740 1041.5
1077750 1042.4
1077760 1042.4
1077770 1042.5
1077780 1042.2
1077790 1042.2
1077800 1042.2
1077810 1043.0
1077820 1043.0
1077830 1044.0
1077840 1044.0
1077850 1043.4
1077860 1043.4
1077870 1044.1
1077880 1046.5
1077890 1046.5
1077900 1048.8
1077910 1047.5
1077920 1047.5
1077930 1048.5
1077940 1050.5
1077950 1050.5
1077960 1052.6
1077970 1053.8
1077980 1053.8
1077990 1054.1
1078000 1053.7
1078010 1053.7
1078020 1053.6
1078030 1054.3
1078040 1054.3
1078050 1054.5
1078060 1053.6
1078070 1053.6
1078080 1053.7
1078090 1054.7
1078100 1054.7
1078110 1055.7
1078120 1056.9
1078130 1058.3
1078140 1058.3
1078150 1060.9
1078160 1065.8
1078170 1065.8
1078180 1072.1
1078190 1078.5
1078200 1078.5
1078210 1081.5
1078220 1083.6
1078230 1081.5
1078240 1080.3
1078250 1077.9
1078260 1077.9
1078270 1075.3
1078280 1069.6
1078290 1069.6
1078300 1062.0
1078310 1058.7
1078320 1058.7
1078330 1056.6
1078340 1054.9
1078350 1054.9
1078360 1053.3
1078370 1051.5
1078380 1051.5
1078390 1050.3
1078400 1047.7
1078410 1047.7
1078420 1043.5
1078430 1040.2
1078440 1043.7
1078450 1043.7
1078460 1053.9
1078470 1063.0
1078480 1063.0
1078490 1071.0
1078500 1076.6
1078510 1076.6
1078520 1080.3
1078530 1083.0
1078540 1084.2
1078550 1086.5
1078560 1088.4
1078570 1088.4
1078580 1090.1
1078590 1091.0
1078600 1091.0
1078610 1090.9
1078620 1093.4
1078630 1093.4
1078640 1095.9
1078650 1097.6
1078660 1097.6
1078670 1098.1
1078680 1100.3
1078690 1100.3
1078700 1103.4
1078710 1106.0
1078720 1108.3
1078730 1108.3
1078740 1111.3
1078750 1114.8
1078760 1114.8
1078770 1117.4
1078780 1119.5
1078790 1119.5
1078800 1121.4
1078810 1122.6
1078820 1122.6
1078830 1123.3
1078840 1122.9
1078850 1125.0
1078860 1123.2
1078870 1120.6
1078880 1120.6
1078890 1118.9
1078900 1117.6
1078910 1117.6
1078920 1115.8
1078930 1113.1
1078940 1113.1
1078950 1109.7
1078960 1114.3
1078970 1114.3
1078980 1118.8
1078990 1122.6
1079000 1122.6
1079010 1126.9
1079020 1132.8
1079030 1140.5
1079040 1140.5
1079050 1147.8
1079060 1154.7
1079070 1154.7
1079080 1160.3
1079090 1163.8
1079100 1163.8
1079110 1166.3
1079120 1168.3
1079130 1168.3
1079140 1169.5
1079150 1169.9
1079160 1169.9
1079170 1171.7
1079180 1170.9
1079190 1170.9
1079200 1170.3
1079210 1170.8
1079220 1170.8
1079230 1172.0
1079240 1174.1
1079250 1174.1
1079260 1176.8
1079270 1179.2
1079280 1179.2
1079290 1182.7
1079300 1186.4
1079310 1189.8
1079320 1189.8
1079330 1192.9
1079340 1195.7
1079350 1195.7
1079360 1199.4
1079370 1203.7
1079380 1203.7
1079390 1206.9
1079400 1209.9
1079410 1209.9
1079420 1212.4
1079430 1214.4
1079440 1214.4
1079450 1216.7
1079460 1219.0
1079470 1219.0
1079480 1225.5
1079490 1228.7
1079500 1228.7
1079510 1233.1
1079520 1235.6
1079530 1235.6
1079540 1240.1
1079550 1244.2
1079560 1244.2
1079570 1248.6
1079580 1252.2
1079590 1252.2
1079600 1256.3
1079610 1260.2
1079620 1263.9
1079630 1263.9
1079640 1267.8
1079650 1271.1
1079660 1271.1
1079670 1274.3
1079680 1276.9
1079690 1276.9
1079700 1278.6
1079710 1279.8
1079720 1279.8
1079730 1281.0
1079740 1281.8
1079750 1281.8
1079760 1282.8
1079770 1283.6
1079780 1283.6
1079790 1283.7
1079800 1290.4
1079810 1290.4
1079820 1290.6
1079830 1290.7
1079840 1290.7
1079850 1290.4
1079860 1290.5
1079870 1290.5
1079880 1290.9
1079890 1292.9
1079900 1294.9
1079910 1294.9
1079920 1296.6
1079930 1299.5
1079940 1299.5
1079950 1302.5
1079960 1305.8
1079970 1305.8
1079980 1309.3
1079990 1313.6
