1067280 419.5
1067290 419.5
1067300 419.5
1067310 419.6
1067320 419.6
1067330 419.7
1067340 419.9
1067350 419.9
1067360 420.0
1067370 420.2
1067380 420.2
1067390 421.0
1067400 421.6
1067410 421.6
1067420 424.6
1067430 423.0
1067440 423.0
1067450 421.8
1067460 421.8
1067470 421.8
1067480 421.8
1067490 421.8
1067500 421.8
1067510 421.7
1067520 421.7
1067530 421.7
1067540 421.6
1067550 421.5
1067560 421.5
1067570 421.5
1067580 421.4
1067590 421.4
1067600 421.4
1067610 421.3
1067620 421.6
1067630 421.6
1067640 420.9
1067650 418.9
1067660 418.9
1067670 416.4
1067680 415.8
1067690 415.8
1067700 415.8
1067710 415.8
1067720 415.8
1067730 415.9
1067740 416.1
1067750 416.1
1067760 416.1
1067770 417.3
1067780 417.3
1067790 420.7
1067800 421.7
1067810 421.7
1067820 421.8
1067830 421.9
1067840 421.9
1067850 422.1
1067860 422.3
1067870 423.6
1067880 423.6
1067890 424.1
1067900 421.4
1067910 421.4
1067920 420.5
1067930 419.3
1067940 419.3
1067950 420.5
1067960 420.5
1067970 420.5
1067980 420.7
1067990 422.0
1068000 422.0
1068010 424.6
1068020 422.0
1068030 422.0
1068040 419.4
1068050 419.0
1068060 419.0
1068070 418.9
1068080 418.7
1068090 418.7
1068100 418.7
1068110 418.8
1068120 418.8
1068130 418.8
1068140 418.7
1068150 418.6
1068160 418.6
1068170 418.6
1068180 418.5
1068190 418.5
1068200 418.3
1068210 418.2
1068220 418.2
1068230 418.5
1068240 418.6
1068250 418.6
1068260 418.7
1068270 418.7
1068280 418.7
1068290 418.7
1068300 418.6
1068310 418.6
1068320 418.5
1068330 418.5
1068340 418.5
1068350 418.4
1068360 418.0
1068370 418.0
1068380 417.8
1068390 418.4
1068400 418.4
1068410 418.7
1068420 418.6
1068430 418.7
1068440 418.7
1068450 418.9
1068460 418.9
1068470 418.9
1068480 418.8
1068490 418.8
1068500 418.8
1068510 418.9
1068520 419.1
1068530 419.1
1068540 419.1
1068550 418.9
1068560 418.9
1068570 418.8
1068580 418.9
1068590 418.9
1068600 419.0
1068610 418.8
1068620 418.7
1068630 418.3
1068640 418.4
1068650 418.4
1068660 418.9
1068670 419.8
1068680 419.8
1068690 418.9
1068700 418.4
1068710 418.4
1068720 418.1
1068730 418.1
1068740 418.3
1068750 418.3
1068760 418.1
1068770 418.7
1068780 418.7
1068790 419.0
1068800 419.7
1068810 419.7
1068820 419.6
1068830 418.7
1068840 418.7
1068850 418.5
1068860 418.6
1068870 418.6
1068880 418.8
1068890 418.7
1068900 418.7
1068910 418.4
1068920 418.3
1068930 418.3
1068940 418.3
1068950 418.3
1068960 418.3
1068970 418.2
1068980 418.1
1068990 418.1
1069000 418.1
1069010 418.1
1069020 418.1
1069030 418.1
1069040 418.1
1069050 418.1
1069060 418.1
1069070 418.1
1069080 418.1
1069090 418.1
1069100 418.1
1069110 418.1
1069120 418.1
1069130 418.1
1069140 418.0
1069150 418.0
1069160 418.1
1069170 418.2
1069180 418.2
1069190 418.0
1069200 418.0
1069210 418.0
1069220 418.2
1069230 417.9
1069240 417.9
1069250 417.9
1069260 417.9
1069270 417.9
1069280 417.9
1069290 417.9
1069300 417.9
1069310 418.0
1069320 418.0
1069330 418.0
1069340 418.0
1069350 417.9
1069360 417.9
1069370 417.9
1069380 417.9
1069390 417.8
1069400 417.8
1069410 417.8
1069420 417.8
1069430 417.8
1069440 417.8
1069450 418.0
1069460 418.0
1069470 418.0
1069480 417.8
1069490 417.8
1069500 417.8
1069510 417.8
1069520 417.8
1069530 417.9
1069540 417.9
1069550 417.9
1069560 417.8
1069570 417.8
1069580 417.8
1069590 417.8
1069600 417.8
1069610 417.8
1069620 417.8
1069630 417.9
1069640 417.9
1069650 417.9
1069660 417.9
1069670 417.9
1069680 417.9
1069690 417.9
1069700 417.9
1069710 417.9
1069720 417.9
1069730 418.0
1069740 418.0
1069750 418.1
1069760 418.3
1069770 418.3
1069780 418.5
1069790 418.6
1069800 418.6
1069810 418.5
1069820 418.6
1069830 418.6
1069840 418.7
1069850 418.9
1069860 418.9
1069870 418.6
1069880 418.3
1069890 418.3
1069900 418.0
1069910 418.0
1069920 418.1
1069930 418.1
1069940 418.3
1069950 418.3
1069960 418.3
1069970 418.3
1069980 418.2
1069990 418.2
1070000 418.5
1070010 418.5
1070020 418.5
1070030 418.7
1070040 420.5
1070050 420.5
1070060 421.6
1070070 421.7
1070080 421.7
1070090 421.5
1070100 421.1
1070110 421.1
1070120 421.1
1070130 421.2
1070140 421.2
1070150 421.4
1070160 421.5
1070170 421.5
1070180 421.6
1070190 421.6
1070200 421.6
1070210 421.6
1070220 421.1
1070230 420.5
1070240 420.5
1070250 421.0
1070260 421.7
1070270 421.7
1070280 422.0
1070290 422.1
1070300 422.1
1070310 422.2
1070320 422.2
1070330 422.2
1070340 422.2
1070350 422.2
1070360 422.2
1070370 422.2
1070380 422.2
1070390 422.2
1070400 422.1
1070410 422.1
1070420 422.1
1070430 422.0
1070440 422.0
1070450 422.0
1070460 422.0
1070470 422.1
1070480 422.3
1070490 422.3
1070500 422.3
1070510 422.4
1070520 422.4
1070530 422.4
1070540 422.4
1070550 422.4
1070560 422.4
1070570 422.4
1070580 422.4
1070590 422.3
1070600 422.3
1070610 422.3
1070620 422.3
1070630 422.1
1070640 422.1
1070650 421.8
1070660 421.3
1070670 421.3
1070680 421.3
1070690 421.4
1070700 421.4
1070710 421.2
1070720 420.9
1070730 420.9
1070740 420.3
1070750 420.1
1070760 420.1
1070770 419.8
1070780 419.1
1070790 418.9
1070800 418.9
1070810 418.8
1070820 418.8
1070830 418.8
1070840 418.8
1070850 418.9
1070860 418.9
1070870 419.0
1070880 419.0
1070890 419.0
1070900 419.0
1070910 419.0
1070920 419.0
1070930 419.0
1070940 418.9
1070950 418.9
1070960 419.1
1070970 419.1
1070980 419.1
1070990 419.1
1071000 419.5
1071010 419.5
1071020 419.9
1071030 420.0
1071040 420.0
1071050 420.2
1071060 420.4
1071070 420.5
1071080 420.7
1071090 421.0
1071100 421.4
1071110 421.4
1071120 421.6
1071130 421.7
1071140 421.7
1071150 421.8
1071160 422.0
1071170 422.0
1071180 422.2
1071190 422.7
1071200 422.7
1071210 423.9
1071220 428.4
1071230 428.4
1071240 440.1
1071250 459.2
1071260 459.2
1071270 468.7
1071280 481.2
1071290 481.2
1071300 490.2
1071310 488.6
1071320 488.6
1071330 484.4
1071340 481.2
1071350 481.2
1071360 481.2
1071370 480.3
1071380 479.8
1071390 479.8
1071400 479.8
1071410 479.2
1071420 479.2
1071430 477.2
1071440 469.3
1071450 469.3
1071460 454.1
1071470 446.8
1071480 446.8
1071490 434.3
1071500 424.7
1071510 424.7
1071520 423.5
1071530 423.4
1071540 423.4
1071550 423.3
1071560 423.3
1071570 423.3
1071580 424.2
1071590 424.5
1071600 424.5
1071610 424.4
1071620 424.4
1071630 424.4
1071640 423.9
1071650 423.8
1071660 423.7
1071670 423.7
1071680 423.4
1071690 423.5
1071700 423.5
1071710 423.5
1071720 423.6
1071730 423.6
1071740 423.6
1071750 423.4
1071760 423.4
1071770 423.6
1071780 423.6
1071790 423.6
1071800 423.7
1071810 423.8
1071820 423.8
1071830 423.7
1071840 423.7
1071850 423.7
1071860 423.8
1071870 423.9
1071880 423.9
1071890 423.9
1071900 423.9
1071910 423.9
1071920 423.5
1071930 423.5
1071940 423.5
1071950 423.5
1071960 423.5
1071970 423.4
1071980 423.4
1071990 423.4
1072000 423.6
1072010 423.6
1072020 423.6
1072030 423.4
1072040 423.4
1072050 423.4
1072060 423.2
1072070 423.2
1072080 423.3
1072090 423.0
1072100 423.0
1072110 422.9
1072120 422.9
1072130 422.9
1072140 422.9
1072150 422.7
1072160 422.7
1072170 422.7
1072180 422.6
1072190 422.6
1072200 422.7
1072210 422.7
1072220 422.7
1072230 422.6
1072240 422.6
1072250 422.6
1072260 422.6
1072270 422.6
1072280 422.7
1072290 422.7
1072300 422.9
1072310 422.8
1072320 422.8
1072330 422.9
1072340 423.0
1072350 423.0
1072360 423.2
1072370 423.3
1072380 423.3
1072390 423.4
1072400 423.3
1072410 423.3
1072420 423.2
1072430 423.2
1072440 423.2
1072450 423.2
1072460 423.2
1072470 423.2
1072480 423.0
1072490 423.0
1072500 423.0
1072510 422.7
1072520 423.0
1072530 423.2
1072540 423.2
1072550 423.2
1072560 423.2
1072570 423.2
1072580 423.3
1072590 423.4
1072600 423.4
1072610 423.6
1072620 423.7
1072630 423.7
1072640 423.9
1072650 424.0
1072660 424.0
1072670 424.0
1072680 424.3
1072690 424.3
1072700 424.2
1072710 423.9
1072720 423.9
1072730 424.2
1072740 424.4
1072750 424.4
1072760 424.5
1072770 424.6
1072780 424.6
1072790 424.7
1072800 424.8
1072810 424.8
1072820 425.0
1072830 425.1
1072840 425.3
1072850 425.3
1072860 425.5
1072870 426.0
1072880 426.0
1072890 428.1
1072900 439.3
1072910 439.3
1072920 464.1
1072930 479.6
1072940 479.6
1072950 487.9
1072960 492.1
1072970 492.1
1072980 496.9
1072990 502.2
1073000 502.2
1073010 506.2
1073020 507.0
1073030 507.0
1073040 508.8
1073050 509.3
1073060 509.3
1073070 511.0
1073080 511.7
1073090 511.7
1073100 512.0
1073110 511.9
1073120 511.8
1073130 511.8
1073140 512.9
1073150 514.9
1073160 514.9
1073170 515.8
1073180 515.8
1073190 515.8
1073200 515.3
1073210 514.9
1073220 514.9
1073230 514.8
1073240 511.7
1073250 511.7
1073260 511.2
1073270 509.5
1073280 509.5
1073290 507.3
1073300 504.9
1073310 504.9
1073320 501.6
1073330 498.7
1073340 498.7
1073350 497.2
1073360 496.5
1073370 496.5
1073380 496.5
1073390 496.0
1073400 496.0
1073410 494.8
1073420 492.9
1073430 491.3
1073440 491.3
1073450 490.0
1073460 489.1
1073470 489.1
1073480 487.7
1073490 485.5
1073500 485.5
1073510 483.4
1073520 482.7
1073530 482.7
1073540 481.3
1073550 477.2
1073560 477.2
1073570 476.7
1073580 476.9
1073590 476.9
1073600 477.2
1073610 477.6
1073620 477.6
1073630 478.4
1073640 479.5
1073650 479.5
1073660 480.3
1073670 479.8
1073680 479.8
1073690 479.3
1073700 479.3
1073710 479.4
1073720 479.4
1073730 479.4
1073740 480.0
1073750 480.0
1073760 480.7
1073770 481.4
1073780 481.4
1073790 482.4
1073800 483.2
1073810 483.2
1073820 484.6
1073830 487.3
1073840 487.3
1073850 490.2
1073860 493.9
1073870 493.9
1073880 498.2
1073890 502.8
1073900 502.8
1073910 507.3
1073920 511.9
1073930 511.9
1073940 516.9
1073950 522.2
1073960 522.2
1073970 528.2
1073980 535.0
1073990 541.7
1074000 541.7
1074010 548.3
1074020 555.1
1074030 555.1
1074040 561.7
1074050 569.0
1074060 569.0
1074070 578.5
1074080 595.3
1074090 595.3
1074100 603.3
1074110 605.7
1074120 605.7
1074130 610.4
1074140 612.3
1074150 612.3
1074160 615.2
1074170 614.8
1074180 614.8
1074190 614.9
1074200 615.3
1074210 615.3
1074220 617.6
1074230 618.5
1074240 618.5
1074250 619.2
1074260 621.0
1074270 621.0
1074280 621.2
1074290 619.8
1074300 617.9
1074310 617.9
1074320 615.3
1074330 614.7
1074340 614.7
1074350 615.5
1074360 615.9
1074370 615.9
1074380 617.4
1074390 622.7
1074400 622.7
1074410 625.1
1074420 625.2
1074430 625.2
1074440 623.6
1074450 618.2
1074460 618.2
1074470 615.3
1074480 615.4
1074490 615.4
1074500 615.1
1074510 614.5
1074520 614.5
1074530 613.5
1074540 613.0
1074550 613.0
1074560 614.5
1074570 615.7
1074580 616.6
1074590 616.6
1074600 618.0
1074610 618.4
1074620 618.4
1074630 617.5
1074640 617.4
1074650 617.4
1074660 617.3
1074670 616.7
1074680 616.7
1074690 615.1
1074700 614.3
1074710 614.3
1074720 614.0
1074730 612.8
1074740 612.8
1074750 611.9
1074760 613.0
1074770 613.0
1074780 616.9
1074790 614.5
1074800 614.5
1074810 618.6
1074820 619.6
1074830 619.6
1074840 618.3
1074850 616.7
1074860 615.8
1074870 615.8
1074880 614.5
1074890 610.9
1074900 610.9
1074910 605.6
1074920 604.5
1074930 604.5
1074940 603.6
1074950 599.4
1074960 599.4
1074970 576.6
1074980 565.2
1074990 565.2
1075000 558.6
1075010 558.3
1075020 558.3
1075030 563.7
1075040 572.5
1075050 572.5
1075060 584.4
1075070 599.9
1075080 599.9
1075090 603.1
1075100 606.9
1075110 606.9
1075120 610.0
1075130 614.1
1075140 614.1
1075150 617.9
1075160 619.0
1075170 621.8
1075180 621.8
1075190 623.4
1075200 624.0
1075210 624.0
1075220 626.2
1075230 629.2
1075240 629.2
1075250 630.5
1075260 630.2
1075270 630.2
1075280 628.4
1075290 624.8
1075300 624.8
1075310 626.1
1075320 633.1
1075330 633.1
1075340 642.6
1075350 649.1
1075360 649.1
1075370 649.7
1075380 649.9
1075390 649.9
1075400 651.2
1075410 656.1
1075420 656.1
1075430 659.3
1075440 663.2
1075450 666.8
1075460 666.8
1075470 670.2
1075480 673.3
1075490 673.3
1075500 676.7
1075510 681.1
1075520 681.1
1075530 685.7
1075540 690.9
1075550 690.9
1075560 695.8
1075570 701.4
1075580 701.4
1075590 706.9
1075600 712.4
1075610 712.4
1075620 717.7
1075630 723.2
1075640 723.2
1075650 728.8
1075660 733.8
1075670 733.8
1075680 740.2
1075690 750.4
1075700 750.4
1075710 767.5
1075720 796.7
1075730 810.0
1075740 813.1
1075750 817.5
1075760 819.4
1075770 819.4
1075780 821.9
1075790 824.8
1075800 824.8
1075810 827.3
1075820 830.3
1075830 830.3
1075840 835.3
1075850 840.6
1075860 840.6
1075870 844.8
1075880 846.9
1075890 846.9
1075900 848.6
1075910 851.6
1075920 851.6
1075930 854.8
1075940 859.0
1075950 859.0
1075960 863.0
1075970 865.5
1075980 865.5
1075990 868.1
1076000 871.5
1076010 871.5
1076020 874.2
1076030 875.7
1076040 877.7
1076050 877.7
1076060 880.8
1076070 883.9
1076080 883.9
1076090 888.6
1076100 894.2
1076110 894.2
1076120 897.3
1076130 900.6
1076140 900.6
1076150 903.9
1076160 907.0
1076170 907.0
1076180 910.8
1076190 913.6
1076200 913.6
1076210 917.2
1076220 920.2
1076230 920.2
1076240 921.6
1076250 923.1
1076260 923.1
1076270 924.6
1076280 925.5
1076290 925.5
1076300 925.9
1076310 927.3
1076320 929.0
1076330 929.0
1076340 930.6
1076350 926.2
1076360 926.2
1076370 928.1
1076380 930.1
1076390 930.1
1076400 931.8
1076410 932.1
1076420 932.1
1076430 932.4
1076440 933.5
1076450 933.5
1076460 933.4
1076470 932.0
1076480 932.0
1076490 931.3
1076500 930.8
1076510 930.8
1076520 930.5
1076530 929.6
1076540 929.6
1076550 928.1
1076560 927.9
1076570 927.9
1076580 926.4
1076590 926.4
1076600 926.4
1076610 927.2
1076620 924.7
1076630 921.8
1076640 921.8
1076650 923.4
1076660 918.8
1076670 918.8
1076680 919.5
1076690 918.4
1076700 918.4
1076710 917.4
1076720 916.2
1076730 916.2
1076740 914.8
1076750 913.9
1076760 913.9
1076770 911.9
1076780 910.8
1076790 910.8
1076800 909.4
1076810 907.8
1076820 907.8
1076830 906.6
1076840 906.8
1076850 906.8
1076860 906.3
1076870 904.7
1076880 904.7
1076890 903.0
1076900 907.7
1076910 908.8
1076920 908.8
1076930 906.7
1076940 905.2
1076950 905.2
1076960 903.7
1076970 903.3
1076980 895.8
1076990 896.0
1077000 894.9
1077010 894.9
1077020 893.3
1077030 892.5
1077040 892.5
1077050 891.1
1077060 889.5
1077070 889.5
1077080 888.3
1077090 887.3
1077100 887.3
1077110 887.0
1077120 887.5
1077130 887.5
1077140 888.6
1077150 889.6
1077160 889.6
1077170 890.4
1077180 890.6
1077190 890.1
1077200 890.1
1077210 888.5
1077220 887.1
1077230 887.1
1077240 884.4
1077250 880.5
1077260 880.5
1077270 875.5
1077280 871.9
1077290 864.4
1077300 861.1
1077310 858.1
1077320 858.1
1077330 854.7
1077340 852.1
1077350 852.1
1077360 849.6
1077370 849.1
1077380 849.1
1077390 850.3
1077400 849.8
1077410 849.8
1077420 847.5
1077430 845.1
1077440 845.1
1077450 844.8
1077460 849.7
1077470 849.7
1077480 851.2
1077490 848.9
1077500 848.0
1077510 848.0
1077520 851.3
1077530 856.0
1077540 856.0
1077550 856.1
1077560 852.4
1077570 852.4
1077580 849.1
1077590 850.9
1077600 844.4
1077610 845.4
1077620 842.7
1077630 842.7
1077640 839.7
1077650 836.3
1077660 836.3
1077670 832.7
1077680 830.0
1077690 830.0
1077700 827.1
1077710 824.0
1077720 824.0
1077730 821.4
1077740 824.2
1077750 824.2
1077760 829.4
1077770 833.5
1077780 839.8
1077790 839.8
1077800 848.2
1077810 856.8
1077820 856.8
1077830 862.6
1077840 865.6
1077850 865.6
1077860 869.9
1077870 877.4
1077880 877.4
1077890 886.1
1077900 895.3
1077910 900.1
1077920 908.6
1077930 915.2
1077940 915.2
1077950 922.8
1077960 930.4
1077970 930.4
1077980 937.1
1077990 944.2
1078000 944.2
1078010 950.6
1078020 955.1
1078030 955.1
1078040 957.9
1078050 959.2
1078060 959.2
1078070 959.6
1078080 959.5
1078090 959.8
1078100 959.8
1078110 960.8
1078120 962.3
1078130 962.3
1078140 964.7
1078150 968.4
1078160 968.4
1078170 970.6
1078180 971.7
1078190 971.7
1078200 973.3
1078210 977.6
1078220 977.6
1078230 983.1
1078240 988.7
1078250 988.7
1078260 994.5
1078270 999.0
1078280 999.0
1078290 1001.0
1078300 1003.1
1078310 1003.1
1078320 1006.8
1078330 1007.8
1078340 1007.8
1078350 1007.9
1078360 1008.6
1078370 1011.5
1078380 1011.5
1078390 1020.1
1078400 1029.0
1078410 1029.0
1078420 1034.7
1078430 1039.0
1078440 1039.0
1078450 1043.5
1078460 1046.6
1078470 1046.6
1078480 1050.8
1078490 1055.7
1078500 1055.7
1078510 1061.5
1078520 1066.3
1078530 1066.3
1078540 1065.4
1078550 1065.0
1078560 1065.0
1078570 1064.1
1078580 1061.7
1078590 1061.7
1078600 1060.5
1078610 1063.9
1078620 1063.9
1078630 1065.2
1078640 1063.8
1078650 1061.1
1078660 1061.1
1078670 1059.7
1078680 1061.8
1078690 1061.8
1078700 1064.3
1078710 1067.1
1078720 1067.1
1078730 1069.3
1078740 1079.1
1078750 1079.1
1078760 1087.2
1078770 1087.8
1078780 1087.8
1078790 1090.9
1078800 1095.3
1078810 1095.3
1078820 1100.4
1078830 1106.4
1078840 1106.4
1078850 1124.4
1078860 1129.4
1078870 1129.4
1078880 1133.5
1078890 1137.2
1078900 1137.2
1078910 1141.4
1078920 1145.2
1078930 1145.2
1078940 1149.6
1078950 1156.8
1078960 1164.0
1078970 1164.0
1078980 1171.3
1078990 1179.1
1079000 1179.1
1079010 1187.0
1079020 1194.2
1079030 1194.2
1079040 1201.3
1079050 1208.8
1079060 1208.8
1079070 1215.6
1079080 1222.7
1079090 1222.7
1079100 1230.0
1079110 1236.9
1079120 1236.9
1079130 1243.1
1079140 1248.6
1079150 1248.6
1079160 1253.8
1079170 1257.0
1079180 1257.0
1079190 1263.7
1079200 1270.1
1079210 1270.1
1079220 1274.9
1079230 1279.0
1079240 1281.2
1079250 1281.2
1079260 1281.8
1079270 1281.2
1079280 1281.2
1079290 1280.3
1079300 1279.5
1079310 1279.5
1079320 1279.2
1079330 1278.8
1079340 1278.8
1079350 1277.9
1079360 1276.9
1079370 1276.9
1079380 1275.7
1079390 1272.8
1079400 1272.8
1079410 1268.8
1079420 1267.3
1079430 1267.3
1079440 1270.3
1079450 1269.9
1079460 1269.9
1079470 1267.2
1079480 1254.9
1079490 1254.9
1079500 1252.7
1079510 1250.4
1079520 1247.8
1079530 1247.8
1079540 1245.7
1079550 1243.7
1079560 1243.7
1079570 1241.2
1079580 1237.9
1079590 1237.9
1079600 1232.5
1079610 1225.5
1079620 1225.5
1079630 1219.4
1079640 1216.9
1079650 1216.9
1079660 1212.7
1079670 1210.5
1079680 1210.5
1079690 1207.8
1079700 1203.4
1079710 1203.4
1079720 1199.2
1079730 1196.4
1079740 1196.4
1079750 1193.1
1079760 1189.8
1079770 1189.8
1079780 1196.4
1079790 1215.0
1079800 1207.9
1079810 1220.1
1079820 1227.7
1079830 1232.8
1079840 1232.8
1079850 1239.9
1079860 1244.4
1079870 1244.4
1079880 1246.4
1079890 1247.7
1079900 1247.7
1079910 1248.2
1079920 1247.5
1079930 1247.5
1079940 1245.7
1079950 1243.2
1079960 1243.2
1079970 1237.9
1079980 1232.9
1079990 1232.9
