1067350 419.7
1067360 419.7
1067370 419.7
1067380 419.7
1067390 420.0
1067400 420.0
1067410 420.7
1067420 419.8
1067430 419.8
1067440 419.8
1067450 420.2
1067460 420.2
1067470 421.0
1067480 424.1
1067490 423.2
1067500 423.2
1067510 421.6
1067520 421.5
1067530 421.5
1067540 421.5
1067550 421.5
1067560 421.5
1067570 421.5
1067580 421.5
1067590 421.5
1067600 421.4
1067610 421.4
1067620 421.4
1067630 421.3
1067640 421.2
1067650 421.2
1067660 421.2
1067670 421.1
1067680 421.1
1067690 421.6
1067700 419.6
1067710 419.6
1067720 417.9
1067730 415.8
1067740 415.8
1067750 415.6
1067760 415.6
1067770 415.6
1067780 415.6
1067790 415.6
1067800 415.6
1067810 415.6
1067820 415.6
1067830 416.7
1067840 416.7
1067850 420.5
1067860 421.6
1067870 421.8
1067880 421.7
1067890 421.0
1067900 421.0
1067910 419.1
1067920 421.3
1067930 421.3
1067940 421.6
1067950 421.6
1067960 421.6
1067970 421.7
1067980 422.2
1067990 422.2
1068000 424.5
1068010 422.5
1068020 422.5
1068030 420.5
1068040 419.9
1068050 419.9
1068060 419.5
1068070 419.4
1068080 419.3
1068090 419.3
1068100 419.2
1068110 418.9
1068120 418.9
1068130 419.1
1068140 419.1
1068150 419.1
1068160 418.9
1068170 418.8
1068180 418.8
1068190 418.8
1068200 418.8
1068210 418.8
1068220 418.8
1068230 419.3
1068240 419.3
1068250 419.6
1068260 419.4
1068270 419.4
1068280 418.9
1068290 419.0
1068300 419.0
1068310 419.2
1068320 419.1
1068330 419.1
1068340 419.2
1068350 419.6
1068360 418.9
1068370 418.9
1068380 418.8
1068390 418.7
1068400 418.7
1068410 419.1
1068420 419.2
1068430 419.2
1068440 418.7
1068450 418.7
1068460 418.7
1068470 418.7
1068480 417.9
1068490 417.9
1068500 417.9
1068510 417.8
1068520 417.8
1068530 417.9
1068540 418.4
1068550 418.4
1068560 418.5
1068570 418.6
1068580 418.6
1068590 418.5
1068600 418.7
1068610 418.7
1068620 419.4
1068630 418.8
1068640 418.8
1068650 418.3
1068660 418.4
1068670 419.2
1068680 419.2
1068690 419.1
1068700 419.2
1068710 419.2
1068720 419.4
1068730 419.1
1068740 419.1
1068750 418.6
1068760 418.5
1068770 418.5
1068780 418.4
1068790 418.5
1068800 418.5
1068810 418.2
1068820 417.8
1068830 417.8
1068840 418.6
1068850 418.5
1068860 418.5
1068870 418.4
1068880 419.1
1068890 419.1
1068900 419.0
1068910 418.5
1068920 418.5
1068930 418.4
1068940 418.5
1068950 418.2
1068960 418.2
1068970 418.2
1068980 418.5
1068990 418.5
1069000 418.4
1069010 418.2
1069020 418.2
1069030 418.1
1069040 417.8
1069050 417.8
1069060 417.9
1069070 418.3
1069080 418.3
1069090 418.2
1069100 418.3
1069110 418.3
1069120 418.5
1069130 418.6
1069140 418.6
1069150 418.6
1069160 418.3
1069170 418.3
1069180 418.2
1069190 418.4
1069200 418.4
1069210 418.2
1069220 417.9
1069230 417.9
1069240 418.0
1069250 418.4
1069260 418.2
1069270 418.2
1069280 418.0
1069290 418.3
1069300 418.3
1069310 418.0
1069320 418.0
1069330 418.0
1069340 418.0
1069350 418.4
1069360 418.4
1069370 418.0
1069380 418.0
1069390 418.0
1069400 418.0
1069410 417.9
1069420 417.9
1069430 417.8
1069440 417.8
1069450 417.8
1069460 417.8
1069470 417.8
1069480 417.8
1069490 418.1
1069500 418.3
1069510 418.3
1069520 418.4
1069530 418.4
1069540 418.2
1069550 418.2
1069560 418.2
1069570 418.1
1069580 418.1
1069590 417.7
1069600 417.7
1069610 417.7
1069620 417.7
1069630 417.8
1069640 417.8
1069650 417.8
1069660 417.8
1069670 417.8
1069680 417.8
1069690 417.8
1069700 417.8
1069710 417.8
1069720 417.9
1069730 417.9
1069740 417.9
1069750 418.0
1069760 418.0
1069770 418.1
1069780 418.1
1069790 418.1
1069800 418.6
1069810 418.6
1069820 418.6
1069830 418.8
1069840 418.8
1069850 418.9
1069860 418.9
1069870 419.5
1069880 419.8
1069890 419.8
1069900 420.2
1069910 420.4
1069920 420.4
1069930 420.5
1069940 420.5
1069950 420.5
1069960 420.3
1069970 420.1
1069980 420.1
1069990 419.8
1070000 419.3
1070010 419.7
1070020 419.2
1070030 418.6
1070040 418.6
1070050 418.2
1070060 418.1
1070070 418.1
1070080 417.9
1070090 417.6
1070100 417.6
1070110 417.6
1070120 417.6
1070130 417.6
1070140 417.6
1070150 417.7
1070160 417.7
1070170 417.7
1070180 417.8
1070190 418.4
1070200 418.4
1070210 418.6
1070220 418.8
1070230 418.8
1070240 419.3
1070250 420.2
1070260 420.2
1070270 420.4
1070280 420.4
1070290 420.4
1070300 420.3
1070310 420.2
1070320 420.4
1070330 420.5
1070340 420.9
1070350 420.9
1070360 420.9
1070370 421.0
1070380 421.0
1070390 421.2
1070400 421.5
1070410 421.5
1070420 421.5
1070430 421.6
1070440 421.7
1070450 421.7
1070460 421.6
1070470 421.6
1070480 421.6
1070490 421.5
1070500 421.6
1070510 421.6
1070520 421.6
1070530 421.7
1070540 421.7
1070550 421.7
1070560 421.7
1070570 421.7
1070580 421.7
1070590 421.6
1070600 421.6
1070610 421.7
1070620 421.7
1070630 421.7
1070640 421.7
1070650 421.7
1070660 421.7
1070670 421.6
1070680 421.4
1070690 421.4
1070700 420.8
1070710 419.9
1070720 419.9
1070730 419.9
1070740 420.0
1070750 419.6
1070760 419.6
1070770 419.6
1070780 419.5
1070790 419.5
1070800 419.5
1070810 419.5
1070820 419.5
1070830 419.4
1070840 419.3
1070850 419.3
1070860 419.1
1070870 418.9
1070880 418.9
1070890 418.8
1070900 419.3
1070910 419.3
1070920 419.5
1070930 419.1
1070940 419.0
1070950 419.1
1070960 419.2
1070970 419.2
1070980 419.2
1070990 419.3
1071000 419.3
1071010 419.3
1071020 419.3
1071030 419.3
1071040 419.3
1071050 419.2
1071060 419.1
1071070 419.1
1071080 419.1
1071090 419.1
1071100 419.1
1071110 419.2
1071120 419.3
1071130 419.3
1071140 419.2
1071150 419.3
1071160 419.3
1071170 419.4
1071180 419.4
1071190 419.4
1071200 419.4
1071210 419.4
1071220 419.4
1071230 419.6
1071240 420.3
1071250 420.6
1071260 420.9
1071270 421.0
1071280 421.0
1071290 421.2
1071300 421.3
1071310 421.5
1071320 421.5
1071330 421.5
1071340 421.7
1071350 421.7
1071360 422.0
1071370 421.8
1071380 421.8
1071390 421.9
1071400 421.9
1071410 421.9
1071420 422.0
1071430 422.0
1071440 422.0
1071450 422.0
1071460 422.1
1071470 422.1
1071480 422.1
1071490 422.3
1071500 422.3
1071510 422.4
1071520 422.6
1071530 422.6
1071540 422.5
1071550 422.5
1071560 422.5
1071570 422.5
1071580 422.4
1071590 422.4
1071600 422.4
1071610 422.4
1071620 422.4
1071630 422.4
1071640 422.4
1071650 422.4
1071660 422.4
1071670 423.1
1071680 423.6
1071690 423.6
1071700 423.9
1071710 423.9
1071720 423.9
1071730 423.6
1071740 422.6
1071750 422.6
1071760 422.7
1071770 423.1
1071780 423.1
1071790 423.9
1071800 423.6
1071810 423.6
1071820 423.4
1071830 423.4
1071840 423.4
1071850 423.1
1071860 423.1
1071870 423.1
1071880 423.1
1071890 423.0
1071900 423.2
1071910 423.2
1071920 423.4
1071930 423.4
1071940 423.4
1071950 423.1
1071960 422.9
1071970 422.9
1071980 423.0
1071990 423.0
1072000 423.0
1072010 423.1
1072020 422.9
1072030 422.9
1072040 422.9
1072050 422.7
1072060 422.7
1072070 422.8
1072080 423.0
1072090 423.0
1072100 423.0
1072110 423.0
1072120 423.0
1072130 422.9
1072140 422.9
1072150 422.9
1072160 422.9
1072170 422.8
1072180 422.9
1072190 422.9
1072200 422.9
1072210 422.8
1072220 422.8
1072230 422.5
1072240 422.4
1072250 422.4
1072260 422.3
1072270 422.3
1072280 422.3
1072290 422.4
1072300 422.5
1072310 422.5
1072320 422.5
1072330 422.8
1072340 422.8
1072350 423.1
1072360 423.2
1072370 423.2
1072380 423.2
1072390 423.2
1072400 423.2
1072410 423.1
1072420 423.1
1072430 423.1
1072440 422.9
1072450 422.7
1072460 422.9
1072470 422.9
1072480 422.8
1072490 422.7
1072500 422.7
1072510 422.6
1072520 422.6
1072530 422.6
1072540 422.5
1072550 422.6
1072560 422.6
1072570 422.7
1072580 422.7
1072590 422.7
1072600 422.7
1072610 422.8
1072620 422.8
1072630 422.9
1072640 422.9
1072650 422.9
1072660 423.1
1072670 423.3
1072680 423.3
1072690 423.4
1072700 423.6
1072710 423.6
1072720 423.8
1072730 423.9
1072740 423.9
1072750 424.2
1072760 424.4
1072770 424.5
1072780 424.5
1072790 424.5
1072800 424.7
1072810 424.7
1072820 424.7
1072830 424.6
1072840 424.6
1072850 424.8
1072860 425.1
1072870 425.1
1072880 425.2
1072890 425.3
1072900 425.3
1072910 425.6
1072920 425.7
1072930 425.7
1072940 425.7
1072950 425.7
1072960 425.7
1072970 426.0
1072980 426.2
1072990 426.2
1073000 426.3
1073010 426.5
1073020 426.5
1073030 426.6
1073040 426.8
1073050 427.1
1073060 427.1
1073070 427.3
1073080 427.2
1073090 427.2
1073100 427.6
1073110 433.1
1073120 433.1
1073130 467.7
1073140 482.3
1073150 482.3
1073160 490.0
1073170 501.5
1073180 501.5
1073190 524.6
1073200 532.9
1073210 532.9
1073220 535.3
1073230 535.4
1073240 535.4
1073250 534.9
1073260 535.0
1073270 535.0
1073280 536.9
1073290 538.7
1073300 538.7
1073310 540.0
1073320 541.7
1073330 541.7
1073340 541.6
1073350 540.2
1073360 539.6
1073370 539.6
1073380 539.4
1073390 538.2
1073400 538.2
1073410 535.1
1073420 534.5
1073430 534.5
1073440 533.9
1073450 533.0
1073460 533.0
1073470 531.2
1073480 527.5
1073490 527.5
1073500 524.0
1073510 517.8
1073520 517.8
1073530 510.3
1073540 506.1
1073550 506.1
1073560 502.9
1073570 498.3
1073580 498.3
1073590 491.5
1073600 483.5
1073610 483.5
1073620 480.2
1073630 489.6
1073640 499.4
1073650 499.4
1073660 504.0
1073670 503.1
1073680 503.1
1073690 503.6
1073700 507.6
1073710 507.6
1073720 511.3
1073730 516.6
1073740 516.6
1073750 517.7
1073760 517.0
1073770 517.0
1073780 514.8
1073790 514.3
1073800 514.3
1073810 514.3
1073820 514.7
1073830 514.7
1073840 516.5
1073850 518.0
1073860 518.0
1073870 519.6
1073880 521.4
1073890 521.4
1073900 524.2
1073910 527.1
1073920 527.1
1073930 528.6
1073940 529.9
1073950 530.8
1073960 530.8
1073970 533.2
1073980 535.3
1073990 535.3
1074000 537.1
1074010 538.6
1074020 538.6
1074030 540.4
1074040 543.1
1074050 543.1
1074060 545.0
1074070 546.2
1074080 546.2
1074090 547.3
1074100 549.0
1074110 549.0
1074120 550.6
1074130 551.9
1074140 551.9
1074150 552.9
1074160 553.9
1074170 553.9
1074180 555.0
1074190 555.6
1074200 555.6
1074210 555.5
1074220 555.0
1074230 555.3
1074240 555.3
1074250 555.2
1074260 555.2
1074270 555.2
1074280 555.4
1074290 553.8
1074300 553.8
1074310 551.8
1074320 551.4
1074330 551.4
1074340 553.5
1074350 553.8
1074360 553.8
1074370 554.3
1074380 554.8
1074390 554.8
1074400 555.4
1074410 556.7
1074420 556.7
1074430 558.9
1074440 561.4
1074450 561.4
1074460 564.3
1074470 566.2
1074480 566.2
1074490 568.4
1074500 570.4
1074510 571.6
1074520 571.6
1074530 573.4
1074540 574.9
1074550 574.9
1074560 577.8
1074570 580.5
1074580 580.5
1074590 582.9
1074600 584.5
1074610 584.5
1074620 586.3
1074630 588.7
1074640 588.7
1074650 598.1
1074660 601.9
1074670 601.9
1074680 606.2
1074690 612.7
1074700 612.7
1074710 617.1
1074720 620.5
1074730 620.5
1074740 624.2
1074750 626.2
1074760 626.2
1074770 625.6
1074780 625.9
1074790 625.9
1074800 626.1
1074810 624.4
1074820 622.6
1074830 622.6
1074840 620.2
1074850 617.4
1074860 617.4
1074870 612.0
1074880 609.3
1074890 609.3
1074900 606.3
1074910 609.6
1074920 609.6
1074930 610.7
1074940 611.4
1074950 611.4
1074960 609.6
1074970 606.7
1074980 606.7
1074990 602.1
1075000 585.2
1075010 585.2
1075020 572.8
1075030 553.2
1075040 553.2
1075050 549.2
1075060 566.8
1075070 566.8
1075080 586.1
1075090 598.1
1075100 609.1
1075110 609.1
1075120 614.4
1075130 615.1
1075140 615.1
1075150 614.5
1075160 613.6
1075170 613.6
1075180 612.8
1075190 615.5
1075200 615.5
1075210 617.1
1075220 615.8
1075230 615.8
1075240 615.1
1075250 615.4
1075260 615.4
1075270 616.2
1075280 616.4
1075290 616.4
1075300 615.8
1075310 615.5
1075320 615.5
1075330 615.3
1075340 614.5
1075350 614.5
1075360 613.2
1075370 613.0
1075380 613.0
1075390 612.8
1075400 613.4
1075410 616.9
1075420 616.9
1075430 621.2
1075440 624.7
1075450 624.7
1075460 626.8
1075470 628.0
1075480 628.0
1075490 628.5
1075500 628.5
1075510 628.5
1075520 628.5
1075530 628.6
1075540 628.6
1075550 629.6
1075560 631.5
1075570 631.5
1075580 632.1
1075590 636.3
1075600 636.3
1075610 640.4
1075620 644.0
1075630 644.0
1075640 649.2
1075650 656.5
1075660 656.5
1075670 661.7
1075680 667.4
1075690 674.2
1075700 674.2
1075710 681.7
1075720 688.0
1075730 688.0
1075740 689.9
1075750 691.7
1075760 691.7
1075770 694.7
1075780 697.1
1075790 697.1
1075800 699.7
1075810 703.2
1075820 703.2
1075830 708.1
1075840 712.1
1075850 712.1
1075860 715.7
1075870 719.5
1075880 719.5
1075890 724.6
1075900 732.9
1075910 732.9
1075920 738.2
1075930 742.9
1075940 742.9
1075950 746.9
1075960 750.5
1075970 754.7
1075980 754.7
1075990 759.2
1076000 762.2
1076010 762.2
1076020 764.7
1076030 767.4
1076040 767.4
1076050 773.5
1076060 779.9
1076070 779.9
1076080 784.4
1076090 789.5
1076100 789.5
1076110 795.7
1076120 802.2
1076130 802.2
1076140 810.8
1076150 818.2
1076160 818.2
1076170 825.4
1076180 834.4
1076190 834.4
1076200 841.6
1076210 854.0
1076220 854.0
1076230 859.8
1076240 865.2
1076250 865.2
1076260 879.1
1076270 911.0
1076280 917.4
1076290 917.4
1076300 924.4
1076310 931.8
1076320 931.8
1076330 938.8
1076340 945.9
1076350 945.9
1076360 953.1
1076370 959.4
1076380 959.4
1076390 963.4
1076400 965.6
1076410 965.6
1076420 965.9
1076430 965.8
1076440 965.8
1076450 969.0
1076460 973.6
1076470 973.6
1076480 979.1
1076490 983.3
1076500 983.3
1076510 982.2
1076520 980.5
1076530 980.5
1076540 979.1
1076550 978.8
1076560 976.4
1076570 976.4
1076580 974.2
1076590 976.3
1076600 976.3
1076610 978.8
1076620 980.6
1076630 980.6
1076640 981.8
1076650 983.3
1076660 983.3
1076670 984.9
1076680 986.9
1076690 986.9
1076700 989.1
1076710 990.9
1076720 990.9
1076730 993.2
1076740 996.2
1076750 996.2
1076760 999.5
1076770 1002.8
1076780 1002.8
1076790 1003.4
1076800 1003.7
1076810 1003.7
1076820 1003.8
1076830 994.5
1076840 989.6
1076850 989.6
1076860 988.0
1076870 988.9
1076880 988.9
1076890 989.7
1076900 991.0
1076910 991.0
1076920 992.7
1076930 991.2
1076940 991.2
1076950 992.3
1076960 993.2
1076970 993.2
1076980 993.9
1076990 993.3
1077000 993.3
1077010 992.5
1077020 991.6
1077030 991.6
1077040 992.0
1077050 993.0
1077060 993.0
1077070 993.5
1077080 995.2
1077090 995.2
1077100 995.7
1077110 994.1
1077120 994.1
1077130 990.8
1077140 988.5
1077150 981.8
1077160 981.8
1077170 981.7
1077180 982.5
1077190 982.5
1077200 983.2
1077210 981.1
1077220 981.1
1077230 978.0
1077240 975.3
1077250 975.3
1077260 972.1
1077270 970.1
1077280 970.1
1077290 967.2
1077300 964.6
1077310 964.6
1077320 965.0
1077330 965.9
1077340 965.9
1077350 965.1
1077360 961.8
1077370 961.8
1077380 958.0
1077390 954.7
1077400 954.7
1077410 952.7
1077420 950.7
1077430 948.3
1077440 948.3
1077450 945.5
1077460 937.1
1077470 937.1
1077480 934.2
1077490 931.8
1077500 931.8
1077510 928.6
1077520 926.0
1077530 926.0
1077540 923.9
1077550 921.3
1077560 921.3
1077570 919.3
1077580 917.7
1077590 917.7
1077600 916.3
1077610 915.3
1077620 915.3
1077630 915.5
1077640 916.5
1077650 916.5
1077660 917.0
1077670 914.4
1077680 914.4
1077690 906.9
1077700 898.3
1077710 898.3
1077720 891.3
1077730 885.3
1077740 880.6
1077750 880.6
1077760 874.0
1077770 866.2
1077780 866.2
1077790 861.7
1077800 861.8
1077810 861.8
1077820 861.4
1077830 860.0
1077840 860.0
1077850 859.1
1077860 861.3
1077870 861.3
1077880 866.8
1077890 874.0
1077900 874.0
1077910 882.3
1077920 889.2
1077930 889.2
1077940 892.9
1077950 898.0
1077960 898.0
1077970 903.2
1077980 907.6
1077990 907.6
1078000 912.9
1078010 919.9
1078020 925.3
1078030 925.3
1078040 929.9
1078050 936.3
1078060 936.3
1078070 945.0
1078080 954.5
1078090 956.8
1078100 964.0
1078110 969.5
1078120 969.5
1078130 974.2
1078140 978.9
1078150 978.9
1078160 983.0
1078170 984.4
1078180 984.4
1078190 988.4
1078200 993.4
1078210 993.4
1078220 999.0
1078230 1002.1
1078240 1002.1
1078250 1007.9
1078260 1017.2
1078270 1017.2
1078280 1023.9
1078290 1028.7
1078300 1033.3
1078310 1033.3
1078320 1038.4
1078330 1043.9
1078340 1043.9
1078350 1049.7
1078360 1055.2
1078370 1055.2
1078380 1061.5
1078390 1069.3
1078400 1071.4
1078410 1080.5
1078420 1090.2
1078430 1090.2
1078440 1098.7
1078450 1103.0
1078460 1103.0
1078470 1106.8
1078480 1109.3
1078490 1109.3
1078500 1111.6
1078510 1114.5
1078520 1114.5
1078530 1117.6
1078540 1119.7
1078550 1119.7
1078560 1120.5
1078570 1125.3
1078580 1125.3
1078590 1130.6
1078600 1136.3
1078610 1139.9
1078620 1139.9
1078630 1140.0
1078640 1138.1
1078650 1138.1
1078660 1138.7
1078670 1140.7
1078680 1140.7
1078690 1145.3
1078700 1149.1
1078710 1145.2
1078720 1149.0
1078730 1151.0
1078740 1151.0
1078750 1151.7
1078760 1151.6
1078770 1151.6
1078780 1151.4
1078790 1154.3
1078800 1154.3
1078810 1160.3
1078820 1165.5
1078830 1165.5
1078840 1169.3
1078850 1171.4
1078860 1171.4
1078870 1172.9
1078880 1173.3
1078890 1172.2
1078900 1172.2
1078910 1173.8
1078920 1176.8
1078930 1176.8
1078940 1181.0
1078950 1186.3
1078960 1186.3
1078970 1192.3
1078980 1198.1
1078990 1198.1
1079000 1202.8
1079010 1207.0
1079020 1207.0
1079030 1212.2
1079040 1215.4
1079050 1215.4
1079060 1218.9
1079070 1222.1
1079080 1222.1
1079090 1225.4
1079100 1229.5
1079110 1229.5
1079120 1233.8
1079130 1238.1
1079140 1238.1
1079150 1242.1
1079160 1244.8
1079170 1244.8
1079180 1246.7
1079190 1250.4
1079200 1254.9
1079210 1254.9
1079220 1259.8
1079230 1265.1
1079240 1265.1
1079250 1270.7
1079260 1276.9
1079270 1276.9
1079280 1284.1
1079290 1291.7
1079300 1291.7
1079310 1300.2
1079320 1308.5
1079330 1308.5
1079340 1322.8
1079350 1332.6
1079360 1332.6
1079370 1336.6
1079380 1336.0
1079390 1336.0
1079400 1334.8
1079410 1333.3
1079420 1333.3
1079430 1331.8
1079440 1329.9
1079450 1329.9
1079460 1328.2
1079470 1326.9
1079480 1325.6
1079490 1325.6
1079500 1325.1
1079510 1324.5
1079520 1324.5
1079530 1323.5
1079540 1322.1
1079550 1322.1
1079560 1320.1
1079570 1318.3
1079580 1318.3
1079590 1316.6
1079600 1314.2
1079610 1314.2
1079620 1311.6
1079630 1309.5
1079640 1309.5
1079650 1307.9
1079660 1301.5
1079670 1301.5
1079680 1299.3
1079690 1296.6
1079700 1296.6
1079710 1294.0
1079720 1292.5
1079730 1292.5
1079740 1291.1
1079750 1290.2
1079760 1289.5
1079770 1289.5
1079780 1289.0
1079790 1288.5
1079800 1288.5
1079810 1287.9
1079820 1287.3
1079830 1287.3
1079840 1286.4
1079850 1285.0
1079860 1285.0
1079870 1282.7
1079880 1282.7
1079890 1282.7
1079900 1283.9
1079910 1284.5
1079920 1284.5
1079930 1284.6
1079940 1283.5
1079950 1283.5
1079960 1284.6
1079970 1283.7
1079980 1283.7
1079990 1285.7
