1067550 419.1
1067560 419.4
1067570 419.4
1067580 419.6
1067590 419.7
1067600 419.7
1067610 419.8
1067620 419.1
1067630 419.1
1067640 418.4
1067650 418.5
1067660 420.0
1067670 420.8
1067680 423.6
1067690 422.0
1067700 422.0
1067710 420.8
1067720 420.7
1067730 420.7
1067740 420.7
1067750 420.6
1067760 420.6
1067770 420.6
1067780 420.5
1067790 420.5
1067800 420.4
1067810 420.4
1067820 420.4
1067830 420.4
1067840 420.4
1067850 420.4
1067860 420.4
1067870 420.6
1067880 420.6
1067890 420.7
1067900 419.7
1067910 419.7
1067920 416.7
1067930 415.0
1067940 415.0
1067950 415.0
1067960 415.0
1067970 415.0
1067980 415.0
1067990 415.0
1068000 415.0
1068010 415.0
1068020 415.0
1068030 418.2
1068040 418.2
1068050 420.4
1068060 420.8
1068070 420.8
1068080 420.8
1068090 420.8
1068100 420.8
1068110 420.9
1068120 421.0
1068130 421.0
1068140 421.9
1068150 423.8
1068160 423.8
1068170 421.3
1068180 419.2
1068190 419.2
1068200 419.0
1068210 419.0
1068220 419.0
1068230 418.9
1068240 418.9
1068250 418.9
1068260 418.9
1068270 419.0
1068280 418.9
1068290 418.9
1068300 418.8
1068310 418.5
1068320 418.5
1068330 418.4
1068340 418.4
1068350 418.4
1068360 418.1
1068370 417.9
1068380 417.9
1068390 418.4
1068400 418.6
1068410 418.6
1068420 418.3
1068430 418.4
1068440 418.4
1068450 418.7
1068460 418.4
1068470 418.4
1068480 417.8
1068490 417.1
1068500 417.1
1068510 417.4
1068520 417.4
1068530 417.4
1068540 417.4
1068550 417.3
1068560 417.3
1068570 417.3
1068580 417.2
1068590 417.2
1068600 417.2
1068610 417.4
1068620 417.7
1068630 417.7
1068640 417.9
1068650 418.0
1068660 418.0
1068670 418.1
1068680 418.2
1068690 418.2
1068700 418.2
1068710 418.0
1068720 418.0
1068730 417.8
1068740 417.9
1068750 417.9
1068760 418.4
1068770 418.4
1068780 418.4
1068790 418.3
1068800 418.2
1068810 418.2
1068820 418.2
1068830 418.1
1068840 418.1
1068850 418.1
1068860 418.2
1068870 418.1
1068880 418.1
1068890 418.2
1068900 418.3
1068910 418.3
1068920 418.3
1068930 418.4
1068940 418.4
1068950 419.0
1068960 419.3
1068970 419.3
1068980 419.4
1068990 419.4
1069000 419.4
1069010 419.5
1069020 419.4
1069030 419.4
1069040 418.4
1069050 417.8
1069060 417.8
1069070 417.8
1069080 417.9
1069090 417.9
1069100 417.8
1069110 417.8
1069120 417.6
1069130 417.6
1069140 417.7
1069150 417.7
1069160 417.7
1069170 418.1
1069180 418.1
1069190 418.1
1069200 417.8
1069210 417.9
1069220 417.9
1069230 417.6
1069240 417.8
1069250 417.8
1069260 418.0
1069270 417.5
1069280 417.5
1069290 417.6
1069300 417.6
1069310 417.6
1069320 417.4
1069330 417.3
1069340 417.3
1069350 417.2
1069360 417.2
1069370 417.2
1069380 417.4
1069390 417.4
1069400 417.4
1069410 417.4
1069420 417.4
1069430 417.4
1069440 417.4
1069450 417.5
1069460 417.4
1069470 417.4
1069480 417.4
1069490 417.6
1069500 417.6
1069510 417.1
1069520 417.2
1069530 417.2
1069540 417.6
1069550 417.7
1069560 417.7
1069570 417.5
1069580 417.7
1069590 417.7
1069600 418.1
1069610 418.2
1069620 418.2
1069630 417.9
1069640 417.8
1069650 417.8
1069660 417.7
1069670 417.7
1069680 417.7
1069690 417.6
1069700 417.6
1069710 417.7
1069720 417.7
1069730 417.5
1069740 417.6
1069750 417.6
1069760 417.3
1069770 417.8
1069780 417.8
1069790 417.9
1069800 417.7
1069810 417.7
1069820 417.3
1069830 417.3
1069840 417.3
1069850 417.3
1069860 417.8
1069870 417.8
1069880 417.9
1069890 417.8
1069900 417.8
1069910 417.8
1069920 417.6
1069930 417.6
1069940 417.5
1069950 417.5
1069960 417.5
1069970 417.4
1069980 417.3
1069990 417.3
1070000 417.2
1070010 417.3
1070020 417.2
1070030 417.2
1070040 417.1
1070050 417.1
1070060 417.1
1070070 417.2
1070080 417.2
1070090 417.2
1070100 417.3
1070110 417.4
1070120 417.4
1070130 417.4
1070140 417.2
1070150 417.2
1070160 417.3
1070170 417.1
1070180 417.1
1070190 417.2
1070200 417.2
1070210 417.2
1070220 417.4
1070230 417.5
1070240 417.5
1070250 417.6
1070260 417.6
1070270 417.6
1070280 417.9
1070290 418.0
1070300 418.4
1070310 418.4
1070320 418.6
1070330 418.5
1070340 418.5
1070350 418.6
1070360 418.7
1070370 418.7
1070380 418.8
1070390 419.0
1070400 419.0
1070410 419.3
1070420 420.2
1070430 420.2
1070440 420.0
1070450 423.9
1070460 423.9
1070470 428.4
1070480 429.5
1070490 429.5
1070500 432.9
1070510 436.9
1070520 436.9
1070530 439.5
1070540 441.3
1070550 441.3
1070560 441.1
1070570 441.8
1070580 441.8
1070590 442.9
1070600 443.5
1070610 444.4
1070620 444.4
1070630 444.5
1070640 444.6
1070650 444.6
1070660 445.6
1070670 446.8
1070680 446.8
1070690 448.7
1070700 451.2
1070710 451.2
1070720 453.5
1070730 455.2
1070740 454.5
1070750 455.9
1070760 458.7
1070770 458.7
1070780 462.3
1070790 464.0
1070800 464.0
1070810 465.7
1070820 468.6
1070830 468.6
1070840 471.7
1070850 473.1
1070860 473.1
1070870 473.6
1070880 474.0
1070890 474.9
1070900 474.9
1070910 476.0
1070920 477.9
1070930 477.9
1070940 480.3
1070950 480.1
1070960 480.1
1070970 477.9
1070980 475.7
1070990 475.7
1071000 474.0
1071010 469.0
1071020 469.0
1071030 449.4
1071040 435.1
1071050 437.8
1071060 427.4
1071070 423.2
1071080 423.2
1071090 422.6
1071100 422.3
1071110 422.3
1071120 422.2
1071130 422.2
1071140 422.2
1071150 422.3
1071160 423.3
1071170 423.3
1071180 426.6
1071190 427.7
1071200 427.2
1071210 427.2
1071220 425.2
1071230 422.7
1071240 422.7
1071250 421.8
1071260 421.9
1071270 421.9
1071280 422.1
1071290 422.3
1071300 422.3
1071310 422.6
1071320 422.5
1071330 422.5
1071340 422.4
1071350 422.2
1071360 421.3
1071370 421.3
1071380 421.5
1071390 421.5
1071400 421.2
1071410 421.2
1071420 421.2
1071430 421.2
1071440 421.1
1071450 421.1
1071460 421.0
1071470 420.9
1071480 420.9
1071490 420.9
1071500 420.9
1071510 421.1
1071520 421.1
1071530 421.4
1071540 421.9
1071550 421.9
1071560 422.9
1071570 424.1
1071580 424.1
1071590 425.5
1071600 426.8
1071610 426.8
1071620 428.0
1071630 428.9
1071640 428.9
1071650 429.4
1071660 429.7
1071670 429.1
1071680 430.0
1071690 430.4
1071700 430.4
1071710 430.7
1071720 430.8
1071730 430.8
1071740 429.1
1071750 425.1
1071760 425.1
1071770 424.6
1071780 424.6
1071790 426.2
1071800 426.2
1071810 429.9
1071820 430.7
1071830 430.7
1071840 430.5
1071850 430.5
1071860 430.5
1071870 430.8
1071880 430.8
1071890 430.8
1071900 430.7
1071910 430.6
1071920 430.6
1071930 430.5
1071940 430.5
1071950 430.5
1071960 430.5
1071970 430.4
1071980 429.3
1071990 427.0
1072000 426.6
1072010 426.6
1072020 423.2
1072030 424.6
1072040 424.6
1072050 427.9
1072060 429.4
1072070 428.1
1072080 428.1
1072090 424.9
1072100 424.1
1072110 424.1
1072120 424.1
1072130 424.0
1072140 424.0
1072150 424.0
1072160 423.9
1072170 423.9
1072180 424.0
1072190 424.7
1072200 424.7
1072210 425.9
1072220 426.2
1072230 426.2
1072240 425.0
1072250 423.5
1072260 423.5
1072270 423.5
1072280 423.7
1072290 423.7
1072300 423.8
1072310 423.9
1072320 423.9
1072330 424.0
1072340 424.0
1072350 424.0
1072360 424.2
1072370 424.6
1072380 424.8
1072390 424.8
1072400 425.0
1072410 425.2
1072420 425.2
1072430 425.2
1072440 425.2
1072450 425.2
1072460 425.3
1072470 425.6
1072480 425.6
1072490 425.7
1072500 425.8
1072510 425.8
1072520 426.1
1072530 426.3
1072540 426.3
1072550 426.6
1072560 426.5
1072570 426.5
1072580 426.4
1072590 426.6
1072600 426.3
1072610 426.5
1072620 426.7
1072630 426.7
1072640 426.8
1072650 426.8
1072660 426.7
1072670 426.7
1072680 426.9
1072690 427.1
1072700 427.1
1072710 427.3
1072720 427.5
1072730 427.5
1072740 427.7
1072750 427.9
1072760 427.9
1072770 428.1
1072780 428.4
1072790 428.4
1072800 428.8
1072810 429.0
1072820 429.0
1072830 429.3
1072840 429.8
1072850 429.8
1072860 430.1
1072870 430.3
1072880 430.3
1072890 430.7
1072900 431.0
1072910 431.0
1072920 431.3
1072930 431.6
1072940 431.6
1072950 431.7
1072960 432.1
1072970 432.7
1072980 432.7
1072990 432.9
1073000 432.8
1073010 432.8
1073020 433.2
1073030 433.7
1073040 433.7
1073050 434.2
1073060 434.1
1073070 434.1
1073080 434.1
1073090 434.3
1073100 434.3
1073110 434.6
1073120 435.0
1073130 435.0
1073140 435.2
1073150 435.4
1073160 435.4
1073170 435.9
1073180 436.1
1073190 436.1
1073200 436.4
1073210 436.5
1073220 436.5
1073230 436.4
1073240 436.3
1073250 436.0
1073260 436.0
1073270 436.1
1073280 436.7
1073290 436.7
1073300 437.5
1073310 438.0
1073320 438.0
1073330 438.2
1073340 439.5
1073350 439.5
1073360 447.6
1073370 451.3
1073380 451.3
1073390 455.1
1073400 458.9
1073410 458.9
1073420 462.5
1073430 465.8
1073440 465.8
1073450 467.5
1073460 468.3
1073470 468.3
1073480 467.3
1073490 462.6
1073500 462.6
1073510 459.4
1073520 456.8
1073530 456.8
1073540 457.2
1073550 457.5
1073560 458.2
1073570 458.2
1073580 460.2
1073590 462.2
1073600 462.2
1073610 464.7
1073620 466.6
1073630 466.6
1073640 466.1
1073650 463.2
1073660 463.2
1073670 460.7
1073680 459.6
1073690 459.6
1073700 461.9
1073710 464.9
1073720 464.9
1073730 469.7
1073740 473.6
1073750 473.6
1073760 474.6
1073770 474.0
1073780 474.0
1073790 473.5
1073800 472.8
1073810 472.8
1073820 471.1
1073830 467.9
1073840 465.5
1073850 465.5
1073860 464.8
1073870 464.4
1073880 464.4
1073890 464.1
1073900 463.2
1073910 463.2
1073920 462.0
1073930 460.7
1073940 460.7
1073950 458.5
1073960 456.3
1073970 456.3
1073980 456.1
1073990 456.1
1074000 456.1
1074010 456.0
1074020 456.1
1074030 456.1
1074040 457.0
1074050 461.6
1074060 461.6
1074070 465.2
1074080 470.4
1074090 470.4
1074100 480.2
1074110 487.1
1074120 492.5
1074130 492.5
1074140 495.8
1074150 501.1
1074160 501.1
1074170 503.4
1074180 506.9
1074190 506.9
1074200 510.8
1074210 513.8
1074220 513.8
1074230 516.1
1074240 519.7
1074250 519.7
1074260 524.6
1074270 529.0
1074280 529.0
1074290 532.0
1074300 534.7
1074310 534.7
1074320 537.8
1074330 541.6
1074340 541.6
1074350 545.9
1074360 550.0
1074370 550.0
1074380 553.7
1074390 557.2
1074400 557.2
1074410 561.0
1074420 564.5
1074430 567.9
1074440 567.9
1074450 571.8
1074460 582.9
1074470 582.9
1074480 586.4
1074490 589.7
1074500 589.7
1074510 593.1
1074520 596.3
1074530 596.3
1074540 599.4
1074550 602.3
1074560 602.3
1074570 604.5
1074580 606.7
1074590 606.7
1074600 609.2
1074610 611.8
1074620 611.8
1074630 614.1
1074640 616.4
1074650 616.4
1074660 618.2
1074670 620.3
1074680 620.3
1074690 621.9
1074700 624.0
1074710 625.5
1074720 625.5
1074730 626.6
1074740 627.4
1074750 627.4
1074760 628.7
1074770 662.9
1074780 662.9
1074790 682.2
1074800 684.7
1074810 684.7
1074820 680.6
1074830 668.3
1074840 668.3
1074850 677.1
1074860 691.5
1074870 691.5
1074880 700.3
1074890 708.7
1074900 708.7
1074910 712.4
1074920 713.0
1074930 713.0
1074940 713.6
1074950 711.1
1074960 711.1
1074970 707.4
1074980 704.4
1074990 704.4
1075000 705.2
1075010 705.1
1075020 699.1
1075030 699.1
1075040 687.8
1075050 680.8
1075060 680.8
1075070 669.9
1075080 672.2
1075090 672.2
1075100 657.1
1075110 646.4
1075120 646.4
1075130 621.3
1075140 583.3
1075150 583.3
1075160 572.5
1075170 562.5
1075180 562.5
1075190 552.3
1075200 542.8
1075210 542.8
1075220 532.0
1075230 521.6
1075240 521.6
1075250 512.7
1075260 512.3
1075270 512.3
1075280 520.6
1075290 529.5
1075300 537.5
1075310 537.5
1075320 545.0
1075330 553.0
1075340 553.0
1075350 560.9
1075360 580.1
1075370 580.1
1075380 626.0
1075390 650.3
1075400 650.3
1075410 653.6
1075420 654.2
1075430 654.2
1075440 656.1
1075450 656.8
1075460 656.8
1075470 654.8
1075480 650.1
1075490 650.1
1075500 644.8
1075510 637.9
1075520 637.9
1075530 630.4
1075540 635.0
1075550 635.0
1075560 640.2
1075570 642.5
1075580 642.5
1075590 644.4
1075600 644.6
1075610 644.1
1075620 644.1
1075630 643.4
1075640 642.0
1075650 642.0
1075660 639.8
1075670 637.0
1075680 637.0
1075690 635.3
1075700 629.1
1075710 629.1
1075720 628.3
1075730 628.1
1075740 628.1
1075750 628.4
1075760 628.8
1075770 628.8
1075780 629.5
1075790 631.4
1075800 631.4
1075810 636.5
1075820 639.9
1075830 639.9
1075840 639.7
1075850 638.9
1075860 638.9
1075870 639.1
1075880 641.0
1075890 642.8
1075900 642.8
1075910 646.4
1075920 650.3
1075930 650.3
1075940 649.8
1075950 648.0
1075960 648.0
1075970 646.0
1075980 644.6
1075990 644.6
1076000 643.4
1076010 635.7
1076020 635.7
1076030 636.1
1076040 638.1
1076050 638.1
1076060 638.4
1076070 636.3
1076080 636.3
1076090 633.5
1076100 629.6
1076110 629.6
1076120 626.8
1076130 632.0
1076140 632.0
1076150 638.6
1076160 642.3
1076170 642.3
1076180 649.2
1076190 654.3
1076200 655.6
1076210 655.6
1076220 657.9
1076230 659.4
1076240 659.4
1076250 663.1
1076260 667.2
1076270 667.2
1076280 670.2
1076290 676.2
1076300 676.2
1076310 691.5
1076320 718.4
1076330 713.1
1076340 720.2
1076350 719.2
1076360 719.2
1076370 717.2
1076380 715.7
1076390 715.7
1076400 714.5
1076410 714.3
1076420 714.3
1076430 714.6
1076440 714.9
1076450 714.9
1076460 715.3
1076470 717.1
1076480 721.7
1076490 721.7
1076500 729.3
1076510 733.4
1076520 733.4
1076530 735.0
1076540 735.3
1076550 735.3
1076560 734.7
1076570 733.7
1076580 733.7
1076590 731.9
1076600 729.5
1076610 729.5
1076620 727.5
1076630 725.2
1076640 721.6
1076650 719.5
1076660 717.7
1076670 717.7
1076680 716.0
1076690 714.7
1076700 714.7
1076710 713.6
1076720 712.6
1076730 712.6
1076740 710.1
1076750 706.3
1076760 704.2
1076770 704.2
1076780 703.4
1076790 703.4
1076800 703.4
1076810 703.6
1076820 704.5
1076830 704.5
1076840 706.6
1076850 713.4
1076860 713.4
1076870 722.9
1076880 729.5
1076890 729.5
1076900 733.5
1076910 735.9
1076920 735.9
1076930 735.9
1076940 738.5
1076950 741.3
1076960 745.2
1076970 750.6
1076980 750.6
1076990 753.4
1077000 755.8
1077010 755.8
1077020 758.2
1077030 761.9
1077040 761.9
1077050 765.8
1077060 769.7
1077070 772.7
1077080 772.7
1077090 774.5
1077100 776.2
1077110 776.2
1077120 779.4
1077130 781.1
1077140 781.1
1077150 782.6
1077160 783.1
1077170 783.1
1077180 785.7
1077190 789.1
1077200 789.1
1077210 790.4
1077220 792.0
1077230 792.0
1077240 794.3
1077250 797.3
1077260 801.1
1077270 803.4
1077280 805.2
1077290 805.2
1077300 807.3
1077310 809.8
1077320 809.8
1077330 812.4
1077340 814.6
1077350 817.5
1077360 817.5
1077370 819.6
1077380 821.0
1077390 821.0
1077400 822.2
1077410 822.9
1077420 822.9
1077430 824.0
1077440 825.2
1077450 825.2
1077460 823.6
1077470 817.1
1077480 817.1
1077490 817.2
1077500 816.0
1077510 816.0
1077520 809.7
1077530 807.5
1077540 807.5
1077550 807.3
1077560 807.5
1077570 807.5
1077580 816.3
1077590 815.5
1077600 815.5
1077610 812.6
1077620 812.8
1077630 812.8
1077640 815.7
1077650 822.7
1077660 831.3
1077670 831.3
1077680 842.6
1077690 849.1
1077700 849.1
1077710 855.6
1077720 858.7
1077730 858.7
1077740 866.7
1077750 875.3
1077760 875.3
1077770 889.6
1077780 902.6
1077790 902.6
1077800 914.7
1077810 929.3
1077820 929.3
1077830 941.5
1077840 943.7
1077850 943.7
1077860 941.7
1077870 948.8
1077880 948.8
1077890 969.5
1077900 972.3
1077910 972.3
1077920 976.9
1077930 980.9
1077940 985.8
1077950 985.8
1077960 992.2
1077970 998.6
1077980 998.6
1077990 1005.2
1078000 1012.5
1078010 1012.5
1078020 1020.6
1078030 1033.2
1078040 1033.2
1078050 1043.3
1078060 1050.3
1078070 1050.3
1078080 1058.5
1078090 1064.3
1078100 1064.3
1078110 1068.9
1078120 1072.5
1078130 1072.5
1078140 1074.5
1078150 1076.2
1078160 1076.2
1078170 1078.3
1078180 1080.4
1078190 1080.4
1078200 1085.3
1078210 1086.7
1078220 1086.7
1078230 1089.0
1078240 1090.4
1078250 1094.1
1078260 1094.1
1078270 1099.1
1078280 1102.9
1078290 1102.9
1078300 1101.7
1078310 1098.5
1078320 1098.5
1078330 1096.8
1078340 1094.7
1078350 1094.7
1078360 1090.3
1078370 1086.2
1078380 1086.2
1078390 1085.1
1078400 1084.4
1078410 1084.4
1078420 1084.9
1078430 1088.4
1078440 1088.4
1078450 1087.4
1078460 1087.0
1078470 1087.0
1078480 1090.0
1078490 1093.3
1078500 1093.3
1078510 1095.8
1078520 1100.4
1078530 1102.4
1078540 1102.4
1078550 1105.7
1078560 1107.6
1078570 1107.6
1078580 1106.5
1078590 1104.1
1078600 1104.1
1078610 1103.1
1078620 1103.2
1078630 1103.2
1078640 1102.9
1078650 1102.7
1078660 1102.7
1078670 1102.7
1078680 1102.1
1078690 1102.1
1078700 1100.9
1078710 1099.8
1078720 1099.8
1078730 1099.2
1078740 1098.8
1078750 1098.8
1078760 1098.3
1078770 1097.4
1078780 1097.4
1078790 1097.1
1078800 1097.4
1078810 1097.4
1078820 1097.2
1078830 1096.0
1078840 1095.6
1078850 1095.6
1078860 1095.9
1078870 1096.3
1078880 1096.3
1078890 1096.5
1078900 1096.9
1078910 1096.9
1078920 1097.1
1078930 1097.6
1078940 1097.6
1078950 1098.2
1078960 1098.7
1078970 1098.7
1078980 1099.2
1078990 1099.7
1079000 1099.7
1079010 1100.2
1079020 1102.1
1079030 1102.1
1079040 1104.8
1079050 1105.8
1079060 1105.8
1079070 1106.4
1079080 1106.7
1079090 1106.7
1079100 1107.2
1079110 1107.4
1079120 1107.1
1079130 1107.1
1079140 1109.1
1079150 1111.0
1079160 1111.0
1079170 1113.9
1079180 1116.0
1079190 1116.0
1079200 1117.4
1079210 1119.1
1079220 1119.1
1079230 1120.5
1079240 1121.9
1079250 1121.9
1079260 1123.5
1079270 1125.0
1079280 1125.0
1079290 1127.0
1079300 1128.9
1079310 1128.9
1079320 1130.9
1079330 1132.3
1079340 1132.3
1079350 1132.7
1079360 1133.8
1079370 1133.8
1079380 1135.9
1079390 1138.1
1079400 1139.7
1079410 1139.7
1079420 1141.0
1079430 1143.0
1079440 1143.0
1079450 1145.5
1079460 1151.4
1079470 1151.4
1079480 1152.4
1079490 1154.4
1079500 1154.4
1079510 1157.6
1079520 1159.6
1079530 1159.6
1079540 1162.0
1079550 1164.9
1079560 1164.9
1079570 1164.5
1079580 1163.4
1079590 1163.4
1079600 1163.9
1079610 1167.7
1079620 1167.7
1079630 1175.4
1079640 1176.1
1079650 1176.1
1079660 1176.1
1079670 1181.7
1079680 1181.7
1079690 1187.8
1079700 1193.9
1079710 1198.5
1079720 1198.5
1079730 1203.8
1079740 1209.4
1079750 1209.4
1079760 1215.0
1079770 1220.3
1079780 1220.3
1079790 1225.0
1079800 1229.6
1079810 1229.6
1079820 1233.7
1079830 1236.4
1079840 1236.4
1079850 1238.9
1079860 1242.0
1079870 1242.0
1079880 1244.0
1079890 1244.5
1079900 1244.5
1079910 1244.6
1079920 1244.8
1079930 1244.8
1079940 1244.7
1079950 1244.9
1079960 1244.9
1079970 1245.8
1079980 1246.5
1079990 1246.9
