1067580 418.3
1067590 418.3
1067600 419.0
1067610 419.3
1067620 419.3
1067630 419.5
1067640 419.7
1067650 419.7
1067660 418.7
1067670 418.1
1067680 418.1
1067690 418.3
1067700 420.1
1067710 420.1
1067720 423.2
1067730 422.5
1067740 422.5
1067750 420.6
1067760 420.5
1067770 420.5
1067780 420.4
1067790 420.4
1067800 420.4
1067810 420.4
1067820 420.4
1067830 420.4
1067840 420.4
1067850 420.3
1067860 420.3
1067870 420.3
1067880 420.3
1067890 420.3
1067900 420.3
1067910 420.6
1067920 420.3
1067930 420.3
1067940 419.4
1067950 415.4
1067960 415.4
1067970 414.9
1067980 414.9
1067990 414.9
1068000 414.9
1068010 414.9
1068020 414.9
1068030 414.9
1068040 414.9
1068050 414.9
1068060 414.9
1068070 417.3
1068080 417.3
1068090 421.2
1068100 420.9
1068110 420.9
1068120 420.7
1068130 420.7
1068140 420.7
1068150 420.7
1068160 420.9
1068170 421.9
1068180 421.9
1068190 423.8
1068200 421.0
1068210 421.0
1068220 419.1
1068230 419.1
1068240 419.1
1068250 419.0
1068260 419.0
1068270 419.0
1068280 419.0
1068290 419.1
1068300 419.1
1068310 419.1
1068320 418.9
1068330 418.9
1068340 418.8
1068350 418.8
1068360 418.8
1068370 418.7
1068380 418.6
1068390 418.6
1068400 418.5
1068410 418.2
1068420 417.9
1068430 418.1
1068440 417.3
1068450 417.8
1068460 417.8
1068470 417.7
1068480 417.6
1068490 417.6
1068500 417.4
1068510 416.9
1068520 416.9
1068530 417.2
1068540 418.7
1068550 418.7
1068560 418.7
1068570 418.8
1068580 418.8
1068590 420.7
1068600 421.8
1068610 421.8
1068620 422.2
1068630 421.6
1068640 421.6
1068650 419.8
1068660 418.9
1068670 418.9
1068680 417.8
1068690 417.6
1068700 417.6
1068710 418.2
1068720 418.5
1068730 418.3
1068740 418.3
1068750 418.2
1068760 417.8
1068770 417.8
1068780 417.8
1068790 418.3
1068800 418.3
1068810 418.3
1068820 418.2
1068830 418.2
1068840 418.1
1068850 418.0
1068860 418.0
1068870 418.0
1068880 418.0
1068890 418.0
1068900 417.9
1068910 417.9
1068920 417.9
1068930 418.1
1068940 418.2
1068950 418.2
1068960 418.2
1068970 418.1
1068980 418.1
1068990 418.0
1069000 418.0
1069010 418.2
1069020 418.2
1069030 418.2
1069040 418.1
1069050 418.1
1069060 418.2
1069070 417.9
1069080 417.9
1069090 417.6
1069100 417.6
1069110 417.6
1069120 417.6
1069130 417.6
1069140 417.6
1069150 417.6
1069160 417.9
1069170 417.9
1069180 417.8
1069190 417.7
1069200 417.7
1069210 417.7
1069220 417.7
1069230 417.7
1069240 417.7
1069250 417.6
1069260 417.6
1069270 417.9
1069280 417.8
1069290 417.8
1069300 417.7
1069310 417.8
1069320 417.9
1069330 417.9
1069340 417.8
1069350 417.5
1069360 417.5
1069370 417.5
1069380 417.6
1069390 417.6
1069400 418.2
1069410 418.5
1069420 418.5
1069430 418.7
1069440 418.9
1069450 418.9
1069460 418.8
1069470 418.8
1069480 418.8
1069490 419.3
1069500 419.2
1069510 419.2
1069520 419.4
1069530 421.0
1069540 421.0
1069550 422.2
1069560 424.3
1069570 424.3
1069580 429.0
1069590 434.5
1069600 438.0
1069610 438.0
1069620 438.7
1069630 441.0
1069640 441.0
1069650 445.4
1069660 445.3
1069670 445.3
1069680 447.9
1069690 450.7
1069700 450.7
1069710 452.5
1069720 454.2
1069730 454.2
1069740 455.4
1069750 456.0
1069760 456.0
1069770 454.0
1069780 451.8
1069790 451.8
1069800 453.6
1069810 456.7
1069820 456.7
1069830 459.8
1069840 461.8
1069850 461.8
1069860 463.4
1069870 463.4
1069880 463.4
1069890 464.9
1069900 467.2
1069910 467.2
1069920 467.2
1069930 465.0
1069940 459.7
1069950 459.7
1069960 436.5
1069970 436.9
1069980 436.9
1069990 438.4
1070000 441.1
1070010 441.1
1070020 446.7
1070030 451.1
1070040 451.1
1070050 453.1
1070060 452.8
1070070 452.8
1070080 451.8
1070090 452.2
1070100 452.2
1070110 454.0
1070120 456.2
1070130 456.2
1070140 458.2
1070150 460.7
1070160 460.7
1070170 462.6
1070180 463.5
1070190 463.8
1070200 463.8
1070210 464.7
1070220 467.8
1070230 467.8
1070240 470.2
1070250 472.0
1070260 472.0
1070270 468.1
1070280 468.2
1070290 468.2
1070300 469.2
1070310 470.7
1070320 470.7
1070330 472.3
1070340 473.9
1070350 473.9
1070360 476.7
1070370 478.1
1070380 478.1
1070390 478.2
1070400 477.7
1070410 477.7
1070420 475.2
1070430 472.0
1070440 472.0
1070450 472.0
1070460 472.2
1070470 472.2
1070480 470.2
1070490 470.9
1070500 472.8
1070510 472.8
1070520 474.2
1070530 475.5
1070540 475.5
1070550 477.6
1070560 480.7
1070570 480.7
1070580 475.6
1070590 477.1
1070600 477.1
1070610 478.7
1070620 480.4
1070630 480.4
1070640 481.4
1070650 480.6
1070660 480.6
1070670 478.0
1070680 473.7
1070690 473.7
1070700 469.3
1070710 462.9
1070720 462.9
1070730 459.3
1070740 458.0
1070750 458.0
1070760 458.5
1070770 459.4
1070780 460.0
1070790 460.0
1070800 460.8
1070810 462.1
1070820 462.1
1070830 464.0
1070840 465.2
1070850 465.2
1070860 466.2
1070870 467.9
1070880 467.9
1070890 467.7
1070900 470.4
1070910 470.4
1070920 471.4
1070930 469.6
1070940 469.6
1070950 465.3
1070960 462.6
1070970 462.6
1070980 460.7
1070990 458.9
1071000 458.9
1071010 454.6
1071020 449.6
1071030 449.6
1071040 444.2
1071050 440.6
1071060 440.6
1071070 438.3
1071080 434.7
1071090 429.3
1071100 429.3
1071110 426.5
1071120 425.8
1071130 425.8
1071140 425.7
1071150 430.1
1071160 430.1
1071170 446.4
1071180 450.3
1071190 447.3
1071200 446.8
1071210 449.3
1071220 449.3
1071230 452.0
1071240 454.8
1071250 454.8
1071260 456.2
1071270 456.9
1071280 456.9
1071290 457.4
1071300 457.9
1071310 457.9
1071320 458.8
1071330 459.7
1071340 459.7
1071350 459.9
1071360 458.6
1071370 455.5
1071380 455.5
1071390 454.1
1071400 453.1
1071410 453.1
1071420 449.6
1071430 445.3
1071440 445.3
1071450 442.4
1071460 441.5
1071470 441.5
1071480 439.3
1071490 434.9
1071500 429.0
1071510 429.5
1071520 432.6
1071530 432.6
1071540 433.7
1071550 434.1
1071560 434.1
1071570 434.8
1071580 436.2
1071590 436.2
1071600 437.0
1071610 437.2
1071620 437.2
1071630 436.6
1071640 431.7
1071650 431.7
1071660 427.5
1071670 426.5
1071680 426.3
1071690 426.3
1071700 426.6
1071710 427.8
1071720 427.8
1071730 427.6
1071740 425.8
1071750 425.8
1071760 425.9
1071770 425.8
1071780 425.8
1071790 425.7
1071800 426.3
1071810 426.6
1071820 427.6
1071830 432.4
1071840 432.4
1071850 440.2
1071860 438.3
1071870 438.3
1071880 437.5
1071890 435.4
1071900 435.4
1071910 434.7
1071920 434.5
1071930 434.5
1071940 434.9
1071950 432.9
1071960 429.5
1071970 429.5
1071980 427.8
1071990 426.2
1072000 426.2
1072010 425.5
1072020 424.2
1072030 424.2
1072040 424.9
1072050 424.8
1072060 424.8
1072070 424.5
1072080 424.2
1072090 424.2
1072100 424.1
1072110 424.2
1072120 424.1
1072130 424.1
1072140 424.5
1072150 424.5
1072160 424.8
1072170 424.8
1072180 424.8
1072190 424.8
1072200 424.7
1072210 424.7
1072220 424.8
1072230 424.8
1072240 424.8
1072250 425.0
1072260 425.2
1072270 425.8
1072280 425.8
1072290 425.4
1072300 425.0
1072310 425.0
1072320 426.0
1072330 426.4
1072340 426.4
1072350 426.5
1072360 426.8
1072370 426.8
1072380 426.8
1072390 427.2
1072400 427.2
1072410 427.2
1072420 427.2
1072430 427.0
1072440 427.1
1072450 427.2
1072460 427.2
1072470 427.4
1072480 427.7
1072490 427.7
1072500 427.5
1072510 427.7
1072520 427.7
1072530 427.6
1072540 427.8
1072550 428.1
1072560 428.1
1072570 428.5
1072580 428.5
1072590 428.5
1072600 428.2
1072610 428.5
1072620 428.5
1072630 429.0
1072640 429.1
1072650 429.1
1072660 429.1
1072670 429.1
1072680 429.1
1072690 429.3
1072700 429.6
1072710 429.6
1072720 429.9
1072730 429.9
1072740 429.6
1072750 429.6
1072760 430.2
1072770 430.2
1072780 430.3
1072790 430.4
1072800 430.4
1072810 430.5
1072820 430.8
1072830 430.8
1072840 431.6
1072850 431.9
1072860 432.0
1072870 432.0
1072880 432.0
1072890 432.0
1072900 432.0
1072910 431.9
1072920 431.9
1072930 431.9
1072940 431.7
1072950 431.8
1072960 431.8
1072970 431.9
1072980 432.0
1072990 432.0
1073000 432.0
1073010 432.1
1073020 432.1
1073030 432.4
1073040 432.7
1073050 432.9
1073060 433.6
1073070 434.0
1073080 434.0
1073090 434.5
1073100 434.8
1073110 434.8
1073120 435.2
1073130 435.5
1073140 435.6
1073150 435.6
1073160 435.4
1073170 435.6
1073180 435.6
1073190 436.0
1073200 436.4
1073210 436.4
1073220 436.6
1073230 437.0
1073240 437.0
1073250 438.5
1073260 438.1
1073270 438.1
1073280 437.7
1073290 438.8
1073300 438.8
1073310 439.1
1073320 439.0
1073330 439.0
1073340 439.5
1073350 440.1
1073360 440.0
1073370 440.3
1073380 440.1
1073390 440.1
1073400 440.3
1073410 440.7
1073420 440.7
1073430 441.1
1073440 443.9
1073450 445.5
1073460 445.5
1073470 448.4
1073480 449.8
1073490 449.8
1073500 450.1
1073510 448.3
1073520 448.3
1073530 446.1
1073540 444.9
1073550 444.9
1073560 444.4
1073570 444.1
1073580 444.1
1073590 443.7
1073600 444.1
1073610 444.1
1073620 444.5
1073630 444.6
1073640 444.6
1073650 444.9
1073660 445.6
1073670 446.6
1073680 446.5
1073690 446.8
1073700 446.8
1073710 447.3
1073720 448.5
1073730 450.5
1073740 450.5
1073750 452.7
1073760 454.4
1073770 454.4
1073780 453.4
1073790 452.2
1073800 452.2
1073810 452.8
1073820 455.2
1073830 455.2
1073840 459.2
1073850 458.6
1073860 458.6
1073870 458.7
1073880 461.1
1073890 461.1
1073900 461.8
1073910 459.3
1073920 459.3
1073930 455.7
1073940 454.7
1073950 454.7
1073960 454.1
1073970 454.4
1073980 455.0
1073990 455.5
1074000 455.7
1074010 455.7
1074020 455.8
1074030 455.9
1074040 456.2
1074050 456.2
1074060 456.9
1074070 457.4
1074080 457.4
1074090 457.9
1074100 458.3
1074110 458.3
1074120 458.8
1074130 459.7
1074140 459.7
1074150 459.7
1074160 459.9
1074170 459.9
1074180 460.4
1074190 460.8
1074200 460.8
1074210 461.5
1074220 462.6
1074230 462.6
1074240 464.0
1074250 463.5
1074260 463.5
1074270 465.1
1074280 467.5
1074290 471.6
1074300 474.6
1074310 477.1
1074320 479.4
1074330 479.4
1074340 482.2
1074350 485.4
1074360 485.4
1074370 489.7
1074380 493.9
1074390 493.9
1074400 496.4
1074410 499.3
1074420 499.3
1074430 502.6
1074440 506.9
1074450 506.9
1074460 511.2
1074470 514.4
1074480 514.4
1074490 515.7
1074500 517.5
1074510 517.5
1074520 521.8
1074530 526.0
1074540 526.0
1074550 530.0
1074560 535.0
1074570 535.0
1074580 539.8
1074590 543.5
1074600 555.3
1074610 559.7
1074620 562.7
1074630 565.1
1074640 565.1
1074650 566.2
1074660 569.2
1074670 569.2
1074680 571.6
1074690 572.5
1074700 572.5
1074710 572.5
1074720 571.4
1074730 571.4
1074740 570.6
1074750 570.0
1074760 570.0
1074770 569.3
1074780 568.9
1074790 568.9
1074800 567.9
1074810 565.7
1074820 565.7
1074830 565.5
1074840 565.5
1074850 565.5
1074860 565.5
1074870 565.4
1074880 565.4
1074890 566.5
1074900 569.2
1074910 577.1
1074920 577.1
1074930 578.1
1074940 578.0
1074950 578.0
1074960 577.1
1074970 576.3
1074980 576.3
1074990 576.4
1075000 576.3
1075010 576.3
1075020 575.1
1075030 573.5
1075040 573.5
1075050 571.1
1075060 568.5
1075070 568.5
1075080 566.2
1075090 563.5
1075100 563.5
1075110 560.8
1075120 558.0
1075130 558.0
1075140 554.4
1075150 550.1
1075160 550.1
1075170 545.5
1075180 540.6
1075190 540.6
1075200 534.4
1075210 528.8
1075220 520.5
1075230 520.5
1075240 515.3
1075250 512.0
1075260 512.0
1075270 509.6
1075280 507.9
1075290 507.9
1075300 510.7
1075310 516.7
1075320 516.7
1075330 522.4
1075340 528.5
1075350 528.5
1075360 535.7
1075370 544.4
1075380 544.4
1075390 552.7
1075400 560.8
1075410 560.8
1075420 568.4
1075430 574.1
1075440 574.1
1075450 577.8
1075460 581.0
1075470 581.0
1075480 586.0
1075490 591.5
1075500 598.5
1075510 598.5
1075520 606.3
1075530 616.0
1075540 616.0
1075550 624.2
1075560 648.6
1075570 648.6
1075580 671.1
1075590 684.8
1075600 684.8
1075610 690.7
1075620 694.2
1075630 694.2
1075640 693.9
1075650 691.7
1075660 691.7
1075670 690.7
1075680 690.7
1075690 690.7
1075700 689.6
1075710 687.3
1075720 687.3
1075730 686.3
1075740 687.8
1075750 687.8
1075760 694.3
1075770 702.4
1075780 702.4
1075790 705.6
1075800 706.8
1075810 706.4
1075820 706.4
1075830 705.9
1075840 705.6
1075850 697.7
1075860 696.1
1075870 696.5
1075880 696.5
1075890 694.0
1075900 689.9
1075910 689.9
1075920 689.4
1075930 689.9
1075940 689.9
1075950 690.3
1075960 691.5
1075970 691.5
1075980 692.6
1075990 693.5
1076000 693.5
1076010 694.0
1076020 694.8
1076030 694.8
1076040 696.6
1076050 698.5
1076060 698.5
1076070 699.9
1076080 700.9
1076090 701.7
1076100 701.7
1076110 703.4
1076120 705.7
1076130 705.7
1076140 709.3
1076150 714.0
1076160 704.3
1076170 707.0
1076180 709.1
1076190 709.1
1076200 711.1
1076210 712.2
1076220 712.2
1076230 714.4
1076240 717.1
1076250 717.1
1076260 720.2
1076270 724.9
1076280 724.9
1076290 730.7
1076300 737.3
1076310 737.3
1076320 745.4
1076330 757.8
1076340 757.8
1076350 761.8
1076360 762.4
1076370 762.6
1076380 762.6
1076390 763.1
1076400 762.3
1076410 762.3
1076420 762.4
1076430 761.1
1076440 761.1
1076450 759.6
1076460 758.2
1076470 754.7
1076480 751.7
1076490 748.2
1076500 748.2
1076510 745.5
1076520 743.8
1076530 743.8
1076540 743.2
1076550 742.9
1076560 742.9
1076570 743.2
1076580 744.4
1076590 744.4
1076600 745.0
1076610 745.3
1076620 745.3
1076630 746.1
1076640 746.4
1076650 746.4
1076660 746.3
1076670 747.8
1076680 748.4
1076690 748.4
1076700 749.1
1076710 751.3
1076720 751.3
1076730 751.8
1076740 751.8
1076750 751.8
1076760 751.5
1076770 750.9
1076780 747.9
1076790 747.4
1076800 746.9
1076810 746.9
1076820 746.3
1076830 745.4
1076840 745.4
1076850 744.1
1076860 742.6
1076870 742.6
1076880 740.7
1076890 738.2
1076900 738.2
1076910 735.1
1076920 731.8
1076930 731.8
1076940 727.3
1076950 722.4
1076960 718.0
1076970 718.0
1076980 721.1
1076990 730.1
1077000 730.1
1077010 734.3
1077020 734.7
1077030 734.7
1077040 734.8
1077050 735.2
1077060 735.2
1077070 733.8
1077080 731.2
1077090 736.6
1077100 731.9
1077110 731.0
1077120 731.0
1077130 731.0
1077140 731.3
1077150 731.3
1077160 731.7
1077170 731.8
1077180 731.8
1077190 731.8
1077200 732.3
1077210 732.3
1077220 734.3
1077230 737.2
1077240 737.2
1077250 737.5
1077260 735.1
1077270 735.6
1077280 735.6
1077290 737.8
1077300 741.1
1077310 741.1
1077320 746.1
1077330 754.4
1077340 754.4
1077350 759.3
1077360 757.3
1077370 757.3
1077380 750.0
1077390 747.4
1077400 747.4
1077410 758.6
1077420 758.0
1077430 758.0
1077440 755.9
1077450 753.1
1077460 753.1
1077470 753.2
1077480 751.0
1077490 751.0
1077500 750.3
1077510 749.4
1077520 749.4
1077530 748.0
1077540 751.9
1077550 756.3
1077560 756.3
1077570 759.1
1077580 762.0
1077590 762.0
1077600 762.0
1077610 759.9
1077620 759.9
1077630 757.7
1077640 758.2
1077650 758.2
1077660 762.2
1077670 765.6
1077680 765.6
1077690 771.6
1077700 776.3
1077710 776.3
1077720 787.7
1077730 790.3
1077740 790.3
1077750 788.7
1077760 792.2
1077770 792.2
1077780 796.3
1077790 801.1
1077800 801.1
1077810 806.4
1077820 814.2
1077830 814.2
1077840 822.2
1077850 830.8
1077860 839.4
1077870 839.4
1077880 845.2
1077890 854.4
1077900 854.4
1077910 862.4
1077920 868.9
1077930 868.9
1077940 873.9
1077950 879.4
1077960 879.4
1077970 884.0
1077980 889.0
1077990 889.0
1078000 892.4
1078010 896.0
1078020 896.0
1078030 909.5
1078040 913.7
1078050 913.7
1078060 918.7
1078070 925.8
1078080 925.8
1078090 933.8
1078100 942.1
1078110 942.1
1078120 954.9
1078130 967.5
1078140 974.8
1078150 974.8
1078160 980.1
1078170 988.0
1078180 988.0
1078190 994.6
1078200 998.8
1078210 998.8
1078220 1000.3
1078230 1002.3
1078240 1002.3
1078250 1003.9
1078260 1005.9
1078270 1005.9
1078280 1006.9
1078290 1007.1
1078300 1007.1
1078310 1011.3
1078320 1012.8
1078330 1012.8
1078340 1013.2
1078350 1020.6
1078360 1020.6
1078370 1021.1
1078380 1022.1
1078390 1022.1
1078400 1023.0
1078410 1024.3
1078420 1024.3
1078430 1026.2
1078440 1029.2
1078450 1034.7
1078460 1034.7
1078470 1039.6
1078480 1044.2
1078490 1044.2
1078500 1050.2
1078510 1056.6
1078520 1056.6
1078530 1062.5
1078540 1078.1
1078550 1078.1
1078560 1086.2
1078570 1090.5
1078580 1090.5
1078590 1091.3
1078600 1091.2
1078610 1091.2
1078620 1091.2
1078630 1090.6
1078640 1090.6
1078650 1089.8
1078660 1093.7
1078670 1093.7
1078680 1091.8
1078690 1090.4
1078700 1090.4
1078710 1090.5
1078720 1091.5
1078730 1094.2
1078740 1094.2
1078750 1098.0
1078760 1100.0
1078770 1100.0
1078780 1101.6
1078790 1101.8
1078800 1101.8
1078810 1101.1
1078820 1099.8
1078830 1099.8
1078840 1097.8
1078850 1095.5
1078860 1095.5
1078870 1094.6
1078880 1094.4
1078890 1094.4
1078900 1094.6
1078910 1095.3
1078920 1095.3
1078930 1095.9
1078940 1096.4
1078950 1096.4
1078960 1096.8
1078970 1097.9
1078980 1097.9
1078990 1098.4
1079000 1098.8
1079010 1099.0
1079020 1099.0
1079030 1099.2
1079040 1099.3
1079050 1099.3
1079060 1099.1
1079070 1098.6
1079080 1098.6
1079090 1097.7
1079100 1096.2
1079110 1096.2
1079120 1094.4
1079130 1094.7
1079140 1094.7
1079150 1096.6
1079160 1097.9
1079170 1097.9
1079180 1100.5
1079190 1104.3
1079200 1104.3
1079210 1108.1
1079220 1110.2
1079230 1110.2
1079240 1113.0
1079250 1114.3
1079260 1114.3
1079270 1114.4
1079280 1114.5
1079290 1116.1
1079300 1116.8
1079310 1116.5
1079320 1115.8
1079330 1115.8
1079340 1117.9
1079350 1120.2
1079360 1120.2
1079370 1121.8
1079380 1123.2
1079390 1123.2
1079400 1124.5
1079410 1124.4
1079420 1124.4
1079430 1126.0
1079440 1128.8
1079450 1128.8
1079460 1131.5
1079470 1134.1
1079480 1134.1
1079490 1136.8
1079500 1138.9
1079510 1138.9
1079520 1141.0
1079530 1143.2
1079540 1143.2
1079550 1145.0
1079560 1146.3
1079570 1146.3
1079580 1146.9
1079590 1146.9
1079600 1149.9
1079610 1149.9
1079620 1151.9
1079630 1153.3
1079640 1153.3
1079650 1156.1
1079660 1159.2
1079670 1159.2
1079680 1161.5
1079690 1164.4
1079700 1164.4
1079710 1168.0
1079720 1172.4
1079730 1172.4
1079740 1177.6
1079750 1182.6
1079760 1182.6
1079770 1186.2
1079780 1189.6
1079790 1189.6
1079800 1194.5
1079810 1199.3
1079820 1199.3
1079830 1201.1
1079840 1203.2
1079850 1203.2
1079860 1207.1
1079870 1211.2
1079880 1211.2
1079890 1214.6
1079900 1218.5
1079910 1223.1
1079920 1227.8
1079930 1231.1
1079940 1233.0
1079950 1233.0
1079960 1235.2
1079970 1237.4
1079980 1237.4
1079990 1239.0
