1067500 418.7
1067510 418.9
1067520 418.9
1067530 419.3
1067540 419.6
1067550 419.6
1067560 419.8
1067570 419.5
1067580 418.7
1067590 418.7
1067600 418.8
1067610 419.9
1067620 420.5
1067630 423.4
1067640 422.8
1067650 422.8
1067660 421.0
1067670 420.9
1067680 420.9
1067690 420.9
1067700 420.8
1067710 420.8
1067720 420.7
1067730 420.7
1067740 420.7
1067750 420.7
1067760 420.6
1067770 420.6
1067780 420.6
1067790 420.6
1067800 420.6
1067810 420.6
1067820 420.5
1067830 420.5
1067840 421.0
1067850 420.1
1067860 420.1
1067870 418.1
1067880 415.3
1067890 415.2
1067900 415.2
1067910 415.2
1067920 415.2
1067930 415.2
1067940 415.2
1067950 415.2
1067960 415.2
1067970 415.2
1067980 416.9
1067990 416.9
1068000 420.2
1068010 421.1
1068020 421.1
1068030 420.9
1068040 420.9
1068050 420.9
1068060 421.0
1068070 421.1
1068080 421.1
1068090 421.9
1068100 423.9
1068110 423.9
1068120 421.9
1068130 419.8
1068140 419.8
1068150 419.7
1068160 419.5
1068170 419.3
1068180 419.3
1068190 419.2
1068200 419.1
1068210 419.1
1068220 418.9
1068230 418.8
1068240 418.8
1068250 418.5
1068260 418.9
1068270 418.9
1068280 418.4
1068290 418.2
1068300 418.2
1068310 418.1
1068320 418.1
1068330 418.1
1068340 418.1
1068350 418.1
1068360 418.1
1068370 418.0
1068380 417.8
1068390 417.8
1068400 417.8
1068410 417.7
1068420 417.7
1068430 417.4
1068440 417.8
1068450 417.8
1068460 418.9
1068470 418.8
1068480 418.1
1068490 418.1
1068500 417.9
1068510 417.8
1068520 417.8
1068530 417.6
1068540 417.3
1068550 417.3
1068560 416.7
1068570 417.5
1068580 417.5
1068590 417.4
1068600 417.6
1068610 417.6
1068620 417.7
1068630 417.7
1068640 417.7
1068650 417.7
1068660 418.1
1068670 418.1
1068680 418.2
1068690 418.1
1068700 418.1
1068710 417.9
1068720 417.9
1068730 417.9
1068740 418.1
1068750 418.1
1068760 418.2
1068770 418.2
1068780 418.3
1068790 418.3
1068800 418.3
1068810 418.1
1068820 418.1
1068830 418.1
1068840 418.1
1068850 418.2
1068860 418.2
1068870 418.3
1068880 418.9
1068890 418.9
1068900 418.1
1068910 418.0
1068920 418.0
1068930 418.0
1068940 417.9
1068950 417.9
1068960 417.8
1068970 417.9
1068980 417.9
1068990 418.0
1069000 418.1
1069010 418.1
1069020 418.0
1069030 417.6
1069040 417.6
1069050 418.0
1069060 418.4
1069070 418.4
1069080 418.4
1069090 418.4
1069100 418.6
1069110 418.6
1069120 418.4
1069130 418.4
1069140 418.4
1069150 418.4
1069160 418.6
1069170 418.6
1069180 418.5
1069190 418.3
1069200 418.3
1069210 418.2
1069220 418.2
1069230 418.2
1069240 418.2
1069250 418.1
1069260 418.1
1069270 418.1
1069280 418.1
1069290 418.1
1069300 418.3
1069310 418.1
1069320 418.1
1069330 417.9
1069340 418.0
1069350 418.1
1069360 418.1
1069370 418.1
1069380 418.1
1069390 418.1
1069400 417.9
1069410 418.1
1069420 418.1
1069430 418.0
1069440 417.9
1069450 417.9
1069460 418.2
1069470 418.2
1069480 418.2
1069490 418.0
1069500 418.0
1069510 418.0
1069520 418.2
1069530 418.3
1069540 418.3
1069550 418.4
1069560 418.3
1069570 418.3
1069580 418.0
1069590 417.9
1069600 417.9
1069610 417.8
1069620 417.7
1069630 417.7
1069640 417.9
1069650 418.2
1069660 418.5
1069670 418.5
1069680 418.6
1069690 418.6
1069700 418.6
1069710 418.1
1069720 417.4
1069730 417.4
1069740 417.3
1069750 417.4
1069760 417.4
1069770 417.1
1069780 417.0
1069790 417.0
1069800 417.0
1069810 417.0
1069820 417.0
1069830 416.9
1069840 417.0
1069850 417.0
1069860 417.0
1069870 416.9
1069880 416.9
1069890 417.1
1069900 417.3
1069910 417.3
1069920 417.4
1069930 417.4
1069940 417.5
1069950 417.5
1069960 417.4
1069970 417.1
1069980 417.1
1069990 417.3
1070000 417.7
1070010 417.7
1070020 417.9
1070030 417.9
1070040 417.9
1070050 417.9
1070060 417.8
1070070 417.8
1070080 417.9
1070090 417.9
1070100 417.9
1070110 417.9
1070120 417.7
1070130 417.7
1070140 417.8
1070150 417.8
1070160 417.8
1070170 417.7
1070180 417.7
1070190 417.7
1070200 417.8
1070210 417.7
1070220 417.7
1070230 417.6
1070240 417.6
1070250 417.6
1070260 417.6
1070270 417.8
1070280 417.8
1070290 417.8
1070300 417.7
1070310 417.7
1070320 417.7
1070330 417.8
1070340 418.0
1070350 418.0
1070360 418.0
1070370 417.8
1070380 417.8
1070390 418.1
1070400 418.1
1070410 418.1
1070420 419.7
1070430 422.3
1070440 422.3
1070450 425.1
1070460 428.1
1070470 428.1
1070480 430.6
1070490 431.1
1070500 431.1
1070510 433.0
1070520 435.2
1070530 435.7
1070540 435.7
1070550 432.7
1070560 425.2
1070570 425.2
1070580 421.4
1070590 421.3
1070600 421.3
1070610 422.1
1070620 423.1
1070630 423.1
1070640 424.1
1070650 425.1
1070660 425.1
1070670 425.5
1070680 425.9
1070690 423.9
1070700 424.9
1070710 426.2
1070720 426.2
1070730 427.3
1070740 429.0
1070750 429.0
1070760 431.7
1070770 435.1
1070780 435.1
1070790 437.0
1070800 436.8
1070810 436.0
1070820 436.0
1070830 435.5
1070840 435.0
1070850 435.0
1070860 435.9
1070870 436.7
1070880 436.7
1070890 438.2
1070900 438.8
1070910 438.8
1070920 439.7
1070930 440.5
1070940 440.5
1070950 440.4
1070960 439.9
1070970 439.9
1070980 438.4
1070990 434.7
1071000 427.8
1071010 425.2
1071020 423.5
1071030 423.5
1071040 422.6
1071050 421.8
1071060 421.8
1071070 421.3
1071080 421.0
1071090 421.0
1071100 421.0
1071110 420.7
1071120 420.4
1071130 420.4
1071140 420.6
1071150 420.6
1071160 420.6
1071170 420.6
1071180 420.6
1071190 420.6
1071200 420.5
1071210 420.5
1071220 420.5
1071230 420.5
1071240 420.5
1071250 420.5
1071260 420.4
1071270 420.3
1071280 420.3
1071290 420.3
1071300 420.3
1071310 420.2
1071320 420.2
1071330 420.2
1071340 420.2
1071350 420.1
1071360 420.2
1071370 420.2
1071380 420.2
1071390 420.3
1071400 420.3
1071410 420.3
1071420 420.3
1071430 420.3
1071440 420.3
1071450 420.4
1071460 420.3
1071470 420.3
1071480 420.3
1071490 420.3
1071500 420.3
1071510 420.2
1071520 420.2
1071530 420.2
1071540 420.2
1071550 420.2
1071560 420.2
1071570 420.3
1071580 420.5
1071590 420.5
1071600 420.5
1071610 420.5
1071620 420.5
1071630 420.5
1071640 420.5
1071650 420.5
1071660 420.5
1071670 420.6
1071680 420.6
1071690 420.7
1071700 420.7
1071710 420.7
1071720 420.7
1071730 420.8
1071740 421.3
1071750 421.3
1071760 423.1
1071770 423.1
1071780 423.1
1071790 423.0
1071800 423.9
1071810 423.9
1071820 426.4
1071830 425.3
1071840 425.3
1071850 422.4
1071860 421.6
1071870 421.6
1071880 421.7
1071890 421.7
1071900 421.7
1071910 421.7
1071920 421.7
1071930 421.7
1071940 421.7
1071950 421.8
1071960 421.8
1071970 421.8
1071980 421.9
1071990 422.0
1072000 422.0
1072010 422.6
1072020 422.5
1072030 422.5
1072040 423.9
1072050 424.6
1072060 424.6
1072070 425.5
1072080 425.8
1072090 425.8
1072100 424.9
1072110 425.5
1072120 425.5
1072130 425.1
1072140 423.3
1072150 423.3
1072160 423.0
1072170 423.2
1072180 423.2
1072190 423.4
1072200 423.1
1072210 423.1
1072220 423.0
1072230 423.1
1072240 423.1
1072250 423.1
1072260 423.2
1072270 423.2
1072280 423.3
1072290 423.5
1072300 423.6
1072310 423.6
1072320 423.7
1072330 423.8
1072340 423.8
1072350 423.8
1072360 423.8
1072370 423.8
1072380 423.8
1072390 424.0
1072400 424.0
1072410 424.0
1072420 424.2
1072430 424.2
1072440 424.4
1072450 424.4
1072460 424.4
1072470 424.5
1072480 424.6
1072490 424.6
1072500 424.7
1072510 424.7
1072520 424.7
1072530 424.5
1072540 424.6
1072550 424.6
1072560 424.9
1072570 424.8
1072580 424.8
1072590 424.8
1072600 424.7
1072610 424.7
1072620 424.7
1072630 424.9
1072640 425.4
1072650 425.4
1072660 425.7
1072670 426.1
1072680 426.1
1072690 426.3
1072700 426.4
1072710 426.4
1072720 426.4
1072730 426.4
1072740 426.4
1072750 426.6
1072760 426.8
1072770 426.8
1072780 427.0
1072790 427.2
1072800 427.2
1072810 427.4
1072820 427.6
1072830 427.6
1072840 428.0
1072850 428.2
1072860 428.2
1072870 429.0
1072880 429.3
1072890 429.6
1072900 429.6
1072910 430.1
1072920 430.2
1072930 430.2
1072940 430.4
1072950 430.7
1072960 430.7
1072970 431.0
1072980 431.2
1072990 431.2
1073000 431.4
1073010 431.3
1073020 431.3
1073030 431.7
1073040 431.9
1073050 431.9
1073060 432.1
1073070 432.5
1073080 432.5
1073090 432.6
1073100 432.5
1073110 432.5
1073120 432.3
1073130 432.4
1073140 432.4
1073150 432.7
1073160 432.6
1073170 432.9
1073180 432.9
1073190 433.3
1073200 433.5
1073210 433.5
1073220 433.6
1073230 433.7
1073240 433.7
1073250 433.7
1073260 433.9
1073270 433.9
1073280 434.4
1073290 434.4
1073300 434.4
1073310 434.5
1073320 434.3
1073330 434.3
1073340 434.4
1073350 434.4
1073360 434.4
1073370 434.4
1073380 434.4
1073390 434.4
1073400 434.2
1073410 433.9
1073420 433.9
1073430 433.6
1073440 433.8
1073450 433.8
1073460 434.1
1073470 433.7
1073480 434.0
1073490 434.0
1073500 434.9
1073510 436.0
1073520 436.0
1073530 436.5
1073540 436.7
1073550 436.7
1073560 437.2
1073570 438.3
1073580 438.3
1073590 440.5
1073600 443.3
1073610 443.3
1073620 447.6
1073630 451.7
1073640 451.7
1073650 454.9
1073660 459.0
1073670 459.0
1073680 463.5
1073690 467.9
1073700 467.9
1073710 472.5
1073720 477.4
1073730 477.4
1073740 481.8
1073750 483.3
1073760 482.0
1073770 482.0
1073780 477.3
1073790 471.6
1073800 471.6
1073810 465.0
1073820 463.0
1073830 463.0
1073840 462.1
1073850 461.1
1073860 461.1
1073870 460.1
1073880 461.4
1073890 461.4
1073900 466.0
1073910 470.9
1073920 470.9
1073930 475.8
1073940 481.0
1073950 481.0
1073960 485.9
1073970 490.4
1073980 490.4
1073990 496.3
1074000 502.5
1074010 502.5
1074020 508.3
1074030 514.3
1074040 514.3
1074050 519.5
1074060 524.7
1074070 530.4
1074080 530.4
1074090 542.4
1074100 548.6
1074110 548.6
1074120 553.8
1074130 559.3
1074140 559.3
1074150 564.9
1074160 569.6
1074170 569.6
1074180 573.6
1074190 577.7
1074200 577.7
1074210 582.7
1074220 588.7
1074230 588.7
1074240 591.4
1074250 594.2
1074260 594.2
1074270 601.9
1074280 615.4
1074290 615.4
1074300 626.3
1074310 638.8
1074320 638.8
1074330 652.3
1074340 666.5
1074350 677.3
1074360 677.3
1074370 684.3
1074380 691.0
1074390 691.0
1074400 709.9
1074410 714.1
1074420 714.1
1074430 716.7
1074440 718.6
1074450 718.6
1074460 719.8
1074470 721.0
1074480 721.0
1074490 721.0
1074500 721.0
1074510 721.0
1074520 722.4
1074530 724.3
1074540 724.3
1074550 725.1
1074560 727.4
1074570 727.4
1074580 728.9
1074590 729.5
1074600 729.5
1074610 729.1
1074620 729.7
1074630 728.5
1074640 728.5
1074650 727.0
1074660 729.6
1074670 729.6
1074680 729.6
1074690 729.9
1074700 729.9
1074710 729.0
1074720 720.5
1074730 720.5
1074740 719.2
1074750 717.0
1074760 717.0
1074770 713.9
1074780 710.9
1074790 710.9
1074800 707.9
1074810 704.5
1074820 704.5
1074830 698.2
1074840 690.0
1074850 690.0
1074860 684.0
1074870 681.4
1074880 681.4
1074890 680.1
1074900 677.6
1074910 677.6
1074920 674.8
1074930 672.5
1074940 668.4
1074950 668.4
1074960 662.9
1074970 659.3
1074980 659.3
1074990 656.5
1075000 653.9
1075010 653.9
1075020 650.0
1075030 637.4
1075040 637.4
1075050 633.1
1075060 629.6
1075070 629.6
1075080 626.1
1075090 621.7
1075100 621.7
1075110 616.8
1075120 611.0
1075130 611.0
1075140 604.7
1075150 598.2
1075160 598.2
1075170 593.9
1075180 590.1
1075190 590.1
1075200 581.4
1075210 571.7
1075220 566.0
1075230 566.0
1075240 552.1
1075250 533.7
1075260 533.7
1075270 520.9
1075280 521.9
1075290 521.9
1075300 565.7
1075310 589.2
1075320 589.2
1075330 591.8
1075340 590.9
1075350 590.9
1075360 595.1
1075370 596.1
1075380 596.1
1075390 595.1
1075400 594.2
1075410 594.2
1075420 592.2
1075430 590.6
1075440 590.6
1075450 590.1
1075460 590.0
1075470 590.0
1075480 589.9
1075490 589.7
1075500 589.7
1075510 589.5
1075520 589.2
1075530 588.9
1075540 588.9
1075550 588.5
1075560 588.0
1075570 588.0
1075580 586.8
1075590 584.3
1075600 584.3
1075610 583.0
1075620 584.1
1075630 584.1
1075640 584.2
1075650 579.4
1075660 579.4
1075670 578.9
1075680 577.0
1075690 577.0
1075700 573.8
1075710 569.5
1075720 569.5
1075730 564.8
1075740 559.0
1075750 559.0
1075760 559.7
1075770 566.6
1075780 566.6
1075790 572.2
1075800 578.7
1075810 586.2
1075820 586.2
1075830 596.7
1075840 607.0
1075850 607.0
1075860 612.7
1075870 606.6
1075880 606.6
1075890 593.4
1075900 589.2
1075910 589.2
1075920 589.7
1075930 592.3
1075940 592.3
1075950 594.9
1075960 612.9
1075970 612.9
1075980 618.9
1075990 624.5
1076000 624.5
1076010 639.1
1076020 660.0
1076030 660.0
1076040 677.0
1076050 681.0
1076060 681.0
1076070 683.4
1076080 684.8
1076090 684.8
1076100 685.2
1076110 683.2
1076120 680.7
1076130 680.7
1076140 655.6
1076150 644.4
1076160 644.4
1076170 643.2
1076180 666.6
1076190 666.6
1076200 675.9
1076210 679.0
1076220 679.0
1076230 682.1
1076240 684.8
1076250 684.8
1076260 685.5
1076270 690.2
1076280 690.2
1076290 690.2
1076300 689.8
1076310 689.8
1076320 688.2
1076330 684.6
1076340 684.6
1076350 680.1
1076360 675.7
1076370 675.7
1076380 666.7
1076390 661.6
1076400 660.4
1076410 660.4
1076420 665.9
1076430 671.7
1076440 671.7
1076450 685.7
1076460 706.7
1076470 706.7
1076480 714.3
1076490 716.4
1076500 716.4
1076510 716.9
1076520 715.9
1076530 715.9
1076540 712.9
1076550 708.6
1076560 708.6
1076570 704.0
1076580 701.7
1076590 710.3
1076600 712.0
1076610 715.2
1076620 715.2
1076630 719.1
1076640 722.0
1076650 722.0
1076660 724.2
1076670 726.2
1076680 728.5
1076690 728.5
1076700 730.1
1076710 731.7
1076720 731.7
1076730 733.8
1076740 736.1
1076750 736.1
1076760 738.5
1076770 741.4
1076780 741.4
1076790 744.8
1076800 747.5
1076810 747.5
1076820 750.0
1076830 752.8
1076840 752.8
1076850 756.0
1076860 759.2
1076870 759.2
1076880 762.5
1076890 766.0
1076900 771.2
1076910 775.0
1076920 778.2
1076930 778.2
1076940 781.8
1076950 786.1
1076960 786.1
1076970 790.1
1076980 793.7
1076990 797.0
1077000 797.0
1077010 800.4
1077020 803.9
1077030 803.9
1077040 806.9
1077050 810.0
1077060 810.0
1077070 813.0
1077080 817.0
1077090 817.0
1077100 821.3
1077110 824.2
1077120 824.2
1077130 825.2
1077140 826.8
1077150 826.8
1077160 830.2
1077170 834.9
1077180 834.9
1077190 839.1
1077200 842.8
1077210 849.9
1077220 853.3
1077230 856.3
1077240 856.3
1077250 859.0
1077260 862.9
1077270 866.9
1077280 866.9
1077290 871.3
1077300 875.1
1077310 875.1
1077320 878.9
1077330 883.2
1077340 883.2
1077350 888.7
1077360 894.2
1077370 894.2
1077380 898.0
1077390 901.1
1077400 901.1
1077410 902.8
1077420 903.9
1077430 903.9
1077440 906.2
1077450 909.0
1077460 909.0
1077470 911.1
1077480 913.1
1077490 913.1
1077500 914.9
1077510 917.3
1077520 927.3
1077530 932.8
1077540 939.4
1077550 939.4
1077560 944.3
1077570 950.2
1077580 956.9
1077590 956.9
1077600 967.0
1077610 978.7
1077620 978.7
1077630 986.7
1077640 990.8
1077650 990.8
1077660 993.8
1077670 997.5
1077680 997.5
1077690 1006.6
1077700 1020.6
1077710 1020.6
1077720 1030.6
1077730 1032.0
1077740 1032.0
1077750 1032.9
1077760 1032.8
1077770 1032.8
1077780 1030.5
1077790 1032.6
1077800 1032.6
1077810 1036.1
1077820 1041.7
1077830 1041.7
1077840 1047.0
1077850 1051.2
1077860 1054.0
1077870 1054.0
1077880 1055.1
1077890 1056.7
1077900 1056.7
1077910 1058.8
1077920 1061.7
1077930 1061.7
1077940 1065.4
1077950 1065.6
1077960 1065.6
1077970 1064.5
1077980 1063.9
1077990 1063.9
1078000 1065.2
1078010 1066.2
1078020 1066.2
1078030 1066.6
1078040 1066.7
1078050 1066.7
1078060 1068.4
1078070 1070.2
1078080 1070.2
1078090 1072.6
1078100 1074.3
1078110 1074.3
1078120 1074.8
1078130 1075.1
1078140 1075.1
1078150 1073.6
1078160 1073.4
1078170 1075.2
1078180 1075.2
1078190 1077.7
1078200 1080.3
1078210 1080.3
1078220 1082.9
1078230 1084.7
1078240 1084.7
1078250 1085.4
1078260 1085.7
1078270 1085.7
1078280 1085.6
1078290 1085.3
1078300 1085.3
1078310 1086.4
1078320 1087.7
1078330 1087.7
1078340 1087.3
1078350 1086.3
1078360 1086.3
1078370 1084.2
1078380 1082.3
1078390 1082.3
1078400 1080.7
1078410 1079.3
1078420 1079.3
1078430 1078.3
1078440 1077.5
1078450 1075.6
1078460 1071.7
1078470 1070.7
1078480 1071.9
1078490 1071.9
1078500 1071.9
1078510 1069.7
1078520 1069.7
1078530 1067.8
1078540 1067.7
1078550 1067.7
1078560 1067.7
1078570 1070.7
1078580 1070.7
1078590 1071.4
1078600 1070.5
1078610 1070.5
1078620 1067.2
1078630 1067.9
1078640 1067.9
1078650 1069.5
1078660 1071.2
1078670 1071.2
1078680 1074.0
1078690 1078.0
1078700 1078.0
1078710 1084.3
1078720 1088.9
1078730 1090.5
1078740 1090.5
1078750 1091.4
1078760 1092.7
1078770 1092.7
1078780 1096.9
1078790 1098.4
1078800 1098.4
1078810 1099.2
1078820 1100.6
1078830 1100.6
1078840 1102.2
1078850 1103.2
1078860 1103.2
1078870 1104.4
1078880 1105.0
1078890 1105.0
1078900 1101.4
1078910 1098.1
1078920 1098.1
1078930 1107.9
1078940 1112.0
1078950 1112.0
1078960 1112.2
1078970 1112.6
1078980 1112.6
1078990 1113.6
1079000 1115.5
1079010 1115.5
1079020 1117.5
1079030 1119.6
1079040 1122.1
1079050 1122.1
1079060 1124.0
1079070 1127.0
1079080 1127.0
1079090 1135.1
1079100 1136.6
1079110 1136.6
1079120 1138.8
1079130 1140.3
1079140 1140.3
1079150 1141.4
1079160 1141.7
1079170 1141.7
1079180 1138.9
1079190 1143.4
1079200 1143.4
1079210 1150.2
1079220 1156.8
1079230 1156.8
1079240 1163.4
1079250 1169.0
1079260 1169.0
1079270 1174.0
1079280 1178.6
1079290 1178.6
1079300 1182.5
1079310 1183.8
1079320 1183.4
1079330 1183.4
1079340 1185.0
1079350 1187.3
1079360 1187.3
1079370 1188.9
1079380 1190.6
1079390 1190.6
1079400 1193.5
1079410 1199.7
1079420 1199.7
1079430 1201.4
1079440 1201.8
1079450 1201.8
1079460 1203.8
1079470 1205.9
1079480 1205.9
1079490 1207.4
1079500 1208.1
1079510 1208.1
1079520 1209.9
1079530 1212.1
1079540 1212.1
1079550 1212.1
1079560 1214.4
1079570 1214.4
1079580 1218.8
1079590 1221.0
1079600 1221.0
1079610 1223.8
1079620 1226.4
1079630 1228.0
1079640 1228.0
1079650 1230.0
1079660 1231.2
1079670 1231.2
1079680 1233.6
1079690 1236.6
1079700 1236.6
1079710 1238.4
1079720 1247.4
1079730 1247.4
1079740 1249.2
1079750 1250.9
1079760 1250.9
1079770 1252.8
1079780 1253.2
1079790 1253.2
1079800 1253.7
1079810 1255.4
1079820 1255.4
1079830 1254.6
1079840 1252.3
1079850 1252.3
1079860 1254.8
1079870 1257.7
1079880 1257.7
1079890 1260.0
1079900 1261.2
1079910 1262.7
1079920 1262.7
1079930 1264.8
1079940 1266.0
1079950 1266.0
1079960 1267.5
1079970 1269.3
1079980 1269.3
1079990 1270.5
