1067640 418.4
1067650 418.2
1067660 418.2
1067670 418.3
1067680 418.9
1067690 418.9
1067700 418.2
1067710 417.9
1067720 418.2
1067730 418.2
1067740 420.6
1067750 423.2
1067760 423.2
1067770 421.9
1067780 420.5
1067790 420.5
1067800 420.5
1067810 420.4
1067820 420.4
1067830 420.3
1067840 420.3
1067850 420.3
1067860 420.3
1067870 420.3
1067880 420.3
1067890 420.3
1067900 420.2
1067910 420.2
1067920 420.2
1067930 420.2
1067940 420.2
1067950 420.4
1067960 419.9
1067970 419.9
1067980 418.6
1067990 414.9
1068000 414.9
1068010 414.8
1068020 414.8
1068030 414.8
1068040 414.8
1068050 414.7
1068060 414.7
1068070 414.7
1068080 414.7
1068090 415.1
1068100 415.1
1068110 418.6
1068120 419.9
1068130 419.9
1068140 420.7
1068150 420.7
1068160 420.7
1068170 420.6
1068180 420.6
1068190 420.6
1068200 420.7
1068210 421.9
1068220 421.9
1068230 423.6
1068240 422.2
1068250 422.2
1068260 419.5
1068270 419.4
1068280 419.4
1068290 419.5
1068300 419.8
1068310 419.8
1068320 419.8
1068330 419.5
1068340 419.0
1068350 419.0
1068360 418.7
1068370 418.0
1068380 418.0
1068390 416.8
1068400 418.6
1068410 418.6
1068420 418.7
1068430 419.7
1068440 419.7
1068450 420.6
1068460 421.4
1068470 421.4
1068480 423.6
1068490 427.8
1068500 427.8
1068510 428.4
1068520 428.1
1068530 428.1
1068540 428.5
1068550 429.6
1068560 429.6
1068570 429.1
1068580 429.4
1068590 429.4
1068600 432.2
1068610 434.8
1068620 434.6
1068630 434.6
1068640 434.3
1068650 429.8
1068660 429.8
1068670 426.9
1068680 426.6
1068690 426.6
1068700 422.8
1068710 419.9
1068720 419.9
1068730 419.1
1068740 419.0
1068750 419.0
1068760 418.8
1068770 418.0
1068780 418.0
1068790 418.0
1068800 418.2
1068810 418.2
1068820 418.3
1068830 418.2
1068840 418.2
1068850 418.5
1068860 418.5
1068870 418.5
1068880 418.2
1068890 418.0
1068900 418.0
1068910 417.8
1068920 417.7
1068930 417.8
1068940 417.8
1068950 418.2
1068960 418.6
1068970 418.6
1068980 419.2
1068990 418.2
1069000 418.2
1069010 418.2
1069020 418.2
1069030 418.2
1069040 418.0
1069050 418.0
1069060 418.0
1069070 418.0
1069080 418.1
1069090 418.1
1069100 418.2
1069110 418.3
1069120 418.3
1069130 418.4
1069140 418.2
1069150 418.2
1069160 418.1
1069170 418.1
1069180 418.4
1069190 418.6
1069200 418.8
1069210 419.2
1069220 419.2
1069230 419.4
1069240 419.2
1069250 419.2
1069260 419.2
1069270 419.9
1069280 419.9
1069290 420.3
1069300 420.1
1069310 420.1
1069320 420.0
1069330 420.5
1069340 420.5
1069350 421.4
1069360 423.2
1069370 423.2
1069380 425.8
1069390 430.2
1069400 430.2
1069410 438.8
1069420 441.7
1069430 441.7
1069440 444.2
1069450 446.3
1069460 446.3
1069470 448.1
1069480 451.8
1069490 448.0
1069500 450.5
1069510 453.6
1069520 456.8
1069530 456.8
1069540 459.3
1069550 462.1
1069560 462.1
1069570 464.8
1069580 467.8
1069590 467.8
1069600 470.8
1069610 472.2
1069620 472.2
1069630 473.8
1069640 475.1
1069650 475.1
1069660 476.2
1069670 477.2
1069680 477.2
1069690 478.4
1069700 480.3
1069710 480.3
1069720 482.3
1069730 484.0
1069740 484.0
1069750 486.0
1069760 487.7
1069770 487.7
1069780 489.2
1069790 490.2
1069800 488.6
1069810 488.6
1069820 489.1
1069830 490.0
1069840 490.0
1069850 491.4
1069860 493.1
1069870 493.1
1069880 495.0
1069890 497.3
1069900 497.3
1069910 499.3
1069920 501.0
1069930 501.0
1069940 502.2
1069950 502.7
1069960 502.7
1069970 502.9
1069980 503.1
1069990 503.1
1070000 503.9
1070010 505.3
1070020 505.3
1070030 506.5
1070040 507.7
1070050 507.7
1070060 509.5
1070070 511.0
1070080 511.0
1070090 511.8
1070100 510.4
1070110 511.6
1070120 511.6
1070130 513.1
1070140 515.5
1070150 515.5
1070160 519.6
1070170 523.4
1070180 523.4
1070190 526.2
1070200 527.6
1070210 527.6
1070220 527.8
1070230 527.7
1070240 527.7
1070250 527.7
1070260 528.6
1070270 528.6
1070280 529.3
1070290 529.4
1070300 529.4
1070310 528.4
1070320 527.0
1070330 527.0
1070340 525.4
1070350 524.3
1070360 524.3
1070370 523.9
1070380 522.9
1070390 521.1
1070400 521.1
1070410 517.0
1070420 518.5
1070430 518.5
1070440 518.5
1070450 519.1
1070460 519.1
1070470 518.1
1070480 515.2
1070490 515.2
1070500 514.5
1070510 515.9
1070520 515.9
1070530 517.9
1070540 519.2
1070550 519.2
1070560 519.2
1070570 520.7
1070580 520.7
1070590 521.2
1070600 520.8
1070610 520.8
1070620 521.6
1070630 523.3
1070640 523.3
1070650 526.3
1070660 532.1
1070670 532.1
1070680 535.5
1070690 536.2
1070700 536.0
1070710 536.0
1070720 528.1
1070730 519.5
1070740 519.5
1070750 511.2
1070760 507.0
1070770 507.0
1070780 504.4
1070790 505.0
1070800 505.0
1070810 505.9
1070820 506.7
1070830 506.7
1070840 507.9
1070850 508.5
1070860 508.5
1070870 509.0
1070880 509.5
1070890 509.5
1070900 510.2
1070910 510.6
1070920 510.6
1070930 510.7
1070940 509.8
1070950 509.8
1070960 507.4
1070970 499.9
1070980 488.2
1070990 488.2
1071000 480.5
1071010 476.1
1071020 476.1
1071030 471.7
1071040 468.4
1071050 468.4
1071060 464.7
1071070 462.8
1071080 462.8
1071090 462.0
1071100 455.7
1071110 455.7
1071120 442.5
1071130 441.5
1071140 441.5
1071150 449.6
1071160 453.6
1071170 453.6
1071180 454.7
1071190 457.4
1071200 457.4
1071210 457.6
1071220 456.6
1071230 456.6
1071240 456.0
1071250 454.3
1071260 454.3
1071270 451.6
1071280 450.2
1071290 448.4
1071300 448.4
1071310 446.7
1071320 445.4
1071330 445.4
1071340 445.5
1071350 446.2
1071360 446.2
1071370 447.8
1071380 447.6
1071390 447.6
1071400 443.0
1071410 441.5
1071420 441.5
1071430 443.2
1071440 445.8
1071450 445.8
1071460 448.7
1071470 451.7
1071480 451.7
1071490 454.3
1071500 456.2
1071510 456.2
1071520 459.3
1071530 463.3
1071540 463.3
1071550 467.7
1071560 471.4
1071570 473.8
1071580 473.8
1071590 475.7
1071600 476.4
1071610 476.4
1071620 476.1
1071630 473.5
1071640 473.5
1071650 469.2
1071660 466.1
1071670 466.1
1071680 464.1
1071690 463.4
1071700 463.4
1071710 465.0
1071720 466.4
1071730 466.4
1071740 465.6
1071750 445.7
1071760 445.7
1071770 427.2
1071780 426.9
1071790 426.9
1071800 426.9
1071810 426.6
1071820 426.6
1071830 426.4
1071840 431.3
1071850 431.3
1071860 454.1
1071870 463.2
1071880 463.8
1071890 463.8
1071900 464.2
1071910 464.4
1071920 464.4
1071930 463.7
1071940 461.5
1071950 458.3
1071960 454.7
1071970 448.1
1071980 448.1
1071990 432.7
1072000 425.6
1072010 425.6
1072020 422.4
1072030 425.3
1072040 425.3
1072050 425.4
1072060 424.8
1072070 424.8
1072080 425.4
1072090 425.1
1072100 425.1
1072110 425.7
1072120 425.1
1072130 425.1
1072140 425.1
1072150 423.8
1072160 424.9
1072170 424.9
1072180 424.9
1072190 425.1
1072200 425.1
1072210 425.3
1072220 425.5
1072230 425.5
1072240 425.7
1072250 425.8
1072260 425.7
1072270 425.8
1072280 425.6
1072290 425.6
1072300 425.5
1072310 425.7
1072320 425.7
1072330 425.9
1072340 425.9
1072350 425.9
1072360 426.0
1072370 426.5
1072380 426.5
1072390 426.3
1072400 426.1
1072410 426.1
1072420 426.2
1072430 426.4
1072440 426.4
1072450 426.4
1072460 426.4
1072470 426.5
1072480 426.5
1072490 426.7
1072500 426.6
1072510 426.6
1072520 426.6
1072530 426.9
1072540 426.9
1072550 427.2
1072560 427.2
1072570 427.2
1072580 427.5
1072590 427.5
1072600 427.5
1072610 427.7
1072620 427.6
1072630 427.6
1072640 427.9
1072650 428.2
1072660 428.2
1072670 428.4
1072680 428.6
1072690 428.6
1072700 428.6
1072710 428.6
1072720 428.6
1072730 428.7
1072740 429.2
1072750 429.5
1072760 429.5
1072770 429.3
1072780 429.3
1072790 429.3
1072800 429.4
1072810 429.3
1072820 429.3
1072830 429.7
1072840 430.4
1072850 430.4
1072860 430.7
1072870 430.7
1072880 430.9
1072890 430.8
1072900 430.9
1072910 430.9
1072920 431.2
1072930 431.4
1072940 431.4
1072950 431.8
1072960 431.8
1072970 431.8
1072980 432.3
1072990 432.5
1073000 432.5
1073010 432.8
1073020 433.3
1073030 433.3
1073040 433.4
1073050 433.4
1073060 433.3
1073070 433.3
1073080 433.4
1073090 433.5
1073100 433.5
1073110 434.4
1073120 435.0
1073130 435.0
1073140 435.2
1073150 435.6
1073160 435.6
1073170 435.8
1073180 436.1
1073190 436.2
1073200 436.2
1073210 436.8
1073220 436.8
1073230 437.2
1073240 437.3
1073250 437.3
1073260 437.4
1073270 437.5
1073280 437.5
1073290 437.5
1073300 437.7
1073310 437.7
1073320 438.0
1073330 438.4
1073340 438.9
1073350 438.9
1073360 439.1
1073370 439.5
1073380 439.5
1073390 439.6
1073400 439.8
1073410 439.8
1073420 440.1
1073430 440.5
1073440 440.5
1073450 441.0
1073460 441.5
1073470 441.5
1073480 442.1
1073490 442.7
1073500 442.6
1073510 443.1
1073520 443.2
1073530 443.2
1073540 443.7
1073550 444.3
1073560 444.3
1073570 444.6
1073580 445.2
1073590 445.2
1073600 445.3
1073610 445.7
1073620 445.7
1073630 446.2
1073640 446.7
1073650 447.2
1073660 447.2
1073670 447.6
1073680 447.7
1073690 447.7
1073700 447.9
1073710 448.1
1073720 448.1
1073730 448.4
1073740 448.9
1073750 448.9
1073760 449.9
1073770 449.8
1073780 449.8
1073790 449.8
1073800 450.6
1073810 450.4
1073820 450.6
1073830 450.8
1073840 450.8
1073850 451.1
1073860 451.5
1073870 451.5
1073880 451.7
1073890 452.2
1073900 452.2
1073910 452.8
1073920 453.6
1073930 454.0
1073940 454.0
1073950 454.5
1073960 455.0
1073970 455.0
1073980 455.4
1073990 455.6
1074000 455.6
1074010 455.8
1074020 456.2
1074030 456.2
1074040 457.1
1074050 457.3
1074060 457.3
1074070 457.7
1074080 458.5
1074090 458.5
1074100 459.2
1074110 459.6
1074120 459.6
1074130 459.9
1074140 460.1
1074150 460.1
1074160 461.0
1074170 462.0
1074180 462.0
1074190 462.1
1074200 461.9
1074210 462.2
1074220 462.2
1074230 463.2
1074240 463.8
1074250 463.8
1074260 464.3
1074270 465.0
1074280 465.0
1074290 466.6
1074300 467.6
1074310 467.6
1074320 467.8
1074330 468.0
1074340 468.0
1074350 468.3
1074360 468.6
1074370 468.6
1074380 468.9
1074390 469.7
1074400 469.7
1074410 470.7
1074420 471.2
1074430 469.1
1074440 469.4
1074450 469.7
1074460 469.7
1074470 470.0
1074480 470.4
1074490 470.4
1074500 471.0
1074510 471.7
1074520 472.4
1074530 472.4
1074540 472.4
1074550 472.5
1074560 472.5
1074570 473.1
1074580 475.5
1074590 475.5
1074600 476.3
1074610 475.5
1074620 475.5
1074630 474.8
1074640 475.4
1074650 475.4
1074660 476.4
1074670 479.6
1074680 479.6
1074690 482.7
1074700 486.5
1074710 486.5
1074720 491.1
1074730 494.0
1074740 502.2
1074750 503.5
1074760 506.4
1074770 506.4
1074780 509.7
1074790 511.6
1074800 513.4
1074810 513.4
1074820 515.9
1074830 517.8
1074840 517.8
1074850 517.8
1074860 519.9
1074870 519.9
1074880 522.4
1074890 524.8
1074900 524.8
1074910 527.1
1074920 529.1
1074930 529.1
1074940 530.9
1074950 533.8
1074960 533.8
1074970 536.3
1074980 538.6
1074990 538.6
1075000 540.5
1075010 544.7
1075020 544.7
1075030 549.2
1075040 554.1
1075050 554.1
1075060 569.1
1075070 571.4
1075080 571.4
1075090 572.0
1075100 570.9
1075110 570.0
1075120 570.0
1075130 569.2
1075140 566.3
1075150 566.3
1075160 560.8
1075170 554.8
1075180 554.8
1075190 548.2
1075200 539.0
1075210 539.0
1075220 527.9
1075230 516.9
1075240 516.9
1075250 502.1
1075260 498.2
1075270 498.2
1075280 504.2
1075290 530.7
1075300 530.7
1075310 541.9
1075320 547.4
1075330 547.4
1075340 552.0
1075350 557.5
1075360 557.5
1075370 557.4
1075380 558.1
1075390 560.2
1075400 560.2
1075410 563.9
1075420 567.7
1075430 567.7
1075440 572.8
1075450 578.2
1075460 578.2
1075470 583.2
1075480 588.8
1075490 588.8
1075500 595.7
1075510 602.4
1075520 602.4
1075530 609.3
1075540 615.6
1075550 615.6
1075560 622.3
1075570 629.2
1075580 629.2
1075590 635.3
1075600 640.9
1075610 640.9
1075620 647.3
1075630 653.6
1075640 653.6
1075650 658.0
1075660 663.4
1075670 663.4
1075680 674.7
1075690 680.0
1075700 688.0
1075710 688.0
1075720 695.5
1075730 701.9
1075740 701.9
1075750 711.3
1075760 721.9
1075770 721.9
1075780 733.5
1075790 739.0
1075800 739.0
1075810 741.8
1075820 742.5
1075830 742.5
1075840 744.4
1075850 746.2
1075860 746.2
1075870 748.0
1075880 751.6
1075890 751.6
1075900 755.9
1075910 758.4
1075920 758.4
1075930 760.7
1075940 763.4
1075950 763.4
1075960 764.5
1075970 764.4
1075980 765.6
1075990 764.1
1076000 766.4
1076010 767.6
1076020 767.6
1076030 767.0
1076040 765.6
1076050 765.6
1076060 764.6
1076070 763.4
1076080 763.4
1076090 762.7
1076100 764.2
1076110 764.2
1076120 767.0
1076130 771.6
1076140 771.6
1076150 774.1
1076160 775.8
1076170 775.8
1076180 776.2
1076190 778.1
1076200 778.1
1076210 781.5
1076220 784.2
1076230 784.2
1076240 785.8
1076250 787.2
1076260 787.2
1076270 788.2
1076280 789.0
1076290 789.2
1076300 782.7
1076310 782.3
1076320 781.8
1076330 781.8
1076340 782.0
1076350 782.4
1076360 782.4
1076370 782.1
1076380 781.8
1076390 781.8
1076400 781.1
1076410 780.2
1076420 780.2
1076430 779.3
1076440 779.4
1076450 779.4
1076460 779.8
1076470 779.2
1076480 779.2
1076490 778.2
1076500 777.1
1076510 777.1
1076520 776.1
1076530 775.3
1076540 775.3
1076550 774.6
1076560 774.7
1076570 775.1
1076580 775.1
1076590 775.3
1076600 775.5
1076610 768.3
1076620 767.9
1076630 767.9
1076640 767.9
1076650 767.9
1076660 767.8
1076670 767.8
1076680 767.9
1076690 768.4
1076700 768.4
1076710 769.5
1076720 770.8
1076730 770.8
1076740 771.6
1076750 772.8
1076760 772.8
1076770 774.0
1076780 775.3
1076790 775.3
1076800 776.8
1076810 777.9
1076820 777.9
1076830 778.9
1076840 779.7
1076850 779.7
1076860 780.3
1076870 780.7
1076880 780.9
1076890 780.9
1076900 781.0
1076910 780.2
1076920 780.2
1076930 774.3
1076940 774.3
1076950 774.3
1076960 770.3
1076970 768.5
1076980 768.5
1076990 769.0
1077000 768.6
1077010 768.6
1077020 768.7
1077030 768.3
1077040 768.3
1077050 767.3
1077060 767.8
1077070 767.8
1077080 768.0
1077090 767.2
1077100 767.2
1077110 768.9
1077120 767.9
1077130 767.9
1077140 767.6
1077150 769.7
1077160 775.8
1077170 775.8
1077180 784.4
1077190 788.9
1077200 788.9
1077210 787.7
1077220 783.1
1077230 783.1
1077240 776.8
1077250 775.3
1077260 775.3
1077270 774.8
1077280 774.6
1077290 774.6
1077300 773.8
1077310 772.5
1077320 772.5
1077330 773.0
1077340 774.9
1077350 774.9
1077360 774.1
1077370 775.3
1077380 775.3
1077390 782.5
1077400 785.8
1077410 785.8
1077420 790.3
1077430 797.1
1077440 797.1
1077450 797.2
1077460 793.8
1077470 793.5
1077480 793.5
1077490 792.4
1077500 797.3
1077510 797.3
1077520 805.5
1077530 811.7
1077540 811.7
1077550 817.1
1077560 819.5
1077570 819.5
1077580 822.6
1077590 822.2
1077600 822.2
1077610 819.4
1077620 817.6
1077630 817.6
1077640 816.3
1077650 814.6
1077660 814.6
1077670 812.9
1077680 810.4
1077690 810.4
1077700 804.8
1077710 804.4
1077720 804.4
1077730 802.5
1077740 800.5
1077750 796.9
1077760 796.9
1077770 793.2
1077780 789.4
1077790 789.4
1077800 787.4
1077810 779.7
1077820 779.7
1077830 773.3
1077840 772.2
1077850 772.2
1077860 773.7
1077870 775.1
1077880 775.1
1077890 777.4
1077900 781.8
1077910 781.8
1077920 788.9
1077930 797.6
1077940 797.6
1077950 806.8
1077960 814.5
1077970 814.5
1077980 820.5
1077990 823.7
1078000 823.7
1078010 824.8
1078020 825.1
1078030 828.2
1078040 828.2
1078050 830.9
1078060 832.2
1078070 832.2
1078080 832.4
1078090 833.2
1078100 833.2
1078110 833.8
1078120 835.4
1078130 835.4
1078140 837.3
1078150 839.0
1078160 839.0
1078170 840.3
1078180 849.3
1078190 849.3
1078200 852.4
1078210 854.5
1078220 854.5
1078230 859.7
1078240 866.2
1078250 866.2
1078260 872.2
1078270 879.8
1078280 879.8
1078290 883.7
1078300 888.3
1078310 888.3
1078320 895.1
1078330 900.1
1078340 907.0
1078350 907.0
1078360 911.0
1078370 913.6
1078380 913.6
1078390 914.2
1078400 918.6
1078410 918.6
1078420 923.9
1078430 927.4
1078440 927.4
1078450 934.7
1078460 944.2
1078470 944.2
1078480 950.5
1078490 967.4
1078500 967.4
1078510 971.8
1078520 978.7
1078530 978.7
1078540 987.9
1078550 993.4
1078560 993.4
1078570 999.0
1078580 1002.7
1078590 1002.7
1078600 1003.5
1078610 1013.7
1078620 1020.9
1078630 1020.9
1078640 1026.7
1078650 1030.2
1078660 1030.2
1078670 1031.6
1078680 1031.9
1078690 1031.9
1078700 1033.7
1078710 1039.6
1078720 1039.6
1078730 1042.5
1078740 1045.3
1078750 1045.3
1078760 1045.0
1078770 1044.4
1078780 1044.4
1078790 1045.3
1078800 1048.6
1078810 1064.1
1078820 1066.9
1078830 1074.2
1078840 1074.2
1078850 1081.6
1078860 1086.0
1078870 1086.0
1078880 1088.5
1078890 1087.7
1078900 1087.7
1078910 1087.4
1078920 1087.8
1078930 1088.5
1078940 1088.5
1078950 1089.2
1078960 1090.6
1078970 1090.6
1078980 1090.8
1078990 1090.8
1079000 1090.8
1079010 1090.3
1079020 1088.9
1079030 1088.9
1079040 1088.1
1079050 1088.2
1079060 1088.2
1079070 1088.6
1079080 1089.3
1079090 1089.3
1079100 1089.7
1079110 1089.8
1079120 1091.8
1079130 1091.6
1079140 1091.3
1079150 1091.3
1079160 1090.6
1079170 1089.9
1079180 1089.9
1079190 1088.9
1079200 1087.3
1079210 1084.1
1079220 1084.1
1079230 1082.3
1079240 1083.5
1079250 1083.5
1079260 1084.3
1079270 1086.5
1079280 1086.5
1079290 1088.0
1079300 1090.2
1079310 1090.2
1079320 1094.2
1079330 1097.3
1079340 1097.3
1079350 1100.1
1079360 1104.4
1079370 1104.4
1079380 1109.3
1079390 1112.9
1079400 1112.9
1079410 1115.9
1079420 1118.4
1079430 1118.7
1079440 1120.3
1079450 1121.8
1079460 1121.8
1079470 1123.6
1079480 1124.2
1079490 1124.2
1079500 1125.1
1079510 1127.1
1079520 1129.0
1079530 1129.0
1079540 1131.4
1079550 1133.3
1079560 1133.3
1079570 1133.4
1079580 1134.2
1079590 1134.2
1079600 1136.3
1079610 1137.4
1079620 1137.4
1079630 1139.1
1079640 1141.5
1079650 1141.5
1079660 1142.9
1079670 1145.1
1079680 1145.1
1079690 1148.3
1079700 1150.7
1079710 1150.7
1079720 1152.8
1079730 1155.1
1079740 1155.1
1079750 1161.2
1079760 1165.9
1079770 1165.9
1079780 1169.6
1079790 1172.8
1079800 1175.1
1079810 1175.1
1079820 1176.9
1079830 1178.2
1079840 1178.2
1079850 1181.0
1079860 1184.8
1079870 1184.8
1079880 1188.5
1079890 1191.8
1079900 1191.8
1079910 1195.8
1079920 1201.9
1079930 1201.9
1079940 1205.5
1079950 1206.4
1079960 1206.4
1079970 1206.4
1079980 1208.2
1079990 1208.2
