1067500 418.7
1067510 418.9
1067520 418.9
1067530 419.3
1067540 419.7
1067550 419.7
1067560 420.1
1067570 419.0
1067580 419.0
1067590 418.7
1067600 419.0
1067610 420.5
1067620 420.5
1067630 423.4
1067640 422.8
1067650 422.8
1067660 421.0
1067670 420.9
1067680 420.9
1067690 420.9
1067700 420.8
1067710 420.8
1067720 420.8
1067730 420.7
1067740 420.7
1067750 420.7
1067760 420.7
1067770 420.7
1067780 420.7
1067790 420.6
1067800 420.6
1067810 420.6
1067820 420.7
1067830 420.7
1067840 420.8
1067850 419.9
1067860 419.9
1067870 417.0
1067880 415.2
1067890 415.2
1067900 415.2
1067910 415.2
1067920 415.2
1067930 415.2
1067940 415.2
1067950 415.2
1067960 415.2
1067970 415.2
1067980 416.9
1067990 416.9
1068000 420.2
1068010 421.1
1068020 421.1
1068030 420.9
1068040 421.0
1068050 421.0
1068060 421.1
1068070 421.2
1068080 421.2
1068090 422.7
1068100 423.9
1068110 423.9
1068120 420.9
1068130 419.7
1068140 419.7
1068150 419.7
1068160 419.5
1068170 419.5
1068180 419.3
1068190 419.1
1068200 419.0
1068210 419.0
1068220 419.0
1068230 418.8
1068240 418.8
1068250 418.5
1068260 418.9
1068270 418.9
1068280 418.4
1068290 418.2
1068300 418.2
1068310 418.1
1068320 418.1
1068330 418.1
1068340 418.1
1068350 418.1
1068360 418.1
1068370 417.8
1068380 417.6
1068390 417.6
1068400 417.5
1068410 417.4
1068420 417.4
1068430 417.5
1068440 417.6
1068450 417.6
1068460 418.2
1068470 418.2
1068480 418.2
1068490 418.1
1068500 417.8
1068510 417.7
1068520 417.7
1068530 417.5
1068540 417.3
1068550 417.3
1068560 416.7
1068570 417.5
1068580 417.5
1068590 417.4
1068600 417.6
1068610 417.6
1068620 417.7
1068630 417.7
1068640 418.1
1068650 418.1
1068660 418.3
1068670 418.3
1068680 418.2
1068690 418.0
1068700 418.0
1068710 418.0
1068720 418.2
1068730 418.2
1068740 418.2
1068750 418.3
1068760 418.3
1068770 418.4
1068780 418.4
1068790 418.3
1068800 418.3
1068810 418.1
1068820 418.1
1068830 418.1
1068840 418.2
1068850 418.2
1068860 418.2
1068870 418.3
1068880 418.9
1068890 418.9
1068900 418.1
1068910 418.0
1068920 418.0
1068930 418.0
1068940 417.9
1068950 417.9
1068960 417.8
1068970 417.8
1068980 417.8
1068990 417.9
1069000 418.0
1069010 418.0
1069020 417.9
1069030 417.6
1069040 417.6
1069050 417.8
1069060 418.0
1069070 418.0
1069080 418.0
1069090 418.3
1069100 418.4
1069110 418.4
1069120 418.3
1069130 418.5
1069140 418.5
1069150 418.5
1069160 418.6
1069170 418.6
1069180 418.5
1069190 418.3
1069200 418.3
1069210 418.2
1069220 418.2
1069230 418.2
1069240 418.2
1069250 418.2
1069260 418.2
1069270 418.2
1069280 418.2
1069290 418.2
1069300 418.1
1069310 418.1
1069320 418.1
1069330 418.2
1069340 418.0
1069350 418.0
1069360 418.0
1069370 418.1
1069380 418.0
1069390 418.0
1069400 418.0
1069410 418.0
1069420 418.0
1069430 418.0
1069440 417.9
1069450 417.9
1069460 418.2
1069470 418.2
1069480 418.2
1069490 418.0
1069500 418.0
1069510 418.0
1069520 418.2
1069530 418.3
1069540 418.3
1069550 418.4
1069560 417.8
1069570 417.8
1069580 417.6
1069590 417.6
1069600 417.6
1069610 417.6
1069620 417.6
1069630 417.6
1069640 417.7
1069650 418.1
1069660 418.1
1069670 418.4
1069680 418.5
1069690 418.4
1069700 418.4
1069710 418.0
1069720 417.4
1069730 417.4
1069740 417.4
1069750 417.4
1069760 417.4
1069770 417.1
1069780 417.0
1069790 417.0
1069800 417.0
1069810 417.0
1069820 417.0
1069830 416.9
1069840 417.0
1069850 417.0
1069860 417.0
1069870 416.9
1069880 416.9
1069890 417.1
1069900 417.2
1069910 417.2
1069920 416.9
1069930 416.9
1069940 416.9
1069950 417.1
1069960 417.1
1069970 417.2
1069980 417.2
1069990 417.2
1070000 417.3
1070010 417.3
1070020 417.9
1070030 417.9
1070040 417.9
1070050 417.8
1070060 417.8
1070070 417.8
1070080 417.9
1070090 417.9
1070100 417.9
1070110 417.9
1070120 417.7
1070130 417.7
1070140 417.8
1070150 417.8
1070160 417.8
1070170 417.7
1070180 417.9
1070190 417.9
1070200 417.8
1070210 417.7
1070220 417.7
1070230 417.7
1070240 417.7
1070250 417.6
1070260 417.6
1070270 417.5
1070280 417.6
1070290 417.6
1070300 417.9
1070310 418.3
1070320 418.3
1070330 418.7
1070340 418.4
1070350 418.4
1070360 418.1
1070370 417.8
1070380 417.8
1070390 418.1
1070400 418.1
1070410 418.1
1070420 419.7
1070430 422.3
1070440 422.3
1070450 425.1
1070460 428.1
1070470 428.1
1070480 427.3
1070490 428.5
1070500 428.5
1070510 431.5
1070520 433.1
1070530 433.1
1070540 433.0
1070550 428.6
1070560 422.1
1070570 422.1
1070580 420.7
1070590 420.7
1070600 420.7
1070610 421.2
1070620 421.9
1070630 421.9
1070640 422.5
1070650 423.3
1070660 423.3
1070670 423.5
1070680 423.9
1070690 423.9
1070700 424.9
1070710 426.2
1070720 426.2
1070730 427.3
1070740 429.0
1070750 429.0
1070760 431.7
1070770 435.1
1070780 435.1
1070790 434.1
1070800 433.3
1070810 433.3
1070820 432.5
1070830 432.1
1070840 432.5
1070850 432.5
1070860 433.3
1070870 434.0
1070880 434.0
1070890 435.4
1070900 436.1
1070910 436.1
1070920 436.1
1070930 436.4
1070940 436.4
1070950 435.6
1070960 433.9
1070970 433.9
1070980 431.1
1070990 427.8
1071000 427.8
1071010 425.2
1071020 423.5
1071030 423.5
1071040 422.6
1071050 421.8
1071060 421.8
1071070 421.3
1071080 421.0
1071090 421.0
1071100 420.5
1071110 420.5
1071120 420.5
1071130 420.4
1071140 420.5
1071150 420.5
1071160 420.5
1071170 420.4
1071180 420.4
1071190 420.4
1071200 420.4
1071210 420.4
1071220 420.4
1071230 420.5
1071240 420.4
1071250 420.4
1071260 420.4
1071270 420.3
1071280 420.3
1071290 420.3
1071300 420.2
1071310 420.2
1071320 420.2
1071330 420.2
1071340 420.2
1071350 420.1
1071360 420.2
1071370 420.2
1071380 420.2
1071390 420.3
1071400 420.3
1071410 420.3
1071420 420.3
1071430 420.2
1071440 420.2
1071450 420.3
1071460 420.2
1071470 420.2
1071480 420.2
1071490 420.3
1071500 420.3
1071510 420.4
1071520 420.3
1071530 420.3
1071540 420.2
1071550 420.3
1071560 420.3
1071570 420.4
1071580 420.5
1071590 420.5
1071600 420.5
1071610 420.5
1071620 420.5
1071630 420.5
1071640 420.5
1071650 420.5
1071660 420.5
1071670 420.6
1071680 420.6
1071690 420.7
1071700 420.7
1071710 420.7
1071720 420.7
1071730 420.8
1071740 421.2
1071750 421.2
1071760 423.0
1071770 423.1
1071780 423.1
1071790 423.0
1071800 423.9
1071810 423.9
1071820 426.0
1071830 425.0
1071840 425.0
1071850 422.3
1071860 421.7
1071870 421.7
1071880 421.6
1071890 421.6
1071900 421.6
1071910 421.6
1071920 421.7
1071930 421.7
1071940 421.7
1071950 421.8
1071960 421.8
1071970 421.8
1071980 421.9
1071990 421.9
1072000 422.0
1072010 422.6
1072020 422.5
1072030 422.5
1072040 424.1
1072050 425.7
1072060 425.7
1072070 425.7
1072080 425.6
1072090 425.6
1072100 425.3
1072110 425.3
1072120 425.3
1072130 423.8
1072140 422.9
1072150 422.9
1072160 422.9
1072170 423.0
1072180 423.0
1072190 423.0
1072200 422.9
1072210 422.9
1072220 423.1
1072230 423.1
1072240 423.1
1072250 423.1
1072260 423.2
1072270 423.2
1072280 423.3
1072290 423.5
1072300 423.5
1072310 423.6
1072320 423.7
1072330 423.7
1072340 423.7
1072350 423.7
1072360 423.8
1072370 423.8
1072380 423.8
1072390 424.0
1072400 424.0
1072410 424.1
1072420 424.2
1072430 424.2
1072440 424.2
1072450 424.4
1072460 424.4
1072470 424.4
1072480 424.5
1072490 424.5
1072500 424.6
1072510 424.6
1072520 424.6
1072530 424.4
1072540 424.6
1072550 424.6
1072560 424.9
1072570 424.8
1072580 424.8
1072590 424.8
1072600 424.7
1072610 424.7
1072620 424.7
1072630 424.9
1072640 425.4
1072650 425.4
1072660 425.8
1072670 425.8
1072680 425.8
1072690 426.1
1072700 426.3
1072710 426.3
1072720 426.3
1072730 426.4
1072740 426.4
1072750 426.5
1072760 426.8
1072770 426.8
1072780 427.0
1072790 427.2
1072800 427.2
1072810 427.3
1072820 427.6
1072830 427.6
1072840 427.9
1072850 428.2
1072860 428.2
1072870 429.0
1072880 429.3
1072890 429.3
1072900 429.6
1072910 430.1
1072920 430.2
1072930 430.2
1072940 430.4
1072950 430.5
1072960 430.5
1072970 430.6
1072980 430.8
1072990 430.8
1073000 431.1
1073010 431.2
1073020 431.2
1073030 431.5
1073040 431.5
1073050 431.5
1073060 431.8
1073070 432.5
1073080 432.5
1073090 432.6
1073100 432.4
1073110 432.4
1073120 432.1
1073130 432.2
1073140 432.2
1073150 432.4
1073160 432.6
1073170 432.6
1073180 432.9
1073190 433.3
1073200 433.5
1073210 433.5
1073220 433.6
1073230 433.7
1073240 433.7
1073250 433.7
1073260 433.4
1073270 433.4
1073280 433.8
1073290 433.9
1073300 433.9
1073310 434.0
1073320 434.0
1073330 434.0
1073340 433.9
1073350 433.9
1073360 433.9
1073370 434.1
1073380 434.0
1073390 434.0
1073400 433.9
1073410 433.6
1073420 433.6
1073430 433.4
1073440 433.4
1073450 433.4
1073460 433.5
1073470 433.7
1073480 433.7
1073490 434.0
1073500 434.9
1073510 436.0
1073520 436.0
1073530 436.5
1073540 436.7
1073550 436.7
1073560 437.2
1073570 437.9
1073580 437.9
1073590 439.7
1073600 443.7
1073610 443.7
1073620 449.1
1073630 454.1
1073640 454.1
1073650 458.5
1073660 463.1
1073670 463.1
1073680 468.4
1073690 473.4
1073700 473.4
1073710 478.2
1073720 483.1
1073730 483.1
1073740 486.8
1073750 485.4
1073760 485.4
1073770 481.6
1073780 477.3
1073790 471.6
1073800 471.6
1073810 465.0
1073820 463.0
1073830 463.0
1073840 462.1
1073850 461.1
1073860 461.1
1073870 460.1
1073880 465.1
1073890 465.1
1073900 470.4
1073910 475.6
1073920 475.6
1073930 480.5
1073940 485.5
1073950 485.5
1073960 490.5
1073970 495.8
1073980 495.8
1073990 501.4
1074000 507.6
1074010 507.6
1074020 513.6
1074030 519.9
1074040 519.9
1074050 525.7
1074060 531.3
1074070 537.0
1074080 537.0
1074090 542.4
1074100 548.6
1074110 548.6
1074120 553.8
1074130 559.3
1074140 559.3
1074150 564.9
1074160 569.6
1074170 569.6
1074180 573.6
1074190 587.8
1074200 587.8
1074210 596.2
1074220 605.1
1074230 605.1
1074240 611.5
1074250 624.1
1074260 624.1
1074270 638.6
1074280 648.3
1074290 648.3
1074300 655.6
1074310 665.4
1074320 665.4
1074330 674.2
1074340 679.7
1074350 679.7
1074360 688.2
1074370 696.1
1074380 703.6
1074390 703.6
1074400 709.9
1074410 714.1
1074420 714.1
1074430 716.7
1074440 718.6
1074450 718.6
1074460 719.8
1074470 721.0
1074480 721.0
1074490 721.0
1074500 722.0
1074510 722.0
1074520 722.8
1074530 723.9
1074540 723.9
1074550 725.1
1074560 727.8
1074570 727.8
1074580 726.4
1074590 726.1
1074600 726.1
1074610 725.3
1074620 724.9
1074630 724.9
1074640 723.7
1074650 723.5
1074660 725.2
1074670 725.2
1074680 724.1
1074690 723.6
1074700 723.6
1074710 722.0
1074720 720.5
1074730 720.5
1074740 719.2
1074750 717.0
1074760 717.0
1074770 713.9
1074780 710.9
1074790 710.9
1074800 707.9
1074810 704.5
1074820 697.7
1074830 691.7
1074840 683.5
1074850 683.5
1074860 676.1
1074870 671.1
1074880 671.1
1074890 668.3
1074900 665.9
1074910 665.9
1074920 663.7
1074930 661.5
1074940 661.5
1074950 658.5
1074960 655.4
1074970 651.9
1074980 651.9
1074990 648.3
1075000 645.6
1075010 645.6
1075020 642.3
1075030 637.4
1075040 637.4
1075050 633.1
1075060 629.6
1075070 629.6
1075080 626.1
1075090 621.7
1075100 621.7
1075110 616.8
1075120 611.0
1075130 606.0
1075140 599.9
1075150 592.8
1075160 592.8
1075170 587.8
1075180 579.7
1075190 579.7
1075200 569.7
1075210 564.8
1075220 564.8
1075230 561.7
1075240 549.1
1075250 527.7
1075260 527.7
1075270 517.3
1075280 532.8
1075290 532.8
1075300 569.2
1075310 583.1
1075320 583.1
1075330 584.0
1075340 590.9
1075350 590.9
1075360 595.1
1075370 596.1
1075380 596.1
1075390 595.1
1075400 594.2
1075410 594.2
1075420 592.2
1075430 590.6
1075440 584.6
1075450 584.4
1075460 584.0
1075470 584.0
1075480 583.7
1075490 583.6
1075500 583.6
1075510 583.3
1075520 583.3
1075530 583.3
1075540 583.3
1075550 583.1
1075560 582.7
1075570 582.7
1075580 581.6
1075590 580.1
1075600 580.1
1075610 580.1
1075620 580.8
1075630 580.8
1075640 580.0
1075650 579.4
1075660 579.4
1075670 578.9
1075680 577.0
1075690 577.0
1075700 573.8
1075710 569.5
1075720 569.5
1075730 564.8
1075740 559.0
1075750 560.7
1075760 567.2
1075770 573.9
1075780 573.9
1075790 578.7
1075800 582.6
1075810 582.6
1075820 590.6
1075830 603.6
1075840 623.3
1075850 623.3
1075860 632.3
1075870 634.2
1075880 634.2
1075890 629.0
1075900 617.9
1075910 617.9
1075920 607.1
1075930 604.7
1075940 604.7
1075950 607.0
1075960 612.9
1075970 612.9
1075980 618.9
1075990 624.5
1076000 624.5
1076010 639.1
1076020 660.0
1076030 660.0
1076040 677.0
1076050 681.0
1076060 686.5
1076070 687.6
1076080 688.0
1076090 688.0
1076100 687.7
1076110 687.7
1076120 687.7
1076130 687.8
1076140 686.2
1076150 681.7
1076160 681.7
1076170 679.5
1076180 682.9
1076190 682.9
1076200 688.2
1076210 689.4
1076220 689.4
1076230 690.2
1076240 690.4
1076250 690.4
1076260 690.2
1076270 690.2
1076280 690.2
1076290 690.2
1076300 689.8
1076310 689.8
1076320 688.2
1076330 684.6
1076340 684.6
1076350 680.1
1076360 675.7
1076370 688.4
1076380 687.3
1076390 683.3
1076400 683.3
1076410 683.1
1076420 693.2
1076430 701.3
1076440 701.3
1076450 705.3
1076460 710.0
1076470 710.0
1076480 714.8
1076490 716.1
1076500 716.1
1076510 716.8
1076520 716.8
1076530 716.8
1076540 715.9
1076550 714.3
1076560 714.3
1076570 711.6
1076580 710.3
1076590 710.3
1076600 712.0
1076610 715.2
1076620 715.2
1076630 719.1
1076640 722.0
1076650 722.0
1076660 724.2
1076670 726.2
1076680 726.2
1076690 730.9
1076700 732.7
1076710 734.4
1076720 734.4
1076730 736.9
1076740 739.7
1076750 739.7
1076760 742.6
1076770 745.8
1076780 745.8
1076790 749.3
1076800 752.5
1076810 752.5
1076820 754.9
1076830 757.5
1076840 757.5
1076850 760.3
1076860 763.8
1076870 763.8
1076880 767.1
1076890 771.2
1076900 771.2
1076910 775.0
1076920 778.2
1076930 778.2
1076940 781.8
1076950 786.1
1076960 786.1
1076970 790.1
1076980 793.7
1076990 793.7
1077000 803.1
1077010 806.7
1077020 810.2
1077030 810.2
1077040 813.9
1077050 817.7
1077060 817.7
1077070 819.6
1077080 823.0
1077090 823.0
1077100 828.4
1077110 831.8
1077120 831.8
1077130 833.3
1077140 834.6
1077150 834.6
1077160 837.7
1077170 842.0
1077180 842.0
1077190 846.1
1077200 849.9
1077210 849.9
1077220 853.3
1077230 856.3
1077240 856.3
1077250 859.0
1077260 862.9
1077270 862.9
1077280 866.9
1077290 871.3
1077300 875.1
1077310 886.4
1077320 889.2
1077330 893.0
1077340 893.0
1077350 896.9
1077360 901.8
1077370 901.8
1077380 905.2
1077390 908.7
1077400 908.7
1077410 911.5
1077420 913.0
1077430 913.0
1077440 916.0
1077450 918.8
1077460 918.8
1077470 920.8
1077480 922.7
1077490 922.7
1077500 924.0
1077510 927.3
1077520 927.3
1077530 932.8
1077540 939.4
1077550 939.4
1077560 944.3
1077570 950.2
1077580 950.2
1077590 956.9
1077600 967.0
1077610 978.7
1077620 988.6
1077630 995.4
1077640 998.9
1077650 998.9
1077660 1001.8
1077670 1006.9
1077680 1006.9
1077690 1022.8
1077700 1031.6
1077710 1031.6
1077720 1034.2
1077730 1035.1
1077740 1035.1
1077750 1036.1
1077760 1038.1
1077770 1038.1
1077780 1040.0
1077790 1041.5
1077800 1041.5
1077810 1041.3
1077820 1043.1
1077830 1043.1
1077840 1047.0
1077850 1051.2
1077860 1051.2
1077870 1054.0
1077880 1055.1
1077890 1056.7
1077900 1056.7
1077910 1058.8
1077920 1061.7
1077930 1061.7
1077940 1063.6
1077950 1064.2
1077960 1064.2
1077970 1062.8
1077980 1062.2
1077990 1062.2
1078000 1063.4
1078010 1064.5
1078020 1064.5
1078030 1064.8
1078040 1066.3
1078050 1066.3
1078060 1068.6
1078070 1069.9
1078080 1069.9
1078090 1071.5
1078100 1072.3
1078110 1072.3
1078120 1072.4
1078130 1073.1
1078140 1073.1
1078150 1073.6
1078160 1073.4
1078170 1073.4
1078180 1075.2
1078190 1077.7
1078200 1080.3
1078210 1080.3
1078220 1082.9
1078230 1084.7
1078240 1084.7
1078250 1085.0
1078260 1085.5
1078270 1085.5
1078280 1085.2
1078290 1084.5
1078300 1084.5
1078310 1085.1
1078320 1085.3
1078330 1085.3
1078340 1084.5
1078350 1083.3
1078360 1083.3
1078370 1081.7
1078380 1079.4
1078390 1079.4
1078400 1077.4
1078410 1076.1
1078420 1076.1
1078430 1074.3
1078440 1073.7
1078450 1073.7
1078460 1071.7
1078470 1070.7
1078480 1071.9
1078490 1071.9
1078500 1071.9
1078510 1069.7
1078520 1069.7
1078530 1067.8
1078540 1067.7
1078550 1067.7
1078560 1067.7
1078570 1065.2
1078580 1065.2
1078590 1066.6
1078600 1066.5
1078610 1066.5
1078620 1067.4
1078630 1071.2
1078640 1071.2
1078650 1074.2
1078660 1078.3
1078670 1078.3
1078680 1081.0
1078690 1084.4
1078700 1084.4
1078710 1089.1
1078720 1092.5
1078730 1092.5
1078740 1094.3
1078750 1095.3
1078760 1095.8
1078770 1095.8
1078780 1096.9
1078790 1098.4
1078800 1098.4
1078810 1099.2
1078820 1100.6
1078830 1100.6
1078840 1102.2
1078850 1103.2
1078860 1103.2
1078870 1104.4
1078880 1107.9
1078890 1107.9
1078900 1104.8
1078910 1098.2
1078920 1098.2
1078930 1106.7
1078940 1110.2
1078950 1110.2
1078960 1111.5
1078970 1112.9
1078980 1112.9
1078990 1114.8
1079000 1117.0
1079010 1117.0
1079020 1119.4
1079030 1121.8
1079040 1121.8
1079050 1124.0
1079060 1126.8
1079070 1130.3
1079080 1130.3
1079090 1135.1
1079100 1136.6
1079110 1136.6
1079120 1138.8
1079130 1140.3
1079140 1140.3
1079150 1141.4
1079160 1141.7
1079170 1141.7
1079180 1138.9
1079190 1143.7
1079200 1143.7
1079210 1152.6
1079220 1160.5
1079230 1160.5
1079240 1167.2
1079250 1173.0
1079260 1173.0
1079270 1177.7
1079280 1181.3
1079290 1181.3
1079300 1184.0
1079310 1184.7
1079320 1184.7
1079330 1184.7
1079340 1186.8
1079350 1189.3
1079360 1189.3
1079370 1191.0
1079380 1193.0
1079390 1193.0
1079400 1196.6
1079410 1199.7
1079420 1199.7
1079430 1201.4
1079440 1201.8
1079450 1201.8
1079460 1203.8
1079470 1205.9
1079480 1205.9
1079490 1207.4
1079500 1208.1
1079510 1210.2
1079520 1213.0
1079530 1215.4
1079540 1215.4
1079550 1216.9
1079560 1218.8
1079570 1218.8
1079580 1222.6
1079590 1225.8
1079600 1225.8
1079610 1228.2
1079620 1231.3
1079630 1231.3
1079640 1233.3
1079650 1234.9
1079660 1237.3
1079670 1237.3
1079680 1240.2
1079690 1242.7
1079700 1242.7
1079710 1243.7
1079720 1247.4
1079730 1247.4
1079740 1249.2
1079750 1250.9
1079760 1250.9
1079770 1252.8
1079780 1253.2
1079790 1253.2
1079800 1253.7
1079810 1255.4
1079820 1260.0
1079830 1259.3
1079840 1257.2
1079850 1257.2
1079860 1258.2
1079870 1262.0
1079880 1262.0
1079890 1263.1
1079900 1264.5
1079910 1264.5
1079920 1266.2
1079930 1267.6
1079940 1269.3
1079950 1269.3
1079960 1270.8
1079970 1272.7
1079980 1272.7
1079990 1275.1
