1067670 418.0
1067680 418.0
1067690 418.8
1067700 418.8
1067710 418.8
1067720 418.8
1067730 419.7
1067740 419.7
1067750 422.4
1067760 423.7
1067770 424.4
1067780 424.4
1067790 424.2
1067800 423.5
1067810 423.5
1067820 423.3
1067830 422.8
1067840 422.8
1067850 421.0
1067860 420.2
1067870 420.2
1067880 420.1
1067890 420.1
1067900 420.1
1067910 420.0
1067920 420.0
1067930 420.0
1067940 420.0
1067950 420.0
1067960 420.0
1067970 420.0
1067980 420.0
1067990 420.0
1068000 420.4
1068010 419.6
1068020 419.6
1068030 418.3
1068040 415.3
1068050 415.3
1068060 414.6
1068070 414.6
1068080 414.6
1068090 414.6
1068100 414.6
1068110 414.6
1068120 414.6
1068130 414.6
1068140 414.7
1068150 414.7
1068160 417.3
1068170 419.7
1068180 419.7
1068190 420.6
1068200 420.6
1068210 420.6
1068220 420.7
1068230 420.7
1068240 420.7
1068250 420.8
1068260 421.8
1068270 421.8
1068280 423.5
1068290 421.7
1068300 421.7
1068310 420.0
1068320 419.1
1068330 419.1
1068340 417.3
1068350 417.9
1068360 418.7
1068370 418.7
1068380 419.2
1068390 420.8
1068400 420.8
1068410 425.9
1068420 429.9
1068430 429.9
1068440 432.8
1068450 435.4
1068460 435.4
1068470 436.2
1068480 438.2
1068490 438.2
1068500 439.8
1068510 441.5
1068520 441.1
1068530 441.9
1068540 442.1
1068550 442.1
1068560 442.2
1068570 442.0
1068580 442.0
1068590 442.1
1068600 441.8
1068610 441.8
1068620 441.2
1068630 440.5
1068640 440.5
1068650 439.7
1068660 439.4
1068670 439.7
1068680 439.7
1068690 439.6
1068700 437.8
1068710 437.8
1068720 435.6
1068730 434.1
1068740 434.1
1068750 432.2
1068760 429.5
1068770 429.5
1068780 428.6
1068790 427.1
1068800 427.1
1068810 424.8
1068820 424.4
1068830 420.8
1068840 420.6
1068850 420.6
1068860 420.6
1068870 421.2
1068880 420.8
1068890 420.8
1068900 422.0
1068910 428.1
1068920 428.1
1068930 438.4
1068940 438.7
1068950 439.0
1068960 439.0
1068970 439.2
1068980 439.8
1068990 439.8
1069000 440.7
1069010 440.3
1069020 440.3
1069030 439.3
1069040 439.3
1069050 439.3
1069060 439.9
1069070 441.5
1069080 441.5
1069090 442.7
1069100 442.1
1069110 442.1
1069120 442.3
1069130 441.1
1069140 441.1
1069150 441.1
1069160 441.4
1069170 441.4
1069180 441.2
1069190 439.1
1069200 439.1
1069210 437.4
1069220 436.4
1069230 436.4
1069240 435.5
1069250 438.2
1069260 443.8
1069270 443.8
1069280 447.0
1069290 449.5
1069300 449.5
1069310 453.4
1069320 456.3
1069330 456.3
1069340 458.9
1069350 461.6
1069360 461.6
1069370 463.3
1069380 464.8
1069390 464.8
1069400 466.6
1069410 468.3
1069420 468.3
1069430 470.3
1069440 471.4
1069450 471.4
1069460 473.8
1069470 476.4
1069480 476.4
1069490 478.9
1069500 480.7
1069510 480.7
1069520 482.4
1069530 484.3
1069540 487.0
1069550 487.0
1069560 490.1
1069570 492.2
1069580 492.2
1069590 494.7
1069600 497.8
1069610 497.8
1069620 500.1
1069630 501.7
1069640 501.7
1069650 503.1
1069660 504.8
1069670 504.8
1069680 507.0
1069690 507.7
1069700 507.7
1069710 508.2
1069720 509.5
1069730 509.5
1069740 511.3
1069750 510.4
1069760 510.4
1069770 510.9
1069780 511.1
1069790 511.1
1069800 511.3
1069810 511.7
1069820 511.7
1069830 511.9
1069840 512.4
1069850 513.0
1069860 513.0
1069870 513.9
1069880 515.3
1069890 515.3
1069900 517.0
1069910 518.7
1069920 518.7
1069930 520.3
1069940 522.4
1069950 522.4
1069960 524.2
1069970 526.2
1069980 526.2
1069990 530.0
1070000 532.3
1070010 532.3
1070020 534.0
1070030 537.5
1070040 537.5
1070050 539.4
1070060 538.8
1070070 538.8
1070080 540.6
1070090 543.3
1070100 543.3
1070110 546.8
1070120 549.5
1070130 552.0
1070140 552.0
1070150 554.7
1070160 558.0
1070170 558.0
1070180 561.0
1070190 563.8
1070200 563.8
1070210 566.7
1070220 569.5
1070230 569.5
1070240 572.2
1070250 573.9
1070260 573.9
1070270 575.6
1070280 577.8
1070290 577.8
1070300 580.2
1070310 582.7
1070320 582.7
1070330 585.2
1070340 587.1
1070350 587.1
1070360 584.5
1070370 586.0
1070380 586.0
1070390 587.7
1070400 589.4
1070410 589.4
1070420 591.1
1070430 593.1
1070440 593.8
1070450 593.8
1070460 594.3
1070470 594.5
1070480 594.5
1070490 595.0
1070500 595.2
1070510 595.2
1070520 594.4
1070530 588.8
1070540 588.8
1070550 586.5
1070560 586.6
1070570 586.6
1070580 586.6
1070590 586.0
1070600 586.0
1070610 585.6
1070620 583.0
1070630 583.0
1070640 579.7
1070650 577.7
1070660 577.7
1070670 571.2
1070680 571.4
1070690 571.4
1070700 572.5
1070710 573.7
1070720 573.7
1070730 573.7
1070740 573.5
1070750 574.4
1070760 574.4
1070770 575.5
1070780 573.3
1070790 573.3
1070800 569.6
1070810 565.6
1070820 565.6
1070830 562.1
1070840 558.0
1070850 558.0
1070860 554.5
1070870 552.5
1070880 552.5
1070890 553.2
1070900 551.1
1070910 551.1
1070920 545.6
1070930 537.9
1070940 537.9
1070950 527.6
1070960 520.7
1070970 520.7
1070980 511.9
1070990 505.4
1071000 505.4
1071010 500.1
1071020 494.9
1071030 488.9
1071040 488.9
1071050 482.6
1071060 477.4
1071070 477.4
1071080 473.1
1071090 468.3
1071100 468.3
1071110 464.0
1071120 462.9
1071130 462.9
1071140 469.8
1071150 477.1
1071160 477.1
1071170 482.5
1071180 486.0
1071190 486.0
1071200 486.3
1071210 483.7
1071220 483.7
1071230 482.4
1071240 482.0
1071250 482.0
1071260 481.8
1071270 482.0
1071280 482.0
1071290 482.9
1071300 483.9
1071310 484.4
1071320 484.4
1071330 484.6
1071340 484.9
1071350 484.9
1071360 484.8
1071370 484.6
1071380 484.6
1071390 482.6
1071400 481.7
1071410 481.7
1071420 486.2
1071430 489.2
1071440 489.2
1071450 490.3
1071460 491.8
1071470 491.8
1071480 492.8
1071490 493.5
1071500 493.5
1071510 493.8
1071520 492.9
1071530 492.9
1071540 491.8
1071550 490.9
1071560 490.9
1071570 489.8
1071580 488.6
1071590 488.6
1071600 484.6
1071610 480.7
1071620 479.2
1071630 479.2
1071640 479.8
1071650 479.9
1071660 479.9
1071670 479.9
1071680 479.7
1071690 479.7
1071700 477.3
1071710 473.6
1071720 473.6
1071730 471.8
1071740 471.9
1071750 471.9
1071760 472.5
1071770 472.3
1071780 472.3
1071790 464.9
1071800 443.1
1071810 443.1
1071820 427.7
1071830 427.6
1071840 427.6
1071850 427.6
1071860 427.2
1071870 427.2
1071880 426.4
1071890 427.2
1071900 434.6
1071910 443.5
1071920 447.1
1071930 447.3
1071940 447.3
1071950 441.0
1071960 432.8
1071970 432.8
1071980 426.3
1071990 422.8
1072000 422.8
1072010 423.6
1072020 423.6
1072030 423.6
1072040 423.7
1072050 423.0
1072060 423.0
1072070 422.7
1072080 422.6
1072090 422.6
1072100 422.5
1072110 422.7
1072120 422.7
1072130 423.2
1072140 422.8
1072150 422.8
1072160 422.8
1072170 422.8
1072180 422.8
1072190 423.0
1072200 423.1
1072210 423.3
1072220 423.3
1072230 423.3
1072240 423.4
1072250 423.4
1072260 423.5
1072270 423.5
1072280 423.5
1072290 423.6
1072300 423.6
1072310 423.6
1072320 423.5
1072330 423.8
1072340 423.8
1072350 424.0
1072360 424.0
1072370 424.0
1072380 425.1
1072390 424.3
1072400 424.3
1072410 424.3
1072420 424.4
1072430 424.4
1072440 424.5
1072450 424.6
1072460 424.6
1072470 425.8
1072480 426.3
1072490 426.3
1072500 426.3
1072510 425.5
1072520 424.8
1072530 424.8
1072540 424.8
1072550 424.9
1072560 424.9
1072570 425.1
1072580 424.7
1072590 424.7
1072600 424.6
1072610 425.6
1072620 425.6
1072630 425.7
1072640 425.6
1072650 425.6
1072660 425.7
1072670 425.9
1072680 425.9
1072690 426.0
1072700 426.2
1072710 426.2
1072720 426.4
1072730 426.5
1072740 426.5
1072750 426.7
1072760 426.8
1072770 426.8
1072780 427.3
1072790 427.6
1072800 428.1
1072810 428.1
1072820 428.3
1072830 428.5
1072840 428.5
1072850 428.7
1072860 429.2
1072870 429.2
1072880 429.9
1072890 430.0
1072900 430.0
1072910 429.9
1072920 430.1
1072930 430.1
1072940 430.1
1072950 430.3
1072960 430.3
1072970 430.8
1072980 431.3
1072990 431.3
1073000 431.7
1073010 431.7
1073020 431.7
1073030 431.9
1073040 432.2
1073050 432.2
1073060 432.4
1073070 432.7
1073080 432.7
1073090 433.1
1073100 433.4
1073110 433.8
1073120 433.8
1073130 434.2
1073140 434.4
1073150 434.4
1073160 434.7
1073170 434.9
1073180 434.9
1073190 435.2
1073200 435.5
1073210 435.5
1073220 435.6
1073230 435.8
1073240 435.8
1073250 436.2
1073260 436.6
1073270 436.6
1073280 436.8
1073290 437.4
1073300 437.4
1073310 437.9
1073320 438.1
1073330 438.1
1073340 438.2
1073350 438.6
1073360 438.6
1073370 438.7
1073380 439.3
1073390 439.5
1073400 439.5
1073410 439.8
1073420 440.2
1073430 440.2
1073440 440.3
1073450 440.6
1073460 440.6
1073470 440.9
1073480 441.2
1073490 441.2
1073500 441.5
1073510 442.0
1073520 442.0
1073530 442.6
1073540 442.6
1073550 442.6
1073560 442.8
1073570 443.3
1073580 443.3
1073590 443.8
1073600 444.3
1073610 444.3
1073620 444.6
1073630 445.0
1073640 445.0
1073650 445.3
1073660 445.5
1073670 446.5
1073680 446.5
1073690 447.5
1073700 447.9
1073710 447.9
1073720 448.0
1073730 448.2
1073740 448.2
1073750 448.3
1073760 448.5
1073770 448.5
1073780 448.6
1073790 448.8
1073800 448.8
1073810 448.8
1073820 449.4
1073830 449.4
1073840 450.2
1073850 450.4
1073860 450.4
1073870 450.4
1073880 450.4
1073890 450.4
1073900 450.5
1073910 450.4
1073920 450.4
1073930 450.5
1073940 453.5
1073950 453.5
1073960 455.8
1073970 455.7
1073980 455.3
1073990 455.3
1074000 454.6
1074010 454.6
1074020 454.6
1074030 454.9
1074040 455.4
1074050 455.4
1074060 455.5
1074070 456.5
1074080 456.5
1074090 456.6
1074100 457.1
1074110 457.1
1074120 457.8
1074130 457.5
1074140 457.5
1074150 457.3
1074160 457.4
1074170 457.4
1074180 457.5
1074190 457.5
1074200 457.5
1074210 457.7
1074220 457.9
1074230 457.9
1074240 458.4
1074250 461.7
1074260 469.5
1074270 469.5
1074280 475.7
1074290 476.6
1074300 476.6
1074310 477.9
1074320 479.8
1074330 479.8
1074340 480.4
1074350 481.0
1074360 481.0
1074370 481.6
1074380 481.2
1074390 481.2
1074400 480.6
1074410 481.0
1074420 481.0
1074430 481.3
1074440 481.1
1074450 481.1
1074460 482.4
1074470 485.1
1074480 485.1
1074490 486.2
1074500 486.7
1074510 486.7
1074520 487.3
1074530 489.5
1074540 489.5
1074550 490.7
1074560 491.9
1074570 492.5
1074580 492.5
1074590 492.1
1074600 491.4
1074610 491.4
1074620 491.3
1074630 491.8
1074640 491.8
1074650 492.3
1074660 492.5
1074670 492.5
1074680 493.2
1074690 493.3
1074700 493.3
1074710 494.2
1074720 494.1
1074730 494.1
1074740 494.9
1074750 495.8
1074760 495.8
1074770 496.5
1074780 497.4
1074790 497.4
1074800 497.5
1074810 497.4
1074820 497.4
1074830 497.0
1074840 497.3
1074850 497.3
1074860 497.3
1074870 497.4
1074880 497.5
1074890 497.5
1074900 498.3
1074910 498.6
1074920 498.6
1074930 498.8
1074940 499.5
1074950 499.5
1074960 499.9
1074970 500.3
1074980 500.3
1074990 500.6
1075000 501.5
1075010 498.2
1075020 497.3
1075030 496.7
1075040 496.7
1075050 496.0
1075060 493.7
1075070 493.7
1075080 492.4
1075090 492.2
1075100 492.2
1075110 491.7
1075120 491.7
1075130 491.7
1075140 492.3
1075150 493.4
1075160 494.2
1075170 494.2
1075180 497.4
1075190 502.9
1075200 502.9
1075210 509.3
1075220 512.7
1075230 512.7
1075240 513.0
1075250 512.4
1075260 512.4
1075270 509.6
1075280 506.2
1075290 506.2
1075300 504.0
1075310 503.7
1075320 502.3
1075330 506.2
1075340 509.4
1075350 509.4
1075360 510.9
1075370 512.7
1075380 512.7
1075390 514.5
1075400 516.3
1075410 516.3
1075420 517.9
1075430 519.6
1075440 522.4
1075450 522.4
1075460 526.2
1075470 529.5
1075480 529.5
1075490 533.3
1075500 537.3
1075510 537.3
1075520 539.9
1075530 542.3
1075540 542.3
1075550 544.6
1075560 546.0
1075570 546.0
1075580 547.9
1075590 551.1
1075600 551.1
1075610 555.2
1075620 559.7
1075630 567.3
1075640 571.5
1075650 575.2
1075660 575.2
1075670 578.6
1075680 582.0
1075690 582.0
1075700 588.0
1075710 590.3
1075720 590.3
1075730 590.5
1075740 593.9
1075750 602.7
1075760 602.7
1075770 608.7
1075780 614.9
1075790 614.9
1075800 618.0
1075810 619.8
1075820 619.8
1075830 621.3
1075840 625.7
1075850 625.7
1075860 630.0
1075870 628.3
1075880 628.3
1075890 625.3
1075900 625.0
1075910 625.0
1075920 626.2
1075930 632.9
1075940 640.4
1075950 645.6
1075960 650.1
1075970 650.1
1075980 653.6
1075990 656.4
1076000 656.4
1076010 658.5
1076020 660.8
1076030 662.3
1076040 662.3
1076050 662.8
1076060 664.9
1076070 664.9
1076080 667.0
1076090 668.1
1076100 668.1
1076110 669.8
1076120 670.7
1076130 670.7
1076140 673.0
1076150 679.6
1076160 679.6
1076170 687.2
1076180 691.9
1076190 691.9
1076200 695.1
1076210 699.6
1076220 699.6
1076230 702.2
1076240 705.0
1076250 714.8
1076260 718.1
1076270 722.7
1076280 722.7
1076290 726.8
1076300 731.3
1076310 731.3
1076320 735.6
1076330 740.0
1076340 745.3
1076350 745.3
1076360 753.4
1076370 765.3
1076380 765.3
1076390 774.7
1076400 780.7
1076410 780.7
1076420 784.9
1076430 789.1
1076440 789.1
1076450 790.3
1076460 792.0
1076470 792.0
1076480 792.8
1076490 794.1
1076500 794.1
1076510 794.0
1076520 795.3
1076530 795.3
1076540 797.4
1076550 799.9
1076560 807.7
1076570 811.0
1076580 815.2
1076590 815.2
1076600 819.7
1076610 830.4
1076620 840.5
1076630 840.5
1076640 849.2
1076650 855.6
1076660 855.6
1076670 861.2
1076680 866.2
1076690 866.2
1076700 871.8
1076710 874.1
1076720 874.1
1076730 872.9
1076740 869.9
1076750 869.9
1076760 868.6
1076770 867.9
1076780 867.9
1076790 867.8
1076800 866.7
1076810 866.7
1076820 864.7
1076830 862.9
1076840 862.9
1076850 861.7
1076860 862.4
1076870 862.4
1076880 862.0
1076890 863.9
1076900 863.9
1076910 862.7
1076920 858.0
1076930 858.8
1076940 858.8
1076950 861.8
1076960 864.0
1076970 864.0
1076980 866.2
1076990 865.5
1077000 865.5
1077010 863.3
1077020 862.0
1077030 862.0
1077040 860.7
1077050 859.7
1077060 859.7
1077070 858.4
1077080 856.9
1077090 856.9
1077100 856.0
1077110 854.5
1077120 854.5
1077130 852.1
1077140 849.3
1077150 849.3
1077160 847.3
1077170 846.2
1077180 846.2
1077190 837.6
1077200 838.5
1077210 839.6
1077220 839.6
1077230 839.9
1077240 838.4
1077250 838.4
1077260 837.1
1077270 836.5
1077280 836.5
1077290 836.4
1077300 836.8
1077310 836.8
1077320 837.9
1077330 838.9
1077340 838.9
1077350 837.4
1077360 837.0
1077370 837.0
1077380 840.8
1077390 844.6
1077400 844.6
1077410 843.0
1077420 839.6
1077430 839.6
1077440 836.8
1077450 835.4
1077460 835.4
1077470 835.9
1077480 837.2
1077490 837.2
1077500 839.6
1077510 845.0
1077520 851.5
1077530 851.5
1077540 856.9
1077550 859.3
1077560 859.3
1077570 859.6
1077580 860.2
1077590 860.2
1077600 862.9
1077610 863.3
1077620 863.3
1077630 866.3
1077640 870.1
1077650 870.1
1077660 872.9
1077670 871.0
1077680 871.0
1077690 866.9
1077700 863.3
1077710 863.3
1077720 860.2
1077730 857.4
1077740 857.4
1077750 855.5
1077760 856.1
1077770 856.1
1077780 860.2
1077790 861.9
1077800 861.6
1077810 861.6
1077820 852.3
1077830 846.8
1077840 846.8
1077850 838.7
1077860 832.1
1077870 832.1
1077880 831.8
1077890 829.7
1077900 829.7
1077910 825.8
1077920 824.6
1077930 824.6
1077940 821.5
1077950 818.8
1077960 818.8
1077970 815.5
1077980 814.7
1077990 814.7
1078000 814.7
1078010 814.7
1078020 814.7
1078030 812.9
1078040 813.3
1078050 813.3
1078060 812.3
1078070 810.9
1078080 810.9
1078090 807.1
1078100 803.8
1078110 800.0
1078120 800.0
1078130 795.9
1078140 797.7
1078150 797.7
1078160 801.1
1078170 804.6
1078180 804.6
1078190 808.1
1078200 809.0
1078210 809.0
1078220 810.7
1078230 813.3
1078240 813.3
1078250 815.9
1078260 819.4
1078270 819.4
1078280 822.5
1078290 824.0
1078300 824.0
1078310 826.3
1078320 828.4
1078330 828.4
1078340 831.7
1078350 835.1
1078360 835.1
1078370 839.0
1078380 843.6
1078390 847.2
1078400 847.2
1078410 849.7
1078420 851.1
1078430 851.1
1078440 853.8
1078450 856.4
1078460 856.4
1078470 858.7
1078480 860.9
1078490 860.9
1078500 863.2
1078510 865.7
1078520 865.7
1078530 867.4
1078540 868.8
1078550 868.8
1078560 870.9
1078570 874.2
1078580 874.2
1078590 877.6
1078600 883.8
1078610 883.8
1078620 886.5
1078630 891.3
1078640 891.3
1078650 896.0
1078660 901.4
1078670 901.4
1078680 905.3
1078690 909.1
1078700 912.9
1078710 912.9
1078720 915.9
1078730 916.5
1078740 916.5
1078750 917.8
1078760 927.4
1078770 927.4
1078780 928.7
1078790 932.3
1078800 932.3
1078810 938.2
1078820 943.1
1078830 943.1
1078840 944.9
1078850 953.7
1078860 953.7
1078870 962.9
1078880 970.0
1078890 970.0
1078900 977.3
1078910 985.7
1078920 985.7
1078930 992.9
1078940 998.8
1078950 998.8
1078960 1004.5
1078970 1011.5
1078980 1023.7
1078990 1023.7
1079000 1045.1
1079010 1054.2
1079020 1054.2
1079030 1057.2
1079040 1057.8
1079050 1057.8
1079060 1058.0
1079070 1067.1
1079080 1067.1
1079090 1066.0
1079100 1062.7
1079110 1062.7
1079120 1055.1
1079130 1049.9
1079140 1049.9
1079150 1045.2
1079160 1036.0
1079170 1036.0
1079180 1038.1
1079190 1044.4
1079200 1044.4
1079210 1048.8
1079220 1051.3
1079230 1051.3
1079240 1056.1
1079250 1063.5
1079260 1063.5
1079270 1072.5
1079280 1079.8
1079290 1084.2
1079300 1084.2
1079310 1086.3
1079320 1086.6
1079330 1086.6
1079340 1086.7
1079350 1088.1
1079360 1088.1
1079370 1089.6
1079380 1088.3
1079390 1088.3
1079400 1089.7
1079410 1093.3
1079420 1093.3
1079430 1097.0
1079440 1100.2
1079450 1100.2
1079460 1102.3
1079470 1103.4
1079480 1103.4
1079490 1105.6
1079500 1107.4
1079510 1107.4
1079520 1109.2
1079530 1110.4
1079540 1110.4
1079550 1112.1
1079560 1113.1
1079570 1114.7
1079580 1114.7
1079590 1116.6
1079600 1118.6
1079610 1118.6
1079620 1120.1
1079630 1121.4
1079640 1121.4
1079650 1122.4
1079660 1123.2
1079670 1123.2
1079680 1124.1
1079690 1125.4
1079700 1126.6
1079710 1127.7
1079720 1130.8
1079730 1130.8
1079740 1135.6
1079750 1140.2
1079760 1140.2
1079770 1144.2
1079780 1149.1
1079790 1149.1
1079800 1152.9
1079810 1155.9
1079820 1155.9
1079830 1157.4
1079840 1160.2
1079850 1163.5
1079860 1163.5
1079870 1166.7
1079880 1169.5
1079890 1169.5
1079900 1171.7
1079910 1175.0
1079920 1175.0
1079930 1177.6
1079940 1179.7
1079950 1179.7
1079960 1180.6
1079970 1181.8
1079980 1181.8
1079990 1184.6
