1067980 417.9
1067990 417.9
1068000 418.0
1068010 418.2
1068020 418.2
1068030 418.5
1068040 420.3
1068050 420.3
1068060 420.5
1068070 420.0
1068080 420.0
1068090 420.0
1068100 420.4
1068110 420.4
1068120 422.0
1068130 420.4
1068140 420.4
1068150 419.1
1068160 419.0
1068170 419.0
1068180 419.0
1068190 419.0
1068200 419.0
1068210 419.0
1068220 418.9
1068230 419.0
1068240 419.0
1068250 419.0
1068260 419.0
1068270 419.0
1068280 419.0
1068290 419.0
1068300 419.0
1068310 419.2
1068320 419.1
1068330 419.1
1068340 416.6
1068350 415.1
1068360 415.1
1068370 413.7
1068380 413.7
1068390 413.7
1068400 413.6
1068410 413.6
1068420 413.6
1068430 413.7
1068440 413.6
1068450 413.6
1068460 413.6
1068470 414.0
1068480 414.0
1068490 417.7
1068500 419.1
1068510 419.1
1068520 419.3
1068530 419.4
1068540 419.5
1068550 419.5
1068560 419.8
1068570 421.5
1068580 421.5
1068590 422.0
1068600 422.1
1068610 422.1
1068620 422.0
1068630 419.5
1068640 419.5
1068650 417.6
1068660 417.3
1068670 417.3
1068680 416.2
1068690 417.4
1068700 417.4
1068710 417.0
1068720 416.5
1068730 416.5
1068740 416.6
1068750 416.6
1068760 416.6
1068770 416.5
1068780 416.4
1068790 416.4
1068800 416.4
1068810 416.3
1068820 416.3
1068830 416.2
1068840 416.1
1068850 416.2
1068860 416.2
1068870 416.8
1068880 417.0
1068890 417.0
1068900 416.8
1068910 416.8
1068920 416.8
1068930 418.2
1068940 419.3
1068950 419.3
1068960 417.6
1068970 417.5
1068980 417.5
1068990 418.2
1069000 421.5
1069010 421.5
1069020 423.6
1069030 424.1
1069040 424.1
1069050 424.6
1069060 424.5
1069070 424.5
1069080 423.5
1069090 421.8
1069100 421.8
1069110 420.9
1069120 420.7
1069130 422.8
1069140 422.8
1069150 427.6
1069160 433.6
1069170 433.6
1069180 444.2
1069190 458.3
1069200 458.3
1069210 470.4
1069220 481.8
1069230 481.8
1069240 494.7
1069250 502.0
1069260 502.0
1069270 500.4
1069280 495.0
1069290 495.0
1069300 488.7
1069310 482.9
1069320 482.9
1069330 476.1
1069340 470.8
1069350 470.8
1069360 468.7
1069370 468.7
1069380 468.7
1069390 467.3
1069400 466.7
1069410 466.7
1069420 467.3
1069430 467.7
1069440 467.9
1069450 467.9
1069460 475.9
1069470 474.9
1069480 474.9
1069490 474.4
1069500 475.1
1069510 475.1
1069520 476.5
1069530 476.5
1069540 476.5
1069550 475.9
1069560 475.2
1069570 475.2
1069580 475.7
1069590 476.3
1069600 476.3
1069610 476.9
1069620 478.9
1069630 478.9
1069640 482.7
1069650 487.1
1069660 487.1
1069670 488.8
1069680 489.4
1069690 489.4
1069700 491.2
1069710 494.2
1069720 497.0
1069730 497.0
1069740 497.5
1069750 497.8
1069760 497.8
1069770 499.1
1069780 498.6
1069790 498.6
1069800 498.4
1069810 498.4
1069820 498.4
1069830 498.2
1069840 497.7
1069850 497.7
1069860 498.1
1069870 499.0
1069880 499.0
1069890 500.8
1069900 504.2
1069910 504.2
1069920 507.5
1069930 511.0
1069940 511.0
1069950 515.5
1069960 520.1
1069970 520.1
1069980 524.4
1069990 528.3
1070000 528.3
1070010 531.5
1070020 535.0
1070030 538.6
1070040 538.6
1070050 541.8
1070060 545.3
1070070 545.3
1070080 550.5
1070090 553.5
1070100 553.5
1070110 555.7
1070120 558.6
1070130 558.6
1070140 562.3
1070150 565.7
1070160 565.7
1070170 568.8
1070180 571.0
1070190 571.0
1070200 572.8
1070210 567.7
1070220 567.7
1070230 509.8
1070240 493.2
1070250 493.2
1070260 484.9
1070270 476.5
1070280 476.5
1070290 468.2
1070300 460.7
1070310 460.7
1070320 453.6
1070330 446.3
1070340 439.3
1070350 439.3
1070360 432.8
1070370 427.4
1070380 427.4
1070390 425.2
1070400 420.1
1070410 420.1
1070420 416.8
1070430 415.4
1070440 415.4
1070450 415.1
1070460 415.0
1070470 415.0
1070480 415.0
1070490 415.0
1070500 415.0
1070510 415.0
1070520 415.1
1070530 415.1
1070540 415.1
1070550 415.1
1070560 415.1
1070570 415.1
1070580 415.1
1070590 415.1
1070600 415.1
1070610 415.2
1070620 415.2
1070630 415.2
1070640 415.3
1070650 415.3
1070660 415.3
1070670 415.3
1070680 415.3
1070690 415.4
1070700 415.4
1070710 415.2
1070720 415.2
1070730 414.7
1070740 414.6
1070750 414.6
1070760 414.5
1070770 414.8
1070780 414.8
1070790 414.5
1070800 413.2
1070810 413.2
1070820 413.2
1070830 413.6
1070840 413.6
1070850 414.6
1070860 414.6
1070870 414.6
1070880 414.6
1070890 414.5
1070900 414.5
1070910 414.5
1070920 414.2
1070930 413.5
1070940 413.5
1070950 413.1
1070960 413.1
1070970 413.1
1070980 413.1
1070990 413.1
1071000 413.1
1071010 413.1
1071020 413.5
1071030 413.5
1071040 413.6
1071050 413.3
1071060 413.3
1071070 413.2
1071080 413.2
1071090 413.2
1071100 413.2
1071110 413.3
1071120 413.3
1071130 413.3
1071140 414.0
1071150 414.0
1071160 414.3
1071170 414.4
1071180 414.4
1071190 414.3
1071200 414.2
1071210 414.2
1071220 414.2
1071230 414.3
1071240 414.2
1071250 414.2
1071260 414.2
1071270 414.3
1071280 414.3
1071290 414.4
1071300 414.4
1071310 414.4
1071320 414.5
1071330 414.6
1071340 414.6
1071350 414.7
1071360 414.6
1071370 414.6
1071380 414.8
1071390 415.0
1071400 415.0
1071410 415.0
1071420 414.6
1071430 414.6
1071440 415.2
1071450 415.1
1071460 415.1
1071470 415.0
1071480 415.7
1071490 415.7
1071500 415.7
1071510 415.6
1071520 414.7
1071530 414.7
1071540 414.7
1071550 414.7
1071560 414.7
1071570 414.7
1071580 414.8
1071590 414.8
1071600 414.9
1071610 415.0
1071620 415.0
1071630 415.2
1071640 415.2
1071650 415.2
1071660 415.0
1071670 415.0
1071680 415.0
1071690 414.9
1071700 414.8
1071710 414.8
1071720 414.8
1071730 414.8
1071740 414.8
1071750 414.7
1071760 414.7
1071770 414.7
1071780 414.6
1071790 414.5
1071800 414.5
1071810 414.6
1071820 414.6
1071830 414.9
1071840 414.9
1071850 414.8
1071860 414.7
1071870 414.7
1071880 414.6
1071890 414.6
1071900 414.6
1071910 414.6
1071920 414.6
1071930 414.8
1071940 415.0
1071950 415.8
1071960 415.8
1071970 415.9
1071980 416.0
1071990 416.0
1072000 415.7
1072010 415.0
1072020 415.0
1072030 415.1
1072040 415.0
1072050 415.0
1072060 414.9
1072070 414.8
1072080 414.8
1072090 414.7
1072100 414.4
1072110 414.4
1072120 414.4
1072130 414.3
1072140 414.2
1072150 414.2
1072160 414.6
1072170 414.9
1072180 414.9
1072190 414.9
1072200 414.9
1072210 414.9
1072220 415.0
1072230 415.0
1072240 415.0
1072250 415.2
1072260 415.5
1072270 415.5
1072280 415.4
1072290 415.6
1072300 415.6
1072310 417.6
1072320 419.9
1072330 419.9
1072340 420.1
1072350 420.1
1072360 420.1
1072370 419.9
1072380 417.2
1072390 417.2
1072400 416.8
1072410 416.9
1072420 416.8
1072430 416.8
1072440 416.8
1072450 416.8
1072460 416.8
1072470 416.8
1072480 416.9
1072490 416.9
1072500 417.0
1072510 417.0
1072520 417.0
1072530 417.2
1072540 417.4
1072550 417.4
1072560 417.4
1072570 417.4
1072580 417.4
1072590 417.5
1072600 417.6
1072610 417.6
1072620 417.7
1072630 417.9
1072640 417.9
1072650 418.2
1072660 418.3
1072670 418.3
1072680 418.6
1072690 419.0
1072700 418.9
1072710 418.9
1072720 419.0
1072730 419.0
1072740 419.0
1072750 419.3
1072760 419.4
1072770 419.4
1072780 419.6
1072790 420.0
1072800 420.0
1072810 419.8
1072820 419.7
1072830 419.7
1072840 420.0
1072850 420.3
1072860 420.2
1072870 420.3
1072880 420.5
1072890 420.5
1072900 420.7
1072910 420.8
1072920 420.8
1072930 421.0
1072940 421.2
1072950 421.2
1072960 421.4
1072970 421.4
1072980 421.4
1072990 421.4
1073000 421.4
1073010 421.3
1073020 421.3
1073030 421.3
1073040 421.4
1073050 421.4
1073060 421.7
1073070 422.3
1073080 422.3
1073090 422.2
1073100 422.2
1073110 422.2
1073120 422.4
1073130 421.9
1073140 421.9
1073150 422.1
1073160 422.6
1073170 422.6
1073180 422.8
1073190 422.8
1073200 422.8
1073210 422.8
1073220 423.2
1073230 423.2
1073240 424.2
1073250 424.2
1073260 424.2
1073270 423.7
1073280 423.4
1073290 423.4
1073300 423.5
1073310 423.8
1073320 424.5
1073330 424.5
1073340 424.6
1073350 424.8
1073360 424.8
1073370 425.1
1073380 425.1
1073390 425.1
1073400 425.1
1073410 425.3
1073420 425.3
1073430 425.2
1073440 424.9
1073450 424.9
1073460 425.1
1073470 425.5
1073480 425.5
1073490 425.7
1073500 425.7
1073510 425.7
1073520 425.9
1073530 426.0
1073540 426.0
1073550 426.0
1073560 426.1
1073570 426.1
1073580 426.1
1073590 426.5
1073600 426.1
1073610 426.1
1073620 425.9
1073630 425.9
1073640 425.9
1073650 426.1
1073660 426.0
1073670 426.0
1073680 425.9
1073690 425.7
1073700 425.7
1073710 425.6
1073720 425.5
1073730 425.5
1073740 425.4
1073750 425.3
1073760 425.3
1073770 425.3
1073780 425.6
1073790 425.6
1073800 425.8
1073810 426.0
1073820 426.0
1073830 426.2
1073840 426.2
1073850 426.2
1073860 426.1
1073870 426.1
1073880 426.1
1073890 426.3
1073900 426.5
1073910 426.8
1073920 426.8
1073930 427.0
1073940 427.2
1073950 427.2
1073960 427.3
1073970 427.3
1073980 427.3
1073990 427.4
1074000 427.6
1074010 427.6
1074020 428.6
1074030 428.8
1074040 428.8
1074050 428.9
1074060 428.9
1074070 428.9
1074080 429.2
1074090 429.4
1074100 429.4
1074110 429.7
1074120 429.8
1074130 429.8
1074140 429.8
1074150 429.7
1074160 429.7
1074170 429.6
1074180 429.4
1074190 429.5
1074200 429.5
1074210 429.7
1074220 429.7
1074230 429.7
1074240 429.3
1074250 429.1
1074260 429.1
1074270 429.1
1074280 429.1
1074290 429.1
1074300 429.1
1074310 429.1
1074320 429.1
1074330 429.1
1074340 429.3
1074350 429.3
1074360 429.4
1074370 429.8
1074380 429.8
1074390 430.8
1074400 430.9
1074410 430.9
1074420 430.9
1074430 430.9
1074440 430.9
1074450 430.7
1074460 430.7
1074470 430.7
1074480 430.6
1074490 430.7
1074500 430.6
1074510 430.6
1074520 430.6
1074530 430.2
1074540 430.2
1074550 429.7
1074560 429.8
1074570 429.8
1074580 429.9
1074590 429.9
1074600 429.9
1074610 429.8
1074620 429.6
1074630 429.6
1074640 428.7
1074650 428.5
1074660 428.5
1074670 428.6
1074680 428.6
1074690 428.6
1074700 428.7
1074710 429.4
1074720 429.8
1074730 429.9
1074740 429.9
1074750 429.9
1074760 430.5
1074770 432.0
1074780 432.7
1074790 432.7
1074800 435.1
1074810 436.6
1074820 436.6
1074830 436.9
1074840 437.5
1074850 437.5
1074860 438.6
1074870 439.9
1074880 439.9
1074890 442.6
1074900 446.9
1074910 446.9
1074920 451.6
1074930 456.2
1074940 456.2
1074950 459.9
1074960 462.5
1074970 462.5
1074980 465.3
1074990 467.9
1075000 467.9
1075010 469.6
1075020 471.2
1075030 472.0
1075040 474.0
1075050 475.2
1075060 475.2
1075070 475.2
1075080 474.9
1075090 475.4
1075100 475.4
1075110 476.1
1075120 477.6
1075130 477.6
1075140 481.4
1075150 488.3
1075160 488.3
1075170 491.7
1075180 492.1
1075190 492.1
1075200 492.3
1075210 492.8
1075220 492.8
1075230 494.3
1075240 497.7
1075250 497.7
1075260 499.3
1075270 498.8
1075280 498.8
1075290 499.1
1075300 500.3
1075310 500.3
1075320 501.0
1075330 501.9
1075340 500.0
1075350 502.5
1075360 507.4
1075370 513.7
1075380 513.7
1075390 517.8
1075400 519.0
1075410 519.0
1075420 520.4
1075430 523.2
1075440 523.2
1075450 526.9
1075460 531.3
1075470 531.3
1075480 536.2
1075490 539.7
1075500 539.7
1075510 541.3
1075520 544.1
1075530 544.1
1075540 547.2
1075550 550.2
1075560 550.2
1075570 554.2
1075580 559.5
1075590 559.5
1075600 565.3
1075610 570.2
1075620 570.2
1075630 572.9
1075640 574.5
1075650 572.7
1075660 574.3
1075670 576.0
1075680 578.0
1075690 578.0
1075700 581.0
1075710 584.6
1075720 584.6
1075730 588.1
1075740 591.5
1075750 591.5
1075760 594.5
1075770 597.3
1075780 597.3
1075790 600.0
1075800 603.1
1075810 603.1
1075820 606.0
1075830 608.4
1075840 608.4
1075850 610.1
1075860 611.9
1075870 611.9
1075880 614.8
1075890 617.4
1075900 617.4
1075910 619.7
1075920 621.4
1075930 621.4
1075940 623.6
1075950 621.3
1075960 639.9
1075970 631.8
1075980 624.2
1075990 618.0
1076000 618.0
1076010 610.6
1076020 603.4
1076030 603.4
1076040 597.8
1076050 595.1
1076060 595.1
1076070 593.6
1076080 592.0
1076090 592.0
1076100 590.2
1076110 586.6
1076120 586.6
1076130 582.0
1076140 577.5
1076150 577.5
1076160 573.4
1076170 570.0
1076180 570.0
1076190 567.6
1076200 566.3
1076210 566.3
1076220 564.8
1076230 563.3
1076240 563.3
1076250 558.3
1076260 550.7
1076270 541.5
1076280 541.5
1076290 541.4
1076300 546.3
1076310 546.3
1076320 552.3
1076330 559.3
1076340 559.3
1076350 566.6
1076360 577.2
1076370 577.2
1076380 594.3
1076390 604.3
1076400 604.3
1076410 611.2
1076420 616.5
1076430 616.5
1076440 617.5
1076450 619.4
1076460 619.4
1076470 621.4
1076480 622.6
1076490 622.6
1076500 623.4
1076510 624.2
1076520 624.2
1076530 625.7
1076540 628.3
1076550 628.3
1076560 631.0
1076570 633.1
1076580 635.1
1076590 628.4
1076600 629.4
1076610 630.2
1076620 630.2
1076630 631.1
1076640 632.4
1076650 632.4
1076660 634.3
1076670 636.2
1076680 636.2
1076690 637.8
1076700 639.2
1076710 639.2
1076720 641.6
1076730 643.3
1076740 643.3
1076750 644.0
1076760 645.5
1076770 645.5
1076780 647.0
1076790 648.2
1076800 648.2
1076810 650.1
1076820 652.1
1076830 652.1
1076840 653.7
1076850 655.7
1076860 657.5
1076870 657.5
1076880 657.9
1076890 658.3
1076900 658.4
1076910 661.0
1076920 663.1
1076930 663.1
1076940 665.2
1076950 666.9
1076960 666.9
1076970 667.8
1076980 669.2
1076990 669.2
1077000 670.7
1077010 672.8
1077020 672.8
1077030 677.6
1077040 681.2
1077050 681.2
1077060 684.5
1077070 687.8
1077080 687.8
1077090 690.8
1077100 693.7
1077110 693.7
1077120 698.0
1077130 701.7
1077140 701.7
1077150 705.2
1077160 709.5
1077170 713.2
1077180 713.2
1077190 716.7
1077200 720.0
1077210 720.5
1077220 724.5
1077230 728.9
1077240 728.9
1077250 734.5
1077260 740.9
1077270 740.9
1077280 748.0
1077290 755.7
1077300 755.7
1077310 765.1
1077320 766.8
1077330 766.8
1077340 768.8
1077350 771.8
1077360 771.8
1077370 775.6
1077380 778.9
1077390 778.9
1077400 783.4
1077410 788.3
1077420 788.3
1077430 794.0
1077440 798.6
1077450 803.2
1077460 803.2
1077470 809.5
1077480 815.4
1077490 815.4
1077500 819.5
1077510 826.0
1077520 826.0
1077530 832.6
1077540 838.0
1077550 838.0
1077560 844.0
1077570 850.3
1077580 850.3
1077590 856.7
1077600 863.1
1077610 863.1
1077620 869.5
1077630 876.6
1077640 876.6
1077650 885.2
1077660 892.6
1077670 892.6
1077680 901.2
1077690 915.3
1077700 915.3
1077710 918.6
1077720 925.2
1077730 925.2
1077740 930.9
1077750 935.9
1077760 941.8
1077770 941.8
1077780 948.3
1077790 955.2
1077800 955.2
1077810 962.6
1077820 969.7
1077830 969.7
1077840 979.5
1077850 986.9
1077860 986.9
1077870 995.1
1077880 1003.1
1077890 1003.1
1077900 1016.6
1077910 1050.5
1077920 1050.5
1077930 1080.4
1077940 1092.8
1077950 1092.8
1077960 1097.6
1077970 1096.1
1077980 1096.1
1077990 1094.3
1078000 1094.1
1078010 1094.1
1078020 1093.7
1078030 1093.1
1078040 1092.2
1078050 1092.2
1078060 1090.2
1078070 1087.0
1078080 1087.0
1078090 1083.3
1078100 1081.5
1078110 1081.5
1078120 1081.4
1078130 1082.7
1078140 1082.7
1078150 1076.6
1078160 1078.5
1078170 1078.5
1078180 1080.5
1078190 1082.5
1078200 1082.5
1078210 1083.1
1078220 1082.5
1078230 1082.5
1078240 1082.2
1078250 1081.4
1078260 1081.4
1078270 1081.1
1078280 1081.7
1078290 1081.7
1078300 1081.8
1078310 1081.1
1078320 1081.1
1078330 1080.0
1078340 1078.9
1078350 1077.8
1078360 1077.8
1078370 1075.7
1078380 1072.6
1078390 1072.6
1078400 1069.9
1078410 1066.9
1078420 1066.9
1078430 1064.2
1078440 1061.6
1078450 1061.6
1078460 1059.2
1078470 1054.5
1078480 1054.5
1078490 1056.5
1078500 1059.7
1078510 1059.7
1078520 1064.8
1078530 1070.4
1078540 1070.4
1078550 1075.0
1078560 1079.5
1078570 1079.5
1078580 1082.2
1078590 1084.0
1078600 1084.0
1078610 1085.6
1078620 1087.6
1078630 1087.6
1078640 1090.7
1078650 1093.7
1078660 1095.3
1078670 1095.3
1078680 1096.0
1078690 1096.7
1078700 1096.7
1078710 1098.1
1078720 1099.2
1078730 1099.2
1078740 1099.9
1078750 1100.8
1078760 1100.8
1078770 1100.6
1078780 1098.4
1078790 1098.4
1078800 1098.0
1078810 1098.4
1078820 1098.4
1078830 1099.6
1078840 1101.1
1078850 1101.1
1078860 1102.6
1078870 1104.2
1078880 1104.2
1078890 1105.7
1078900 1107.2
1078910 1107.2
1078920 1109.6
1078930 1111.9
1078940 1114.5
1078950 1114.5
1078960 1117.0
1078970 1119.2
1078980 1119.2
1078990 1120.4
1079000 1120.2
1079010 1120.2
1079020 1118.0
1079030 1114.9
1079040 1114.9
1079050 1112.2
1079060 1109.5
1079070 1109.5
1079080 1105.7
1079090 1100.0
1079100 1100.0
1079110 1094.8
1079120 1089.4
1079130 1089.4
1079140 1085.0
1079150 1081.5
1079160 1081.5
1079170 1078.4
1079180 1075.6
1079190 1075.6
1079200 1073.2
1079210 1071.1
1079220 1071.1
1079230 1069.4
1079240 1068.4
1079250 1067.7
1079260 1067.7
1079270 1066.5
1079280 1065.4
1079290 1065.4
1079300 1064.4
1079310 1063.2
1079320 1063.2
1079330 1062.1
1079340 1061.3
1079350 1061.3
1079360 1060.5
1079370 1060.0
1079380 1060.0
1079390 1059.4
1079400 1058.8
1079410 1054.7
1079420 1054.2
1079430 1053.6
1079440 1053.6
1079450 1053.1
1079460 1053.1
1079470 1053.1
1079480 1053.8
1079490 1054.9
1079500 1054.9
1079510 1055.8
1079520 1055.8
1079530 1055.4
1079540 1055.4
1079550 1055.1
1079560 1054.6
1079570 1054.6
1079580 1054.2
1079590 1054.1
1079600 1054.1
1079610 1053.9
1079620 1053.7
1079630 1053.7
1079640 1053.6
1079650 1053.5
1079660 1053.5
1079670 1053.5
1079680 1053.6
1079690 1053.6
1079700 1052.7
1079710 1050.8
1079720 1050.0
1079730 1047.5
1079740 1044.6
1079750 1044.6
1079760 1041.7
1079770 1040.6
1079780 1040.6
1079790 1041.4
1079800 1041.3
1079810 1041.3
1079820 1042.0
1079830 1043.7
1079840 1046.2
1079850 1046.2
1079860 1049.3
1079870 1052.3
1079880 1052.3
1079890 1053.2
1079900 1054.6
1079910 1054.6
1079920 1060.0
1079930 1065.1
1079940 1065.1
1079950 1068.8
1079960 1073.4
1079970 1073.4
1079980 1080.0
1079990 1085.6
