1067860 417.7
1067870 417.8
1067880 417.8
1067890 417.5
1067900 419.0
1067910 419.0
1067920 420.2
1067930 419.1
1067940 419.1
1067950 419.0
1067960 419.2
1067970 419.2
1067980 421.4
1067990 422.2
1068000 422.2
1068010 419.7
1068020 419.5
1068030 419.5
1068040 419.5
1068050 419.5
1068060 419.5
1068070 419.5
1068080 419.4
1068090 419.4
1068100 419.4
1068110 419.4
1068120 419.4
1068130 419.4
1068140 419.3
1068150 419.3
1068160 419.4
1068170 419.5
1068180 419.8
1068190 419.8
1068200 418.9
1068210 417.1
1068220 417.1
1068230 414.2
1068240 414.1
1068250 414.1
1068260 414.1
1068270 414.1
1068280 414.1
1068290 414.1
1068300 414.1
1068310 414.1
1068320 414.1
1068330 414.1
1068340 414.1
1068350 417.8
1068360 419.5
1068370 419.5
1068380 419.8
1068390 419.8
1068400 419.8
1068410 419.8
1068420 419.9
1068430 419.9
1068440 419.9
1068450 421.0
1068460 422.5
1068470 422.5
1068480 419.6
1068490 417.6
1068500 417.6
1068510 416.3
1068520 417.8
1068530 417.8
1068540 418.0
1068550 417.3
1068560 417.3
1068570 416.8
1068580 416.7
1068590 416.7
1068600 416.7
1068610 416.7
1068620 416.7
1068630 416.7
1068640 416.7
1068650 416.7
1068660 416.7
1068670 416.7
1068680 416.7
1068690 416.6
1068700 416.7
1068710 416.7
1068720 416.7
1068730 416.8
1068740 416.8
1068750 416.7
1068760 416.6
1068770 416.6
1068780 416.6
1068790 416.6
1068800 416.7
1068810 416.6
1068820 416.6
1068830 416.6
1068840 416.6
1068850 416.6
1068860 416.6
1068870 416.6
1068880 416.5
1068890 416.3
1068900 416.3
1068910 416.1
1068920 416.1
1068930 416.1
1068940 416.1
1068950 416.1
1068960 416.1
1068970 416.2
1068980 416.1
1068990 416.1
1069000 416.3
1069010 419.3
1069020 419.3
1069030 426.6
1069040 463.0
1069050 463.0
1069060 476.2
1069070 481.3
1069080 485.8
1069090 485.8
1069100 489.6
1069110 491.4
1069120 491.6
1069130 492.1
1069140 491.7
1069150 491.7
1069160 490.3
1069170 488.9
1069180 488.9
1069190 487.8
1069200 487.2
1069210 487.2
1069220 486.8
1069230 485.3
1069240 485.3
1069250 484.4
1069260 484.8
1069270 484.8
1069280 485.3
1069290 485.7
1069300 485.7
1069310 486.4
1069320 488.2
1069330 488.2
1069340 490.1
1069350 492.0
1069360 494.4
1069370 494.4
1069380 495.3
1069390 495.5
1069400 495.5
1069410 495.8
1069420 495.8
1069430 495.3
1069440 495.3
1069450 495.6
1069460 495.6
1069470 496.1
1069480 496.7
1069490 496.7
1069500 497.6
1069510 498.7
1069520 498.7
1069530 500.4
1069540 502.8
1069550 502.8
1069560 505.8
1069570 508.8
1069580 508.8
1069590 511.6
1069600 514.4
1069610 514.4
1069620 518.5
1069630 523.0
1069640 523.0
1069650 527.6
1069660 532.0
1069670 535.5
1069680 535.5
1069690 539.1
1069700 542.6
1069710 542.6
1069720 545.7
1069730 548.9
1069740 549.5
1069750 549.9
1069760 549.2
1069770 549.2
1069780 546.7
1069790 544.5
1069800 544.5
1069810 544.1
1069820 544.1
1069830 544.1
1069840 544.4
1069850 545.0
1069860 545.0
1069870 546.0
1069880 547.4
1069890 547.4
1069900 549.3
1069910 551.4
1069920 551.4
1069930 554.3
1069940 557.8
1069950 562.0
1069960 562.0
1069970 564.9
1069980 567.3
1069990 567.3
1070000 569.9
1070010 573.2
1070020 573.2
1070030 578.3
1070040 581.7
1070050 581.7
1070060 582.8
1070070 585.7
1070080 585.7
1070090 589.5
1070100 592.5
1070110 592.5
1070120 596.0
1070130 600.7
1070140 600.7
1070150 605.9
1070160 609.5
1070170 609.5
1070180 613.0
1070190 617.1
1070200 617.1
1070210 622.2
1070220 626.9
1070230 626.9
1070240 631.8
1070250 635.4
1070260 638.0
1070270 638.0
1070280 640.8
1070290 642.7
1070300 642.7
1070310 644.1
1070320 645.0
1070330 645.0
1070340 643.2
1070350 640.5
1070360 640.5
1070370 621.5
1070380 568.5
1070390 568.5
1070400 557.7
1070410 548.4
1070420 548.4
1070430 539.8
1070440 531.4
1070450 531.4
1070460 522.8
1070470 513.6
1070480 513.6
1070490 499.7
1070500 477.0
1070510 477.0
1070520 451.3
1070530 449.8
1070540 446.9
1070550 446.9
1070560 443.6
1070570 438.8
1070580 438.8
1070590 433.6
1070600 428.2
1070610 428.2
1070620 425.6
1070630 420.5
1070640 420.5
1070650 417.2
1070660 417.7
1070670 417.7
1070680 420.4
1070690 420.5
1070700 420.5
1070710 417.1
1070720 417.2
1070730 417.2
1070740 420.0
1070750 422.4
1070760 422.4
1070770 422.1
1070780 419.7
1070790 419.7
1070800 419.3
1070810 415.6
1070820 415.6
1070830 414.0
1070840 413.7
1070850 414.3
1070860 414.3
1070870 414.7
1070880 414.1
1070890 414.1
1070900 413.9
1070910 414.7
1070920 414.7
1070930 414.1
1070940 413.7
1070950 413.7
1070960 413.9
1070970 414.1
1070980 414.1
1070990 414.2
1071000 413.9
1071010 413.9
1071020 413.9
1071030 413.9
1071040 413.9
1071050 414.0
1071060 414.2
1071070 414.2
1071080 414.0
1071090 414.2
1071100 414.2
1071110 413.6
1071120 413.6
1071130 413.6
1071140 413.6
1071150 413.9
1071160 414.1
1071170 414.1
1071180 415.3
1071190 415.8
1071200 415.8
1071210 415.9
1071220 416.2
1071230 416.2
1071240 416.3
1071250 416.3
1071260 416.3
1071270 416.2
1071280 416.1
1071290 416.1
1071300 415.8
1071310 416.1
1071320 416.1
1071330 416.3
1071340 416.4
1071350 416.4
1071360 416.5
1071370 416.6
1071380 416.6
1071390 416.7
1071400 416.8
1071410 416.8
1071420 416.8
1071430 416.9
1071440 417.0
1071450 417.0
1071460 417.1
1071470 417.3
1071480 417.3
1071490 417.3
1071500 417.6
1071510 417.6
1071520 417.7
1071530 417.6
1071540 417.6
1071550 417.5
1071560 417.6
1071570 417.6
1071580 417.7
1071590 417.8
1071600 417.8
1071610 417.6
1071620 417.4
1071630 417.4
1071640 417.3
1071650 417.3
1071660 417.3
1071670 417.4
1071680 417.4
1071690 417.4
1071700 418.1
1071710 417.8
1071720 417.8
1071730 418.1
1071740 417.5
1071750 417.2
1071760 417.2
1071770 417.1
1071780 417.1
1071790 417.1
1071800 417.2
1071810 417.2
1071820 417.2
1071830 417.1
1071840 417.1
1071850 417.1
1071860 417.1
1071870 417.1
1071880 417.1
1071890 417.2
1071900 417.1
1071910 417.1
1071920 417.2
1071930 417.1
1071940 417.1
1071950 417.2
1071960 417.4
1071970 417.4
1071980 417.6
1071990 417.8
1072000 417.8
1072010 417.7
1072020 417.7
1072030 417.7
1072040 417.7
1072050 417.8
1072060 418.5
1072070 418.5
1072080 419.3
1072090 421.2
1072100 421.2
1072110 422.2
1072120 423.1
1072130 423.1
1072140 423.3
1072150 423.2
1072160 423.2
1072170 423.3
1072180 423.0
1072190 423.0
1072200 420.8
1072210 420.6
1072220 420.6
1072230 418.9
1072240 418.9
1072250 418.9
1072260 419.1
1072270 419.3
1072280 419.3
1072290 419.1
1072300 418.8
1072310 418.8
1072320 418.9
1072330 419.0
1072340 419.1
1072350 419.1
1072360 419.3
1072370 419.4
1072380 419.4
1072390 419.5
1072400 419.8
1072410 419.8
1072420 419.9
1072430 420.0
1072440 420.0
1072450 420.1
1072460 420.3
1072470 420.3
1072480 420.4
1072490 420.6
1072500 420.6
1072510 420.9
1072520 421.0
1072530 421.0
1072540 421.2
1072550 421.8
1072560 421.8
1072570 422.6
1072580 423.2
1072590 423.2
1072600 422.9
1072610 422.9
1072620 423.1
1072630 423.1
1072640 423.2
1072650 423.3
1072660 423.3
1072670 423.3
1072680 423.4
1072690 423.4
1072700 423.6
1072710 423.9
1072720 423.9
1072730 424.3
1072740 424.6
1072750 424.6
1072760 424.7
1072770 425.2
1072780 425.2
1072790 425.3
1072800 425.3
1072810 425.3
1072820 425.4
1072830 425.7
1072840 425.7
1072850 426.0
1072860 426.0
1072870 426.0
1072880 426.2
1072890 426.7
1072900 426.7
1072910 426.7
1072920 427.0
1072930 427.2
1072940 427.2
1072950 427.5
1072960 427.4
1072970 427.4
1072980 427.1
1072990 427.1
1073000 427.1
1073010 427.3
1073020 427.5
1073030 427.5
1073040 427.6
1073050 428.7
1073060 428.7
1073070 429.5
1073080 429.7
1073090 429.7
1073100 429.4
1073110 429.3
1073120 429.3
1073130 429.4
1073140 429.6
1073150 429.6
1073160 429.6
1073170 429.8
1073180 429.8
1073190 430.1
1073200 430.2
1073210 430.6
1073220 430.6
1073230 430.7
1073240 430.9
1073250 430.9
1073260 430.8
1073270 430.5
1073280 430.5
1073290 430.1
1073300 430.1
1073310 430.1
1073320 430.4
1073330 430.6
1073340 430.6
1073350 430.9
1073360 431.7
1073370 431.7
1073380 432.0
1073390 432.0
1073400 432.0
1073410 431.9
1073420 431.7
1073430 431.7
1073440 431.8
1073450 432.0
1073460 432.0
1073470 432.3
1073480 432.6
1073490 432.6
1073500 433.1
1073510 433.4
1073520 434.0
1073530 434.0
1073540 434.3
1073550 434.1
1073560 434.1
1073570 434.2
1073580 434.2
1073590 434.2
1073600 434.4
1073610 434.5
1073620 434.5
1073630 434.7
1073640 434.7
1073650 434.7
1073660 434.9
1073670 435.2
1073680 435.2
1073690 434.9
1073700 434.4
1073710 434.4
1073720 434.4
1073730 434.7
1073740 434.7
1073750 435.0
1073760 435.5
1073770 435.5
1073780 436.0
1073790 435.6
1073800 435.6
1073810 435.2
1073820 435.0
1073830 435.0
1073840 435.0
1073850 435.1
1073860 435.2
1073870 435.2
1073880 435.6
1073890 436.1
1073900 436.1
1073910 436.1
1073920 436.2
1073930 436.2
1073940 436.2
1073950 436.4
1073960 436.4
1073970 436.8
1073980 436.8
1073990 436.8
1074000 436.5
1074010 436.6
1074020 436.6
1074030 436.6
1074040 436.6
1074050 436.6
1074060 436.9
1074070 437.2
1074080 437.2
1074090 437.4
1074100 437.2
1074110 437.2
1074120 437.2
1074130 437.1
1074140 437.2
1074150 437.2
1074160 437.1
1074170 437.0
1074180 437.0
1074190 437.1
1074200 437.2
1074210 437.2
1074220 437.4
1074230 437.4
1074240 437.4
1074250 437.5
1074260 437.6
1074270 437.6
1074280 437.8
1074290 438.1
1074300 438.1
1074310 438.0
1074320 437.8
1074330 437.8
1074340 437.6
1074350 437.6
1074360 437.6
1074370 438.5
1074380 438.3
1074390 438.3
1074400 438.0
1074410 437.7
1074420 437.6
1074430 437.6
1074440 437.5
1074450 437.4
1074460 437.4
1074470 437.2
1074480 436.9
1074490 436.9
1074500 436.7
1074510 436.4
1074520 436.4
1074530 436.3
1074540 436.2
1074550 436.2
1074560 436.2
1074570 437.8
1074580 437.8
1074590 440.8
1074600 443.1
1074610 443.1
1074620 445.1
1074630 448.1
1074640 448.1
1074650 452.1
1074660 457.3
1074670 457.3
1074680 468.2
1074690 475.2
1074700 486.6
1074710 486.6
1074720 496.8
1074730 498.4
1074740 498.4
1074750 500.9
1074760 502.0
1074770 502.0
1074780 503.0
1074790 503.3
1074800 503.3
1074810 505.9
1074820 509.8
1074830 509.8
1074840 514.6
1074850 518.5
1074860 518.5
1074870 521.8
1074880 524.8
1074890 524.8
1074900 526.4
1074910 527.6
1074920 527.6
1074930 526.8
1074940 526.5
1074950 526.5
1074960 527.0
1074970 527.4
1074980 527.4
1074990 528.5
1075000 528.6
1075010 528.7
1075020 528.7
1075030 529.1
1075040 528.9
1075050 528.9
1075060 528.2
1075070 528.0
1075080 528.0
1075090 528.0
1075100 528.5
1075110 528.5
1075120 526.9
1075130 523.3
1075140 523.3
1075150 518.1
1075160 513.2
1075170 513.2
1075180 508.2
1075190 506.6
1075200 506.6
1075210 509.1
1075220 514.8
1075230 514.8
1075240 523.2
1075250 528.0
1075260 528.0
1075270 530.2
1075280 530.6
1075290 529.2
1075300 527.6
1075310 526.5
1075320 527.0
1075330 527.0
1075340 527.9
1075350 529.0
1075360 529.0
1075370 529.9
1075380 530.4
1075390 530.4
1075400 530.9
1075410 531.6
1075420 531.6
1075430 533.3
1075440 537.2
1075450 537.2
1075460 539.6
1075470 539.6
1075480 539.6
1075490 539.5
1075500 539.2
1075510 539.2
1075520 539.4
1075530 541.6
1075540 541.6
1075550 544.2
1075560 543.1
1075570 543.1
1075580 542.7
1075590 543.1
1075600 541.5
1075610 541.5
1075620 539.0
1075630 539.2
1075640 539.2
1075650 541.7
1075660 546.5
1075670 546.5
1075680 548.3
1075690 550.4
1075700 550.4
1075710 553.8
1075720 556.0
1075730 556.0
1075740 557.6
1075750 561.1
1075760 561.1
1075770 565.3
1075780 568.5
1075790 568.5
1075800 569.3
1075810 571.3
1075820 571.3
1075830 570.1
1075840 569.9
1075850 569.9
1075860 569.8
1075870 571.9
1075880 573.8
1075890 573.8
1075900 576.4
1075910 577.7
1075920 577.7
1075930 574.2
1075940 572.8
1075950 572.8
1075960 570.5
1075970 567.7
1075980 567.7
1075990 564.3
1076000 560.3
1076010 560.3
1076020 556.5
1076030 551.8
1076040 551.8
1076050 543.9
1076060 538.8
1076070 538.8
1076080 539.5
1076090 544.9
1076100 544.9
1076110 551.5
1076120 559.3
1076130 559.3
1076140 566.9
1076150 571.5
1076160 571.5
1076170 573.9
1076180 575.0
1076190 575.7
1076200 575.7
1076210 577.0
1076220 578.0
1076230 578.0
1076240 577.2
1076250 577.7
1076260 577.7
1076270 577.2
1076280 577.1
1076290 577.1
1076300 577.1
1076310 576.5
1076320 576.5
1076330 575.4
1076340 574.6
1076350 574.6
1076360 572.5
1076370 573.8
1076380 573.8
1076390 576.6
1076400 577.7
1076410 577.7
1076420 578.9
1076430 580.1
1076440 580.1
1076450 581.3
1076460 582.4
1076470 583.7
1076480 583.7
1076490 585.0
1076500 586.4
1076510 586.4
1076520 587.7
1076530 589.3
1076540 589.3
1076550 591.1
1076560 593.5
1076570 593.5
1076580 595.5
1076590 598.2
1076600 598.2
1076610 602.4
1076620 606.6
1076630 606.6
1076640 609.4
1076650 612.2
1076660 612.2
1076670 615.1
1076680 617.8
1076690 617.8
1076700 620.7
1076710 623.4
1076720 623.4
1076730 626.4
1076740 629.6
1076750 629.6
1076760 632.4
1076770 635.9
1076780 639.4
1076790 639.4
1076800 642.4
1076810 646.9
1076820 646.9
1076830 650.6
1076840 653.7
1076850 653.7
1076860 658.7
1076870 662.1
1076880 662.1
1076890 665.6
1076900 669.8
1076910 669.8
1076920 674.9
1076930 679.5
1076940 679.5
1076950 682.7
1076960 685.7
1076970 685.7
1076980 689.1
1076990 693.3
1077000 693.3
1077010 697.6
1077020 702.2
1077030 702.2
1077040 707.3
1077050 712.2
1077060 717.3
1077070 717.3
1077080 722.1
1077090 727.2
1077100 727.2
1077110 732.4
1077120 737.6
1077130 737.6
1077140 742.8
1077150 748.6
1077160 748.6
1077170 753.7
1077180 760.5
1077190 760.5
1077200 766.5
1077210 772.1
1077220 772.1
1077230 777.5
1077240 782.9
1077250 782.9
1077260 789.0
1077270 795.6
1077280 795.6
1077290 802.5
1077300 808.4
1077310 808.4
1077320 813.9
1077330 819.9
1077340 819.9
1077350 828.0
1077360 833.8
1077370 841.0
1077380 841.0
1077390 848.1
1077400 855.1
1077410 855.1
1077420 862.1
1077430 869.4
1077440 869.4
1077450 877.1
1077460 884.1
1077470 884.1
1077480 892.1
1077490 908.4
1077500 908.4
1077510 921.1
1077520 930.2
1077530 930.2
1077540 940.2
1077550 949.4
1077560 949.4
1077570 959.6
1077580 969.0
1077590 969.0
1077600 979.3
1077610 988.9
1077620 988.9
1077630 998.6
1077640 1008.7
1077650 1022.2
1077660 1022.2
1077670 1035.1
1077680 1036.2
1077690 1036.2
1077700 1036.9
1077710 1036.7
1077720 1036.7
1077730 1035.6
1077740 1035.4
1077750 1035.4
1077760 1035.4
1077770 1036.4
1077780 1036.4
1077790 1038.4
1077800 1041.2
1077810 1041.2
1077820 1043.4
1077830 1045.9
1077840 1045.9
1077850 1047.6
1077860 1046.8
1077870 1046.8
1077880 1042.9
1077890 1037.6
1077900 1037.6
1077910 1030.7
1077920 1025.7
1077930 1025.7
1077940 1024.9
1077950 1025.8
1077960 1027.2
1077970 1027.2
1077980 1028.6
1077990 1030.0
1078000 1030.0
1078010 1030.3
1078020 1028.9
1078030 1028.9
1078040 1028.1
1078050 1027.1
1078060 1027.1
1078070 1026.0
1078080 1025.1
1078090 1025.1
1078100 1024.7
1078110 1024.9
1078120 1021.8
1078130 1023.0
1078140 1024.2
1078150 1024.2
1078160 1024.7
1078170 1024.8
1078180 1024.8
1078190 1021.7
1078200 1016.1
1078210 1016.1
1078220 1011.2
1078230 1007.1
1078240 1004.3
1078250 1004.3
1078260 1002.6
1078270 1002.0
1078280 1002.0
1078290 1003.6
1078300 1005.0
1078310 1005.0
1078320 1005.5
1078330 1005.0
1078340 1005.0
1078350 1004.3
1078360 1003.7
1078370 1003.7
1078380 1002.4
1078390 1001.1
1078400 1001.1
1078410 1000.4
1078420 999.8
1078430 992.4
1078440 993.1
1078450 994.3
1078460 994.3
1078470 995.1
1078480 996.1
1078490 996.1
1078500 996.4
1078510 996.1
1078520 996.1
1078530 995.7
1078540 994.8
1078550 993.6
1078560 993.6
1078570 992.0
1078580 989.8
1078590 989.8
1078600 988.1
1078610 986.3
1078620 986.3
1078630 984.7
1078640 982.7
1078650 982.7
1078660 982.3
1078670 981.3
1078680 981.3
1078690 981.1
1078700 979.0
1078710 979.0
1078720 974.6
1078730 973.8
1078740 966.6
1078750 963.5
1078760 962.3
1078770 962.3
1078780 960.8
1078790 959.4
1078800 959.4
1078810 958.4
1078820 959.1
1078830 958.8
1078840 958.8
1078850 960.2
1078860 963.2
1078870 963.2
1078880 965.7
1078890 967.2
1078900 967.2
1078910 966.7
1078920 965.5
1078930 965.5
1078940 963.6
1078950 962.8
1078960 962.8
1078970 961.4
1078980 958.6
1078990 958.6
1079000 956.3
1079010 954.4
1079020 954.4
1079030 951.9
1079040 950.3
1079050 950.3
1079060 946.6
1079070 947.5
1079080 947.5
1079090 948.4
1079100 949.5
1079110 949.5
1079120 949.4
1079130 947.3
1079140 945.2
1079150 945.2
1079160 943.5
1079170 940.7
1079180 940.7
1079190 938.9
1079200 937.7
1079210 937.7
1079220 935.9
1079230 932.8
1079240 932.8
1079250 931.3
1079260 930.7
1079270 930.7
1079280 929.8
1079290 929.7
1079300 929.7
1079310 925.5
1079320 918.8
1079330 918.8
1079340 915.2
1079350 916.3
1079360 916.3
1079370 908.7
1079380 912.2
1079390 912.2
1079400 914.8
1079410 919.8
1079420 926.0
1079430 926.0
1079440 927.6
1079450 933.1
1079460 933.1
1079470 936.9
1079480 939.9
1079490 939.9
1079500 943.1
1079510 947.5
1079520 947.5
1079530 955.4
1079540 961.2
1079550 961.2
1079560 961.4
1079570 968.2
1079580 968.2
1079590 973.4
1079600 975.2
1079610 975.2
1079620 980.6
1079630 984.3
1079640 984.3
1079650 981.9
1079660 985.5
1079670 985.5
1079680 991.7
1079690 1003.5
1079700 1003.5
1079710 999.6
1079720 990.8
1079730 987.9
1079740 987.9
1079750 994.0
1079760 1007.8
1079770 1007.8
1079780 1017.6
1079790 1019.5
1079800 1019.5
1079810 1017.8
1079820 1016.6
1079830 1016.6
1079840 1015.6
1079850 1018.8
1079860 1018.8
1079870 1018.1
1079880 1021.2
1079890 1021.2
1079900 1025.8
1079910 1027.5
1079920 1027.5
1079930 1029.3
1079940 1032.0
1079950 1032.0
1079960 1042.7
1079970 1041.6
1079980 1041.6
1079990 1040.8
