1067950 417.9
1067960 417.9
1067970 417.9
1067980 417.9
1067990 418.3
1068000 418.3
1068010 420.3
1068020 420.8
1068030 420.8
1068040 420.0
1068050 419.9
1068060 420.0
1068070 420.0
1068080 422.0
1068090 420.8
1068100 419.9
1068110 419.3
1068120 419.3
1068130 419.3
1068140 419.2
1068150 419.1
1068160 419.1
1068170 419.1
1068180 419.1
1068190 419.1
1068200 419.1
1068210 419.1
1068220 419.1
1068230 419.1
1068240 419.1
1068250 419.1
1068260 419.1
1068270 419.4
1068280 419.4
1068290 419.5
1068300 416.7
1068310 416.7
1068320 415.1
1068330 413.8
1068340 413.8
1068350 413.8
1068360 413.8
1068370 413.8
1068380 413.8
1068390 413.8
1068400 413.8
1068410 413.8
1068420 413.8
1068430 414.6
1068440 414.6
1068450 418.4
1068460 419.3
1068470 419.3
1068480 419.3
1068490 419.3
1068500 419.3
1068510 419.4
1068520 419.5
1068530 419.5
1068540 420.9
1068550 422.3
1068560 422.3
1068570 420.1
1068580 416.6
1068590 416.6
1068600 416.8
1068610 417.0
1068620 417.0
1068630 416.4
1068640 417.3
1068650 416.8
1068660 416.8
1068670 416.4
1068680 416.6
1068690 416.6
1068700 416.7
1068710 416.5
1068720 416.5
1068730 416.5
1068740 416.5
1068750 416.5
1068760 417.2
1068770 417.3
1068780 417.3
1068790 417.1
1068800 416.6
1068810 416.6
1068820 416.3
1068830 416.3
1068840 416.3
1068850 416.2
1068860 416.1
1068870 416.1
1068880 416.0
1068890 416.4
1068900 416.4
1068910 417.2
1068920 418.6
1068930 418.6
1068940 418.7
1068950 422.3
1068960 431.7
1068970 431.7
1068980 441.7
1068990 451.3
1069000 451.3
1069010 456.2
1069020 464.1
1069030 464.1
1069040 470.8
1069050 471.8
1069060 471.8
1069070 473.3
1069080 475.9
1069090 475.9
1069100 478.3
1069110 481.5
1069120 481.5
1069130 482.0
1069140 482.9
1069150 482.9
1069160 484.2
1069170 484.3
1069180 484.3
1069190 481.2
1069200 477.7
1069210 477.7
1069220 476.2
1069230 475.9
1069240 477.3
1069250 477.3
1069260 483.8
1069270 488.5
1069280 488.5
1069290 488.6
1069300 489.4
1069310 489.4
1069320 492.8
1069330 493.5
1069340 493.5
1069350 494.5
1069360 496.2
1069370 496.2
1069380 496.2
1069390 494.7
1069400 494.7
1069410 492.7
1069420 491.2
1069430 491.2
1069440 489.5
1069450 488.2
1069460 488.2
1069470 487.7
1069480 488.0
1069490 488.0
1069500 488.9
1069510 489.8
1069520 489.8
1069530 490.4
1069540 491.1
1069550 492.4
1069560 492.4
1069570 494.8
1069580 497.8
1069590 497.8
1069600 500.0
1069610 502.7
1069620 502.7
1069630 506.7
1069640 506.8
1069650 506.8
1069660 506.7
1069670 506.6
1069680 506.6
1069690 506.5
1069700 506.6
1069710 506.6
1069720 506.9
1069730 507.3
1069740 507.3
1069750 507.9
1069760 509.0
1069770 509.0
1069780 512.0
1069790 514.9
1069800 514.9
1069810 515.6
1069820 516.4
1069830 518.4
1069840 518.4
1069850 520.3
1069860 522.0
1069870 522.0
1069880 523.2
1069890 525.1
1069900 525.1
1069910 527.7
1069920 531.4
1069930 531.4
1069940 533.7
1069950 534.9
1069960 534.9
1069970 536.6
1069980 538.8
1069990 538.8
1070000 540.8
1070010 543.8
1070020 543.8
1070030 547.6
1070040 551.4
1070050 551.4
1070060 554.2
1070070 556.3
1070080 556.3
1070090 558.7
1070100 562.2
1070110 562.2
1070120 565.5
1070130 568.1
1070140 570.7
1070150 570.7
1070160 573.3
1070170 576.3
1070180 576.3
1070190 579.0
1070200 581.7
1070210 581.7
1070220 584.3
1070230 586.9
1070240 588.5
1070250 587.2
1070260 548.8
1070270 548.8
1070280 528.1
1070290 518.0
1070300 518.0
1070310 508.2
1070320 499.0
1070330 499.0
1070340 492.5
1070350 482.9
1070360 482.9
1070370 458.6
1070380 436.4
1070390 436.4
1070400 421.1
1070410 416.8
1070420 416.2
1070430 416.2
1070440 418.3
1070450 418.4
1070460 418.4
1070470 416.5
1070480 416.2
1070490 416.2
1070500 416.0
1070510 415.8
1070520 415.8
1070530 415.8
1070540 415.9
1070550 415.9
1070560 415.9
1070570 415.9
1070580 415.9
1070590 415.7
1070600 415.7
1070610 415.7
1070620 415.7
1070630 415.6
1070640 415.6
1070650 415.5
1070660 415.1
1070670 415.1
1070680 413.7
1070690 414.9
1070700 414.9
1070710 415.6
1070720 415.5
1070730 414.7
1070740 414.7
1070750 413.3
1070760 413.1
1070770 413.1
1070780 413.1
1070790 413.2
1070800 413.2
1070810 413.2
1070820 413.3
1070830 413.3
1070840 413.1
1070850 413.1
1070860 413.2
1070870 413.2
1070880 413.1
1070890 413.1
1070900 413.1
1070910 413.1
1070920 413.1
1070930 413.1
1070940 413.1
1070950 413.1
1070960 413.2
1070970 413.7
1070980 413.7
1070990 414.2
1071000 414.5
1071010 414.5
1071020 414.7
1071030 414.7
1071040 414.6
1071050 414.6
1071060 414.6
1071070 414.5
1071080 414.5
1071090 414.3
1071100 414.4
1071110 414.4
1071120 414.4
1071130 414.6
1071140 414.6
1071150 414.7
1071160 414.8
1071170 414.8
1071180 414.9
1071190 415.0
1071200 415.0
1071210 414.9
1071220 414.9
1071230 414.9
1071240 415.0
1071250 415.1
1071260 415.1
1071270 415.1
1071280 415.2
1071290 415.2
1071300 415.2
1071310 415.2
1071320 415.2
1071330 415.2
1071340 415.3
1071350 415.4
1071360 415.4
1071370 415.4
1071380 415.5
1071390 415.5
1071400 415.6
1071410 415.6
1071420 415.6
1071430 415.7
1071440 415.7
1071450 415.7
1071460 415.7
1071470 415.7
1071480 415.8
1071490 415.9
1071500 415.9
1071510 415.9
1071520 415.6
1071530 415.5
1071540 415.5
1071550 415.5
1071560 415.5
1071570 415.5
1071580 415.5
1071590 415.6
1071600 415.6
1071610 415.6
1071620 415.6
1071630 415.7
1071640 415.7
1071650 415.7
1071660 415.6
1071670 415.6
1071680 415.5
1071690 415.4
1071700 415.4
1071710 415.2
1071720 415.2
1071730 415.2
1071740 415.2
1071750 415.2
1071760 415.2
1071770 415.2
1071780 415.3
1071790 415.3
1071800 415.4
1071810 415.5
1071820 415.5
1071830 415.6
1071840 415.4
1071850 415.4
1071860 415.9
1071870 416.5
1071880 416.5
1071890 416.2
1071900 416.5
1071910 415.6
1071920 415.6
1071930 415.0
1071940 415.1
1071950 415.1
1071960 415.2
1071970 415.3
1071980 415.3
1071990 415.4
1072000 415.5
1072010 415.5
1072020 415.4
1072030 415.4
1072040 415.4
1072050 415.4
1072060 415.4
1072070 415.4
1072080 415.3
1072090 415.6
1072100 415.6
1072110 415.9
1072120 416.0
1072130 416.0
1072140 415.9
1072150 415.9
1072160 415.9
1072170 416.0
1072180 416.0
1072190 416.0
1072200 415.8
1072210 416.2
1072220 417.4
1072230 417.4
1072240 418.5
1072250 420.0
1072260 420.0
1072270 420.8
1072280 421.0
1072290 421.0
1072300 420.9
1072310 420.4
1072320 420.4
1072330 417.3
1072340 416.9
1072350 416.9
1072360 417.0
1072370 417.3
1072380 417.3
1072390 417.7
1072400 418.2
1072410 418.2
1072420 418.0
1072430 417.9
1072440 417.9
1072450 418.0
1072460 418.0
1072470 418.0
1072480 418.3
1072490 418.6
1072500 418.6
1072510 418.8
1072520 418.7
1072530 418.9
1072540 418.9
1072550 419.2
1072560 419.1
1072570 419.1
1072580 418.9
1072590 419.5
1072600 419.5
1072610 419.7
1072620 419.3
1072630 419.3
1072640 419.2
1072650 419.2
1072660 419.2
1072670 419.2
1072680 419.5
1072690 419.5
1072700 419.9
1072710 420.5
1072720 420.5
1072730 420.8
1072740 420.8
1072750 420.8
1072760 420.9
1072770 421.0
1072780 421.0
1072790 421.1
1072800 421.3
1072810 421.5
1072820 421.5
1072830 421.6
1072840 421.8
1072850 421.8
1072860 422.1
1072870 422.2
1072880 422.2
1072890 422.4
1072900 422.6
1072910 422.6
1072920 422.6
1072930 422.5
1072940 422.5
1072950 422.6
1072960 422.6
1072970 422.6
1072980 423.0
1072990 423.1
1073000 423.1
1073010 423.2
1073020 423.6
1073030 423.6
1073040 423.7
1073050 423.6
1073060 423.6
1073070 423.9
1073080 423.8
1073090 423.8
1073100 424.8
1073110 425.0
1073120 424.8
1073130 424.8
1073140 425.2
1073150 425.5
1073160 425.5
1073170 425.1
1073180 425.1
1073190 425.1
1073200 425.6
1073210 423.6
1073220 423.6
1073230 424.5
1073240 424.8
1073250 424.8
1073260 425.1
1073270 425.1
1073280 425.1
1073290 425.2
1073300 425.5
1073310 425.5
1073320 425.5
1073330 425.7
1073340 425.7
1073350 426.7
1073360 426.8
1073370 426.8
1073380 426.1
1073390 426.6
1073400 427.2
1073410 427.2
1073420 427.5
1073430 427.3
1073440 427.3
1073450 427.1
1073460 427.3
1073470 427.3
1073480 428.1
1073490 428.1
1073500 428.1
1073510 427.8
1073520 427.9
1073530 427.9
1073540 427.8
1073550 427.9
1073560 427.9
1073570 428.0
1073580 428.1
1073590 428.1
1073600 428.1
1073610 428.1
1073620 428.1
1073630 428.2
1073640 428.7
1073650 428.7
1073660 429.0
1073670 428.8
1073680 428.8
1073690 428.7
1073700 428.5
1073710 428.2
1073720 428.2
1073730 427.7
1073740 427.4
1073750 427.4
1073760 428.3
1073770 428.8
1073780 428.8
1073790 429.0
1073800 429.4
1073810 429.4
1073820 429.7
1073830 429.6
1073840 429.6
1073850 429.4
1073860 429.3
1073870 429.3
1073880 429.3
1073890 429.1
1073900 429.1
1073910 428.9
1073920 428.9
1073930 428.9
1073940 429.1
1073950 429.6
1073960 429.6
1073970 429.8
1073980 429.7
1073990 429.9
1074000 429.9
1074010 430.1
1074020 431.1
1074030 431.1
1074040 430.9
1074050 430.3
1074060 430.3
1074070 430.2
1074080 430.6
1074090 430.6
1074100 431.5
1074110 431.2
1074120 431.2
1074130 431.0
1074140 431.4
1074150 431.4
1074160 431.6
1074170 431.3
1074180 431.3
1074190 431.2
1074200 431.3
1074210 431.3
1074220 431.6
1074230 431.6
1074240 431.6
1074250 431.4
1074260 431.5
1074270 431.5
1074280 431.5
1074290 431.8
1074300 431.8
1074310 431.8
1074320 431.6
1074330 431.7
1074340 431.7
1074350 431.7
1074360 431.6
1074370 431.6
1074380 431.7
1074390 431.6
1074400 431.6
1074410 431.5
1074420 431.6
1074430 431.6
1074440 431.7
1074450 431.8
1074460 431.8
1074470 431.8
1074480 431.7
1074490 431.7
1074500 431.5
1074510 431.5
1074520 431.5
1074530 431.4
1074540 431.6
1074550 431.6
1074560 432.1
1074570 432.0
1074580 432.0
1074590 432.1
1074600 432.1
1074610 431.4
1074620 431.4
1074630 431.2
1074640 431.1
1074650 431.1
1074660 431.2
1074670 431.3
1074680 431.3
1074690 431.4
1074700 431.4
1074710 431.4
1074720 431.3
1074730 431.4
1074740 431.4
1074750 431.7
1074760 432.0
1074770 432.0
1074780 432.1
1074790 432.3
1074800 432.3
1074810 433.8
1074820 436.1
1074830 436.1
1074840 437.4
1074850 438.4
1074860 438.4
1074870 440.6
1074880 443.2
1074890 443.3
1074900 443.3
1074910 445.5
1074920 448.2
1074930 448.2
1074940 451.3
1074950 454.4
1074960 454.4
1074970 457.5
1074980 461.2
1074990 461.2
1075000 465.5
1075010 470.0
1075020 470.0
1075030 472.2
1075040 473.4
1075050 473.4
1075060 474.8
1075070 476.6
1075080 476.6
1075090 478.1
1075100 479.7
1075110 479.7
1075120 481.2
1075130 482.5
1075140 482.5
1075150 483.7
1075160 484.9
1075170 484.9
1075180 486.1
1075190 486.8
1075200 487.7
1075210 487.7
1075220 487.8
1075230 488.2
1075240 488.2
1075250 488.6
1075260 489.0
1075270 489.0
1075280 490.5
1075290 494.1
1075300 494.1
1075310 499.1
1075320 505.0
1075330 505.0
1075340 511.5
1075350 517.6
1075360 517.6
1075370 524.5
1075380 534.3
1075390 534.3
1075400 540.4
1075410 543.9
1075420 543.9
1075430 546.0
1075440 548.5
1075450 548.5
1075460 552.0
1075470 555.1
1075480 556.9
1075490 556.9
1075500 558.0
1075510 559.4
1075520 559.4
1075530 559.7
1075540 558.7
1075550 558.7
1075560 556.2
1075570 553.2
1075580 553.2
1075590 554.9
1075600 561.0
1075610 561.0
1075620 568.1
1075630 580.1
1075640 580.1
1075650 599.0
1075660 611.5
1075670 611.5
1075680 619.9
1075690 627.7
1075700 627.7
1075710 632.3
1075720 633.9
1075730 633.9
1075740 635.1
1075750 636.6
1075760 636.6
1075770 640.4
1075780 643.1
1075790 643.4
1075800 643.4
1075810 643.8
1075820 640.8
1075830 640.8
1075840 640.6
1075850 640.5
1075860 640.5
1075870 640.5
1075880 640.2
1075890 640.2
1075900 640.4
1075910 640.7
1075920 640.7
1075930 640.7
1075940 640.3
1075950 640.3
1075960 639.3
1075970 637.3
1075980 637.3
1075990 635.1
1076000 632.2
1076010 632.2
1076020 628.3
1076030 624.9
1076040 624.9
1076050 622.1
1076060 618.1
1076070 613.4
1076080 613.4
1076090 609.2
1076100 596.4
1076110 596.4
1076120 577.1
1076130 568.0
1076140 568.0
1076150 560.4
1076160 552.2
1076170 552.2
1076180 545.0
1076190 539.7
1076200 539.7
1076210 537.4
1076220 537.6
1076230 537.6
1076240 538.7
1076250 540.5
1076260 540.5
1076270 544.1
1076280 549.1
1076290 549.1
1076300 555.0
1076310 561.2
1076320 561.2
1076330 580.3
1076340 592.2
1076350 592.2
1076360 594.0
1076370 595.7
1076380 596.8
1076390 596.8
1076400 597.8
1076410 598.7
1076420 598.7
1076430 599.9
1076440 603.9
1076450 603.9
1076460 606.2
1076470 608.8
1076480 608.8
1076490 611.3
1076500 613.0
1076510 613.0
1076520 613.7
1076530 613.9
1076540 613.9
1076550 614.5
1076560 615.8
1076570 615.8
1076580 617.0
1076590 617.7
1076600 617.7
1076610 618.4
1076620 619.7
1076630 619.7
1076640 621.3
1076650 623.8
1076660 625.8
1076670 625.8
1076680 626.8
1076690 627.1
1076700 627.1
1076710 628.2
1076720 631.4
1076730 631.4
1076740 633.2
1076750 634.9
1076760 634.6
1076770 636.4
1076780 638.4
1076790 638.4
1076800 640.7
1076810 644.0
1076820 644.0
1076830 646.1
1076840 648.4
1076850 648.4
1076860 650.5
1076870 652.5
1076880 652.5
1076890 654.5
1076900 656.9
1076910 656.9
1076920 660.3
1076930 663.8
1076940 663.8
1076950 667.2
1076960 670.3
1076970 673.2
1076980 673.2
1076990 675.7
1077000 678.2
1077010 678.2
1077020 681.9
1077030 685.2
1077040 685.2
1077050 689.4
1077060 693.7
1077070 695.4
1077080 698.3
1077090 701.5
1077100 701.5
1077110 705.1
1077120 708.5
1077130 708.5
1077140 711.9
1077150 715.1
1077160 715.1
1077170 719.1
1077180 722.1
1077190 722.1
1077200 725.5
1077210 729.1
1077220 729.1
1077230 733.2
1077240 737.1
1077250 741.0
1077260 741.0
1077270 744.9
1077280 748.8
1077290 748.8
1077300 752.9
1077310 757.6
1077320 757.6
1077330 762.6
1077340 768.0
1077350 768.0
1077360 773.8
1077370 780.7
1077380 780.4
1077390 785.3
1077400 790.3
1077410 790.3
1077420 795.9
1077430 802.8
1077440 802.8
1077450 807.8
1077460 813.1
1077470 813.1
1077480 818.9
1077490 824.2
1077500 824.2
1077510 829.4
1077520 835.2
1077530 835.2
1077540 841.1
1077550 847.6
1077560 854.5
1077570 854.5
1077580 860.6
1077590 867.5
1077600 867.5
1077610 874.3
1077620 881.8
1077630 881.8
1077640 889.3
1077650 896.3
1077660 896.3
1077670 905.0
1077680 911.7
1077690 914.3
1077700 921.9
1077710 929.3
1077720 929.3
1077730 936.6
1077740 943.2
1077750 943.2
1077760 950.4
1077770 958.3
1077780 958.3
1077790 966.5
1077800 974.0
1077810 974.0
1077820 998.0
1077830 1032.9
1077840 1032.9
1077850 1055.1
1077860 1063.3
1077870 1060.9
1077880 1060.9
1077890 1057.9
1077900 1054.6
1077910 1054.6
1077920 1051.5
1077930 1048.2
1077940 1048.2
1077950 1044.4
1077960 1040.7
1077970 1040.7
1077980 1037.9
1077990 1035.5
1078000 1035.5
1078010 1030.7
1078020 1030.7
1078030 1030.7
1078040 1030.8
1078050 1030.9
1078060 1030.9
1078070 1031.2
1078080 1031.8
1078090 1031.8
1078100 1032.5
1078110 1033.2
1078120 1033.2
1078130 1033.5
1078140 1033.7
1078150 1033.5
1078160 1033.5
1078170 1033.1
1078180 1033.3
1078190 1033.3
1078200 1034.2
1078210 1035.4
1078220 1035.4
1078230 1036.5
1078240 1037.5
1078250 1037.5
1078260 1037.8
1078270 1038.1
1078280 1038.1
1078290 1038.8
1078300 1039.2
1078310 1039.2
1078320 1041.3
1078330 1042.8
1078340 1042.8
1078350 1045.0
1078360 1047.5
1078370 1047.5
1078380 1052.1
1078390 1055.4
1078400 1055.4
1078410 1057.2
1078420 1059.6
1078430 1059.6
1078440 1061.6
1078450 1063.8
1078460 1067.1
1078470 1067.1
1078480 1070.0
1078490 1072.9
1078500 1072.9
1078510 1075.9
1078520 1078.7
1078530 1078.7
1078540 1081.1
1078550 1082.9
1078560 1082.9
1078570 1085.3
1078580 1087.4
1078590 1087.4
1078600 1089.4
1078610 1091.4
1078620 1091.4
1078630 1094.4
1078640 1096.3
1078650 1096.3
1078660 1097.9
1078670 1099.1
1078680 1099.1
1078690 1101.2
1078700 1103.0
1078710 1103.0
1078720 1103.7
1078730 1104.7
1078740 1105.6
1078750 1105.6
1078760 1107.0
1078770 1107.8
1078780 1107.8
1078790 1108.3
1078800 1109.3
1078810 1109.3
1078820 1110.3
1078830 1111.0
1078840 1111.0
1078850 1110.7
1078860 1110.0
1078870 1110.0
1078880 1110.0
1078890 1109.7
1078900 1109.7
1078910 1109.0
1078920 1108.9
1078930 1108.9
1078940 1110.3
1078950 1103.9
1078960 1103.9
1078970 1102.8
1078980 1101.3
1078990 1101.3
1079000 1099.4
1079010 1097.8
1079020 1097.8
1079030 1096.2
1079040 1093.6
1079050 1090.7
1079060 1090.7
1079070 1087.9
1079080 1084.8
1079090 1084.8
1079100 1081.8
1079110 1079.3
1079120 1079.3
1079130 1076.7
1079140 1073.6
1079150 1073.6
1079160 1069.9
1079170 1066.3
1079180 1066.3
1079190 1062.5
1079200 1058.7
1079210 1058.7
1079220 1053.9
1079230 1047.2
1079240 1047.2
1079250 1040.1
1079260 1030.0
1079270 1030.0
1079280 1022.0
1079290 1017.3
1079300 1017.3
1079310 1015.7
1079320 1019.1
1079330 1021.4
1079340 1021.4
1079350 1021.8
1079360 1021.2
1079370 1021.2
1079380 1021.1
1079390 1021.1
1079400 1021.1
1079410 1020.5
1079420 1021.4
1079430 1021.4
1079440 1021.1
1079450 1021.9
1079460 1021.9
1079470 1023.5
1079480 1024.8
1079490 1024.8
1079500 1026.0
1079510 1026.7
1079520 1026.7
1079530 1026.8
1079540 1023.5
1079550 1023.5
1079560 1020.6
1079570 1016.3
1079580 1011.5
1079590 1006.5
1079600 1002.3
1079610 1002.3
1079620 1002.3
1079630 1002.4
1079640 999.1
1079650 999.1
1079660 996.0
1079670 999.3
1079680 999.3
1079690 1004.7
1079700 1008.1
1079710 1008.1
1079720 1007.0
1079730 1005.5
1079740 1005.5
1079750 1002.8
1079760 1008.6
1079770 1008.6
1079780 1015.2
1079790 1018.8
1079800 1018.8
1079810 1021.6
1079820 1025.0
1079830 1025.0
1079840 1030.2
1079850 1029.0
1079860 1029.0
1079870 1026.2
1079880 1025.1
1079890 1015.2
1079900 1015.6
1079910 1013.9
1079920 1012.2
1079930 1012.2
1079940 1017.7
1079950 1026.8
1079960 1026.8
1079970 1036.7
1079980 1042.8
1079990 1042.8
