1068250 417.7
1068260 417.7
1068270 417.8
1068280 417.9
1068290 417.9
1068300 417.9
1068310 417.6
1068320 417.6
1068330 417.3
1068340 417.0
1068350 417.0
1068360 417.5
1068370 421.4
1068380 421.4
1068390 420.7
1068400 419.2
1068410 419.2
1068420 418.8
1068430 418.7
1068440 418.7
1068450 418.7
1068460 418.6
1068470 418.6
1068480 418.6
1068490 418.6
1068500 418.6
1068510 418.6
1068520 418.6
1068530 418.6
1068540 418.6
1068550 418.6
1068560 418.6
1068570 418.6
1068580 418.6
1068590 416.3
1068600 416.3
1068610 414.9
1068620 413.1
1068630 413.1
1068640 412.8
1068650 412.8
1068660 412.8
1068670 412.8
1068680 412.8
1068690 412.8
1068700 412.8
1068710 412.8
1068720 412.8
1068730 412.9
1068740 416.0
1068750 417.6
1068760 417.6
1068770 418.4
1068780 418.5
1068790 418.5
1068800 418.6
1068810 418.5
1068820 418.5
1068830 418.6
1068840 418.6
1068850 418.6
1068860 418.7
1068870 418.8
1068880 418.8
1068890 418.8
1068900 419.7
1068910 419.7
1068920 421.3
1068930 420.0
1068940 420.0
1068950 417.8
1068960 416.5
1068970 416.5
1068980 416.4
1068990 416.3
1069000 416.3
1069010 416.3
1069020 416.3
1069030 416.3
1069040 416.3
1069050 416.2
1069060 416.4
1069070 416.4
1069080 416.5
1069090 415.5
1069100 415.5
1069110 416.5
1069120 416.0
1069130 416.0
1069140 415.9
1069150 416.0
1069160 416.0
1069170 415.9
1069180 415.9
1069190 415.9
1069200 415.8
1069210 415.8
1069220 415.8
1069230 415.7
1069240 415.6
1069250 415.6
1069260 415.6
1069270 415.6
1069280 415.6
1069290 415.5
1069300 415.5
1069310 415.5
1069320 415.5
1069330 415.7
1069340 416.3
1069350 416.3
1069360 416.6
1069370 416.2
1069380 416.2
1069390 415.7
1069400 415.4
1069410 415.4
1069420 415.4
1069430 415.4
1069440 415.4
1069450 415.5
1069460 415.5
1069470 415.5
1069480 415.4
1069490 415.5
1069500 415.5
1069510 415.4
1069520 415.5
1069530 415.5
1069540 415.7
1069550 415.7
1069560 415.7
1069570 415.7
1069580 415.6
1069590 415.6
1069600 415.8
1069610 415.7
1069620 415.7
1069630 415.6
1069640 415.6
1069650 415.7
1069660 415.7
1069670 415.8
1069680 415.7
1069690 415.7
1069700 415.8
1069710 415.8
1069720 415.8
1069730 416.1
1069740 416.1
1069750 416.1
1069760 416.0
1069770 416.0
1069780 416.0
1069790 415.9
1069800 415.6
1069810 415.6
1069820 415.3
1069830 415.5
1069840 415.5
1069850 415.5
1069860 415.5
1069870 415.5
1069880 415.6
1069890 415.2
1069900 415.2
1069910 415.0
1069920 415.1
1069930 415.1
1069940 415.3
1069950 414.9
1069960 414.8
1069970 414.8
1069980 414.9
1069990 414.7
1070000 414.7
1070010 414.9
1070020 414.9
1070030 414.9
1070040 414.9
1070050 415.0
1070060 415.0
1070070 415.2
1070080 415.2
1070090 415.2
1070100 415.1
1070110 415.0
1070120 415.0
1070130 415.1
1070140 415.0
1070150 415.0
1070160 415.1
1070170 414.9
1070180 414.9
1070190 414.6
1070200 414.6
1070210 414.6
1070220 414.7
1070230 414.7
1070240 414.6
1070250 414.6
1070260 414.5
1070270 414.5
1070280 414.5
1070290 414.5
1070300 414.6
1070310 414.6
1070320 414.7
1070330 414.9
1070340 414.9
1070350 414.8
1070360 414.7
1070370 414.7
1070380 414.8
1070390 414.6
1070400 414.6
1070410 414.6
1070420 414.5
1070430 414.5
1070440 414.4
1070450 414.3
1070460 414.3
1070470 414.3
1070480 414.2
1070490 414.2
1070500 414.1
1070510 414.1
1070520 414.1
1070530 414.0
1070540 414.0
1070550 414.0
1070560 414.0
1070570 414.0
1070580 414.0
1070590 414.0
1070600 414.0
1070610 414.0
1070620 414.0
1070630 414.0
1070640 413.7
1070650 413.7
1070660 413.1
1070670 413.8
1070680 413.8
1070690 414.0
1070700 414.0
1070710 414.0
1070720 414.0
1070730 414.0
1070740 414.0
1070750 414.0
1070760 414.0
1070770 414.0
1070780 413.9
1070790 414.0
1070800 414.0
1070810 414.0
1070820 414.0
1070830 414.0
1070840 414.0
1070850 414.0
1070860 414.0
1070870 414.0
1070880 414.0
1070890 414.0
1070900 414.0
1070910 413.9
1070920 413.9
1070930 413.9
1070940 413.9
1070950 413.9
1070960 413.9
1070970 413.9
1070980 413.8
1070990 413.8
1071000 413.8
1071010 413.8
1071020 413.8
1071030 413.9
1071040 413.9
1071050 413.9
1071060 414.2
1071070 414.7
1071080 414.7
1071090 414.7
1071100 414.6
1071110 414.6
1071120 414.5
1071130 415.3
1071140 415.0
1071150 415.0
1071160 414.5
1071170 414.4
1071180 414.4
1071190 414.3
1071200 414.3
1071210 414.3
1071220 414.2
1071230 414.4
1071240 414.4
1071250 414.8
1071260 415.1
1071270 415.1
1071280 414.3
1071290 414.0
1071300 414.0
1071310 413.8
1071320 413.7
1071330 413.7
1071340 413.7
1071350 413.7
1071360 413.7
1071370 413.7
1071380 413.6
1071390 413.6
1071400 413.6
1071410 413.6
1071420 413.6
1071430 413.6
1071440 413.5
1071450 413.5
1071460 413.5
1071470 413.4
1071480 413.3
1071490 413.3
1071500 413.4
1071510 413.4
1071520 413.4
1071530 413.5
1071540 413.6
1071550 413.6
1071560 413.6
1071570 413.5
1071580 413.5
1071590 413.3
1071600 413.3
1071610 413.3
1071620 413.3
1071630 413.4
1071640 413.4
1071650 413.4
1071660 413.4
1071670 413.4
1071680 413.4
1071690 413.4
1071700 413.4
1071710 413.3
1071720 413.0
1071730 413.0
1071740 413.0
1071750 413.1
1071760 413.2
1071770 413.2
1071780 413.4
1071790 413.5
1071800 413.5
1071810 413.4
1071820 413.4
1071830 413.4
1071840 413.3
1071850 413.2
1071860 413.2
1071870 413.0
1071880 413.0
1071890 413.0
1071900 413.0
1071910 413.0
1071920 413.0
1071930 412.9
1071940 412.8
1071950 412.8
1071960 412.9
1071970 412.9
1071980 412.9
1071990 412.9
1072000 412.8
1072010 412.8
1072020 412.3
1072030 412.3
1072040 412.7
1072050 412.7
1072060 413.0
1072070 413.2
1072080 413.2
1072090 413.3
1072100 413.3
1072110 413.3
1072120 413.3
1072130 413.2
1072140 413.2
1072150 413.3
1072160 413.3
1072170 413.3
1072180 413.3
1072190 413.4
1072200 413.4
1072210 413.3
1072220 413.2
1072230 413.2
1072240 413.2
1072250 413.1
1072260 413.1
1072270 413.1
1072280 413.0
1072290 413.0
1072300 413.0
1072310 413.0
1072320 413.0
1072330 413.0
1072340 412.9
1072350 412.9
1072360 412.9
1072370 412.9
1072380 412.9
1072390 412.9
1072400 412.9
1072410 412.9
1072420 412.9
1072430 412.8
1072440 412.9
1072450 412.9
1072460 413.0
1072470 413.0
1072480 413.0
1072490 412.9
1072500 413.1
1072510 413.1
1072520 413.8
1072530 413.9
1072540 413.9
1072550 413.8
1072560 413.8
1072570 413.8
1072580 413.0
1072590 413.0
1072600 413.0
1072610 413.8
1072620 415.6
1072630 415.6
1072640 415.9
1072650 415.9
1072660 415.1
1072670 415.1
1072680 412.9
1072690 412.9
1072700 412.9
1072710 413.0
1072720 412.9
1072730 412.9
1072740 412.9
1072750 412.9
1072760 412.9
1072770 412.9
1072780 412.9
1072790 412.9
1072800 412.9
1072810 412.8
1072820 412.8
1072830 412.9
1072840 413.2
1072850 413.2
1072860 413.2
1072870 413.3
1072880 413.3
1072890 413.3
1072900 413.4
1072910 413.4
1072920 413.5
1072930 413.5
1072940 413.6
1072950 413.6
1072960 413.6
1072970 413.8
1072980 413.8
1072990 413.6
1073000 413.0
1073010 413.0
1073020 413.0
1073030 413.0
1073040 413.0
1073050 413.2
1073060 413.0
1073070 413.0
1073080 413.1
1073090 413.0
1073100 413.0
1073110 413.0
1073120 412.9
1073130 412.9
1073140 412.8
1073150 412.8
1073160 412.8
1073170 412.8
1073180 413.0
1073190 413.0
1073200 413.0
1073210 412.8
1073220 412.8
1073230 413.0
1073240 413.1
1073250 412.9
1073260 412.9
1073270 412.2
1073280 412.4
1073290 412.4
1073300 412.5
1073310 412.5
1073320 412.5
1073330 412.5
1073340 412.4
1073350 412.4
1073360 412.3
1073370 412.3
1073380 412.3
1073390 412.2
1073400 412.1
1073410 412.1
1073420 412.1
1073430 412.1
1073440 412.1
1073450 412.0
1073460 412.3
1073470 412.3
1073480 412.2
1073490 412.3
1073500 412.3
1073510 412.3
1073520 412.4
1073530 412.6
1073540 412.6
1073550 412.9
1073560 412.8
1073570 412.8
1073580 412.6
1073590 412.5
1073600 412.5
1073610 412.5
1073620 412.3
1073630 412.3
1073640 412.4
1073650 412.4
1073660 412.4
1073670 412.4
1073680 412.2
1073690 412.2
1073700 411.7
1073710 411.7
1073720 411.7
1073730 411.7
1073740 411.7
1073750 411.7
1073760 411.9
1073770 411.8
1073780 411.8
1073790 411.6
1073800 411.3
1073810 411.3
1073820 411.2
1073830 411.4
1073840 411.4
1073850 411.4
1073860 411.4
1073870 411.9
1073880 411.9
1073890 411.9
1073900 411.8
1073910 411.8
1073920 411.6
1073930 411.0
1073940 411.0
1073950 411.1
1073960 411.5
1073970 411.5
1073980 411.8
1073990 411.9
1074000 411.9
1074010 412.2
1074020 412.6
1074030 412.6
1074040 412.9
1074050 412.9
1074060 412.9
1074070 413.0
1074080 413.1
1074090 413.1
1074100 413.6
1074110 413.9
1074120 413.9
1074130 414.0
1074140 414.1
1074150 414.1
1074160 414.1
1074170 414.1
1074180 414.1
1074190 414.1
1074200 414.1
1074210 414.0
1074220 414.0
1074230 414.4
1074240 416.4
1074250 416.4
1074260 416.7
1074270 415.3
1074280 415.3
1074290 413.9
1074300 413.9
1074310 413.9
1074320 413.9
1074330 413.7
1074340 413.7
1074350 413.8
1074360 413.8
1074370 413.8
1074380 413.9
1074390 414.0
1074400 414.0
1074410 414.0
1074420 414.0
1074430 414.0
1074440 414.0
1074450 413.7
1074460 413.6
1074470 413.6
1074480 413.4
1074490 413.3
1074500 413.3
1074510 413.3
1074520 413.5
1074530 413.5
1074540 413.3
1074550 413.2
1074560 413.2
1074570 413.2
1074580 413.7
1074590 413.7
1074600 414.3
1074610 414.4
1074620 414.4
1074630 414.1
1074640 414.1
1074650 414.1
1074660 413.9
1074670 413.9
1074680 413.9
1074690 414.1
1074700 414.1
1074710 414.1
1074720 413.5
1074730 413.4
1074740 412.5
1074750 412.5
1074760 412.3
1074770 412.2
1074780 412.2
1074790 412.2
1074800 412.4
1074810 412.4
1074820 412.9
1074830 412.7
1074840 412.7
1074850 412.2
1074860 412.1
1074870 412.1
1074880 412.1
1074890 412.1
1074900 412.1
1074910 412.0
1074920 412.0
1074930 412.0
1074940 412.0
1074950 412.0
1074960 412.0
1074970 411.9
1074980 412.0
1074990 412.0
1075000 412.5
1075010 412.5
1075020 412.5
1075030 412.1
1075040 411.9
1075050 412.0
1075060 412.0
1075070 412.1
1075080 412.2
1075090 412.2
1075100 412.2
1075110 412.1
1075120 412.1
1075130 412.0
1075140 411.6
1075150 411.6
1075160 411.5
1075170 412.4
1075180 412.4
1075190 412.4
1075200 412.3
1075210 412.3
1075220 412.3
1075230 412.5
1075240 412.5
1075250 412.8
1075260 412.9
1075270 412.9
1075280 413.0
1075290 413.1
1075300 413.1
1075310 412.9
1075320 412.5
1075330 412.3
1075340 412.3
1075350 412.0
1075360 411.8
1075370 411.8
1075380 411.6
1075390 411.5
1075400 411.5
1075410 411.4
1075420 411.2
1075430 411.2
1075440 411.1
1075450 411.0
1075460 411.0
1075470 410.8
1075480 410.7
1075490 410.7
1075500 410.7
1075510 410.8
1075520 410.8
1075530 410.7
1075540 410.8
1075550 410.8
1075560 410.8
1075570 410.8
1075580 410.8
1075590 410.8
1075600 410.8
1075610 410.8
1075620 411.0
1075630 411.2
1075640 411.4
1075650 411.4
1075660 411.6
1075670 411.7
1075680 411.7
1075690 411.8
1075700 411.8
1075710 411.8
1075720 411.8
1075730 411.8
1075740 411.8
1075750 411.8
1075760 411.9
1075770 411.9
1075780 411.8
1075790 411.9
1075800 411.9
1075810 411.6
1075820 411.6
1075830 411.6
1075840 411.5
1075850 411.5
1075860 411.5
1075870 411.0
1075880 412.2
1075890 412.2
1075900 412.6
1075910 411.7
1075920 411.4
1075930 411.4
1075940 410.7
1075950 410.6
1075960 410.6
1075970 410.7
1075980 410.7
1075990 410.7
1076000 410.7
1076010 410.8
1076020 410.8
1076030 410.8
1076040 410.8
1076050 410.8
1076060 410.7
1076070 410.7
1076080 410.7
1076090 410.6
1076100 410.5
1076110 410.5
1076120 410.7
1076130 411.0
1076140 411.0
1076150 411.1
1076160 410.8
1076170 410.8
1076180 410.7
1076190 410.6
1076200 410.6
1076210 410.5
1076220 410.5
1076230 410.4
1076240 410.4
1076250 410.5
1076260 410.5
1076270 410.5
1076280 410.5
1076290 410.5
1076300 410.5
1076310 410.5
1076320 410.5
1076330 410.5
1076340 410.5
1076350 410.6
1076360 410.6
1076370 410.6
1076380 410.6
1076390 410.6
1076400 410.7
1076410 410.6
1076420 410.6
1076430 411.4
1076440 411.9
1076450 411.9
1076460 412.3
1076470 412.5
1076480 412.5
1076490 412.5
1076500 412.4
1076510 412.4
1076520 412.3
1076530 412.1
1076540 412.2
1076550 412.2
1076560 412.3
1076570 412.4
1076580 412.4
1076590 412.4
1076600 412.5
1076610 412.5
1076620 412.8
1076630 413.0
1076640 413.0
1076650 413.3
1076660 413.7
1076670 413.7
1076680 417.0
1076690 420.4
1076700 420.4
1076710 420.6
1076720 425.5
1076730 425.5
1076740 430.5
1076750 434.0
1076760 434.0
1076770 439.4
1076780 445.9
1076790 445.9
1076800 449.0
1076810 450.5
1076820 451.8
1076830 451.8
1076840 453.9
1076850 455.9
1076860 455.9
1076870 457.5
1076880 460.4
1076890 460.4
1076900 464.0
1076910 467.5
1076920 467.5
1076930 471.3
1076940 474.0
1076950 474.0
1076960 476.1
1076970 478.5
1076980 478.5
1076990 480.2
1077000 481.7
1077010 481.7
1077020 484.2
1077030 487.2
1077040 493.7
1077050 497.0
1077060 500.4
1077070 500.4
1077080 503.0
1077090 505.2
1077100 505.2
1077110 508.3
1077120 512.3
1077130 516.8
1077140 516.8
1077150 521.1
1077160 525.1
1077170 525.1
1077180 529.5
1077190 533.9
1077200 533.9
1077210 538.3
1077220 543.0
1077230 543.0
1077240 547.8
1077250 552.1
1077260 552.1
1077270 555.8
1077280 560.4
1077290 560.4
1077300 564.4
1077310 568.2
1077320 568.2
1077330 572.5
1077340 577.5
1077350 583.3
1077360 588.3
1077370 593.2
1077380 593.2
1077390 599.3
1077400 605.9
1077410 605.9
1077420 612.8
1077430 618.9
1077440 624.0
1077450 624.0
1077460 629.0
1077470 634.7
1077480 634.7
1077490 641.0
1077500 647.2
1077510 647.2
1077520 652.1
1077530 655.9
1077540 655.9
1077550 661.0
1077560 667.5
1077570 667.5
1077580 672.6
1077590 684.3
1077600 684.3
1077610 696.6
1077620 710.8
1077630 710.8
1077640 730.2
1077650 739.3
1077660 748.9
1077670 756.6
1077680 763.5
1077690 763.5
1077700 768.0
1077710 770.7
1077720 772.8
1077730 772.8
1077740 775.0
1077750 779.4
1077760 779.4
1077770 784.4
1077780 789.4
1077790 789.4
1077800 795.4
1077810 802.4
1077820 802.4
1077830 809.1
1077840 814.0
1077850 814.0
1077860 815.4
1077870 814.4
1077880 814.4
1077890 816.8
1077900 821.9
1077910 821.9
1077920 830.7
1077930 841.7
1077940 841.7
1077950 848.5
1077960 851.8
1077970 851.8
1077980 861.5
1077990 864.4
1078000 864.4
1078010 867.3
1078020 870.1
1078030 872.8
1078040 872.8
1078050 875.1
1078060 878.2
1078070 878.2
1078080 880.8
1078090 882.9
1078100 882.9
1078110 883.8
1078120 884.0
1078130 884.0
1078140 883.2
1078150 880.4
1078160 880.4
1078170 875.9
1078180 872.3
1078190 872.3
1078200 870.1
1078210 870.4
1078220 870.4
1078230 872.1
1078240 872.9
1078250 872.9
1078260 874.1
1078270 876.1
1078280 876.1
1078290 875.7
1078300 876.6
1078310 877.7
1078320 877.7
1078330 878.6
1078340 879.3
1078350 879.3
1078360 880.0
1078370 880.7
1078380 880.7
1078390 881.4
1078400 882.1
1078410 882.1
1078420 883.1
1078430 883.9
1078440 883.9
1078450 885.0
1078460 885.9
1078470 885.9
1078480 887.3
1078490 889.0
1078500 889.0
1078510 890.7
1078520 892.3
1078530 892.3
1078540 893.9
1078550 896.1
1078560 896.1
1078570 897.9
1078580 899.4
1078590 899.4
1078600 902.5
1078610 905.0
1078620 906.9
1078630 906.9
1078640 908.3
1078650 909.1
1078660 909.1
1078670 909.7
1078680 910.2
1078690 910.2
1078700 910.7
1078710 911.7
1078720 911.7
1078730 912.5
1078740 913.0
1078750 913.0
1078760 914.0
1078770 915.0
1078780 915.0
1078790 915.7
1078800 916.8
1078810 916.8
1078820 918.5
1078830 921.4
1078840 921.4
1078850 923.3
1078860 924.5
1078870 924.5
1078880 924.8
1078890 922.7
1078900 922.7
1078910 921.0
1078920 924.7
1078930 923.3
1078940 923.3
1078950 922.5
1078960 927.9
1078970 927.9
1078980 932.0
1078990 934.4
1079000 934.4
1079010 936.4
1079020 936.7
1079030 936.7
1079040 937.2
1079050 933.5
1079060 933.5
1079070 931.5
1079080 939.0
1079090 939.0
1079100 938.7
1079110 944.0
1079120 944.0
1079130 946.0
1079140 948.4
1079150 948.4
1079160 948.9
1079170 942.8
1079180 942.8
1079190 940.4
1079200 944.0
1079210 949.3
1079220 949.3
1079230 965.8
1079240 976.1
1079250 976.1
1079260 985.5
1079270 992.6
1079280 992.6
1079290 999.2
1079300 1005.3
1079310 1005.3
1079320 1018.6
1079330 1046.9
1079340 1046.9
1079350 1054.5
1079360 1060.0
1079370 1060.0
1079380 1065.5
1079390 1071.1
1079400 1071.1
1079410 1077.8
1079420 1084.7
1079430 1084.7
1079440 1091.7
1079450 1099.3
1079460 1099.3
1079470 1106.4
1079480 1113.2
1079490 1113.2
1079500 1120.9
1079510 1127.8
1079520 1135.0
1079530 1135.0
1079540 1141.2
1079550 1155.7
1079560 1155.7
1079570 1160.1
1079580 1163.9
1079590 1163.9
1079600 1165.8
1079610 1167.8
1079620 1167.8
1079630 1170.7
1079640 1171.9
1079650 1171.9
1079660 1172.7
1079670 1174.3
1079680 1174.3
1079690 1177.1
1079700 1179.7
1079710 1179.7
1079720 1182.3
1079730 1185.1
1079740 1185.1
1079750 1188.4
1079760 1192.4
1079770 1192.4
1079780 1197.0
1079790 1199.8
1079800 1201.5
1079810 1201.5
1079820 1201.3
1079830 1198.4
1079840 1198.4
1079850 1195.6
1079860 1203.1
1079870 1203.1
1079880 1198.9
1079890 1192.8
1079900 1192.8
1079910 1182.0
1079920 1141.3
1079930 1141.3
1079940 1119.0
1079950 1108.8
1079960 1108.8
1079970 1098.4
1079980 1088.0
1079990 1088.0
