1068070 417.5
1068080 417.5
1068090 417.5
1068100 417.5
1068110 417.5
1068120 417.7
1068130 418.9
1068140 418.9
1068150 419.3
1068160 419.3
1068170 419.3
1068180 419.5
1068190 420.7
1068200 421.5
1068210 421.5
1068220 419.3
1068230 418.9
1068240 418.9
1068250 418.8
1068260 418.8
1068270 418.8
1068280 418.8
1068290 418.7
1068300 418.7
1068310 418.8
1068320 418.8
1068330 418.8
1068340 418.8
1068350 418.8
1068360 418.8
1068370 418.7
1068380 418.7
1068390 418.7
1068400 419.0
1068410 419.0
1068420 419.0
1068430 416.5
1068440 414.8
1068450 414.8
1068460 413.4
1068470 413.4
1068480 413.4
1068490 413.4
1068500 413.4
1068510 413.4
1068520 413.4
1068530 413.4
1068540 413.4
1068550 413.4
1068560 413.9
1068570 417.5
1068580 417.5
1068590 418.5
1068600 419.1
1068610 419.1
1068620 419.1
1068630 419.1
1068640 419.1
1068650 419.1
1068660 420.0
1068670 420.0
1068680 421.7
1068690 419.9
1068700 419.9
1068710 418.3
1068720 417.2
1068730 416.9
1068740 417.4
1068750 417.6
1068760 417.6
1068770 417.5
1068780 417.6
1068790 417.4
1068800 417.4
1068810 417.2
1068820 416.0
1068830 416.0
1068840 417.0
1068850 416.7
1068860 416.7
1068870 416.2
1068880 416.1
1068890 416.1
1068900 416.1
1068910 416.1
1068920 416.1
1068930 416.0
1068940 415.9
1068950 415.9
1068960 415.9
1068970 415.9
1068980 415.9
1068990 415.9
1069000 415.9
1069010 415.9
1069020 415.9
1069030 415.9
1069040 415.7
1069050 415.6
1069060 415.6
1069070 415.6
1069080 415.7
1069090 415.7
1069100 415.6
1069110 415.6
1069120 415.6
1069130 415.8
1069140 415.8
1069150 416.3
1069160 416.4
1069170 416.4
1069180 416.8
1069190 416.9
1069200 416.9
1069210 416.9
1069220 417.0
1069230 417.0
1069240 416.8
1069250 416.8
1069260 416.8
1069270 416.9
1069280 416.8
1069290 416.8
1069300 416.5
1069310 415.9
1069320 415.9
1069330 415.7
1069340 415.7
1069350 415.8
1069360 415.7
1069370 415.8
1069380 415.8
1069390 416.0
1069400 416.1
1069410 416.1
1069420 416.1
1069430 415.9
1069440 415.7
1069450 415.7
1069460 415.5
1069470 415.3
1069480 415.3
1069490 415.8
1069500 416.7
1069510 416.7
1069520 419.1
1069530 424.5
1069540 424.5
1069550 430.2
1069560 434.9
1069570 434.9
1069580 442.3
1069590 450.0
1069600 450.0
1069610 454.1
1069620 454.6
1069630 454.6
1069640 454.0
1069650 435.3
1069660 435.3
1069670 431.3
1069680 427.6
1069690 424.2
1069700 424.2
1069710 421.8
1069720 420.2
1069730 420.2
1069740 419.3
1069750 417.2
1069760 417.2
1069770 416.5
1069780 415.9
1069790 415.9
1069800 415.5
1069810 415.3
1069820 415.3
1069830 415.2
1069840 415.1
1069850 415.1
1069860 416.0
1069870 416.0
1069880 416.0
1069890 415.4
1069900 415.4
1069910 415.4
1069920 415.4
1069930 415.7
1069940 415.7
1069950 416.1
1069960 416.5
1069970 416.5
1069980 416.4
1069990 416.9
1070000 418.8
1070010 418.8
1070020 423.6
1070030 421.7
1070040 421.7
1070050 419.5
1070060 419.7
1070070 419.7
1070080 417.8
1070090 415.9
1070100 415.9
1070110 415.0
1070120 414.8
1070130 414.8
1070140 414.7
1070150 414.7
1070160 414.7
1070170 414.8
1070180 414.6
1070190 414.6
1070200 414.5
1070210 414.5
1070220 414.5
1070230 414.4
1070240 414.5
1070250 414.5
1070260 414.6
1070270 414.7
1070280 414.6
1070290 414.6
1070300 414.9
1070310 414.9
1070320 414.9
1070330 414.7
1070340 414.6
1070350 414.6
1070360 414.7
1070370 414.9
1070380 414.9
1070390 414.8
1070400 414.9
1070410 414.9
1070420 414.6
1070430 414.5
1070440 414.5
1070450 414.2
1070460 414.2
1070470 414.2
1070480 414.3
1070490 414.5
1070500 414.5
1070510 414.4
1070520 414.5
1070530 414.5
1070540 414.4
1070550 414.4
1070560 414.4
1070570 414.2
1070580 414.1
1070590 414.0
1070600 414.0
1070610 413.8
1070620 414.2
1070630 414.2
1070640 414.2
1070650 414.2
1070660 414.2
1070670 414.2
1070680 414.2
1070690 414.2
1070700 414.2
1070710 414.2
1070720 414.2
1070730 414.1
1070740 414.1
1070750 414.1
1070760 414.1
1070770 414.1
1070780 414.1
1070790 414.1
1070800 414.1
1070810 414.1
1070820 414.1
1070830 414.1
1070840 414.1
1070850 414.6
1070860 414.4
1070870 414.4
1070880 414.3
1070890 414.4
1070900 414.2
1070910 414.2
1070920 414.2
1070930 414.2
1070940 414.2
1070950 413.9
1070960 414.1
1070970 414.1
1070980 414.3
1070990 414.1
1071000 414.1
1071010 414.4
1071020 414.5
1071030 414.5
1071040 414.3
1071050 414.4
1071060 414.4
1071070 414.3
1071080 414.1
1071090 414.1
1071100 413.8
1071110 413.9
1071120 413.9
1071130 414.0
1071140 414.1
1071150 414.1
1071160 414.5
1071170 415.1
1071180 414.2
1071190 414.0
1071200 413.9
1071210 413.9
1071220 413.9
1071230 413.8
1071240 413.6
1071250 413.6
1071260 413.5
1071270 413.5
1071280 413.5
1071290 413.5
1071300 413.5
1071310 413.5
1071320 413.6
1071330 413.7
1071340 413.7
1071350 413.9
1071360 414.3
1071370 414.3
1071380 414.3
1071390 414.2
1071400 414.2
1071410 414.2
1071420 414.2
1071430 414.2
1071440 414.3
1071450 414.2
1071460 414.2
1071470 413.9
1071480 414.0
1071490 413.9
1071500 413.9
1071510 414.0
1071520 413.9
1071530 413.9
1071540 413.7
1071550 413.5
1071560 413.5
1071570 413.4
1071580 413.4
1071590 413.4
1071600 413.3
1071610 413.3
1071620 413.3
1071630 413.2
1071640 413.3
1071650 413.3
1071660 413.3
1071670 413.3
1071680 413.3
1071690 413.3
1071700 413.3
1071710 413.3
1071720 413.4
1071730 413.4
1071740 413.4
1071750 413.3
1071760 413.4
1071770 413.4
1071780 413.3
1071790 413.3
1071800 413.4
1071810 413.4
1071820 413.4
1071830 413.5
1071840 413.5
1071850 413.5
1071860 413.5
1071870 413.5
1071880 413.5
1071890 413.4
1071900 413.4
1071910 413.4
1071920 413.4
1071930 413.4
1071940 413.3
1071950 413.3
1071960 413.3
1071970 413.3
1071980 413.5
1071990 413.5
1072000 413.5
1072010 413.4
1072020 413.4
1072030 413.4
1072040 413.4
1072050 413.4
1072060 413.2
1072070 413.1
1072080 413.2
1072090 413.2
1072100 413.3
1072110 413.2
1072120 413.3
1072130 413.2
1072140 413.2
1072150 413.2
1072160 413.7
1072170 415.1
1072180 415.1
1072190 415.0
1072200 415.3
1072210 415.3
1072220 414.2
1072230 413.3
1072240 413.3
1072250 413.2
1072260 413.2
1072270 413.2
1072280 413.2
1072290 413.3
1072300 413.3
1072310 413.3
1072320 413.3
1072330 413.3
1072340 413.4
1072350 413.7
1072360 413.7
1072370 413.9
1072380 413.6
1072390 413.7
1072400 413.7
1072410 413.6
1072420 414.5
1072430 415.5
1072440 417.8
1072450 418.1
1072460 418.1
1072470 418.1
1072480 417.9
1072490 417.9
1072500 415.4
1072510 413.7
1072520 413.7
1072530 413.9
1072540 414.0
1072550 414.0
1072560 414.0
1072570 414.0
1072580 414.0
1072590 414.1
1072600 414.2
1072610 414.2
1072620 414.4
1072630 414.4
1072640 414.4
1072650 414.3
1072660 414.3
1072670 414.4
1072680 414.4
1072690 414.4
1072700 414.4
1072710 414.4
1072720 414.3
1072730 414.5
1072740 415.1
1072750 415.3
1072760 415.3
1072770 415.3
1072780 415.1
1072790 415.3
1072800 415.3
1072810 415.4
1072820 415.4
1072830 415.4
1072840 415.5
1072850 415.4
1072860 415.4
1072870 415.3
1072880 415.6
1072890 415.6
1072900 416.0
1072910 416.2
1072920 416.2
1072930 416.4
1072940 416.2
1072950 416.2
1072960 416.3
1072970 416.4
1072980 416.4
1072990 416.4
1073000 416.5
1073010 416.6
1073020 416.6
1073030 416.7
1073040 416.8
1073050 416.8
1073060 416.8
1073070 416.6
1073080 416.6
1073090 415.8
1073100 415.0
1073110 415.0
1073120 414.7
1073130 414.4
1073140 414.4
1073150 414.2
1073160 414.4
1073170 414.4
1073180 414.1
1073190 413.7
1073200 413.7
1073210 413.4
1073220 413.3
1073230 413.3
1073240 413.3
1073250 413.1
1073260 413.1
1073270 413.0
1073280 412.9
1073290 412.8
1073300 412.8
1073310 412.6
1073320 412.2
1073330 412.2
1073340 412.1
1073350 412.0
1073360 412.0
1073370 412.0
1073380 412.0
1073390 412.0
1073400 412.0
1073410 411.9
1073420 411.9
1073430 412.1
1073440 412.2
1073450 412.2
1073460 412.2
1073470 412.2
1073480 412.2
1073490 412.0
1073500 412.0
1073510 412.0
1073520 412.0
1073530 412.0
1073540 412.0
1073550 412.0
1073560 412.2
1073570 412.4
1073580 412.4
1073590 412.4
1073600 412.4
1073610 412.4
1073620 412.4
1073630 412.3
1073640 412.3
1073650 412.5
1073660 413.0
1073670 417.0
1073680 419.6
1073690 420.6
1073700 420.6
1073710 420.7
1073720 420.7
1073730 420.7
1073740 420.8
1073750 420.9
1073760 420.9
1073770 420.9
1073780 420.7
1073790 420.7
1073800 420.3
1073810 419.1
1073820 419.1
1073830 419.3
1073840 420.2
1073850 420.2
1073860 420.6
1073870 420.8
1073880 421.0
1073890 421.0
1073900 421.1
1073910 420.7
1073920 420.7
1073930 420.6
1073940 420.6
1073950 420.6
1073960 420.5
1073970 420.5
1073980 420.8
1073990 420.5
1074000 420.5
1074010 420.5
1074020 420.5
1074030 420.7
1074040 420.7
1074050 420.5
1074060 420.5
1074070 420.5
1074080 420.5
1074090 420.5
1074100 420.5
1074110 420.6
1074120 421.1
1074130 421.1
1074140 421.0
1074150 420.4
1074160 420.3
1074170 420.3
1074180 420.3
1074190 420.3
1074200 420.3
1074210 420.5
1074220 420.6
1074230 420.6
1074240 420.6
1074250 420.6
1074260 420.6
1074270 421.0
1074280 421.1
1074290 421.4
1074300 421.6
1074310 421.7
1074320 421.7
1074330 421.8
1074340 421.8
1074350 421.8
1074360 421.9
1074370 421.7
1074380 421.7
1074390 421.7
1074400 421.7
1074410 421.7
1074420 421.6
1074430 421.6
1074440 421.6
1074450 421.5
1074460 421.4
1074470 421.2
1074480 421.2
1074490 421.0
1074500 420.8
1074510 420.8
1074520 420.6
1074530 420.4
1074540 420.4
1074550 420.2
1074560 420.1
1074570 420.1
1074580 420.0
1074590 420.0
1074600 420.4
1074610 420.3
1074620 420.3
1074630 420.3
1074640 420.7
1074650 421.2
1074660 421.2
1074670 422.1
1074680 422.4
1074690 422.4
1074700 423.1
1074710 425.1
1074720 425.1
1074730 426.0
1074740 427.1
1074750 427.1
1074760 427.5
1074770 427.9
1074780 428.6
1074790 428.6
1074800 429.5
1074810 432.4
1074820 432.4
1074830 435.7
1074840 440.4
1074850 440.4
1074860 443.4
1074870 448.2
1074880 448.2
1074890 453.1
1074900 456.5
1074910 456.1
1074920 458.9
1074930 461.7
1074940 461.7
1074950 464.7
1074960 466.8
1074970 466.8
1074980 468.3
1074990 468.8
1075000 468.8
1075010 469.1
1075020 471.0
1075030 471.0
1075040 473.0
1075050 476.1
1075060 477.3
1075070 477.3
1075080 475.8
1075090 474.6
1075100 474.6
1075110 473.8
1075120 472.5
1075130 472.5
1075140 471.0
1075150 471.4
1075160 471.4
1075170 474.0
1075180 474.6
1075190 474.6
1075200 472.1
1075210 459.6
1075220 456.6
1075230 440.7
1075240 430.5
1075250 430.5
1075260 422.2
1075270 417.6
1075280 417.6
1075290 414.8
1075300 414.6
1075310 414.6
1075320 414.6
1075330 415.1
1075340 415.1
1075350 415.3
1075360 415.2
1075370 415.3
1075380 415.3
1075390 415.3
1075400 415.3
1075410 415.3
1075420 415.2
1075430 415.0
1075440 415.0
1075450 414.7
1075460 414.5
1075470 414.5
1075480 414.3
1075490 413.7
1075500 413.7
1075510 413.2
1075520 412.9
1075530 414.1
1075540 415.0
1075550 416.4
1075560 416.4
1075570 416.4
1075580 417.0
1075590 417.0
1075600 419.8
1075610 426.9
1075620 426.9
1075630 435.1
1075640 432.7
1075650 429.6
1075660 429.6
1075670 428.5
1075680 429.9
1075690 429.9
1075700 430.1
1075710 430.7
1075720 430.7
1075730 432.0
1075740 433.5
1075750 433.5
1075760 433.9
1075770 435.8
1075780 435.8
1075790 438.3
1075800 439.4
1075810 439.4
1075820 441.1
1075830 448.0
1075840 448.0
1075850 474.4
1075860 476.4
1075870 476.4
1075880 481.2
1075890 494.8
1075900 494.8
1075910 502.7
1075920 506.7
1075930 506.7
1075940 504.1
1075950 499.9
1075960 495.0
1075970 495.0
1075980 492.9
1075990 500.2
1076000 500.2
1076010 515.2
1076020 512.7
1076030 512.7
1076040 498.8
1076050 489.0
1076060 489.0
1076070 488.3
1076080 488.3
1076090 488.3
1076100 472.7
1076110 463.2
1076120 463.2
1076130 501.1
1076140 513.5
1076150 513.5
1076160 524.9
1076170 534.1
1076180 534.1
1076190 551.2
1076200 562.9
1076210 562.9
1076220 573.5
1076230 579.5
1076240 579.5
1076250 583.0
1076260 585.8
1076270 588.0
1076280 588.0
1076290 589.2
1076300 590.2
1076310 590.2
1076320 591.1
1076330 592.8
1076340 592.8
1076350 594.5
1076360 595.8
1076370 595.8
1076380 597.1
1076390 598.1
1076400 598.1
1076410 598.5
1076420 598.9
1076430 598.9
1076440 600.5
1076450 602.3
1076460 602.3
1076470 602.7
1076480 603.1
1076490 603.1
1076500 603.7
1076510 604.7
1076520 604.7
1076530 606.2
1076540 608.3
1076550 610.8
1076560 610.8
1076570 613.7
1076580 617.6
1076590 617.6
1076600 621.7
1076610 626.1
1076620 626.1
1076630 630.9
1076640 635.7
1076650 635.7
1076660 640.0
1076670 643.3
1076680 643.3
1076690 647.0
1076700 650.7
1076710 650.7
1076720 653.7
1076730 656.0
1076740 656.0
1076750 657.9
1076760 660.3
1076770 660.3
1076780 672.5
1076790 678.9
1076800 678.9
1076810 684.1
1076820 688.1
1076830 688.1
1076840 689.4
1076850 690.7
1076860 693.5
1076870 693.5
1076880 697.7
1076890 701.3
1076900 701.3
1076910 703.1
1076920 704.0
1076930 704.0
1076940 705.1
1076950 706.5
1076960 706.5
1076970 707.8
1076980 708.7
1076990 708.7
1077000 709.0
1077010 709.4
1077020 709.4
1077030 710.0
1077040 710.9
1077050 710.9
1077060 712.1
1077070 713.3
1077080 713.3
1077090 715.0
1077100 716.7
1077110 716.7
1077120 718.0
1077130 719.2
1077140 720.2
1077150 720.2
1077160 721.3
1077170 722.8
1077180 722.8
1077190 725.1
1077200 727.8
1077210 727.8
1077220 729.8
1077230 731.6
1077240 731.6
1077250 732.4
1077260 733.3
1077270 733.3
1077280 734.7
1077290 737.5
1077300 737.5
1077310 740.7
1077320 744.0
1077330 744.0
1077340 749.9
1077350 757.0
1077360 757.0
1077370 764.1
1077380 769.4
1077390 769.4
1077400 772.6
1077410 777.0
1077420 777.0
1077430 779.7
1077440 782.8
1077450 786.4
1077460 786.4
1077470 789.8
1077480 795.3
1077490 795.3
1077500 800.4
1077510 800.7
1077520 800.7
1077530 802.4
1077540 806.7
1077550 806.7
1077560 810.4
1077570 814.8
1077580 814.8
1077590 820.5
1077600 824.6
1077610 824.6
1077620 830.2
1077630 835.8
1077640 835.8
1077650 838.5
1077660 841.2
1077670 841.2
1077680 846.5
1077690 851.9
1077700 851.9
1077710 854.9
1077720 859.4
1077730 864.2
1077740 864.2
1077750 869.1
1077760 874.0
1077770 874.0
1077780 879.1
1077790 885.2
1077800 885.2
1077810 891.6
1077820 897.4
1077830 897.4
1077840 902.9
1077850 906.8
1077860 906.8
1077870 910.8
1077880 914.6
1077890 914.6
1077900 917.6
1077910 920.9
1077920 920.9
1077930 924.4
1077940 928.1
1077950 928.1
1077960 932.1
1077970 937.2
1077980 937.2
1077990 942.5
1078000 947.8
1078010 947.8
1078020 953.3
1078030 964.2
1078040 969.1
1078050 969.1
1078060 974.5
1078070 979.8
1078080 979.8
1078090 991.4
1078100 998.8
1078110 998.8
1078120 1001.3
1078130 1005.9
1078140 1005.9
1078150 1013.1
1078160 1022.2
1078170 1022.2
1078180 1031.1
1078190 1036.8
1078200 1036.8
1078210 1043.0
1078220 1055.9
1078230 1055.9
1078240 1072.7
1078250 1101.0
1078260 1101.0
1078270 1134.7
1078280 1147.6
1078290 1147.6
1078300 1151.3
1078310 1153.7
1078320 1153.7
1078330 1153.6
1078340 1153.6
1078350 1158.3
1078360 1158.3
1078370 1158.3
1078380 1157.3
1078390 1157.3
1078400 1157.2
1078410 1157.8
1078420 1157.8
1078430 1157.7
1078440 1156.7
1078450 1156.7
1078460 1154.6
1078470 1152.1
1078480 1152.1
1078490 1151.2
1078500 1150.1
1078510 1150.1
1078520 1150.2
1078530 1150.6
1078540 1150.6
1078550 1150.5
1078560 1150.4
1078570 1150.4
1078580 1149.8
1078590 1148.9
1078600 1148.9
1078610 1147.5
1078620 1145.5
1078630 1143.6
1078640 1143.6
1078650 1142.8
1078660 1142.2
1078670 1142.2
1078680 1140.2
1078690 1137.9
1078700 1137.9
1078710 1135.2
1078720 1132.8
1078730 1132.8
1078740 1130.9
1078750 1128.9
1078760 1128.9
1078770 1126.6
1078780 1124.3
1078790 1124.3
1078800 1121.3
1078810 1117.6
1078820 1117.6
1078830 1113.6
1078840 1108.5
1078850 1108.5
1078860 1104.1
1078870 1101.1
1078880 1101.1
1078890 1099.7
1078900 1100.7
1078910 1100.7
1078920 1102.8
1078930 1105.4
1078940 1107.7
1078950 1107.7
1078960 1109.7
1078970 1112.4
1078980 1112.1
1078990 1113.0
1079000 1110.4
1079010 1110.4
1079020 1113.0
1079030 1114.9
1079040 1114.9
1079050 1116.9
1079060 1120.5
1079070 1120.5
1079080 1124.5
1079090 1125.1
1079100 1125.1
1079110 1121.8
1079120 1119.7
1079130 1119.7
1079140 1117.2
1079150 1112.9
1079160 1112.9
1079170 1109.3
1079180 1107.3
1079190 1107.3
1079200 1106.6
1079210 1106.5
1079220 1107.6
1079230 1107.6
1079240 1110.0
1079250 1112.4
1079260 1112.4
1079270 1114.7
1079280 1117.0
1079290 1123.8
1079300 1126.6
1079310 1129.4
1079320 1129.4
1079330 1132.8
1079340 1134.8
1079350 1134.8
1079360 1135.2
1079370 1135.9
1079380 1135.9
1079390 1137.4
1079400 1137.9
1079410 1137.9
1079420 1137.4
1079430 1137.0
1079440 1137.0
1079450 1135.9
1079460 1134.5
1079470 1134.5
1079480 1133.2
1079490 1132.1
1079500 1132.1
1079510 1130.5
1079520 1128.8
1079530 1127.5
1079540 1127.5
1079550 1126.9
1079560 1128.1
1079570 1128.1
1079580 1129.6
1079590 1130.4
1079600 1123.6
1079610 1124.2
1079620 1124.3
1079630 1124.3
1079640 1123.7
1079650 1122.0
1079660 1122.0
1079670 1120.8
1079680 1119.8
1079690 1119.8
1079700 1118.2
1079710 1115.9
1079720 1115.9
1079730 1113.4
1079740 1111.7
1079750 1111.7
1079760 1110.2
1079770 1108.9
1079780 1108.9
1079790 1107.6
1079800 1106.4
1079810 1105.6
1079820 1105.6
1079830 1105.0
1079840 1104.2
1079850 1104.2
1079860 1103.9
1079870 1104.7
1079880 1104.7
1079890 1106.7
1079900 1107.6
1079910 1107.6
1079920 1107.2
1079930 1107.2
1079940 1107.2
1079950 1107.0
1079960 1106.6
1079970 1106.6
1079980 1106.4
1079990 1106.0
