1068110 417.3
1068120 417.5
1068130 417.5
1068140 417.5
1068150 417.6
1068160 417.6
1068170 418.5
1068180 418.8
1068190 418.8
1068200 418.6
1068210 418.8
1068220 418.8
1068230 420.3
1068240 421.7
1068250 421.7
1068260 419.0
1068270 418.8
1068280 418.8
1068290 418.8
1068300 418.8
1068310 418.8
1068320 418.8
1068330 418.8
1068340 418.8
1068350 418.8
1068360 418.8
1068370 418.8
1068380 418.8
1068390 418.7
1068400 418.7
1068410 418.7
1068420 418.7
1068430 418.7
1068440 418.7
1068450 419.0
1068460 417.0
1068470 417.0
1068480 415.5
1068490 413.4
1068500 413.4
1068510 413.3
1068520 413.3
1068530 413.3
1068540 413.3
1068550 413.2
1068560 413.2
1068570 413.3
1068580 413.3
1068590 413.3
1068600 413.7
1068610 417.7
1068620 417.7
1068630 418.2
1068640 419.0
1068650 419.0
1068660 419.0
1068670 418.9
1068680 418.9
1068690 418.9
1068700 419.0
1068710 419.9
1068720 419.9
1068730 421.7
1068740 419.5
1068750 419.5
1068760 417.8
1068770 416.8
1068780 416.8
1068790 416.0
1068800 415.9
1068810 415.9
1068820 415.9
1068830 415.9
1068840 415.9
1068850 415.9
1068860 415.9
1068870 416.4
1068880 417.0
1068890 415.6
1068900 415.6
1068910 416.9
1068920 416.5
1068930 416.5
1068940 416.1
1068950 416.1
1068960 416.1
1068970 416.0
1068980 416.0
1068990 416.0
1069000 416.0
1069010 416.0
1069020 415.9
1069030 415.9
1069040 415.8
1069050 415.9
1069060 415.9
1069070 415.9
1069080 415.7
1069090 415.7
1069100 415.4
1069110 415.5
1069120 415.5
1069130 415.8
1069140 415.7
1069150 415.7
1069160 415.4
1069170 415.1
1069180 415.4
1069190 415.1
1069200 415.1
1069210 415.1
1069220 415.0
1069230 415.0
1069240 415.0
1069250 415.0
1069260 415.0
1069270 415.0
1069280 414.9
1069290 414.4
1069300 415.0
1069310 415.0
1069320 415.7
1069330 416.0
1069340 416.0
1069350 416.0
1069360 416.0
1069370 416.0
1069380 416.0
1069390 416.1
1069400 416.1
1069410 415.9
1069420 415.8
1069430 415.8
1069440 415.6
1069450 415.7
1069460 415.7
1069470 415.7
1069480 415.8
1069490 415.8
1069500 415.7
1069510 415.6
1069520 415.6
1069530 415.4
1069540 415.5
1069550 415.5
1069560 415.5
1069570 415.5
1069580 416.3
1069590 416.3
1069600 418.5
1069610 423.8
1069620 423.8
1069630 428.8
1069640 434.0
1069650 434.0
1069660 436.8
1069670 434.3
1069680 434.3
1069690 434.5
1069700 434.7
1069710 434.7
1069720 433.3
1069730 436.6
1069740 436.6
1069750 449.4
1069760 456.8
1069770 456.8
1069780 456.3
1069790 453.9
1069800 453.7
1069810 452.0
1069820 449.7
1069830 449.7
1069840 445.7
1069850 442.2
1069860 442.2
1069870 439.2
1069880 435.8
1069890 430.0
1069900 430.0
1069910 424.3
1069920 420.7
1069930 420.7
1069940 418.1
1069950 416.6
1069960 416.6
1069970 417.2
1069980 416.3
1069990 416.3
1070000 416.3
1070010 416.1
1070020 416.1
1070030 415.6
1070040 415.3
1070050 415.3
1070060 415.5
1070070 415.5
1070080 415.5
1070090 415.6
1070100 415.5
1070110 415.5
1070120 415.2
1070130 414.9
1070140 414.9
1070150 414.8
1070160 414.8
1070170 414.8
1070180 415.0
1070190 415.1
1070200 415.1
1070210 415.1
1070220 415.0
1070230 414.9
1070240 414.9
1070250 415.3
1070260 415.5
1070270 415.5
1070280 414.7
1070290 414.6
1070300 414.6
1070310 414.6
1070320 414.4
1070330 414.4
1070340 414.6
1070350 414.3
1070360 414.3
1070370 414.2
1070380 414.2
1070390 414.2
1070400 414.2
1070410 414.3
1070420 414.3
1070430 414.3
1070440 414.4
1070450 414.4
1070460 414.5
1070470 414.6
1070480 414.6
1070490 414.6
1070500 414.7
1070510 414.6
1070520 414.6
1070530 414.5
1070540 414.5
1070550 414.5
1070560 414.5
1070570 414.5
1070580 414.5
1070590 414.5
1070600 414.4
1070610 414.4
1070620 414.6
1070630 414.7
1070640 414.7
1070650 413.9
1070660 413.9
1070670 413.9
1070680 414.0
1070690 414.0
1070700 414.0
1070710 413.9
1070720 414.1
1070730 414.1
1070740 414.1
1070750 414.1
1070760 414.1
1070770 414.2
1070780 414.1
1070790 414.1
1070800 414.1
1070810 414.1
1070820 414.2
1070830 414.2
1070840 414.2
1070850 414.1
1070860 414.1
1070870 414.1
1070880 414.1
1070890 414.1
1070900 414.0
1070910 413.9
1070920 413.9
1070930 413.9
1070940 414.0
1070950 414.0
1070960 414.3
1070970 414.3
1070980 414.3
1070990 414.2
1071000 414.3
1071010 414.3
1071020 414.4
1071030 414.1
1071040 414.1
1071050 414.2
1071060 414.2
1071070 414.2
1071080 414.2
1071090 414.2
1071100 414.2
1071110 414.2
1071120 414.0
1071130 414.1
1071140 414.1
1071150 414.1
1071160 414.1
1071170 414.1
1071180 414.1
1071190 414.0
1071200 414.0
1071210 414.3
1071220 414.2
1071230 414.2
1071240 413.9
1071250 414.0
1071260 414.0
1071270 414.1
1071280 414.1
1071290 414.1
1071300 414.0
1071310 413.8
1071320 413.8
1071330 413.8
1071340 414.4
1071350 414.4
1071360 414.3
1071370 413.8
1071380 413.6
1071390 413.6
1071400 413.5
1071410 413.3
1071420 413.3
1071430 413.2
1071440 413.2
1071450 413.2
1071460 413.3
1071470 413.4
1071480 413.4
1071490 413.5
1071500 413.5
1071510 413.5
1071520 413.6
1071530 413.6
1071540 413.6
1071550 413.5
1071560 413.4
1071570 413.4
1071580 413.4
1071590 413.3
1071600 413.3
1071610 413.3
1071620 413.3
1071630 413.3
1071640 413.4
1071650 413.6
1071660 413.6
1071670 413.3
1071680 413.3
1071690 413.3
1071700 413.3
1071710 413.4
1071720 413.5
1071730 413.5
1071740 413.5
1071750 413.4
1071760 413.4
1071770 413.4
1071780 413.4
1071790 413.4
1071800 413.4
1071810 413.4
1071820 413.4
1071830 413.4
1071840 413.4
1071850 413.4
1071860 413.3
1071870 413.4
1071880 413.4
1071890 413.3
1071900 413.3
1071910 413.3
1071920 413.3
1071930 413.4
1071940 413.4
1071950 413.4
1071960 413.2
1071970 413.2
1071980 413.2
1071990 413.1
1072000 413.0
1072010 413.0
1072020 413.0
1072030 413.1
1072040 413.1
1072050 413.1
1072060 413.1
1072070 413.1
1072080 413.2
1072090 413.1
1072100 413.1
1072110 413.1
1072120 413.2
1072130 413.2
1072140 413.2
1072150 413.0
1072160 413.0
1072170 412.9
1072180 413.0
1072190 413.0
1072200 413.0
1072210 413.2
1072220 413.2
1072230 413.1
1072240 413.2
1072250 413.2
1072260 414.1
1072270 415.0
1072280 414.8
1072290 414.8
1072300 415.1
1072310 413.6
1072320 413.6
1072330 413.3
1072340 413.2
1072350 413.2
1072360 413.2
1072370 413.2
1072380 413.2
1072390 414.8
1072400 415.3
1072410 415.3
1072420 413.6
1072430 413.6
1072440 413.6
1072450 413.6
1072460 413.3
1072470 413.3
1072480 414.7
1072490 417.0
1072500 417.0
1072510 417.3
1072520 417.3
1072530 417.3
1072540 417.1
1072550 414.5
1072560 414.5
1072570 413.1
1072580 413.4
1072590 413.4
1072600 413.4
1072610 413.3
1072620 413.5
1072630 413.5
1072640 413.4
1072650 413.3
1072660 413.3
1072670 413.2
1072680 413.2
1072690 413.2
1072700 413.3
1072710 413.3
1072720 413.3
1072730 413.6
1072740 413.7
1072750 413.7
1072760 413.7
1072770 413.6
1072780 413.6
1072790 413.6
1072800 413.7
1072810 413.7
1072820 413.8
1072830 413.8
1072840 413.8
1072850 413.8
1072860 413.8
1072870 413.9
1072880 414.0
1072890 414.2
1072900 414.6
1072910 414.6
1072920 414.7
1072930 414.7
1072940 414.7
1072950 414.6
1072960 414.6
1072970 414.6
1072980 414.5
1072990 414.5
1073000 414.5
1073010 414.4
1073020 414.5
1073030 414.5
1073040 414.1
1073050 413.8
1073060 413.8
1073070 413.8
1073080 414.2
1073090 414.2
1073100 414.9
1073110 414.9
1073120 414.9
1073130 414.2
1073140 413.7
1073150 413.7
1073160 413.0
1073170 412.9
1073180 412.7
1073190 412.9
1073200 413.1
1073210 413.4
1073220 413.4
1073230 413.4
1073240 413.4
1073250 413.4
1073260 413.3
1073270 413.4
1073280 413.4
1073290 413.2
1073300 413.3
1073310 413.3
1073320 412.9
1073330 412.5
1073340 412.5
1073350 412.6
1073360 411.9
1073370 411.9
1073380 411.8
1073390 411.8
1073400 411.8
1073410 411.8
1073420 411.8
1073430 411.8
1073440 411.9
1073450 412.0
1073460 412.2
1073470 412.2
1073480 412.2
1073490 412.2
1073500 412.1
1073510 412.2
1073520 412.2
1073530 412.2
1073540 412.1
1073550 412.0
1073560 412.0
1073570 411.8
1073580 411.7
1073590 411.7
1073600 411.6
1073610 411.6
1073620 411.6
1073630 411.7
1073640 411.7
1073650 411.7
1073660 411.8
1073670 411.9
1073680 411.9
1073690 412.0
1073700 412.3
1073710 412.3
1073720 413.3
1073730 413.7
1073740 413.7
1073750 413.8
1073760 413.5
1073770 413.3
1073780 413.3
1073790 413.0
1073800 412.9
1073810 413.3
1073820 413.2
1073830 413.0
1073840 413.0
1073850 412.9
1073860 415.2
1073870 415.2
1073880 418.4
1073890 419.5
1073900 419.5
1073910 419.4
1073920 418.9
1073930 418.9
1073940 418.6
1073950 418.7
1073960 418.7
1073970 418.7
1073980 418.6
1073990 418.6
1074000 418.8
1074010 418.9
1074020 418.9
1074030 418.7
1074040 418.4
1074050 418.4
1074060 418.5
1074070 418.5
1074080 418.4
1074090 418.4
1074100 418.3
1074110 418.2
1074120 418.3
1074130 418.2
1074140 417.9
1074150 417.9
1074160 418.1
1074170 418.2
1074180 418.2
1074190 418.3
1074200 418.3
1074210 418.3
1074220 418.3
1074230 418.2
1074240 418.2
1074250 418.4
1074260 418.3
1074270 418.3
1074280 418.5
1074290 418.6
1074300 418.6
1074310 418.7
1074320 418.9
1074330 418.9
1074340 419.0
1074350 418.9
1074360 419.0
1074370 419.0
1074380 419.0
1074390 418.8
1074400 418.8
1074410 418.6
1074420 418.7
1074430 419.0
1074440 419.5
1074450 419.5
1074460 419.5
1074470 419.1
1074480 419.2
1074490 419.2
1074500 419.1
1074510 418.4
1074520 418.4
1074530 417.8
1074540 417.9
1074550 417.9
1074560 418.0
1074570 417.6
1074580 417.6
1074590 417.3
1074600 417.4
1074610 417.4
1074620 417.5
1074630 417.9
1074640 417.9
1074650 419.1
1074660 419.4
1074670 418.6
1074680 418.6
1074690 418.2
1074700 418.4
1074710 418.4
1074720 418.4
1074730 418.6
1074740 418.9
1074750 418.8
1074760 419.0
1074770 419.0
1074780 418.7
1074790 418.2
1074800 418.2
1074810 418.5
1074820 423.4
1074830 423.4
1074840 431.9
1074850 442.1
1074860 442.1
1074870 451.8
1074880 457.0
1074890 457.0
1074900 459.7
1074910 460.1
1074920 460.1
1074930 455.3
1074940 437.9
1074950 424.4
1074960 424.4
1074970 417.2
1074980 416.0
1074990 416.0
1075000 416.0
1075010 416.0
1075020 416.0
1075030 415.9
1075040 415.8
1075050 415.7
1075060 415.6
1075070 415.6
1075080 415.6
1075090 415.5
1075100 415.4
1075110 415.4
1075120 415.1
1075130 414.8
1075140 414.8
1075150 414.6
1075160 414.4
1075170 414.4
1075180 414.2
1075190 414.1
1075200 414.1
1075210 414.1
1075220 414.2
1075230 414.2
1075240 414.4
1075250 414.6
1075260 414.7
1075270 414.7
1075280 414.8
1075290 414.7
1075300 414.7
1075310 414.8
1075320 414.8
1075330 414.8
1075340 414.9
1075350 415.0
1075360 415.0
1075370 415.8
1075380 415.8
1075390 415.8
1075400 416.0
1075410 416.0
1075420 416.0
1075430 416.0
1075440 416.1
1075450 416.1
1075460 416.1
1075470 416.0
1075480 416.0
1075490 415.9
1075500 415.7
1075510 415.7
1075520 415.5
1075530 415.3
1075540 415.3
1075550 415.4
1075560 415.6
1075570 415.7
1075580 415.7
1075590 415.7
1075600 415.6
1075610 415.6
1075620 415.5
1075630 415.4
1075640 415.4
1075650 415.4
1075660 415.4
1075670 415.4
1075680 415.4
1075690 415.3
1075700 415.3
1075710 415.2
1075720 415.2
1075730 415.2
1075740 415.1
1075750 415.0
1075760 415.0
1075770 414.9
1075780 414.4
1075790 414.4
1075800 413.2
1075810 412.1
1075820 412.1
1075830 411.5
1075840 411.4
1075850 411.5
1075860 411.5
1075870 411.4
1075880 411.3
1075890 411.3
1075900 411.3
1075910 411.3
1075920 411.3
1075930 411.3
1075940 411.2
1075950 411.2
1075960 411.1
1075970 411.1
1075980 411.1
1075990 411.1
1076000 411.3
1076010 411.3
1076020 411.3
1076030 411.2
1076040 411.2
1076050 411.2
1076060 411.4
1076070 411.4
1076080 411.6
1076090 411.9
1076100 411.9
1076110 411.9
1076120 411.9
1076130 411.9
1076140 411.8
1076150 411.9
1076160 411.8
1076170 411.8
1076180 411.8
1076190 411.8
1076200 411.8
1076210 412.0
1076220 412.8
1076230 412.8
1076240 414.1
1076250 415.9
1076260 415.9
1076270 419.2
1076280 423.2
1076290 423.2
1076300 434.4
1076310 439.0
1076320 439.0
1076330 444.1
1076340 449.8
1076350 449.8
1076360 456.4
1076370 462.6
1076380 462.6
1076390 467.6
1076400 475.3
1076410 475.3
1076420 489.9
1076430 504.2
1076440 509.5
1076450 509.5
1076460 510.5
1076470 510.8
1076480 510.8
1076490 510.1
1076500 512.5
1076510 512.5
1076520 515.7
1076530 520.8
1076540 520.8
1076550 525.5
1076560 531.5
1076570 531.5
1076580 539.4
1076590 547.1
1076600 547.1
1076610 603.9
1076620 614.1
1076630 614.1
1076640 619.9
1076650 622.8
1076660 622.8
1076670 623.8
1076680 624.6
1076690 624.6
1076700 625.5
1076710 627.0
1076720 627.0
1076730 628.7
1076740 629.9
1076750 630.8
1076760 630.8
1076770 631.9
1076780 633.0
1076790 633.0
1076800 634.4
1076810 635.8
1076820 635.8
1076830 637.2
1076840 639.7
1076850 639.7
1076860 643.1
1076870 647.6
1076880 647.6
1076890 652.6
1076900 656.8
1076910 656.8
1076920 658.9
1076930 665.5
1076940 665.5
1076950 666.1
1076960 668.6
1076970 668.6
1076980 673.3
1076990 679.2
1077000 679.2
1077010 685.5
1077020 691.2
1077030 691.2
1077040 696.4
1077050 702.2
1077060 709.9
1077070 709.9
1077080 716.2
1077090 721.8
1077100 721.8
1077110 726.4
1077120 729.9
1077130 729.9
1077140 732.2
1077150 733.8
1077160 733.8
1077170 734.8
1077180 735.5
1077190 735.5
1077200 735.7
1077210 735.5
1077220 735.5
1077230 735.2
1077240 736.2
1077250 736.2
1077260 740.3
1077270 744.4
1077280 744.4
1077290 748.0
1077300 750.9
1077310 750.9
1077320 752.4
1077330 753.5
1077340 754.3
1077350 754.3
1077360 755.4
1077370 757.3
1077380 757.3
1077390 759.1
1077400 761.3
1077410 761.3
1077420 763.5
1077430 765.4
1077440 765.4
1077450 767.9
1077460 770.3
1077470 770.3
1077480 772.7
1077490 776.4
1077500 776.4
1077510 780.5
1077520 784.6
1077530 784.6
1077540 787.9
1077550 789.9
1077560 789.9
1077570 793.5
1077580 798.4
1077590 798.4
1077600 804.9
1077610 811.8
1077620 811.8
1077630 818.9
1077640 825.7
1077650 832.3
1077660 832.3
1077670 836.7
1077680 842.1
1077690 842.1
1077700 846.8
1077710 850.0
1077720 850.0
1077730 852.3
1077740 853.6
1077750 853.6
1077760 854.4
1077770 854.9
1077780 854.9
1077790 855.2
1077800 856.4
1077810 856.4
1077820 857.9
1077830 859.5
1077840 859.5
1077850 861.1
1077860 863.3
1077870 865.7
1077880 869.8
1077890 872.5
1077900 872.5
1077910 875.7
1077920 879.6
1077930 883.8
1077940 883.8
1077950 888.4
1077960 892.5
1077970 892.5
1077980 895.9
1077990 899.9
1078000 899.9
1078010 904.6
1078020 908.9
1078030 908.9
1078040 913.1
1078050 917.2
1078060 917.2
1078070 921.2
1078080 925.4
1078090 925.4
1078100 930.2
1078110 936.1
1078120 936.1
1078130 941.9
1078140 946.7
1078150 946.7
1078160 950.9
1078170 954.6
1078180 960.6
1078190 964.2
1078200 968.3
1078210 968.3
1078220 972.4
1078230 976.2
1078240 981.0
1078250 981.0
1078260 985.4
1078270 989.1
1078280 989.1
1078290 991.0
1078300 993.9
1078310 993.9
1078320 998.8
1078330 1002.9
1078340 1002.9
1078350 1006.5
1078360 1009.9
1078370 1009.9
1078380 1013.3
1078390 1016.9
1078400 1016.9
1078410 1020.3
1078420 1025.0
1078430 1025.0
1078440 1030.8
1078450 1037.0
1078460 1037.0
1078470 1042.1
1078480 1045.7
1078490 1053.8
1078500 1057.9
1078510 1060.1
1078520 1063.2
1078530 1063.2
1078540 1067.4
1078550 1073.6
1078560 1073.6
1078570 1082.4
1078580 1093.7
1078590 1093.7
1078600 1102.8
1078610 1122.2
1078620 1122.2
1078630 1135.4
1078640 1145.6
1078650 1145.6
1078660 1149.4
1078670 1150.3
1078680 1150.3
1078690 1151.3
1078700 1151.9
1078710 1151.9
1078720 1151.3
1078730 1150.7
1078740 1150.7
1078750 1149.7
1078760 1147.5
1078770 1147.5
1078780 1143.2
1078790 1137.0
1078800 1137.0
1078810 1132.2
1078820 1129.2
1078830 1127.9
1078840 1127.9
1078850 1126.2
1078860 1124.5
1078870 1124.5
1078880 1121.5
1078890 1114.4
1078900 1114.4
1078910 1106.8
1078920 1096.2
1078930 1096.2
1078940 1089.7
1078950 1085.1
1078960 1085.1
1078970 1082.0
1078980 1080.5
1078990 1080.5
1079000 1080.1
1079010 1080.9
1079020 1080.9
1079030 1080.3
1079040 1079.2
1079050 1079.2
1079060 1078.4
1079070 1077.8
1079080 1077.8
1079090 1079.0
1079100 1079.5
1079110 1079.5
1079120 1086.5
1079130 1088.3
1079140 1091.3
1079150 1091.3
1079160 1096.0
1079170 1101.5
1079180 1101.5
1079190 1107.3
1079200 1114.7
1079210 1114.7
1079220 1119.3
1079230 1122.0
1079240 1122.0
1079250 1124.2
1079260 1126.3
1079270 1126.3
1079280 1128.3
1079290 1127.3
1079300 1127.3
1079310 1125.5
1079320 1123.0
1079330 1123.0
1079340 1120.8
1079350 1119.4
1079360 1119.4
1079370 1119.1
1079380 1120.0
1079390 1120.0
1079400 1121.0
1079410 1121.4
1079420 1122.3
1079430 1122.3
1079440 1126.3
1079450 1128.7
1079460 1128.7
1079470 1131.4
1079480 1133.4
1079490 1133.4
1079500 1136.5
1079510 1137.4
1079520 1137.4
1079530 1137.2
1079540 1138.5
1079550 1138.5
1079560 1141.6
1079570 1144.4
1079580 1144.4
1079590 1146.7
1079600 1148.5
1079610 1148.5
1079620 1149.2
1079630 1149.1
1079640 1149.1
1079650 1148.4
1079660 1147.1
1079670 1147.1
1079680 1145.6
1079690 1144.1
1079700 1144.1
1079710 1142.2
1079720 1140.3
1079730 1137.6
1079740 1137.6
1079750 1132.3
1079760 1129.8
1079770 1129.8
1079780 1127.6
1079790 1124.8
1079800 1124.8
1079810 1122.3
1079820 1121.0
1079830 1121.0
1079840 1119.4
1079850 1117.4
1079860 1117.4
1079870 1115.8
1079880 1114.4
1079890 1114.4
1079900 1112.7
1079910 1110.6
1079920 1110.6
1079930 1109.0
1079940 1107.6
1079950 1107.6
1079960 1106.2
1079970 1104.9
1079980 1104.9
1079990 1103.8
