1068850 415.3
1068860 415.3
1068870 415.4
1068880 415.6
1068890 415.6
1068900 416.4
1068910 416.5
1068920 416.5
1068930 416.3
1068940 416.0
1068950 415.6
1068960 415.6
1068970 415.6
1068980 417.3
1068990 417.3
1069000 419.3
1069010 419.7
1069020 419.7
1069030 419.9
1069040 420.4
1069050 420.4
1069060 418.8
1069070 417.8
1069080 417.8
1069090 417.7
1069100 417.7
1069110 417.7
1069120 417.6
1069130 417.6
1069140 417.6
1069150 417.6
1069160 417.6
1069170 417.7
1069180 417.6
1069190 417.6
1069200 417.6
1069210 417.6
1069220 417.6
1069230 417.6
1069240 417.5
1069250 417.5
1069260 417.5
1069270 417.5
1069280 417.4
1069290 417.0
1069300 417.0
1069310 416.3
1069320 413.8
1069330 413.8
1069340 412.2
1069350 412.1
1069360 412.1
1069370 412.1
1069380 412.1
1069390 412.1
1069400 412.1
1069410 412.1
1069420 412.1
1069430 412.1
1069440 412.1
1069450 412.1
1069460 412.1
1069470 412.1
1069480 412.1
1069490 413.6
1069500 416.3
1069510 416.3
1069520 417.3
1069530 417.6
1069540 417.5
1069550 417.5
1069560 417.5
1069570 417.6
1069580 417.6
1069590 417.8
1069600 418.1
1069610 418.1
1069620 419.3
1069630 420.4
1069640 420.4
1069650 419.4
1069660 417.2
1069670 417.2
1069680 416.2
1069690 415.4
1069700 415.4
1069710 415.3
1069720 415.2
1069730 415.2
1069740 415.4
1069750 415.0
1069760 415.0
1069770 414.5
1069780 415.0
1069790 415.1
1069800 414.9
1069810 415.1
1069820 415.1
1069830 414.9
1069840 414.4
1069850 414.4
1069860 414.4
1069870 414.2
1069880 414.2
1069890 414.2
1069900 414.4
1069910 414.3
1069920 414.3
1069930 414.5
1069940 414.5
1069950 414.5
1069960 414.4
1069970 414.4
1069980 414.4
1069990 414.3
1070000 414.2
1070010 414.2
1070020 414.1
1070030 414.1
1070040 414.1
1070050 414.1
1070060 414.1
1070070 414.1
1070080 414.3
1070090 414.4
1070100 414.4
1070110 414.4
1070120 414.3
1070130 414.3
1070140 414.3
1070150 414.2
1070160 414.3
1070170 414.3
1070180 414.1
1070190 414.2
1070200 414.2
1070210 414.1
1070220 414.2
1070230 414.2
1070240 414.2
1070250 413.8
1070260 413.8
1070270 413.8
1070280 413.7
1070290 413.7
1070300 413.6
1070310 413.6
1070320 413.6
1070330 413.6
1070340 413.5
1070350 413.5
1070360 413.5
1070370 413.5
1070380 413.5
1070390 413.5
1070400 413.8
1070410 413.8
1070420 413.8
1070430 413.8
1070440 413.8
1070450 413.7
1070460 413.6
1070470 413.6
1070480 413.6
1070490 413.7
1070500 413.8
1070510 413.8
1070520 413.6
1070530 413.6
1070540 413.6
1070550 413.5
1070560 413.6
1070570 413.6
1070580 413.5
1070590 413.5
1070600 413.5
1070610 413.5
1070620 413.3
1070630 413.3
1070640 413.7
1070650 413.7
1070660 413.7
1070670 413.7
1070680 413.7
1070690 413.7
1070700 413.7
1070710 413.6
1070720 413.6
1070730 413.7
1070740 413.7
1070750 413.3
1070760 413.3
1070770 413.3
1070780 413.3
1070790 413.3
1070800 413.3
1070810 413.3
1070820 413.3
1070830 413.3
1070840 413.2
1070850 413.2
1070860 413.0
1070870 412.8
1070880 412.8
1070890 412.8
1070900 412.7
1070910 412.7
1070920 412.7
1070930 412.7
1070940 412.7
1070950 412.7
1070960 412.9
1070970 412.9
1070980 412.9
1070990 412.9
1071000 412.9
1071010 412.7
1071020 412.6
1071030 412.6
1071040 412.6
1071050 412.5
1071060 412.4
1071070 412.4
1071080 412.6
1071090 412.6
1071100 412.6
1071110 413.1
1071120 413.8
1071130 413.8
1071140 412.7
1071150 412.6
1071160 412.6
1071170 412.7
1071180 412.7
1071190 412.7
1071200 412.7
1071210 412.6
1071220 412.6
1071230 412.5
1071240 412.4
1071250 412.4
1071260 412.2
1071270 412.4
1071280 412.4
1071290 412.9
1071300 413.0
1071310 413.0
1071320 413.0
1071330 412.6
1071340 412.6
1071350 412.5
1071360 412.8
1071370 413.0
1071380 413.0
1071390 412.9
1071400 413.0
1071410 413.0
1071420 412.7
1071430 413.0
1071440 413.0
1071450 413.1
1071460 412.8
1071470 412.8
1071480 412.5
1071490 412.4
1071500 412.4
1071510 412.3
1071520 413.0
1071530 413.0
1071540 413.2
1071550 413.0
1071560 413.0
1071570 412.7
1071580 412.5
1071590 412.5
1071600 412.4
1071610 412.5
1071620 412.5
1071630 412.6
1071640 412.6
1071650 412.6
1071660 412.7
1071670 412.7
1071680 412.5
1071690 412.5
1071700 412.4
1071710 412.4
1071720 412.4
1071730 412.5
1071740 412.4
1071750 412.4
1071760 411.9
1071770 411.9
1071780 411.9
1071790 412.1
1071800 412.0
1071810 412.0
1071820 412.0
1071830 412.1
1071840 412.1
1071850 412.0
1071860 412.4
1071870 412.4
1071880 412.1
1071890 412.7
1071900 412.7
1071910 413.5
1071920 413.6
1071930 413.6
1071940 413.4
1071950 413.3
1071960 413.2
1071970 413.2
1071980 412.9
1071990 412.9
1072000 412.9
1072010 412.7
1072020 412.6
1072030 412.6
1072040 412.7
1072050 412.7
1072060 412.7
1072070 412.9
1072080 413.1
1072090 413.1
1072100 413.1
1072110 413.0
1072120 413.0
1072130 412.9
1072140 412.7
1072150 412.7
1072160 412.8
1072170 412.8
1072180 412.8
1072190 412.9
1072200 412.9
1072210 412.9
1072220 413.0
1072230 413.2
1072240 413.2
1072250 412.5
1072260 412.5
1072270 412.5
1072280 412.5
1072290 412.6
1072300 412.6
1072310 412.6
1072320 412.6
1072330 412.6
1072340 412.6
1072350 412.6
1072360 412.5
1072370 412.5
1072380 412.1
1072390 412.7
1072400 412.7
1072410 412.8
1072420 412.6
1072430 412.6
1072440 412.6
1072450 412.6
1072460 412.6
1072470 412.5
1072480 412.4
1072490 412.4
1072500 412.5
1072510 412.5
1072520 412.5
1072530 412.6
1072540 412.5
1072550 412.5
1072560 412.5
1072570 412.2
1072580 411.5
1072590 411.5
1072600 411.6
1072610 411.7
1072620 411.7
1072630 411.8
1072640 411.8
1072650 411.8
1072660 411.7
1072670 411.6
1072680 411.6
1072690 411.6
1072700 411.6
1072710 411.6
1072720 411.6
1072730 412.0
1072740 412.0
1072750 413.5
1072760 414.5
1072770 414.5
1072780 412.9
1072790 411.9
1072800 411.9
1072810 411.8
1072820 411.8
1072830 411.8
1072840 411.8
1072850 412.5
1072860 412.0
1072870 411.8
1072880 413.0
1072890 412.0
1072900 412.0
1072910 412.3
1072920 413.2
1072930 413.2
1072940 413.4
1072950 413.3
1072960 413.3
1072970 413.3
1072980 413.1
1072990 413.1
1073000 413.7
1073010 417.9
1073020 417.9
1073030 419.1
1073040 418.1
1073050 418.1
1073060 414.0
1073070 412.3
1073080 412.3
1073090 411.5
1073100 411.6
1073110 411.6
1073120 411.5
1073130 411.6
1073140 411.6
1073150 411.6
1073160 411.4
1073170 411.4
1073180 411.6
1073190 412.1
1073200 413.2
1073210 413.2
1073220 413.0
1073230 412.0
1073240 412.0
1073250 412.0
1073260 412.5
1073270 412.5
1073280 412.7
1073290 412.4
1073300 412.4
1073310 412.1
1073320 412.1
1073330 412.1
1073340 411.9
1073350 411.7
1073360 411.7
1073370 411.7
1073380 411.7
1073390 411.7
1073400 411.7
1073410 411.7
1073420 411.7
1073430 411.9
1073440 412.0
1073450 412.0
1073460 411.9
1073470 411.7
1073480 411.7
1073490 411.7
1073500 411.7
1073510 411.5
1073520 411.5
1073530 411.6
1073540 411.6
1073550 411.6
1073560 411.6
1073570 412.4
1073580 412.4
1073590 412.5
1073600 412.1
1073610 412.1
1073620 412.0
1073630 411.7
1073640 411.7
1073650 411.4
1073660 411.6
1073670 411.6
1073680 411.6
1073690 411.5
1073700 411.5
1073710 411.5
1073720 411.7
1073730 411.7
1073740 411.9
1073750 412.1
1073760 412.1
1073770 412.4
1073780 412.4
1073790 412.1
1073800 412.1
1073810 412.1
1073820 412.1
1073830 412.1
1073840 412.0
1073850 411.8
1073860 411.8
1073870 411.7
1073880 411.5
1073890 411.5
1073900 411.3
1073910 411.2
1073920 411.2
1073930 411.0
1073940 410.8
1073950 410.8
1073960 410.6
1073970 410.6
1073980 410.6
1073990 410.6
1074000 410.6
1074010 410.6
1074020 410.7
1074030 410.7
1074040 410.7
1074050 410.7
1074060 410.9
1074070 411.2
1074080 411.2
1074090 411.6
1074100 411.7
1074110 411.8
1074120 411.9
1074130 411.6
1074140 411.6
1074150 411.3
1074160 411.2
1074170 411.2
1074180 411.3
1074190 411.5
1074200 411.5
1074210 411.4
1074220 411.2
1074230 411.2
1074240 411.1
1074250 411.1
1074260 411.1
1074270 411.3
1074280 411.4
1074290 411.4
1074300 411.3
1074310 411.4
1074320 411.4
1074330 411.6
1074340 411.7
1074350 411.7
1074360 411.7
1074370 411.7
1074380 411.6
1074390 411.6
1074400 411.6
1074410 412.1
1074420 411.9
1074430 412.1
1074440 412.0
1074450 412.0
1074460 411.6
1074470 411.7
1074480 411.7
1074490 411.7
1074500 411.8
1074510 411.8
1074520 411.7
1074530 411.7
1074540 411.7
1074550 411.7
1074560 411.6
1074570 411.6
1074580 411.6
1074590 411.5
1074600 411.5
1074610 411.7
1074620 411.8
1074630 411.8
1074640 411.8
1074650 411.4
1074660 411.4
1074670 411.3
1074680 411.4
1074690 411.6
1074700 411.6
1074710 411.5
1074720 411.5
1074730 411.5
1074740 411.4
1074750 411.4
1074760 411.4
1074770 411.4
1074780 411.4
1074790 411.4
1074800 411.3
1074810 411.4
1074820 411.4
1074830 411.5
1074840 411.4
1074850 411.4
1074860 411.4
1074870 411.2
1074880 411.2
1074890 410.9
1074900 410.8
1074910 410.8
1074920 410.8
1074930 411.0
1074940 411.0
1074950 410.8
1074960 410.9
1074970 410.8
1074980 410.8
1074990 410.7
1075000 410.8
1075010 410.8
1075020 410.8
1075030 410.6
1075040 410.6
1075050 410.6
1075060 410.6
1075070 410.6
1075080 410.8
1075090 411.0
1075100 411.0
1075110 410.6
1075120 410.6
1075130 410.6
1075140 410.8
1075150 410.6
1075160 410.6
1075170 410.8
1075180 410.9
1075190 410.9
1075200 410.8
1075210 410.6
1075220 410.6
1075230 410.6
1075240 410.5
1075250 410.5
1075260 410.7
1075270 410.6
1075280 410.5
1075290 410.5
1075300 410.6
1075310 410.8
1075320 410.8
1075330 411.1
1075340 411.1
1075350 411.1
1075360 410.7
1075370 410.6
1075380 410.6
1075390 410.7
1075400 410.8
1075410 410.8
1075420 410.8
1075430 410.5
1075440 410.5
1075450 410.5
1075460 410.9
1075470 410.9
1075480 410.9
1075490 410.6
1075500 410.6
1075510 410.5
1075520 410.5
1075530 410.5
1075540 411.7
1075550 411.9
1075560 411.9
1075570 412.0
1075580 412.0
1075590 411.7
1075600 411.7
1075610 411.3
1075620 410.3
1075630 410.3
1075640 410.4
1075650 410.9
1075660 410.9
1075670 410.8
1075680 410.7
1075690 410.7
1075700 410.6
1075710 410.5
1075720 410.5
1075730 410.4
1075740 410.4
1075750 410.4
1075760 410.4
1075770 410.4
1075780 410.4
1075790 410.3
1075800 410.3
1075810 410.3
1075820 410.2
1075830 410.1
1075840 410.1
1075850 410.3
1075860 410.5
1075870 410.5
1075880 410.5
1075890 410.7
1075900 410.7
1075910 410.7
1075920 410.5
1075930 410.3
1075940 410.3
1075950 410.0
1075960 409.9
1075970 409.9
1075980 409.9
1075990 410.0
1076000 410.0
1076010 410.0
1076020 410.1
1076030 410.1
1076040 410.5
1076050 410.8
1076060 410.8
1076070 410.9
1076080 410.8
1076090 410.8
1076100 410.8
1076110 410.7
1076120 410.7
1076130 410.5
1076140 410.5
1076150 410.5
1076160 410.7
1076170 410.8
1076180 410.8
1076190 410.8
1076200 410.9
1076210 411.0
1076220 411.0
1076230 410.8
1076240 410.6
1076250 410.6
1076260 410.2
1076270 410.4
1076280 410.4
1076290 409.8
1076300 409.8
1076310 409.8
1076320 409.7
1076330 409.6
1076340 409.6
1076350 409.6
1076360 409.6
1076370 409.6
1076380 409.6
1076390 409.7
1076400 409.7
1076410 409.7
1076420 409.7
1076430 409.7
1076440 409.7
1076450 409.8
1076460 409.8
1076470 409.9
1076480 410.1
1076490 410.2
1076500 410.2
1076510 410.3
1076520 410.4
1076530 410.4
1076540 410.5
1076550 410.5
1076560 410.5
1076570 410.6
1076580 410.7
1076590 410.7
1076600 410.8
1076610 410.9
1076620 410.9
1076630 410.9
1076640 411.1
1076650 411.1
1076660 411.1
1076670 411.2
1076680 411.2
1076690 411.1
1076700 411.3
1076710 411.3
1076720 411.4
1076730 411.5
1076740 411.5
1076750 411.7
1076760 411.8
1076770 411.8
1076780 411.9
1076790 411.9
1076800 412.1
1076810 412.1
1076820 412.1
1076830 412.2
1076840 412.2
1076850 412.3
1076860 412.5
1076870 412.5
1076880 412.6
1076890 412.7
1076900 412.7
1076910 412.8
1076920 412.8
1076930 412.8
1076940 412.8
1076950 412.9
1076960 412.9
1076970 412.9
1076980 413.1
1076990 413.1
1077000 413.4
1077010 413.6
1077020 413.6
1077030 413.7
1077040 413.8
1077050 413.8
1077060 413.9
1077070 413.9
1077080 413.9
1077090 413.9
1077100 414.1
1077110 414.3
1077120 414.3
1077130 414.4
1077140 414.6
1077150 414.6
1077160 415.0
1077170 415.2
1077180 415.2
1077190 415.2
1077200 415.2
1077210 415.2
1077220 415.1
1077230 415.5
1077240 415.5
1077250 415.7
1077260 415.9
1077270 415.9
1077280 416.1
1077290 416.2
1077300 416.2
1077310 416.4
1077320 416.5
1077330 416.5
1077340 416.4
1077350 416.5
1077360 416.5
1077370 417.0
1077380 417.1
1077390 417.0
1077400 417.0
1077410 417.1
1077420 417.6
1077430 417.6
1077440 417.7
1077450 417.7
1077460 417.7
1077470 417.7
1077480 418.0
1077490 418.0
1077500 418.1
1077510 418.2
1077520 418.2
1077530 418.5
1077540 418.4
1077550 418.4
1077560 418.7
1077570 418.8
1077580 418.8
1077590 418.9
1077600 419.1
1077610 419.1
1077620 419.5
1077630 419.6
1077640 419.6
1077650 419.5
1077660 419.9
1077670 419.9
1077680 420.0
1077690 420.0
1077700 419.8
1077710 419.8
1077720 420.2
1077730 420.5
1077740 420.5
1077750 420.5
1077760 420.6
1077770 420.6
1077780 420.9
1077790 421.3
1077800 421.3
1077810 421.5
1077820 421.9
1077830 421.9
1077840 422.3
1077850 422.7
1077860 422.4
1077870 423.0
1077880 423.5
1077890 423.5
1077900 424.2
1077910 424.5
1077920 424.5
1077930 425.2
1077940 425.9
1077950 425.9
1077960 426.9
1077970 428.0
1077980 429.2
1077990 429.2
1078000 430.5
1078010 431.8
1078020 431.8
1078030 433.6
1078040 435.3
1078050 435.3
1078060 438.7
1078070 440.4
1078080 440.4
1078090 444.4
1078100 448.1
1078110 448.1
1078120 451.9
1078130 455.0
1078140 455.0
1078150 456.9
1078160 457.7
1078170 463.0
1078180 464.9
1078190 466.8
1078200 466.8
1078210 468.1
1078220 469.5
1078230 469.5
1078240 471.2
1078250 474.8
1078260 474.8
1078270 478.4
1078280 482.6
1078290 487.0
1078300 487.0
1078310 491.2
1078320 495.7
1078330 495.7
1078340 500.6
1078350 504.1
1078360 504.1
1078370 505.6
1078380 508.0
1078390 508.0
1078400 511.1
1078410 514.5
1078420 514.5
1078430 517.2
1078440 519.8
1078450 519.8
1078460 520.1
1078470 521.0
1078480 528.9
1078490 529.6
1078500 530.4
1078510 530.4
1078520 531.2
1078530 531.2
1078540 531.2
1078550 530.7
1078560 531.7
1078570 531.7
1078580 530.7
1078590 530.7
1078600 531.3
1078610 531.3
1078620 530.2
1078630 529.1
1078640 529.1
1078650 531.2
1078660 539.1
1078670 539.1
1078680 549.3
1078690 553.8
1078700 553.8
1078710 555.0
1078720 556.5
1078730 556.5
1078740 557.6
1078750 558.2
1078760 558.2
1078770 558.8
1078780 559.5
1078790 559.5
1078800 562.8
1078810 564.5
1078820 564.5
1078830 566.1
1078840 567.1
1078850 567.1
1078860 567.8
1078870 568.3
1078880 569.2
1078890 569.2
1078900 570.3
1078910 571.5
1078920 571.5
1078930 573.2
1078940 575.4
1078950 575.4
1078960 578.0
1078970 580.6
1078980 580.6
1078990 583.3
1079000 586.0
1079010 586.0
1079020 588.7
1079030 591.1
1079040 591.1
1079050 592.7
1079060 595.0
1079070 595.0
1079080 598.3
1079090 601.7
1079100 601.7
1079110 607.2
1079120 607.9
1079130 607.9
1079140 609.0
1079150 610.9
1079160 610.9
1079170 613.5
1079180 616.4
1079190 619.3
1079200 619.3
1079210 622.0
1079220 625.1
1079230 625.1
1079240 628.5
1079250 632.2
1079260 632.2
1079270 635.8
1079280 639.9
1079290 639.9
1079300 644.2
1079310 646.3
1079320 646.3
1079330 648.0
1079340 650.7
1079350 650.7
1079360 653.1
1079370 656.0
1079380 656.0
1079390 659.8
1079400 663.9
1079410 663.9
1079420 668.2
1079430 676.9
1079440 676.9
1079450 681.7
1079460 686.5
1079470 686.5
1079480 690.0
1079490 689.0
1079500 688.6
1079510 688.6
1079520 689.2
1079530 689.7
1079540 689.7
1079550 687.2
1079560 684.3
1079570 684.3
1079580 682.2
1079590 679.0
1079600 679.0
1079610 675.5
1079620 677.7
1079630 677.7
1079640 669.1
1079650 661.9
1079660 661.9
1079670 660.9
1079680 655.0
1079690 655.0
1079700 652.7
1079710 652.3
1079720 652.3
1079730 654.1
1079740 662.4
1079750 662.4
1079760 663.7
1079770 665.6
1079780 665.6
1079790 670.7
1079800 676.5
1079810 682.4
1079820 682.4
1079830 690.3
1079840 696.3
1079850 696.3
1079860 701.3
1079870 706.2
1079880 706.2
1079890 710.2
1079900 714.6
1079910 714.6
1079920 719.3
1079930 725.0
1079940 725.0
1079950 732.3
1079960 739.3
1079970 739.3
1079980 743.7
1079990 747.7
