1068700 415.2
1068710 415.2
1068720 415.0
1068730 415.0
1068740 415.1
1068750 415.1
1068760 415.7
1068770 416.3
1068780 416.3
1068790 416.2
1068800 416.3
1068810 416.3
1068820 417.6
1068830 419.6
1068840 419.6
1068850 419.9
1068860 420.1
1068870 420.1
1068880 420.5
1068890 420.6
1068900 420.6
1068910 418.8
1068920 418.0
1068930 418.0
1068940 417.9
1068950 417.9
1068960 417.9
1068970 418.0
1068980 417.9
1068990 417.9
1069000 417.9
1069010 417.9
1069020 417.9
1069030 417.9
1069040 417.9
1069050 417.8
1069060 417.8
1069070 417.8
1069080 417.7
1069090 417.7
1069100 417.7
1069110 416.1
1069120 416.1
1069130 413.5
1069140 412.4
1069150 412.4
1069160 412.4
1069170 412.4
1069180 412.4
1069190 412.4
1069200 412.4
1069210 412.4
1069220 412.4
1069230 412.5
1069240 412.5
1069250 412.8
1069260 412.8
1069270 412.8
1069280 412.9
1069290 415.3
1069300 415.3
1069310 416.9
1069320 417.6
1069330 417.6
1069340 417.7
1069350 417.7
1069360 417.7
1069370 417.7
1069380 417.7
1069390 417.9
1069400 417.9
1069410 420.7
1069420 419.6
1069430 419.6
1069440 417.3
1069450 416.0
1069460 416.0
1069470 415.5
1069480 415.4
1069490 415.4
1069500 415.4
1069510 415.5
1069520 415.5
1069530 415.4
1069540 415.5
1069550 415.5
1069560 416.0
1069570 415.9
1069580 415.9
1069590 415.0
1069600 415.8
1069610 415.8
1069620 415.5
1069630 415.4
1069640 415.4
1069650 415.5
1069660 415.4
1069670 415.3
1069680 415.3
1069690 415.3
1069700 415.3
1069710 415.3
1069720 415.3
1069730 415.4
1069740 415.4
1069750 415.5
1069760 415.6
1069770 415.6
1069780 415.7
1069790 415.7
1069800 415.7
1069810 415.4
1069820 415.4
1069830 415.4
1069840 415.4
1069850 415.2
1069860 415.2
1069870 414.8
1069880 414.9
1069890 414.9
1069900 414.6
1069910 414.6
1069920 414.6
1069930 414.6
1069940 414.6
1069950 414.6
1069960 414.6
1069970 414.6
1069980 414.8
1069990 414.8
1070000 415.0
1070010 415.0
1070020 415.0
1070030 414.7
1070040 414.5
1070050 414.5
1070060 414.4
1070070 414.6
1070080 414.6
1070090 414.6
1070100 414.8
1070110 414.8
1070120 414.8
1070130 414.6
1070140 414.6
1070150 414.6
1070160 414.5
1070170 414.5
1070180 414.6
1070190 414.8
1070200 414.8
1070210 414.8
1070220 414.6
1070230 414.6
1070240 414.5
1070250 414.4
1070260 414.4
1070270 414.4
1070280 414.8
1070290 414.7
1070300 414.7
1070310 414.4
1070320 414.3
1070330 414.3
1070340 414.2
1070350 414.2
1070360 414.2
1070370 414.1
1070380 414.0
1070390 414.0
1070400 414.0
1070410 413.9
1070420 413.9
1070430 414.0
1070440 414.1
1070450 414.1
1070460 414.1
1070470 414.2
1070480 414.2
1070490 414.2
1070500 414.4
1070510 414.4
1070520 414.3
1070530 413.9
1070540 413.9
1070550 413.8
1070560 413.9
1070570 414.1
1070580 414.1
1070590 414.1
1070600 414.0
1070610 414.0
1070620 414.0
1070630 413.9
1070640 413.9
1070650 413.9
1070660 413.9
1070670 413.9
1070680 413.9
1070690 413.9
1070700 413.9
1070710 413.9
1070720 413.9
1070730 413.9
1070740 413.9
1070750 413.9
1070760 413.9
1070770 413.7
1070780 413.6
1070790 413.6
1070800 413.8
1070810 414.0
1070820 414.0
1070830 414.1
1070840 413.7
1070850 413.6
1070860 413.6
1070870 413.9
1070880 414.2
1070890 414.2
1070900 415.0
1070910 414.6
1070920 414.6
1070930 414.8
1070940 414.6
1070950 414.7
1070960 414.7
1070970 414.6
1070980 414.6
1070990 414.5
1071000 413.7
1071010 413.7
1071020 413.6
1071030 413.6
1071040 413.6
1071050 413.5
1071060 413.2
1071070 413.2
1071080 413.0
1071090 412.7
1071100 412.7
1071110 412.7
1071120 412.5
1071130 412.5
1071140 412.5
1071150 412.6
1071160 412.7
1071170 412.7
1071180 412.7
1071190 412.8
1071200 412.8
1071210 412.9
1071220 413.2
1071230 413.2
1071240 413.2
1071250 412.9
1071260 413.4
1071270 413.0
1071280 412.5
1071290 412.5
1071300 412.4
1071310 412.4
1071320 412.4
1071330 412.4
1071340 412.3
1071350 412.3
1071360 412.3
1071370 412.4
1071380 412.4
1071390 412.4
1071400 412.3
1071410 412.3
1071420 412.9
1071430 413.4
1071440 413.4
1071450 412.9
1071460 413.1
1071470 412.9
1071480 412.9
1071490 412.6
1071500 412.7
1071510 412.7
1071520 412.5
1071530 412.7
1071540 412.7
1071550 412.6
1071560 412.6
1071570 412.5
1071580 412.7
1071590 412.6
1071600 412.6
1071610 412.4
1071620 412.2
1071630 412.2
1071640 412.3
1071650 413.0
1071660 413.0
1071670 412.5
1071680 412.6
1071690 412.6
1071700 413.3
1071710 413.5
1071720 413.5
1071730 413.5
1071740 413.2
1071750 412.8
1071760 412.8
1071770 412.8
1071780 412.8
1071790 412.8
1071800 412.7
1071810 412.7
1071820 412.7
1071830 412.6
1071840 412.6
1071850 412.6
1071860 412.5
1071870 412.5
1071880 412.7
1071890 412.8
1071900 412.7
1071910 412.7
1071920 412.9
1071930 412.9
1071940 412.9
1071950 412.9
1071960 412.8
1071970 412.8
1071980 412.5
1071990 412.2
1072000 412.2
1072010 412.0
1072020 412.0
1072030 412.0
1072040 411.9
1072050 412.0
1072060 411.9
1072070 411.9
1072080 411.9
1072090 412.0
1072100 412.0
1072110 412.0
1072120 412.1
1072130 412.1
1072140 412.4
1072150 412.5
1072160 412.5
1072170 412.6
1072180 412.8
1072190 412.8
1072200 412.8
1072210 412.7
1072220 412.7
1072230 412.6
1072240 412.7
1072250 412.7
1072260 412.7
1072270 413.0
1072280 413.0
1072290 412.8
1072300 412.7
1072310 412.7
1072320 412.5
1072330 412.7
1072340 412.7
1072350 412.7
1072360 412.5
1072370 412.5
1072380 412.5
1072390 412.1
1072400 412.4
1072410 412.4
1072420 412.3
1072430 412.3
1072440 412.3
1072450 412.3
1072460 412.2
1072470 412.2
1072480 412.1
1072490 411.9
1072500 411.8
1072510 411.7
1072520 411.8
1072530 411.8
1072540 411.8
1072550 411.9
1072560 411.9
1072570 411.9
1072580 412.0
1072590 412.0
1072600 412.0
1072610 412.1
1072620 412.1
1072630 412.1
1072640 412.2
1072650 412.2
1072660 412.2
1072670 412.2
1072680 412.1
1072690 412.1
1072700 412.1
1072710 412.1
1072720 412.1
1072730 412.2
1072740 412.1
1072750 412.1
1072760 412.1
1072770 412.8
1072780 412.8
1072790 412.1
1072800 412.9
1072810 412.7
1072820 411.8
1072830 412.0
1072840 412.0
1072850 413.1
1072860 413.5
1072870 413.5
1072880 413.5
1072890 413.2
1072900 413.2
1072910 412.2
1072920 412.0
1072930 412.0
1072940 412.3
1072950 412.9
1072960 413.2
1072970 413.2
1072980 412.7
1072990 411.6
1073000 411.6
1073010 411.7
1073020 411.7
1073030 411.7
1073040 411.8
1073050 411.8
1073060 411.8
1073070 413.6
1073080 414.1
1073090 414.1
1073100 412.8
1073110 413.4
1073120 412.8
1073130 413.0
1073140 412.7
1073150 412.7
1073160 412.7
1073170 412.6
1073180 412.6
1073190 413.3
1073200 413.6
1073210 413.6
1073220 412.9
1073230 412.7
1073240 412.7
1073250 412.6
1073260 412.3
1073270 411.9
1073280 411.9
1073290 411.8
1073300 411.9
1073310 411.9
1073320 412.0
1073330 412.3
1073340 412.3
1073350 412.6
1073360 412.1
1073370 412.1
1073380 411.8
1073390 412.0
1073400 412.0
1073410 412.4
1073420 412.5
1073430 413.0
1073440 412.1
1073450 411.8
1073460 411.8
1073470 411.7
1073480 411.8
1073490 411.8
1073500 411.8
1073510 411.8
1073520 411.8
1073530 412.0
1073540 412.0
1073550 412.0
1073560 412.1
1073570 412.0
1073580 411.9
1073590 411.9
1073600 411.9
1073610 411.7
1073620 411.7
1073630 411.6
1073640 411.8
1073650 411.8
1073660 412.2
1073670 412.2
1073680 412.2
1073690 412.0
1073700 411.9
1073710 411.9
1073720 411.9
1073730 411.7
1073740 411.5
1073750 411.5
1073760 410.9
1073770 410.9
1073780 410.8
1073790 411.2
1073800 411.2
1073810 411.0
1073820 410.9
1073830 410.9
1073840 411.0
1073850 410.9
1073860 411.0
1073870 411.0
1073880 411.0
1073890 410.9
1073900 410.9
1073910 410.8
1073920 411.1
1073930 411.1
1073940 411.5
1073950 411.6
1073960 411.6
1073970 411.5
1073980 411.6
1073990 411.6
1074000 411.7
1074010 412.1
1074020 412.1
1074030 412.4
1074040 411.9
1074050 411.8
1074060 411.9
1074070 411.8
1074080 411.8
1074090 411.9
1074100 412.0
1074110 412.0
1074120 412.0
1074130 411.8
1074140 411.8
1074150 411.3
1074160 411.3
1074170 411.4
1074180 411.4
1074190 411.6
1074200 411.7
1074210 411.7
1074220 411.7
1074230 411.0
1074240 411.0
1074250 410.9
1074260 411.1
1074270 411.1
1074280 411.1
1074290 411.2
1074300 411.2
1074310 411.1
1074320 411.2
1074330 411.2
1074340 411.4
1074350 411.6
1074360 411.6
1074370 411.8
1074380 411.7
1074390 411.7
1074400 411.4
1074410 411.3
1074420 411.3
1074430 411.3
1074440 411.4
1074450 411.4
1074460 411.5
1074470 411.6
1074480 411.7
1074490 411.7
1074500 411.8
1074510 411.8
1074520 411.8
1074530 411.5
1074540 411.0
1074550 411.0
1074560 411.1
1074570 411.1
1074580 411.1
1074590 411.2
1074600 411.2
1074610 411.2
1074620 411.2
1074630 411.2
1074640 411.2
1074650 411.1
1074660 411.1
1074670 410.9
1074680 410.9
1074690 410.8
1074700 410.8
1074710 411.2
1074720 411.0
1074730 411.0
1074740 410.6
1074750 410.7
1074760 410.8
1074770 410.8
1074780 410.7
1074790 410.4
1074800 410.4
1074810 410.3
1074820 410.3
1074830 410.3
1074840 410.6
1074850 410.6
1074860 410.6
1074870 410.5
1074880 410.5
1074890 410.5
1074900 410.5
1074910 410.4
1074920 410.4
1074930 410.3
1074940 410.3
1074950 410.3
1074960 410.2
1074970 410.1
1074980 410.0
1074990 409.8
1075000 409.9
1075010 409.9
1075020 409.9
1075030 410.1
1075040 410.1
1075050 410.0
1075060 410.0
1075070 409.9
1075080 409.9
1075090 410.0
1075100 410.0
1075110 410.0
1075120 410.0
1075130 410.0
1075140 410.0
1075150 410.2
1075160 410.3
1075170 410.3
1075180 410.3
1075190 410.3
1075200 410.3
1075210 410.3
1075220 410.2
1075230 410.2
1075240 410.2
1075250 410.2
1075260 410.2
1075270 410.3
1075280 410.7
1075290 411.7
1075300 411.6
1075310 407.9
1075320 407.9
1075330 409.6
1075340 410.8
1075350 410.8
1075360 411.2
1075370 411.4
1075380 411.5
1075390 411.5
1075400 411.8
1075410 412.1
1075420 412.1
1075430 412.3
1075440 412.6
1075450 412.6
1075460 412.9
1075470 413.2
1075480 413.2
1075490 413.2
1075500 413.1
1075510 413.1
1075520 412.8
1075530 412.4
1075540 412.4
1075550 411.8
1075560 411.0
1075570 411.0
1075580 410.3
1075590 409.7
1075600 409.9
1075610 409.6
1075620 409.2
1075630 409.2
1075640 409.2
1075650 409.3
1075660 409.3
1075670 409.4
1075680 409.4
1075690 409.4
1075700 409.4
1075710 409.4
1075720 409.4
1075730 409.4
1075740 409.4
1075750 409.5
1075760 409.5
1075770 409.4
1075780 409.4
1075790 409.4
1075800 409.5
1075810 409.5
1075820 409.5
1075830 409.4
1075840 409.5
1075850 409.5
1075860 409.6
1075870 409.8
1075880 409.8
1075890 410.0
1075900 409.9
1075910 410.0
1075920 409.9
1075930 409.8
1075940 409.8
1075950 409.9
1075960 409.8
1075970 409.7
1075980 409.7
1075990 409.7
1076000 409.8
1076010 409.8
1076020 409.8
1076030 409.9
1076040 409.9
1076050 410.0
1076060 410.0
1076070 410.0
1076080 410.1
1076090 410.1
1076100 410.1
1076110 410.1
1076120 410.0
1076130 410.0
1076140 410.1
1076150 410.3
1076160 410.3
1076170 410.2
1076180 410.4
1076190 410.4
1076200 410.2
1076210 410.1
1076220 410.1
1076230 410.0
1076240 409.8
1076250 409.8
1076260 409.8
1076270 409.9
1076280 409.8
1076290 409.8
1076300 409.8
1076310 409.8
1076320 409.8
1076330 409.8
1076340 409.8
1076350 409.8
1076360 409.8
1076370 409.7
1076380 409.7
1076390 409.7
1076400 409.8
1076410 409.8
1076420 409.8
1076430 410.0
1076440 410.0
1076450 409.8
1076460 409.9
1076470 409.9
1076480 409.9
1076490 409.9
1076500 409.9
1076510 409.9
1076520 410.0
1076530 410.0
1076540 410.1
1076550 410.1
1076560 410.1
1076570 410.2
1076580 410.2
1076590 410.3
1076600 410.3
1076610 410.4
1076620 410.5
1076630 410.5
1076640 410.4
1076650 410.6
1076660 410.6
1076670 410.7
1076680 410.8
1076690 410.8
1076700 411.2
1076710 411.3
1076720 411.3
1076730 411.4
1076740 411.3
1076750 411.3
1076760 411.2
1076770 411.2
1076780 411.2
1076790 411.4
1076800 411.4
1076810 411.4
1076820 411.4
1076830 411.5
1076840 411.5
1076850 411.7
1076860 411.8
1076870 411.9
1076880 411.9
1076890 411.8
1076900 411.9
1076910 411.9
1076920 412.0
1076930 412.1
1076940 412.1
1076950 412.3
1076960 413.1
1076970 413.1
1076980 412.9
1076990 412.5
1077000 412.5
1077010 412.9
1077020 413.0
1077030 413.0
1077040 413.0
1077050 413.0
1077060 413.0
1077070 413.2
1077080 413.2
1077090 413.2
1077100 413.2
1077110 413.3
1077120 413.3
1077130 413.5
1077140 413.6
1077150 413.6
1077160 413.9
1077170 414.1
1077180 414.0
1077190 414.0
1077200 414.2
1077210 414.4
1077220 414.4
1077230 414.4
1077240 414.6
1077250 414.6
1077260 414.6
1077270 414.7
1077280 414.7
1077290 414.7
1077300 414.8
1077310 414.8
1077320 415.0
1077330 415.1
1077340 415.1
1077350 415.3
1077360 415.6
1077370 415.6
1077380 415.6
1077390 415.7
1077400 415.7
1077410 415.8
1077420 415.9
1077430 415.9
1077440 416.0
1077450 416.1
1077460 416.1
1077470 416.3
1077480 416.8
1077490 417.1
1077500 417.1
1077510 417.3
1077520 417.5
1077530 417.5
1077540 418.0
1077550 418.3
1077560 418.3
1077570 418.8
1077580 418.9
1077590 418.9
1077600 419.1
1077610 419.8
1077620 419.8
1077630 420.8
1077640 421.2
1077650 421.2
1077660 422.4
1077670 425.1
1077680 425.1
1077690 427.6
1077700 429.6
1077710 429.6
1077720 432.4
1077730 435.6
1077740 435.6
1077750 437.7
1077760 441.6
1077770 444.8
1077780 444.8
1077790 454.6
1077800 457.7
1077810 457.7
1077820 461.2
1077830 464.6
1077840 464.6
1077850 468.7
1077860 472.8
1077870 472.8
1077880 476.1
1077890 478.6
1077900 478.6
1077910 479.1
1077920 478.1
1077930 478.1
1077940 476.1
1077950 473.9
1077960 473.9
1077970 473.9
1077980 478.0
1077990 478.0
1078000 481.7
1078010 484.6
1078020 484.6
1078030 488.1
1078040 492.2
1078050 492.2
1078060 495.8
1078070 499.6
1078080 503.5
1078090 503.5
1078100 511.5
1078110 514.9
1078120 514.9
1078130 517.2
1078140 521.0
1078150 521.0
1078160 525.2
1078170 528.8
1078180 528.8
1078190 531.9
1078200 534.1
1078210 534.1
1078220 535.5
1078230 537.6
1078240 537.6
1078250 539.9
1078260 540.5
1078270 540.5
1078280 541.6
1078290 547.2
1078300 547.2
1078310 550.9
1078320 551.8
1078330 551.8
1078340 551.7
1078350 552.5
1078360 552.5
1078370 556.7
1078380 562.1
1078390 567.5
1078400 567.5
1078410 572.2
1078420 579.7
1078430 579.7
1078440 584.4
1078450 588.4
1078460 588.4
1078470 591.1
1078480 593.0
1078490 593.0
1078500 595.3
1078510 597.2
1078520 597.2
1078530 599.1
1078540 601.6
1078550 601.6
1078560 604.2
1078570 606.9
1078580 606.9
1078590 609.1
1078600 610.3
1078610 610.3
1078620 609.9
1078630 607.4
1078640 607.4
1078650 602.1
1078660 596.3
1078670 594.1
1078680 594.1
1078690 593.4
1078700 590.5
1078710 590.5
1078720 582.2
1078730 590.5
1078740 590.5
1078750 580.6
1078760 575.1
1078770 575.1
1078780 578.4
1078790 588.8
1078800 588.8
1078810 598.1
1078820 599.3
1078830 599.3
1078840 594.9
1078850 592.4
1078860 592.4
1078870 590.4
1078880 593.1
1078890 593.1
1078900 601.1
1078910 607.3
1078920 607.3
1078930 611.6
1078940 617.1
1078950 617.1
1078960 621.9
1078970 625.7
1078980 628.8
1078990 628.8
1079000 630.7
1079010 632.8
1079020 632.8
1079030 635.8
1079040 640.4
1079050 644.4
1079060 648.5
1079070 652.8
1079080 652.8
1079090 657.2
1079100 661.6
1079110 661.6
1079120 665.7
1079130 669.4
1079140 669.4
1079150 672.3
1079160 675.6
1079170 675.6
1079180 678.9
1079190 682.3
1079200 682.3
1079210 686.0
1079220 691.0
1079230 691.0
1079240 696.6
1079250 701.6
1079260 701.6
1079270 705.5
1079280 710.9
1079290 718.1
1079300 718.1
1079310 726.4
1079320 734.2
1079330 734.2
1079340 740.9
1079350 747.9
1079360 753.1
1079370 759.2
1079380 765.9
1079390 765.9
1079400 769.9
1079410 774.8
1079420 774.8
1079430 783.2
1079440 794.5
1079450 794.5
1079460 808.1
1079470 838.2
1079480 838.2
1079490 849.8
1079500 854.4
1079510 854.4
1079520 862.9
1079530 873.9
1079540 873.9
1079550 881.1
1079560 884.2
1079570 885.4
1079580 885.4
1079590 884.9
1079600 883.4
1079610 883.4
1079620 880.9
1079630 876.8
1079640 876.8
1079650 872.1
1079660 866.7
1079670 866.7
1079680 862.4
1079690 855.9
1079700 855.9
1079710 849.2
1079720 843.9
1079730 843.9
1079740 836.8
1079750 831.2
1079760 831.2
1079770 824.1
1079780 818.4
1079790 818.4
1079800 815.2
1079810 809.8
1079820 809.8
1079830 806.1
1079840 813.1
1079850 813.1
1079860 825.3
1079870 833.1
1079880 837.9
1079890 837.9
1079900 842.8
1079910 847.8
1079920 847.8
1079930 853.1
1079940 859.4
1079950 859.4
1079960 865.3
1079970 871.4
1079980 871.4
1079990 874.0
