1068560 419.3
1068570 419.3
1068580 418.8
1068590 418.4
1068600 418.4
1068610 418.1
1068620 417.4
1068630 417.4
1068640 416.4
1068650 415.8
1068660 415.8
1068670 415.8
1068680 416.5
1068690 416.5
1068700 420.0
1068710 420.8
1068720 420.8
1068730 420.7
1068740 420.7
1068750 420.7
1068760 420.8
1068770 419.3
1068780 418.3
1068790 418.3
1068800 418.2
1068810 418.2
1068820 418.2
1068830 418.2
1068840 418.1
1068850 418.1
1068860 418.1
1068870 418.1
1068880 418.1
1068890 418.0
1068900 418.0
1068910 418.0
1068920 418.0
1068930 418.0
1068940 418.0
1068950 417.9
1068960 417.0
1068970 417.0
1068980 415.3
1068990 412.8
1069000 412.8
1069010 412.5
1069020 412.5
1069030 412.5
1069040 412.5
1069050 412.5
1069060 412.5
1069070 412.7
1069080 412.9
1069090 413.0
1069100 413.0
1069110 413.0
1069120 414.9
1069130 414.9
1069140 417.1
1069150 417.9
1069160 417.9
1069170 418.0
1069180 418.0
1069190 418.0
1069200 418.0
1069210 418.0
1069220 418.0
1069230 418.0
1069240 418.3
1069250 418.3
1069260 419.8
1069270 420.8
1069280 420.8
1069290 418.3
1069300 416.8
1069310 416.8
1069320 416.0
1069330 416.0
1069340 416.0
1069350 415.9
1069360 415.7
1069370 415.7
1069380 415.7
1069390 415.7
1069400 415.9
1069410 415.9
1069420 416.3
1069430 415.0
1069440 415.0
1069450 416.1
1069460 415.4
1069470 415.4
1069480 415.4
1069490 415.5
1069500 415.5
1069510 415.5
1069520 415.6
1069530 415.6
1069540 415.6
1069550 415.5
1069560 415.5
1069570 415.5
1069580 415.4
1069590 415.4
1069600 415.4
1069610 415.3
1069620 415.3
1069630 415.3
1069640 415.3
1069650 415.3
1069660 415.3
1069670 415.3
1069680 415.3
1069690 415.3
1069700 415.2
1069710 415.3
1069720 415.3
1069730 415.2
1069740 415.1
1069750 415.1
1069760 414.9
1069770 414.9
1069780 414.9
1069790 414.9
1069800 414.7
1069810 414.7
1069820 414.6
1069830 414.9
1069840 414.9
1069850 415.1
1069860 415.1
1069870 415.1
1069880 415.1
1069890 415.1
1069900 415.1
1069910 415.2
1069920 415.2
1069930 415.2
1069940 415.1
1069950 415.0
1069960 415.0
1069970 414.9
1069980 414.8
1069990 414.8
1070000 414.8
1070010 414.8
1070020 414.9
1070030 414.9
1070040 415.0
1070050 414.7
1070060 414.7
1070070 414.4
1070080 414.5
1070090 414.5
1070100 414.7
1070110 414.8
1070120 414.8
1070130 414.8
1070140 414.8
1070150 414.8
1070160 414.7
1070170 414.8
1070180 414.8
1070190 415.0
1070200 415.1
1070210 415.1
1070220 415.2
1070230 415.2
1070240 415.2
1070250 415.1
1070260 414.9
1070270 414.9
1070280 414.8
1070290 414.9
1070300 415.0
1070310 415.0
1070320 415.0
1070330 414.9
1070340 414.9
1070350 415.1
1070360 415.5
1070370 415.5
1070380 415.6
1070390 415.7
1070400 415.7
1070410 415.7
1070420 415.7
1070430 415.7
1070440 415.8
1070450 415.7
1070460 415.7
1070470 414.7
1070480 414.1
1070490 414.1
1070500 414.2
1070510 414.4
1070520 414.4
1070530 414.5
1070540 414.5
1070550 414.5
1070560 414.4
1070570 414.3
1070580 414.3
1070590 414.5
1070600 414.7
1070610 414.6
1070620 414.6
1070630 414.4
1070640 414.4
1070650 414.4
1070660 414.2
1070670 414.1
1070680 414.1
1070690 414.4
1070700 415.0
1070710 415.0
1070720 414.6
1070730 414.5
1070740 414.5
1070750 414.6
1070760 414.6
1070770 414.6
1070780 414.3
1070790 414.3
1070800 414.3
1070810 414.2
1070820 414.1
1070830 414.1
1070840 414.1
1070850 414.0
1070860 414.0
1070870 414.0
1070880 414.0
1070890 414.2
1070900 414.2
1070910 414.1
1070920 414.0
1070930 414.0
1070940 414.2
1070950 414.2
1070960 414.2
1070970 414.3
1070980 414.2
1070990 414.2
1071000 414.2
1071010 414.3
1071020 414.3
1071030 414.2
1071040 414.0
1071050 414.0
1071060 413.9
1071070 414.0
1071080 414.0
1071090 414.3
1071100 414.4
1071110 414.4
1071120 414.3
1071130 414.2
1071140 414.2
1071150 414.2
1071160 414.2
1071170 414.2
1071180 414.5
1071190 414.1
1071200 414.1
1071210 414.1
1071220 414.1
1071230 414.0
1071240 414.0
1071250 414.0
1071260 414.2
1071270 414.2
1071280 414.2
1071290 414.2
1071300 414.2
1071310 413.8
1071320 414.3
1071330 414.3
1071340 414.5
1071350 413.8
1071360 413.8
1071370 413.8
1071380 413.6
1071390 413.6
1071400 413.3
1071410 413.3
1071420 413.3
1071430 413.2
1071440 413.3
1071450 413.3
1071460 413.2
1071470 413.2
1071480 413.2
1071490 413.3
1071500 413.2
1071510 413.3
1071520 413.3
1071530 413.4
1071540 413.4
1071550 413.4
1071560 413.3
1071570 413.4
1071580 413.4
1071590 413.5
1071600 413.7
1071610 413.6
1071620 413.9
1071630 413.6
1071640 413.6
1071650 413.5
1071660 413.5
1071670 413.5
1071680 413.5
1071690 413.5
1071700 413.5
1071710 413.5
1071720 413.9
1071730 413.9
1071740 413.7
1071750 413.2
1071760 413.2
1071770 413.4
1071780 413.3
1071790 413.0
1071800 413.0
1071810 412.9
1071820 412.9
1071830 412.9
1071840 412.8
1071850 412.8
1071860 412.8
1071870 412.7
1071880 412.7
1071890 412.7
1071900 412.7
1071910 412.7
1071920 412.7
1071930 412.8
1071940 412.8
1071950 412.8
1071960 412.8
1071970 412.8
1071980 412.8
1071990 412.7
1072000 412.8
1072010 412.8
1072020 412.8
1072030 412.8
1072040 412.8
1072050 412.8
1072060 412.4
1072070 412.4
1072080 412.5
1072090 412.7
1072100 412.8
1072110 412.8
1072120 412.6
1072130 412.7
1072140 412.7
1072150 412.7
1072160 412.7
1072170 412.7
1072180 412.7
1072190 412.6
1072200 412.6
1072210 412.6
1072220 412.7
1072230 412.7
1072240 412.7
1072250 412.7
1072260 412.7
1072270 412.7
1072280 412.7
1072290 412.7
1072300 412.7
1072310 412.5
1072320 412.5
1072330 412.4
1072340 412.5
1072350 412.5
1072360 412.5
1072370 412.5
1072380 412.5
1072390 412.4
1072400 412.4
1072410 412.4
1072420 412.4
1072430 412.4
1072440 412.3
1072450 412.3
1072460 412.3
1072470 412.2
1072480 412.2
1072490 412.2
1072500 412.0
1072510 412.0
1072520 412.1
1072530 412.1
1072540 412.1
1072550 412.1
1072560 412.1
1072570 412.1
1072580 412.1
1072590 412.1
1072600 412.1
1072610 412.2
1072620 412.3
1072630 412.3
1072640 412.3
1072650 412.4
1072660 412.4
1072670 412.4
1072680 412.5
1072690 412.5
1072700 412.6
1072710 412.7
1072720 413.5
1072730 413.5
1072740 412.4
1072750 413.1
1072760 413.1
1072770 412.2
1072780 413.3
1072790 413.3
1072800 413.8
1072810 413.8
1072820 413.8
1072830 413.5
1072840 412.4
1072850 412.3
1072860 412.2
1072870 412.2
1072880 412.2
1072890 412.2
1072900 412.2
1072910 412.2
1072920 412.3
1072930 412.4
1072940 412.4
1072950 412.5
1072960 412.7
1072970 412.7
1072980 412.7
1072990 413.6
1073000 413.0
1073010 413.0
1073020 412.5
1073030 412.3
1073040 412.3
1073050 412.0
1073060 411.9
1073070 411.9
1073080 412.1
1073090 412.2
1073100 412.2
1073110 412.7
1073120 412.8
1073130 412.8
1073140 413.2
1073150 412.8
1073160 412.5
1073170 412.2
1073180 412.3
1073190 412.3
1073200 412.5
1073210 413.0
1073220 413.0
1073230 413.0
1073240 412.8
1073250 412.8
1073260 412.7
1073270 412.6
1073280 412.6
1073290 412.8
1073300 412.9
1073310 412.8
1073320 412.8
1073330 412.7
1073340 412.8
1073350 412.8
1073360 412.8
1073370 412.8
1073380 412.8
1073390 412.7
1073400 412.2
1073410 412.2
1073420 412.4
1073430 412.2
1073440 412.2
1073450 412.1
1073460 412.1
1073470 412.2
1073480 412.0
1073490 412.0
1073500 412.0
1073510 412.2
1073520 412.3
1073530 412.3
1073540 412.2
1073550 412.2
1073560 412.2
1073570 412.4
1073580 412.4
1073590 412.4
1073600 412.2
1073610 412.0
1073620 412.1
1073630 412.1
1073640 412.0
1073650 411.9
1073660 411.9
1073670 411.4
1073680 411.3
1073690 411.3
1073700 411.3
1073710 411.1
1073720 411.1
1073730 411.0
1073740 410.9
1073750 410.9
1073760 411.1
1073770 411.1
1073780 411.1
1073790 411.1
1073800 411.2
1073810 411.2
1073820 411.1
1073830 411.2
1073840 411.2
1073850 411.3
1073860 411.5
1073870 411.5
1073880 411.6
1073890 411.5
1073900 411.5
1073910 411.5
1073920 411.6
1073930 411.6
1073940 411.6
1073950 411.6
1073960 412.0
1073970 412.0
1073980 412.2
1073990 411.9
1074000 411.9
1074010 411.6
1074020 411.4
1074030 411.4
1074040 411.3
1074050 411.1
1074060 411.1
1074070 411.3
1074080 412.0
1074090 412.1
1074100 412.1
1074110 411.9
1074120 411.9
1074130 411.8
1074140 412.0
1074150 412.0
1074160 412.1
1074170 411.8
1074180 411.8
1074190 412.0
1074200 411.9
1074210 411.7
1074220 411.7
1074230 411.8
1074240 411.8
1074250 411.8
1074260 411.4
1074270 410.9
1074280 410.9
1074290 411.0
1074300 411.1
1074310 411.1
1074320 411.1
1074330 411.1
1074340 411.1
1074350 410.9
1074360 410.9
1074370 410.9
1074380 410.8
1074390 410.9
1074400 410.9
1074410 410.9
1074420 410.8
1074430 410.8
1074440 410.1
1074450 410.4
1074460 410.4
1074470 410.6
1074480 410.5
1074490 410.5
1074500 410.9
1074510 411.1
1074520 410.9
1074530 410.9
1074540 410.5
1074550 410.4
1074560 410.4
1074570 410.2
1074580 410.1
1074590 410.1
1074600 409.9
1074610 409.8
1074620 409.8
1074630 410.0
1074640 410.2
1074650 410.2
1074660 410.4
1074670 410.3
1074680 410.3
1074690 410.2
1074700 410.1
1074710 410.4
1074720 410.4
1074730 410.4
1074740 410.4
1074750 410.4
1074760 410.4
1074770 410.4
1074780 410.4
1074790 410.5
1074800 410.5
1074810 410.5
1074820 410.5
1074830 410.7
1074840 410.7
1074850 410.7
1074860 410.5
1074870 410.5
1074880 410.5
1074890 410.4
1074900 410.4
1074910 410.4
1074920 410.5
1074930 410.5
1074940 410.5
1074950 410.5
1074960 410.5
1074970 410.5
1074980 410.4
1074990 410.4
1075000 410.5
1075010 411.2
1075020 412.1
1075030 412.1
1075040 411.8
1075050 411.8
1075060 413.2
1075070 412.3
1075080 412.3
1075090 411.5
1075100 411.6
1075110 411.6
1075120 411.6
1075130 411.6
1075140 411.4
1075150 411.4
1075160 411.3
1075170 411.3
1075180 411.3
1075190 411.3
1075200 411.8
1075210 411.8
1075220 411.9
1075230 410.6
1075240 410.6
1075250 410.5
1075260 410.3
1075270 410.3
1075280 410.3
1075290 410.2
1075300 410.2
1075310 410.2
1075320 410.3
1075330 410.9
1075340 411.1
1075350 411.3
1075360 411.3
1075370 411.4
1075380 411.3
1075390 411.3
1075400 411.2
1075410 410.8
1075420 410.5
1075430 410.5
1075440 410.3
1075450 410.1
1075460 410.1
1075470 409.9
1075480 409.7
1075490 409.7
1075500 409.6
1075510 409.6
1075520 409.6
1075530 409.6
1075540 409.7
1075550 409.7
1075560 409.7
1075570 409.7
1075580 409.7
1075590 409.7
1075600 409.7
1075610 409.7
1075620 409.8
1075630 409.8
1075640 409.8
1075650 409.8
1075660 409.7
1075670 409.7
1075680 409.7
1075690 409.7
1075700 409.8
1075710 409.8
1075720 409.7
1075730 409.7
1075740 409.7
1075750 409.8
1075760 409.9
1075770 409.9
1075780 409.8
1075790 409.7
1075800 409.7
1075810 409.8
1075820 409.9
1075830 409.9
1075840 410.0
1075850 410.1
1075860 410.1
1075870 410.2
1075880 410.2
1075890 410.2
1075900 410.2
1075910 410.3
1075920 410.3
1075930 410.3
1075940 410.4
1075950 410.4
1075960 410.3
1075970 410.3
1075980 410.3
1075990 410.2
1076000 410.1
1076010 410.4
1076020 410.4
1076030 410.6
1076040 410.8
1076050 410.8
1076060 410.7
1076070 410.7
1076080 410.7
1076090 410.7
1076100 410.6
1076110 410.6
1076120 410.6
1076130 410.4
1076140 410.4
1076150 410.4
1076160 410.4
1076170 410.4
1076180 410.4
1076190 410.3
1076200 410.3
1076210 410.6
1076220 410.9
1076230 410.9
1076240 410.8
1076250 410.4
1076260 410.4
1076270 410.3
1076280 410.2
1076290 410.2
1076300 410.2
1076310 410.2
1076320 410.2
1076330 410.2
1076340 410.2
1076350 410.1
1076360 410.1
1076370 410.1
1076380 410.1
1076390 410.1
1076400 410.1
1076410 409.9
1076420 409.9
1076430 410.0
1076440 410.0
1076450 410.0
1076460 410.1
1076470 410.1
1076480 410.1
1076490 410.1
1076500 410.1
1076510 410.1
1076520 410.1
1076530 410.4
1076540 410.4
1076550 410.6
1076560 410.5
1076570 410.5
1076580 410.7
1076590 410.6
1076600 410.7
1076610 410.7
1076620 410.8
1076630 410.9
1076640 410.9
1076650 410.8
1076660 410.9
1076670 410.9
1076680 411.1
1076690 411.2
1076700 411.2
1076710 411.5
1076720 411.7
1076730 411.7
1076740 411.8
1076750 411.7
1076760 411.7
1076770 411.9
1076780 412.2
1076790 412.2
1076800 412.4
1076810 412.5
1076820 412.5
1076830 412.4
1076840 412.7
1076850 412.7
1076860 412.8
1076870 412.9
1076880 412.9
1076890 413.0
1076900 413.1
1076910 413.2
1076920 413.2
1076930 413.3
1076940 413.5
1076950 413.5
1076960 413.6
1076970 413.7
1076980 413.7
1076990 413.7
1077000 414.0
1077010 414.0
1077020 414.3
1077030 414.5
1077040 414.5
1077050 414.7
1077060 415.0
1077070 415.0
1077080 415.1
1077090 415.1
1077100 415.1
1077110 415.3
1077120 415.7
1077130 415.7
1077140 415.8
1077150 416.0
1077160 416.0
1077170 416.0
1077180 415.5
1077190 415.5
1077200 415.7
1077210 417.2
1077220 417.8
1077230 417.8
1077240 418.4
1077250 419.2
1077260 419.2
1077270 422.1
1077280 424.6
1077290 424.6
1077300 427.1
1077310 430.4
1077320 430.4
1077330 433.5
1077340 437.2
1077350 437.2
1077360 439.5
1077370 442.6
1077380 442.6
1077390 446.2
1077400 449.6
1077410 449.6
1077420 453.2
1077430 456.6
1077440 456.6
1077450 460.4
1077460 463.8
1077470 463.8
1077480 466.1
1077490 468.1
1077500 470.1
1077510 470.1
1077520 476.6
1077530 478.6
1077540 478.6
1077550 481.2
1077560 484.1
1077570 484.1
1077580 486.8
1077590 489.3
1077600 489.3
1077610 491.6
1077620 494.7
1077630 494.7
1077640 498.0
1077650 500.6
1077660 500.6
1077670 502.0
1077680 503.8
1077690 503.8
1077700 506.4
1077710 509.1
1077720 509.1
1077730 511.0
1077740 512.1
1077750 512.1
1077760 513.7
1077770 516.1
1077780 516.1
1077790 518.1
1077800 519.3
1077810 520.9
1077820 520.9
1077830 526.9
1077840 528.9
1077850 528.9
1077860 528.8
1077870 530.5
1077880 530.5
1077890 533.9
1077900 537.7
1077910 537.7
1077920 542.4
1077930 547.2
1077940 547.2
1077950 549.2
1077960 550.1
1077970 550.1
1077980 551.1
1077990 553.7
1078000 553.7
1078010 556.3
1078020 559.0
1078030 559.0
1078040 561.1
1078050 563.4
1078060 563.4
1078070 565.4
1078080 567.0
1078090 567.0
1078100 569.8
1078110 573.1
1078120 576.7
1078130 576.7
1078140 580.1
1078150 587.7
1078160 587.7
1078170 590.0
1078180 591.4
1078190 591.4
1078200 593.1
1078210 595.1
1078220 595.1
1078230 597.2
1078240 599.4
1078250 599.4
1078260 601.6
1078270 603.5
1078280 603.5
1078290 605.5
1078300 607.1
1078310 607.1
1078320 607.6
1078330 608.3
1078340 608.3
1078350 610.4
1078360 612.3
1078370 612.3
1078380 612.9
1078390 613.3
1078400 614.1
1078410 614.1
1078420 614.4
1078430 615.0
1078440 615.0
1078450 615.9
1078460 620.2
1078470 620.2
1078480 622.0
1078490 624.6
1078500 624.6
1078510 626.3
1078520 628.4
1078530 628.4
1078540 631.2
1078550 633.5
1078560 633.5
1078570 635.1
1078580 636.8
1078590 636.8
1078600 638.2
1078610 639.2
1078620 639.2
1078630 639.8
1078640 641.9
1078650 641.9
1078660 643.6
1078670 644.0
1078680 644.0
1078690 643.6
1078700 645.1
1078710 646.6
1078720 646.6
1078730 647.9
1078740 649.6
1078750 649.6
1078760 651.1
1078770 657.3
1078780 657.3
1078790 656.2
1078800 651.3
1078810 651.3
1078820 647.2
1078830 639.4
1078840 639.4
1078850 634.5
1078860 629.2
1078870 629.2
1078880 629.5
1078890 639.4
1078900 639.4
1078910 646.6
1078920 655.0
1078930 655.0
1078940 662.8
1078950 663.4
1078960 663.4
1078970 661.5
1078980 660.5
1078990 660.5
1079000 660.9
1079010 661.0
1079020 663.7
1079030 663.7
1079040 667.1
1079050 671.2
1079060 671.2
1079070 675.4
1079080 684.4
1079090 684.1
1079100 695.0
1079110 704.3
1079120 704.3
1079130 712.0
1079140 720.9
1079150 720.9
1079160 731.0
1079170 738.6
1079180 738.6
1079190 747.5
1079200 755.9
1079210 755.9
1079220 763.9
1079230 776.3
1079240 776.3
1079250 785.9
1079260 794.9
1079270 794.9
1079280 803.6
1079290 812.9
1079300 822.6
1079310 822.6
1079320 838.6
1079330 873.5
1079340 873.5
1079350 896.7
1079360 907.4
1079370 907.4
1079380 914.3
1079390 927.7
1079400 929.6
1079410 940.2
1079420 946.2
1079430 946.2
1079440 953.8
1079450 960.9
1079460 960.9
1079470 963.9
1079480 965.9
1079490 965.9
1079500 968.2
1079510 969.9
1079520 969.9
1079530 971.4
1079540 973.1
1079550 973.1
1079560 975.1
1079570 976.5
1079580 976.5
1079590 977.4
1079600 977.8
1079610 978.1
1079620 978.1
1079630 978.2
1079640 977.4
1079650 977.4
1079660 974.6
1079670 970.3
1079680 970.3
1079690 966.4
1079700 963.3
1079710 963.3
1079720 967.8
1079730 963.7
1079740 963.7
1079750 957.8
1079760 948.5
1079770 948.5
1079780 936.8
1079790 926.2
1079800 926.2
1079810 915.4
1079820 904.8
1079830 904.8
1079840 909.0
1079850 917.5
1079860 917.5
1079870 920.7
1079880 918.5
1079890 918.5
1079900 916.1
1079910 911.3
1079920 904.1
1079930 904.1
1079940 898.0
1079950 888.9
1079960 888.9
1079970 881.4
1079980 874.5
1079990 874.5
