1068610 415.8
1068620 415.7
1068630 415.7
1068640 415.8
1068650 415.9
1068660 416.0
1068670 416.0
1068680 415.8
1068690 415.8
1068700 415.8
1068710 416.8
1068720 419.6
1068730 419.6
1068740 420.4
1068750 420.4
1068760 420.4
1068770 420.5
1068780 420.8
1068790 420.8
1068800 419.5
1068810 418.2
1068820 418.2
1068830 418.1
1068840 418.1
1068850 418.1
1068860 418.1
1068870 418.1
1068880 418.1
1068890 418.0
1068900 418.0
1068910 418.0
1068920 418.0
1068930 418.0
1068940 417.9
1068950 417.9
1068960 418.0
1068970 417.9
1068980 417.9
1068990 417.2
1069000 415.6
1069010 415.6
1069020 413.0
1069030 412.5
1069040 412.5
1069050 412.5
1069060 412.5
1069070 412.5
1069080 412.5
1069090 412.6
1069100 412.6
1069110 412.9
1069120 413.0
1069130 413.0
1069140 413.0
1069150 413.5
1069160 413.5
1069170 416.6
1069180 417.8
1069190 417.8
1069200 417.9
1069210 417.9
1069220 417.9
1069230 417.9
1069240 417.9
1069250 417.9
1069260 417.9
1069270 418.2
1069280 419.8
1069290 419.8
1069300 420.7
1069310 418.4
1069320 418.4
1069330 416.7
1069340 415.9
1069350 415.9
1069360 415.9
1069370 415.9
1069380 415.9
1069390 415.8
1069400 415.8
1069410 415.8
1069420 415.9
1069430 416.0
1069440 416.0
1069450 416.2
1069460 415.2
1069470 415.2
1069480 415.9
1069490 415.9
1069500 415.9
1069510 415.4
1069520 415.4
1069530 415.4
1069540 415.5
1069550 415.5
1069560 415.5
1069570 415.4
1069580 415.4
1069590 415.4
1069600 415.4
1069610 415.4
1069620 415.3
1069630 415.3
1069640 415.2
1069650 415.2
1069660 415.2
1069670 415.3
1069680 415.3
1069690 415.3
1069700 415.3
1069710 415.3
1069720 415.3
1069730 415.3
1069740 415.3
1069750 415.3
1069760 415.3
1069770 415.2
1069780 415.2
1069790 415.2
1069800 415.1
1069810 415.1
1069820 415.0
1069830 414.8
1069840 414.5
1069850 414.5
1069860 414.4
1069870 414.8
1069880 415.0
1069890 415.0
1069900 415.3
1069910 415.3
1069920 415.4
1069930 415.0
1069940 415.0
1069950 415.0
1069960 414.9
1069970 414.9
1069980 414.8
1069990 414.9
1070000 414.9
1070010 414.9
1070020 414.8
1070030 414.8
1070040 414.9
1070050 414.9
1070060 414.9
1070070 415.0
1070080 414.9
1070090 414.9
1070100 414.7
1070110 414.7
1070120 414.7
1070130 415.0
1070140 415.1
1070150 415.1
1070160 415.1
1070170 415.1
1070180 415.3
1070190 415.8
1070200 415.1
1070210 415.0
1070220 415.0
1070230 414.9
1070240 414.9
1070250 414.9
1070260 415.1
1070270 415.2
1070280 415.2
1070290 415.0
1070300 414.8
1070310 414.8
1070320 414.6
1070330 414.6
1070340 414.6
1070350 414.6
1070360 414.6
1070370 414.6
1070380 414.6
1070390 414.6
1070400 414.6
1070410 414.5
1070420 414.8
1070430 414.8
1070440 415.6
1070450 414.7
1070460 414.4
1070470 414.4
1070480 414.4
1070490 414.3
1070500 414.3
1070510 414.4
1070520 414.3
1070530 414.3
1070540 414.1
1070550 414.1
1070560 414.1
1070570 414.0
1070580 414.1
1070590 414.1
1070600 414.3
1070610 414.3
1070620 414.3
1070630 414.3
1070640 414.3
1070650 414.3
1070660 414.4
1070670 414.5
1070680 414.5
1070690 414.5
1070700 414.4
1070710 414.4
1070720 414.4
1070730 414.5
1070740 414.5
1070750 414.4
1070760 414.4
1070770 414.4
1070780 414.4
1070790 414.3
1070800 414.1
1070810 414.1
1070820 414.1
1070830 414.1
1070840 414.1
1070850 414.2
1070860 414.3
1070870 414.3
1070880 414.2
1070890 414.2
1070900 414.2
1070910 414.2
1070920 414.2
1070930 414.2
1070940 414.3
1070950 414.1
1070960 414.1
1070970 414.0
1070980 414.1
1070990 414.1
1071000 414.1
1071010 414.1
1071020 414.1
1071030 414.2
1071040 414.3
1071050 414.2
1071060 414.2
1071070 414.1
1071080 414.1
1071090 414.1
1071100 414.5
1071110 413.8
1071120 413.8
1071130 413.9
1071140 414.0
1071150 414.0
1071160 414.1
1071170 414.1
1071180 414.1
1071190 414.1
1071200 414.1
1071210 414.1
1071220 414.1
1071230 414.2
1071240 414.2
1071250 414.2
1071260 414.3
1071270 414.3
1071280 414.3
1071290 414.3
1071300 414.3
1071310 415.0
1071320 414.9
1071330 414.9
1071340 414.4
1071350 414.0
1071360 413.9
1071370 413.9
1071380 413.8
1071390 414.4
1071400 414.4
1071410 413.7
1071420 413.3
1071430 413.3
1071440 413.2
1071450 413.2
1071460 413.2
1071470 413.2
1071480 413.3
1071490 413.3
1071500 413.2
1071510 413.2
1071520 413.2
1071530 413.2
1071540 413.5
1071550 413.5
1071560 413.6
1071570 413.5
1071580 413.5
1071590 413.4
1071600 413.4
1071610 413.4
1071620 413.3
1071630 413.4
1071640 413.4
1071650 413.2
1071660 413.0
1071670 413.0
1071680 413.0
1071690 413.0
1071700 413.4
1071710 413.4
1071720 413.4
1071730 413.3
1071740 413.3
1071750 413.2
1071760 413.2
1071770 413.2
1071780 413.1
1071790 412.9
1071800 412.9
1071810 413.3
1071820 413.1
1071830 413.1
1071840 413.4
1071850 413.4
1071860 413.4
1071870 412.8
1071880 412.9
1071890 412.9
1071900 413.0
1071910 413.1
1071920 413.1
1071930 413.0
1071940 412.8
1071950 412.7
1071960 412.7
1071970 412.5
1071980 412.6
1071990 412.6
1072000 412.6
1072010 412.6
1072020 412.6
1072030 412.7
1072040 412.7
1072050 412.7
1072060 412.7
1072070 412.8
1072080 412.8
1072090 413.1
1072100 412.7
1072110 412.7
1072120 412.6
1072130 412.7
1072140 412.7
1072150 412.7
1072160 412.7
1072170 412.7
1072180 412.7
1072190 412.6
1072200 412.6
1072210 412.5
1072220 412.7
1072230 412.7
1072240 412.7
1072250 412.7
1072260 412.7
1072270 412.7
1072280 412.6
1072290 412.6
1072300 412.6
1072310 412.7
1072320 412.7
1072330 412.7
1072340 412.7
1072350 412.2
1072360 412.2
1072370 412.5
1072380 412.6
1072390 412.6
1072400 412.6
1072410 412.4
1072420 412.4
1072430 412.4
1072440 412.3
1072450 412.3
1072460 412.3
1072470 412.3
1072480 412.3
1072490 412.1
1072500 411.8
1072510 411.8
1072520 412.0
1072530 412.1
1072540 412.1
1072550 412.1
1072560 412.2
1072570 412.3
1072580 412.3
1072590 412.3
1072600 412.3
1072610 412.3
1072620 412.2
1072630 412.3
1072640 412.3
1072650 412.2
1072660 412.3
1072670 412.3
1072680 412.4
1072690 412.4
1072700 412.4
1072710 412.4
1072720 413.0
1072730 413.0
1072740 413.1
1072750 412.7
1072760 412.7
1072770 412.7
1072780 412.3
1072790 412.3
1072800 413.3
1072810 413.7
1072820 413.7
1072830 413.7
1072840 413.4
1072850 412.3
1072860 412.3
1072870 412.0
1072880 412.1
1072890 412.1
1072900 412.2
1072910 412.1
1072920 412.1
1072930 412.1
1072940 412.3
1072950 412.3
1072960 412.6
1072970 412.7
1072980 412.7
1072990 412.3
1073000 412.3
1073010 412.3
1073020 412.3
1073030 412.0
1073040 412.0
1073050 411.9
1073060 412.0
1073070 412.0
1073080 412.2
1073090 412.4
1073100 412.4
1073110 412.4
1073120 412.3
1073130 412.3
1073140 412.3
1073150 412.3
1073160 412.6
1073170 412.6
1073180 413.1
1073190 413.2
1073200 413.2
1073210 412.9
1073220 412.6
1073230 412.6
1073240 412.6
1073250 412.6
1073260 412.6
1073270 412.6
1073280 412.6
1073290 412.6
1073300 412.6
1073310 412.5
1073320 412.5
1073330 412.2
1073340 412.1
1073350 412.1
1073360 412.0
1073370 411.9
1073380 411.9
1073390 411.9
1073400 412.0
1073410 412.0
1073420 412.3
1073430 412.2
1073440 412.2
1073450 412.4
1073460 412.6
1073470 412.4
1073480 412.4
1073490 412.2
1073500 412.2
1073510 412.2
1073520 412.0
1073530 412.0
1073540 412.0
1073550 412.0
1073560 411.9
1073570 411.9
1073580 412.2
1073590 412.4
1073600 412.4
1073610 412.3
1073620 412.3
1073630 412.3
1073640 412.3
1073650 412.1
1073660 412.1
1073670 411.9
1073680 411.6
1073690 411.6
1073700 411.4
1073710 410.8
1073720 410.8
1073730 410.8
1073740 410.8
1073750 410.8
1073760 410.8
1073770 411.0
1073780 410.9
1073790 410.9
1073800 411.0
1073810 411.0
1073820 411.0
1073830 410.8
1073840 410.7
1073850 410.7
1073860 410.9
1073870 411.5
1073880 411.5
1073890 411.6
1073900 411.7
1073910 411.7
1073920 411.8
1073930 411.8
1073940 411.8
1073950 411.9
1073960 411.9
1073970 411.9
1073980 411.8
1073990 411.8
1074000 411.8
1074010 411.5
1074020 411.4
1074030 411.4
1074040 411.5
1074050 411.4
1074060 411.4
1074070 411.4
1074080 411.5
1074090 411.6
1074100 411.6
1074110 411.8
1074120 411.9
1074130 411.9
1074140 412.0
1074150 411.8
1074160 411.8
1074170 411.6
1074180 411.5
1074190 411.5
1074200 411.7
1074210 411.9
1074220 411.9
1074230 411.9
1074240 411.8
1074250 411.8
1074260 411.5
1074270 411.5
1074280 411.5
1074290 411.8
1074300 411.6
1074310 411.6
1074320 411.0
1074330 411.0
1074340 411.0
1074350 411.1
1074360 411.3
1074370 411.7
1074380 411.7
1074390 411.7
1074400 411.7
1074410 411.7
1074420 411.3
1074430 411.2
1074440 411.2
1074450 411.1
1074460 411.6
1074470 411.6
1074480 410.9
1074490 410.7
1074500 410.7
1074510 410.7
1074520 410.7
1074530 410.7
1074540 410.8
1074550 410.5
1074560 410.5
1074570 410.1
1074580 410.0
1074590 410.0
1074600 410.0
1074610 409.9
1074620 409.9
1074630 410.1
1074640 409.9
1074650 409.9
1074660 409.9
1074670 410.0
1074680 409.9
1074690 409.9
1074700 409.9
1074710 409.9
1074720 409.9
1074730 410.0
1074740 410.0
1074750 410.0
1074760 410.1
1074770 410.1
1074780 410.1
1074790 410.1
1074800 410.2
1074810 410.2
1074820 410.2
1074830 410.3
1074840 410.3
1074850 410.5
1074860 410.2
1074870 410.2
1074880 410.3
1074890 410.2
1074900 410.2
1074910 410.2
1074920 410.3
1074930 410.3
1074940 410.4
1074950 410.4
1074960 410.4
1074970 410.4
1074980 410.2
1074990 410.0
1075000 410.0
1075010 410.0
1075020 410.0
1075030 410.0
1075040 410.2
1075050 410.3
1075060 410.3
1075070 410.5
1075080 411.3
1075090 411.3
1075100 411.8
1075110 411.9
1075120 411.9
1075130 411.8
1075140 411.8
1075150 411.8
1075160 411.9
1075170 411.8
1075180 411.8
1075190 411.7
1075200 411.7
1075210 411.7
1075220 411.7
1075230 411.8
1075240 411.8
1075250 410.7
1075260 410.2
1075270 410.8
1075280 410.8
1075290 410.6
1075300 410.6
1075310 410.6
1075320 410.6
1075330 410.7
1075340 410.7
1075350 410.4
1075360 409.9
1075370 409.9
1075380 410.1
1075390 410.3
1075400 410.3
1075410 410.4
1075420 410.6
1075430 410.6
1075440 410.5
1075450 409.9
1075460 409.9
1075470 409.9
1075480 409.8
1075490 409.8
1075500 409.8
1075510 409.7
1075520 409.7
1075530 409.6
1075540 409.6
1075550 409.6
1075560 409.6
1075570 409.6
1075580 409.6
1075590 409.6
1075600 409.6
1075610 409.7
1075620 409.7
1075630 409.7
1075640 409.7
1075650 409.7
1075660 409.6
1075670 409.6
1075680 409.6
1075690 409.7
1075700 409.7
1075710 409.7
1075720 409.6
1075730 409.6
1075740 409.6
1075750 409.6
1075760 409.6
1075770 409.6
1075780 409.6
1075790 409.7
1075800 409.7
1075810 409.8
1075820 409.9
1075830 409.9
1075840 409.9
1075850 410.0
1075860 410.1
1075870 410.1
1075880 410.1
1075890 410.2
1075900 410.2
1075910 410.3
1075920 410.3
1075930 410.3
1075940 410.3
1075950 410.3
1075960 410.3
1075970 410.3
1075980 410.2
1075990 410.2
1076000 409.8
1076010 410.3
1076020 410.3
1076030 410.7
1076040 410.7
1076050 410.7
1076060 410.7
1076070 410.7
1076080 410.7
1076090 410.6
1076100 410.6
1076110 410.6
1076120 410.5
1076130 410.4
1076140 410.4
1076150 410.4
1076160 410.4
1076170 410.3
1076180 410.3
1076190 410.5
1076200 410.5
1076210 410.5
1076220 410.5
1076230 410.4
1076240 410.4
1076250 410.3
1076260 410.2
1076270 410.2
1076280 410.3
1076290 410.3
1076300 410.3
1076310 410.3
1076320 410.1
1076330 410.1
1076340 410.1
1076350 410.3
1076360 410.3
1076370 410.2
1076380 410.2
1076390 410.2
1076400 410.2
1076410 410.3
1076420 410.3
1076430 410.3
1076440 410.1
1076450 410.1
1076460 410.1
1076470 410.1
1076480 410.0
1076490 410.0
1076500 410.4
1076510 410.5
1076520 410.5
1076530 410.3
1076540 410.6
1076550 410.6
1076560 410.7
1076570 410.7
1076580 410.7
1076590 410.5
1076600 410.2
1076610 410.2
1076620 410.3
1076630 410.3
1076640 410.3
1076650 410.6
1076660 411.0
1076670 411.0
1076680 411.3
1076690 411.7
1076700 411.4
1076710 411.2
1076720 411.4
1076730 411.4
1076740 411.5
1076750 411.6
1076760 412.0
1076770 412.0
1076780 412.2
1076790 412.5
1076800 412.5
1076810 412.6
1076820 412.7
1076830 412.7
1076840 412.9
1076850 412.9
1076860 412.9
1076870 413.0
1076880 413.1
1076890 413.1
1076900 413.3
1076910 413.3
1076920 413.3
1076930 413.4
1076940 413.4
1076950 413.4
1076960 413.5
1076970 413.6
1076980 413.6
1076990 413.7
1077000 413.8
1077010 413.9
1077020 414.1
1077030 414.2
1077040 414.2
1077050 414.2
1077060 414.2
1077070 414.4
1077080 414.4
1077090 414.6
1077100 414.8
1077110 414.8
1077120 414.8
1077130 414.8
1077140 414.8
1077150 415.0
1077160 415.9
1077170 415.9
1077180 416.3
1077190 415.5
1077200 415.5
1077210 415.2
1077220 415.2
1077230 415.2
1077240 415.5
1077250 415.2
1077260 415.2
1077270 415.1
1077280 415.3
1077290 415.3
1077300 415.6
1077310 416.0
1077320 416.5
1077330 416.2
1077340 417.3
1077350 417.3
1077360 419.7
1077370 424.3
1077380 430.4
1077390 430.4
1077400 436.2
1077410 439.9
1077420 439.9
1077430 442.2
1077440 444.2
1077450 444.2
1077460 446.3
1077470 449.4
1077480 449.4
1077490 452.0
1077500 453.6
1077510 453.6
1077520 454.8
1077530 458.2
1077540 458.2
1077550 461.9
1077560 465.0
1077570 465.0
1077580 468.7
1077590 473.8
1077600 473.8
1077610 478.1
1077620 480.8
1077630 480.8
1077640 486.9
1077650 490.8
1077660 494.0
1077670 494.0
1077680 495.2
1077690 496.6
1077700 496.6
1077710 498.2
1077720 501.0
1077730 501.0
1077740 505.1
1077750 508.8
1077760 508.8
1077770 511.6
1077780 512.9
1077790 512.9
1077800 513.7
1077810 513.7
1077820 513.7
1077830 513.4
1077840 513.6
1077850 513.6
1077860 516.5
1077870 517.4
1077880 517.4
1077890 520.1
1077900 524.1
1077910 524.1
1077920 529.2
1077930 534.6
1077940 534.6
1077950 539.9
1077960 540.8
1077970 542.7
1077980 542.7
1077990 543.4
1078000 546.3
1078010 546.3
1078020 550.0
1078030 552.5
1078040 552.5
1078050 554.8
1078060 556.4
1078070 556.4
1078080 559.8
1078090 561.8
1078100 561.8
1078110 562.0
1078120 562.2
1078130 562.2
1078140 563.2
1078150 564.8
1078160 564.8
1078170 566.7
1078180 569.1
1078190 569.1
1078200 571.1
1078210 573.3
1078220 573.3
1078230 575.7
1078240 578.1
1078250 580.4
1078260 585.0
1078270 587.2
1078280 589.7
1078290 589.7
1078300 592.9
1078310 596.7
1078320 596.7
1078330 602.0
1078340 605.8
1078350 605.8
1078360 607.4
1078370 607.3
1078380 607.3
1078390 606.8
1078400 607.1
1078410 607.1
1078420 608.2
1078430 608.9
1078440 608.9
1078450 609.5
1078460 610.0
1078470 610.0
1078480 610.4
1078490 610.9
1078500 610.9
1078510 611.9
1078520 613.0
1078530 613.0
1078540 614.7
1078550 616.4
1078560 618.3
1078570 618.3
1078580 624.3
1078590 625.8
1078600 625.8
1078610 627.2
1078620 628.2
1078630 628.2
1078640 629.0
1078650 630.0
1078660 630.0
1078670 630.6
1078680 631.3
1078690 631.3
1078700 631.6
1078710 632.7
1078720 632.7
1078730 633.6
1078740 633.5
1078750 633.5
1078760 633.2
1078770 635.2
1078780 635.2
1078790 631.9
1078800 623.8
1078810 623.8
1078820 617.0
1078830 611.2
1078840 611.2
1078850 609.3
1078860 617.2
1078870 628.7
1078880 628.7
1078890 638.3
1078900 645.9
1078910 645.9
1078920 647.1
1078930 643.0
1078940 643.0
1078950 641.8
1078960 641.1
1078970 641.1
1078980 641.2
1078990 644.6
1079000 644.6
1079010 649.5
1079020 656.4
1079030 656.4
1079040 663.7
1079050 673.0
1079060 673.0
1079070 685.5
1079080 694.2
1079090 694.2
1079100 702.2
1079110 709.9
1079120 709.9
1079130 715.3
1079140 720.9
1079150 727.5
1079160 727.5
1079170 734.2
1079180 740.0
1079190 740.0
1079200 745.7
1079210 761.7
1079220 761.7
1079230 778.3
1079240 788.9
1079250 788.9
1079260 797.5
1079270 806.2
1079280 806.2
1079290 814.7
1079300 822.5
1079310 822.5
1079320 829.7
1079330 839.6
1079340 839.6
1079350 855.9
1079360 873.4
1079370 873.4
1079380 887.4
1079390 888.7
1079400 888.7
1079410 894.9
1079420 910.8
1079430 910.8
1079440 923.5
1079450 935.3
1079460 942.6
1079470 942.6
1079480 945.1
1079490 944.0
1079500 944.0
1079510 943.0
1079520 953.3
1079530 953.3
1079540 955.7
1079550 958.0
1079560 958.0
1079570 960.1
1079580 961.3
1079590 961.3
1079600 961.8
1079610 962.4
1079620 962.4
1079630 962.5
1079640 961.9
1079650 961.9
1079660 958.8
1079670 951.9
1079680 951.9
1079690 944.6
1079700 935.9
1079710 935.9
1079720 930.8
1079730 930.3
1079740 930.3
1079750 929.9
1079760 923.6
1079770 912.9
1079780 912.9
1079790 900.3
1079800 887.6
1079810 887.6
1079820 876.7
1079830 874.5
1079840 882.8
1079850 890.9
1079860 891.0
1079870 891.0
1079880 884.6
1079890 879.0
1079900 879.0
1079910 873.1
1079920 862.7
1079930 862.7
1079940 854.4
1079950 849.7
1079960 849.7
1079970 846.4
1079980 843.8
1079990 843.8
