1069070 414.8
1069080 414.8
1069090 414.8
1069100 414.9
1069110 415.9
1069120 415.9
1069130 416.1
1069140 416.0
1069150 416.0
1069160 415.9
1069170 415.9
1069180 415.9
1069190 416.1
1069200 417.4
1069210 417.4
1069220 420.0
1069230 419.0
1069240 419.0
1069250 417.7
1069260 417.6
1069270 417.6
1069280 417.6
1069290 417.6
1069300 417.6
1069310 417.5
1069320 417.5
1069330 417.5
1069340 417.5
1069350 417.4
1069360 417.4
1069370 417.4
1069380 417.4
1069390 417.4
1069400 417.4
1069410 417.3
1069420 417.3
1069430 417.3
1069440 417.3
1069450 417.3
1069460 417.3
1069470 417.2
1069480 417.2
1069490 417.2
1069500 417.2
1069510 417.2
1069520 417.2
1069530 417.2
1069540 417.1
1069550 417.1
1069560 417.1
1069570 417.1
1069580 417.1
1069590 417.1
1069600 417.0
1069610 417.0
1069620 417.0
1069630 416.9
1069640 415.9
1069650 415.9
1069660 413.1
1069670 411.8
1069680 411.8
1069690 411.7
1069700 411.7
1069710 411.7
1069720 411.7
1069730 411.7
1069740 411.7
1069750 411.7
1069760 411.7
1069770 411.7
1069780 411.7
1069790 411.7
1069800 411.7
1069810 411.7
1069820 413.5
1069830 413.5
1069840 416.1
1069850 417.1
1069860 417.1
1069870 417.3
1069880 417.2
1069890 417.2
1069900 417.3
1069910 417.3
1069920 417.3
1069930 417.3
1069940 417.6
1069950 418.9
1069960 418.9
1069970 419.9
1069980 418.6
1069990 416.6
1070000 415.1
1070010 414.9
1070020 414.9
1070030 414.9
1070040 414.8
1070050 414.8
1070060 414.3
1070070 414.1
1070080 414.1
1070090 414.2
1070100 414.7
1070110 414.7
1070120 414.6
1070130 413.9
1070140 413.9
1070150 414.7
1070160 414.9
1070170 414.9
1070180 414.6
1070190 414.4
1070200 414.4
1070210 414.1
1070220 413.7
1070230 413.7
1070240 413.7
1070250 413.7
1070260 413.7
1070270 413.7
1070280 413.6
1070290 413.7
1070300 413.6
1070310 413.7
1070320 413.7
1070330 413.7
1070340 413.7
1070350 413.6
1070360 413.6
1070370 413.5
1070380 413.5
1070390 413.5
1070400 413.6
1070410 413.5
1070420 413.5
1070430 413.5
1070440 413.5
1070450 413.5
1070460 413.3
1070470 413.2
1070480 413.2
1070490 413.2
1070500 413.1
1070510 413.1
1070520 413.0
1070530 412.9
1070540 412.9
1070550 412.9
1070560 413.1
1070570 413.3
1070580 413.3
1070590 413.1
1070600 413.0
1070610 413.0
1070620 413.4
1070630 414.1
1070640 414.1
1070650 413.2
1070660 412.5
1070670 412.5
1070680 412.4
1070690 412.3
1070700 412.3
1070710 412.3
1070720 412.3
1070730 412.3
1070740 412.7
1070750 412.9
1070760 412.9
1070770 412.8
1070780 413.1
1070790 413.1
1070800 413.3
1070810 413.5
1070820 413.5
1070830 413.8
1070840 414.2
1070850 413.7
1070860 413.7
1070870 413.6
1070880 413.5
1070890 413.5
1070900 413.5
1070910 413.3
1070920 413.5
1070930 413.1
1070940 412.9
1070950 412.9
1070960 413.0
1070970 413.2
1070980 413.2
1070990 413.1
1071000 413.1
1071010 413.1
1071020 413.1
1071030 413.0
1071040 413.0
1071050 413.0
1071060 413.3
1071070 413.3
1071080 413.0
1071090 413.2
1071100 413.2
1071110 413.2
1071120 413.3
1071130 413.3
1071140 413.3
1071150 413.2
1071160 413.1
1071170 413.1
1071180 413.1
1071190 412.9
1071200 412.9
1071210 413.1
1071220 413.2
1071230 413.7
1071240 413.3
1071250 413.0
1071260 413.0
1071270 413.0
1071280 413.0
1071290 413.0
1071300 413.0
1071310 412.9
1071320 412.9
1071330 413.0
1071340 412.8
1071350 412.8
1071360 412.5
1071370 412.4
1071380 412.4
1071390 412.4
1071400 412.5
1071410 412.5
1071420 412.5
1071430 412.5
1071440 412.5
1071450 412.6
1071460 412.6
1071470 412.6
1071480 412.6
1071490 412.6
1071500 412.5
1071510 412.5
1071520 412.4
1071530 412.0
1071540 412.0
1071550 412.1
1071560 412.0
1071570 412.0
1071580 412.0
1071590 412.0
1071600 412.0
1071610 412.1
1071620 412.1
1071630 412.1
1071640 412.2
1071650 412.2
1071660 412.2
1071670 412.2
1071680 412.2
1071690 412.2
1071700 412.1
1071710 412.2
1071720 412.2
1071730 412.1
1071740 411.7
1071750 411.7
1071760 411.7
1071770 411.9
1071780 412.0
1071790 412.0
1071800 412.0
1071810 412.0
1071820 412.0
1071830 411.9
1071840 411.8
1071850 411.8
1071860 411.8
1071870 412.3
1071880 412.3
1071890 412.7
1071900 412.4
1071910 412.4
1071920 412.0
1071930 411.9
1071940 411.9
1071950 412.1
1071960 412.0
1071970 412.0
1071980 412.0
1071990 412.1
1072000 412.1
1072010 412.1
1072020 412.1
1072030 412.1
1072040 412.1
1072050 412.1
1072060 412.1
1072070 412.1
1072080 412.0
1072090 411.9
1072100 411.9
1072110 412.0
1072120 412.1
1072130 412.1
1072140 412.1
1072150 411.9
1072160 411.9
1072170 412.0
1072180 412.7
1072190 412.7
1072200 412.6
1072210 412.6
1072220 412.6
1072230 412.6
1072240 412.6
1072250 412.6
1072260 412.6
1072270 412.6
1072280 412.6
1072290 412.6
1072300 412.5
1072310 412.5
1072320 412.8
1072330 413.6
1072340 413.6
1072350 412.0
1072360 411.9
1072370 411.8
1072380 411.8
1072390 411.8
1072400 411.8
1072410 411.8
1072420 411.8
1072430 411.8
1072440 411.8
1072450 411.8
1072460 411.8
1072470 411.8
1072480 411.7
1072490 411.8
1072500 411.8
1072510 411.8
1072520 411.9
1072530 411.9
1072540 411.6
1072550 412.1
1072560 412.1
1072570 412.0
1072580 412.0
1072590 412.0
1072600 412.0
1072610 411.9
1072620 411.9
1072630 411.9
1072640 411.9
1072650 411.9
1072660 412.1
1072670 412.0
1072680 411.7
1072690 411.7
1072700 411.5
1072710 411.4
1072720 411.4
1072730 411.4
1072740 411.4
1072750 411.4
1072760 411.5
1072770 411.6
1072780 411.6
1072790 411.4
1072800 411.4
1072810 411.4
1072820 411.5
1072830 411.4
1072840 411.4
1072850 411.4
1072860 411.4
1072870 411.4
1072880 411.5
1072890 411.7
1072900 411.7
1072910 411.7
1072920 411.6
1072930 411.6
1072940 411.7
1072950 411.6
1072960 411.6
1072970 411.6
1072980 411.6
1072990 411.6
1073000 411.6
1073010 411.6
1073020 411.6
1073030 411.6
1073040 411.6
1073050 411.4
1073060 411.4
1073070 411.4
1073080 412.0
1073090 412.0
1073100 412.3
1073110 411.6
1073120 411.6
1073130 413.2
1073140 413.1
1073150 413.1
1073160 413.0
1073170 413.0
1073180 413.0
1073190 412.8
1073200 413.6
1073210 413.6
1073220 414.2
1073230 411.5
1073240 411.5
1073250 411.3
1073260 411.5
1073270 411.6
1073280 411.6
1073290 411.4
1073300 411.3
1073310 411.3
1073320 411.3
1073330 411.2
1073340 411.2
1073350 411.2
1073360 411.9
1073370 411.9
1073380 411.8
1073390 411.1
1073400 411.1
1073410 411.2
1073420 411.5
1073430 411.5
1073440 411.4
1073450 411.1
1073460 411.1
1073470 411.2
1073480 411.3
1073490 411.3
1073500 411.5
1073510 411.5
1073520 411.5
1073530 411.3
1073540 411.2
1073550 411.2
1073560 411.1
1073570 411.2
1073580 411.4
1073590 411.4
1073600 411.4
1073610 411.5
1073620 411.5
1073630 411.5
1073640 411.5
1073650 411.5
1073660 411.4
1073670 411.4
1073680 411.4
1073690 411.3
1073700 411.3
1073710 411.3
1073720 411.3
1073730 411.4
1073740 411.4
1073750 411.4
1073760 411.3
1073770 411.3
1073780 411.2
1073790 411.1
1073800 411.1
1073810 411.0
1073820 411.0
1073830 411.0
1073840 410.9
1073850 411.0
1073860 411.0
1073870 411.1
1073880 411.1
1073890 411.0
1073900 411.0
1073910 411.2
1073920 411.1
1073930 411.1
1073940 410.9
1073950 410.9
1073960 410.9
1073970 410.9
1073980 411.0
1073990 411.0
1074000 410.8
1074010 411.3
1074020 411.3
1074030 411.6
1074040 411.6
1074050 411.6
1074060 411.7
1074070 411.7
1074080 411.7
1074090 411.6
1074100 411.6
1074110 411.6
1074120 411.4
1074130 411.5
1074140 411.5
1074150 411.8
1074160 411.7
1074170 411.7
1074180 411.7
1074190 411.4
1074200 411.1
1074210 411.1
1074220 411.1
1074230 411.1
1074240 411.1
1074250 411.1
1074260 411.1
1074270 411.1
1074280 411.6
1074290 411.5
1074300 411.5
1074310 411.2
1074320 411.2
1074330 411.2
1074340 411.5
1074350 411.5
1074360 411.5
1074370 411.5
1074380 411.3
1074390 411.3
1074400 411.2
1074410 411.0
1074420 411.0
1074430 410.9
1074440 410.9
1074450 410.9
1074460 410.8
1074470 411.0
1074480 411.2
1074490 411.2
1074500 411.3
1074510 411.4
1074520 411.4
1074530 411.6
1074540 411.7
1074550 411.7
1074560 411.7
1074570 411.7
1074580 411.7
1074590 411.8
1074600 411.8
1074610 411.8
1074620 411.5
1074630 411.5
1074640 411.5
1074650 411.5
1074660 411.7
1074670 411.7
1074680 411.7
1074690 411.7
1074700 411.7
1074710 411.5
1074720 411.4
1074730 411.4
1074740 411.3
1074750 411.2
1074760 411.2
1074770 411.2
1074780 411.2
1074790 411.2
1074800 411.2
1074810 411.2
1074820 411.2
1074830 411.2
1074840 411.3
1074850 411.1
1074860 411.1
1074870 410.9
1074880 410.9
1074890 410.9
1074900 410.9
1074910 410.9
1074920 410.9
1074930 411.0
1074940 411.1
1074950 411.1
1074960 411.1
1074970 411.1
1074980 411.1
1074990 411.2
1075000 411.2
1075010 411.2
1075020 410.9
1075030 410.8
1075040 410.8
1075050 410.7
1075060 410.8
1075070 410.8
1075080 410.9
1075090 411.0
1075100 410.9
1075110 410.9
1075120 410.8
1075130 411.1
1075140 411.1
1075150 411.2
1075160 410.8
1075170 410.8
1075180 411.0
1075190 411.1
1075200 411.1
1075210 411.2
1075220 411.3
1075230 411.3
1075240 411.1
1075250 411.0
1075260 411.0
1075270 411.1
1075280 411.0
1075290 411.0
1075300 411.0
1075310 411.0
1075320 411.0
1075330 410.9
1075340 410.9
1075350 410.9
1075360 410.9
1075370 410.9
1075380 410.9
1075390 410.9
1075400 410.9
1075410 410.9
1075420 410.9
1075430 411.0
1075440 411.0
1075450 411.0
1075460 411.1
1075470 411.1
1075480 411.1
1075490 411.1
1075500 411.1
1075510 411.1
1075520 411.2
1075530 411.2
1075540 411.2
1075550 411.2
1075560 411.1
1075570 411.3
1075580 411.3
1075590 411.4
1075600 411.4
1075610 411.2
1075620 411.1
1075630 411.1
1075640 411.2
1075650 411.0
1075660 411.0
1075670 411.1
1075680 411.2
1075690 411.0
1075700 411.0
1075710 411.1
1075720 411.0
1075730 411.0
1075740 410.9
1075750 410.9
1075760 410.9
1075770 410.9
1075780 411.2
1075790 411.2
1075800 411.4
1075810 411.4
1075820 411.4
1075830 411.4
1075840 411.3
1075850 411.3
1075860 411.1
1075870 411.1
1075880 411.3
1075890 411.1
1075900 410.9
1075910 410.9
1075920 410.8
1075930 410.8
1075940 410.8
1075950 410.8
1075960 411.1
1075970 411.1
1075980 411.4
1075990 411.3
1076000 410.6
1076010 410.6
1076020 410.4
1076030 410.5
1076040 410.5
1076050 410.5
1076060 410.4
1076070 410.4
1076080 410.7
1076090 410.7
1076100 410.7
1076110 410.6
1076120 410.6
1076130 410.6
1076140 410.8
1076150 411.0
1076160 411.0
1076170 411.1
1076180 411.1
1076190 411.1
1076200 410.9
1076210 410.7
1076220 410.7
1076230 410.4
1076240 410.0
1076250 410.0
1076260 409.9
1076270 410.0
1076280 410.0
1076290 410.1
1076300 410.2
1076310 410.3
1076320 410.3
1076330 410.5
1076340 410.5
1076350 410.5
1076360 410.4
1076370 410.4
1076380 410.4
1076390 410.3
1076400 409.8
1076410 409.8
1076420 410.0
1076430 410.2
1076440 410.2
1076450 410.1
1076460 409.9
1076470 409.9
1076480 409.7
1076490 409.8
1076500 409.8
1076510 409.9
1076520 409.9
1076530 409.9
1076540 410.0
1076550 410.1
1076560 410.1
1076570 410.2
1076580 410.3
1076590 410.4
1076600 410.4
1076610 410.4
1076620 410.5
1076630 410.5
1076640 410.6
1076650 410.8
1076660 410.8
1076670 410.9
1076680 411.1
1076690 411.1
1076700 411.1
1076710 411.2
1076720 411.2
1076730 411.2
1076740 411.3
1076750 411.3
1076760 411.4
1076770 411.5
1076780 411.5
1076790 411.6
1076800 411.7
1076810 411.7
1076820 411.9
1076830 412.0
1076840 412.0
1076850 412.2
1076860 412.3
1076870 412.3
1076880 412.5
1076890 412.7
1076900 412.7
1076910 412.7
1076920 412.8
1076930 413.0
1076940 413.0
1076950 413.2
1076960 413.5
1076970 413.5
1076980 413.6
1076990 413.7
1077000 413.7
1077010 413.9
1077020 414.1
1077030 414.1
1077040 414.2
1077050 414.5
1077060 414.5
1077070 414.6
1077080 414.9
1077090 414.9
1077100 415.1
1077110 415.4
1077120 415.4
1077130 415.4
1077140 415.5
1077150 415.5
1077160 415.8
1077170 416.0
1077180 416.0
1077190 416.3
1077200 416.4
1077210 416.4
1077220 416.4
1077230 416.4
1077240 416.7
1077250 416.7
1077260 416.9
1077270 417.1
1077280 417.1
1077290 417.4
1077300 417.7
1077310 417.7
1077320 417.8
1077330 418.3
1077340 418.3
1077350 418.5
1077360 418.3
1077370 418.3
1077380 419.0
1077390 419.3
1077400 419.3
1077410 419.2
1077420 419.3
1077430 419.3
1077440 419.5
1077450 419.7
1077460 419.7
1077470 419.7
1077480 419.7
1077490 420.1
1077500 420.1
1077510 420.4
1077520 421.0
1077530 421.0
1077540 421.5
1077550 421.2
1077560 421.2
1077570 421.3
1077580 421.4
1077590 421.4
1077600 421.6
1077610 421.8
1077620 421.8
1077630 422.1
1077640 422.3
1077650 422.3
1077660 422.4
1077670 422.3
1077680 422.3
1077690 422.3
1077700 422.6
1077710 422.6
1077720 423.2
1077730 423.5
1077740 423.5
1077750 423.7
1077760 424.2
1077770 424.2
1077780 424.6
1077790 424.8
1077800 424.9
1077810 424.9
1077820 425.1
1077830 425.3
1077840 425.3
1077850 425.5
1077860 425.8
1077870 425.8
1077880 426.1
1077890 426.4
1077900 426.4
1077910 426.8
1077920 427.5
1077930 427.5
1077940 427.8
1077950 427.8
1077960 427.8
1077970 428.0
1077980 428.7
1077990 428.7
1078000 429.4
1078010 429.8
1078020 429.8
1078030 430.2
1078040 430.6
1078050 430.6
1078060 431.0
1078070 431.9
1078080 431.9
1078090 432.0
1078100 432.2
1078110 432.6
1078120 432.6
1078130 433.2
1078140 434.0
1078150 434.0
1078160 434.5
1078170 436.9
1078180 436.9
1078190 440.8
1078200 443.8
1078210 443.8
1078220 446.9
1078230 451.2
1078240 451.2
1078250 454.6
1078260 457.3
1078270 457.3
1078280 459.6
1078290 462.6
1078300 462.6
1078310 465.7
1078320 468.6
1078330 468.6
1078340 471.9
1078350 474.7
1078360 474.7
1078370 478.4
1078380 481.8
1078390 481.8
1078400 485.6
1078410 486.7
1078420 487.0
1078430 487.0
1078440 486.9
1078450 486.8
1078460 486.8
1078470 487.0
1078480 487.0
1078490 487.0
1078500 486.9
1078510 486.8
1078520 486.8
1078530 487.2
1078540 488.5
1078550 488.5
1078560 490.5
1078570 491.5
1078580 491.5
1078590 492.0
1078600 493.4
1078610 493.4
1078620 495.0
1078630 496.5
1078640 496.5
1078650 497.9
1078660 499.1
1078670 499.1
1078680 500.0
1078690 501.1
1078700 504.6
1078710 504.6
1078720 504.6
1078730 505.3
1078740 505.3
1078750 506.3
1078760 507.7
1078770 507.7
1078780 508.7
1078790 509.8
1078800 509.8
1078810 510.9
1078820 511.1
1078830 511.1
1078840 510.5
1078850 512.3
1078860 512.3
1078870 514.6
1078880 517.5
1078890 517.5
1078900 521.3
1078910 525.4
1078920 525.4
1078930 528.9
1078940 531.0
1078950 531.0
1078960 534.1
1078970 536.7
1078980 536.7
1078990 539.5
1079000 542.7
1079010 548.1
1079020 548.1
1079030 552.4
1079040 556.8
1079050 556.8
1079060 562.0
1079070 567.9
1079080 567.9
1079090 573.1
1079100 578.4
1079110 578.4
1079120 583.9
1079130 589.3
1079140 589.3
1079150 594.8
1079160 600.8
1079170 600.8
1079180 606.4
1079190 612.7
1079200 612.7
1079210 616.6
1079220 612.5
1079230 612.5
1079240 607.1
1079250 601.6
1079260 601.6
1079270 594.6
1079280 586.0
1079290 586.0
1079300 576.7
1079310 570.3
1079320 565.8
1079330 568.0
1079340 563.2
1079350 558.7
1079360 558.7
1079370 553.0
1079380 550.6
1079390 550.6
1079400 550.5
1079410 549.4
1079420 549.4
1079430 552.2
1079440 558.1
1079450 558.1
1079460 568.1
1079470 576.8
1079480 576.8
1079490 582.0
1079500 586.0
1079510 586.0
1079520 590.0
1079530 595.5
1079540 595.5
1079550 603.1
1079560 611.0
1079570 611.0
1079580 615.4
1079590 617.3
1079600 619.0
1079610 619.0
1079620 622.1
1079630 625.6
1079640 621.7
1079650 623.7
1079660 626.0
1079670 626.0
1079680 628.1
1079690 629.1
1079700 629.1
1079710 630.4
1079720 634.3
1079730 634.3
1079740 638.1
1079750 642.6
1079760 642.6
1079770 647.9
1079780 650.8
1079790 650.8
1079800 657.7
1079810 668.2
1079820 668.2
1079830 684.4
1079840 695.7
1079850 695.7
1079860 704.8
1079870 711.7
1079880 711.7
1079890 717.2
1079900 721.3
1079910 723.6
1079920 723.6
1079930 725.4
1079940 728.3
1079950 728.3
1079960 728.9
1079970 726.3
1079980 726.3
1079990 718.7
