1068970 414.5
1068980 414.5
1068990 414.6
1069000 414.8
1069010 414.8
1069020 415.0
1069030 415.9
1069040 415.9
1069050 416.1
1069060 416.0
1069070 416.0
1069080 415.8
1069090 415.9
1069100 415.9
1069110 417.8
1069120 419.0
1069130 419.0
1069140 419.2
1069150 419.9
1069160 419.6
1069170 419.6
1069180 417.9
1069190 417.7
1069200 417.7
1069210 417.7
1069220 417.6
1069230 417.6
1069240 417.6
1069250 417.5
1069260 417.5
1069270 417.5
1069280 417.5
1069290 417.5
1069300 417.4
1069310 417.4
1069320 417.4
1069330 417.4
1069340 417.4
1069350 417.4
1069360 417.4
1069370 417.3
1069380 417.3
1069390 417.3
1069400 417.3
1069410 417.3
1069420 417.3
1069430 417.2
1069440 417.2
1069450 417.2
1069460 417.2
1069470 417.2
1069480 417.2
1069490 417.2
1069500 417.0
1069510 417.0
1069520 416.7
1069530 414.7
1069540 414.7
1069550 411.9
1069560 411.9
1069570 411.9
1069580 411.9
1069590 411.9
1069600 411.9
1069610 411.9
1069620 411.9
1069630 411.9
1069640 411.9
1069650 411.8
1069660 411.8
1069670 411.8
1069680 411.8
1069690 411.8
1069700 412.5
1069710 415.4
1069720 415.4
1069730 416.5
1069740 417.4
1069750 417.3
1069760 417.3
1069770 417.3
1069780 417.3
1069790 417.3
1069800 417.4
1069810 417.4
1069820 417.4
1069830 417.7
1069840 419.2
1069850 420.2
1069860 419.8
1069870 418.9
1069880 418.9
1069890 417.6
1069900 416.0
1069910 416.0
1069920 415.1
1069930 414.9
1069940 414.9
1069950 414.7
1069960 414.7
1069970 414.7
1069980 413.9
1069990 414.1
1070000 414.1
1070010 414.3
1070020 414.2
1070030 414.2
1070040 414.1
1070050 414.0
1070060 414.0
1070070 414.0
1070080 413.9
1070090 413.9
1070100 413.9
1070110 413.9
1070120 413.9
1070130 413.9
1070140 413.7
1070150 414.1
1070160 414.0
1070170 414.1
1070180 413.8
1070190 413.8
1070200 413.4
1070210 413.8
1070220 413.8
1070230 413.9
1070240 413.8
1070250 413.8
1070260 413.7
1070270 413.7
1070280 413.7
1070290 413.8
1070300 413.8
1070310 413.8
1070320 413.6
1070330 413.6
1070340 413.6
1070350 413.6
1070360 413.7
1070370 413.8
1070380 413.8
1070390 413.8
1070400 413.7
1070410 413.7
1070420 413.5
1070430 413.5
1070440 413.5
1070450 413.6
1070460 413.6
1070470 413.6
1070480 413.6
1070490 413.6
1070500 413.6
1070510 413.6
1070520 413.5
1070530 413.5
1070540 413.5
1070550 413.6
1070560 413.6
1070570 413.6
1070580 413.8
1070590 413.8
1070600 414.0
1070610 413.7
1070620 413.7
1070630 413.5
1070640 413.4
1070650 413.5
1070660 413.5
1070670 413.4
1070680 413.2
1070690 413.2
1070700 413.2
1070710 413.2
1070720 413.2
1070730 413.2
1070740 413.2
1070750 413.2
1070760 413.2
1070770 413.1
1070780 413.2
1070790 413.1
1070800 413.0
1070810 413.0
1070820 413.0
1070830 413.0
1070840 413.0
1070850 413.0
1070860 413.1
1070870 413.1
1070880 412.9
1070890 412.9
1070900 412.9
1070910 412.8
1070920 412.9
1070930 412.9
1070940 413.1
1070950 412.9
1070960 412.9
1070970 412.9
1070980 413.0
1070990 413.1
1071000 413.1
1071010 413.2
1071020 413.2
1071030 413.2
1071040 413.3
1071050 413.4
1071060 413.4
1071070 413.1
1071080 413.2
1071090 413.2
1071100 413.3
1071110 413.2
1071120 413.2
1071130 413.2
1071140 413.4
1071150 413.4
1071160 413.4
1071170 413.5
1071180 413.5
1071190 413.6
1071200 413.3
1071210 413.3
1071220 413.7
1071230 414.4
1071240 414.4
1071250 414.0
1071260 413.3
1071270 413.0
1071280 413.0
1071290 413.0
1071300 413.0
1071310 413.0
1071320 413.0
1071330 412.9
1071340 412.9
1071350 412.8
1071360 412.7
1071370 412.7
1071380 412.8
1071390 412.8
1071400 412.8
1071410 412.7
1071420 412.8
1071430 412.8
1071440 412.7
1071450 412.7
1071460 412.7
1071470 412.7
1071480 412.6
1071490 412.6
1071500 412.6
1071510 412.6
1071520 412.6
1071530 412.6
1071540 412.5
1071550 412.5
1071560 412.6
1071570 412.6
1071580 412.5
1071590 412.5
1071600 412.5
1071610 412.4
1071620 412.4
1071630 412.3
1071640 412.1
1071650 412.1
1071660 411.8
1071670 411.6
1071680 411.6
1071690 411.8
1071700 412.3
1071710 412.3
1071720 412.4
1071730 412.4
1071740 412.4
1071750 412.5
1071760 412.8
1071770 412.8
1071780 412.4
1071790 412.2
1071800 412.2
1071810 412.2
1071820 412.1
1071830 412.1
1071840 412.0
1071850 412.0
1071860 411.9
1071870 411.9
1071880 412.2
1071890 412.8
1071900 412.8
1071910 412.6
1071920 412.5
1071930 412.5
1071940 412.7
1071950 412.9
1071960 412.9
1071970 412.8
1071980 412.7
1071990 412.7
1072000 412.6
1072010 413.0
1072020 413.0
1072030 412.8
1072040 412.7
1072050 412.7
1072060 412.9
1072070 412.8
1072080 412.8
1072090 412.6
1072100 412.4
1072110 412.4
1072120 412.1
1072130 412.0
1072140 412.0
1072150 412.0
1072160 412.0
1072170 412.0
1072180 412.0
1072190 412.0
1072200 412.0
1072210 412.0
1072220 411.9
1072230 411.8
1072240 411.8
1072250 411.7
1072260 411.7
1072270 411.7
1072280 411.7
1072290 411.5
1072300 411.5
1072310 411.8
1072320 411.7
1072330 411.7
1072340 411.9
1072350 412.1
1072360 412.1
1072370 412.0
1072380 412.0
1072390 412.0
1072400 411.9
1072410 412.0
1072420 412.0
1072430 412.0
1072440 412.0
1072450 412.0
1072460 412.0
1072470 412.0
1072480 412.0
1072490 412.0
1072500 411.7
1072510 412.0
1072520 412.0
1072530 412.2
1072540 412.1
1072550 412.1
1072560 411.9
1072570 411.9
1072580 411.9
1072590 412.2
1072600 412.1
1072610 412.1
1072620 411.9
1072630 411.8
1072640 411.8
1072650 411.9
1072660 411.9
1072670 411.9
1072680 411.6
1072690 411.5
1072700 411.5
1072710 411.5
1072720 411.6
1072730 411.6
1072740 411.7
1072750 411.7
1072760 411.7
1072770 411.7
1072780 411.7
1072790 411.6
1072800 411.6
1072810 411.7
1072820 412.9
1072830 412.9
1072840 413.3
1072850 412.3
1072860 412.3
1072870 411.6
1072880 411.5
1072890 411.5
1072900 411.5
1072910 411.6
1072920 411.6
1072930 411.6
1072940 411.5
1072950 411.5
1072960 411.5
1072970 411.4
1072980 411.4
1072990 411.6
1073000 412.6
1073010 412.6
1073020 411.5
1073030 413.0
1073040 413.0
1073050 413.1
1073060 413.2
1073070 413.1
1073080 413.1
1073090 413.1
1073100 413.0
1073110 413.0
1073120 413.4
1073130 413.3
1073140 413.3
1073150 413.4
1073160 414.2
1073170 414.2
1073180 414.1
1073190 413.7
1073200 413.7
1073210 413.4
1073220 413.0
1073230 413.0
1073240 412.7
1073250 412.1
1073260 412.1
1073270 412.1
1073280 412.1
1073290 412.1
1073300 411.9
1073310 411.8
1073320 411.8
1073330 411.8
1073340 412.2
1073350 412.2
1073360 411.7
1073370 411.5
1073380 411.5
1073390 411.5
1073400 411.4
1073410 411.5
1073420 411.5
1073430 411.6
1073440 411.5
1073450 411.5
1073460 411.4
1073470 411.5
1073480 411.5
1073490 411.6
1073500 411.5
1073510 411.5
1073520 411.5
1073530 411.6
1073540 411.6
1073550 411.4
1073560 411.4
1073570 411.4
1073580 411.4
1073590 411.4
1073600 411.4
1073610 411.4
1073620 411.3
1073630 411.3
1073640 411.2
1073650 411.2
1073660 411.2
1073670 411.1
1073680 411.1
1073690 411.0
1073700 411.0
1073710 411.5
1073720 411.4
1073730 411.4
1073740 411.0
1073750 410.9
1073760 410.9
1073770 411.0
1073780 411.1
1073790 411.1
1073800 411.0
1073810 411.1
1073820 411.1
1073830 410.9
1073840 411.0
1073850 411.0
1073860 411.1
1073870 410.9
1073880 410.9
1073890 410.9
1073900 411.0
1073910 411.0
1073920 411.0
1073930 411.0
1073940 411.0
1073950 411.0
1073960 411.1
1073970 411.1
1073980 411.2
1073990 411.3
1074000 411.4
1074010 411.4
1074020 411.6
1074030 411.6
1074040 411.6
1074050 411.7
1074060 411.6
1074070 411.6
1074080 411.4
1074090 411.3
1074100 411.3
1074110 411.3
1074120 411.3
1074130 411.3
1074140 411.5
1074150 411.6
1074160 411.6
1074170 411.5
1074180 411.6
1074190 411.6
1074200 411.5
1074210 411.5
1074220 411.5
1074230 411.6
1074240 411.8
1074250 411.8
1074260 411.7
1074270 411.6
1074280 411.5
1074290 411.5
1074300 411.4
1074310 411.0
1074320 411.0
1074330 411.2
1074340 411.4
1074350 411.4
1074360 411.6
1074370 411.7
1074380 411.7
1074390 411.7
1074400 412.2
1074410 412.2
1074420 412.8
1074430 412.8
1074440 412.8
1074450 412.1
1074460 411.3
1074470 411.3
1074480 410.6
1074490 411.1
1074500 411.1
1074510 410.9
1074520 410.9
1074530 410.9
1074540 411.1
1074550 411.1
1074560 411.1
1074570 411.1
1074580 411.0
1074590 411.0
1074600 411.0
1074610 410.9
1074620 410.8
1074630 410.8
1074640 410.7
1074650 410.7
1074660 410.7
1074670 410.7
1074680 410.8
1074690 410.8
1074700 410.7
1074710 410.7
1074720 410.7
1074730 410.8
1074740 410.8
1074750 410.8
1074760 410.9
1074770 410.9
1074780 410.9
1074790 411.2
1074800 410.9
1074810 410.9
1074820 410.9
1074830 410.8
1074840 410.8
1074850 410.8
1074860 410.8
1074870 410.8
1074880 410.7
1074890 410.9
1074900 410.9
1074910 410.9
1074920 410.7
1074930 410.6
1074940 410.6
1074950 410.7
1074960 410.8
1074970 410.8
1074980 410.8
1074990 410.7
1075000 410.7
1075010 410.8
1075020 410.7
1075030 410.7
1075040 410.6
1075050 410.6
1075060 410.6
1075070 410.9
1075080 411.3
1075090 411.3
1075100 411.3
1075110 410.9
1075120 410.9
1075130 410.7
1075140 410.6
1075150 410.6
1075160 410.7
1075170 410.8
1075180 410.8
1075190 410.8
1075200 410.8
1075210 410.9
1075220 410.9
1075230 410.9
1075240 410.8
1075250 410.8
1075260 410.8
1075270 411.0
1075280 411.0
1075290 411.0
1075300 411.2
1075310 411.2
1075320 411.2
1075330 411.1
1075340 411.1
1075350 411.1
1075360 411.1
1075370 411.1
1075380 410.8
1075390 412.6
1075400 412.6
1075410 412.8
1075420 411.3
1075430 411.3
1075440 410.7
1075450 410.6
1075460 410.6
1075470 410.6
1075480 410.9
1075490 411.2
1075500 411.2
1075510 411.3
1075520 411.4
1075530 411.4
1075540 411.4
1075550 411.1
1075560 411.1
1075570 411.2
1075580 411.3
1075590 411.3
1075600 410.8
1075610 410.5
1075620 410.5
1075630 410.3
1075640 410.3
1075650 410.3
1075660 410.3
1075670 410.5
1075680 410.5
1075690 410.7
1075700 410.6
1075710 410.6
1075720 410.4
1075730 410.2
1075740 410.2
1075750 410.5
1075760 410.7
1075770 410.7
1075780 410.7
1075790 410.5
1075800 410.9
1075810 410.9
1075820 411.4
1075830 411.3
1075840 411.3
1075850 410.7
1075860 411.0
1075870 411.0
1075880 411.3
1075890 411.2
1075900 411.2
1075910 411.0
1075920 410.7
1075930 410.7
1075940 410.6
1075950 410.7
1075960 410.7
1075970 410.8
1075980 410.7
1075990 410.7
1076000 410.7
1076010 410.7
1076020 410.7
1076030 410.8
1076040 410.8
1076050 410.8
1076060 410.7
1076070 410.8
1076080 410.8
1076090 410.8
1076100 410.7
1076110 410.7
1076120 410.7
1076130 410.9
1076140 411.4
1076150 411.4
1076160 411.5
1076170 411.4
1076180 411.4
1076190 411.2
1076200 410.9
1076210 410.9
1076220 410.4
1076230 410.0
1076240 410.0
1076250 409.8
1076260 409.8
1076270 409.8
1076280 409.8
1076290 409.8
1076300 409.8
1076310 409.9
1076320 410.4
1076330 410.4
1076340 410.5
1076350 410.6
1076360 410.6
1076370 410.2
1076380 409.6
1076390 409.8
1076400 409.8
1076410 409.9
1076420 409.7
1076430 409.7
1076440 409.6
1076450 409.7
1076460 409.7
1076470 409.7
1076480 409.8
1076490 409.8
1076500 410.0
1076510 410.2
1076520 410.2
1076530 410.5
1076540 410.6
1076550 410.6
1076560 410.7
1076570 410.9
1076580 410.9
1076590 411.0
1076600 411.1
1076610 411.1
1076620 411.2
1076630 411.3
1076640 411.3
1076650 411.4
1076660 411.5
1076670 411.5
1076680 411.6
1076690 411.8
1076700 411.8
1076710 411.8
1076720 412.0
1076730 412.2
1076740 412.2
1076750 412.1
1076760 412.2
1076770 412.2
1076780 412.2
1076790 412.4
1076800 412.4
1076810 412.3
1076820 412.3
1076830 412.3
1076840 412.4
1076850 412.5
1076860 412.5
1076870 412.5
1076880 412.7
1076890 412.7
1076900 412.9
1076910 413.0
1076920 413.0
1076930 413.1
1076940 413.2
1076950 413.2
1076960 413.3
1076970 413.4
1076980 413.4
1076990 413.6
1077000 413.7
1077010 413.9
1077020 413.9
1077030 414.0
1077040 414.2
1077050 414.2
1077060 414.3
1077070 414.5
1077080 414.5
1077090 414.6
1077100 414.8
1077110 414.8
1077120 415.0
1077130 415.3
1077140 415.3
1077150 415.5
1077160 415.7
1077170 415.7
1077180 415.9
1077190 416.1
1077200 416.1
1077210 416.2
1077220 416.2
1077230 416.2
1077240 416.7
1077250 416.8
1077260 416.8
1077270 416.7
1077280 416.7
1077290 416.8
1077300 416.6
1077310 416.8
1077320 416.9
1077330 416.9
1077340 417.2
1077350 417.5
1077360 417.5
1077370 417.4
1077380 417.5
1077390 417.5
1077400 417.8
1077410 418.0
1077420 418.0
1077430 418.2
1077440 418.7
1077450 418.7
1077460 418.8
1077470 419.3
1077480 419.3
1077490 419.5
1077500 419.7
1077510 419.7
1077520 419.8
1077530 420.0
1077540 420.0
1077550 420.2
1077560 420.2
1077570 420.2
1077580 420.3
1077590 420.5
1077600 420.9
1077610 421.0
1077620 421.2
1077630 421.4
1077640 421.4
1077650 421.6
1077660 421.9
1077670 421.9
1077680 422.2
1077690 422.6
1077700 422.6
1077710 422.8
1077720 422.9
1077730 422.9
1077740 423.1
1077750 423.4
1077760 423.4
1077770 423.9
1077780 424.6
1077790 424.6
1077800 425.2
1077810 426.2
1077820 426.2
1077830 426.6
1077840 427.0
1077850 427.0
1077860 427.4
1077870 427.6
1077880 427.6
1077890 428.3
1077900 429.0
1077910 430.4
1077920 430.0
1077930 431.3
1077940 432.5
1077950 432.5
1077960 432.9
1077970 433.4
1077980 433.4
1077990 434.4
1078000 434.9
1078010 434.9
1078020 435.3
1078030 436.5
1078040 436.5
1078050 437.6
1078060 438.4
1078070 438.4
1078080 439.8
1078090 440.9
1078100 440.9
1078110 441.5
1078120 442.2
1078130 442.2
1078140 443.1
1078150 444.3
1078160 444.3
1078170 445.3
1078180 446.3
1078190 446.3
1078200 447.3
1078210 448.9
1078220 454.8
1078230 454.8
1078240 458.8
1078250 461.6
1078260 461.6
1078270 464.7
1078280 469.8
1078290 469.8
1078300 474.6
1078310 479.3
1078320 479.3
1078330 484.1
1078340 488.4
1078350 488.4
1078360 491.8
1078370 494.7
1078380 494.7
1078390 496.8
1078400 499.5
1078410 499.5
1078420 502.6
1078430 505.4
1078440 505.4
1078450 507.7
1078460 510.2
1078470 510.2
1078480 512.4
1078490 514.6
1078500 517.5
1078510 517.5
1078520 521.2
1078530 523.1
1078540 523.1
1078550 529.9
1078560 531.7
1078570 531.7
1078580 533.5
1078590 532.3
1078600 532.3
1078610 531.2
1078620 531.6
1078630 531.6
1078640 532.1
1078650 531.8
1078660 531.8
1078670 531.4
1078680 530.8
1078690 530.8
1078700 530.0
1078710 529.2
1078720 529.2
1078730 528.7
1078740 528.6
1078750 528.6
1078760 527.6
1078770 525.7
1078780 525.7
1078790 523.8
1078800 525.1
1078810 528.2
1078820 528.2
1078830 530.6
1078840 531.8
1078850 531.8
1078860 532.5
1078870 534.7
1078880 534.7
1078890 534.6
1078900 536.6
1078910 536.6
1078920 539.9
1078930 544.5
1078940 544.5
1078950 549.7
1078960 553.9
1078970 553.9
1078980 557.4
1078990 559.8
1079000 559.8
1079010 562.6
1079020 565.8
1079030 565.8
1079040 569.6
1079050 574.0
1079060 574.0
1079070 580.7
1079080 587.1
1079090 587.1
1079100 593.4
1079110 599.5
1079120 605.5
1079130 605.5
1079140 612.0
1079150 618.3
1079160 618.3
1079170 624.4
1079180 630.1
1079190 630.1
1079200 636.6
1079210 639.5
1079220 639.5
1079230 634.0
1079240 627.4
1079250 627.4
1079260 624.3
1079270 624.5
1079280 624.5
1079290 625.8
1079300 621.6
1079310 621.6
1079320 615.2
1079330 612.1
1079340 612.1
1079350 609.4
1079360 607.6
1079370 607.6
1079380 603.7
1079390 600.3
1079400 600.2
1079410 600.2
1079420 594.5
1079430 588.1
1079440 588.1
1079450 580.3
1079460 573.7
1079470 573.7
1079480 573.4
1079490 577.8
1079500 576.6
1079510 582.2
1079520 585.5
1079530 585.5
1079540 587.6
1079550 590.6
1079560 590.6
1079570 595.8
1079580 600.5
1079590 600.5
1079600 603.8
1079610 607.8
1079620 607.8
1079630 611.9
1079640 614.3
1079650 614.3
1079660 615.8
1079670 618.5
1079680 618.5
1079690 622.7
1079700 627.3
1079710 634.2
1079720 634.2
1079730 644.8
1079740 654.2
1079750 654.2
1079760 663.0
1079770 670.1
1079780 670.1
1079790 676.6
1079800 682.5
1079810 680.4
1079820 687.0
1079830 691.1
1079840 691.1
1079850 697.1
1079860 701.5
1079870 701.5
1079880 703.0
1079890 704.8
1079900 704.8
1079910 707.3
1079920 710.5
1079930 710.5
1079940 713.0
1079950 717.8
1079960 717.8
1079970 724.0
1079980 732.4
1079990 732.4
