1069400 414.6
1069410 414.6
1069420 414.6
1069430 415.0
1069440 415.0
1069450 416.6
1069460 416.9
1069470 416.9
1069480 416.1
1069490 416.0
1069500 416.0
1069510 415.9
1069520 415.7
1069530 415.7
1069540 415.6
1069550 416.2
1069560 417.7
1069570 417.7
1069580 419.0
1069590 419.8
1069600 418.4
1069610 417.3
1069620 417.2
1069630 417.2
1069640 417.2
1069650 417.1
1069660 417.1
1069670 417.0
1069680 417.0
1069690 417.0
1069700 417.1
1069710 417.1
1069720 417.1
1069730 417.1
1069740 417.1
1069750 417.1
1069760 416.9
1069770 416.9
1069780 416.9
1069790 416.9
1069800 416.9
1069810 416.9
1069820 416.9
1069830 416.9
1069840 416.9
1069850 416.9
1069860 416.9
1069870 416.9
1069880 416.9
1069890 416.9
1069900 416.8
1069910 416.8
1069920 416.8
1069930 416.8
1069940 416.8
1069950 416.8
1069960 416.7
1069970 416.7
1069980 416.8
1069990 416.8
1070000 416.8
1070010 416.6
1070020 415.3
1070030 415.3
1070040 413.4
1070050 411.8
1070060 411.8
1070070 411.1
1070080 411.0
1070090 411.0
1070100 411.0
1070110 411.0
1070120 411.0
1070130 411.0
1070140 411.0
1070150 411.0
1070160 411.0
1070170 410.9
1070180 411.0
1070190 411.0
1070200 411.0
1070210 412.1
1070220 413.6
1070230 416.1
1070240 417.0
1070250 417.0
1070260 416.4
1070270 416.3
1070280 416.3
1070290 416.4
1070300 416.5
1070310 416.5
1070320 417.0
1070330 418.9
1070340 418.9
1070350 419.0
1070360 416.8
1070370 416.8
1070380 415.1
1070390 414.2
1070400 414.2
1070410 414.2
1070420 414.1
1070430 414.1
1070440 414.1
1070450 414.1
1070460 414.2
1070470 414.2
1070480 414.2
1070490 414.2
1070500 414.2
1070510 414.1
1070520 414.2
1070530 414.1
1070540 414.2
1070550 414.3
1070560 414.3
1070570 414.3
1070580 414.4
1070590 414.4
1070600 414.5
1070610 414.4
1070620 414.4
1070630 414.4
1070640 414.3
1070650 414.3
1070660 414.0
1070670 414.0
1070680 414.0
1070690 413.4
1070700 413.4
1070710 413.4
1070720 413.8
1070730 413.5
1070740 413.5
1070750 413.1
1070760 413.2
1070770 413.2
1070780 413.2
1070790 413.3
1070800 413.3
1070810 413.3
1070820 413.4
1070830 413.4
1070840 413.4
1070850 413.3
1070860 413.3
1070870 413.3
1070880 413.2
1070890 413.2
1070900 413.2
1070910 413.1
1070920 413.1
1070930 413.1
1070940 413.0
1070950 413.1
1070960 413.1
1070970 413.1
1070980 413.1
1070990 413.1
1071000 413.2
1071010 413.5
1071020 413.5
1071030 413.4
1071040 413.2
1071050 413.2
1071060 413.0
1071070 412.7
1071080 412.4
1071090 412.4
1071100 412.4
1071110 412.3
1071120 412.3
1071130 412.5
1071140 412.3
1071150 412.3
1071160 412.3
1071170 412.3
1071180 412.3
1071190 412.3
1071200 412.1
1071210 412.1
1071220 412.0
1071230 412.0
1071240 412.0
1071250 412.0
1071260 412.0
1071270 412.0
1071280 411.9
1071290 411.9
1071300 411.9
1071310 412.0
1071320 412.0
1071330 412.0
1071340 412.0
1071350 412.1
1071360 412.1
1071370 412.3
1071380 412.6
1071390 412.6
1071400 412.6
1071410 412.6
1071420 412.6
1071430 412.6
1071440 412.6
1071450 412.5
1071460 412.5
1071470 412.4
1071480 412.4
1071490 412.4
1071500 412.4
1071510 412.4
1071520 412.4
1071530 412.5
1071540 412.5
1071550 412.5
1071560 412.4
1071570 412.5
1071580 412.5
1071590 412.4
1071600 412.5
1071610 412.5
1071620 412.4
1071630 412.3
1071640 412.3
1071650 412.3
1071660 412.2
1071670 412.2
1071680 412.2
1071690 412.1
1071700 412.1
1071710 412.1
1071720 412.1
1071730 412.1
1071740 412.1
1071750 412.0
1071760 412.1
1071770 412.1
1071780 412.0
1071790 412.0
1071800 412.0
1071810 411.9
1071820 411.9
1071830 411.9
1071840 412.1
1071850 412.3
1071860 412.3
1071870 412.0
1071880 411.9
1071890 411.9
1071900 411.9
1071910 411.9
1071920 411.9
1071930 411.9
1071940 411.9
1071950 411.9
1071960 411.9
1071970 411.8
1071980 411.8
1071990 411.8
1072000 411.8
1072010 411.8
1072020 411.8
1072030 411.7
1072040 411.7
1072050 411.7
1072060 411.7
1072070 411.8
1072080 411.8
1072090 411.8
1072100 411.7
1072110 411.7
1072120 411.6
1072130 411.6
1072140 411.6
1072150 411.6
1072160 411.6
1072170 411.6
1072180 411.6
1072190 411.5
1072200 411.5
1072210 411.5
1072220 411.3
1072230 411.3
1072240 411.1
1072250 410.9
1072260 410.9
1072270 411.2
1072280 411.2
1072290 411.3
1072300 411.3
1072310 411.5
1072320 411.5
1072330 411.5
1072340 411.4
1072350 411.4
1072360 411.4
1072370 411.3
1072380 411.4
1072390 411.4
1072400 411.3
1072410 411.4
1072420 411.4
1072430 411.4
1072440 411.5
1072450 411.5
1072460 411.6
1072470 411.5
1072480 411.5
1072490 411.4
1072500 411.5
1072510 411.5
1072520 411.8
1072530 412.4
1072540 412.4
1072550 412.7
1072560 412.3
1072570 412.3
1072580 411.8
1072590 411.5
1072600 411.5
1072610 411.5
1072620 411.6
1072630 412.0
1072640 412.0
1072650 412.0
1072660 411.8
1072670 411.8
1072680 411.5
1072690 411.5
1072700 411.5
1072710 411.6
1072720 411.5
1072730 411.5
1072740 411.4
1072750 411.3
1072760 411.3
1072770 411.4
1072780 411.3
1072790 411.3
1072800 411.0
1072810 410.6
1072820 410.6
1072830 410.6
1072840 410.6
1072850 410.6
1072860 411.5
1072870 411.7
1072880 411.7
1072890 411.5
1072900 411.5
1072910 411.4
1072920 411.4
1072930 411.4
1072940 411.3
1072950 411.3
1072960 411.3
1072970 411.3
1072980 411.3
1072990 411.5
1073000 411.5
1073010 411.5
1073020 411.5
1073030 411.5
1073040 411.5
1073050 411.5
1073060 411.5
1073070 411.5
1073080 411.3
1073090 411.2
1073100 411.2
1073110 411.2
1073120 411.3
1073130 411.3
1073140 411.3
1073150 411.1
1073160 411.1
1073170 411.1
1073180 411.3
1073190 411.2
1073200 411.2
1073210 411.2
1073220 411.2
1073230 411.2
1073240 411.0
1073250 411.0
1073260 411.0
1073270 410.9
1073280 410.9
1073290 410.9
1073300 410.9
1073310 410.9
1073320 410.9
1073330 410.9
1073340 410.9
1073350 410.9
1073360 411.0
1073370 412.2
1073380 412.2
1073390 411.5
1073400 411.4
1073410 411.4
1073420 412.1
1073430 411.9
1073440 411.9
1073450 412.6
1073460 412.6
1073470 412.6
1073480 412.6
1073490 412.7
1073500 414.2
1073510 414.2
1073520 412.4
1073530 410.6
1073540 410.6
1073550 410.6
1073560 410.6
1073570 410.6
1073580 410.6
1073590 410.6
1073600 410.6
1073610 410.9
1073620 411.2
1073630 411.2
1073640 411.2
1073650 410.9
1073660 410.9
1073670 410.6
1073680 410.5
1073690 410.5
1073700 410.5
1073710 410.4
1073720 410.4
1073730 410.7
1073740 410.4
1073750 410.4
1073760 410.4
1073770 410.4
1073780 410.4
1073790 410.4
1073800 410.3
1073810 410.5
1073820 410.5
1073830 410.8
1073840 410.8
1073850 410.8
1073860 410.8
1073870 411.1
1073880 411.1
1073890 411.3
1073900 411.1
1073910 411.1
1073920 411.1
1073930 411.1
1073940 411.1
1073950 411.0
1073960 411.0
1073970 411.0
1073980 411.0
1073990 411.2
1074000 411.2
1074010 411.2
1074020 410.9
1074030 410.9
1074040 411.0
1074050 412.4
1074060 412.4
1074070 412.0
1074080 411.2
1074090 411.2
1074100 411.3
1074110 410.8
1074120 411.0
1074130 411.0
1074140 411.0
1074150 410.9
1074160 410.9
1074170 410.8
1074180 410.5
1074190 410.5
1074200 410.4
1074210 410.6
1074220 410.6
1074230 410.6
1074240 410.5
1074250 410.5
1074260 410.7
1074270 410.6
1074280 410.6
1074290 410.9
1074300 411.0
1074310 411.0
1074320 410.8
1074330 411.1
1074340 411.1
1074350 410.8
1074360 410.5
1074370 410.5
1074380 410.4
1074390 410.2
1074400 410.5
1074410 410.5
1074420 411.3
1074430 411.0
1074440 411.0
1074450 411.1
1074460 411.1
1074470 411.1
1074480 410.9
1074490 410.8
1074500 410.8
1074510 410.8
1074520 410.8
1074530 410.8
1074540 410.7
1074550 410.8
1074560 410.8
1074570 410.8
1074580 410.7
1074590 410.7
1074600 410.7
1074610 410.9
1074620 410.9
1074630 411.2
1074640 410.9
1074650 410.9
1074660 410.7
1074670 410.7
1074680 410.7
1074690 410.7
1074700 411.2
1074710 411.5
1074720 411.5
1074730 411.0
1074740 410.5
1074750 410.5
1074760 410.4
1074770 410.4
1074780 410.4
1074790 410.6
1074800 410.3
1074810 410.3
1074820 410.5
1074830 410.6
1074840 410.6
1074850 410.6
1074860 410.9
1074870 410.9
1074880 411.3
1074890 411.5
1074900 411.5
1074910 411.5
1074920 411.4
1074930 411.4
1074940 411.3
1074950 411.2
1074960 411.2
1074970 411.1
1074980 411.2
1074990 411.2
1075000 411.3
1075010 411.7
1075020 411.7
1075030 411.7
1075040 411.1
1075050 411.0
1075060 411.0
1075070 411.1
1075080 411.2
1075090 411.2
1075100 411.1
1075110 410.7
1075120 410.7
1075130 410.9
1075140 411.0
1075150 411.0
1075160 411.1
1075170 411.0
1075180 411.0
1075190 411.0
1075200 411.2
1075210 411.2
1075220 411.4
1075230 411.2
1075240 411.2
1075250 411.1
1075260 411.5
1075270 411.5
1075280 411.5
1075290 410.9
1075300 410.9
1075310 410.8
1075320 410.8
1075330 410.8
1075340 410.8
1075350 411.0
1075360 411.2
1075370 411.2
1075380 410.9
1075390 410.6
1075400 410.6
1075410 410.4
1075420 410.6
1075430 410.6
1075440 411.0
1075450 411.2
1075460 411.2
1075470 411.2
1075480 410.6
1075490 410.6
1075500 410.3
1075510 410.4
1075520 410.4
1075530 410.6
1075540 410.8
1075550 410.8
1075560 411.0
1075570 411.3
1075580 411.3
1075590 411.3
1075600 410.7
1075610 410.7
1075620 410.3
1075630 410.5
1075640 410.7
1075650 410.7
1075660 410.6
1075670 410.5
1075680 410.5
1075690 410.5
1075700 410.5
1075710 410.5
1075720 410.6
1075730 410.7
1075740 410.7
1075750 410.8
1075760 410.7
1075770 410.7
1075780 410.5
1075790 410.7
1075800 410.7
1075810 411.0
1075820 411.1
1075830 411.1
1075840 411.1
1075850 411.2
1075860 411.2
1075870 411.2
1075880 411.1
1075890 411.1
1075900 410.9
1075910 411.1
1075920 411.1
1075930 411.1
1075940 411.0
1075950 411.0
1075960 411.0
1075970 411.1
1075980 411.2
1075990 411.2
1076000 411.1
1076010 411.3
1076020 411.3
1076030 412.5
1076040 411.6
1076050 411.6
1076060 411.7
1076070 411.1
1076080 411.1
1076090 411.0
1076100 410.8
1076110 410.8
1076120 410.7
1076130 410.7
1076140 410.7
1076150 410.5
1076160 410.5
1076170 410.5
1076180 410.4
1076190 410.3
1076200 410.3
1076210 410.3
1076220 410.2
1076230 410.2
1076240 410.2
1076250 410.3
1076260 410.3
1076270 410.3
1076280 410.4
1076290 410.5
1076300 410.5
1076310 410.8
1076320 410.7
1076330 410.7
1076340 410.5
1076350 410.4
1076360 410.4
1076370 410.4
1076380 410.3
1076390 410.3
1076400 410.3
1076410 410.2
1076420 410.2
1076430 410.3
1076440 410.9
1076450 410.9
1076460 411.8
1076470 411.9
1076480 411.9
1076490 411.1
1076500 410.2
1076510 410.2
1076520 410.1
1076530 410.1
1076540 409.7
1076550 409.7
1076560 409.7
1076570 410.3
1076580 410.3
1076590 410.3
1076600 410.3
1076610 410.3
1076620 409.9
1076630 409.2
1076640 409.2
1076650 409.1
1076660 409.4
1076670 409.4
1076680 409.6
1076690 409.6
1076700 409.6
1076710 409.4
1076720 409.5
1076730 409.4
1076740 409.5
1076750 409.8
1076760 409.8
1076770 410.0
1076780 410.2
1076790 410.2
1076800 410.3
1076810 410.3
1076820 410.3
1076830 410.5
1076840 410.9
1076850 411.1
1076860 411.1
1076870 411.1
1076880 411.3
1076890 411.3
1076900 411.5
1076910 411.8
1076920 411.8
1076930 412.1
1076940 412.5
1076950 412.5
1076960 412.9
1076970 413.3
1076980 413.3
1076990 413.6
1077000 413.5
1077010 413.5
1077020 412.8
1077030 412.3
1077040 413.9
1077050 413.0
1077060 411.6
1077070 411.6
1077080 411.2
1077090 411.0
1077100 411.0
1077110 411.0
1077120 411.1
1077130 411.4
1077140 411.4
1077150 413.1
1077160 414.0
1077170 414.0
1077180 413.4
1077190 411.8
1077200 411.8
1077210 409.9
1077220 409.5
1077230 409.5
1077240 409.5
1077250 409.5
1077260 409.5
1077270 409.5
1077280 409.9
1077290 409.9
1077300 411.6
1077310 416.2
1077320 416.2
1077330 417.3
1077340 418.7
1077350 418.7
1077360 419.0
1077370 419.8
1077380 419.8
1077390 420.0
1077400 420.3
1077410 420.3
1077420 420.3
1077430 420.6
1077440 420.8
1077450 420.8
1077460 421.0
1077470 421.2
1077480 421.2
1077490 421.5
1077500 422.0
1077510 422.0
1077520 422.4
1077530 422.5
1077540 422.5
1077550 422.5
1077560 422.6
1077570 422.6
1077580 423.0
1077590 423.2
1077600 423.2
1077610 423.5
1077620 423.5
1077630 423.5
1077640 423.5
1077650 424.0
1077660 424.0
1077670 424.6
1077680 425.0
1077690 425.0
1077700 425.0
1077710 425.0
1077720 425.0
1077730 425.3
1077740 425.6
1077750 425.9
1077760 425.9
1077770 426.1
1077780 426.5
1077790 426.5
1077800 426.6
1077810 426.7
1077820 426.7
1077830 427.1
1077840 427.5
1077850 427.5
1077860 428.2
1077870 428.7
1077880 428.7
1077890 428.9
1077900 429.2
1077910 429.2
1077920 429.6
1077930 430.0
1077940 430.0
1077950 430.6
1077960 430.9
1077970 430.9
1077980 430.8
1077990 431.1
1078000 431.1
1078010 431.3
1078020 431.3
1078030 431.3
1078040 431.5
1078050 431.9
1078060 433.1
1078070 433.1
1078080 433.5
1078090 433.2
1078100 433.2
1078110 433.1
1078120 433.6
1078130 433.6
1078140 433.9
1078150 434.0
1078160 434.0
1078170 434.1
1078180 434.9
1078190 434.9
1078200 435.4
1078210 435.8
1078220 435.8
1078230 436.6
1078240 437.1
1078250 437.1
1078260 437.5
1078270 437.6
1078280 437.6
1078290 438.1
1078300 438.5
1078310 438.5
1078320 439.1
1078330 439.2
1078340 439.7
1078350 439.7
1078360 439.9
1078370 440.6
1078380 440.6
1078390 441.3
1078400 441.4
1078410 441.4
1078420 441.6
1078430 442.1
1078440 442.1
1078450 442.6
1078460 443.2
1078470 443.2
1078480 444.0
1078490 444.5
1078500 444.5
1078510 445.1
1078520 445.4
1078530 445.4
1078540 445.9
1078550 447.3
1078560 447.3
1078570 448.0
1078580 450.9
1078590 450.9
1078600 456.0
1078610 468.0
1078620 468.0
1078630 473.6
1078640 478.5
1078650 482.0
1078660 482.0
1078670 484.4
1078680 486.1
1078690 486.1
1078700 486.6
1078710 483.9
1078720 483.9
1078730 482.5
1078740 484.9
1078750 484.9
1078760 487.0
1078770 488.7
1078780 488.7
1078790 488.3
1078800 487.9
1078810 487.9
1078820 490.7
1078830 494.0
1078840 494.0
1078850 495.5
1078860 498.7
1078870 498.7
1078880 502.2
1078890 503.8
1078900 503.8
1078910 505.0
1078920 504.4
1078930 504.4
1078940 505.3
1078950 507.5
1078960 511.8
1078970 511.8
1078980 517.2
1078990 521.7
1079000 521.7
1079010 524.6
1079020 520.6
1079030 520.6
1079040 519.4
1079050 515.8
1079060 515.8
1079070 511.1
1079080 508.8
1079090 508.8
1079100 510.8
1079110 516.2
1079120 516.2
1079130 521.9
1079140 527.6
1079150 527.6
1079160 534.5
1079170 541.7
1079180 541.7
1079190 547.2
1079200 550.5
1079210 550.5
1079220 554.3
1079230 557.6
1079240 560.7
1079250 563.4
1079260 565.6
1079270 564.2
1079280 564.2
1079290 561.2
1079300 557.7
1079310 557.7
1079320 559.3
1079330 557.8
1079340 557.8
1079350 554.6
1079360 552.4
1079370 552.4
1079380 546.3
1079390 537.6
1079400 537.6
1079410 528.6
1079420 519.6
1079430 519.6
1079440 509.1
1079450 500.9
1079460 500.9
1079470 496.4
1079480 492.8
1079490 492.8
1079500 495.7
1079510 499.3
1079520 499.3
1079530 506.0
1079540 513.5
1079550 523.9
1079560 523.9
1079570 533.6
1079580 542.3
1079590 542.3
1079600 550.0
1079610 554.7
1079620 554.7
1079630 559.7
1079640 564.7
1079650 564.7
1079660 568.5
1079670 572.5
1079680 572.5
1079690 575.0
1079700 568.2
1079710 568.2
1079720 566.9
1079730 572.6
1079740 572.6
1079750 572.7
1079760 564.8
1079770 564.8
1079780 558.1
1079790 556.3
1079800 556.3
1079810 559.4
1079820 565.2
1079830 565.2
1079840 571.4
1079850 578.2
1079860 585.8
1079870 588.8
1079880 595.9
1079890 596.7
1079900 596.7
1079910 591.0
1079920 588.9
1079930 588.9
1079940 589.5
1079950 589.6
1079960 589.6
1079970 590.6
1079980 592.0
1079990 592.0
