1070670 414.2
1070680 414.2
1070690 414.2
1070700 414.3
1070710 414.5
1070720 414.5
1070730 415.2
1070740 415.3
1070750 415.3
1070760 414.7
1070770 414.9
1070780 414.9
1070790 415.0
1070800 415.1
1070810 415.1
1070820 415.2
1070830 415.1
1070840 415.1
1070850 414.5
1070860 414.4
1070870 414.4
1070880 415.2
1070890 417.6
1070900 417.6
1070910 418.4
1070920 417.3
1070930 417.3
1070940 416.0
1070950 415.6
1070960 415.6
1070970 415.5
1070980 415.3
1070990 415.1
1071000 415.1
1071010 414.8
1071020 414.6
1071030 414.6
1071040 414.4
1071050 414.3
1071060 414.3
1071070 414.1
1071080 413.9
1071090 413.9
1071100 413.8
1071110 413.6
1071120 413.6
1071130 413.4
1071140 413.6
1071150 413.6
1071160 414.8
1071170 415.0
1071180 415.0
1071190 413.3
1071200 410.0
1071210 410.0
1071220 409.5
1071230 409.5
1071240 409.5
1071250 409.5
1071260 409.5
1071270 409.5
1071280 409.5
1071290 409.5
1071300 409.4
1071310 409.4
1071320 409.8
1071330 410.8
1071340 410.8
1071350 412.7
1071360 415.3
1071370 415.3
1071380 415.4
1071390 413.8
1071400 413.8
1071410 413.8
1071420 413.9
1071430 413.9
1071440 414.0
1071450 414.3
1071460 414.3
1071470 415.6
1071480 417.2
1071490 417.2
1071500 417.8
1071510 416.5
1071520 416.5
1071530 414.6
1071540 412.7
1071550 412.7
1071560 412.1
1071570 412.1
1071580 412.2
1071590 412.2
1071600 412.2
1071610 412.2
1071620 412.2
1071630 412.2
1071640 412.0
1071650 412.0
1071660 410.8
1071670 409.1
1071680 409.1
1071690 408.0
1071700 408.0
1071710 408.0
1071720 408.0
1071730 408.0
1071740 408.0
1071750 408.0
1071760 408.0
1071770 408.0
1071780 408.0
1071790 408.0
1071800 408.0
1071810 408.0
1071820 408.0
1071830 408.0
1071840 408.0
1071850 408.0
1071860 408.0
1071870 408.0
1071880 408.0
1071890 408.0
1071900 408.0
1071910 408.3
1071920 409.1
1071930 409.1
1071940 410.2
1071950 412.3
1071960 412.3
1071970 414.5
1071980 415.4
1071990 415.4
1072000 415.3
1072010 415.1
1072020 415.1
1072030 415.0
1072040 415.0
1072050 415.0
1072060 415.0
1072070 415.0
1072080 415.0
1072090 415.0
1072100 414.9
1072110 414.9
1072120 414.8
1072130 414.8
1072140 414.8
1072150 414.6
1072160 414.6
1072170 414.6
1072180 414.6
1072190 414.6
1072200 415.0
1072210 415.0
1072220 416.0
1072230 416.8
1072240 416.8
1072250 417.0
1072260 416.5
1072270 416.5
1072280 415.3
1072290 414.0
1072300 414.0
1072310 411.5
1072320 411.6
1072330 411.6
1072340 411.6
1072350 411.7
1072360 411.7
1072370 411.6
1072380 411.4
1072390 411.4
1072400 411.3
1072410 411.4
1072420 411.4
1072430 411.4
1072440 411.3
1072450 411.3
1072460 411.4
1072470 411.5
1072480 411.5
1072490 411.6
1072500 411.6
1072510 411.5
1072520 411.5
1072530 411.5
1072540 411.4
1072550 411.4
1072560 411.4
1072570 411.3
1072580 411.3
1072590 411.3
1072600 411.3
1072610 411.3
1072620 411.3
1072630 411.3
1072640 411.3
1072650 411.2
1072660 411.0
1072670 411.0
1072680 411.0
1072690 411.1
1072700 411.1
1072710 411.1
1072720 411.0
1072730 411.0
1072740 410.8
1072750 410.8
1072760 410.8
1072770 410.9
1072780 410.8
1072790 410.8
1072800 410.8
1072810 410.9
1072820 411.8
1072830 411.8
1072840 411.4
1072850 410.6
1072860 410.6
1072870 409.8
1072880 410.2
1072890 410.2
1072900 410.7
1072910 411.8
1072920 411.8
1072930 412.5
1072940 413.0
1072950 413.0
1072960 413.6
1072970 414.1
1072980 414.1
1072990 414.3
1073000 414.4
1073010 414.4
1073020 414.4
1073030 414.4
1073040 414.4
1073050 414.4
1073060 414.5
1073070 414.5
1073080 414.5
1073090 414.5
1073100 414.5
1073110 414.5
1073120 414.4
1073130 414.3
1073140 414.3
1073150 414.2
1073160 413.8
1073170 413.8
1073180 413.3
1073190 413.4
1073200 413.4
1073210 413.5
1073220 412.5
1073230 412.5
1073240 409.7
1073250 408.8
1073260 408.8
1073270 408.2
1073280 408.2
1073290 408.2
1073300 408.2
1073310 408.2
1073320 408.2
1073330 408.2
1073340 408.2
1073350 408.2
1073360 408.2
1073370 408.3
1073380 408.3
1073390 408.4
1073400 409.2
1073410 409.2
1073420 409.2
1073430 410.1
1073440 413.7
1073450 413.7
1073460 412.1
1073470 411.6
1073480 411.6
1073490 411.6
1073500 411.6
1073510 411.6
1073520 411.6
1073530 411.6
1073540 411.6
1073550 411.6
1073560 411.5
1073570 411.5
1073580 411.3
1073590 411.3
1073600 411.3
1073610 411.4
1073620 411.5
1073630 411.5
1073640 411.5
1073650 411.7
1073660 411.7
1073670 411.6
1073680 411.7
1073690 411.7
1073700 411.8
1073710 411.7
1073720 411.7
1073730 411.9
1073740 412.2
1073750 412.3
1073760 412.3
1073770 412.5
1073780 412.4
1073790 412.4
1073800 411.0
1073810 410.8
1073820 410.8
1073830 410.9
1073840 410.7
1073850 410.7
1073860 410.4
1073870 410.5
1073880 410.5
1073890 410.7
1073900 410.7
1073910 410.7
1073920 410.7
1073930 410.7
1073940 410.7
1073950 410.7
1073960 410.7
1073970 410.7
1073980 410.6
1073990 410.6
1074000 410.6
1074010 410.6
1074020 410.6
1074030 410.6
1074040 410.6
1074050 410.5
1074060 410.5
1074070 410.5
1074080 410.5
1074090 410.5
1074100 410.5
1074110 410.5
1074120 410.5
1074130 410.5
1074140 410.4
1074150 410.4
1074160 410.4
1074170 410.3
1074180 410.3
1074190 410.3
1074200 410.4
1074210 410.3
1074220 410.3
1074230 410.3
1074240 410.3
1074250 410.3
1074260 410.2
1074270 410.2
1074280 410.2
1074290 410.3
1074300 410.3
1074310 410.3
1074320 410.4
1074330 410.4
1074340 410.4
1074350 410.4
1074360 410.4
1074370 410.5
1074380 410.5
1074390 410.4
1074400 410.4
1074410 410.4
1074420 410.4
1074430 410.5
1074440 410.5
1074450 410.6
1074460 410.6
1074470 410.6
1074480 410.6
1074490 410.7
1074500 410.7
1074510 410.6
1074520 410.4
1074530 410.4
1074540 410.4
1074550 410.4
1074560 410.4
1074570 410.5
1074580 410.6
1074590 410.6
1074600 410.7
1074610 410.7
1074620 410.7
1074630 410.7
1074640 410.5
1074650 410.5
1074660 410.5
1074670 410.6
1074680 410.7
1074690 410.7
1074700 410.8
1074710 410.7
1074720 410.7
1074730 410.7
1074740 410.8
1074750 410.8
1074760 410.9
1074770 410.9
1074780 410.9
1074790 411.6
1074800 412.7
1074810 412.7
1074820 413.0
1074830 413.1
1074840 413.1
1074850 413.1
1074860 413.1
1074870 413.1
1074880 413.1
1074890 412.7
1074900 412.7
1074910 412.4
1074920 412.2
1074930 412.2
1074940 412.2
1074950 412.1
1074960 412.0
1074970 412.0
1074980 411.7
1074990 411.6
1075000 411.6
1075010 411.3
1075020 410.9
1075030 410.9
1075040 410.4
1075050 409.9
1075060 409.9
1075070 409.4
1075080 409.1
1075090 409.1
1075100 409.1
1075110 410.9
1075120 410.9
1075130 410.9
1075140 410.8
1075150 410.8
1075160 410.8
1075170 410.6
1075180 410.6
1075190 410.4
1075200 410.4
1075210 410.4
1075220 410.1
1075230 410.1
1075240 410.1
1075250 410.0
1075260 410.0
1075270 410.1
1075280 410.1
1075290 410.1
1075300 410.2
1075310 410.2
1075320 410.1
1075330 410.1
1075340 410.1
1075350 410.0
1075360 410.0
1075370 410.0
1075380 410.5
1075390 411.1
1075400 411.1
1075410 411.2
1075420 411.0
1075430 411.0
1075440 411.0
1075450 410.9
1075460 410.9
1075470 410.9
1075480 411.1
1075490 411.1
1075500 411.3
1075510 411.5
1075520 411.5
1075530 411.5
1075540 411.3
1075550 411.3
1075560 411.3
1075570 411.0
1075580 411.0
1075590 411.0
1075600 411.0
1075610 410.9
1075620 410.9
1075630 410.8
1075640 410.3
1075650 410.3
1075660 410.2
1075670 410.2
1075680 410.2
1075690 410.4
1075700 412.3
1075710 412.3
1075720 412.3
1075730 410.8
1075740 410.8
1075750 410.8
1075760 410.7
1075770 410.7
1075780 410.6
1075790 410.4
1075800 410.4
1075810 410.3
1075820 410.2
1075830 410.2
1075840 409.9
1075850 410.3
1075860 410.3
1075870 410.4
1075880 410.3
1075890 410.0
1075900 410.0
1075910 410.0
1075920 410.2
1075930 410.2
1075940 410.2
1075950 410.5
1075960 410.5
1075970 410.5
1075980 410.5
1075990 410.5
1076000 410.6
1076010 410.5
1076020 410.5
1076030 410.4
1076040 410.7
1076050 410.7
1076060 410.3
1076070 410.1
1076080 410.1
1076090 409.9
1076100 409.8
1076110 409.8
1076120 409.8
1076130 409.8
1076140 409.8
1076150 409.9
1076160 410.0
1076170 410.1
1076180 410.1
1076190 410.1
1076200 409.8
1076210 409.8
1076220 409.8
1076230 409.8
1076240 409.8
1076250 409.8
1076260 409.8
1076270 409.8
1076280 409.8
1076290 409.8
1076300 409.8
1076310 410.0
1076320 410.0
1076330 410.0
1076340 410.1
1076350 410.0
1076360 410.0
1076370 409.9
1076380 410.0
1076390 410.0
1076400 409.9
1076410 409.4
1076420 409.4
1076430 408.9
1076440 408.9
1076450 408.9
1076460 409.8
1076470 409.8
1076480 410.2
1076490 410.2
1076500 410.2
1076510 410.1
1076520 410.1
1076530 410.3
1076540 410.4
1076550 410.4
1076560 410.6
1076570 410.9
1076580 410.9
1076590 411.1
1076600 411.2
1076610 411.2
1076620 411.1
1076630 411.0
1076640 411.0
1076650 410.8
1076660 410.8
1076670 410.8
1076680 410.7
1076690 410.9
1076700 410.9
1076710 410.8
1076720 410.6
1076730 410.6
1076740 411.2
1076750 411.0
1076760 411.0
1076770 410.4
1076780 410.0
1076790 410.2
1076800 410.2
1076810 410.3
1076820 410.3
1076830 410.3
1076840 410.4
1076850 410.3
1076860 410.3
1076870 410.2
1076880 410.0
1076890 410.0
1076900 410.1
1076910 410.4
1076920 410.4
1076930 410.6
1076940 410.8
1076950 410.8
1076960 411.0
1076970 410.7
1076980 410.7
1076990 410.6
1077000 410.8
1077010 410.8
1077020 410.9
1077030 411.3
1077040 411.3
1077050 411.4
1077060 411.7
1077070 411.7
1077080 411.8
1077090 411.8
1077100 411.9
1077110 411.9
1077120 411.9
1077130 411.8
1077140 411.8
1077150 412.2
1077160 412.5
1077170 412.5
1077180 412.7
1077190 412.7
1077200 412.7
1077210 412.9
1077220 413.0
1077230 413.0
1077240 413.1
1077250 413.2
1077260 413.2
1077270 413.1
1077280 413.2
1077290 413.5
1077300 413.8
1077310 413.8
1077320 413.8
1077330 414.0
1077340 414.0
1077350 414.0
1077360 414.1
1077370 414.1
1077380 414.1
1077390 414.4
1077400 414.5
1077410 414.7
1077420 414.7
1077430 415.0
1077440 415.2
1077450 415.2
1077460 415.4
1077470 415.6
1077480 415.6
1077490 415.6
1077500 415.6
1077510 415.6
1077520 416.2
1077530 416.3
1077540 416.3
1077550 416.0
1077560 416.0
1077570 416.0
1077580 416.1
1077590 416.3
1077600 416.4
1077610 416.5
1077620 416.8
1077630 416.8
1077640 417.1
1077650 417.3
1077660 417.3
1077670 417.6
1077680 417.5
1077690 417.5
1077700 417.4
1077710 417.5
1077720 419.2
1077730 419.2
1077740 419.6
1077750 419.5
1077760 419.5
1077770 419.7
1077780 419.8
1077790 419.8
1077800 419.5
1077810 419.2
1077820 419.2
1077830 418.9
1077840 418.8
1077850 418.8
1077860 418.9
1077870 419.1
1077880 419.1
1077890 419.1
1077900 419.1
1077910 419.1
1077920 419.5
1077930 419.8
1077940 419.8
1077950 419.7
1077960 420.1
1077970 420.1
1077980 420.1
1077990 420.0
1078000 420.0
1078010 420.2
1078020 420.1
1078030 420.3
1078040 420.3
1078050 420.7
1078060 421.1
1078070 421.1
1078080 421.5
1078090 421.6
1078100 421.6
1078110 421.3
1078120 421.5
1078130 421.5
1078140 421.7
1078150 422.1
1078160 422.1
1078170 422.4
1078180 422.5
1078190 422.5
1078200 423.0
1078210 423.2
1078220 423.2
1078230 423.7
1078240 423.9
1078250 423.9
1078260 424.1
1078270 424.4
1078280 424.4
1078290 424.8
1078300 426.2
1078310 426.7
1078320 426.7
1078330 426.4
1078340 426.7
1078350 426.7
1078360 427.2
1078370 427.3
1078380 427.3
1078390 427.5
1078400 427.3
1078410 427.3
1078420 427.0
1078430 426.6
1078440 426.6
1078450 426.2
1078460 426.1
1078470 426.1
1078480 426.0
1078490 425.7
1078500 425.7
1078510 425.7
1078520 425.8
1078530 425.8
1078540 425.9
1078550 426.1
1078560 426.1
1078570 426.2
1078580 426.3
1078590 426.3
1078600 426.0
1078610 425.9
1078620 425.9
1078630 425.9
1078640 425.9
1078650 426.1
1078660 426.1
1078670 426.1
1078680 426.1
1078690 426.1
1078700 426.3
1078710 426.0
1078720 426.0
1078730 425.7
1078740 425.2
1078750 425.2
1078760 425.0
1078770 425.0
1078780 425.0
1078790 425.0
1078800 425.2
1078810 425.2
1078820 425.4
1078830 425.6
1078840 425.6
1078850 425.5
1078860 425.7
1078870 425.7
1078880 425.7
1078890 425.8
1078900 425.8
1078910 427.9
1078920 431.0
1078930 433.2
1078940 433.2
1078950 435.4
1078960 437.9
1078970 437.9
1078980 440.9
1078990 444.4
1079000 444.4
1079010 448.8
1079020 453.6
1079030 453.6
1079040 458.3
1079050 461.9
1079060 461.9
1079070 465.7
1079080 470.0
1079090 470.0
1079100 475.2
1079110 480.5
1079120 480.5
1079130 486.9
1079140 493.7
1079150 493.7
1079160 501.3
1079170 512.6
1079180 512.6
1079190 520.0
1079200 527.8
1079210 527.8
1079220 535.7
1079230 542.7
1079240 549.2
1079250 549.2
1079260 559.8
1079270 575.1
1079280 575.1
1079290 591.8
1079300 604.2
1079310 604.2
1079320 614.4
1079330 623.6
1079340 623.6
1079350 632.1
1079360 636.8
1079370 636.8
1079380 640.4
1079390 643.5
1079400 643.5
1079410 645.0
1079420 650.5
1079430 650.5
1079440 654.8
1079450 660.2
1079460 660.2
1079470 667.2
1079480 674.1
1079490 672.9
1079500 675.4
1079510 677.8
1079520 677.8
1079530 680.6
1079540 682.4
1079550 683.0
1079560 683.0
1079570 683.1
1079580 680.0
1079590 680.0
1079600 676.7
1079610 674.6
1079620 674.6
1079630 672.8
1079640 671.1
1079650 671.1
1079660 669.1
1079670 667.6
1079680 667.6
1079690 665.6
1079700 661.9
1079710 661.9
1079720 631.7
1079730 611.9
1079740 611.9
1079750 604.5
1079760 597.3
1079770 597.3
1079780 590.3
1079790 584.6
1079800 584.0
1079810 578.6
1079820 574.2
1079830 574.2
1079840 570.2
1079850 567.6
1079860 565.8
1079870 565.8
1079880 563.9
1079890 563.2
1079900 563.2
1079910 563.3
1079920 563.7
1079930 563.7
1079940 563.7
1079950 562.8
1079960 562.8
1079970 562.5
1079980 563.3
1079990 563.3
