1070350 413.5
1070360 413.5
1070370 413.6
1070380 413.6
1070390 413.7
1070400 413.8
1070410 413.8
1070420 414.6
1070430 415.8
1070440 415.8
1070450 415.3
1070460 414.5
1070470 414.5
1070480 414.7
1070490 414.8
1070500 414.8
1070510 415.1
1070520 415.6
1070530 415.6
1070540 416.6
1070550 417.9
1070560 417.9
1070570 418.6
1070580 418.6
1070590 418.6
1070600 417.3
1070610 416.4
1070620 416.4
1070630 416.2
1070640 416.1
1070650 416.1
1070660 416.0
1070670 415.9
1070680 415.7
1070690 415.7
1070700 415.5
1070710 415.3
1070720 415.3
1070730 415.2
1070740 415.1
1070750 415.1
1070760 414.9
1070770 414.9
1070780 414.9
1070790 414.7
1070800 414.5
1070810 414.5
1070820 414.3
1070830 414.2
1070840 414.2
1070850 414.0
1070860 413.9
1070870 413.9
1070880 414.6
1070890 415.4
1070900 415.4
1070910 414.9
1070920 411.8
1070930 411.8
1070940 409.8
1070950 409.7
1070960 409.7
1070970 409.7
1070980 409.7
1070990 409.7
1071000 409.7
1071010 409.7
1071020 409.7
1071030 409.7
1071040 409.9
1071050 410.8
1071060 410.8
1071070 411.7
1071080 413.9
1071090 413.9
1071100 415.7
1071110 414.7
1071120 414.7
1071130 414.2
1071140 414.3
1071150 414.3
1071160 414.4
1071170 414.7
1071180 414.7
1071190 415.2
1071200 416.6
1071210 416.6
1071220 418.0
1071230 418.1
1071240 418.1
1071250 416.4
1071260 414.7
1071270 414.7
1071280 414.3
1071290 415.0
1071300 415.3
1071310 415.3
1071320 415.3
1071330 415.3
1071340 415.3
1071350 415.3
1071360 415.4
1071370 415.4
1071380 415.5
1071390 415.4
1071400 415.4
1071410 415.5
1071420 415.4
1071430 415.4
1071440 415.3
1071450 415.4
1071460 415.4
1071470 415.4
1071480 415.4
1071490 415.4
1071500 415.5
1071510 416.2
1071520 416.2
1071530 417.3
1071540 417.8
1071550 417.8
1071560 417.0
1071570 415.4
1071580 413.9
1071590 413.9
1071600 412.7
1071610 412.3
1071620 412.3
1071630 412.3
1071640 412.3
1071650 412.3
1071660 412.3
1071670 412.2
1071680 412.2
1071690 412.1
1071700 412.0
1071710 412.0
1071720 412.2
1071730 412.4
1071740 412.4
1071750 412.4
1071760 412.3
1071770 412.3
1071780 412.2
1071790 412.2
1071800 412.2
1071810 412.1
1071820 412.1
1071830 412.1
1071840 412.1
1071850 412.1
1071860 412.1
1071870 412.2
1071880 412.3
1071890 412.5
1071900 412.5
1071910 412.6
1071920 412.5
1071930 412.5
1071940 412.3
1071950 412.2
1071960 412.2
1071970 412.0
1071980 412.0
1071990 412.0
1072000 411.8
1072010 411.8
1072020 411.8
1072030 411.8
1072040 411.8
1072050 411.8
1072060 411.7
1072070 411.6
1072080 411.6
1072090 411.6
1072100 411.6
1072110 411.6
1072120 411.7
1072130 411.7
1072140 411.7
1072150 411.7
1072160 411.7
1072170 411.7
1072180 411.7
1072190 411.6
1072200 411.6
1072210 411.6
1072220 411.6
1072230 411.7
1072240 411.7
1072250 411.6
1072260 411.5
1072270 411.5
1072280 411.3
1072290 411.3
1072300 411.3
1072310 411.5
1072320 411.5
1072330 411.5
1072340 411.4
1072350 411.4
1072360 411.4
1072370 411.6
1072380 411.5
1072390 411.5
1072400 411.6
1072410 411.8
1072420 411.8
1072430 411.8
1072440 412.0
1072450 412.0
1072460 412.0
1072470 412.1
1072480 412.1
1072490 412.0
1072500 411.8
1072510 411.7
1072520 411.7
1072530 411.7
1072540 411.7
1072550 411.7
1072560 412.1
1072570 412.2
1072580 412.2
1072590 412.1
1072600 412.1
1072610 412.1
1072620 411.8
1072630 411.6
1072640 411.4
1072650 411.3
1072660 411.2
1072670 411.2
1072680 411.0
1072690 410.9
1072700 410.9
1072710 410.9
1072720 410.7
1072730 410.7
1072740 410.6
1072750 411.3
1072760 411.3
1072770 412.0
1072780 411.8
1072790 411.8
1072800 411.8
1072810 411.9
1072820 411.8
1072830 411.8
1072840 411.7
1072850 411.7
1072860 411.7
1072870 411.6
1072880 411.5
1072890 411.5
1072900 411.5
1072910 411.7
1072920 411.7
1072930 411.7
1072940 411.4
1072950 411.3
1072960 411.3
1072970 411.3
1072980 411.3
1072990 411.3
1073000 411.2
1073010 411.2
1073020 411.1
1073030 411.1
1073040 411.1
1073050 411.0
1073060 411.0
1073070 411.0
1073080 411.0
1073090 411.0
1073100 411.0
1073110 411.0
1073120 411.0
1073130 411.1
1073140 411.1
1073150 411.0
1073160 411.0
1073170 411.0
1073180 411.1
1073190 411.0
1073200 411.0
1073210 411.0
1073220 411.1
1073230 411.1
1073240 411.1
1073250 411.0
1073260 411.0
1073270 411.0
1073280 411.0
1073290 411.0
1073300 411.0
1073310 410.9
1073320 410.9
1073330 410.9
1073340 410.9
1073350 410.9
1073360 410.8
1073370 410.7
1073380 410.7
1073390 410.7
1073400 410.7
1073410 410.7
1073420 410.4
1073430 410.1
1073440 410.0
1073450 410.0
1073460 409.8
1073470 409.8
1073480 409.8
1073490 409.8
1073500 409.8
1073510 409.8
1073520 409.9
1073530 410.0
1073540 410.0
1073550 410.1
1073560 410.3
1073570 410.7
1073580 410.7
1073590 410.8
1073600 410.8
1073610 410.8
1073620 410.8
1073630 410.8
1073640 410.7
1073650 410.7
1073660 410.7
1073670 410.5
1073680 410.5
1073690 410.5
1073700 410.4
1073710 410.5
1073720 410.6
1073730 410.6
1073740 410.6
1073750 410.5
1073760 410.5
1073770 410.5
1073780 410.6
1073790 410.6
1073800 410.6
1073810 410.5
1073820 410.5
1073830 410.4
1073840 410.7
1073850 410.7
1073860 411.2
1073870 411.2
1073880 411.2
1073890 411.1
1073900 410.5
1073910 410.5
1073920 410.2
1073930 410.1
1073940 410.1
1073950 409.9
1073960 409.8
1073970 409.8
1073980 409.8
1073990 409.8
1074000 409.8
1074010 409.9
1074020 410.0
1074030 410.1
1074040 410.1
1074050 410.2
1074060 410.2
1074070 410.2
1074080 410.2
1074090 410.1
1074100 410.1
1074110 410.2
1074120 410.2
1074130 410.2
1074140 410.3
1074150 410.5
1074160 410.5
1074170 410.5
1074180 410.4
1074190 410.2
1074200 410.3
1074210 410.5
1074220 410.5
1074230 410.4
1074240 410.4
1074250 410.4
1074260 410.3
1074270 410.1
1074280 410.1
1074290 410.0
1074300 409.9
1074310 409.9
1074320 410.0
1074330 410.0
1074340 410.3
1074350 410.3
1074360 411.1
1074370 411.3
1074380 411.3
1074390 410.3
1074400 411.0
1074410 411.0
1074420 411.7
1074430 411.7
1074440 411.7
1074450 411.8
1074460 411.7
1074470 411.7
1074480 411.8
1074490 411.7
1074500 411.0
1074510 410.4
1074520 410.5
1074530 410.5
1074540 410.6
1074550 410.6
1074560 410.6
1074570 410.6
1074580 410.5
1074590 410.5
1074600 410.3
1074610 410.1
1074620 410.1
1074630 410.1
1074640 410.1
1074650 410.2
1074660 410.2
1074670 410.1
1074680 410.2
1074690 410.2
1074700 410.2
1074710 410.2
1074720 410.2
1074730 410.2
1074740 410.2
1074750 410.2
1074760 410.2
1074770 410.2
1074780 410.2
1074790 410.4
1074800 410.5
1074810 410.5
1074820 410.4
1074830 410.4
1074840 410.4
1074850 410.5
1074860 410.6
1074870 410.6
1074880 410.5
1074890 410.3
1074900 410.3
1074910 410.2
1074920 410.1
1074930 410.1
1074940 410.2
1074950 410.3
1074960 410.4
1074970 410.4
1074980 410.5
1074990 410.6
1075000 410.6
1075010 410.5
1075020 410.4
1075030 410.4
1075040 410.5
1075050 410.5
1075060 410.5
1075070 410.4
1075080 410.5
1075090 410.5
1075100 410.6
1075110 410.6
1075120 410.6
1075130 410.6
1075140 410.5
1075150 410.5
1075160 410.2
1075170 410.1
1075180 410.1
1075190 410.1
1075200 410.2
1075210 410.2
1075220 410.3
1075230 410.3
1075240 410.3
1075250 410.1
1075260 410.2
1075270 410.2
1075280 410.2
1075290 410.2
1075300 410.2
1075310 410.2
1075320 410.3
1075330 410.3
1075340 410.3
1075350 410.4
1075360 410.4
1075370 410.4
1075380 410.4
1075390 410.5
1075400 410.5
1075410 410.5
1075420 410.4
1075430 410.4
1075440 410.3
1075450 410.4
1075460 410.4
1075470 410.4
1075480 410.4
1075490 410.4
1075500 410.4
1075510 410.3
1075520 410.3
1075530 410.2
1075540 410.1
1075550 410.1
1075560 410.1
1075570 410.2
1075580 410.1
1075590 410.1
1075600 410.0
1075610 410.2
1075620 410.2
1075630 410.2
1075640 410.2
1075650 410.2
1075660 410.1
1075670 410.2
1075680 410.2
1075690 410.1
1075700 410.0
1075710 410.0
1075720 410.0
1075730 409.9
1075740 409.9
1075750 409.8
1075760 409.8
1075770 409.8
1075780 409.7
1075790 409.8
1075800 409.8
1075810 409.8
1075820 409.9
1075830 409.9
1075840 409.8
1075850 409.8
1075860 409.7
1075870 409.7
1075880 409.7
1075890 409.6
1075900 409.6
1075910 409.7
1075920 410.2
1075930 410.2
1075940 410.1
1075950 409.8
1075960 409.8
1075970 409.8
1075980 409.6
1075990 409.6
1076000 409.7
1076010 409.7
1076020 409.7
1076030 409.9
1076040 410.0
1076050 410.0
1076060 410.2
1076070 409.4
1076080 409.4
1076090 408.9
1076100 409.0
1076110 409.0
1076120 409.4
1076130 409.8
1076140 409.8
1076150 410.1
1076160 410.0
1076170 410.2
1076180 410.2
1076190 410.1
1076200 410.2
1076210 410.2
1076220 410.2
1076230 410.3
1076240 410.3
1076250 410.4
1076260 410.6
1076270 410.6
1076280 410.6
1076290 410.4
1076300 410.4
1076310 410.2
1076320 409.9
1076330 409.9
1076340 409.7
1076350 409.6
1076360 409.6
1076370 409.8
1076380 409.8
1076390 409.8
1076400 409.8
1076410 409.8
1076420 409.8
1076430 410.0
1076440 410.2
1076450 410.2
1076460 410.3
1076470 410.3
1076480 410.1
1076490 410.1
1076500 409.9
1076510 409.9
1076520 409.9
1076530 410.0
1076540 410.0
1076550 410.0
1076560 410.0
1076570 410.3
1076580 410.3
1076590 410.5
1076600 410.5
1076610 410.5
1076620 410.3
1076630 409.9
1076640 409.9
1076650 410.0
1076660 410.0
1076670 410.0
1076680 410.0
1076690 409.9
1076700 409.9
1076710 410.0
1076720 410.2
1076730 410.2
1076740 410.7
1076750 410.6
1076760 410.6
1076770 410.7
1076780 410.9
1076790 410.8
1076800 410.8
1076810 410.6
1076820 410.6
1076830 410.6
1076840 410.7
1076850 410.8
1076860 410.8
1076870 410.9
1076880 411.2
1076890 411.2
1076900 411.4
1076910 411.4
1076920 411.4
1076930 411.9
1076940 412.1
1076950 412.1
1076960 412.3
1076970 412.4
1076980 412.4
1076990 412.6
1077000 412.8
1077010 412.8
1077020 412.7
1077030 413.0
1077040 413.0
1077050 413.4
1077060 413.6
1077070 413.6
1077080 413.6
1077090 413.5
1077100 413.6
1077110 413.6
1077120 413.9
1077130 414.1
1077140 414.1
1077150 414.2
1077160 414.3
1077170 414.3
1077180 414.2
1077190 414.5
1077200 414.5
1077210 414.7
1077220 415.0
1077230 415.0
1077240 415.1
1077250 415.0
1077260 415.0
1077270 415.0
1077280 415.1
1077290 415.1
1077300 415.2
1077310 415.2
1077320 415.2
1077330 415.0
1077340 414.8
1077350 414.8
1077360 414.8
1077370 415.3
1077380 416.0
1077390 416.0
1077400 416.3
1077410 416.4
1077420 416.4
1077430 416.6
1077440 416.7
1077450 416.7
1077460 417.3
1077470 418.4
1077480 418.4
1077490 418.6
1077500 418.6
1077510 418.6
1077520 418.5
1077530 418.4
1077540 418.4
1077550 418.5
1077560 418.5
1077570 418.5
1077580 418.8
1077590 419.0
1077600 419.0
1077610 419.1
1077620 418.5
1077630 418.5
1077640 418.8
1077650 418.9
1077660 418.9
1077670 419.2
1077680 419.6
1077690 420.9
1077700 420.9
1077710 424.3
1077720 423.9
1077730 423.9
1077740 422.4
1077750 421.9
1077760 421.9
1077770 422.2
1077780 422.6
1077790 422.6
1077800 423.0
1077810 423.0
1077820 423.0
1077830 423.2
1077840 423.4
1077850 423.4
1077860 423.5
1077870 423.4
1077880 423.4
1077890 423.4
1077900 423.7
1077910 423.7
1077920 423.9
1077930 423.9
1077940 424.1
1077950 424.2
1077960 424.4
1077970 424.4
1077980 424.4
1077990 424.8
1078000 424.9
1078010 424.9
1078020 425.0
1078030 424.9
1078040 424.9
1078050 425.0
1078060 425.0
1078070 425.0
1078080 425.2
1078090 425.3
1078100 425.3
1078110 425.7
1078120 425.9
1078130 425.9
1078140 425.9
1078150 426.0
1078160 426.0
1078170 426.4
1078180 427.9
1078190 427.9
1078200 429.0
1078210 429.1
1078220 429.1
1078230 429.1
1078240 429.0
1078250 429.2
1078260 428.2
1078270 428.0
1078280 428.0
1078290 429.1
1078300 429.2
1078310 429.4
1078320 429.4
1078330 429.5
1078340 429.7
1078350 429.7
1078360 430.1
1078370 430.5
1078380 430.5
1078390 430.7
1078400 430.9
1078410 430.9
1078420 431.2
1078430 431.8
1078440 431.8
1078450 432.3
1078460 432.9
1078470 432.9
1078480 433.1
1078490 433.3
1078500 433.3
1078510 432.6
1078520 433.2
1078530 433.2
1078540 433.5
1078550 433.6
1078560 433.6
1078570 433.5
1078580 433.3
1078590 433.3
1078600 433.0
1078610 432.9
1078620 433.0
1078630 433.0
1078640 433.0
1078650 432.8
1078660 432.8
1078670 432.7
1078680 432.9
1078690 432.9
1078700 432.7
1078710 433.0
1078720 433.0
1078730 432.0
1078740 432.0
1078750 432.0
1078760 432.6
1078770 434.3
1078780 434.3
1078790 437.7
1078800 444.7
1078810 444.7
1078820 451.2
1078830 457.7
1078840 457.7
1078850 464.3
1078860 469.8
1078870 469.8
1078880 485.3
1078890 497.0
1078900 497.0
1078910 507.6
1078920 513.0
1078930 522.7
1078940 522.7
1078950 529.4
1078960 534.9
1078970 534.9
1078980 543.6
1078990 553.3
1079000 553.3
1079010 564.4
1079020 580.1
1079030 580.1
1079040 599.8
1079050 619.5
1079060 619.5
1079070 643.4
1079080 673.7
1079090 673.7
1079100 678.4
1079110 680.9
1079120 680.9
1079130 681.5
1079140 679.1
1079150 679.1
1079160 677.3
1079170 675.3
1079180 675.3
1079190 681.8
1079200 683.1
1079210 685.2
1079220 685.2
1079230 687.9
1079240 689.5
1079250 689.5
1079260 693.1
1079270 693.7
1079280 693.7
1079290 696.1
1079300 699.1
1079310 699.1
1079320 698.9
1079330 698.8
1079340 698.8
1079350 697.5
1079360 688.8
1079370 688.8
1079380 673.3
1079390 667.0
1079400 667.0
1079410 662.0
1079420 656.4
1079430 656.4
1079440 650.4
1079450 644.9
1079460 644.9
1079470 639.6
1079480 634.4
1079490 634.4
1079500 628.1
1079510 616.6
1079520 610.6
1079530 610.6
1079540 604.7
1079550 599.3
1079560 599.3
1079570 591.2
1079580 583.8
1079590 583.8
1079600 574.8
1079610 569.4
1079620 569.4
1079630 566.3
1079640 565.8
1079650 565.8
1079660 564.7
1079670 559.4
1079680 559.4
1079690 551.9
1079700 545.4
1079710 545.4
1079720 538.4
1079730 530.6
1079740 530.6
1079750 532.4
1079760 542.4
1079770 542.4
1079780 549.4
1079790 553.0
1079800 553.0
1079810 554.8
1079820 556.2
1079830 557.1
1079840 557.1
1079850 558.1
1079860 559.2
1079870 559.2
1079880 560.2
1079890 561.3
1079900 561.3
1079910 562.5
1079920 563.6
1079930 563.6
1079940 564.3
1079950 565.2
1079960 565.2
1079970 565.9
1079980 566.4
1079990 566.4
