1070710 414.2
1070720 414.2
1070730 414.3
1070740 414.5
1070750 414.5
1070760 415.1
1070770 415.0
1070780 415.0
1070790 414.9
1070800 414.8
1070810 414.8
1070820 414.9
1070830 414.9
1070840 414.9
1070850 415.2
1070860 415.2
1070870 415.2
1070880 415.2
1070890 414.7
1070900 414.2
1070910 414.2
1070920 414.4
1070930 416.4
1070940 416.4
1070950 418.1
1070960 417.9
1070970 417.9
1070980 415.7
1070990 415.5
1071000 415.5
1071010 415.3
1071020 415.0
1071030 415.0
1071040 414.8
1071050 414.5
1071060 414.5
1071070 414.3
1071080 414.2
1071090 414.2
1071100 414.1
1071110 413.9
1071120 413.9
1071130 413.8
1071140 413.7
1071150 413.7
1071160 413.4
1071170 413.3
1071180 413.6
1071190 413.6
1071200 414.8
1071210 414.1
1071220 414.1
1071230 411.7
1071240 409.6
1071250 409.6
1071260 409.4
1071270 409.4
1071280 409.4
1071290 409.4
1071300 409.4
1071310 409.4
1071320 409.4
1071330 409.5
1071340 409.5
1071350 409.9
1071360 410.7
1071370 410.7
1071380 412.8
1071390 415.2
1071400 415.2
1071410 415.1
1071420 413.9
1071430 413.9
1071440 413.7
1071450 413.8
1071460 413.8
1071470 413.9
1071480 414.1
1071490 414.3
1071500 414.3
1071510 415.8
1071520 417.2
1071530 417.2
1071540 417.5
1071550 416.7
1071560 416.7
1071570 415.1
1071580 413.1
1071590 413.1
1071600 411.5
1071610 411.7
1071620 411.7
1071630 411.9
1071640 411.9
1071650 411.9
1071660 411.6
1071670 410.5
1071680 410.5
1071690 409.7
1071700 410.0
1071710 410.0
1071720 408.8
1071730 408.0
1071740 408.0
1071750 408.0
1071760 408.0
1071770 408.0
1071780 408.0
1071790 408.0
1071800 408.0
1071810 408.0
1071820 408.0
1071830 408.0
1071840 408.0
1071850 408.0
1071860 408.0
1071870 408.0
1071880 408.0
1071890 408.0
1071900 408.0
1071910 408.0
1071920 408.0
1071930 408.0
1071940 408.0
1071950 408.1
1071960 408.1
1071970 408.1
1071980 408.2
1071990 408.2
1072000 408.2
1072010 408.6
1072020 408.6
1072030 409.8
1072040 412.0
1072050 412.0
1072060 413.6
1072070 414.9
1072080 415.3
1072090 415.3
1072100 415.3
1072110 415.1
1072120 415.1
1072130 415.0
1072140 414.9
1072150 414.9
1072160 414.9
1072170 414.9
1072180 414.9
1072190 414.9
1072200 414.8
1072210 414.8
1072220 414.6
1072230 414.5
1072240 414.5
1072250 414.4
1072260 414.6
1072270 414.6
1072280 415.1
1072290 416.0
1072300 416.0
1072310 416.8
1072320 417.1
1072330 417.1
1072340 416.5
1072350 415.4
1072360 415.4
1072370 414.2
1072380 413.0
1072390 412.4
1072400 412.4
1072410 411.8
1072420 411.5
1072430 411.5
1072440 411.3
1072450 411.4
1072460 411.4
1072470 411.5
1072480 411.7
1072490 411.7
1072500 411.6
1072510 411.4
1072520 411.4
1072530 411.2
1072540 411.2
1072550 411.2
1072560 411.3
1072570 411.2
1072580 411.2
1072590 411.3
1072600 411.3
1072610 411.3
1072620 411.2
1072630 411.1
1072640 411.1
1072650 411.1
1072660 411.1
1072670 411.1
1072680 411.1
1072690 411.0
1072700 411.0
1072710 411.0
1072720 410.9
1072730 411.0
1072740 411.0
1072750 411.0
1072760 410.8
1072770 410.8
1072780 410.9
1072790 410.9
1072800 410.9
1072810 412.1
1072820 411.3
1072830 411.3
1072840 408.4
1072850 408.2
1072860 408.2
1072870 408.2
1072880 408.2
1072890 408.2
1072900 408.2
1072910 408.3
1072920 408.3
1072930 408.4
1072940 409.2
1072950 409.2
1072960 410.7
1072970 413.8
1072980 413.8
1072990 415.0
1073000 415.1
1073010 415.0
1073020 415.0
1073030 414.9
1073040 414.9
1073050 414.9
1073060 414.9
1073070 415.1
1073080 415.1
1073090 415.1
1073100 415.1
1073110 415.1
1073120 414.9
1073130 414.6
1073140 414.6
1073150 414.3
1073160 414.0
1073170 414.0
1073180 413.9
1073190 414.1
1073200 414.1
1073210 414.2
1073220 413.8
1073230 413.8
1073240 412.2
1073250 409.7
1073260 409.7
1073270 408.4
1073280 408.2
1073290 408.2
1073300 408.2
1073310 408.2
1073320 408.2
1073330 408.2
1073340 408.2
1073350 408.2
1073360 408.2
1073370 408.2
1073380 408.2
1073390 408.2
1073400 408.7
1073410 409.3
1073420 409.3
1073430 409.7
1073440 413.8
1073450 413.8
1073460 412.3
1073470 411.7
1073480 411.7
1073490 411.7
1073500 411.7
1073510 411.7
1073520 411.7
1073530 411.7
1073540 411.7
1073550 411.7
1073560 411.7
1073570 411.7
1073580 411.5
1073590 411.6
1073600 411.6
1073610 411.7
1073620 411.7
1073630 411.8
1073640 411.8
1073650 411.8
1073660 411.6
1073670 411.6
1073680 411.7
1073690 411.8
1073700 411.8
1073710 411.8
1073720 412.1
1073730 412.1
1073740 412.2
1073750 413.1
1073760 413.1
1073770 413.1
1073780 412.3
1073790 412.3
1073800 410.9
1073810 410.9
1073820 410.9
1073830 410.6
1073840 410.5
1073850 410.5
1073860 410.6
1073870 410.6
1073880 410.6
1073890 410.7
1073900 410.7
1073910 410.6
1073920 410.6
1073930 410.6
1073940 410.6
1073950 410.6
1073960 410.6
1073970 410.6
1073980 410.6
1073990 410.6
1074000 410.5
1074010 410.5
1074020 410.5
1074030 410.6
1074040 410.6
1074050 410.5
1074060 410.5
1074070 410.5
1074080 410.5
1074090 410.5
1074100 410.5
1074110 410.5
1074120 410.5
1074130 410.5
1074140 410.5
1074150 410.5
1074160 410.5
1074170 410.4
1074180 410.4
1074190 410.4
1074200 410.4
1074210 410.4
1074220 410.4
1074230 410.4
1074240 410.4
1074250 410.4
1074260 410.4
1074270 410.4
1074280 410.2
1074290 410.2
1074300 409.8
1074310 409.8
1074320 409.8
1074330 409.8
1074340 409.8
1074350 409.8
1074360 409.9
1074370 409.9
1074380 409.9
1074390 410.3
1074400 410.4
1074410 410.4
1074420 410.4
1074430 410.4
1074440 410.4
1074450 410.4
1074460 410.5
1074470 410.5
1074480 410.6
1074490 410.7
1074500 410.7
1074510 410.6
1074520 410.6
1074530 410.5
1074540 410.5
1074550 410.5
1074560 410.6
1074570 410.6
1074580 410.6
1074590 410.6
1074600 410.6
1074610 410.6
1074620 410.8
1074630 410.8
1074640 410.7
1074650 410.7
1074660 410.7
1074670 410.9
1074680 411.0
1074690 411.0
1074700 410.9
1074710 410.9
1074720 410.9
1074730 410.9
1074740 410.9
1074750 410.9
1074760 410.9
1074770 411.0
1074780 411.0
1074790 410.9
1074800 410.8
1074810 410.8
1074820 410.8
1074830 410.9
1074840 411.6
1074850 411.6
1074860 412.8
1074870 413.0
1074880 413.0
1074890 413.1
1074900 413.0
1074910 413.0
1074920 413.1
1074930 413.2
1074940 413.2
1074950 412.9
1074960 412.5
1074970 412.5
1074980 412.4
1074990 412.4
1075000 412.4
1075010 412.1
1075020 412.0
1075030 412.0
1075040 412.0
1075050 411.1
1075060 411.1
1075070 410.8
1075080 411.3
1075090 411.3
1075100 411.5
1075110 411.4
1075120 411.4
1075130 411.3
1075140 411.2
1075150 411.2
1075160 411.2
1075170 411.4
1075180 411.5
1075190 411.5
1075200 411.3
1075210 411.2
1075220 411.2
1075230 411.0
1075240 410.6
1075250 410.6
1075260 410.1
1075270 409.6
1075280 409.6
1075290 409.1
1075300 409.0
1075310 409.0
1075320 410.8
1075330 410.8
1075340 410.8
1075350 411.1
1075360 411.3
1075370 411.3
1075380 411.4
1075390 411.3
1075400 411.3
1075410 411.2
1075420 411.2
1075430 411.2
1075440 411.2
1075450 411.2
1075460 411.3
1075470 411.3
1075480 411.3
1075490 411.2
1075500 411.2
1075510 411.4
1075520 411.2
1075530 411.2
1075540 411.2
1075550 411.5
1075560 411.5
1075570 411.4
1075580 411.0
1075590 411.0
1075600 410.9
1075610 410.9
1075620 410.9
1075630 410.6
1075640 410.5
1075650 410.5
1075660 410.4
1075670 410.4
1075680 410.4
1075690 411.4
1075700 413.1
1075710 413.1
1075720 411.6
1075730 411.0
1075740 411.0
1075750 410.8
1075760 410.5
1075770 410.5
1075780 410.5
1075790 410.6
1075800 410.6
1075810 410.6
1075820 410.7
1075830 410.7
1075840 410.7
1075850 410.8
1075860 410.6
1075870 410.6
1075880 410.6
1075890 410.6
1075900 410.6
1075910 410.7
1075920 410.7
1075930 410.7
1075940 410.8
1075950 410.8
1075960 410.8
1075970 410.8
1075980 411.0
1075990 411.0
1076000 411.2
1076010 411.1
1076020 411.1
1076030 410.4
1076040 410.2
1076050 410.2
1076060 410.2
1076070 410.3
1076080 410.3
1076090 410.3
1076100 410.3
1076110 410.2
1076120 410.2
1076130 409.9
1076140 409.7
1076150 409.7
1076160 409.7
1076170 409.7
1076180 409.7
1076190 409.7
1076200 409.8
1076210 409.8
1076220 409.6
1076230 409.7
1076240 409.7
1076250 409.9
1076260 409.9
1076270 409.9
1076280 409.9
1076290 409.8
1076300 409.8
1076310 410.0
1076320 409.9
1076330 409.9
1076340 409.9
1076350 410.0
1076360 409.7
1076370 409.7
1076380 409.4
1076390 409.4
1076400 409.4
1076410 409.5
1076420 409.6
1076430 409.6
1076440 409.5
1076450 409.5
1076460 409.5
1076470 408.9
1076480 409.4
1076490 409.4
1076500 410.0
1076510 410.0
1076520 410.0
1076530 410.3
1076540 410.3
1076550 410.3
1076560 410.3
1076570 410.6
1076580 410.6
1076590 410.8
1076600 410.9
1076610 410.9
1076620 411.4
1076630 411.4
1076640 411.4
1076650 410.9
1076660 410.3
1076670 410.5
1076680 410.5
1076690 411.2
1076700 411.6
1076710 411.6
1076720 410.6
1076730 410.2
1076740 410.2
1076750 410.3
1076760 410.0
1076770 410.0
1076780 409.8
1076790 409.8
1076800 409.8
1076810 409.9
1076820 409.8
1076830 409.8
1076840 410.0
1076850 409.9
1076860 409.9
1076870 410.0
1076880 410.0
1076890 410.0
1076900 410.2
1076910 410.3
1076920 410.3
1076930 410.4
1076940 410.5
1076950 410.5
1076960 410.7
1076970 410.5
1076980 410.6
1076990 410.6
1077000 410.6
1077010 410.7
1077020 410.7
1077030 410.9
1077040 411.0
1077050 411.0
1077060 411.1
1077070 411.2
1077080 411.2
1077090 411.8
1077100 412.5
1077110 412.5
1077120 412.4
1077130 412.3
1077140 412.3
1077150 412.3
1077160 411.9
1077170 411.9
1077180 412.2
1077190 412.4
1077200 412.5
1077210 412.7
1077220 412.9
1077230 412.9
1077240 413.6
1077250 413.3
1077260 413.3
1077270 413.2
1077280 413.1
1077290 413.2
1077300 413.2
1077310 413.5
1077320 413.6
1077330 413.6
1077340 413.8
1077350 413.9
1077360 413.9
1077370 414.1
1077380 414.2
1077390 414.2
1077400 414.3
1077410 414.6
1077420 414.6
1077430 414.6
1077440 414.5
1077450 414.5
1077460 414.9
1077470 415.2
1077480 415.2
1077490 415.1
1077500 415.0
1077510 415.4
1077520 415.4
1077530 415.4
1077540 415.4
1077550 415.7
1077560 416.1
1077570 416.1
1077580 416.1
1077590 416.0
1077600 416.1
1077610 416.1
1077620 416.4
1077630 416.4
1077640 416.4
1077650 416.6
1077660 416.8
1077670 416.8
1077680 416.8
1077690 416.4
1077700 416.4
1077710 416.6
1077720 416.9
1077730 416.9
1077740 416.9
1077750 418.3
1077760 418.3
1077770 419.4
1077780 419.6
1077790 419.6
1077800 419.5
1077810 420.2
1077820 419.9
1077830 419.6
1077840 419.2
1077850 419.2
1077860 418.7
1077870 418.6
1077880 418.6
1077890 418.7
1077900 418.9
1077910 419.1
1077920 419.1
1077930 419.1
1077940 419.0
1077950 419.0
1077960 419.1
1077970 419.3
1077980 419.3
1077990 419.4
1078000 419.4
1078010 419.4
1078020 419.5
1078030 419.7
1078040 419.7
1078050 419.9
1078060 420.2
1078070 420.2
1078080 420.3
1078090 420.7
1078100 420.7
1078110 421.2
1078120 421.5
1078130 421.5
1078140 421.7
1078150 421.9
1078160 421.9
1078170 421.9
1078180 422.2
1078190 422.2
1078200 422.7
1078210 423.6
1078220 424.2
1078230 424.2
1078240 424.2
1078250 424.5
1078260 424.5
1078270 425.0
1078280 425.2
1078290 425.2
1078300 425.2
1078310 425.7
1078320 425.7
1078330 426.4
1078340 426.7
1078350 426.7
1078360 426.5
1078370 426.5
1078380 426.5
1078390 425.8
1078400 426.1
1078410 426.1
1078420 426.1
1078430 425.8
1078440 425.8
1078450 426.0
1078460 425.6
1078470 425.6
1078480 425.4
1078490 425.2
1078500 425.5
1078510 425.5
1078520 425.3
1078530 425.2
1078540 425.2
1078550 425.2
1078560 425.0
1078570 425.0
1078580 425.0
1078590 425.1
1078600 425.1
1078610 424.9
1078620 425.1
1078630 425.1
1078640 425.1
1078650 425.0
1078660 425.0
1078670 424.9
1078680 424.7
1078690 424.7
1078700 424.5
1078710 424.6
1078720 424.6
1078730 424.5
1078740 424.3
1078750 424.3
1078760 424.0
1078770 424.4
1078780 424.4
1078790 424.6
1078800 424.5
1078810 424.5
1078820 424.5
1078830 424.7
1078840 424.7
1078850 424.7
1078860 424.8
1078870 424.8
1078880 424.8
1078890 424.8
1078900 424.8
1078910 424.8
1078920 424.8
1078930 425.0
1078940 425.0
1078950 426.4
1078960 427.7
1078970 427.7
1078980 429.6
1078990 433.1
1079000 433.1
1079010 436.0
1079020 439.7
1079030 439.7
1079040 442.2
1079050 445.0
1079060 445.0
1079070 450.0
1079080 460.1
1079090 460.1
1079100 465.6
1079110 472.1
1079120 479.2
1079130 479.2
1079140 486.6
1079150 495.0
1079160 495.0
1079170 502.4
1079180 507.9
1079190 507.9
1079200 513.3
1079210 517.5
1079220 517.5
1079230 519.7
1079240 526.1
1079250 526.1
1079260 546.8
1079270 567.8
1079280 567.8
1079290 583.8
1079300 597.0
1079310 597.0
1079320 607.8
1079330 618.6
1079340 618.6
1079350 628.1
1079360 635.5
1079370 635.5
1079380 639.4
1079390 643.2
1079400 643.7
1079410 647.9
1079420 654.5
1079430 660.1
1079440 660.1
1079450 663.6
1079460 670.2
1079470 670.2
1079480 676.2
1079490 680.7
1079500 680.7
1079510 685.1
1079520 689.0
1079530 689.0
1079540 692.1
1079550 694.1
1079560 694.1
1079570 695.5
1079580 695.9
1079590 695.9
1079600 694.3
1079610 691.6
1079620 691.6
1079630 687.5
1079640 684.6
1079650 684.6
1079660 682.0
1079670 678.4
1079680 678.4
1079690 665.9
1079700 635.9
1079710 648.3
1079720 621.8
1079730 613.9
1079740 606.2
1079750 606.2
1079760 598.8
1079770 592.0
1079780 592.0
1079790 586.1
1079800 581.7
1079810 581.7
1079820 578.0
1079830 575.5
1079840 575.5
1079850 571.2
1079860 566.5
1079870 566.5
1079880 564.2
1079890 564.0
1079900 564.0
1079910 564.4
1079920 564.8
1079930 564.8
1079940 565.3
1079950 566.2
1079960 566.2
1079970 567.4
1079980 568.6
1079990 568.6
