1070630 414.2
1070640 414.2
1070650 414.3
1070660 414.5
1070670 415.3
1070680 415.3
1070690 415.6
1070700 415.0
1070710 415.0
1070720 414.8
1070730 415.0
1070740 415.0
1070750 415.0
1070760 415.1
1070770 415.1
1070780 415.2
1070790 415.0
1070800 415.0
1070810 414.7
1070820 414.9
1070830 416.6
1070840 416.6
1070850 418.4
1070860 418.1
1070870 418.1
1070880 416.5
1070890 416.1
1070900 416.1
1070910 416.0
1070920 415.7
1070930 415.7
1070940 415.4
1070950 415.1
1070960 414.9
1070970 414.7
1070980 414.6
1070990 414.6
1071000 414.5
1071010 414.3
1071020 414.3
1071030 414.2
1071040 414.1
1071050 414.1
1071060 413.9
1071070 413.8
1071080 413.8
1071090 413.6
1071100 413.8
1071110 413.8
1071120 414.8
1071130 415.1
1071140 413.6
1071150 413.6
1071160 410.2
1071170 409.5
1071180 409.5
1071190 409.5
1071200 409.5
1071210 409.5
1071220 409.5
1071230 409.5
1071240 409.5
1071250 409.5
1071260 409.5
1071270 409.9
1071280 410.9
1071290 412.3
1071300 412.3
1071310 414.9
1071320 415.6
1071330 415.6
1071340 414.4
1071350 413.9
1071360 413.9
1071370 413.9
1071380 414.0
1071390 414.0
1071400 414.1
1071410 414.4
1071420 414.4
1071430 415.5
1071440 417.1
1071450 417.8
1071460 417.8
1071470 416.7
1071480 414.7
1071490 414.7
1071500 413.0
1071510 412.5
1071520 412.5
1071530 412.7
1071540 412.7
1071550 412.7
1071560 412.6
1071570 411.2
1071580 408.3
1071590 408.0
1071600 408.0
1071610 408.0
1071620 408.0
1071630 408.2
1071640 408.2
1071650 408.3
1071660 408.0
1071670 408.0
1071680 408.0
1071690 408.1
1071700 408.1
1071710 408.0
1071720 408.0
1071730 408.0
1071740 408.0
1071750 408.1
1071760 408.5
1071770 408.5
1071780 408.8
1071790 409.4
1071800 409.4
1071810 411.1
1071820 413.8
1071830 413.8
1071840 414.7
1071850 415.1
1071860 415.1
1071870 415.1
1071880 415.1
1071890 415.0
1071900 415.0
1071910 415.1
1071920 415.1
1071930 415.1
1071940 415.1
1071950 415.1
1071960 415.0
1071970 414.9
1071980 414.9
1071990 415.0
1072000 415.0
1072010 415.0
1072020 415.0
1072030 415.0
1072040 414.9
1072050 414.9
1072060 414.8
1072070 414.9
1072080 414.9
1072090 415.4
1072100 416.1
1072110 416.1
1072120 416.8
1072130 417.1
1072140 417.1
1072150 416.9
1072160 416.3
1072170 416.3
1072180 415.0
1072190 413.4
1072200 411.6
1072210 411.6
1072220 411.6
1072230 411.6
1072240 411.6
1072250 411.5
1072260 411.5
1072270 411.2
1072280 411.1
1072290 411.1
1072300 411.2
1072310 411.5
1072320 411.5
1072330 411.7
1072340 411.8
1072350 411.8
1072360 411.8
1072370 411.7
1072380 411.6
1072390 411.6
1072400 411.5
1072410 411.4
1072420 411.4
1072430 411.4
1072440 411.3
1072450 411.3
1072460 411.3
1072470 411.4
1072480 411.4
1072490 411.4
1072500 411.4
1072510 411.4
1072520 411.4
1072530 411.4
1072540 411.4
1072550 411.4
1072560 411.4
1072570 411.4
1072580 411.3
1072590 411.4
1072600 411.4
1072610 411.3
1072620 411.3
1072630 411.3
1072640 411.2
1072650 411.2
1072660 411.1
1072670 411.1
1072680 411.0
1072690 410.9
1072700 410.9
1072710 410.9
1072720 410.9
1072730 410.9
1072740 410.8
1072750 410.8
1072760 410.8
1072770 410.7
1072780 410.6
1072790 410.6
1072800 410.6
1072810 410.5
1072820 410.5
1072830 410.5
1072840 411.7
1072850 411.7
1072860 411.3
1072870 411.9
1072880 411.9
1072890 412.5
1072900 411.5
1072910 411.5
1072920 411.9
1072930 412.4
1072940 412.4
1072950 413.0
1072960 413.5
1072970 413.6
1072980 413.6
1072990 413.7
1073000 413.8
1073010 413.8
1073020 413.8
1073030 413.9
1073040 413.9
1073050 413.9
1073060 413.9
1073070 413.9
1073080 413.9
1073090 413.9
1073100 413.9
1073110 413.9
1073120 413.6
1073130 413.6
1073140 413.6
1073150 413.6
1073160 413.6
1073170 413.5
1073180 412.7
1073190 412.7
1073200 411.9
1073210 411.0
1073220 411.0
1073230 410.1
1073240 409.8
1073250 409.8
1073260 409.2
1073270 408.3
1073280 408.2
1073290 408.2
1073300 408.2
1073310 408.2
1073320 408.2
1073330 408.4
1073340 408.5
1073350 408.5
1073360 408.3
1073370 408.6
1073380 408.6
1073390 409.1
1073400 409.2
1073410 409.2
1073420 409.2
1073430 410.5
1073440 410.5
1073450 412.9
1073460 411.4
1073470 411.4
1073480 411.5
1073490 411.8
1073500 411.8
1073510 411.8
1073520 411.7
1073530 411.7
1073540 411.7
1073550 411.7
1073560 411.7
1073570 411.7
1073580 411.7
1073590 411.6
1073600 411.6
1073610 411.6
1073620 411.6
1073630 411.6
1073640 411.5
1073650 411.6
1073660 411.6
1073670 411.7
1073680 411.7
1073690 411.7
1073700 411.8
1073710 411.8
1073720 411.8
1073730 411.7
1073740 411.7
1073750 411.7
1073760 411.9
1073770 412.1
1073780 412.1
1073790 412.4
1073800 411.9
1073810 411.9
1073820 410.8
1073830 410.6
1073840 410.6
1073850 410.4
1073860 410.5
1073870 410.4
1073880 410.4
1073890 410.3
1073900 410.5
1073910 410.5
1073920 410.5
1073930 410.6
1073940 410.6
1073950 410.6
1073960 410.6
1073970 410.6
1073980 410.6
1073990 410.6
1074000 410.6
1074010 410.5
1074020 410.4
1074030 410.4
1074040 410.4
1074050 410.3
1074060 410.4
1074070 410.3
1074080 410.1
1074090 410.1
1074100 410.1
1074110 410.2
1074120 410.2
1074130 410.2
1074140 410.2
1074150 410.2
1074160 410.2
1074170 410.1
1074180 410.1
1074190 410.1
1074200 410.2
1074210 410.3
1074220 410.3
1074230 410.3
1074240 410.2
1074250 410.2
1074260 410.2
1074270 410.1
1074280 410.1
1074290 410.1
1074300 410.1
1074310 410.1
1074320 410.2
1074330 410.3
1074340 410.3
1074350 410.3
1074360 410.3
1074370 410.3
1074380 410.4
1074390 410.4
1074400 410.4
1074410 410.4
1074420 410.4
1074430 410.4
1074440 410.5
1074450 410.6
1074460 410.6
1074470 410.6
1074480 410.6
1074490 410.5
1074500 410.5
1074510 410.5
1074520 410.6
1074530 410.6
1074540 410.5
1074550 410.6
1074560 410.6
1074570 410.7
1074580 410.6
1074590 410.6
1074600 410.6
1074610 410.7
1074620 410.7
1074630 410.7
1074640 410.6
1074650 410.6
1074660 410.6
1074670 410.5
1074680 409.4
1074690 409.1
1074700 409.3
1074710 409.3
1074720 409.4
1074730 409.4
1074740 409.4
1074750 409.9
1074760 410.5
1074770 410.5
1074780 410.6
1074790 411.2
1074800 411.9
1074810 411.9
1074820 410.7
1074830 410.5
1074840 410.5
1074850 410.9
1074860 411.1
1074870 411.1
1074880 411.0
1074890 410.9
1074900 410.9
1074910 411.0
1074920 411.1
1074930 411.1
1074940 411.0
1074950 410.9
1074960 410.9
1074970 411.0
1074980 411.0
1074990 410.7
1075000 410.5
1075010 410.2
1075020 410.2
1075030 410.3
1075040 410.4
1075050 410.4
1075060 410.5
1075070 410.5
1075080 410.5
1075090 410.6
1075100 410.4
1075110 409.9
1075120 409.9
1075130 409.4
1075140 409.3
1075150 409.3
1075160 409.2
1075170 409.3
1075180 409.3
1075190 409.4
1075200 409.3
1075210 409.3
1075220 409.3
1075230 409.3
1075240 409.3
1075250 409.4
1075260 409.6
1075270 409.6
1075280 409.7
1075290 409.8
1075300 409.6
1075310 409.7
1075320 409.9
1075330 409.9
1075340 410.0
1075350 410.0
1075360 410.0
1075370 410.1
1075380 410.0
1075390 410.0
1075400 410.0
1075410 409.9
1075420 409.8
1075430 409.8
1075440 409.9
1075450 410.4
1075460 410.4
1075470 410.5
1075480 410.5
1075490 410.5
1075500 410.5
1075510 410.6
1075520 410.6
1075530 411.0
1075540 411.0
1075550 411.0
1075560 411.0
1075570 410.9
1075580 410.9
1075590 410.9
1075600 410.9
1075610 410.8
1075620 410.7
1075630 410.7
1075640 410.7
1075650 410.5
1075660 410.5
1075670 410.5
1075680 410.6
1075690 410.7
1075700 410.7
1075710 410.7
1075720 410.5
1075730 410.5
1075740 410.5
1075750 410.5
1075760 410.4
1075770 410.4
1075780 410.3
1075790 410.3
1075800 410.3
1075810 410.3
1075820 410.6
1075830 410.6
1075840 410.7
1075850 410.7
1075860 410.7
1075870 410.6
1075880 410.4
1075890 410.4
1075900 410.3
1075910 410.4
1075920 410.6
1075930 410.6
1075940 410.6
1075950 410.6
1075960 410.7
1075970 410.2
1075980 410.2
1075990 410.0
1076000 409.9
1076010 410.0
1076020 410.0
1076030 410.1
1076040 410.3
1076050 410.3
1076060 410.4
1076070 410.3
1076080 410.3
1076090 410.7
1076100 410.3
1076110 410.3
1076120 409.9
1076130 409.7
1076140 409.7
1076150 409.6
1076160 409.7
1076170 409.7
1076180 409.7
1076190 409.6
1076200 409.6
1076210 409.8
1076220 409.8
1076230 409.8
1076240 409.7
1076250 409.9
1076260 409.9
1076270 410.2
1076280 410.0
1076290 410.0
1076300 409.9
1076310 410.3
1076320 410.2
1076330 410.2
1076340 410.4
1076350 410.7
1076360 410.7
1076370 409.4
1076380 408.8
1076390 408.8
1076400 409.8
1076410 410.1
1076420 410.1
1076430 410.4
1076440 410.5
1076450 410.5
1076460 410.7
1076470 410.6
1076480 410.6
1076490 410.4
1076500 410.3
1076510 410.3
1076520 410.5
1076530 410.5
1076540 410.5
1076550 410.9
1076560 410.8
1076570 410.8
1076580 410.8
1076590 410.7
1076600 410.7
1076610 410.2
1076620 410.1
1076630 410.1
1076640 410.1
1076650 410.2
1076660 410.5
1076670 410.5
1076680 410.8
1076690 411.1
1076700 411.1
1076710 410.9
1076720 410.5
1076730 410.5
1076740 410.6
1076750 410.8
1076760 410.8
1076770 410.9
1076780 410.8
1076790 410.8
1076800 410.7
1076810 410.8
1076820 410.8
1076830 410.7
1076840 410.5
1076850 410.5
1076860 410.5
1076870 410.5
1076880 410.5
1076890 410.5
1076900 410.5
1076910 410.5
1076920 410.6
1076930 410.6
1076940 410.7
1076950 410.7
1076960 410.9
1076970 411.3
1076980 411.3
1076990 411.2
1077000 411.2
1077010 411.2
1077020 411.3
1077030 411.4
1077040 411.4
1077050 411.5
1077060 411.5
1077070 411.5
1077080 411.7
1077090 411.7
1077100 411.7
1077110 411.6
1077120 412.1
1077130 412.1
1077140 412.4
1077150 412.5
1077160 412.5
1077170 412.8
1077180 413.0
1077190 413.0
1077200 413.1
1077210 413.2
1077220 413.2
1077230 413.2
1077240 413.1
1077250 413.4
1077260 413.4
1077270 413.7
1077280 413.9
1077290 413.9
1077300 414.0
1077310 414.1
1077320 414.1
1077330 414.2
1077340 414.7
1077350 414.7
1077360 414.8
1077370 414.7
1077380 414.7
1077390 414.8
1077400 414.9
1077410 414.9
1077420 414.9
1077430 415.1
1077440 415.1
1077450 415.3
1077460 415.6
1077470 415.6
1077480 415.9
1077490 416.0
1077500 416.0
1077510 416.3
1077520 416.5
1077530 416.5
1077540 416.7
1077550 417.0
1077560 417.1
1077570 417.1
1077580 417.1
1077590 417.4
1077600 417.4
1077610 417.5
1077620 417.4
1077630 417.4
1077640 417.7
1077650 417.8
1077660 417.8
1077670 417.8
1077680 419.0
1077690 419.0
1077700 419.6
1077710 419.5
1077720 419.5
1077730 419.4
1077740 419.3
1077750 419.3
1077760 419.3
1077770 419.3
1077780 419.3
1077790 419.1
1077800 419.0
1077810 419.0
1077820 419.2
1077830 419.4
1077840 419.4
1077850 419.4
1077860 419.2
1077870 419.3
1077880 419.3
1077890 419.6
1077900 419.7
1077910 419.7
1077920 420.1
1077930 420.7
1077940 420.7
1077950 420.8
1077960 420.6
1077970 420.6
1077980 420.6
1077990 420.7
1078000 420.7
1078010 421.0
1078020 421.0
1078030 421.0
1078040 420.8
1078050 421.3
1078060 421.3
1078070 421.7
1078080 421.9
1078090 421.9
1078100 422.0
1078110 422.3
1078120 422.3
1078130 422.4
1078140 422.5
1078150 422.7
1078160 422.7
1078170 423.0
1078180 423.5
1078190 423.5
1078200 423.8
1078210 424.0
1078220 424.0
1078230 424.1
1078240 424.4
1078250 424.4
1078260 424.9
1078270 426.5
1078280 426.5
1078290 426.8
1078300 427.3
1078310 427.3
1078320 427.9
1078330 428.1
1078340 428.1
1078350 428.0
1078360 427.8
1078370 427.8
1078380 427.5
1078390 428.2
1078400 428.2
1078410 428.1
1078420 427.9
1078430 428.2
1078440 427.9
1078450 427.7
1078460 427.5
1078470 427.5
1078480 427.3
1078490 427.1
1078500 427.1
1078510 427.0
1078520 426.9
1078530 426.9
1078540 427.0
1078550 427.1
1078560 427.1
1078570 426.9
1078580 426.9
1078590 426.9
1078600 427.0
1078610 427.0
1078620 427.0
1078630 426.8
1078640 427.0
1078650 427.0
1078660 427.2
1078670 427.0
1078680 427.0
1078690 426.8
1078700 426.8
1078710 426.8
1078720 426.7
1078730 426.0
1078740 426.4
1078750 426.1
1078760 426.1
1078770 426.3
1078780 426.3
1078790 426.4
1078800 426.5
1078810 426.5
1078820 426.6
1078830 426.5
1078840 426.5
1078850 426.4
1078860 426.4
1078870 426.4
1078880 427.8
1078890 432.8
1078900 432.8
1078910 440.1
1078920 446.9
1078930 446.9
1078940 452.2
1078950 455.3
1078960 455.3
1078970 457.8
1078980 460.5
1078990 460.5
1079000 463.2
1079010 466.2
1079020 466.2
1079030 469.0
1079040 472.2
1079050 472.2
1079060 482.5
1079070 486.8
1079080 490.9
1079090 490.9
1079100 494.5
1079110 499.4
1079120 499.4
1079130 504.3
1079140 510.2
1079150 510.2
1079160 517.1
1079170 523.8
1079180 523.8
1079190 530.3
1079200 537.8
1079210 537.8
1079220 545.5
1079230 553.0
1079240 553.0
1079250 561.1
1079260 572.7
1079270 572.7
1079280 587.1
1079290 601.4
1079300 601.4
1079310 612.2
1079320 621.2
1079330 621.2
1079340 630.0
1079350 636.2
1079360 636.2
1079370 639.6
1079380 641.3
1079390 644.5
1079400 644.5
1079410 649.6
1079420 655.0
1079430 655.0
1079440 660.4
1079450 663.4
1079460 663.4
1079470 665.0
1079480 666.2
1079490 666.2
1079500 668.1
1079510 669.7
1079520 669.7
1079530 671.4
1079540 672.3
1079550 672.3
1079560 668.2
1079570 665.1
1079580 665.1
1079590 662.0
1079600 659.4
1079610 659.4
1079620 657.6
1079630 657.0
1079640 657.0
1079650 655.9
1079660 654.0
1079670 654.0
1079680 651.8
1079690 646.5
1079700 645.2
1079710 645.2
1079720 639.0
1079730 626.7
1079740 626.7
1079750 605.1
1079760 596.4
1079770 596.4
1079780 589.3
1079790 583.0
1079800 583.0
1079810 576.8
1079820 571.5
1079830 571.5
1079840 568.5
1079850 565.1
1079860 565.1
1079870 561.8
1079880 559.1
1079890 559.1
1079900 555.3
1079910 554.9
1079920 554.9
1079930 555.4
1079940 556.0
1079950 556.0
1079960 559.6
1079970 562.1
1079980 563.5
1079990 563.5
