1070060 410.0
1070070 410.0
1070080 410.0
1070090 410.9
1070100 410.9
1070110 412.4
1070120 413.4
1070130 413.4
1070140 413.5
1070150 413.5
1070160 413.5
1070170 413.7
1070180 414.8
1070190 414.9
1070200 414.9
1070210 414.3
1070220 414.4
1070230 414.4
1070240 414.6
1070250 414.9
1070260 414.9
1070270 415.0
1070280 415.6
1070290 415.6
1070300 417.5
1070310 419.0
1070320 419.0
1070330 418.6
1070340 417.0
1070350 417.0
1070360 416.4
1070370 416.3
1070380 416.3
1070390 416.3
1070400 416.2
1070410 416.2
1070420 416.1
1070430 416.0
1070440 416.0
1070450 415.9
1070460 415.8
1070470 415.8
1070480 415.7
1070490 415.6
1070500 415.5
1070510 415.4
1070520 415.3
1070530 415.3
1070540 415.3
1070550 415.2
1070560 415.1
1070570 415.1
1070580 415.0
1070590 414.8
1070600 414.8
1070610 414.7
1070620 414.5
1070630 414.5
1070640 414.2
1070650 414.5
1070660 414.5
1070670 415.5
1070680 415.6
1070690 415.6
1070700 413.3
1070710 410.2
1070720 410.2
1070730 409.9
1070740 409.9
1070750 409.9
1070760 409.9
1070770 409.9
1070780 409.9
1070790 409.9
1070800 409.9
1070810 409.9
1070820 410.4
1070830 411.5
1070840 413.0
1070850 413.0
1070860 415.6
1070870 416.3
1070880 416.3
1070890 415.1
1070900 414.7
1070910 414.7
1070920 414.7
1070930 414.8
1070940 414.8
1070950 414.9
1070960 415.2
1070970 415.2
1070980 416.3
1070990 418.1
1071000 418.1
1071010 418.5
1071020 417.7
1071030 417.7
1071040 415.8
1071050 417.3
1071060 417.3
1071070 418.2
1071080 416.7
1071090 416.7
1071100 414.8
1071110 413.5
1071120 412.4
1071130 412.3
1071140 412.2
1071150 412.2
1071160 412.2
1071170 412.1
1071180 412.1
1071190 412.1
1071200 412.1
1071210 412.0
1071220 412.0
1071230 411.9
1071240 411.8
1071250 411.8
1071260 411.8
1071270 411.9
1071280 411.9
1071290 412.1
1071300 412.1
1071310 412.1
1071320 412.2
1071330 412.2
1071340 412.2
1071350 412.4
1071360 412.5
1071370 412.5
1071380 412.4
1071390 412.4
1071400 412.4
1071410 412.4
1071420 412.4
1071430 412.5
1071440 412.5
1071450 412.5
1071460 412.4
1071470 412.4
1071480 412.3
1071490 412.4
1071500 412.4
1071510 412.2
1071520 412.2
1071530 412.2
1071540 412.2
1071550 412.3
1071560 412.3
1071570 412.3
1071580 412.3
1071590 412.3
1071600 412.3
1071610 412.3
1071620 412.3
1071630 412.2
1071640 412.2
1071650 412.2
1071660 412.2
1071670 412.2
1071680 412.2
1071690 412.3
1071700 412.3
1071710 412.2
1071720 412.2
1071730 412.2
1071740 412.1
1071750 412.3
1071760 412.4
1071770 412.6
1071780 412.6
1071790 412.6
1071800 412.3
1071810 412.3
1071820 412.0
1071830 412.0
1071840 412.0
1071850 412.4
1071860 412.4
1071870 412.4
1071880 412.1
1071890 411.8
1071900 411.8
1071910 411.8
1071920 412.4
1071930 412.4
1071940 412.4
1071950 412.2
1071960 412.2
1071970 412.1
1071980 412.1
1071990 412.1
1072000 412.6
1072010 412.2
1072020 412.2
1072030 412.2
1072040 412.2
1072050 412.2
1072060 412.2
1072070 412.2
1072080 412.1
1072090 412.1
1072100 412.1
1072110 412.0
1072120 412.0
1072130 412.0
1072140 411.9
1072150 411.9
1072160 411.9
1072170 411.9
1072180 411.9
1072190 411.7
1072200 411.7
1072210 411.7
1072220 411.9
1072230 411.9
1072240 411.9
1072250 411.9
1072260 411.9
1072270 411.9
1072280 411.9
1072290 411.9
1072300 411.9
1072310 411.8
1072320 411.6
1072330 411.5
1072340 411.5
1072350 411.3
1072360 411.4
1072370 411.6
1072380 411.8
1072390 411.8
1072400 411.8
1072410 411.8
1072420 411.8
1072430 411.8
1072440 411.7
1072450 411.6
1072460 411.6
1072470 411.5
1072480 411.5
1072490 411.5
1072500 411.6
1072510 411.6
1072520 411.6
1072530 411.6
1072540 411.5
1072550 411.5
1072560 411.5
1072570 411.5
1072580 411.5
1072590 411.4
1072600 411.3
1072610 411.3
1072620 411.3
1072630 411.5
1072640 411.7
1072650 411.7
1072660 411.6
1072670 411.3
1072680 411.3
1072690 411.1
1072700 411.1
1072710 411.1
1072720 411.1
1072730 411.0
1072740 411.0
1072750 410.9
1072760 411.3
1072770 411.3
1072780 411.8
1072790 411.6
1072800 411.6
1072810 411.7
1072820 411.7
1072830 411.7
1072840 411.6
1072850 411.4
1072860 411.4
1072870 411.3
1072880 411.0
1072890 411.0
1072900 411.1
1072910 411.2
1072920 411.2
1072930 411.1
1072940 411.3
1072950 411.3
1072960 411.3
1072970 410.9
1072980 410.9
1072990 410.9
1073000 410.8
1073010 410.8
1073020 410.8
1073030 411.0
1073040 411.0
1073050 411.0
1073060 410.9
1073070 410.9
1073080 410.9
1073090 410.9
1073100 411.0
1073110 411.0
1073120 410.9
1073130 410.8
1073140 410.8
1073150 410.7
1073160 410.7
1073170 410.7
1073180 410.7
1073190 410.7
1073200 410.7
1073210 410.8
1073220 410.8
1073230 410.8
1073240 410.9
1073250 410.8
1073260 410.8
1073270 410.8
1073280 410.8
1073290 410.8
1073300 410.6
1073310 410.4
1073320 410.3
1073330 410.3
1073340 410.2
1073350 410.2
1073360 410.2
1073370 410.3
1073380 410.3
1073390 410.3
1073400 410.3
1073410 410.4
1073420 410.4
1073430 410.6
1073440 410.6
1073450 410.6
1073460 410.6
1073470 410.5
1073480 410.5
1073490 410.5
1073500 410.5
1073510 410.5
1073520 410.5
1073530 410.4
1073540 410.3
1073550 410.3
1073560 410.3
1073570 410.3
1073580 410.3
1073590 410.2
1073600 410.1
1073610 410.4
1073620 410.5
1073630 410.5
1073640 410.5
1073650 410.5
1073660 410.5
1073670 410.5
1073680 410.4
1073690 410.4
1073700 410.4
1073710 410.3
1073720 410.3
1073730 410.3
1073740 410.3
1073750 410.3
1073760 410.3
1073770 410.4
1073780 410.5
1073790 410.5
1073800 410.5
1073810 410.5
1073820 410.5
1073830 410.6
1073840 410.6
1073850 410.6
1073860 410.6
1073870 410.5
1073880 410.4
1073890 410.4
1073900 410.4
1073910 410.3
1073920 410.3
1073930 410.3
1073940 410.5
1073950 410.5
1073960 410.4
1073970 410.4
1073980 410.4
1073990 410.4
1074000 410.4
1074010 410.4
1074020 410.4
1074030 410.6
1074040 410.6
1074050 411.4
1074060 411.5
1074070 411.5
1074080 410.5
1074090 411.2
1074100 411.2
1074110 412.1
1074120 412.1
1074130 412.1
1074140 412.0
1074150 412.0
1074160 412.0
1074170 412.0
1074180 411.9
1074190 411.6
1074200 411.6
1074210 410.9
1074220 410.4
1074230 410.2
1074240 410.2
1074250 410.1
1074260 410.1
1074270 410.3
1074280 410.5
1074290 410.5
1074300 410.5
1074310 410.4
1074320 410.4
1074330 410.3
1074340 410.2
1074350 410.2
1074360 410.2
1074370 410.2
1074380 410.2
1074390 410.2
1074400 410.2
1074410 410.2
1074420 410.2
1074430 410.2
1074440 410.2
1074450 410.2
1074460 410.3
1074470 410.4
1074480 410.4
1074490 410.4
1074500 410.3
1074510 410.3
1074520 410.3
1074530 410.3
1074540 410.3
1074550 410.2
1074560 410.2
1074570 410.2
1074580 410.2
1074590 410.1
1074600 410.1
1074610 410.1
1074620 410.1
1074630 410.1
1074640 410.1
1074650 410.2
1074660 410.2
1074670 410.1
1074680 409.9
1074690 409.9
1074700 409.8
1074710 410.0
1074720 410.0
1074730 410.1
1074740 410.1
1074750 410.1
1074760 410.1
1074770 410.2
1074780 410.2
1074790 410.2
1074800 410.3
1074810 410.2
1074820 410.2
1074830 410.1
1074840 410.3
1074850 410.4
1074860 410.6
1074870 410.7
1074880 410.7
1074890 410.6
1074900 410.5
1074910 410.5
1074920 410.5
1074930 410.5
1074940 410.5
1074950 410.6
1074960 410.6
1074970 410.6
1074980 410.1
1074990 409.9
1075000 409.9
1075010 409.9
1075020 410.0
1075030 410.0
1075040 410.1
1075050 410.2
1075060 410.2
1075070 410.2
1075080 410.2
1075090 410.1
1075100 410.1
1075110 410.0
1075120 410.1
1075130 410.1
1075140 410.1
1075150 410.1
1075160 410.1
1075170 410.1
1075180 410.2
1075190 410.2
1075200 410.2
1075210 410.2
1075220 410.2
1075230 410.2
1075240 410.1
1075250 410.1
1075260 409.9
1075270 409.9
1075280 409.9
1075290 410.0
1075300 410.1
1075310 410.1
1075320 409.9
1075330 409.9
1075340 409.9
1075350 410.0
1075360 410.1
1075370 410.0
1075380 410.0
1075390 410.0
1075400 410.0
1075410 410.0
1075420 409.8
1075430 409.7
1075440 409.7
1075450 409.8
1075460 409.8
1075470 409.7
1075480 409.6
1075490 409.8
1075500 409.8
1075510 410.0
1075520 409.8
1075530 409.8
1075540 409.5
1075550 409.4
1075560 409.4
1075570 409.5
1075580 409.5
1075590 409.5
1075600 409.5
1075610 409.5
1075620 409.5
1075630 409.4
1075640 409.4
1075650 409.4
1075660 409.4
1075670 409.3
1075680 409.3
1075690 409.3
1075700 409.4
1075710 409.2
1075720 409.2
1075730 409.1
1075740 409.1
1075750 409.1
1075760 409.2
1075770 409.3
1075780 409.4
1075790 409.7
1075800 409.7
1075810 409.7
1075820 409.7
1075830 409.6
1075840 409.6
1075850 409.2
1075860 409.4
1075870 409.4
1075880 409.7
1075890 409.9
1075900 409.9
1075910 410.0
1075920 410.2
1075930 410.2
1075940 410.3
1075950 410.4
1075960 410.4
1075970 410.4
1075980 410.4
1075990 410.3
1076000 410.3
1076010 410.4
1076020 410.3
1076030 410.3
1076040 410.2
1076050 410.3
1076060 410.3
1076070 410.4
1076080 410.6
1076090 410.6
1076100 410.6
1076110 410.5
1076120 410.5
1076130 410.2
1076140 410.1
1076150 410.1
1076160 410.1
1076170 410.0
1076180 410.0
1076190 410.3
1076200 410.6
1076210 410.6
1076220 410.4
1076230 410.8
1076240 410.8
1076250 410.4
1076260 410.4
1076270 410.4
1076280 410.5
1076290 410.5
1076300 410.3
1076310 410.3
1076320 410.0
1076330 410.0
1076340 410.0
1076350 409.7
1076360 409.2
1076370 409.2
1076380 409.3
1076390 409.6
1076400 409.6
1076410 409.3
1076420 409.8
1076430 409.8
1076440 409.8
1076450 409.7
1076460 409.7
1076470 409.6
1076480 409.6
1076490 409.6
1076500 409.6
1076510 409.7
1076520 409.7
1076530 409.9
1076540 409.9
1076550 409.9
1076560 409.9
1076570 409.9
1076580 409.9
1076590 410.0
1076600 410.2
1076610 410.0
1076620 410.0
1076630 409.9
1076640 410.0
1076650 410.0
1076660 410.1
1076670 410.2
1076680 410.2
1076690 410.3
1076700 410.3
1076710 410.3
1076720 410.7
1076730 410.7
1076740 410.7
1076750 410.6
1076760 410.5
1076770 410.5
1076780 410.7
1076790 410.7
1076800 410.7
1076810 410.6
1076820 410.7
1076830 410.7
1076840 410.7
1076850 410.8
1076860 410.8
1076870 411.0
1076880 411.1
1076890 411.0
1076900 411.0
1076910 411.2
1076920 411.4
1076930 411.4
1076940 411.4
1076950 411.4
1076960 411.4
1076970 411.6
1076980 411.8
1076990 411.8
1077000 412.4
1077010 412.7
1077020 412.7
1077030 412.7
1077040 412.9
1077050 412.9
1077060 412.9
1077070 413.1
1077080 413.1
1077090 413.6
1077100 413.9
1077110 413.9
1077120 413.7
1077130 413.8
1077140 413.8
1077150 413.8
1077160 414.0
1077170 414.0
1077180 414.2
1077190 414.5
1077200 414.7
1077210 414.7
1077220 415.7
1077230 416.7
1077240 416.7
1077250 416.9
1077260 416.9
1077270 416.9
1077280 416.6
1077290 416.3
1077300 416.3
1077310 416.4
1077320 416.3
1077330 416.3
1077340 416.5
1077350 416.9
1077360 416.9
1077370 417.2
1077380 417.5
1077390 417.5
1077400 417.8
1077410 418.5
1077420 418.5
1077430 419.0
1077440 418.5
1077450 418.5
1077460 418.9
1077470 419.3
1077480 419.3
1077490 420.2
1077500 420.4
1077510 420.5
1077520 420.5
1077530 420.6
1077540 420.6
1077550 420.6
1077560 420.8
1077570 421.2
1077580 421.2
1077590 421.6
1077600 421.9
1077610 421.9
1077620 422.0
1077630 422.0
1077640 422.0
1077650 422.1
1077660 422.3
1077670 422.3
1077680 422.5
1077690 422.7
1077700 422.7
1077710 423.0
1077720 423.2
1077730 423.2
1077740 423.6
1077750 423.7
1077760 423.7
1077770 424.0
1077780 424.0
1077790 424.0
1077800 424.1
1077810 422.0
1077820 421.6
1077830 421.6
1077840 424.0
1077850 425.2
1077860 425.2
1077870 425.1
1077880 425.3
1077890 425.3
1077900 425.5
1077910 426.7
1077920 426.7
1077930 427.0
1077940 426.9
1077950 426.9
1077960 427.0
1077970 427.2
1077980 427.2
1077990 427.9
1078000 428.5
1078010 428.5
1078020 428.3
1078030 428.3
1078040 428.3
1078050 428.3
1078060 428.6
1078070 428.6
1078080 429.0
1078090 429.2
1078100 429.2
1078110 429.3
1078120 429.3
1078130 429.8
1078140 429.8
1078150 430.1
1078160 430.1
1078170 430.1
1078180 430.2
1078190 430.5
1078200 430.5
1078210 430.9
1078220 431.4
1078230 431.4
1078240 431.7
1078250 431.7
1078260 431.7
1078270 431.8
1078280 431.9
1078290 432.4
1078300 432.6
1078310 432.7
1078320 432.7
1078330 433.1
1078340 433.4
1078350 433.4
1078360 433.6
1078370 434.0
1078380 434.0
1078390 434.4
1078400 434.9
1078410 435.4
1078420 435.4
1078430 435.9
1078440 436.1
1078450 436.1
1078460 436.1
1078470 436.3
1078480 436.3
1078490 436.5
1078500 436.7
1078510 436.7
1078520 437.1
1078530 437.1
1078540 437.1
1078550 437.1
1078560 437.4
1078570 437.4
1078580 437.5
1078590 437.6
1078600 438.0
1078610 438.0
1078620 438.0
1078630 438.0
1078640 438.0
1078650 438.3
1078660 438.3
1078670 438.6
1078680 438.8
1078690 438.8
1078700 439.2
1078710 439.9
1078720 441.3
1078730 441.3
1078740 446.1
1078750 452.9
1078760 452.9
1078770 460.2
1078780 467.7
1078790 467.7
1078800 476.3
1078810 485.3
1078820 485.3
1078830 493.9
1078840 502.6
1078850 502.6
1078860 511.5
1078870 519.8
1078880 519.8
1078890 527.4
1078900 534.4
1078910 537.5
1078920 544.9
1078930 543.1
1078940 543.1
1078950 544.2
1078960 543.8
1078970 543.8
1078980 535.8
1078990 530.8
1079000 530.8
1079010 528.6
1079020 526.4
1079030 524.5
1079040 524.5
1079050 523.5
1079060 522.1
1079070 522.1
1079080 523.4
1079090 524.2
1079100 524.2
1079110 525.9
1079120 527.6
1079130 527.6
1079140 528.2
1079150 528.0
1079160 528.0
1079170 528.1
1079180 528.2
1079190 528.2
1079200 525.9
1079210 527.8
1079220 527.8
1079230 523.3
1079240 525.7
1079250 525.7
1079260 528.1
1079270 530.0
1079280 530.0
1079290 530.9
1079300 534.6
1079310 534.6
1079320 540.5
1079330 538.3
1079340 536.0
1079350 536.0
1079360 533.4
1079370 523.9
1079380 523.9
1079390 506.7
1079400 498.0
1079410 498.0
1079420 499.8
1079430 501.3
1079440 501.3
1079450 495.2
1079460 492.3
1079470 492.3
1079480 492.5
1079490 494.0
1079500 494.0
1079510 495.7
1079520 497.2
1079530 497.2
1079540 494.5
1079550 494.8
1079560 494.8
1079570 494.4
1079580 494.4
1079590 494.4
1079600 496.2
1079610 500.5
1079620 500.5
1079630 505.2
1079640 511.2
1079650 521.2
1079660 521.2
1079670 529.2
1079680 530.9
1079690 530.9
1079700 527.5
1079710 525.6
1079720 525.6
1079730 522.4
1079740 519.5
1079750 519.5
1079760 518.0
1079770 519.5
1079780 519.5
1079790 521.6
1079800 522.2
1079810 522.2
1079820 523.8
1079830 522.7
1079840 522.7
1079850 518.4
1079860 518.5
1079870 518.5
1079880 514.8
1079890 516.2
1079900 516.2
1079910 522.5
1079920 531.8
1079930 540.0
1079940 540.0
1079950 546.3
1079960 551.3
1079970 551.3
1079980 557.3
1079990 563.8
