1069750 416.1
1069760 416.1
1069770 416.1
1069780 415.8
1069790 415.8
1069800 415.6
1069810 415.4
1069820 415.7
1069830 416.1
1069840 416.7
1069850 416.7
1069860 416.5
1069870 415.2
1069880 413.9
1069890 413.9
1069900 413.8
1069910 413.9
1069920 413.9
1069930 414.0
1069940 414.6
1069950 414.6
1069960 414.8
1069970 415.3
1069980 415.3
1069990 417.2
1070000 419.1
1070010 419.1
1070020 419.2
1070030 418.1
1070040 418.1
1070050 416.9
1070060 416.5
1070070 416.5
1070080 416.5
1070090 416.5
1070100 416.5
1070110 416.5
1070120 416.4
1070130 416.4
1070140 416.4
1070150 416.4
1070160 416.3
1070170 416.3
1070180 416.2
1070190 416.1
1070200 416.1
1070210 416.1
1070220 416.2
1070230 416.2
1070240 416.1
1070250 416.0
1070260 416.0
1070270 416.0
1070280 415.9
1070290 415.9
1070300 415.8
1070310 415.8
1070320 415.8
1070330 415.7
1070340 415.6
1070350 415.6
1070360 415.5
1070370 415.4
1070380 415.4
1070390 415.8
1070400 415.8
1070410 415.8
1070420 414.5
1070430 410.4
1070440 410.4
1070450 410.4
1070460 410.3
1070470 410.3
1070480 410.3
1070490 410.3
1070500 410.3
1070510 410.3
1070520 410.3
1070530 410.3
1070540 410.3
1070550 410.3
1070560 411.6
1070570 411.6
1070580 413.3
1070590 415.9
1070600 415.9
1070610 416.6
1070620 415.6
1070630 415.6
1070640 415.1
1070650 415.2
1070660 415.2
1070670 415.3
1070680 416.1
1070690 416.1
1070700 417.8
1070710 418.8
1070720 418.8
1070730 417.2
1070740 413.7
1070750 413.7
1070760 413.2
1070770 413.2
1070780 413.2
1070790 413.2
1070800 413.4
1070810 413.5
1070820 413.5
1070830 413.5
1070840 413.4
1070850 413.4
1070860 413.5
1070870 413.5
1070880 413.5
1070890 413.4
1070900 413.4
1070910 413.4
1070920 413.4
1070930 413.3
1070940 413.3
1070950 413.3
1070960 413.4
1070970 413.4
1070980 413.4
1070990 413.2
1071000 413.2
1071010 413.2
1071020 413.2
1071030 413.2
1071040 413.1
1071050 413.0
1071060 413.0
1071070 412.9
1071080 412.8
1071090 412.7
1071100 412.7
1071110 412.8
1071120 413.0
1071130 413.0
1071140 413.0
1071150 413.1
1071160 413.1
1071170 413.2
1071180 413.5
1071190 413.5
1071200 413.8
1071210 413.6
1071220 413.6
1071230 413.4
1071240 413.4
1071250 413.4
1071260 412.9
1071270 412.8
1071280 412.8
1071290 413.3
1071300 413.0
1071310 413.0
1071320 412.7
1071330 412.5
1071340 412.5
1071350 412.5
1071360 412.4
1071370 412.4
1071380 412.4
1071390 412.6
1071400 412.5
1071410 412.5
1071420 412.3
1071430 412.0
1071440 412.0
1071450 411.9
1071460 411.8
1071470 411.8
1071480 411.7
1071490 411.8
1071500 411.8
1071510 412.2
1071520 412.6
1071530 412.6
1071540 412.6
1071550 412.7
1071560 412.7
1071570 412.7
1071580 412.7
1071590 412.7
1071600 412.7
1071610 412.7
1071620 412.7
1071630 412.7
1071640 412.5
1071650 412.5
1071660 412.4
1071670 412.0
1071680 411.9
1071690 411.9
1071700 412.0
1071710 412.1
1071720 412.1
1071730 412.1
1071740 412.0
1071750 412.0
1071760 411.9
1071770 411.9
1071780 411.9
1071790 411.9
1071800 411.9
1071810 411.9
1071820 411.9
1071830 412.0
1071840 412.0
1071850 412.0
1071860 411.9
1071870 411.9
1071880 411.9
1071890 411.9
1071900 411.9
1071910 411.9
1071920 411.9
1071930 411.9
1071940 411.9
1071950 411.9
1071960 411.9
1071970 411.9
1071980 411.9
1071990 411.9
1072000 411.9
1072010 412.1
1072020 412.0
1072030 412.0
1072040 411.9
1072050 411.9
1072060 411.9
1072070 411.9
1072080 411.9
1072090 411.9
1072100 411.8
1072110 411.9
1072120 411.9
1072130 412.1
1072140 411.9
1072150 411.9
1072160 412.0
1072170 412.0
1072180 412.0
1072190 412.0
1072200 412.0
1072210 412.0
1072220 412.0
1072230 411.8
1072240 411.8
1072250 411.6
1072260 411.5
1072270 411.5
1072280 411.4
1072290 411.4
1072300 411.4
1072310 411.4
1072320 411.4
1072330 411.5
1072340 411.5
1072350 411.5
1072360 411.5
1072370 411.5
1072380 411.5
1072390 411.6
1072400 411.6
1072410 411.6
1072420 411.4
1072430 411.4
1072440 411.4
1072450 411.4
1072460 411.4
1072470 411.3
1072480 411.2
1072490 411.2
1072500 411.2
1072510 411.2
1072520 411.2
1072530 411.3
1072540 411.3
1072550 411.3
1072560 411.3
1072570 411.3
1072580 411.3
1072590 411.3
1072600 411.4
1072610 411.4
1072620 411.4
1072630 411.3
1072640 411.3
1072650 411.3
1072660 411.2
1072670 411.1
1072680 411.1
1072690 411.1
1072700 411.0
1072710 411.0
1072720 411.0
1072730 411.0
1072740 411.0
1072750 411.0
1072760 410.9
1072770 410.9
1072780 410.9
1072790 411.1
1072800 411.1
1072810 411.1
1072820 411.0
1072830 411.0
1072840 410.9
1072850 410.9
1072860 410.9
1072870 410.8
1072880 410.8
1072890 410.8
1072900 410.8
1072910 410.7
1072920 410.6
1072930 410.6
1072940 410.6
1072950 410.6
1072960 410.6
1072970 410.6
1072980 410.5
1072990 410.5
1073000 410.3
1073010 410.6
1073020 410.6
1073030 410.7
1073040 411.2
1073050 411.2
1073060 410.9
1073070 410.9
1073080 410.9
1073090 410.9
1073100 411.0
1073110 411.0
1073120 410.9
1073130 410.7
1073140 410.7
1073150 411.0
1073160 411.0
1073170 411.0
1073180 410.8
1073190 410.9
1073200 410.9
1073210 411.0
1073220 410.9
1073230 411.0
1073240 411.0
1073250 410.9
1073260 410.8
1073270 410.8
1073280 410.7
1073290 410.6
1073300 410.6
1073310 410.7
1073320 410.7
1073330 410.7
1073340 410.7
1073350 410.9
1073360 410.9
1073370 410.8
1073380 410.7
1073390 410.7
1073400 410.6
1073410 410.5
1073420 410.5
1073430 410.5
1073440 410.5
1073450 410.5
1073460 410.7
1073470 410.9
1073480 410.9
1073490 410.9
1073500 410.7
1073510 410.6
1073520 410.6
1073530 410.5
1073540 410.5
1073550 410.5
1073560 410.4
1073570 410.4
1073580 410.4
1073590 410.4
1073600 410.3
1073610 410.3
1073620 410.3
1073630 410.2
1073640 410.2
1073650 410.2
1073660 410.3
1073670 410.3
1073680 410.3
1073690 410.5
1073700 410.5
1073710 411.5
1073720 411.6
1073730 411.6
1073740 410.6
1073750 411.7
1073760 411.7
1073770 411.6
1073780 410.6
1073790 410.6
1073800 411.9
1073810 412.3
1073820 412.3
1073830 412.3
1073840 412.4
1073850 413.9
1073860 413.9
1073870 412.7
1073880 410.7
1073890 410.7
1073900 410.7
1073910 410.8
1073920 410.8
1073930 410.8
1073940 410.8
1073950 410.8
1073960 410.8
1073970 410.7
1073980 410.7
1073990 410.8
1074000 410.8
1074010 410.8
1074020 410.9
1074030 410.9
1074040 410.9
1074050 410.9
1074060 410.8
1074070 410.8
1074080 410.6
1074090 410.5
1074100 410.5
1074110 410.5
1074120 410.3
1074130 410.2
1074140 410.2
1074150 410.1
1074160 410.2
1074170 410.2
1074180 410.2
1074190 410.1
1074200 410.1
1074210 410.3
1074220 410.5
1074230 410.5
1074240 410.4
1074250 410.4
1074260 410.4
1074270 410.7
1074280 410.9
1074290 410.9
1074300 410.7
1074310 410.8
1074320 410.8
1074330 410.8
1074340 410.4
1074350 410.4
1074360 410.3
1074370 410.4
1074380 410.4
1074390 410.6
1074400 410.8
1074410 410.8
1074420 410.7
1074430 410.5
1074440 410.2
1074450 410.3
1074460 410.3
1074470 410.2
1074480 410.2
1074490 410.2
1074500 410.1
1074510 410.1
1074520 410.2
1074530 410.1
1074540 410.1
1074550 410.1
1074560 410.2
1074570 410.2
1074580 410.2
1074590 410.2
1074600 410.2
1074610 410.2
1074620 409.9
1074630 409.9
1074640 409.9
1074650 410.0
1074660 410.0
1074670 409.9
1074680 409.8
1074690 409.8
1074700 409.9
1074710 409.9
1074720 410.0
1074730 410.0
1074740 410.1
1074750 410.2
1074760 410.2
1074770 410.2
1074780 410.1
1074790 410.1
1074800 410.1
1074810 410.1
1074820 410.1
1074830 410.1
1074840 409.9
1074850 409.9
1074860 410.0
1074870 410.0
1074880 410.0
1074890 410.3
1074900 410.4
1074910 410.4
1074920 410.7
1074930 410.8
1074940 410.8
1074950 410.8
1074960 411.0
1074970 411.0
1074980 411.0
1074990 411.2
1075000 411.2
1075010 412.0
1075020 411.4
1075030 411.4
1075040 411.4
1075050 411.5
1075060 411.4
1075070 411.4
1075080 411.2
1075090 411.3
1075100 411.3
1075110 411.4
1075120 411.3
1075130 411.3
1075140 411.1
1075150 411.5
1075160 411.5
1075170 411.3
1075180 411.3
1075190 411.3
1075200 411.6
1075210 411.7
1075220 411.7
1075230 411.9
1075240 411.5
1075250 411.5
1075260 411.1
1075270 411.1
1075280 411.1
1075290 411.2
1075300 411.4
1075310 411.4
1075320 411.5
1075330 411.6
1075340 411.1
1075350 411.1
1075360 411.0
1075370 411.1
1075380 411.1
1075390 411.1
1075400 411.2
1075410 411.2
1075420 411.0
1075430 410.9
1075440 410.9
1075450 410.9
1075460 410.8
1075470 410.8
1075480 410.8
1075490 410.8
1075500 410.8
1075510 410.8
1075520 410.6
1075530 410.6
1075540 410.4
1075550 410.4
1075560 410.4
1075570 410.6
1075580 411.0
1075590 411.0
1075600 411.1
1075610 410.8
1075620 410.8
1075630 410.4
1075640 410.3
1075650 410.4
1075660 410.4
1075670 410.2
1075680 410.1
1075690 410.1
1075700 410.1
1075710 410.2
1075720 410.2
1075730 410.3
1075740 410.4
1075750 410.4
1075760 411.0
1075770 412.0
1075780 412.0
1075790 411.5
1075800 410.9
1075810 410.9
1075820 411.4
1075830 411.2
1075840 411.2
1075850 410.9
1075860 411.0
1075870 411.0
1075880 410.9
1075890 410.6
1075900 410.6
1075910 410.3
1075920 410.5
1075930 410.5
1075940 410.8
1075950 410.9
1075960 411.0
1075970 411.0
1075980 411.0
1075990 410.6
1076000 410.6
1076010 411.0
1076020 411.0
1076030 411.0
1076040 410.8
1076050 410.6
1076060 410.6
1076070 410.4
1076080 410.4
1076090 410.4
1076100 410.5
1076110 410.8
1076120 410.8
1076130 410.6
1076140 410.4
1076150 410.4
1076160 410.4
1076170 410.2
1076180 410.2
1076190 410.2
1076200 410.0
1076210 410.0
1076220 410.1
1076230 410.0
1076240 409.9
1076250 409.9
1076260 410.1
1076270 410.3
1076280 410.3
1076290 410.3
1076300 410.3
1076310 410.3
1076320 410.3
1076330 410.3
1076340 410.3
1076350 410.2
1076360 410.4
1076370 410.4
1076380 410.6
1076390 410.5
1076400 410.5
1076410 410.5
1076420 410.4
1076430 410.4
1076440 410.4
1076450 410.3
1076460 410.3
1076470 409.4
1076480 410.4
1076490 410.4
1076500 410.4
1076510 410.4
1076520 410.4
1076530 410.3
1076540 410.2
1076550 410.2
1076560 410.2
1076570 410.2
1076580 410.2
1076590 410.2
1076600 410.2
1076610 410.0
1076620 410.0
1076630 410.1
1076640 410.1
1076650 410.1
1076660 410.0
1076670 410.0
1076680 410.0
1076690 409.9
1076700 409.9
1076710 409.9
1076720 409.9
1076730 410.1
1076740 410.1
1076750 410.7
1076760 410.7
1076770 410.7
1076780 410.4
1076790 410.1
1076800 410.1
1076810 410.1
1076820 410.1
1076830 410.1
1076840 410.8
1076850 411.2
1076860 411.3
1076870 411.3
1076880 411.5
1076890 411.8
1076900 411.8
1076910 413.1
1076920 414.3
1076930 414.3
1076940 414.5
1076950 411.9
1076960 411.9
1076970 412.2
1076980 412.3
1076990 412.3
1077000 412.3
1077010 412.5
1077020 412.5
1077030 412.7
1077040 413.1
1077050 413.1
1077060 413.3
1077070 413.4
1077080 413.4
1077090 413.6
1077100 413.7
1077110 413.7
1077120 413.9
1077130 414.2
1077140 414.2
1077150 414.5
1077160 414.8
1077170 415.0
1077180 415.0
1077190 415.1
1077200 415.5
1077210 415.5
1077220 416.0
1077230 416.4
1077240 416.4
1077250 416.7
1077260 417.0
1077270 417.0
1077280 417.1
1077290 417.4
1077300 417.4
1077310 417.7
1077320 417.9
1077330 417.9
1077340 418.2
1077350 418.5
1077360 418.5
1077370 418.8
1077380 418.9
1077390 418.9
1077400 419.0
1077410 419.2
1077420 419.2
1077430 419.5
1077440 420.0
1077450 420.0
1077460 420.2
1077470 420.4
1077480 421.1
1077490 421.1
1077500 421.3
1077510 421.4
1077520 421.4
1077530 421.7
1077540 421.8
1077550 421.8
1077560 422.0
1077570 422.7
1077580 422.7
1077590 423.0
1077600 423.2
1077610 423.2
1077620 423.5
1077630 423.6
1077640 423.6
1077650 423.8
1077660 424.3
1077670 424.3
1077680 424.4
1077690 424.6
1077700 424.6
1077710 424.8
1077720 425.1
1077730 425.1
1077740 425.5
1077750 425.8
1077760 426.1
1077770 426.1
1077780 426.4
1077790 426.7
1077800 426.7
1077810 427.1
1077820 427.4
1077830 427.4
1077840 427.7
1077850 427.9
1077860 427.9
1077870 428.2
1077880 428.5
1077890 428.5
1077900 428.9
1077910 429.2
1077920 429.2
1077930 429.3
1077940 429.6
1077950 429.6
1077960 430.0
1077970 430.2
1077980 430.2
1077990 430.3
1078000 430.6
1078010 430.6
1078020 430.8
1078030 431.2
1078040 431.2
1078050 431.6
1078060 431.9
1078070 432.0
1078080 432.0
1078090 432.1
1078100 432.5
1078110 432.5
1078120 433.0
1078130 433.6
1078140 433.6
1078150 434.1
1078160 434.1
1078170 434.1
1078180 434.1
1078190 434.5
1078200 434.9
1078210 435.3
1078220 435.5
1078230 435.5
1078240 435.6
1078250 435.8
1078260 435.8
1078270 436.2
1078280 436.5
1078290 436.5
1078300 436.8
1078310 437.5
1078320 437.5
1078330 437.7
1078340 437.8
1078350 437.8
1078360 438.0
1078370 438.6
1078380 439.0
1078390 439.0
1078400 439.1
1078410 439.5
1078420 439.5
1078430 439.9
1078440 440.5
1078450 440.5
1078460 440.8
1078470 441.2
1078480 441.2
1078490 441.8
1078500 442.3
1078510 442.3
1078520 443.1
1078530 443.5
1078540 443.5
1078550 444.6
1078560 445.0
1078570 445.0
1078580 445.5
1078590 446.4
1078600 446.4
1078610 446.8
1078620 446.5
1078630 446.5
1078640 446.7
1078650 446.7
1078660 446.7
1078670 446.5
1078680 446.5
1078690 446.3
1078700 446.3
1078710 445.9
1078720 446.3
1078730 446.3
1078740 449.9
1078750 456.5
1078760 456.5
1078770 463.7
1078780 469.5
1078790 469.5
1078800 471.8
1078810 472.6
1078820 472.6
1078830 474.2
1078840 475.2
1078850 475.2
1078860 476.0
1078870 477.1
1078880 477.1
1078890 478.2
1078900 479.7
1078910 479.7
1078920 481.5
1078930 482.9
1078940 482.9
1078950 483.4
1078960 483.3
1078970 483.3
1078980 483.1
1078990 480.7
1079000 476.5
1079010 476.5
1079020 473.0
1079030 471.8
1079040 471.8
1079050 469.2
1079060 467.6
1079070 467.6
1079080 468.1
1079090 466.4
1079100 466.4
1079110 467.7
1079120 468.0
1079130 468.0
1079140 476.2
1079150 474.9
1079160 474.9
1079170 474.8
1079180 475.0
1079190 475.0
1079200 473.3
1079210 473.7
1079220 473.7
1079230 479.6
1079240 482.5
1079250 482.5
1079260 485.5
1079270 485.5
1079280 488.4
1079290 488.4
1079300 492.2
1079310 496.1
1079320 496.1
1079330 498.1
1079340 502.3
1079350 502.3
1079360 504.6
1079370 505.7
1079380 505.7
1079390 505.2
1079400 512.3
1079410 512.3
1079420 517.6
1079430 520.9
1079440 520.9
1079450 525.1
1079460 524.6
1079470 524.6
1079480 529.4
1079490 531.4
1079500 531.4
1079510 538.7
1079520 546.6
1079530 546.6
1079540 550.7
1079550 553.6
1079560 553.6
1079570 555.8
1079580 556.8
1079590 556.5
1079600 556.5
1079610 555.6
1079620 555.2
1079630 555.2
1079640 555.2
1079650 555.5
1079660 555.5
1079670 556.8
1079680 559.6
1079690 559.6
1079700 563.4
1079710 567.0
1079720 567.0
1079730 570.0
1079740 573.1
1079750 573.1
1079760 577.1
1079770 576.9
1079780 576.9
1079790 581.4
1079800 585.2
1079810 585.2
1079820 587.5
1079830 589.0
1079840 589.0
1079850 589.7
1079860 590.0
1079870 590.0
1079880 591.4
1079890 592.2
1079900 586.4
1079910 586.4
1079920 576.3
1079930 570.0
1079940 570.0
1079950 570.3
1079960 564.9
1079970 564.9
1079980 556.7
1079990 547.7
