1070990 414.7
1071000 414.7
1071010 415.3
1071020 413.9
1071030 413.9
1071040 413.7
1071050 413.8
1071060 413.8
1071070 414.0
1071080 414.1
1071090 414.1
1071100 414.1
1071110 414.3
1071120 414.3
1071130 416.6
1071140 419.2
1071150 419.2
1071160 418.2
1071170 415.9
1071180 415.9
1071190 415.7
1071200 416.4
1071210 416.4
1071220 416.8
1071230 417.2
1071240 417.2
1071250 417.8
1071260 417.1
1071270 414.4
1071280 414.4
1071290 414.2
1071300 414.0
1071310 414.0
1071320 413.8
1071330 413.7
1071340 413.7
1071350 413.6
1071360 413.6
1071370 413.6
1071380 413.5
1071390 413.3
1071400 413.3
1071410 413.2
1071420 413.4
1071430 413.4
1071440 414.4
1071450 414.0
1071460 414.0
1071470 411.5
1071480 409.6
1071490 409.6
1071500 409.2
1071510 409.2
1071520 409.2
1071530 409.2
1071540 409.2
1071550 409.2
1071560 409.2
1071570 409.2
1071580 409.4
1071590 409.4
1071600 410.2
1071610 412.0
1071620 412.0
1071630 414.9
1071640 414.9
1071650 414.9
1071660 413.7
1071670 413.4
1071680 413.4
1071690 413.5
1071700 413.6
1071710 413.6
1071720 413.8
1071730 414.0
1071740 414.0
1071750 415.0
1071760 416.4
1071770 416.4
1071780 417.2
1071790 417.2
1071800 417.2
1071810 417.0
1071820 415.5
1071830 415.5
1071840 415.0
1071850 415.1
1071860 415.1
1071870 415.1
1071880 415.3
1071890 415.3
1071900 415.3
1071910 415.3
1071920 415.3
1071930 415.3
1071940 415.3
1071950 415.3
1071960 415.3
1071970 414.4
1071980 412.5
1071990 412.5
1072000 410.0
1072010 408.5
1072020 408.5
1072030 408.2
1072040 408.2
1072050 408.2
1072060 408.2
1072070 408.2
1072080 408.2
1072090 408.2
1072100 408.0
1072110 408.0
1072120 408.0
1072130 408.3
1072140 408.3
1072150 408.1
1072160 408.0
1072170 408.0
1072180 408.0
1072190 407.9
1072200 408.0
1072210 408.0
1072220 407.9
1072230 407.9
1072240 407.9
1072250 407.9
1072260 408.0
1072270 408.0
1072280 408.0
1072290 408.0
1072300 408.0
1072310 408.1
1072320 408.1
1072330 408.1
1072340 408.1
1072350 408.2
1072360 408.2
1072370 408.3
1072380 408.2
1072390 408.2
1072400 408.4
1072410 409.1
1072420 409.1
1072430 409.7
1072440 409.9
1072450 409.9
1072460 408.9
1072470 408.1
1072480 408.4
1072490 408.4
1072500 408.4
1072510 408.5
1072520 408.5
1072530 408.0
1072540 408.0
1072550 408.0
1072560 408.0
1072570 408.0
1072580 408.0
1072590 408.1
1072600 408.2
1072610 408.2
1072620 408.2
1072630 408.1
1072640 408.1
1072650 408.0
1072660 408.1
1072670 408.1
1072680 408.1
1072690 408.1
1072700 408.1
1072710 408.0
1072720 408.0
1072730 408.0
1072740 408.0
1072750 408.0
1072760 408.0
1072770 408.0
1072780 408.1
1072790 408.1
1072800 408.1
1072810 408.0
1072820 408.0
1072830 408.0
1072840 408.0
1072850 408.0
1072860 408.0
1072870 408.0
1072880 408.0
1072890 408.0
1072900 408.0
1072910 408.0
1072920 408.0
1072930 408.0
1072940 408.0
1072950 408.0
1072960 408.0
1072970 408.0
1072980 408.0
1072990 408.0
1073000 408.0
1073010 408.0
1073020 408.0
1073030 408.0
1073040 408.0
1073050 408.0
1073060 408.0
1073070 408.0
1073080 408.0
1073090 408.0
1073100 408.0
1073110 408.0
1073120 408.0
1073130 408.0
1073140 408.0
1073150 408.0
1073160 408.0
1073170 408.0
1073180 408.0
1073190 408.0
1073200 408.0
1073210 408.0
1073220 408.0
1073230 408.0
1073240 408.0
1073250 408.0
1073260 408.0
1073270 408.0
1073280 408.0
1073290 408.0
1073300 408.0
1073310 408.0
1073320 408.0
1073330 408.0
1073340 408.0
1073350 408.0
1073360 408.0
1073370 408.0
1073380 408.0
1073390 408.1
1073400 408.1
1073410 408.1
1073420 408.1
1073430 408.0
1073440 408.0
1073450 408.0
1073460 408.0
1073470 408.0
1073480 408.0
1073490 408.0
1073500 408.0
1073510 408.0
1073520 408.0
1073530 408.1
1073540 408.1
1073550 408.4
1073560 408.6
1073570 408.6
1073580 408.5
1073590 408.7
1073600 408.7
1073610 408.9
1073620 408.9
1073630 408.9
1073640 408.8
1073650 408.6
1073660 408.6
1073670 408.7
1073680 409.2
1073690 409.2
1073700 409.3
1073710 410.9
1073720 409.4
1073730 409.4
1073740 408.4
1073750 408.3
1073760 408.3
1073770 408.6
1073780 409.6
1073790 409.6
1073800 409.4
1073810 409.4
1073820 409.4
1073830 408.8
1073840 408.5
1073850 408.5
1073860 409.0
1073870 409.2
1073880 409.2
1073890 409.3
1073900 409.6
1073910 409.6
1073920 409.3
1073930 409.5
1073940 409.5
1073950 409.4
1073960 409.6
1073970 409.6
1073980 409.7
1073990 409.7
1074000 409.7
1074010 409.9
1074020 409.9
1074030 410.0
1074040 410.0
1074050 409.1
1074060 409.2
1074070 409.2
1074080 409.1
1074090 408.7
1074100 408.7
1074110 408.5
1074120 408.6
1074130 408.6
1074140 408.5
1074150 408.5
1074160 408.5
1074170 408.5
1074180 408.3
1074190 408.3
1074200 408.3
1074210 408.3
1074220 408.3
1074230 408.2
1074240 408.2
1074250 408.2
1074260 407.9
1074270 407.4
1074280 407.4
1074290 407.1
1074300 407.0
1074310 407.0
1074320 407.0
1074330 407.0
1074340 407.0
1074350 407.0
1074360 407.0
1074370 407.2
1074380 407.2
1074390 407.2
1074400 407.6
1074410 407.6
1074420 408.1
1074430 408.1
1074440 408.1
1074450 409.0
1074460 409.3
1074470 409.3
1074480 410.2
1074490 410.8
1074500 410.8
1074510 411.6
1074520 411.7
1074530 411.7
1074540 411.8
1074550 411.9
1074560 411.9
1074570 412.0
1074580 412.3
1074590 412.3
1074600 412.5
1074610 412.6
1074620 412.6
1074630 412.6
1074640 412.7
1074650 413.0
1074660 413.0
1074670 412.5
1074680 412.4
1074690 412.4
1074700 412.3
1074710 412.3
1074720 412.3
1074730 412.3
1074740 412.1
1074750 412.1
1074760 412.0
1074770 411.8
1074780 411.8
1074790 411.6
1074800 411.6
1074810 411.6
1074820 411.5
1074830 411.6
1074840 411.6
1074850 412.3
1074860 412.5
1074870 412.5
1074880 412.2
1074890 412.1
1074900 412.1
1074910 412.6
1074920 412.4
1074930 411.5
1074940 411.5
1074950 411.1
1074960 410.6
1074970 410.6
1074980 410.5
1074990 410.4
1075000 410.4
1075010 410.4
1075020 410.6
1075030 410.6
1075040 410.8
1075050 411.0
1075060 411.0
1075070 411.0
1075080 410.5
1075090 410.5
1075100 408.2
1075110 408.8
1075120 408.8
1075130 411.0
1075140 411.2
1075150 411.2
1075160 411.2
1075170 411.8
1075180 411.8
1075190 412.4
1075200 412.6
1075210 412.6
1075220 412.8
1075230 412.7
1075240 412.8
1075250 412.8
1075260 412.4
1075270 410.7
1075280 410.7
1075290 410.5
1075300 410.2
1075310 410.2
1075320 410.2
1075330 410.2
1075340 410.2
1075350 410.5
1075360 410.8
1075370 410.8
1075380 410.8
1075390 410.4
1075400 410.4
1075410 410.1
1075420 410.2
1075430 410.2
1075440 410.2
1075450 410.1
1075460 410.1
1075470 410.5
1075480 410.7
1075490 410.7
1075500 410.4
1075510 410.3
1075520 410.3
1075530 410.2
1075540 410.0
1075550 409.9
1075560 409.9
1075570 409.8
1075580 409.7
1075590 409.7
1075600 409.7
1075610 409.8
1075620 409.8
1075630 409.9
1075640 409.9
1075650 409.9
1075660 409.9
1075670 409.8
1075680 409.8
1075690 409.8
1075700 409.9
1075710 409.9
1075720 410.0
1075730 410.3
1075740 410.3
1075750 410.4
1075760 410.4
1075770 410.4
1075780 410.4
1075790 410.3
1075800 410.3
1075810 410.3
1075820 410.3
1075830 410.3
1075840 410.3
1075850 410.3
1075860 410.3
1075870 410.3
1075880 410.3
1075890 410.3
1075900 410.3
1075910 410.2
1075920 410.3
1075930 410.3
1075940 410.4
1075950 410.5
1075960 410.5
1075970 410.5
1075980 410.5
1075990 410.5
1076000 410.4
1076010 409.0
1076020 409.0
1076030 408.8
1076040 409.8
1076050 409.8
1076060 410.0
1076070 410.0
1076080 410.0
1076090 410.2
1076100 410.2
1076110 410.2
1076120 410.2
1076130 410.3
1076140 410.3
1076150 410.3
1076160 410.2
1076170 410.1
1076180 410.1
1076190 410.1
1076200 410.2
1076210 410.2
1076220 410.2
1076230 410.2
1076240 410.2
1076250 410.2
1076260 410.1
1076270 410.1
1076280 410.0
1076290 410.0
1076300 410.0
1076310 410.1
1076320 410.0
1076330 410.0
1076340 410.1
1076350 409.9
1076360 409.9
1076370 409.9
1076380 409.8
1076390 409.8
1076400 409.8
1076410 409.8
1076420 409.8
1076430 409.8
1076440 409.6
1076450 409.6
1076460 409.7
1076470 410.0
1076480 410.1
1076490 410.1
1076500 410.2
1076510 410.1
1076520 410.1
1076530 409.9
1076540 409.8
1076550 409.8
1076560 409.7
1076570 409.6
1076580 409.6
1076590 408.5
1076600 410.4
1076610 410.4
1076620 410.7
1076630 410.8
1076640 410.8
1076650 411.0
1076660 410.5
1076670 410.5
1076680 409.8
1076690 409.8
1076700 409.8
1076710 409.7
1076720 409.7
1076730 409.7
1076740 409.7
1076750 409.9
1076760 409.9
1076770 409.8
1076780 409.5
1076790 409.5
1076800 409.5
1076810 409.4
1076820 409.5
1076830 409.5
1076840 409.4
1076850 409.2
1076860 409.2
1076870 409.3
1076880 409.2
1076890 409.2
1076900 409.2
1076910 409.3
1076920 409.3
1076930 409.3
1076940 409.5
1076950 409.5
1076960 409.6
1076970 409.7
1076980 409.7
1076990 409.7
1077000 409.8
1077010 409.8
1077020 409.9
1077030 409.8
1077040 409.8
1077050 409.7
1077060 410.3
1077070 410.6
1077080 410.6
1077090 410.7
1077100 410.8
1077110 410.8
1077120 410.5
1077130 410.5
1077140 410.5
1077150 410.8
1077160 410.8
1077170 410.8
1077180 410.9
1077190 410.8
1077200 410.8
1077210 411.0
1077220 411.0
1077230 411.0
1077240 411.2
1077250 411.5
1077260 411.5
1077270 411.5
1077280 411.3
1077290 411.3
1077300 411.2
1077310 411.2
1077320 411.2
1077330 411.7
1077340 411.7
1077350 411.7
1077360 411.9
1077370 412.4
1077380 412.8
1077390 412.8
1077400 412.9
1077410 412.5
1077420 412.5
1077430 412.3
1077440 412.3
1077450 412.3
1077460 412.6
1077470 412.9
1077480 412.7
1077490 413.0
1077500 413.1
1077510 413.1
1077520 413.1
1077530 413.4
1077540 413.4
1077550 413.4
1077560 413.4
1077570 413.4
1077580 413.4
1077590 413.7
1077600 413.7
1077610 414.2
1077620 414.4
1077630 414.4
1077640 414.5
1077650 414.5
1077660 414.5
1077670 414.3
1077680 414.2
1077690 414.5
1077700 414.5
1077710 415.0
1077720 415.0
1077730 415.0
1077740 414.7
1077750 414.8
1077760 414.8
1077770 415.1
1077780 415.3
1077790 415.3
1077800 415.4
1077810 415.6
1077820 415.6
1077830 415.8
1077840 416.2
1077850 416.2
1077860 416.2
1077870 415.9
1077880 415.9
1077890 416.1
1077900 416.2
1077910 416.2
1077920 416.2
1077930 416.2
1077940 416.2
1077950 416.4
1077960 416.5
1077970 416.5
1077980 416.6
1077990 417.0
1078000 418.2
1078010 418.2
1078020 418.9
1078030 419.2
1078040 419.2
1078050 420.2
1078060 420.5
1078070 420.5
1078080 420.3
1078090 420.1
1078100 420.1
1078110 420.2
1078120 420.4
1078130 420.4
1078140 421.0
1078150 421.7
1078160 421.7
1078170 422.2
1078180 421.9
1078190 421.9
1078200 422.0
1078210 421.3
1078220 421.3
1078230 420.8
1078240 420.6
1078250 420.6
1078260 420.8
1078270 420.6
1078280 420.6
1078290 420.0
1078300 420.1
1078310 419.9
1078320 419.9
1078330 419.6
1078340 419.8
1078350 419.8
1078360 420.0
1078370 419.7
1078380 419.7
1078390 419.5
1078400 419.5
1078410 419.5
1078420 419.6
1078430 419.7
1078440 419.7
1078450 419.8
1078460 419.8
1078470 419.8
1078480 420.0
1078490 420.5
1078500 420.5
1078510 420.6
1078520 420.6
1078530 420.6
1078540 420.5
1078550 420.3
1078560 420.3
1078570 420.2
1078580 420.2
1078590 420.2
1078600 420.1
1078610 419.8
1078620 419.7
1078630 419.7
1078640 419.7
1078650 419.6
1078660 419.6
1078670 419.3
1078680 419.2
1078690 419.2
1078700 419.0
1078710 418.9
1078720 418.9
1078730 418.7
1078740 418.7
1078750 418.7
1078760 418.7
1078770 419.5
1078780 419.5
1078790 419.1
1078800 418.9
1078810 418.9
1078820 418.6
1078830 418.7
1078840 418.7
1078850 418.7
1078860 418.7
1078870 418.7
1078880 418.7
1078890 418.7
1078900 418.7
1078910 418.8
1078920 418.7
1078930 418.7
1078940 418.7
1078950 418.6
1078960 418.5
1078970 418.5
1078980 418.4
1078990 418.4
1079000 418.4
1079010 418.2
1079020 418.3
1079030 418.3
1079040 418.3
1079050 418.7
1079060 418.7
1079070 418.5
1079080 418.3
1079090 418.3
1079100 418.3
1079110 418.2
1079120 418.2
1079130 418.2
1079140 417.9
1079150 417.9
1079160 417.9
1079170 417.8
1079180 417.8
1079190 417.5
1079200 417.3
1079210 417.3
1079220 417.7
1079230 419.9
1079240 424.2
1079250 424.2
1079260 428.8
1079270 433.9
1079280 433.9
1079290 441.1
1079300 449.8
1079310 449.8
1079320 458.3
1079330 467.3
1079340 467.3
1079350 476.9
1079360 485.3
1079370 492.6
1079380 497.4
1079390 498.8
1079400 498.8
1079410 501.0
1079420 506.5
1079430 506.5
1079440 515.5
1079450 531.1
1079460 531.1
1079470 548.4
1079480 564.9
1079490 564.9
1079500 583.4
1079510 596.5
1079520 607.7
1079530 607.7
1079540 618.3
1079550 634.8
1079560 634.8
1079570 680.4
1079580 688.5
1079590 688.5
1079600 683.2
1079610 676.3
1079620 676.3
1079630 668.7
1079640 660.3
1079650 660.3
1079660 646.4
1079670 636.2
1079680 638.0
1079690 630.0
1079700 622.4
1079710 622.4
1079720 615.0
1079730 607.5
1079740 607.5
1079750 600.5
1079760 594.3
1079770 594.3
1079780 588.4
1079790 582.8
1079800 582.8
1079810 578.1
1079820 574.5
1079830 572.2
1079840 572.2
1079850 571.4
1079860 570.4
1079870 570.4
1079880 567.7
1079890 564.9
1079900 564.9
1079910 562.2
1079920 558.2
1079930 558.2
1079940 556.3
1079950 556.3
1079960 556.3
1079970 557.8
1079980 560.9
1079990 560.9
