1071350 412.8
1071360 412.9
1071370 412.9
1071380 412.9
1071390 412.6
1071400 412.6
1071410 411.6
1071420 410.7
1071430 410.7
1071440 411.0
1071450 412.1
1071460 412.1
1071470 413.4
1071480 414.0
1071490 414.0
1071500 414.9
1071510 416.6
1071520 416.6
1071530 416.7
1071540 415.2
1071550 415.2
1071560 413.6
1071570 412.8
1071580 412.8
1071590 412.8
1071600 412.7
1071610 412.7
1071620 412.7
1071630 412.6
1071640 412.5
1071650 412.5
1071660 412.5
1071670 412.5
1071680 412.5
1071690 413.5
1071700 413.9
1071710 413.9
1071720 411.8
1071730 409.7
1071740 409.7
1071750 409.0
1071760 408.9
1071770 408.9
1071780 408.9
1071790 408.9
1071800 408.9
1071810 408.9
1071820 408.9
1071830 408.9
1071840 408.9
1071850 409.0
1071860 409.0
1071870 410.2
1071880 411.3
1071890 413.2
1071900 413.2
1071910 414.0
1071920 412.7
1071930 412.7
1071940 412.3
1071950 412.3
1071960 412.3
1071970 412.4
1071980 412.5
1071990 412.5
1072000 413.3
1072010 415.1
1072020 415.1
1072030 416.3
1072040 415.7
1072050 415.7
1072060 413.4
1072070 412.2
1072080 412.2
1072090 411.7
1072100 411.4
1072110 411.4
1072120 411.0
1072130 410.9
1072140 410.9
1072150 411.4
1072160 411.5
1072170 411.5
1072180 411.5
1072190 411.6
1072200 411.6
1072210 411.6
1072220 411.7
1072230 411.6
1072240 411.6
1072250 411.7
1072260 411.7
1072270 412.8
1072280 414.3
1072290 415.6
1072300 415.6
1072310 416.2
1072320 416.4
1072330 416.4
1072340 416.5
1072350 416.3
1072360 416.3
1072370 415.7
1072380 416.0
1072390 416.0
1072400 414.3
1072410 414.0
1072420 414.0
1072430 414.0
1072440 414.1
1072450 414.1
1072460 414.2
1072470 414.3
1072480 414.3
1072490 414.3
1072500 414.4
1072510 414.4
1072520 414.4
1072530 414.3
1072540 414.2
1072550 414.2
1072560 414.3
1072570 414.4
1072580 414.5
1072590 414.5
1072600 414.5
1072610 414.5
1072620 414.4
1072630 414.4
1072640 414.4
1072650 414.4
1072660 414.4
1072670 414.4
1072680 414.5
1072690 414.4
1072700 414.4
1072710 414.4
1072720 414.4
1072730 414.4
1072740 414.4
1072750 414.5
1072760 414.5
1072770 414.5
1072780 414.5
1072790 414.5
1072800 414.5
1072810 414.4
1072820 414.3
1072830 414.3
1072840 414.3
1072850 414.3
1072860 414.3
1072870 414.3
1072880 414.3
1072890 414.3
1072900 414.3
1072910 414.2
1072920 414.2
1072930 414.2
1072940 414.2
1072950 414.2
1072960 414.1
1072970 414.2
1072980 414.2
1072990 414.4
1073000 414.1
1073010 414.1
1073020 414.1
1073030 414.2
1073040 414.2
1073050 414.2
1073060 414.2
1073070 414.2
1073080 414.2
1073090 414.2
1073100 414.2
1073110 414.2
1073120 414.1
1073130 414.0
1073140 414.0
1073150 413.9
1073160 413.9
1073170 413.9
1073180 413.9
1073190 413.9
1073200 414.0
1073210 414.0
1073220 413.9
1073230 413.9
1073240 413.9
1073250 414.1
1073260 414.1
1073270 414.3
1073280 414.2
1073290 414.2
1073300 413.9
1073310 413.9
1073320 413.9
1073330 413.8
1073340 413.7
1073350 413.7
1073360 413.7
1073370 413.6
1073380 413.6
1073390 413.6
1073400 413.6
1073410 413.6
1073420 413.6
1073430 413.6
1073440 413.6
1073450 413.6
1073460 413.5
1073470 413.2
1073480 413.2
1073490 413.2
1073500 413.5
1073510 413.6
1073520 413.6
1073530 413.3
1073540 413.3
1073550 413.3
1073560 413.4
1073570 413.4
1073580 413.4
1073590 413.4
1073600 413.4
1073610 413.4
1073620 413.4
1073630 413.4
1073640 413.4
1073650 413.5
1073660 413.5
1073670 413.5
1073680 413.5
1073690 413.5
1073700 413.5
1073710 413.6
1073720 413.6
1073730 413.5
1073740 413.5
1073750 413.4
1073760 413.4
1073770 413.4
1073780 413.3
1073790 413.3
1073800 413.2
1073810 413.1
1073820 413.1
1073830 413.1
1073840 413.1
1073850 413.1
1073860 413.1
1073870 413.2
1073880 413.2
1073890 413.2
1073900 413.5
1073910 413.5
1073920 413.3
1073930 412.9
1073940 412.9
1073950 412.6
1073960 412.5
1073970 412.5
1073980 412.6
1073990 412.7
1074000 412.7
1074010 412.7
1074020 412.6
1074030 412.6
1074040 412.6
1074050 412.6
1074060 412.5
1074070 412.5
1074080 412.5
1074090 412.5
1074100 412.5
1074110 412.4
1074120 412.4
1074130 412.6
1074140 412.6
1074150 412.5
1074160 412.5
1074170 412.4
1074180 412.4
1074190 412.4
1074200 412.3
1074210 412.3
1074220 412.3
1074230 412.3
1074240 412.2
1074250 412.2
1074260 412.3
1074270 412.8
1074280 412.8
1074290 412.5
1074300 412.1
1074310 412.1
1074320 411.8
1074330 411.7
1074340 411.7
1074350 411.7
1074360 411.6
1074370 411.5
1074380 411.5
1074390 411.5
1074400 411.6
1074410 411.6
1074420 411.6
1074430 411.6
1074440 411.6
1074450 411.7
1074460 411.7
1074470 411.7
1074480 411.7
1074490 411.6
1074500 411.6
1074510 411.6
1074520 411.6
1074530 411.6
1074540 411.5
1074550 411.5
1074560 411.5
1074570 411.6
1074580 411.6
1074590 411.6
1074600 411.5
1074610 411.6
1074620 411.6
1074630 411.7
1074640 411.9
1074650 411.9
1074660 412.0
1074670 412.0
1074680 412.0
1074690 412.0
1074700 411.9
1074710 411.8
1074720 411.8
1074730 411.7
1074740 411.8
1074750 411.8
1074760 412.5
1074770 412.3
1074780 412.3
1074790 411.8
1074800 410.9
1074810 410.9
1074820 409.4
1074830 408.4
1074840 408.4
1074850 407.4
1074860 407.1
1074870 407.1
1074880 406.9
1074890 406.9
1074900 406.9
1074910 407.0
1074920 407.0
1074930 407.0
1074940 406.9
1074950 406.8
1074960 406.8
1074970 406.8
1074980 406.8
1074990 406.9
1075000 406.9
1075010 406.9
1075020 406.9
1075030 406.9
1075040 407.3
1075050 408.4
1075060 408.4
1075070 408.2
1075080 407.3
1075090 407.3
1075100 407.1
1075110 407.1
1075120 407.1
1075130 407.1
1075140 407.0
1075150 407.0
1075160 407.0
1075170 407.0
1075180 407.0
1075190 406.9
1075200 406.9
1075210 406.9
1075220 407.0
1075230 407.0
1075240 407.0
1075250 407.0
1075260 407.1
1075270 408.1
1075280 408.1
1075290 409.6
1075300 411.2
1075310 411.2
1075320 412.3
1075330 412.5
1075340 412.5
1075350 412.5
1075360 412.6
1075370 412.6
1075380 415.4
1075390 415.3
1075400 415.3
1075410 414.7
1075420 413.6
1075430 413.6
1075440 412.7
1075450 412.5
1075460 412.5
1075470 412.4
1075480 412.3
1075490 412.3
1075500 412.4
1075510 412.5
1075520 412.5
1075530 412.5
1075540 412.7
1075550 412.7
1075560 412.6
1075570 412.7
1075580 412.3
1075590 412.3
1075600 410.8
1075610 410.2
1075620 410.2
1075630 410.1
1075640 409.9
1075650 409.9
1075660 410.0
1075670 410.2
1075680 410.2
1075690 410.0
1075700 410.2
1075710 410.2
1075720 410.2
1075730 410.2
1075740 410.2
1075750 410.3
1075760 410.4
1075770 410.4
1075780 410.4
1075790 410.4
1075800 410.4
1075810 410.3
1075820 410.3
1075830 410.3
1075840 410.3
1075850 410.3
1075860 410.3
1075870 410.2
1075880 410.1
1075890 410.0
1075900 410.0
1075910 410.0
1075920 409.9
1075930 409.9
1075940 410.0
1075950 410.1
1075960 410.1
1075970 410.1
1075980 410.3
1075990 410.3
1076000 410.2
1076010 410.1
1076020 410.1
1076030 410.2
1076040 410.2
1076050 410.2
1076060 410.2
1076070 410.2
1076080 410.2
1076090 410.1
1076100 410.1
1076110 410.1
1076120 410.1
1076130 410.2
1076140 410.2
1076150 410.2
1076160 410.3
1076170 410.3
1076180 410.3
1076190 410.3
1076200 410.4
1076210 410.4
1076220 410.4
1076230 410.4
1076240 410.4
1076250 410.3
1076260 410.3
1076270 410.3
1076280 410.2
1076290 410.2
1076300 410.2
1076310 410.1
1076320 410.1
1076330 410.1
1076340 410.1
1076350 409.6
1076360 409.6
1076370 408.0
1076380 408.9
1076390 408.9
1076400 409.4
1076410 409.5
1076420 409.5
1076430 409.6
1076440 409.5
1076450 409.5
1076460 409.9
1076470 410.2
1076480 410.2
1076490 410.5
1076500 410.5
1076510 410.6
1076520 410.6
1076530 410.6
1076540 409.0
1076550 409.0
1076560 410.6
1076570 410.5
1076580 410.5
1076590 410.0
1076600 409.5
1076610 409.5
1076620 409.3
1076630 409.1
1076640 409.1
1076650 409.0
1076660 408.9
1076670 408.9
1076680 409.0
1076690 408.9
1076700 408.9
1076710 408.9
1076720 408.9
1076730 408.9
1076740 408.9
1076750 409.0
1076760 409.0
1076770 409.1
1076780 409.2
1076790 409.2
1076800 409.2
1076810 409.2
1076820 409.2
1076830 409.2
1076840 409.4
1076850 409.1
1076860 409.1
1076870 409.1
1076880 409.2
1076890 409.2
1076900 409.2
1076910 409.3
1076920 409.3
1076930 409.4
1076940 409.5
1076950 409.5
1076960 409.6
1076970 409.3
1076980 409.3
1076990 409.3
1077000 409.4
1077010 409.4
1077020 409.4
1077030 409.5
1077040 409.5
1077050 409.4
1077060 409.4
1077070 409.4
1077080 409.5
1077090 409.8
1077100 409.8
1077110 410.0
1077120 410.0
1077130 410.3
1077140 410.3
1077150 410.9
1077160 410.8
1077170 410.8
1077180 410.4
1077190 410.6
1077200 410.6
1077210 410.8
1077220 411.0
1077230 411.0
1077240 411.2
1077250 411.2
1077260 411.2
1077270 411.3
1077280 411.2
1077290 411.2
1077300 411.2
1077310 411.1
1077320 411.1
1077330 411.2
1077340 411.3
1077350 411.3
1077360 411.4
1077370 411.6
1077380 411.6
1077390 411.8
1077400 411.8
1077410 411.8
1077420 411.8
1077430 411.7
1077440 411.7
1077450 411.7
1077460 411.7
1077470 411.7
1077480 411.7
1077490 411.6
1077500 411.5
1077510 411.5
1077520 411.4
1077530 411.8
1077540 411.8
1077550 411.8
1077560 411.8
1077570 412.0
1077580 411.9
1077590 411.9
1077600 411.9
1077610 412.0
1077620 412.0
1077630 412.0
1077640 412.1
1077650 412.3
1077660 412.3
1077670 412.5
1077680 412.6
1077690 412.6
1077700 412.6
1077710 412.6
1077720 412.6
1077730 412.8
1077740 414.9
1077750 415.5
1077760 415.5
1077770 415.6
1077780 415.4
1077790 415.4
1077800 415.5
1077810 415.6
1077820 415.6
1077830 415.6
1077840 415.6
1077850 415.6
1077860 415.6
1077870 415.6
1077880 415.5
1077890 415.7
1077900 415.8
1077910 415.8
1077920 415.8
1077930 415.8
1077940 415.8
1077950 416.1
1077960 416.4
1077970 416.4
1077980 416.3
1077990 416.1
1078000 416.1
1078010 416.1
1078020 415.9
1078030 416.0
1078040 416.0
1078050 416.1
1078060 416.0
1078070 416.0
1078080 415.8
1078090 415.7
1078100 415.7
1078110 415.3
1078120 415.2
1078130 415.2
1078140 415.4
1078150 415.3
1078160 415.3
1078170 415.3
1078180 415.3
1078190 415.4
1078200 415.4
1078210 415.4
1078220 415.4
1078230 415.3
1078240 414.8
1078250 414.8
1078260 415.0
1078270 415.4
1078280 415.4
1078290 415.4
1078300 415.3
1078310 415.3
1078320 415.3
1078330 415.7
1078340 417.7
1078350 417.7
1078360 418.3
1078370 417.6
1078380 417.6
1078390 415.9
1078400 415.0
1078410 415.0
1078420 414.9
1078430 415.0
1078440 415.0
1078450 415.2
1078460 415.1
1078470 415.1
1078480 414.9
1078490 414.8
1078500 414.8
1078510 414.8
1078520 414.7
1078530 414.7
1078540 414.8
1078550 414.7
1078560 414.7
1078570 414.7
1078580 414.9
1078590 414.9
1078600 415.0
1078610 415.0
1078620 415.0
1078630 415.2
1078640 415.2
1078650 415.4
1078660 415.4
1078670 415.3
1078680 415.2
1078690 415.2
1078700 415.2
1078710 415.0
1078720 415.0
1078730 415.1
1078740 415.2
1078750 415.2
1078760 415.2
1078770 415.1
1078780 415.1
1078790 415.1
1078800 415.2
1078810 415.2
1078820 415.1
1078830 415.1
1078840 415.1
1078850 415.2
1078860 415.0
1078870 415.0
1078880 415.0
1078890 415.0
1078900 415.0
1078910 414.9
1078920 414.9
1078930 414.9
1078940 415.0
1078950 415.0
1078960 415.0
1078970 415.0
1078980 415.0
1078990 415.1
1079000 415.1
1079010 415.3
1079020 415.2
1079030 415.2
1079040 415.2
1079050 414.8
1079060 414.8
1079070 414.7
1079080 414.8
1079090 414.8
1079100 414.8
1079110 414.8
1079120 414.8
1079130 414.6
1079140 414.5
1079150 414.5
1079160 414.4
1079170 414.4
1079180 414.4
1079190 414.4
1079200 414.4
1079210 414.4
1079220 414.5
1079230 414.5
1079240 414.5
1079250 414.3
1079260 414.4
1079270 414.2
1079280 414.2
1079290 414.2
1079300 414.2
1079310 414.2
1079320 414.3
1079330 414.3
1079340 414.3
1079350 414.3
1079360 414.4
1079370 414.4
1079380 414.4
1079390 414.5
1079400 414.5
1079410 414.7
1079420 414.8
1079430 414.8
1079440 414.9
1079450 415.3
1079460 415.3
1079470 415.2
1079480 415.2
1079490 415.2
1079500 419.2
1079510 431.0
1079520 431.0
1079530 449.4
1079540 480.7
1079550 480.7
1079560 510.6
1079570 543.9
1079580 548.2
1079590 548.2
1079600 569.4
1079610 585.9
1079620 585.9
1079630 594.3
1079640 596.2
1079650 596.2
1079660 594.0
1079670 590.7
1079680 590.7
1079690 587.6
1079700 583.7
1079710 583.7
1079720 580.2
1079730 576.8
1079740 576.8
1079750 573.4
1079760 571.7
1079770 572.6
1079780 571.5
1079790 570.8
1079800 570.8
1079810 570.0
1079820 568.6
1079830 568.6
1079840 566.7
1079850 564.4
1079860 564.4
1079870 562.3
1079880 560.9
1079890 559.1
1079900 559.1
1079910 556.6
1079920 553.7
1079930 553.7
1079940 551.1
1079950 549.3
1079960 549.3
1079970 548.2
1079980 547.7
1079990 547.7
