1072690 408.0
1072700 408.0
1072710 408.1
1072720 408.1
1072730 408.1
1072740 407.8
1072750 406.7
1072760 406.7
1072770 407.8
1072780 409.6
1072790 409.6
1072800 411.2
1072810 412.1
1072820 412.1
1072830 414.0
1072840 414.6
1072850 414.6
1072860 412.8
1072870 411.2
1072880 411.2
1072890 410.3
1072900 410.0
1072910 410.0
1072920 410.0
1072930 410.0
1072940 409.9
1072950 409.9
1072960 409.8
1072970 409.8
1072980 409.8
1072990 410.2
1073000 411.9
1073010 411.9
1073020 410.5
1073030 407.9
1073040 407.9
1073050 407.4
1073060 407.4
1073070 407.4
1073080 407.4
1073090 407.3
1073100 407.3
1073110 407.3
1073120 407.3
1073130 407.3
1073140 407.6
1073150 410.5
1073160 410.5
1073170 412.4
1073180 410.8
1073190 410.8
1073200 410.1
1073210 410.2
1073220 410.2
1073230 410.3
1073240 410.3
1073250 411.4
1073260 411.4
1073270 413.3
1073280 414.5
1073290 414.5
1073300 413.4
1073310 410.6
1073320 410.6
1073330 407.9
1073340 406.7
1073350 406.7
1073360 406.1
1073370 406.0
1073380 406.0
1073390 406.3
1073400 406.3
1073410 406.3
1073420 406.4
1073430 406.4
1073440 406.4
1073450 406.4
1073460 406.4
1073470 406.4
1073480 406.4
1073490 406.5
1073500 406.5
1073510 406.5
1073520 406.5
1073530 406.5
1073540 406.6
1073550 406.6
1073560 406.6
1073570 406.6
1073580 406.6
1073590 406.5
1073600 406.5
1073610 406.5
1073620 406.7
1073630 406.7
1073640 406.8
1073650 406.6
1073660 406.6
1073670 406.6
1073680 406.6
1073690 406.6
1073700 406.8
1073710 406.8
1073720 406.8
1073730 406.8
1073740 406.8
1073750 406.8
1073760 406.7
1073770 406.8
1073780 406.8
1073790 406.8
1073800 406.7
1073810 406.7
1073820 406.8
1073830 406.8
1073840 406.8
1073850 406.7
1073860 406.7
1073870 406.7
1073880 406.7
1073890 406.7
1073900 406.7
1073910 406.7
1073920 406.6
1073930 406.5
1073940 406.5
1073950 406.5
1073960 406.6
1073970 406.6
1073980 406.6
1073990 406.6
1074000 406.6
1074010 406.6
1074020 406.6
1074030 406.6
1074040 406.6
1074050 406.6
1074060 406.6
1074070 406.7
1074080 407.0
1074090 407.0
1074100 407.1
1074110 406.9
1074120 406.9
1074130 406.8
1074140 406.7
1074150 406.7
1074160 406.7
1074170 406.7
1074180 406.7
1074190 406.7
1074200 406.8
1074210 406.7
1074220 406.7
1074230 406.8
1074240 406.9
1074250 406.9
1074260 407.0
1074270 407.1
1074280 407.1
1074290 407.2
1074300 407.3
1074310 407.3
1074320 407.6
1074330 407.8
1074340 407.8
1074350 407.9
1074360 407.9
1074370 407.9
1074380 407.6
1074390 407.8
1074400 407.8
1074410 407.9
1074420 408.0
1074430 408.0
1074440 408.2
1074450 408.4
1074460 408.4
1074470 408.4
1074480 408.4
1074490 408.5
1074500 408.5
1074510 408.5
1074520 408.6
1074530 408.6
1074540 408.9
1074550 408.8
1074560 408.8
1074570 408.8
1074580 408.9
1074590 408.9
1074600 409.2
1074610 409.0
1074620 409.0
1074630 408.9
1074640 408.7
1074650 408.7
1074660 408.3
1074670 408.4
1074680 408.4
1074690 408.7
1074700 408.4
1074710 408.4
1074720 408.2
1074730 407.9
1074740 407.9
1074750 408.1
1074760 408.4
1074770 408.4
1074780 408.8
1074790 409.8
1074800 410.0
1074810 410.0
1074820 409.3
1074830 409.6
1074840 409.6
1074850 409.8
1074860 408.9
1074870 408.9
1074880 408.8
1074890 408.8
1074900 408.8
1074910 408.7
1074920 408.5
1074930 408.5
1074940 408.4
1074950 408.4
1074960 408.4
1074970 408.4
1074980 408.5
1074990 408.5
1075000 408.5
1075010 408.5
1075020 408.5
1075030 408.5
1075040 408.5
1075050 408.5
1075060 408.1
1075070 408.3
1075080 408.3
1075090 408.1
1075100 408.0
1075110 408.1
1075120 408.1
1075130 408.6
1075140 408.6
1075150 408.6
1075160 408.4
1075170 408.4
1075180 408.4
1075190 408.8
1075200 409.0
1075210 409.0
1075220 409.4
1075230 409.2
1075240 409.2
1075250 407.8
1075260 407.9
1075270 407.9
1075280 408.0
1075290 407.9
1075300 407.9
1075310 407.8
1075320 407.8
1075330 407.8
1075340 407.9
1075350 408.1
1075360 408.1
1075370 408.1
1075380 407.9
1075390 407.9
1075400 407.8
1075410 407.8
1075420 407.7
1075430 407.7
1075440 407.6
1075450 407.7
1075460 407.7
1075470 407.7
1075480 407.7
1075490 407.7
1075500 407.7
1075510 407.6
1075520 407.6
1075530 407.7
1075540 407.8
1075550 407.8
1075560 407.7
1075570 407.7
1075580 407.7
1075590 407.6
1075600 407.7
1075610 407.7
1075620 407.7
1075630 407.5
1075640 407.5
1075650 407.2
1075660 407.8
1075670 407.8
1075680 408.5
1075690 408.8
1075700 408.8
1075710 408.0
1075720 407.9
1075730 407.9
1075740 407.9
1075750 407.6
1075760 407.5
1075770 407.5
1075780 407.5
1075790 407.5
1075800 407.5
1075810 407.6
1075820 407.8
1075830 407.8
1075840 408.2
1075850 409.4
1075860 409.4
1075870 409.4
1075880 409.3
1075890 409.3
1075900 408.5
1075910 407.9
1075920 407.9
1075930 408.1
1075940 408.3
1075950 408.3
1075960 408.5
1075970 408.7
1075980 408.7
1075990 409.0
1076000 409.0
1076010 409.0
1076020 409.8
1076030 410.4
1076040 410.3
1076050 410.3
1076060 409.9
1076070 409.4
1076080 409.4
1076090 409.1
1076100 409.2
1076110 409.2
1076120 409.4
1076130 409.6
1076140 409.6
1076150 409.7
1076160 409.5
1076170 409.5
1076180 409.3
1076190 409.3
1076200 409.3
1076210 409.3
1076220 409.3
1076230 409.3
1076240 409.4
1076250 409.4
1076260 409.4
1076270 409.5
1076280 409.6
1076290 409.6
1076300 409.6
1076310 409.9
1076320 409.9
1076330 410.1
1076340 410.3
1076350 410.4
1076360 410.4
1076370 410.3
1076380 410.4
1076390 410.4
1076400 410.4
1076410 410.5
1076420 410.5
1076430 410.8
1076440 410.9
1076450 410.9
1076460 410.7
1076470 410.5
1076480 410.5
1076490 410.6
1076500 410.8
1076510 410.8
1076520 410.9
1076530 411.1
1076540 411.1
1076550 411.3
1076560 411.4
1076570 411.4
1076580 411.8
1076590 411.0
1076600 411.0
1076610 407.1
1076620 405.9
1076630 405.9
1076640 405.8
1076650 405.8
1076660 406.2
1076670 406.2
1076680 407.3
1076690 407.9
1076700 407.9
1076710 407.9
1076720 407.9
1076730 407.9
1076740 407.8
1076750 407.3
1076760 407.3
1076770 405.7
1076780 405.6
1076790 405.6
1076800 405.6
1076810 405.7
1076820 405.7
1076830 405.7
1076840 405.7
1076850 405.7
1076860 406.4
1076870 408.5
1076880 408.5
1076890 410.9
1076900 411.2
1076910 411.2
1076920 411.0
1076930 410.7
1076940 410.7
1076950 410.4
1076960 410.1
1076970 410.0
1076980 410.0
1076990 410.2
1077000 410.6
1077010 410.6
1077020 412.5
1077030 414.0
1077040 414.0
1077050 414.1
1077060 414.0
1077070 414.0
1077080 412.7
1077090 409.2
1077100 409.2
1077110 408.5
1077120 408.3
1077130 408.4
1077140 408.5
1077150 408.7
1077160 408.7
1077170 408.8
1077180 408.8
1077190 408.8
1077200 408.7
1077210 408.6
1077220 408.6
1077230 408.5
1077240 408.6
1077250 408.6
1077260 408.6
1077270 408.2
1077280 408.2
1077290 408.2
1077300 408.2
1077310 408.2
1077320 408.2
1077330 408.2
1077340 408.1
1077350 408.1
1077360 408.1
1077370 408.1
1077380 408.1
1077390 408.1
1077400 408.1
1077410 408.1
1077420 408.1
1077430 408.2
1077440 408.2
1077450 407.9
1077460 408.0
1077470 408.0
1077480 408.2
1077490 408.1
1077500 408.1
1077510 407.9
1077520 407.2
1077530 407.2
1077540 405.4
1077550 405.1
1077560 405.1
1077570 407.5
1077580 408.4
1077590 408.6
1077600 408.6
1077610 408.2
1077620 407.9
1077630 407.9
1077640 408.1
1077650 408.2
1077660 408.2
1077670 408.2
1077680 408.3
1077690 408.3
1077700 408.3
1077710 408.3
1077720 408.3
1077730 408.3
1077740 408.3
1077750 408.4
1077760 408.5
1077770 408.5
1077780 408.5
1077790 408.6
1077800 408.5
1077810 408.5
1077820 408.5
1077830 408.6
1077840 408.6
1077850 408.5
1077860 408.6
1077870 408.6
1077880 408.8
1077890 408.8
1077900 408.9
1077910 408.9
1077920 408.8
1077930 408.5
1077940 408.5
1077950 408.5
1077960 408.7
1077970 408.7
1077980 408.7
1077990 408.6
1078000 408.6
1078010 408.6
1078020 408.6
1078030 408.6
1078040 408.5
1078050 408.3
1078060 408.3
1078070 408.4
1078080 408.4
1078090 408.4
1078100 408.8
1078110 408.8
1078120 408.8
1078130 409.0
1078140 408.9
1078150 408.9
1078160 408.3
1078170 408.1
1078180 408.1
1078190 408.3
1078200 408.4
1078210 408.4
1078220 408.4
1078230 408.1
1078240 408.1
1078250 408.1
1078260 408.2
1078270 408.2
1078280 408.2
1078290 408.5
1078300 408.5
1078310 408.5
1078320 408.5
1078330 408.4
1078340 408.4
1078350 408.3
1078360 408.3
1078370 408.3
1078380 408.6
1078390 408.6
1078400 408.6
1078410 408.6
1078420 408.6
1078430 408.6
1078440 408.7
1078450 408.7
1078460 408.7
1078470 408.8
1078480 408.9
1078490 408.9
1078500 408.8
1078510 408.7
1078520 408.7
1078530 408.7
1078540 408.6
1078550 408.8
1078560 408.8
1078570 409.1
1078580 409.3
1078590 409.3
1078600 409.5
1078610 409.6
1078620 409.6
1078630 409.6
1078640 409.7
1078650 409.7
1078660 409.7
1078670 409.6
1078680 409.6
1078690 409.6
1078700 409.7
1078710 409.7
1078720 409.7
1078730 409.6
1078740 409.6
1078750 409.5
1078760 409.6
1078770 409.6
1078780 410.2
1078790 410.0
1078800 410.0
1078810 409.0
1078820 409.0
1078830 409.0
1078840 409.0
1078850 408.9
1078860 409.0
1078870 409.0
1078880 409.0
1078890 409.0
1078900 409.0
1078910 409.1
1078920 409.2
1078930 409.2
1078940 409.2
1078950 409.3
1078960 409.3
1078970 409.4
1078980 409.5
1078990 409.5
1079000 410.1
1079010 410.3
1079020 410.3
1079030 410.7
1079040 410.3
1079050 410.3
1079060 410.3
1079070 410.1
1079080 410.1
1079090 410.0
1079100 410.4
1079110 410.4
1079120 409.9
1079130 409.6
1079140 409.7
1079150 409.7
1079160 409.8
1079170 409.8
1079180 409.8
1079190 409.9
1079200 409.9
1079210 409.9
1079220 409.9
1079230 409.9
1079240 409.9
1079250 410.0
1079260 410.1
1079270 410.1
1079280 410.1
1079290 410.1
1079300 410.1
1079310 410.2
1079320 410.2
1079330 410.2
1079340 410.2
1079350 410.2
1079360 410.2
1079370 410.2
1079380 410.3
1079390 410.3
1079400 410.3
1079410 410.4
1079420 410.4
1079430 410.4
1079440 410.4
1079450 410.5
1079460 410.5
1079470 410.6
1079480 410.6
1079490 410.6
1079500 410.7
1079510 410.8
1079520 410.8
1079530 410.7
1079540 410.7
1079550 410.7
1079560 410.7
1079570 410.7
1079580 410.7
1079590 410.6
1079600 410.7
1079610 410.7
1079620 410.8
1079630 410.9
1079640 410.9
1079650 410.9
1079660 411.1
1079670 411.1
1079680 411.1
1079690 411.2
1079700 411.2
1079710 411.3
1079720 411.4
1079730 411.4
1079740 411.5
1079750 411.5
1079760 411.6
1079770 411.6
1079780 411.6
1079790 411.6
1079800 411.6
1079810 411.7
1079820 411.8
1079830 411.8
1079840 411.9
1079850 412.0
1079860 412.0
1079870 412.1
1079880 412.1
1079890 412.1
1079900 412.2
1079910 412.3
1079920 412.3
1079930 412.4
1079940 413.0
1079950 412.6
1079960 413.0
1079970 413.1
1079980 413.1
1079990 412.9
