1073530 410.8
1073540 410.8
1073550 412.0
1073560 411.3
1073570 411.3
1073580 411.8
1073590 413.6
1073600 411.8
1073610 410.9
1073620 409.5
1073630 409.0
1073640 409.0
1073650 408.9
1073660 408.8
1073670 408.8
1073680 408.7
1073690 408.7
1073700 408.7
1073710 408.7
1073720 408.8
1073730 408.8
1073740 410.9
1073750 411.0
1073760 411.0
1073770 407.2
1073780 405.9
1073790 405.9
1073800 406.0
1073810 406.0
1073820 406.0
1073830 405.9
1073840 405.9
1073850 405.9
1073860 405.9
1073870 406.4
1073880 406.4
1073890 409.6
1073900 410.5
1073910 410.5
1073920 409.1
1073930 409.0
1073940 409.0
1073950 409.0
1073960 409.1
1073970 410.1
1073980 410.1
1073990 413.4
1074000 413.9
1074010 413.9
1074020 413.6
1074030 413.4
1074040 413.4
1074050 413.2
1074060 413.0
1074070 413.0
1074080 412.9
1074090 412.9
1074100 412.9
1074110 412.7
1074120 412.4
1074130 412.4
1074140 412.0
1074150 411.1
1074160 411.1
1074170 410.3
1074180 409.5
1074190 409.5
1074200 408.9
1074210 408.3
1074220 408.3
1074230 407.9
1074240 410.0
1074250 409.7
1074260 409.7
1074270 409.3
1074280 409.0
1074290 409.0
1074300 408.5
1074310 408.2
1074320 408.2
1074330 408.0
1074340 407.6
1074350 407.6
1074360 407.3
1074370 407.1
1074380 407.1
1074390 407.0
1074400 406.9
1074410 406.9
1074420 406.4
1074430 406.2
1074440 406.2
1074450 406.5
1074460 406.5
1074470 406.5
1074480 406.1
1074490 406.1
1074500 406.1
1074510 406.0
1074520 406.2
1074530 406.2
1074540 406.2
1074550 406.2
1074560 406.3
1074570 406.3
1074580 406.2
1074590 406.2
1074600 406.2
1074610 406.3
1074620 406.5
1074630 406.5
1074640 406.5
1074650 406.5
1074660 406.5
1074670 406.6
1074680 406.7
1074690 406.7
1074700 406.7
1074710 406.7
1074720 406.7
1074730 406.8
1074740 406.6
1074750 406.6
1074760 406.5
1074770 406.5
1074780 406.5
1074790 406.5
1074800 406.6
1074810 406.6
1074820 407.6
1074830 408.0
1074840 408.0
1074850 408.0
1074860 408.0
1074870 407.5
1074880 407.5
1074890 406.6
1074900 406.9
1074910 406.9
1074920 407.5
1074930 406.5
1074940 406.5
1074950 406.2
1074960 406.4
1074970 406.4
1074980 406.8
1074990 406.8
1075000 406.8
1075010 406.3
1075020 406.1
1075030 406.1
1075040 406.2
1075050 406.0
1075060 406.0
1075070 405.9
1075080 405.9
1075090 405.9
1075100 405.9
1075110 405.8
1075120 405.8
1075130 405.9
1075140 405.9
1075150 405.9
1075160 406.0
1075170 406.4
1075180 406.4
1075190 406.4
1075200 406.4
1075210 406.1
1075220 406.1
1075230 405.9
1075240 406.1
1075250 406.1
1075260 407.0
1075270 407.2
1075280 407.2
1075290 406.8
1075300 406.6
1075310 406.6
1075320 406.7
1075330 407.4
1075340 407.4
1075350 408.1
1075360 407.2
1075370 407.2
1075380 407.1
1075390 406.8
1075400 406.8
1075410 406.5
1075420 406.8
1075430 406.8
1075440 407.6
1075450 407.2
1075460 407.2
1075470 407.4
1075480 406.8
1075490 406.8
1075500 406.9
1075510 406.8
1075520 406.7
1075530 406.7
1075540 407.5
1075550 407.5
1075560 407.5
1075570 406.9
1075580 406.8
1075590 406.8
1075600 406.9
1075610 407.0
1075620 407.0
1075630 407.0
1075640 407.1
1075650 407.1
1075660 407.3
1075670 407.2
1075680 407.2
1075690 406.8
1075700 406.8
1075710 406.8
1075720 407.0
1075730 407.0
1075740 407.0
1075750 406.8
1075760 406.8
1075770 406.8
1075780 406.8
1075790 406.4
1075800 406.4
1075810 406.3
1075820 406.2
1075830 406.2
1075840 406.2
1075850 406.2
1075860 406.3
1075870 406.3
1075880 406.4
1075890 406.3
1075900 406.3
1075910 406.3
1075920 406.5
1075930 406.5
1075940 407.0
1075950 407.1
1075960 407.1
1075970 407.0
1075980 407.0
1075990 407.0
1076000 407.1
1076010 407.1
1076020 407.1
1076030 407.3
1076040 408.0
1076050 408.0
1076060 408.7
1076070 409.1
1076080 409.1
1076090 409.0
1076100 407.5
1076110 407.2
1076120 407.1
1076130 407.1
1076140 407.1
1076150 407.1
1076160 407.1
1076170 407.2
1076180 407.2
1076190 407.3
1076200 407.3
1076210 407.3
1076220 407.2
1076230 407.2
1076240 407.2
1076250 407.3
1076260 407.4
1076270 407.4
1076280 407.4
1076290 407.5
1076300 407.5
1076310 407.5
1076320 407.5
1076330 407.5
1076340 407.6
1076350 407.7
1076360 407.7
1076370 408.0
1076380 408.2
1076390 408.2
1076400 408.2
1076410 408.1
1076420 408.1
1076430 408.2
1076440 408.5
1076450 408.9
1076460 408.9
1076470 409.0
1076480 408.9
1076490 408.9
1076500 408.9
1076510 409.0
1076520 409.0
1076530 409.1
1076540 409.2
1076550 409.2
1076560 409.4
1076570 409.6
1076580 409.6
1076590 409.7
1076600 409.7
1076610 409.7
1076620 409.6
1076630 409.5
1076640 409.5
1076650 409.5
1076660 409.6
1076670 409.6
1076680 409.7
1076690 409.7
1076700 409.7
1076710 409.8
1076720 409.8
1076730 410.0
1076740 410.0
1076750 410.2
1076760 410.6
1076770 410.6
1076780 410.7
1076790 407.6
1076800 407.6
1076810 406.2
1076820 405.3
1076830 405.3
1076840 405.2
1076850 405.2
1076860 405.2
1076870 405.2
1076880 405.2
1076890 405.2
1076900 405.2
1076910 405.5
1076920 405.5
1076930 405.4
1076940 405.1
1076950 405.1
1076960 405.1
1076970 405.1
1076980 405.1
1076990 405.1
1077000 405.2
1077010 405.2
1077020 405.2
1077030 405.2
1077040 405.2
1077050 405.2
1077060 405.2
1077070 405.3
1077080 405.3
1077090 405.4
1077100 405.4
1077110 405.4
1077120 405.5
1077130 406.9
1077140 406.9
1077150 411.5
1077160 411.1
1077170 411.1
1077180 408.4
1077190 408.4
1077200 408.4
1077210 408.5
1077220 408.6
1077230 408.6
1077240 408.6
1077250 408.5
1077260 408.5
1077270 408.7
1077280 408.6
1077290 408.6
1077300 408.5
1077310 408.5
1077320 408.5
1077330 408.2
1077340 408.0
1077350 408.0
1077360 407.8
1077370 407.6
1077380 407.6
1077390 407.4
1077400 407.2
1077410 407.2
1077420 407.2
1077430 407.1
1077440 407.0
1077450 407.0
1077460 406.9
1077470 406.9
1077480 406.9
1077490 406.8
1077500 406.4
1077510 406.4
1077520 406.9
1077530 406.9
1077540 406.9
1077550 406.9
1077560 406.9
1077570 406.9
1077580 406.8
1077590 406.8
1077600 406.8
1077610 406.7
1077620 406.8
1077630 406.8
1077640 406.9
1077650 407.6
1077660 407.6
1077670 407.7
1077680 407.4
1077690 407.4
1077700 406.8
1077710 406.5
1077720 406.5
1077730 406.5
1077740 406.5
1077750 406.5
1077760 406.5
1077770 406.5
1077780 406.5
1077790 406.5
1077800 406.5
1077810 406.5
1077820 406.5
1077830 406.5
1077840 406.5
1077850 406.5
1077860 407.0
1077870 407.5
1077880 407.5
1077890 407.5
1077900 407.6
1077910 407.6
1077920 407.7
1077930 407.7
1077940 407.7
1077950 407.7
1077960 407.8
1077970 407.8
1077980 408.6
1077990 409.7
1078000 409.7
1078010 409.7
1078020 409.8
1078030 407.4
1078040 407.4
1078050 404.9
1078060 404.5
1078070 404.5
1078080 405.1
1078090 406.4
1078100 406.4
1078110 408.8
1078120 408.5
1078130 408.5
1078140 407.9
1078150 407.7
1078160 407.7
1078170 407.6
1078180 407.6
1078190 407.6
1078200 407.8
1078210 408.1
1078220 408.1
1078230 408.3
1078240 408.1
1078250 408.1
1078260 407.8
1078270 407.9
1078280 407.9
1078290 408.0
1078300 408.0
1078310 408.0
1078320 408.1
1078330 408.1
1078340 408.1
1078350 408.1
1078360 408.2
1078370 408.2
1078380 408.2
1078390 408.2
1078400 408.2
1078410 408.2
1078420 408.3
1078430 408.3
1078440 408.3
1078450 408.2
1078460 408.1
1078470 408.1
1078480 408.0
1078490 407.9
1078500 407.9
1078510 407.7
1078520 407.5
1078530 407.5
1078540 407.4
1078550 407.4
1078560 407.4
1078570 407.4
1078580 407.4
1078590 407.4
1078600 407.2
1078610 407.2
1078620 407.2
1078630 407.4
1078640 407.5
1078650 407.6
1078660 407.6
1078670 407.6
1078680 407.7
1078690 407.7
1078700 407.8
1078710 407.9
1078720 407.9
1078730 407.9
1078740 407.9
1078750 407.9
1078760 407.9
1078770 408.0
1078780 408.0
1078790 407.9
1078800 407.8
1078810 407.8
1078820 407.8
1078830 407.9
1078840 407.9
1078850 407.9
1078860 408.0
1078870 408.0
1078880 408.0
1078890 408.0
1078900 408.0
1078910 408.0
1078920 408.1
1078930 408.0
1078940 408.1
1078950 408.2
1078960 408.6
1078970 408.6
1078980 408.5
1078990 408.2
1079000 408.2
1079010 408.2
1079020 408.3
1079030 408.3
1079040 408.3
1079050 408.4
1079060 408.4
1079070 408.5
1079080 408.5
1079090 408.5
1079100 408.5
1079110 408.5
1079120 408.5
1079130 408.7
1079140 408.7
1079150 408.7
1079160 408.8
1079170 408.7
1079180 408.7
1079190 408.8
1079200 408.7
1079210 408.7
1079220 408.7
1079230 408.9
1079240 409.0
1079250 409.0
1079260 408.8
1079270 408.9
1079280 408.9
1079290 409.0
1079300 409.0
1079310 409.0
1079320 409.1
1079330 409.0
1079340 409.0
1079350 409.0
1079360 409.0
1079370 409.0
1079380 409.1
1079390 409.3
1079400 409.3
1079410 409.3
1079420 409.5
1079430 409.5
1079440 409.7
1079450 410.3
1079460 410.3
1079470 410.0
1079480 409.9
1079490 409.9
1079500 410.1
1079510 410.2
1079520 410.2
1079530 410.4
1079540 410.6
1079550 410.6
1079560 410.6
1079570 410.7
1079580 410.7
1079590 410.7
1079600 410.9
1079610 411.0
1079620 411.0
1079630 411.1
1079640 411.2
1079650 411.2
1079660 411.3
1079670 411.3
1079680 411.3
1079690 411.4
1079700 411.4
1079710 411.4
1079720 411.5
1079730 411.6
1079740 411.6
1079750 411.7
1079760 411.7
1079770 411.7
1079780 411.8
1079790 411.7
1079800 411.7
1079810 411.7
1079820 411.7
1079830 411.7
1079840 411.6
1079850 411.7
1079860 411.7
1079870 411.6
1079880 411.6
1079890 411.6
1079900 411.7
1079910 411.8
1079920 411.8
1079930 411.8
1079940 411.8
1079950 411.9
1079960 411.9
1079970 411.9
1079980 412.2
1079990 412.2
