1073910 407.2
1073920 406.8
1073930 407.2
1073940 407.2
1073950 407.5
1073960 407.8
1073970 407.8
1073980 408.3
1073990 407.4
1074000 407.4
1074010 407.1
1074020 407.0
1074030 407.0
1074040 406.9
1074050 407.0
1074060 407.0
1074070 407.7
1074080 407.9
1074090 407.9
1074100 407.8
1074110 407.7
1074120 407.7
1074130 407.7
1074140 407.8
1074150 407.8
1074160 407.8
1074170 407.5
1074180 407.5
1074190 407.2
1074200 406.9
1074210 406.9
1074220 407.2
1074230 407.6
1074240 407.6
1074250 407.1
1074260 407.0
1074270 407.7
1074280 407.7
1074290 407.3
1074300 406.7
1074310 406.7
1074320 406.4
1074330 406.5
1074340 406.5
1074350 407.6
1074360 407.8
1074370 407.8
1074380 407.3
1074390 407.0
1074400 407.0
1074410 406.6
1074420 406.8
1074430 406.8
1074440 407.0
1074450 406.8
1074460 406.8
1074470 406.6
1074480 406.6
1074490 406.6
1074500 406.8
1074510 406.9
1074520 406.9
1074530 406.8
1074540 406.7
1074550 406.7
1074560 406.7
1074570 406.6
1074580 406.7
1074590 406.7
1074600 406.7
1074610 406.7
1074620 406.7
1074630 406.9
1074640 406.9
1074650 406.9
1074660 406.0
1074670 405.7
1074680 405.7
1074690 405.8
1074700 405.8
1074710 405.8
1074720 405.9
1074730 406.1
1074740 406.1
1074750 406.9
1074760 406.9
1074770 406.9
1074780 406.5
1074790 406.7
1074800 406.7
1074810 406.7
1074820 406.6
1074830 406.6
1074840 406.6
1074850 406.5
1074860 406.5
1074870 406.4
1074880 406.5
1074890 406.4
1074900 406.4
1074910 406.7
1074920 406.7
1074930 406.7
1074940 406.6
1074950 406.6
1074960 406.6
1074970 406.6
1074980 406.7
1074990 406.7
1075000 406.7
1075010 406.6
1075020 406.6
1075030 406.7
1075040 406.7
1075050 406.7
1075060 406.8
1075070 406.8
1075080 406.8
1075090 406.9
1075100 407.0
1075110 407.0
1075120 407.1
1075130 407.6
1075140 407.6
1075150 407.8
1075160 407.9
1075170 407.9
1075180 408.3
1075190 408.3
1075200 408.1
1075210 408.1
1075220 407.9
1075230 407.7
1075240 407.7
1075250 407.7
1075260 407.7
1075270 407.7
1075280 407.8
1075290 407.8
1075300 407.8
1075310 407.7
1075320 407.8
1075330 407.8
1075340 408.2
1075350 408.3
1075360 408.3
1075370 408.4
1075380 408.2
1075390 408.2
1075400 408.3
1075410 408.5
1075420 408.5
1075430 408.6
1075440 408.9
1075450 408.9
1075460 409.0
1075470 408.9
1075480 408.9
1075490 409.1
1075500 409.0
1075510 408.8
1075520 408.8
1075530 408.6
1075540 408.7
1075550 408.7
1075560 408.9
1075570 408.9
1075580 408.9
1075590 410.1
1075600 410.1
1075610 410.1
1075620 409.0
1075630 408.9
1075640 408.9
1075650 408.5
1075660 408.2
1075670 408.2
1075680 408.2
1075690 408.3
1075700 408.3
1075710 408.3
1075720 408.4
1075730 408.4
1075740 408.5
1075750 408.6
1075760 408.6
1075770 408.5
1075780 407.9
1075790 407.9
1075800 407.6
1075810 407.2
1075820 406.8
1075830 406.8
1075840 406.8
1075850 406.8
1075860 406.8
1075870 406.8
1075880 406.9
1075890 406.9
1075900 407.0
1075910 407.1
1075920 407.1
1075930 407.2
1075940 407.3
1075950 407.3
1075960 407.3
1075970 407.4
1075980 407.4
1075990 407.4
1076000 407.5
1076010 407.5
1076020 407.6
1076030 407.5
1076040 407.5
1076050 407.6
1076060 407.6
1076070 407.6
1076080 407.5
1076090 407.3
1076100 407.3
1076110 407.2
1076120 407.2
1076130 407.2
1076140 407.2
1076150 407.1
1076160 407.1
1076170 407.1
1076180 407.1
1076190 407.1
1076200 407.1
1076210 406.7
1076220 407.1
1076230 407.1
1076240 407.3
1076250 407.3
1076260 407.3
1076270 407.3
1076280 407.3
1076290 407.3
1076300 407.2
1076310 407.4
1076320 407.4
1076330 407.4
1076340 407.6
1076350 407.6
1076360 407.8
1076370 407.9
1076380 407.9
1076390 408.1
1076400 408.4
1076410 408.4
1076420 409.0
1076430 409.8
1076440 409.8
1076450 409.8
1076460 409.9
1076470 409.8
1076480 409.8
1076490 409.8
1076500 409.8
1076510 409.8
1076520 409.8
1076530 409.9
1076540 409.9
1076550 409.9
1076560 409.9
1076570 409.9
1076580 410.0
1076590 410.0
1076600 410.0
1076610 410.0
1076620 410.1
1076630 410.1
1076640 410.1
1076650 410.1
1076660 410.1
1076670 410.1
1076680 410.1
1076690 410.1
1076700 410.2
1076710 410.2
1076720 410.2
1076730 410.4
1076740 410.7
1076750 410.7
1076760 411.1
1076770 408.3
1076780 405.8
1076790 405.8
1076800 405.5
1076810 405.5
1076820 405.5
1076830 405.5
1076840 405.5
1076850 405.5
1076860 405.5
1076870 405.5
1076880 405.5
1076890 405.5
1076900 405.9
1076910 405.9
1076920 406.2
1076930 405.4
1076940 405.4
1076950 405.2
1076960 405.2
1076970 405.2
1076980 405.2
1076990 405.2
1077000 405.2
1077010 405.2
1077020 405.2
1077030 405.2
1077040 405.2
1077050 405.2
1077060 405.2
1077070 405.2
1077080 405.2
1077090 405.2
1077100 405.2
1077110 405.2
1077120 406.0
1077130 406.0
1077140 406.3
1077150 408.4
1077160 408.4
1077170 411.6
1077180 411.2
1077190 411.2
1077200 408.7
1077210 408.4
1077220 408.4
1077230 408.3
1077240 408.3
1077250 408.3
1077260 408.1
1077270 407.9
1077280 407.9
1077290 407.8
1077300 407.7
1077310 407.7
1077320 407.7
1077330 407.7
1077340 407.7
1077350 407.8
1077360 407.7
1077370 407.7
1077380 407.5
1077390 407.5
1077400 407.4
1077410 407.4
1077420 408.1
1077430 408.3
1077440 408.3
1077450 408.4
1077460 408.1
1077470 408.1
1077480 407.6
1077490 407.5
1077500 407.5
1077510 407.4
1077520 407.4
1077530 407.4
1077540 407.3
1077550 407.3
1077560 407.3
1077570 407.1
1077580 406.9
1077590 406.9
1077600 407.3
1077610 407.2
1077620 407.2
1077630 407.1
1077640 407.1
1077650 407.1
1077660 407.1
1077670 407.2
1077680 407.2
1077690 407.3
1077700 407.2
1077710 407.2
1077720 407.2
1077730 407.3
1077740 407.3
1077750 407.3
1077760 407.4
1077770 407.5
1077780 407.5
1077790 408.0
1077800 408.4
1077810 408.4
1077820 408.4
1077830 408.3
1077840 408.3
1077850 408.3
1077860 408.2
1077870 408.2
1077880 407.8
1077890 407.5
1077900 407.5
1077910 406.6
1077920 406.1
1077930 406.1
1077940 405.9
1077950 404.1
1077960 404.1
1077970 405.2
1077980 407.8
1077990 407.8
1078000 408.8
1078010 409.3
1078020 408.6
1078030 408.6
1078040 407.9
1078050 407.8
1078060 407.8
1078070 408.0
1078080 408.0
1078090 408.0
1078100 407.9
1078110 408.1
1078120 408.1
1078130 408.3
1078140 408.2
1078150 408.2
1078160 408.3
1078170 408.2
1078180 408.2
1078190 408.1
1078200 408.0
1078210 408.0
1078220 407.9
1078230 407.8
1078240 407.8
1078250 407.7
1078260 407.6
1078270 407.6
1078280 407.6
1078290 407.6
1078300 407.6
1078310 407.4
1078320 407.3
1078330 407.7
1078340 407.7
1078350 407.7
1078360 408.1
1078370 408.1
1078380 408.2
1078390 408.1
1078400 408.1
1078410 408.1
1078420 408.2
1078430 408.2
1078440 408.2
1078450 408.3
1078460 408.3
1078470 408.6
1078480 408.3
1078490 408.3
1078500 408.0
1078510 408.0
1078520 408.0
1078530 408.0
1078540 408.1
1078550 408.1
1078560 408.2
1078570 408.2
1078580 408.2
1078590 408.3
1078600 408.4
1078610 408.4
1078620 408.4
1078630 408.4
1078640 408.4
1078650 408.4
1078660 408.4
1078670 408.5
1078680 408.5
1078690 408.8
1078700 409.0
1078710 409.0
1078720 408.7
1078730 408.7
1078740 408.7
1078750 408.5
1078760 408.3
1078770 408.3
1078780 408.4
1078790 408.4
1078800 408.4
1078810 408.4
1078820 408.4
1078830 408.4
1078840 408.4
1078850 408.4
1078860 408.4
1078870 408.6
1078880 408.6
1078890 408.6
1078900 408.5
1078910 408.7
1078920 408.7
1078930 408.8
1078940 408.7
1078950 408.7
1078960 408.6
1078970 408.6
1078980 408.5
1078990 408.5
1079000 408.3
1079010 408.3
1079020 408.3
1079030 408.2
1079040 408.3
1079050 408.3
1079060 408.4
1079070 408.5
1079080 408.5
1079090 408.5
1079100 408.5
1079110 408.5
1079120 408.6
1079130 408.6
1079140 408.6
1079150 408.8
1079160 408.9
1079170 408.9
1079180 408.9
1079190 408.9
1079200 408.9
1079210 408.9
1079220 409.0
1079230 409.0
1079240 409.1
1079250 409.1
1079260 409.1
1079270 409.1
1079280 409.2
1079290 409.5
1079300 409.5
1079310 409.9
1079320 410.2
1079330 410.2
1079340 410.0
1079350 409.8
1079360 409.8
1079370 409.9
1079380 410.0
1079390 410.0
1079400 410.1
1079410 410.3
1079420 410.3
1079430 410.3
1079440 410.4
1079450 410.4
1079460 410.5
1079470 410.5
1079480 410.5
1079490 410.5
1079500 410.5
1079510 410.5
1079520 410.6
1079530 410.7
1079540 410.7
1079550 410.8
1079560 410.8
1079570 410.8
1079580 410.9
1079590 411.1
1079600 411.1
1079610 411.1
1079620 411.1
1079630 411.2
1079640 411.2
1079650 411.3
1079660 411.4
1079670 411.4
1079680 411.5
1079690 411.5
1079700 411.5
1079710 411.4
1079720 411.4
1079730 411.4
1079740 411.3
1079750 411.2
1079760 411.2
1079770 411.1
1079780 410.9
1079790 410.9
1079800 410.8
1079810 410.8
1079820 410.8
1079830 410.7
1079840 410.6
1079850 410.6
1079860 410.6
1079870 410.6
1079880 410.6
1079890 410.6
1079900 410.7
1079910 410.7
1079920 410.7
1079930 410.7
1079940 410.7
1079950 410.7
1079960 410.7
1079970 410.8
1079980 410.8
1079990 410.8
