1073780 410.7
1073790 410.7
1073800 410.4
1073810 409.3
1073820 409.3
1073830 409.3
1073840 409.3
1073850 409.5
1073860 409.5
1073870 411.5
1073880 413.4
1073890 413.4
1073900 413.4
1073910 411.2
1073920 411.2
1073930 408.8
1073940 408.1
1073950 408.1
1073960 406.3
1073970 406.8
1073980 406.8
1073990 407.2
1074000 407.2
1074010 407.2
1074020 407.0
1074030 406.8
1074040 406.8
1074050 406.4
1074060 406.2
1074070 406.2
1074080 406.0
1074090 406.0
1074100 406.0
1074110 407.5
1074120 406.9
1074130 406.9
1074140 406.5
1074150 406.3
1074160 406.3
1074170 406.3
1074180 407.4
1074190 407.3
1074200 407.3
1074210 407.0
1074220 406.8
1074230 406.8
1074240 406.7
1074250 407.3
1074260 407.3
1074270 407.9
1074280 406.9
1074290 406.9
1074300 406.7
1074310 407.1
1074320 407.1
1074330 407.1
1074340 407.3
1074350 407.3
1074360 407.5
1074370 407.5
1074380 407.5
1074390 407.3
1074400 407.2
1074410 407.2
1074420 407.1
1074430 406.8
1074440 406.8
1074450 406.6
1074460 406.6
1074470 406.6
1074480 406.8
1074490 406.8
1074500 406.8
1074510 406.8
1074520 407.0
1074530 407.7
1074540 407.7
1074550 407.6
1074560 406.7
1074570 406.7
1074580 406.6
1074590 406.8
1074600 406.8
1074610 407.3
1074620 407.0
1074630 407.0
1074640 407.2
1074650 407.4
1074660 407.4
1074670 407.3
1074680 407.3
1074690 407.3
1074700 406.6
1074710 406.7
1074720 406.7
1074730 406.5
1074740 406.5
1074750 406.5
1074760 406.7
1074770 406.7
1074780 406.7
1074790 406.8
1074800 406.8
1074810 406.7
1074820 406.7
1074830 406.6
1074840 407.2
1074850 407.2
1074860 407.1
1074870 406.5
1074880 406.5
1074890 407.3
1074900 408.1
1074910 408.1
1074920 408.2
1074930 408.1
1074940 408.1
1074950 407.7
1074960 406.4
1074970 406.4
1074980 406.3
1074990 406.2
1075000 406.2
1075010 406.4
1075020 406.4
1075030 406.4
1075040 406.6
1075050 406.5
1075060 406.5
1075070 406.4
1075080 406.4
1075090 406.4
1075100 406.6
1075110 408.7
1075120 408.4
1075130 408.4
1075140 407.4
1075150 407.2
1075160 407.2
1075170 407.2
1075180 406.9
1075190 406.9
1075200 406.7
1075210 406.7
1075220 406.7
1075230 406.9
1075240 407.0
1075250 407.0
1075260 407.0
1075270 407.2
1075280 407.2
1075290 407.7
1075300 407.8
1075310 407.8
1075320 407.9
1075330 408.1
1075340 408.1
1075350 408.2
1075360 407.8
1075370 407.8
1075380 408.1
1075390 408.2
1075400 408.2
1075410 408.1
1075420 408.2
1075430 408.3
1075440 408.3
1075450 408.4
1075460 408.2
1075470 408.2
1075480 407.6
1075490 407.1
1075500 407.1
1075510 406.9
1075520 407.2
1075530 407.2
1075540 407.2
1075550 407.2
1075560 407.2
1075570 407.3
1075580 407.3
1075590 407.3
1075600 407.4
1075610 407.2
1075620 407.2
1075630 407.5
1075640 407.4
1075650 407.4
1075660 407.4
1075670 407.3
1075680 407.3
1075690 407.1
1075700 407.0
1075710 407.0
1075720 406.9
1075730 406.9
1075740 406.7
1075750 406.7
1075760 406.4
1075770 406.5
1075780 406.5
1075790 406.8
1075800 406.9
1075810 406.9
1075820 406.9
1075830 407.0
1075840 407.0
1075850 407.2
1075860 407.1
1075870 407.1
1075880 407.1
1075890 407.3
1075900 407.3
1075910 407.5
1075920 407.5
1075930 407.5
1075940 407.5
1075950 407.4
1075960 407.4
1075970 407.3
1075980 407.6
1075990 407.6
1076000 407.7
1076010 407.6
1076020 407.6
1076030 407.6
1076040 407.5
1076050 407.4
1076060 407.4
1076070 407.4
1076080 407.5
1076090 407.5
1076100 407.5
1076110 407.5
1076120 407.5
1076130 407.5
1076140 407.4
1076150 407.4
1076160 407.3
1076170 407.2
1076180 407.2
1076190 407.1
1076200 406.6
1076210 406.6
1076220 407.1
1076230 407.2
1076240 407.2
1076250 407.1
1076260 407.2
1076270 407.2
1076280 407.2
1076290 407.3
1076300 407.3
1076310 407.4
1076320 407.4
1076330 407.4
1076340 407.4
1076350 407.6
1076360 407.6
1076370 407.9
1076380 408.1
1076390 408.3
1076400 408.3
1076410 408.6
1076420 408.8
1076430 408.8
1076440 409.0
1076450 409.4
1076460 409.4
1076470 409.5
1076480 409.5
1076490 409.5
1076500 409.5
1076510 409.7
1076520 409.7
1076530 409.8
1076540 410.0
1076550 410.0
1076560 410.0
1076570 410.0
1076580 410.0
1076590 409.9
1076600 409.8
1076610 409.8
1076620 409.7
1076630 409.8
1076640 409.8
1076650 409.8
1076660 410.0
1076670 410.0
1076680 410.1
1076690 410.2
1076700 410.2
1076710 410.2
1076720 410.3
1076730 410.4
1076740 410.4
1076750 410.8
1076760 411.3
1076770 411.3
1076780 408.9
1076790 406.5
1076800 406.5
1076810 406.4
1076820 405.6
1076830 405.6
1076840 405.7
1076850 405.5
1076860 405.5
1076870 405.5
1076880 405.6
1076890 405.6
1076900 405.6
1076910 406.5
1076920 406.5
1076930 406.0
1076940 405.2
1076950 405.2
1076960 405.2
1076970 405.2
1076980 405.2
1076990 405.2
1077000 405.2
1077010 405.3
1077020 405.3
1077030 405.2
1077040 405.2
1077050 405.2
1077060 405.2
1077070 405.2
1077080 405.2
1077090 405.3
1077100 405.3
1077110 405.3
1077120 405.2
1077130 405.4
1077140 405.4
1077150 406.9
1077160 410.3
1077170 410.3
1077180 412.0
1077190 409.7
1077200 409.7
1077210 408.7
1077220 408.7
1077230 408.7
1077240 408.8
1077250 408.7
1077260 408.7
1077270 408.5
1077280 408.4
1077290 408.4
1077300 408.2
1077310 408.0
1077320 407.8
1077330 407.8
1077340 407.6
1077350 407.6
1077360 407.6
1077370 407.5
1077380 407.5
1077390 407.5
1077400 407.6
1077410 407.6
1077420 407.6
1077430 407.5
1077440 407.4
1077450 407.4
1077460 407.4
1077470 407.4
1077480 407.4
1077490 408.2
1077500 408.2
1077510 408.2
1077520 407.9
1077530 407.3
1077540 407.3
1077550 407.1
1077560 406.7
1077570 406.7
1077580 407.2
1077590 407.1
1077600 407.1
1077610 407.1
1077620 407.1
1077630 407.1
1077640 407.1
1077650 407.1
1077660 407.1
1077670 407.1
1077680 407.1
1077690 407.0
1077700 407.0
1077710 407.0
1077720 407.0
1077730 407.0
1077740 407.0
1077750 407.0
1077760 407.0
1077770 407.0
1077780 406.9
1077790 406.9
1077800 407.0
1077810 407.0
1077820 407.0
1077830 407.1
1077840 407.1
1077850 407.1
1077860 407.1
1077870 407.1
1077880 407.1
1077890 407.1
1077900 407.4
1077910 407.4
1077920 407.8
1077930 407.8
1077940 407.5
1077950 407.5
1077960 406.4
1077970 405.8
1077980 405.8
1077990 405.0
1078000 404.3
1078010 404.3
1078020 407.0
1078030 408.1
1078040 408.1
1078050 409.2
1078060 409.4
1078070 409.4
1078080 407.7
1078090 407.7
1078100 407.7
1078110 408.1
1078120 408.3
1078130 408.3
1078140 408.2
1078150 407.8
1078160 407.8
1078170 407.8
1078180 407.7
1078190 407.7
1078200 407.6
1078210 407.8
1078220 407.8
1078230 407.8
1078240 407.7
1078250 407.6
1078260 407.6
1078270 407.7
1078280 407.8
1078290 407.8
1078300 407.9
1078310 408.0
1078320 408.0
1078330 408.1
1078340 408.1
1078350 408.1
1078360 408.2
1078370 408.2
1078380 408.2
1078390 408.5
1078400 408.4
1078410 408.4
1078420 408.4
1078430 408.5
1078440 408.5
1078450 408.6
1078460 408.7
1078470 408.7
1078480 408.7
1078490 408.6
1078500 408.6
1078510 408.6
1078520 408.6
1078530 408.6
1078540 408.9
1078550 409.3
1078560 409.3
1078570 409.3
1078580 408.9
1078590 408.5
1078600 408.5
1078610 408.3
1078620 408.4
1078630 408.4
1078640 408.5
1078650 408.6
1078660 408.6
1078670 408.7
1078680 408.7
1078690 408.7
1078700 408.7
1078710 408.6
1078720 408.6
1078730 408.5
1078740 408.4
1078750 408.5
1078760 408.7
1078770 408.6
1078780 408.6
1078790 408.6
1078800 408.6
1078810 408.6
1078820 408.6
1078830 408.4
1078840 408.4
1078850 408.4
1078860 408.2
1078870 408.2
1078880 407.9
1078890 408.3
1078900 408.5
1078910 408.5
1078920 408.6
1078930 408.8
1078940 408.8
1078950 409.0
1078960 408.9
1078970 408.9
1078980 408.8
1078990 408.8
1079000 408.8
1079010 408.9
1079020 408.9
1079030 408.9
1079040 408.9
1079050 408.8
1079060 409.0
1079070 408.9
1079080 408.8
1079090 408.8
1079100 408.8
1079110 408.8
1079120 408.8
1079130 408.8
1079140 408.9
1079150 408.9
1079160 408.9
1079170 409.0
1079180 409.0
1079190 409.1
1079200 409.1
1079210 409.3
1079220 409.3
1079230 409.6
1079240 409.8
1079250 409.8
1079260 409.8
1079270 409.6
1079280 409.6
1079290 409.3
1079300 409.3
1079310 409.3
1079320 409.4
1079330 409.5
1079340 409.5
1079350 409.5
1079360 409.6
1079370 409.8
1079380 410.3
1079390 410.2
1079400 410.2
1079410 410.2
1079420 410.3
1079430 410.3
1079440 410.3
1079450 410.4
1079460 410.4
1079470 410.4
1079480 410.5
1079490 410.5
1079500 410.6
1079510 410.6
1079520 410.8
1079530 410.8
1079540 410.9
1079550 411.0
1079560 411.0
1079570 411.1
1079580 411.1
1079590 411.1
1079600 411.1
1079610 411.2
1079620 411.2
1079630 411.3
1079640 411.4
1079650 411.4
1079660 411.4
1079670 411.6
1079680 411.6
1079690 411.6
1079700 411.7
1079710 411.7
1079720 411.7
1079730 411.8
1079740 411.8
1079750 411.9
1079760 412.1
1079770 412.1
1079780 412.1
1079790 412.0
1079800 412.0
1079810 411.9
1079820 411.6
1079830 411.2
1079840 411.2
1079850 410.9
1079860 410.7
1079870 410.7
1079880 410.7
1079890 410.7
1079900 410.7
1079910 410.7
1079920 410.7
1079930 410.7
1079940 410.6
1079950 410.6
1079960 410.6
1079970 410.6
1079980 410.6
1079990 410.6
