1073600 406.1
1073610 406.4
1073620 406.4
1073630 406.9
1073640 406.9
1073650 406.9
1073660 408.3
1073670 408.3
1073680 408.3
1073690 408.2
1073700 410.0
1073710 410.0
1073720 411.0
1073730 413.2
1073740 413.2
1073750 411.8
1073760 409.7
1073770 409.7
1073780 408.7
1073790 408.6
1073800 408.6
1073810 408.5
1073820 408.4
1073830 408.4
1073840 408.4
1073850 408.3
1073860 408.3
1073870 408.3
1073880 410.5
1073890 411.0
1073900 411.0
1073910 408.3
1073920 405.8
1073930 405.8
1073940 405.8
1073950 405.8
1073960 405.8
1073970 405.8
1073980 405.8
1073990 405.8
1074000 405.8
1074010 406.1
1074020 406.1
1074030 409.0
1074040 410.0
1074050 410.0
1074060 409.0
1074070 408.9
1074080 408.9
1074090 408.7
1074100 408.8
1074110 408.8
1074120 410.6
1074130 412.4
1074140 412.3
1074150 412.3
1074160 410.1
1074170 407.4
1074180 407.4
1074190 405.0
1074200 404.2
1074210 404.2
1074220 405.1
1074230 405.7
1074240 405.7
1074250 406.0
1074260 406.0
1074270 406.0
1074280 406.0
1074290 406.0
1074300 406.0
1074310 405.9
1074320 405.9
1074330 405.9
1074340 405.9
1074350 405.9
1074360 406.0
1074370 406.0
1074380 406.0
1074390 406.0
1074400 406.1
1074410 406.1
1074420 406.1
1074430 406.1
1074440 406.2
1074450 405.8
1074460 405.8
1074470 405.1
1074480 405.1
1074490 405.1
1074500 405.2
1074510 405.4
1074520 405.4
1074530 405.6
1074540 405.7
1074550 405.7
1074560 405.7
1074570 405.7
1074580 405.7
1074590 405.9
1074600 406.1
1074610 406.1
1074620 406.1
1074630 406.2
1074640 406.2
1074650 406.3
1074660 406.3
1074670 406.2
1074680 406.1
1074690 406.1
1074700 406.1
1074710 406.0
1074720 405.7
1074730 405.7
1074740 405.9
1074750 405.9
1074760 405.9
1074770 405.9
1074780 405.8
1074790 405.8
1074800 405.8
1074810 405.9
1074820 405.9
1074830 405.9
1074840 405.9
1074850 405.8
1074860 405.8
1074870 405.9
1074880 405.9
1074890 405.9
1074900 405.9
1074910 405.9
1074920 405.9
1074930 405.9
1074940 406.1
1074950 406.1
1074960 406.2
1074970 406.1
1074980 406.3
1074990 406.3
1075000 406.7
1075010 406.7
1075020 406.3
1075030 406.7
1075040 406.7
1075050 406.8
1075060 406.6
1075070 406.6
1075080 406.5
1075090 406.3
1075100 406.2
1075110 406.2
1075120 406.1
1075130 406.0
1075140 406.0
1075150 406.0
1075160 405.9
1075170 405.9
1075180 405.9
1075190 406.1
1075200 406.1
1075210 406.2
1075220 406.2
1075230 406.2
1075240 406.3
1075250 406.4
1075260 406.4
1075270 406.4
1075280 406.4
1075290 406.4
1075300 406.4
1075310 406.4
1075320 406.4
1075330 406.4
1075340 406.4
1075350 406.4
1075360 406.4
1075370 406.5
1075380 406.5
1075390 406.7
1075400 406.7
1075410 406.5
1075420 406.5
1075430 406.4
1075440 406.4
1075450 406.4
1075460 406.4
1075470 406.4
1075480 406.4
1075490 406.5
1075500 406.4
1075510 406.4
1075520 406.4
1075530 406.4
1075540 406.4
1075550 406.6
1075560 406.6
1075570 406.6
1075580 406.6
1075590 406.6
1075600 406.6
1075610 406.5
1075620 406.2
1075630 406.2
1075640 406.1
1075650 406.2
1075660 406.2
1075670 406.4
1075680 406.8
1075690 406.8
1075700 406.9
1075710 407.0
1075720 407.5
1075730 407.5
1075740 407.7
1075750 407.5
1075760 407.5
1075770 407.2
1075780 407.1
1075790 407.1
1075800 407.7
1075810 407.6
1075820 407.6
1075830 407.4
1075840 408.3
1075850 408.3
1075860 408.7
1075870 408.5
1075880 408.5
1075890 408.1
1075900 407.5
1075910 407.9
1075920 407.9
1075930 407.4
1075940 407.4
1075950 407.5
1075960 407.7
1075970 407.7
1075980 407.9
1075990 408.2
1076000 408.2
1076010 407.6
1076020 407.8
1076030 407.8
1076040 407.8
1076050 407.8
1076060 407.8
1076070 407.8
1076080 408.0
1076090 408.1
1076100 408.1
1076110 408.2
1076120 408.3
1076130 408.3
1076140 408.3
1076150 408.4
1076160 408.4
1076170 408.3
1076180 408.3
1076190 408.3
1076200 408.3
1076210 408.3
1076220 408.3
1076230 409.7
1076240 409.1
1076250 409.1
1076260 408.8
1076270 408.6
1076280 408.6
1076290 408.5
1076300 408.6
1076310 408.6
1076320 408.7
1076330 408.7
1076340 408.8
1076350 408.8
1076360 408.9
1076370 408.9
1076380 408.9
1076390 408.9
1076400 408.9
1076410 408.9
1076420 409.0
1076430 409.0
1076440 409.0
1076450 409.1
1076460 409.1
1076470 409.1
1076480 409.1
1076490 409.3
1076500 409.3
1076510 409.5
1076520 409.6
1076530 409.6
1076540 409.9
1076550 408.9
1076560 408.9
1076570 407.8
1076580 406.1
1076590 406.1
1076600 405.4
1076610 405.3
1076620 405.3
1076630 405.2
1076640 405.2
1076650 405.2
1076660 405.3
1076670 405.3
1076680 405.3
1076690 405.3
1076700 405.4
1076710 405.4
1076720 405.4
1076730 405.3
1076740 405.3
1076750 405.3
1076760 405.4
1076770 405.4
1076780 405.4
1076790 405.5
1076800 405.8
1076810 405.8
1076820 406.2
1076830 407.5
1076840 407.5
1076850 408.3
1076860 409.5
1076870 409.5
1076880 409.1
1076890 409.1
1076900 409.1
1076910 409.2
1076920 409.2
1076930 409.2
1076940 409.0
1076950 408.6
1076960 408.6
1076970 408.8
1076980 411.4
1076990 411.8
1077000 411.8
1077010 409.2
1077020 408.7
1077030 408.7
1077040 408.6
1077050 408.4
1077060 408.4
1077070 408.0
1077080 407.5
1077090 407.5
1077100 407.3
1077110 407.4
1077120 407.4
1077130 407.3
1077140 407.2
1077150 407.2
1077160 407.3
1077170 408.0
1077180 408.0
1077190 409.4
1077200 410.2
1077210 410.2
1077220 409.7
1077230 408.6
1077240 408.6
1077250 407.7
1077260 407.3
1077270 407.3
1077280 407.3
1077290 407.4
1077300 407.4
1077310 407.4
1077320 407.4
1077330 407.3
1077340 407.3
1077350 406.9
1077360 406.8
1077370 406.8
1077380 406.8
1077390 407.4
1077400 407.4
1077410 409.1
1077420 411.6
1077430 411.6
1077440 411.5
1077450 408.9
1077460 408.9
1077470 407.6
1077480 407.9
1077490 407.9
1077500 407.4
1077510 407.4
1077520 407.4
1077530 407.4
1077540 407.4
1077550 407.4
1077560 407.4
1077570 407.4
1077580 407.4
1077590 407.3
1077600 407.3
1077610 407.2
1077620 407.2
1077630 407.1
1077640 407.1
1077650 407.1
1077660 407.0
1077670 407.0
1077680 407.0
1077690 407.1
1077700 407.2
1077710 407.2
1077720 407.4
1077730 407.8
1077740 407.8
1077750 408.1
1077760 409.0
1077770 409.0
1077780 410.6
1077790 411.3
1077800 411.3
1077810 411.0
1077820 409.0
1077830 409.0
1077840 408.4
1077850 408.3
1077860 408.3
1077870 408.4
1077880 408.4
1077890 408.4
1077900 408.5
1077910 408.8
1077920 409.1
1077930 409.1
1077940 409.5
1077950 410.8
1077960 410.8
1077970 411.1
1077980 410.4
1077990 410.4
1078000 409.8
1078010 409.8
1078020 409.8
1078030 409.8
1078040 410.3
1078050 410.3
1078060 410.8
1078070 411.1
1078080 411.1
1078090 411.3
1078100 410.0
1078110 410.0
1078120 409.1
1078130 407.0
1078140 407.0
1078150 404.0
1078160 404.2
1078170 404.2
1078180 404.9
1078190 406.7
1078200 406.7
1078210 408.9
1078220 409.1
1078230 409.1
1078240 409.1
1078250 409.3
1078260 409.5
1078270 409.5
1078280 409.6
1078290 409.7
1078300 409.7
1078310 409.7
1078320 409.8
1078330 409.8
1078340 409.8
1078350 409.9
1078360 409.9
1078370 410.0
1078380 410.0
1078390 410.0
1078400 410.0
1078410 410.0
1078420 409.6
1078430 409.5
1078440 409.3
1078450 409.3
1078460 409.1
1078470 409.0
1078480 409.0
1078490 409.5
1078500 409.6
1078510 409.6
1078520 409.3
1078530 409.0
1078540 409.0
1078550 408.7
1078560 408.5
1078570 408.5
1078580 408.5
1078590 408.5
1078600 408.5
1078610 408.5
1078620 408.4
1078630 408.4
1078640 408.4
1078650 408.4
1078660 408.4
1078670 408.4
1078680 408.5
1078690 408.6
1078700 408.6
1078710 408.5
1078720 408.5
1078730 408.8
1078740 408.8
1078750 408.8
1078760 408.8
1078770 408.8
1078780 408.9
1078790 408.9
1078800 408.9
1078810 408.9
1078820 408.9
1078830 409.0
1078840 409.1
1078850 409.1
1078860 409.2
1078870 409.4
1078880 409.6
1078890 409.6
1078900 409.7
1078910 409.7
1078920 409.7
1078930 409.8
1078940 409.9
1078950 409.9
1078960 409.9
1078970 410.0
1078980 410.0
1078990 410.0
1079000 410.0
1079010 410.0
1079020 409.5
1079030 408.8
1079040 408.8
1079050 408.4
1079060 408.4
1079070 408.4
1079080 408.4
1079090 408.5
1079100 408.5
1079110 408.5
1079120 408.6
1079130 408.6
1079140 408.8
1079150 409.1
1079160 409.1
1079170 409.2
1079180 409.6
1079190 409.4
1079200 409.4
1079210 409.5
1079220 409.5
1079230 409.5
1079240 409.8
1079250 409.6
1079260 409.6
1079270 409.4
1079280 409.4
1079290 409.4
1079300 409.4
1079310 409.4
1079320 409.4
1079330 409.4
1079340 409.5
1079350 409.5
1079360 409.4
1079370 409.5
1079380 409.5
1079390 409.5
1079400 409.5
1079410 409.5
1079420 409.7
1079430 409.9
1079440 409.9
1079450 410.3
1079460 410.6
1079470 410.6
1079480 410.8
1079490 411.2
1079500 411.0
1079510 411.0
1079520 410.8
1079530 410.8
1079540 410.8
1079550 410.8
1079560 410.7
1079570 410.7
1079580 410.7
1079590 410.7
1079600 410.7
1079610 410.8
1079620 410.8
1079630 410.8
1079640 410.8
1079650 411.0
1079660 411.0
1079670 411.1
1079680 411.2
1079690 411.2
1079700 411.3
1079710 411.4
1079720 411.4
1079730 411.5
1079740 411.6
1079750 411.6
1079760 411.6
1079770 411.7
1079780 411.7
1079790 411.8
1079800 411.8
1079810 411.8
1079820 411.8
1079830 411.8
1079840 411.8
1079850 411.8
1079860 411.9
1079870 411.9
1079880 411.9
1079890 412.0
1079900 412.1
1079910 412.1
1079920 412.2
1079930 412.4
1079940 412.4
1079950 412.6
1079960 412.6
1079970 412.6
1079980 412.7
1079990 412.8
