1073690 406.9
1073700 407.5
1073710 407.1
1073720 407.1
1073730 407.4
1073740 407.5
1073750 407.5
1073760 406.1
1073770 405.6
1073780 405.6
1073790 405.7
1073800 407.8
1073810 407.8
1073820 410.2
1073830 412.8
1073840 412.8
1073850 411.4
1073860 409.4
1073870 409.4
1073880 408.4
1073890 408.3
1073900 408.3
1073910 408.2
1073920 408.1
1073930 408.1
1073940 408.0
1073950 407.9
1073960 407.9
1073970 407.8
1073980 410.2
1073990 410.2
1074000 410.7
1074010 406.7
1074020 405.6
1074030 405.6
1074040 405.6
1074050 405.6
1074060 405.6
1074070 405.6
1074080 405.6
1074090 405.6
1074100 405.6
1074110 406.4
1074120 406.4
1074130 410.3
1074140 409.5
1074150 409.5
1074160 408.5
1074170 408.5
1074180 408.5
1074190 408.4
1074200 408.7
1074210 408.7
1074220 410.4
1074230 412.4
1074240 412.4
1074250 410.4
1074260 407.9
1074270 407.9
1074280 405.9
1074290 405.5
1074300 405.5
1074310 405.1
1074320 405.9
1074330 406.9
1074340 406.9
1074350 407.2
1074360 406.2
1074370 406.2
1074380 406.2
1074390 406.2
1074400 406.2
1074410 406.3
1074420 406.3
1074430 406.3
1074440 406.4
1074450 406.4
1074460 406.4
1074470 406.5
1074480 406.4
1074490 406.4
1074500 406.4
1074510 406.2
1074520 406.2
1074530 406.4
1074540 406.4
1074550 406.3
1074560 406.2
1074570 406.1
1074580 406.1
1074590 406.3
1074600 406.3
1074610 406.3
1074620 406.3
1074630 406.3
1074640 406.3
1074650 406.3
1074660 406.2
1074670 406.1
1074680 406.1
1074690 406.0
1074700 405.5
1074710 405.5
1074720 405.4
1074730 405.6
1074740 405.6
1074750 405.6
1074760 405.6
1074770 405.6
1074780 405.6
1074790 405.6
1074800 405.6
1074810 405.6
1074820 405.6
1074830 405.6
1074840 405.7
1074850 405.7
1074860 405.7
1074870 405.8
1074880 405.8
1074890 405.8
1074900 405.8
1074910 405.9
1074920 405.9
1074930 406.1
1074940 406.1
1074950 406.1
1074960 406.2
1074970 406.6
1074980 406.9
1074990 406.9
1075000 407.1
1075010 407.0
1075020 407.0
1075030 406.9
1075040 407.0
1075050 407.0
1075060 407.1
1075070 407.2
1075080 407.2
1075090 407.3
1075100 407.3
1075110 407.3
1075120 407.3
1075130 407.3
1075140 407.3
1075150 407.2
1075160 407.2
1075170 407.3
1075180 407.2
1075190 407.2
1075200 407.2
1075210 407.2
1075220 407.3
1075230 407.3
1075240 407.4
1075250 407.4
1075260 407.4
1075270 407.4
1075280 407.5
1075290 407.5
1075300 407.5
1075310 407.6
1075320 407.7
1075330 407.7
1075340 407.9
1075350 407.8
1075360 407.8
1075370 407.7
1075380 407.8
1075390 407.8
1075400 407.9
1075410 407.7
1075420 407.7
1075430 407.4
1075440 407.3
1075450 407.3
1075460 407.4
1075470 407.6
1075480 407.6
1075490 407.5
1075500 407.8
1075510 407.8
1075520 408.0
1075530 408.0
1075540 408.0
1075550 408.0
1075560 408.1
1075570 408.1
1075580 408.1
1075590 408.1
1075600 408.2
1075610 408.2
1075620 408.3
1075630 408.4
1075640 408.4
1075650 408.5
1075660 408.5
1075670 408.5
1075680 408.6
1075690 408.6
1075700 408.6
1075710 408.6
1075720 408.7
1075730 408.7
1075740 408.7
1075750 408.8
1075760 408.8
1075770 408.8
1075780 408.8
1075790 408.8
1075800 408.6
1075810 408.5
1075820 408.5
1075830 408.6
1075840 408.5
1075850 408.5
1075860 407.4
1075870 406.0
1075880 406.0
1075890 404.6
1075900 404.0
1075910 404.0
1075920 404.0
1075930 404.1
1075940 404.1
1075950 404.1
1075960 404.1
1075970 404.1
1075980 404.1
1075990 404.1
1076000 404.0
1076010 404.0
1076020 404.0
1076030 404.0
1076040 404.0
1076050 404.1
1076060 404.6
1076070 404.6
1076080 405.8
1076090 405.8
1076100 405.8
1076110 405.2
1076120 404.8
1076130 404.8
1076140 404.0
1076150 404.0
1076160 404.0
1076170 404.0
1076180 404.0
1076190 404.0
1076200 404.0
1076210 404.0
1076220 404.0
1076230 404.0
1076240 404.0
1076250 404.0
1076260 404.0
1076270 404.0
1076280 404.0
1076290 404.0
1076300 404.1
1076310 404.7
1076320 404.7
1076330 406.4
1076340 407.5
1076350 407.5
1076360 408.0
1076370 408.3
1076380 408.3
1076390 408.5
1076400 408.9
1076410 408.9
1076420 409.2
1076430 408.9
1076440 408.9
1076450 408.5
1076460 408.7
1076470 408.7
1076480 408.8
1076490 408.7
1076500 408.7
1076510 408.8
1076520 408.8
1076530 408.8
1076540 408.8
1076550 408.6
1076560 408.5
1076570 408.5
1076580 408.7
1076590 408.8
1076600 408.8
1076610 409.2
1076620 410.8
1076630 410.8
1076640 411.8
1076650 411.1
1076660 411.1
1076670 409.3
1076680 408.6
1076690 408.6
1076700 408.6
1076710 408.2
1076720 408.2
1076730 408.0
1076740 408.0
1076750 408.0
1076760 407.8
1076770 407.3
1076780 407.3
1076790 406.9
1076800 406.8
1076810 406.8
1076820 406.9
1076830 407.0
1076840 407.0
1076850 407.1
1076860 407.2
1076870 407.2
1076880 407.2
1076890 407.2
1076900 407.1
1076910 407.1
1076920 407.1
1076930 407.1
1076940 407.1
1076950 407.2
1076960 407.4
1076970 407.4
1076980 407.5
1076990 407.4
1077000 407.4
1077010 407.6
1077020 407.8
1077030 407.8
1077040 407.9
1077050 407.8
1077060 407.8
1077070 407.6
1077080 407.5
1077090 407.5
1077100 407.4
1077110 407.2
1077120 407.2
1077130 406.1
1077140 406.6
1077150 406.6
1077160 408.4
1077170 411.4
1077180 411.4
1077190 411.5
1077200 408.4
1077210 407.3
1077220 407.3
1077230 407.4
1077240 407.4
1077250 407.4
1077260 407.4
1077270 407.4
1077280 407.4
1077290 407.5
1077300 407.4
1077310 407.4
1077320 407.4
1077330 407.4
1077340 407.4
1077350 407.4
1077360 407.4
1077370 407.4
1077380 407.4
1077390 407.3
1077400 407.3
1077410 407.3
1077420 407.3
1077430 407.3
1077440 407.3
1077450 407.2
1077460 407.2
1077470 407.2
1077480 407.2
1077490 407.2
1077500 407.1
1077510 407.1
1077520 407.1
1077530 407.1
1077540 407.1
1077550 407.0
1077560 407.0
1077570 406.9
1077580 406.7
1077590 406.7
1077600 406.4
1077610 406.4
1077620 406.4
1077630 406.3
1077640 406.1
1077650 406.1
1077660 406.2
1077670 406.3
1077680 406.3
1077690 406.3
1077700 406.3
1077710 406.3
1077720 406.4
1077730 406.5
1077740 406.5
1077750 406.6
1077760 406.7
1077770 406.7
1077780 406.8
1077790 406.8
1077800 406.8
1077810 406.8
1077820 406.9
1077830 406.9
1077840 406.9
1077850 406.8
1077860 406.7
1077870 406.7
1077880 406.7
1077890 406.7
1077900 406.7
1077910 406.7
1077920 406.6
1077930 406.6
1077940 406.6
1077950 406.7
1077960 406.7
1077970 406.8
1077980 406.8
1077990 406.8
1078000 406.9
1078010 407.0
1078020 407.0
1078030 407.1
1078040 407.2
1078050 407.2
1078060 407.2
1078070 407.3
1078080 407.3
1078090 407.3
1078100 407.2
1078110 407.2
1078120 407.4
1078130 405.8
1078140 403.8
1078150 403.8
1078160 403.6
1078170 404.4
1078180 404.4
1078190 406.2
1078200 407.1
1078210 407.1
1078220 407.5
1078230 407.7
1078240 407.7
1078250 407.9
1078260 408.0
1078270 408.0
1078280 408.2
1078290 408.4
1078300 408.6
1078310 408.9
1078320 409.9
1078330 409.9
1078340 410.2
1078350 410.2
1078360 410.2
1078370 410.2
1078380 410.1
1078390 410.1
1078400 409.8
1078410 409.5
1078420 409.5
1078430 409.4
1078440 409.5
1078450 409.7
1078460 409.7
1078470 409.8
1078480 409.4
1078490 409.4
1078500 409.3
1078510 409.9
1078520 409.9
1078530 410.0
1078540 409.9
1078550 409.9
1078560 409.9
1078570 409.7
1078580 409.7
1078590 409.8
1078600 409.8
1078610 409.8
1078620 409.9
1078630 409.9
1078640 409.9
1078650 409.9
1078660 410.0
1078670 410.0
1078680 410.1
1078690 410.1
1078700 410.1
1078710 410.1
1078720 410.1
1078730 410.1
1078740 410.0
1078750 410.0
1078760 410.0
1078770 409.9
1078780 409.9
1078790 410.2
1078800 410.2
1078810 410.2
1078820 409.8
1078830 409.8
1078840 410.1
1078850 410.0
1078860 410.0
1078870 410.1
1078880 410.2
1078890 410.2
1078900 409.9
1078910 410.0
1078920 410.0
1078930 410.1
1078940 410.1
1078950 410.1
1078960 410.1
1078970 410.0
1078980 410.0
1078990 410.0
1079000 410.0
1079010 410.0
1079020 410.1
1079030 410.1
1079040 410.1
1079050 410.2
1079060 410.3
1079070 410.3
1079080 410.3
1079090 410.3
1079100 410.2
1079110 410.2
1079120 410.2
1079130 410.2
1079140 410.2
1079150 410.3
1079160 410.3
1079170 410.3
1079180 410.4
1079190 410.4
1079200 410.4
1079210 410.4
1079220 410.3
1079230 410.3
1079240 410.5
1079250 410.6
1079260 410.6
1079270 410.7
1079280 410.5
1079290 410.5
1079300 410.4
1079310 410.4
1079320 410.4
1079330 410.5
1079340 410.5
1079350 410.5
1079360 410.6
1079370 410.7
1079380 410.7
1079390 410.7
1079400 410.7
1079410 410.8
1079420 410.8
1079430 411.0
1079440 411.1
1079450 411.1
1079460 411.2
1079470 411.3
1079480 411.3
1079490 411.3
1079500 411.3
1079510 411.3
1079520 411.4
1079530 411.4
1079540 411.4
1079550 411.5
1079560 411.7
1079570 411.7
1079580 411.8
1079590 412.0
1079600 412.0
1079610 412.1
1079620 412.2
1079630 412.2
1079640 412.3
1079650 412.4
1079660 412.4
1079670 412.5
1079680 412.6
1079690 412.6
1079700 412.5
1079710 412.0
1079720 412.1
1079730 412.1
1079740 412.0
1079750 411.7
1079760 411.7
1079770 411.6
1079780 411.7
1079790 411.7
1079800 411.8
1079810 411.8
1079820 411.8
1079830 411.9
1079840 412.0
1079850 412.0
1079860 412.0
1079870 412.1
1079880 411.9
1079890 411.9
1079900 412.0
1079910 412.0
1079920 412.1
1079930 412.2
1079940 412.2
1079950 412.3
1079960 412.4
1079970 412.4
1079980 412.5
1079990 412.6
