1073650 407.6
1073660 406.8
1073670 406.8
1073680 407.0
1073690 407.3
1073700 407.3
1073710 407.1
1073720 405.8
1073730 405.8
1073740 405.5
1073750 406.0
1073760 406.0
1073770 408.7
1073780 411.3
1073790 411.3
1073800 412.9
1073810 411.1
1073820 411.1
1073830 409.2
1073840 408.5
1073850 408.5
1073860 408.5
1073870 408.3
1073880 408.3
1073890 408.3
1073900 408.2
1073910 408.1
1073920 408.1
1073930 408.5
1073940 410.5
1073950 410.5
1073960 410.5
1073970 406.3
1073980 406.3
1073990 405.7
1074000 405.7
1074010 405.7
1074020 405.7
1074030 405.7
1074040 405.7
1074050 405.7
1074060 405.7
1074070 405.7
1074080 407.4
1074090 410.5
1074100 410.5
1074110 409.3
1074120 408.7
1074130 408.7
1074140 408.6
1074150 408.6
1074160 409.2
1074170 409.2
1074180 410.9
1074190 412.5
1074200 412.5
1074210 410.0
1074220 407.5
1074230 407.5
1074240 406.2
1074250 405.4
1074260 405.4
1074270 405.2
1074280 405.8
1074290 405.8
1074300 405.9
1074310 405.9
1074320 405.9
1074330 406.4
1074340 406.7
1074350 406.7
1074360 406.1
1074370 406.3
1074380 406.3
1074390 406.4
1074400 406.4
1074410 406.4
1074420 406.3
1074430 406.3
1074440 406.3
1074450 406.4
1074460 406.4
1074470 406.5
1074480 406.5
1074490 406.5
1074500 406.4
1074510 406.3
1074520 406.3
1074530 406.2
1074540 406.2
1074550 406.1
1074560 405.9
1074570 405.9
1074580 405.9
1074590 405.9
1074600 405.9
1074610 406.0
1074620 406.1
1074630 406.1
1074640 406.1
1074650 406.1
1074660 406.1
1074670 406.1
1074680 406.1
1074690 406.1
1074700 406.0
1074710 405.9
1074720 405.9
1074730 405.7
1074740 405.6
1074750 405.6
1074760 405.6
1074770 404.9
1074780 404.9
1074790 404.9
1074800 405.4
1074810 405.5
1074820 405.3
1074830 405.5
1074840 405.6
1074850 405.6
1074860 405.7
1074870 405.7
1074880 405.7
1074890 405.8
1074900 406.0
1074910 406.0
1074920 406.0
1074930 405.9
1074940 405.9
1074950 405.9
1074960 405.8
1074970 405.8
1074980 405.9
1074990 406.0
1075000 406.0
1075010 406.3
1075020 406.5
1075030 406.5
1075040 406.5
1075050 406.5
1075060 406.5
1075070 406.7
1075080 406.8
1075090 406.8
1075100 406.6
1075110 406.4
1075120 406.5
1075130 406.5
1075140 406.4
1075150 406.5
1075160 406.5
1075170 406.5
1075180 406.5
1075190 406.5
1075200 406.6
1075210 406.7
1075220 406.7
1075230 406.9
1075240 407.0
1075250 407.0
1075260 406.9
1075270 406.9
1075280 406.9
1075290 406.9
1075300 406.9
1075310 406.9
1075320 407.0
1075330 407.0
1075340 407.0
1075350 407.1
1075360 407.1
1075370 407.1
1075380 407.1
1075390 407.1
1075400 407.1
1075410 407.2
1075420 407.2
1075430 407.2
1075440 407.2
1075450 407.1
1075460 407.0
1075470 407.0
1075480 407.0
1075490 407.0
1075500 407.0
1075510 407.1
1075520 407.1
1075530 407.1
1075540 407.1
1075550 407.2
1075560 407.2
1075570 407.2
1075580 407.2
1075590 407.2
1075600 407.3
1075610 407.6
1075620 407.6
1075630 407.9
1075640 407.8
1075650 407.8
1075660 407.6
1075670 407.5
1075680 407.5
1075690 407.5
1075700 407.6
1075710 407.6
1075720 407.7
1075730 407.7
1075740 407.7
1075750 407.7
1075760 407.6
1075770 407.6
1075780 407.6
1075790 407.7
1075800 407.7
1075810 407.7
1075820 407.8
1075830 407.8
1075840 407.8
1075850 407.9
1075860 408.0
1075870 408.0
1075880 408.0
1075890 408.0
1075900 408.0
1075910 408.1
1075920 408.2
1075930 408.2
1075940 408.3
1075950 408.3
1075960 408.3
1075970 408.5
1075980 408.6
1075990 408.6
1076000 408.7
1076010 408.6
1076020 408.6
1076030 408.6
1076040 408.7
1076050 408.7
1076060 408.8
1076070 409.0
1076080 409.2
1076090 409.2
1076100 409.2
1076110 409.2
1076120 409.2
1076130 409.3
1076140 409.3
1076150 409.3
1076160 408.9
1076170 407.9
1076180 407.9
1076190 407.1
1076200 406.7
1076210 406.7
1076220 406.5
1076230 406.4
1076240 406.4
1076250 406.2
1076260 405.9
1076270 405.9
1076280 405.8
1076290 405.7
1076300 405.7
1076310 405.8
1076320 406.0
1076330 406.0
1076340 406.9
1076350 409.2
1076360 409.2
1076370 407.5
1076380 406.0
1076390 406.1
1076400 406.1
1076410 406.0
1076420 405.7
1076430 405.7
1076440 405.5
1076450 405.5
1076460 405.5
1076470 405.7
1076480 405.5
1076490 405.5
1076500 405.2
1076510 405.2
1076520 405.2
1076530 405.2
1076540 405.2
1076550 405.2
1076560 405.2
1076570 405.4
1076580 405.4
1076590 405.6
1076600 405.7
1076610 405.7
1076620 407.5
1076630 409.0
1076640 409.0
1076650 409.0
1076660 408.6
1076670 408.6
1076680 408.4
1076690 408.7
1076700 409.0
1076710 409.0
1076720 409.2
1076730 409.2
1076740 409.2
1076750 409.2
1076760 408.8
1076770 408.8
1076780 408.5
1076790 408.5
1076800 408.5
1076810 409.4
1076820 411.6
1076830 411.6
1076840 411.3
1076850 408.7
1076860 408.7
1076870 407.3
1076880 407.3
1076890 407.3
1076900 407.5
1076910 407.6
1076920 407.6
1076930 407.6
1076940 407.6
1076950 407.6
1076960 407.8
1076970 408.0
1076980 408.0
1076990 408.1
1077000 408.2
1077010 408.5
1077020 408.5
1077030 408.5
1077040 408.5
1077050 408.5
1077060 408.4
1077070 408.2
1077080 408.2
1077090 407.9
1077100 407.8
1077110 407.8
1077120 407.5
1077130 407.2
1077140 407.2
1077150 407.0
1077160 407.3
1077170 407.3
1077180 407.4
1077190 407.5
1077200 407.5
1077210 407.5
1077220 407.5
1077230 407.5
1077240 406.7
1077250 406.7
1077260 406.7
1077270 407.6
1077280 410.3
1077290 410.3
1077300 412.0
1077310 409.4
1077320 408.3
1077330 408.3
1077340 407.4
1077350 407.4
1077360 407.4
1077370 407.5
1077380 407.4
1077390 407.4
1077400 407.4
1077410 407.4
1077420 407.4
1077430 407.4
1077440 407.3
1077450 407.3
1077460 407.3
1077470 407.3
1077480 407.3
1077490 407.2
1077500 407.2
1077510 407.2
1077520 407.1
1077530 407.1
1077540 407.1
1077550 407.1
1077560 407.1
1077570 407.1
1077580 407.1
1077590 407.0
1077600 407.0
1077610 407.0
1077620 406.9
1077630 406.9
1077640 406.8
1077650 406.7
1077660 406.5
1077670 406.5
1077680 406.5
1077690 406.8
1077700 406.8
1077710 406.6
1077720 406.5
1077730 406.5
1077740 406.7
1077750 406.8
1077760 406.8
1077770 406.8
1077780 406.9
1077790 406.9
1077800 407.1
1077810 407.2
1077820 407.2
1077830 407.3
1077840 407.5
1077850 407.5
1077860 407.5
1077870 407.5
1077880 407.5
1077890 407.5
1077900 407.4
1077910 407.4
1077920 407.4
1077930 407.4
1077940 407.4
1077950 407.8
1077960 408.0
1077970 408.0
1077980 408.0
1077990 408.0
1078000 407.9
1078010 407.9
1078020 407.8
1078030 407.6
1078040 407.6
1078050 407.6
1078060 407.6
1078070 407.6
1078080 407.8
1078090 408.5
1078100 408.5
1078110 408.2
1078120 407.1
1078130 407.1
1078140 405.2
1078150 403.8
1078160 403.8
1078170 404.4
1078180 406.4
1078190 406.4
1078200 409.8
1078210 410.5
1078220 410.5
1078230 410.4
1078240 410.1
1078250 410.1
1078260 409.2
1078270 409.2
1078280 409.4
1078290 409.4
1078300 409.5
1078310 409.6
1078320 409.6
1078330 409.8
1078340 409.9
1078350 409.9
1078360 409.9
1078370 410.0
1078380 410.0
1078390 410.1
1078400 410.0
1078410 410.0
1078420 410.0
1078430 410.0
1078440 410.0
1078450 410.1
1078460 410.0
1078470 410.0
1078480 410.1
1078490 410.2
1078500 410.2
1078510 410.3
1078520 410.1
1078530 410.1
1078540 410.0
1078550 410.1
1078560 410.1
1078570 410.2
1078580 410.3
1078590 410.3
1078600 410.3
1078610 410.3
1078620 410.3
1078630 410.3
1078640 410.0
1078650 409.8
1078660 409.8
1078670 410.0
1078680 410.2
1078690 410.2
1078700 410.2
1078710 410.1
1078720 410.1
1078730 410.2
1078740 410.3
1078750 410.3
1078760 410.3
1078770 410.3
1078780 410.3
1078790 410.3
1078800 410.4
1078810 410.4
1078820 410.4
1078830 410.4
1078840 410.4
1078850 410.4
1078860 410.5
1078870 410.5
1078880 410.5
1078890 410.5
1078900 410.5
1078910 410.5
1078920 410.5
1078930 410.6
1078940 410.6
1078950 410.5
1078960 410.3
1078970 410.3
1078980 410.3
1078990 410.4
1079000 410.4
1079010 410.6
1079020 410.9
1079030 410.9
1079040 410.9
1079050 410.8
1079060 410.8
1079070 410.9
1079080 411.0
1079090 411.0
1079100 411.3
1079110 411.4
1079120 411.4
1079130 411.5
1079140 411.5
1079150 411.5
1079160 411.7
1079170 411.8
1079180 411.8
1079190 411.8
1079200 411.7
1079210 411.5
1079220 411.3
1079230 411.1
1079240 411.0
1079250 411.0
1079260 411.0
1079270 411.2
1079280 411.2
1079290 411.6
1079300 411.9
1079310 411.9
1079320 412.0
1079330 411.9
1079340 411.9
1079350 411.7
1079360 411.7
1079370 411.7
1079380 411.8
1079390 411.7
1079400 411.7
1079410 411.6
1079420 411.6
1079430 411.6
1079440 411.6
1079450 411.7
1079460 411.7
1079470 411.8
1079480 411.8
1079490 411.8
1079500 411.9
1079510 412.1
1079520 412.0
1079530 411.9
1079540 411.9
1079550 411.8
1079560 411.8
1079570 411.7
1079580 411.9
1079590 411.9
1079600 412.1
1079610 412.0
1079620 412.0
1079630 411.8
1079640 411.9
1079650 411.9
1079660 412.0
1079670 411.9
1079680 411.9
1079690 411.5
1079700 411.0
1079710 411.0
1079720 410.9
1079730 410.9
1079740 410.9
1079750 410.9
1079760 411.1
1079770 411.1
1079780 411.2
1079790 411.3
1079800 411.3
1079810 411.4
1079820 411.5
1079830 411.5
1079840 411.6
1079850 411.6
1079860 411.5
1079870 411.5
1079880 411.6
1079890 411.7
1079900 411.7
1079910 411.7
1079920 411.8
1079930 411.8
1079940 412.0
1079950 412.1
1079960 412.1
1079970 412.2
1079980 412.2
1079990 412.2
