1073830 405.1
1073840 405.4
1073850 405.4
1073860 405.9
1073870 407.5
1073880 407.5
1073890 406.8
1073900 407.0
1073910 407.0
1073920 405.4
1073930 405.0
1073940 405.0
1073950 405.6
1073960 406.1
1073970 406.1
1073980 408.4
1073990 411.3
1074000 411.3
1074010 412.2
1074020 410.2
1074030 410.2
1074040 408.2
1074050 407.8
1074060 407.8
1074070 407.7
1074080 407.7
1074090 407.7
1074100 407.6
1074110 407.4
1074120 407.4
1074130 407.4
1074140 407.8
1074150 407.8
1074160 409.9
1074170 410.0
1074180 406.4
1074190 406.4
1074200 405.0
1074210 405.1
1074220 405.1
1074230 405.1
1074240 405.1
1074250 405.1
1074260 405.1
1074270 405.9
1074280 405.9
1074290 408.3
1074300 409.6
1074310 409.6
1074320 408.1
1074330 408.0
1074340 408.0
1074350 407.9
1074360 407.9
1074370 407.9
1074380 408.9
1074390 411.0
1074400 411.0
1074410 411.7
1074420 409.1
1074430 409.1
1074440 406.8
1074450 406.3
1074460 406.3
1074470 406.3
1074480 406.3
1074490 406.3
1074500 406.3
1074510 406.4
1074520 406.4
1074530 406.4
1074540 406.5
1074550 406.6
1074560 406.6
1074570 406.7
1074580 406.8
1074590 406.8
1074600 407.0
1074610 407.1
1074620 407.1
1074630 407.3
1074640 407.4
1074650 407.4
1074660 407.7
1074670 407.8
1074680 407.8
1074690 407.8
1074700 407.9
1074710 407.9
1074720 407.3
1074730 406.0
1074740 406.0
1074750 405.8
1074760 406.9
1074770 406.9
1074780 407.7
1074790 408.3
1074800 408.6
1074810 408.6
1074820 408.3
1074830 408.1
1074840 408.1
1074850 408.1
1074860 408.0
1074870 408.0
1074880 408.0
1074890 408.0
1074900 408.0
1074910 408.0
1074920 408.1
1074930 408.1
1074940 408.3
1074950 408.4
1074960 408.4
1074970 408.5
1074980 408.5
1074990 408.5
1075000 408.4
1075010 408.3
1075020 408.3
1075030 407.7
1075040 405.2
1075050 405.2
1075060 404.0
1075070 404.0
1075080 404.0
1075090 404.0
1075100 404.0
1075110 404.0
1075120 404.0
1075130 404.0
1075140 404.1
1075150 404.1
1075160 404.1
1075170 404.0
1075180 404.0
1075190 404.0
1075200 404.0
1075210 404.0
1075220 404.0
1075230 404.0
1075240 404.0
1075250 404.0
1075260 404.0
1075270 404.0
1075280 404.0
1075290 404.0
1075300 404.0
1075310 404.0
1075320 404.1
1075330 404.1
1075340 404.9
1075350 405.7
1075360 405.7
1075370 406.4
1075380 407.0
1075390 407.0
1075400 408.1
1075410 409.9
1075420 409.9
1075430 410.2
1075440 408.2
1075450 406.4
1075460 408.7
1075470 406.7
1075480 405.8
1075490 405.8
1075500 405.6
1075510 405.7
1075520 405.7
1075530 405.9
1075540 405.9
1075550 405.9
1075560 406.0
1075570 406.1
1075580 406.1
1075590 406.2
1075600 406.2
1075610 406.2
1075620 406.2
1075630 406.2
1075640 406.2
1075650 406.1
1075660 406.0
1075670 406.0
1075680 405.9
1075690 405.7
1075700 405.7
1075710 405.5
1075720 405.2
1075730 405.2
1075740 405.1
1075750 405.1
1075760 405.0
1075770 405.2
1075780 405.3
1075790 405.2
1075800 405.2
1075810 405.1
1075820 405.3
1075830 405.3
1075840 405.5
1075850 405.5
1075860 405.5
1075870 405.3
1075880 405.1
1075890 405.1
1075900 405.1
1075910 405.0
1075920 405.0
1075930 405.0
1075940 405.0
1075950 405.0
1075960 404.9
1075970 404.9
1075980 404.9
1075990 404.9
1076000 404.9
1076010 404.9
1076020 404.9
1076030 404.9
1076040 404.9
1076050 404.9
1076060 404.9
1076070 404.9
1076080 404.9
1076090 404.9
1076100 405.1
1076110 405.1
1076120 405.3
1076130 405.4
1076140 405.4
1076150 405.5
1076160 405.5
1076170 405.5
1076180 405.6
1076190 405.6
1076200 405.6
1076210 405.3
1076220 405.1
1076230 405.1
1076240 405.0
1076250 404.9
1076260 404.9
1076270 404.8
1076280 404.7
1076290 404.7
1076300 404.6
1076310 404.7
1076320 404.7
1076330 404.7
1076340 404.7
1076350 404.7
1076360 404.7
1076370 404.7
1076380 404.7
1076390 404.7
1076400 404.8
1076410 404.8
1076420 404.8
1076430 404.8
1076440 404.9
1076450 404.9
1076460 405.1
1076470 405.2
1076480 405.2
1076490 405.4
1076500 405.4
1076510 405.4
1076520 405.6
1076530 405.9
1076540 405.9
1076550 405.9
1076560 405.8
1076570 405.8
1076580 405.7
1076590 405.6
1076600 405.6
1076610 405.5
1076620 405.5
1076630 405.5
1076640 405.4
1076650 405.3
1076660 405.3
1076670 405.0
1076680 404.9
1076690 404.9
1076700 405.1
1076710 405.3
1076720 405.3
1076730 405.3
1076740 405.3
1076750 405.3
1076760 405.3
1076770 405.2
1076780 405.2
1076790 405.2
1076800 405.3
1076810 405.3
1076820 405.3
1076830 405.3
1076840 405.3
1076850 405.3
1076860 405.3
1076870 405.2
1076880 405.2
1076890 405.3
1076900 405.6
1076910 405.6
1076920 405.9
1076930 405.6
1076940 405.6
1076950 405.5
1076960 405.5
1076970 405.5
1076980 405.4
1076990 405.3
1077000 405.3
1077010 405.3
1077020 405.2
1077030 405.2
1077040 405.2
1077050 405.1
1077060 405.0
1077070 405.0
1077080 404.9
1077090 404.6
1077100 404.6
1077110 404.6
1077120 404.7
1077130 404.7
1077140 404.7
1077150 404.7
1077160 404.7
1077170 404.7
1077180 404.7
1077190 404.7
1077200 404.8
1077210 404.8
1077220 404.8
1077230 404.9
1077240 405.1
1077250 405.1
1077260 405.3
1077270 406.2
1077280 406.2
1077290 406.0
1077300 405.3
1077310 405.3
1077320 405.3
1077330 405.3
1077340 405.3
1077350 405.3
1077360 405.3
1077370 405.3
1077380 405.3
1077390 405.3
1077400 405.3
1077410 405.3
1077420 405.3
1077430 405.3
1077440 405.3
1077450 405.1
1077460 405.0
1077470 405.0
1077480 405.0
1077490 405.0
1077500 405.0
1077510 405.2
1077520 405.2
1077530 405.2
1077540 405.0
1077550 404.7
1077560 404.7
1077570 404.6
1077580 404.6
1077590 404.6
1077600 404.9
1077610 405.1
1077620 405.1
1077630 405.2
1077640 405.2
1077650 405.3
1077660 405.3
1077670 405.3
1077680 405.3
1077690 405.3
1077700 405.3
1077710 405.4
1077720 405.4
1077730 405.4
1077740 405.4
1077750 405.4
1077760 405.4
1077770 405.4
1077780 405.4
1077790 405.4
1077800 405.5
1077810 405.5
1077820 405.5
1077830 405.6
1077840 405.6
1077850 405.6
1077860 405.6
1077870 405.6
1077880 405.7
1077890 405.7
1077900 405.7
1077910 405.8
1077920 405.6
1077930 405.6
1077940 405.5
1077950 405.6
1077960 405.7
1077970 405.8
1077980 405.8
1077990 405.9
1078000 405.9
1078010 405.9
1078020 405.9
1078030 405.9
1078040 405.9
1078050 406.0
1078060 406.0
1078070 406.1
1078080 406.4
1078090 406.4
1078100 407.2
1078110 408.7
1078120 408.7
1078130 408.5
1078140 405.1
1078150 405.1
1078160 403.3
1078170 404.1
1078180 404.1
1078190 405.6
1078200 408.7
1078210 408.7
1078220 408.5
1078230 408.0
1078240 408.0
1078250 407.8
1078260 407.6
1078270 407.0
1078280 407.0
1078290 406.9
1078300 406.8
1078310 406.8
1078320 406.9
1078330 406.9
1078340 406.9
1078350 407.3
1078360 407.3
1078370 407.3
1078380 407.5
1078390 407.7
1078400 407.7
1078410 408.1
1078420 408.4
1078430 408.4
1078440 408.3
1078450 408.4
1078460 408.4
1078470 408.1
1078480 408.2
1078490 408.2
1078500 408.3
1078510 408.3
1078520 408.3
1078530 408.3
1078540 408.3
1078550 408.3
1078560 408.3
1078570 408.4
1078580 408.4
1078590 408.4
1078600 408.5
1078610 408.5
1078620 408.4
1078630 408.4
1078640 408.5
1078650 408.5
1078660 408.7
1078670 408.8
1078680 408.8
1078690 408.9
1078700 409.0
1078710 409.0
1078720 409.0
1078730 409.1
1078740 409.1
1078750 409.2
1078760 409.5
1078770 409.5
1078780 409.5
1078790 409.5
1078800 409.5
1078810 409.6
1078820 409.7
1078830 409.7
1078840 409.7
1078850 409.7
1078860 409.7
1078870 409.8
1078880 409.8
1078890 409.8
1078900 409.8
1078910 409.8
1078920 409.8
1078930 409.8
1078940 409.9
1078950 410.0
1078960 410.0
1078970 410.1
1078980 410.1
1078990 410.1
1079000 409.9
1079010 409.7
1079020 409.7
1079030 409.8
1079040 409.9
1079050 409.9
1079060 410.0
1079070 410.0
1079080 410.0
1079090 410.1
1079100 410.4
1079110 410.4
1079120 411.1
1079130 411.5
1079140 411.5
1079150 411.7
1079160 411.7
1079170 411.7
1079180 411.7
1079190 411.4
1079200 411.4
1079210 411.0
1079220 410.5
1079230 410.5
1079240 410.3
1079250 410.3
1079260 410.4
1079270 410.4
1079280 410.6
1079290 410.7
1079300 410.7
1079310 410.8
1079320 410.9
1079330 410.9
1079340 411.1
1079350 411.2
1079360 411.2
1079370 411.4
1079380 411.4
1079390 411.4
1079400 411.1
1079410 410.9
1079420 410.9
1079430 410.8
1079440 410.9
1079450 410.9
1079460 411.1
1079470 411.3
1079480 411.3
1079490 411.3
1079500 411.4
1079510 411.4
1079520 411.8
1079530 411.1
1079540 411.1
1079550 411.3
1079560 411.5
1079570 411.7
1079580 411.7
1079590 412.0
1079600 412.1
1079610 412.1
1079620 412.2
1079630 412.2
1079640 412.2
1079650 412.0
1079660 412.1
1079670 412.1
1079680 412.2
1079690 412.2
1079700 412.2
1079710 412.1
1079720 412.2
1079730 412.2
1079740 412.3
1079750 412.3
1079760 412.3
1079770 412.4
1079780 412.6
1079790 412.6
1079800 412.8
1079810 412.9
1079820 412.9
1079830 412.9
1079840 412.9
1079850 413.3
1079860 413.3
1079870 413.4
1079880 413.4
1079890 413.5
1079900 413.5
1079910 413.6
1079920 413.6
1079930 413.7
1079940 413.8
1079950 413.8
1079960 413.8
1079970 413.9
1079980 413.9
1079990 414.0
