1073760 405.5
1073770 406.4
1073780 406.4
1073790 407.9
1073800 407.2
1073810 407.3
1073820 407.4
1073830 405.5
1073840 405.5
1073850 405.5
1073860 405.7
1073870 405.7
1073880 406.5
1073890 408.7
1073900 408.7
1073910 412.1
1073920 412.1
1073930 412.1
1073940 409.5
1073950 408.3
1073960 408.3
1073970 408.0
1073980 408.0
1073990 407.9
1074000 407.9
1074010 407.7
1074020 407.6
1074030 407.6
1074040 407.5
1074050 408.1
1074060 408.1
1074070 410.4
1074080 410.0
1074090 410.0
1074100 406.0
1074110 405.3
1074120 405.3
1074130 405.3
1074140 405.3
1074150 405.3
1074160 405.3
1074170 405.5
1074180 405.5
1074190 406.6
1074200 409.1
1074210 409.1
1074220 409.7
1074230 408.4
1074240 408.4
1074250 408.4
1074260 408.3
1074270 408.3
1074280 408.3
1074290 409.3
1074300 409.3
1074310 411.6
1074320 411.9
1074330 409.3
1074340 409.3
1074350 406.4
1074360 405.3
1074370 405.3
1074380 405.6
1074390 405.2
1074400 405.2
1074410 405.5
1074420 405.5
1074430 405.4
1074440 405.4
1074450 405.4
1074460 405.4
1074470 405.4
1074480 405.4
1074490 405.4
1074500 405.4
1074510 405.2
1074520 405.2
1074530 405.2
1074540 405.1
1074550 405.1
1074560 405.2
1074570 405.2
1074580 405.2
1074590 405.3
1074600 405.3
1074610 405.3
1074620 405.4
1074630 405.5
1074640 405.5
1074650 405.5
1074660 405.6
1074670 405.6
1074680 405.6
1074690 405.5
1074700 405.4
1074710 405.4
1074720 405.5
1074730 405.5
1074740 405.7
1074750 405.8
1074760 405.9
1074770 405.9
1074780 405.9
1074790 406.1
1074800 406.1
1074810 406.3
1074820 406.6
1074830 406.6
1074840 406.8
1074850 406.9
1074860 406.9
1074870 407.0
1074880 407.0
1074890 407.0
1074900 407.1
1074910 407.2
1074920 407.2
1074930 407.3
1074940 407.4
1074950 407.5
1074960 407.5
1074970 407.5
1074980 407.5
1074990 407.5
1075000 407.5
1075010 407.5
1075020 407.5
1075030 407.7
1075040 407.9
1075050 407.8
1075060 407.8
1075070 407.4
1075080 407.4
1075090 407.4
1075100 407.5
1075110 407.5
1075120 407.7
1075130 408.0
1075140 408.0
1075150 408.3
1075160 408.4
1075170 408.4
1075180 408.3
1075190 408.5
1075200 408.5
1075210 408.7
1075220 408.8
1075230 408.8
1075240 408.9
1075250 409.0
1075260 409.0
1075270 409.0
1075280 408.8
1075290 408.7
1075300 408.7
1075310 408.1
1075320 405.5
1075330 405.5
1075340 404.1
1075350 404.0
1075360 404.1
1075370 404.0
1075380 404.0
1075390 404.0
1075400 404.1
1075410 404.1
1075420 404.1
1075430 404.1
1075440 404.0
1075450 404.0
1075460 404.0
1075470 404.0
1075480 404.0
1075490 404.0
1075500 404.0
1075510 404.0
1075520 404.0
1075530 404.0
1075540 404.0
1075550 404.0
1075560 404.0
1075570 404.0
1075580 404.0
1075590 404.0
1075600 404.0
1075610 404.0
1075620 404.0
1075630 404.0
1075640 404.0
1075650 404.4
1075660 405.8
1075670 404.1
1075680 404.8
1075690 406.2
1075700 406.2
1075710 407.4
1075720 407.3
1075730 407.3
1075740 406.8
1075750 406.5
1075760 406.5
1075770 406.4
1075780 406.6
1075790 406.6
1075800 406.7
1075810 406.5
1075820 406.5
1075830 406.6
1075840 406.7
1075850 406.7
1075860 406.7
1075870 406.8
1075880 406.8
1075890 407.5
1075900 409.2
1075910 410.5
1075920 410.5
1075930 410.4
1075940 409.7
1075950 409.7
1075960 408.9
1075970 408.5
1075980 408.5
1075990 410.8
1076000 410.9
1076010 410.9
1076020 410.8
1076030 410.5
1076040 410.5
1076050 410.2
1076060 410.0
1076070 410.0
1076080 409.5
1076090 409.1
1076100 409.1
1076110 408.6
1076120 408.3
1076130 408.3
1076140 407.9
1076150 407.5
1076160 407.5
1076170 407.2
1076180 407.2
1076190 407.2
1076200 407.1
1076210 407.0
1076220 406.9
1076230 406.9
1076240 406.9
1076250 406.7
1076260 406.7
1076270 406.7
1076280 406.6
1076290 406.6
1076300 406.5
1076310 406.7
1076320 406.7
1076330 407.6
1076340 411.7
1076350 411.7
1076360 414.6
1076370 415.3
1076380 415.3
1076390 413.0
1076400 407.6
1076410 407.6
1076420 407.5
1076430 407.8
1076440 407.8
1076450 408.3
1076460 408.0
1076470 408.0
1076480 407.2
1076490 407.2
1076500 407.2
1076510 407.3
1076520 407.2
1076530 407.2
1076540 407.2
1076550 407.1
1076560 407.1
1076570 407.1
1076580 407.0
1076590 406.9
1076600 406.9
1076610 407.6
1076620 408.1
1076630 408.1
1076640 407.9
1076650 407.2
1076660 407.2
1076670 407.2
1076680 407.1
1076690 407.1
1076700 407.1
1076710 407.2
1076720 407.2
1076730 407.4
1076740 407.7
1076750 407.7
1076760 407.9
1076770 408.0
1076780 408.0
1076790 407.7
1076800 407.3
1076810 407.3
1076820 407.0
1076830 407.0
1076840 407.0
1076850 406.6
1076860 406.6
1076870 407.2
1076880 407.2
1076890 409.5
1076900 411.6
1076910 411.6
1076920 411.6
1076930 409.2
1076940 409.2
1076950 407.2
1076960 407.1
1076970 407.1
1076980 406.8
1076990 406.4
1077000 406.4
1077010 406.4
1077020 406.5
1077030 406.5
1077040 406.5
1077050 406.7
1077060 406.7
1077070 406.9
1077080 406.9
1077090 406.9
1077100 407.0
1077110 407.0
1077120 407.0
1077130 406.9
1077140 406.6
1077150 406.6
1077160 406.4
1077170 406.4
1077180 406.4
1077190 406.4
1077200 406.4
1077210 406.4
1077220 406.4
1077230 406.4
1077240 406.5
1077250 406.5
1077260 406.5
1077270 406.4
1077280 406.4
1077290 406.5
1077300 406.5
1077310 406.5
1077320 406.5
1077330 406.5
1077340 406.5
1077350 406.5
1077360 406.5
1077370 406.5
1077380 406.5
1077390 406.4
1077400 406.4
1077410 406.4
1077420 406.3
1077430 406.3
1077440 406.2
1077450 406.6
1077460 406.6
1077470 406.5
1077480 406.1
1077490 406.4
1077500 406.4
1077510 406.5
1077520 406.6
1077530 406.6
1077540 406.6
1077550 406.6
1077560 406.6
1077570 406.5
1077580 406.4
1077590 406.4
1077600 406.4
1077610 406.2
1077620 406.2
1077630 406.0
1077640 406.0
1077650 406.0
1077660 405.9
1077670 405.9
1077680 405.9
1077690 405.9
1077700 405.8
1077710 405.8
1077720 405.8
1077730 405.6
1077740 405.6
1077750 405.6
1077760 405.8
1077770 405.8
1077780 405.8
1077790 405.9
1077800 406.0
1077810 406.0
1077820 406.0
1077830 406.1
1077840 406.1
1077850 406.1
1077860 406.0
1077870 406.0
1077880 406.0
1077890 406.0
1077900 406.0
1077910 405.9
1077920 406.0
1077930 406.0
1077940 406.1
1077950 406.1
1077960 406.1
1077970 406.0
1077980 405.9
1077990 405.9
1078000 405.9
1078010 406.0
1078020 406.0
1078030 406.1
1078040 406.1
1078050 406.1
1078060 406.2
1078070 406.2
1078080 406.2
1078090 406.2
1078100 406.2
1078110 406.2
1078120 407.0
1078130 405.7
1078140 403.8
1078150 403.8
1078160 403.2
1078170 404.5
1078180 404.4
1078190 405.8
1078200 406.0
1078210 406.0
1078220 406.0
1078230 406.2
1078240 406.2
1078250 406.4
1078260 406.5
1078270 406.5
1078280 406.8
1078290 407.0
1078300 407.0
1078310 407.3
1078320 407.6
1078330 407.6
1078340 408.0
1078350 408.3
1078360 408.3
1078370 408.4
1078380 408.5
1078390 408.5
1078400 408.6
1078410 408.6
1078420 408.6
1078430 408.7
1078440 408.7
1078450 408.8
1078460 408.8
1078470 408.9
1078480 409.0
1078490 408.9
1078500 409.0
1078510 409.1
1078520 409.1
1078530 409.1
1078540 408.9
1078550 408.9
1078560 408.9
1078570 408.9
1078580 408.9
1078590 409.0
1078600 409.2
1078610 409.2
1078620 409.3
1078630 409.3
1078640 409.3
1078650 409.4
1078660 409.6
1078670 409.6
1078680 409.6
1078690 409.6
1078700 409.6
1078710 409.8
1078720 410.0
1078730 410.0
1078740 410.1
1078750 410.1
1078760 410.2
1078770 410.2
1078780 410.2
1078790 409.8
1078800 409.8
1078810 409.9
1078820 409.7
1078830 409.7
1078840 409.7
1078850 409.6
1078860 409.6
1078870 409.6
1078880 409.7
1078890 409.7
1078900 409.8
1078910 409.9
1078920 409.9
1078930 409.9
1078940 410.0
1078950 410.0
1078960 410.0
1078970 410.1
1078980 410.1
1078990 410.1
1079000 410.0
1079010 410.0
1079020 409.9
1079030 409.9
1079040 409.9
1079050 409.9
1079060 410.0
1079070 410.2
1079080 410.2
1079090 410.2
1079100 410.0
1079110 410.0
1079120 410.0
1079130 410.0
1079140 410.0
1079150 410.1
1079160 410.2
1079170 410.2
1079180 410.3
1079190 410.4
1079200 410.4
1079210 410.5
1079220 410.6
1079230 410.6
1079240 410.6
1079250 410.6
1079260 410.6
1079270 410.7
1079280 410.7
1079290 410.7
1079300 410.7
1079310 410.7
1079320 410.7
1079330 410.8
1079340 410.8
1079350 410.8
1079360 410.7
1079370 410.7
1079380 410.7
1079390 410.8
1079400 410.9
1079410 411.0
1079420 411.0
1079430 411.1
1079440 411.1
1079450 411.1
1079460 411.1
1079470 411.1
1079480 411.1
1079490 411.0
1079500 410.9
1079510 410.9
1079520 411.0
1079530 411.0
1079540 411.0
1079550 411.1
1079560 411.1
1079570 411.1
1079580 411.3
1079590 411.4
1079600 411.4
1079610 411.6
1079620 411.7
1079630 411.7
1079640 411.8
1079650 411.8
1079660 411.8
1079670 411.9
1079680 412.0
1079690 412.0
1079700 412.1
1079710 412.2
1079720 412.3
1079730 412.3
1079740 412.3
1079750 412.3
1079760 412.3
1079770 412.3
1079780 412.4
1079790 412.4
1079800 412.5
1079810 412.5
1079820 412.5
1079830 412.6
1079840 412.7
1079850 412.7
1079860 413.6
1079870 413.8
1079880 413.8
1079890 413.4
1079900 413.0
1079910 413.0
1079920 413.0
1079930 413.1
1079940 413.1
1079950 413.1
1079960 413.1
1079970 413.1
1079980 413.0
1079990 413.0
