1073940 405.7
1073950 405.3
1073960 405.3
1073970 405.2
1073980 405.0
1073990 405.0
1074000 404.8
1074010 404.7
1074020 404.7
1074030 404.8
1074040 405.1
1074050 405.1
1074060 405.5
1074070 405.7
1074080 405.7
1074090 405.8
1074100 407.1
1074110 407.1
1074120 409.7
1074130 406.4
1074140 406.4
1074150 406.4
1074160 409.0
1074170 410.9
1074180 410.9
1074190 411.2
1074200 411.4
1074210 411.4
1074220 411.2
1074230 409.7
1074240 409.7
1074250 407.6
1074260 406.9
1074270 406.9
1074280 406.8
1074290 406.7
1074300 406.7
1074310 406.6
1074320 406.5
1074330 406.5
1074340 406.4
1074350 406.7
1074360 406.7
1074370 408.9
1074380 409.0
1074390 409.0
1074400 405.0
1074410 404.0
1074420 404.0
1074430 404.0
1074440 404.0
1074450 404.0
1074460 404.0
1074470 404.0
1074480 404.0
1074490 404.3
1074500 407.6
1074510 408.5
1074520 408.5
1074530 407.1
1074540 406.9
1074550 406.9
1074560 406.9
1074570 407.3
1074580 407.3
1074590 408.8
1074600 410.9
1074610 410.9
1074620 410.4
1074630 407.5
1074640 407.5
1074650 406.6
1074660 405.4
1074670 405.4
1074680 404.4
1074690 404.4
1074700 404.4
1074710 405.2
1074720 407.0
1074730 407.0
1074740 407.3
1074750 407.0
1074760 407.0
1074770 406.7
1074780 406.6
1074790 406.6
1074800 406.5
1074810 406.6
1074820 406.6
1074830 406.6
1074840 406.9
1074850 407.9
1074860 407.9
1074870 410.1
1074880 409.7
1074890 409.7
1074900 407.6
1074910 407.1
1074920 407.1
1074930 407.2
1074940 407.3
1074950 407.3
1074960 407.1
1074970 406.7
1074980 406.7
1074990 406.7
1075000 406.7
1075010 406.7
1075020 406.5
1075030 407.0
1075040 407.0
1075050 407.0
1075060 406.1
1075070 406.1
1075080 406.2
1075090 405.9
1075100 405.9
1075110 405.7
1075120 405.4
1075130 405.6
1075140 406.0
1075150 405.9
1075160 405.9
1075170 405.9
1075180 406.2
1075190 405.6
1075200 405.6
1075210 405.4
1075220 405.3
1075230 405.3
1075240 405.5
1075250 405.6
1075260 405.6
1075270 405.6
1075280 405.7
1075290 405.7
1075300 405.7
1075310 405.7
1075320 405.7
1075330 405.8
1075340 405.5
1075350 405.5
1075360 405.3
1075370 405.0
1075380 405.0
1075390 405.2
1075400 405.4
1075410 405.4
1075420 405.0
1075430 404.9
1075440 405.0
1075450 404.6
1075460 404.2
1075470 404.0
1075480 404.0
1075490 403.9
1075500 403.9
1075510 403.9
1075520 403.9
1075530 403.9
1075540 403.9
1075550 403.9
1075560 404.0
1075570 404.0
1075580 403.9
1075590 403.6
1075600 403.6
1075610 403.5
1075620 403.4
1075630 403.4
1075640 403.4
1075650 403.4
1075660 403.4
1075670 403.4
1075680 403.3
1075690 403.3
1075700 403.4
1075710 403.5
1075720 403.5
1075730 403.6
1075740 403.4
1075750 403.5
1075760 403.3
1075770 403.4
1075780 403.4
1075790 403.4
1075800 403.5
1075810 403.6
1075820 403.6
1075830 403.6
1075840 403.6
1075850 403.6
1075860 403.6
1075870 403.6
1075880 403.6
1075890 403.6
1075900 403.7
1075910 403.7
1075920 403.7
1075930 403.6
1075940 403.6
1075950 403.7
1075960 403.7
1075970 403.7
1075980 403.7
1075990 403.6
1076000 403.6
1076010 403.6
1076020 403.6
1076030 403.6
1076040 403.8
1076050 403.8
1076060 403.8
1076070 404.0
1076080 403.9
1076090 403.9
1076100 403.9
1076110 404.0
1076120 403.9
1076130 403.9
1076140 404.0
1076150 404.0
1076160 404.0
1076170 404.0
1076180 404.0
1076190 404.0
1076200 404.0
1076210 403.9
1076220 403.9
1076230 403.9
1076240 403.9
1076250 403.9
1076260 403.7
1076270 403.7
1076280 403.7
1076290 403.7
1076300 403.8
1076310 403.8
1076320 403.8
1076330 403.9
1076340 403.9
1076350 403.9
1076360 404.0
1076370 404.0
1076380 403.7
1076390 403.7
1076400 403.7
1076410 403.6
1076420 403.7
1076430 403.9
1076440 403.9
1076450 404.1
1076460 404.4
1076470 404.4
1076480 404.5
1076490 404.7
1076500 404.7
1076510 404.8
1076520 405.0
1076530 405.0
1076540 405.1
1076550 405.2
1076560 405.2
1076570 405.1
1076580 405.1
1076590 405.1
1076600 405.1
1076610 405.2
1076620 405.2
1076630 405.5
1076640 405.7
1076650 405.7
1076660 405.5
1076670 405.0
1076680 405.0
1076690 404.9
1076700 405.2
1076710 405.2
1076720 405.0
1076730 405.1
1076740 405.9
1076750 405.9
1076760 405.7
1076770 405.2
1076780 405.2
1076790 404.7
1076800 404.1
1076810 404.1
1076820 403.6
1076830 403.3
1076840 403.3
1076850 403.2
1076860 403.5
1076870 403.5
1076880 404.1
1076890 404.4
1076900 404.4
1076910 404.7
1076920 405.1
1076930 405.1
1076940 405.4
1076950 405.5
1076960 405.5
1076970 405.4
1076980 405.4
1076990 405.4
1077000 405.5
1077010 404.9
1077020 404.9
1077030 404.4
1077040 403.9
1077050 403.9
1077060 403.6
1077070 403.6
1077080 403.6
1077090 403.6
1077100 403.6
1077110 403.6
1077120 403.6
1077130 403.5
1077140 403.5
1077150 403.5
1077160 403.4
1077170 403.3
1077180 403.3
1077190 403.2
1077200 403.2
1077210 403.2
1077220 403.1
1077230 403.0
1077240 403.0
1077250 403.3
1077260 403.4
1077270 403.4
1077280 403.5
1077290 403.5
1077300 403.5
1077310 403.5
1077320 403.4
1077330 403.4
1077340 403.4
1077350 403.5
1077360 403.5
1077370 403.8
1077380 404.0
1077390 403.6
1077400 403.6
1077410 403.5
1077420 403.5
1077430 403.5
1077440 403.5
1077450 403.4
1077460 403.4
1077470 403.4
1077480 403.4
1077490 403.4
1077500 403.4
1077510 403.6
1077520 403.6
1077530 403.4
1077540 403.6
1077550 403.6
1077560 403.7
1077570 403.8
1077580 403.8
1077590 403.9
1077600 403.9
1077610 403.9
1077620 404.2
1077630 404.6
1077640 404.6
1077650 404.7
1077660 404.4
1077670 404.4
1077680 404.6
1077690 404.7
1077700 404.7
1077710 404.7
1077720 404.8
1077730 404.8
1077740 404.8
1077750 404.8
1077760 404.9
1077770 404.9
1077780 404.9
1077790 404.9
1077800 404.9
1077810 404.9
1077820 405.0
1077830 405.0
1077840 405.0
1077850 404.9
1077860 404.9
1077870 405.0
1077880 405.1
1077890 405.1
1077900 405.1
1077910 405.2
1077920 405.2
1077930 405.2
1077940 405.4
1077950 405.4
1077960 405.4
1077970 405.5
1077980 405.5
1077990 405.6
1078000 405.8
1078010 405.8
1078020 406.2
1078030 406.5
1078040 406.8
1078050 406.8
1078060 406.9
1078070 407.1
1078080 407.1
1078090 407.3
1078100 407.3
1078110 407.3
1078120 407.1
1078130 405.1
1078140 405.1
1078150 404.2
1078160 403.1
1078170 403.1
1078180 403.2
1078190 405.7
1078200 405.7
1078210 407.5
1078220 407.7
1078230 407.7
1078240 408.0
1078250 408.1
1078260 408.2
1078270 408.5
1078280 408.7
1078290 408.7
1078300 408.9
1078310 408.9
1078320 408.9
1078330 408.9
1078340 409.0
1078350 409.0
1078360 409.0
1078370 409.1
1078380 409.3
1078390 409.3
1078400 409.5
1078410 409.6
1078420 409.6
1078430 409.6
1078440 409.6
1078450 409.6
1078460 409.7
1078470 409.7
1078480 409.7
1078490 409.7
1078500 409.8
1078510 409.8
1078520 409.8
1078530 409.8
1078540 409.8
1078550 409.8
1078560 409.8
1078570 409.7
1078580 409.7
1078590 409.9
1078600 409.9
1078610 409.9
1078620 409.9
1078630 409.9
1078640 410.1
1078650 410.3
1078660 410.3
1078670 410.5
1078680 410.4
1078690 410.4
1078700 410.4
1078710 410.3
1078720 410.3
1078730 410.3
1078740 410.2
1078750 410.2
1078760 410.2
1078770 410.2
1078780 410.1
1078790 410.1
1078800 410.0
1078810 410.1
1078820 410.1
1078830 410.0
1078840 410.0
1078850 410.0
1078860 410.1
1078870 410.1
1078880 410.1
1078890 410.3
1078900 409.4
1078910 409.4
1078920 410.0
1078930 410.2
1078940 410.2
1078950 410.4
1078960 410.5
1078970 410.5
1078980 410.6
1078990 410.7
1079000 410.9
1079010 410.9
1079020 411.1
1079030 411.2
1079040 411.2
1079050 411.2
1079060 411.3
1079070 411.3
1079080 411.4
1079090 411.4
1079100 411.4
1079110 411.4
1079120 411.4
1079130 411.4
1079140 411.3
1079150 411.3
1079160 411.3
1079170 411.3
1079180 411.2
1079190 411.2
1079200 411.3
1079210 411.4
1079220 411.4
1079230 411.5
1079240 411.6
1079250 411.6
1079260 411.7
1079270 411.8
1079280 411.8
1079290 411.9
1079300 411.8
1079310 411.7
1079320 411.7
1079330 411.9
1079340 411.8
1079350 411.8
1079360 411.8
1079370 411.8
1079380 411.8
1079390 411.9
1079400 412.0
1079410 412.0
1079420 412.1
1079430 412.2
1079440 412.2
1079450 412.2
1079460 412.2
1079470 412.2
1079480 412.3
1079490 412.6
1079500 412.6
1079510 412.9
1079520 412.9
1079530 412.9
1079540 413.1
1079550 413.3
1079560 413.3
1079570 413.2
1079580 413.2
1079590 413.2
1079600 413.2
1079610 413.2
1079620 413.2
1079630 413.1
1079640 413.2
1079650 413.3
1079660 413.3
1079670 413.3
1079680 413.3
1079690 413.3
1079700 413.3
1079710 413.3
1079720 413.3
1079730 413.5
1079740 413.8
1079750 413.8
1079760 413.9
1079770 413.9
1079780 413.9
1079790 413.9
1079800 413.9
1079810 413.9
1079820 414.1
1079830 414.1
1079840 414.1
1079850 414.2
1079860 414.1
1079870 414.1
1079880 414.1
1079890 414.3
1079900 414.3
1079910 414.4
1079920 414.4
1079930 414.4
1079940 414.5
1079950 414.6
1079960 414.6
1079970 414.6
1079980 414.6
1079990 414.6
