1073940 405.2
1073950 405.2
1073960 405.2
1073970 405.2
1073980 405.2
1073990 404.5
1074000 404.5
1074010 404.5
1074020 405.5
1074030 405.8
1074040 405.8
1074050 406.1
1074060 406.7
1074070 408.7
1074080 408.7
1074090 409.5
1074100 410.3
1074110 410.3
1074120 410.3
1074130 410.8
1074140 410.8
1074150 411.1
1074160 411.4
1074170 411.4
1074180 411.7
1074190 410.2
1074200 410.2
1074210 407.8
1074220 407.2
1074230 407.2
1074240 407.1
1074250 407.0
1074260 407.0
1074270 406.9
1074280 406.8
1074290 406.8
1074300 406.7
1074310 407.7
1074320 407.7
1074330 409.6
1074340 408.7
1074350 408.7
1074360 404.6
1074370 404.3
1074380 404.3
1074390 404.3
1074400 404.4
1074410 404.5
1074420 404.5
1074430 404.4
1074440 405.2
1074450 405.2
1074460 408.1
1074470 408.9
1074480 408.9
1074490 407.7
1074500 407.6
1074510 407.6
1074520 407.6
1074530 407.5
1074540 407.5
1074550 408.7
1074560 411.0
1074570 411.0
1074580 410.6
1074590 408.9
1074600 408.9
1074610 408.2
1074620 407.7
1074630 407.7
1074640 407.5
1074650 407.1
1074660 407.1
1074670 406.0
1074680 405.5
1074690 405.5
1074700 405.6
1074710 406.2
1074720 406.7
1074730 406.7
1074740 406.3
1074750 406.1
1074760 406.1
1074770 404.9
1074780 404.3
1074790 404.3
1074800 404.3
1074810 404.0
1074820 404.0
1074830 403.5
1074840 403.4
1074850 403.4
1074860 403.4
1074870 403.9
1074880 403.9
1074890 406.8
1074900 408.1
1074910 408.1
1074920 408.1
1074930 408.0
1074940 408.0
1074950 407.8
1074960 407.8
1074970 407.8
1074980 407.7
1074990 407.4
1075000 407.4
1075010 407.2
1075020 407.3
1075030 408.3
1075040 408.3
1075050 410.4
1075060 408.4
1075070 408.4
1075080 407.2
1075090 407.0
1075100 407.0
1075110 406.5
1075120 406.0
1075130 406.0
1075140 405.8
1075150 405.8
1075160 405.8
1075170 405.6
1075180 405.5
1075190 405.5
1075200 405.2
1075210 405.1
1075220 405.1
1075230 405.1
1075240 404.9
1075250 404.9
1075260 404.9
1075270 405.0
1075280 405.0
1075290 405.0
1075300 405.0
1075310 405.0
1075320 405.2
1075330 405.4
1075340 405.4
1075350 404.6
1075360 404.5
1075370 404.8
1075380 404.8
1075390 404.8
1075400 404.8
1075410 404.8
1075420 404.6
1075430 404.4
1075440 404.4
1075450 404.2
1075460 404.1
1075470 404.1
1075480 404.0
1075490 403.9
1075500 403.9
1075510 403.8
1075520 403.8
1075530 403.8
1075540 403.8
1075550 403.7
1075560 403.7
1075570 403.6
1075580 403.5
1075590 403.5
1075600 403.5
1075610 403.5
1075620 403.5
1075630 403.4
1075640 403.4
1075650 403.4
1075660 403.5
1075670 403.6
1075680 403.5
1075690 403.5
1075700 403.6
1075710 403.6
1075720 403.6
1075730 403.6
1075740 403.6
1075750 403.6
1075760 403.5
1075770 403.5
1075780 403.5
1075790 403.4
1075800 403.4
1075810 403.4
1075820 403.4
1075830 403.4
1075840 403.4
1075850 403.4
1075860 403.5
1075870 403.5
1075880 403.7
1075890 403.8
1075900 403.8
1075910 403.9
1075920 403.8
1075930 403.8
1075940 403.8
1075950 403.5
1075960 403.5
1075970 403.5
1075980 403.5
1075990 403.6
1076000 403.6
1076010 403.7
1076020 403.7
1076030 403.7
1076040 403.7
1076050 403.7
1076060 403.7
1076070 403.7
1076080 403.7
1076090 403.7
1076100 403.9
1076110 404.0
1076120 404.0
1076130 404.3
1076140 404.2
1076150 404.2
1076160 403.4
1076170 404.2
1076180 404.2
1076190 404.2
1076200 404.1
1076210 404.1
1076220 404.0
1076230 403.9
1076240 403.9
1076250 403.9
1076260 403.9
1076270 403.9
1076280 403.9
1076290 403.9
1076300 403.9
1076310 403.9
1076320 403.9
1076330 403.9
1076340 403.9
1076350 404.0
1076360 404.0
1076370 404.0
1076380 404.0
1076390 404.0
1076400 404.0
1076410 403.9
1076420 403.9
1076430 403.9
1076440 403.9
1076450 403.9
1076460 403.9
1076470 404.0
1076480 404.0
1076490 403.9
1076500 403.9
1076510 403.9
1076520 403.9
1076530 404.1
1076540 404.7
1076550 404.7
1076560 404.7
1076570 404.2
1076580 404.2
1076590 404.0
1076600 403.9
1076610 403.9
1076620 403.8
1076630 403.8
1076640 403.8
1076650 403.8
1076660 403.7
1076670 403.7
1076680 403.7
1076690 403.7
1076700 403.7
1076710 403.7
1076720 403.7
1076730 403.5
1076740 403.5
1076750 403.4
1076760 403.5
1076770 403.5
1076780 403.5
1076790 403.6
1076800 403.8
1076810 403.9
1076820 403.9
1076830 403.9
1076840 404.0
1076850 404.1
1076860 404.1
1076870 404.3
1076880 404.9
1076890 404.9
1076900 405.6
1076910 404.6
1076920 404.6
1076930 403.9
1076940 403.8
1076950 403.8
1076960 403.8
1076970 403.8
1076980 403.9
1076990 403.9
1077000 403.9
1077010 403.9
1077020 403.9
1077030 403.9
1077040 403.8
1077050 403.8
1077060 403.9
1077070 403.9
1077080 403.9
1077090 404.1
1077100 404.3
1077110 404.3
1077120 404.3
1077130 404.1
1077140 404.1
1077150 404.0
1077160 404.1
1077170 404.1
1077180 404.0
1077190 404.2
1077200 404.2
1077210 404.2
1077220 404.0
1077230 404.0
1077240 404.0
1077250 404.0
1077260 404.0
1077270 404.2
1077280 404.4
1077290 404.2
1077300 404.2
1077310 404.2
1077320 404.1
1077330 404.1
1077340 404.1
1077350 404.2
1077360 404.2
1077370 404.2
1077380 404.2
1077390 404.2
1077400 404.3
1077410 404.3
1077420 404.3
1077430 404.3
1077440 404.2
1077450 404.2
1077460 404.0
1077470 403.6
1077480 403.6
1077490 403.6
1077500 403.7
1077510 403.7
1077520 403.8
1077530 403.8
1077540 403.8
1077550 403.7
1077560 404.1
1077570 404.1
1077580 404.6
1077590 404.8
1077600 404.0
1077610 404.0
1077620 403.9
1077630 403.9
1077640 403.9
1077650 403.9
1077660 404.0
1077670 404.0
1077680 404.0
1077690 404.2
1077700 404.2
1077710 404.4
1077720 404.6
1077730 404.6
1077740 404.8
1077750 405.0
1077760 405.0
1077770 405.0
1077780 405.1
1077790 405.1
1077800 405.2
1077810 405.5
1077820 405.5
1077830 405.2
1077840 405.4
1077850 405.4
1077860 405.5
1077870 405.5
1077880 405.5
1077890 405.6
1077900 405.6
1077910 405.7
1077920 405.7
1077930 405.7
1077940 405.8
1077950 405.8
1077960 405.8
1077970 405.9
1077980 405.9
1077990 406.0
1078000 406.1
1078010 406.1
1078020 406.3
1078030 406.5
1078040 406.5
1078050 407.0
1078060 407.4
1078070 407.4
1078080 407.6
1078090 407.5
1078100 407.5
1078110 407.5
1078120 407.1
1078130 407.1
1078140 404.2
1078150 402.9
1078160 402.9
1078170 403.8
1078180 404.7
1078190 404.7
1078200 406.1
1078210 407.3
1078220 407.3
1078230 407.9
1078240 408.2
1078250 408.4
1078260 408.4
1078270 408.4
1078280 408.5
1078290 408.5
1078300 408.5
1078310 408.5
1078320 408.5
1078330 408.6
1078340 408.8
1078350 408.8
1078360 408.9
1078370 409.1
1078380 409.1
1078390 409.1
1078400 409.3
1078410 409.3
1078420 409.3
1078430 409.4
1078440 409.4
1078450 409.4
1078460 409.4
1078470 409.4
1078480 409.4
1078490 409.4
1078500 409.4
1078510 409.5
1078520 409.5
1078530 409.5
1078540 409.5
1078550 409.5
1078560 409.5
1078570 409.5
1078580 409.5
1078590 409.5
1078600 409.5
1078610 409.5
1078620 409.4
1078630 409.4
1078640 409.3
1078650 409.3
1078660 409.3
1078670 409.1
1078680 409.0
1078690 409.0
1078700 409.0
1078710 409.0
1078720 409.0
1078730 409.0
1078740 409.0
1078750 409.0
1078760 409.0
1078770 409.0
1078780 409.0
1078790 409.0
1078800 409.0
1078810 409.0
1078820 409.0
1078830 409.1
1078840 409.1
1078850 409.1
1078860 409.1
1078870 409.1
1078880 409.1
1078890 409.2
1078900 409.5
1078910 409.5
1078920 409.0
1078930 409.2
1078940 409.2
1078950 409.4
1078960 409.4
1078970 409.4
1078980 409.5
1078990 409.5
1079000 409.6
1079010 409.7
1079020 409.7
1079030 409.7
1079040 409.8
1079050 409.8
1079060 409.8
1079070 409.8
1079080 409.9
1079090 409.9
1079100 410.0
1079110 410.0
1079120 410.0
1079130 410.0
1079140 410.1
1079150 410.1
1079160 410.1
1079170 410.4
1079180 410.4
1079190 410.4
1079200 410.4
1079210 410.5
1079220 410.5
1079230 410.6
1079240 410.7
1079250 410.7
1079260 410.8
1079270 410.9
1079280 410.9
1079290 410.9
1079300 411.0
1079310 410.7
1079320 410.8
1079330 410.9
1079340 410.9
1079350 411.0
1079360 411.0
1079370 411.0
1079380 411.1
1079390 411.2
1079400 411.2
1079410 411.2
1079420 411.2
1079430 411.2
1079440 411.2
1079450 411.3
1079460 411.3
1079470 411.3
1079480 411.4
1079490 411.4
1079500 411.6
1079510 411.6
1079520 411.6
1079530 411.6
1079540 411.7
1079550 411.8
1079560 411.8
1079570 411.8
1079580 411.8
1079590 411.8
1079600 412.0
1079610 412.2
1079620 412.2
1079630 411.8
1079640 411.8
1079650 411.8
1079660 411.9
1079670 411.9
1079680 411.9
1079690 412.0
1079700 412.1
1079710 412.1
1079720 412.3
1079730 412.5
1079740 412.5
1079750 412.7
1079760 412.8
1079770 412.8
1079780 412.8
1079790 413.2
1079800 413.2
1079810 414.2
1079820 414.7
1079830 414.8
1079840 414.8
1079850 414.8
1079860 414.5
1079870 414.5
1079880 413.7
1079890 413.5
1079900 413.5
1079910 413.5
1079920 413.7
1079930 413.7
1079940 413.7
1079950 413.8
1079960 413.8
1079970 413.7
1079980 413.8
1079990 413.8
