1073930 412.8
1073940 409.1
1073950 409.1
1073960 406.3
1073970 406.3
1073980 406.3
1073990 406.5
1074000 406.7
1074010 406.7
1074020 408.1
1074030 410.7
1074040 410.7
1074050 409.5
1074060 407.5
1074070 407.5
1074080 407.2
1074090 407.1
1074100 407.3
1074110 407.2
1074120 407.1
1074130 407.1
1074140 407.0
1074150 407.0
1074160 407.0
1074170 407.0
1074180 407.0
1074190 406.9
1074200 406.9
1074210 406.8
1074220 406.7
1074230 406.7
1074240 406.6
1074250 406.5
1074260 406.5
1074270 406.4
1074280 406.3
1074290 406.3
1074300 406.1
1074310 406.0
1074320 406.0
1074330 405.9
1074340 407.8
1074350 407.8
1074360 406.9
1074370 404.2
1074380 404.2
1074390 403.3
1074400 403.3
1074410 403.4
1074420 403.2
1074430 403.4
1074440 403.4
1074450 403.4
1074460 403.9
1074470 406.7
1074480 406.7
1074490 408.3
1074500 406.7
1074510 406.7
1074520 406.7
1074530 406.8
1074540 406.8
1074550 406.8
1074560 406.7
1074570 406.7
1074580 406.7
1074590 406.9
1074600 406.9
1074610 409.0
1074620 410.0
1074630 410.0
1074640 407.1
1074650 406.4
1074660 406.4
1074670 405.1
1074680 404.9
1074690 404.9
1074700 404.8
1074710 404.9
1074720 405.1
1074730 404.9
1074740 404.6
1074750 404.6
1074760 404.4
1074770 404.3
1074780 404.3
1074790 404.4
1074800 404.4
1074810 404.3
1074820 404.3
1074830 404.1
1074840 404.1
1074850 404.1
1074860 404.7
1074870 406.2
1074880 406.2
1074890 406.0
1074900 404.9
1074910 404.9
1074920 404.4
1074930 404.5
1074940 404.5
1074950 404.6
1074960 404.5
1074970 404.5
1074980 404.5
1074990 404.4
1075000 404.4
1075010 404.3
1075020 404.4
1075030 404.4
1075040 404.7
1075050 404.8
1075060 404.8
1075070 405.0
1075080 405.0
1075090 405.0
1075100 405.0
1075110 405.0
1075120 405.0
1075130 405.0
1075140 404.8
1075150 404.7
1075160 404.7
1075170 404.8
1075180 404.7
1075190 404.7
1075200 404.6
1075210 404.3
1075220 404.3
1075230 404.6
1075240 405.0
1075250 405.0
1075260 405.2
1075270 405.2
1075280 405.2
1075290 405.1
1075300 404.9
1075310 404.9
1075320 404.8
1075330 404.8
1075340 404.8
1075350 404.6
1075360 404.3
1075370 404.3
1075380 404.6
1075390 405.0
1075400 405.0
1075410 405.0
1075420 404.7
1075430 404.7
1075440 404.7
1075450 404.6
1075460 404.5
1075470 404.5
1075480 404.4
1075490 404.3
1075500 404.3
1075510 404.2
1075520 404.1
1075530 404.1
1075540 404.0
1075550 404.0
1075560 404.0
1075570 403.9
1075580 403.8
1075590 403.8
1075600 403.8
1075610 403.7
1075620 403.7
1075630 403.7
1075640 403.7
1075650 403.7
1075660 403.7
1075670 403.6
1075680 403.6
1075690 403.6
1075700 403.9
1075710 403.9
1075720 404.0
1075730 404.1
1075740 404.1
1075750 404.2
1075760 404.2
1075770 404.2
1075780 404.2
1075790 404.2
1075800 404.2
1075810 404.2
1075820 404.0
1075830 403.7
1075840 403.7
1075850 402.9
1075860 402.7
1075870 402.7
1075880 402.8
1075890 402.8
1075900 402.8
1075910 402.8
1075920 402.7
1075930 402.7
1075940 402.8
1075950 402.7
1075960 402.7
1075970 402.6
1075980 402.6
1075990 402.6
1076000 402.7
1076010 402.6
1076020 402.6
1076030 402.5
1076040 403.1
1076050 403.1
1076060 404.3
1076070 405.2
1076080 405.2
1076090 405.5
1076100 405.7
1076110 405.8
1076120 405.8
1076130 406.0
1076140 406.2
1076150 406.2
1076160 406.3
1076170 406.3
1076180 406.3
1076190 406.1
1076200 406.0
1076210 406.0
1076220 405.9
1076230 405.9
1076240 405.9
1076250 405.7
1076260 405.2
1076270 405.2
1076280 405.1
1076290 405.0
1076300 405.0
1076310 405.0
1076320 405.0
1076330 405.0
1076340 405.0
1076350 405.3
1076360 405.3
1076370 405.6
1076380 405.8
1076390 405.8
1076400 405.9
1076410 406.1
1076420 406.3
1076430 406.3
1076440 406.4
1076450 406.4
1076460 406.4
1076470 406.2
1076480 406.0
1076490 406.0
1076500 405.9
1076510 405.8
1076520 405.8
1076530 405.6
1076540 405.2
1076550 405.2
1076560 404.6
1076570 403.9
1076580 403.9
1076590 403.2
1076600 402.9
1076610 402.9
1076620 402.8
1076630 402.8
1076640 402.8
1076650 402.8
1076660 402.9
1076670 402.9
1076680 402.8
1076690 402.8
1076700 402.8
1076710 402.8
1076720 402.8
1076730 402.8
1076740 402.9
1076750 402.9
1076760 402.9
1076770 402.9
1076780 402.9
1076790 402.9
1076800 402.9
1076810 403.0
1076820 402.9
1076830 402.9
1076840 402.9
1076850 403.0
1076860 403.0
1076870 403.1
1076880 403.1
1076890 403.1
1076900 403.2
1076910 403.4
1076920 403.4
1076930 403.0
1076940 402.6
1076950 402.6
1076960 402.5
1076970 402.6
1076980 402.6
1076990 402.6
1077000 402.6
1077010 402.6
1077020 402.7
1077030 402.7
1077040 402.7
1077050 402.7
1077060 402.5
1077070 402.7
1077080 402.7
1077090 402.8
1077100 402.7
1077110 402.7
1077120 403.0
1077130 403.4
1077140 403.4
1077150 403.9
1077160 404.1
1077170 404.1
1077180 404.1
1077190 403.8
1077200 403.8
1077210 402.8
1077220 403.5
1077230 403.5
1077240 403.3
1077250 403.4
1077260 403.4
1077270 403.4
1077280 403.3
1077290 403.3
1077300 403.1
1077310 402.9
1077320 402.9
1077330 402.9
1077340 402.9
1077350 402.9
1077360 403.1
1077370 403.3
1077380 403.3
1077390 403.3
1077400 403.2
1077410 403.2
1077420 403.2
1077430 403.2
1077440 403.2
1077450 403.2
1077460 403.3
1077470 403.3
1077480 403.3
1077490 403.2
1077500 403.2
1077510 403.2
1077520 403.2
1077530 403.4
1077540 403.4
1077550 403.6
1077560 403.6
1077570 403.6
1077580 403.7
1077590 403.7
1077600 403.7
1077610 403.8
1077620 403.8
1077630 403.8
1077640 403.9
1077650 403.9
1077660 403.9
1077670 404.1
1077680 404.6
1077690 404.6
1077700 404.3
1077710 404.0
1077720 404.0
1077730 404.0
1077740 404.0
1077750 404.1
1077760 404.1
1077770 404.2
1077780 404.2
1077790 404.2
1077800 404.3
1077810 404.3
1077820 404.3
1077830 404.3
1077840 404.3
1077850 404.4
1077860 404.5
1077870 404.4
1077880 404.4
1077890 404.5
1077900 404.5
1077910 404.5
1077920 404.5
1077930 404.5
1077940 404.5
1077950 404.6
1077960 404.7
1077970 404.7
1077980 404.8
1077990 404.9
1078000 404.9
1078010 404.9
1078020 405.0
1078030 405.1
1078040 405.1
1078050 405.4
1078060 405.8
1078070 405.8
1078080 406.0
1078090 405.6
1078100 405.6
1078110 406.3
1078120 405.6
1078130 405.6
1078140 403.2
1078150 403.0
1078160 403.0
1078170 403.7
1078180 404.9
1078190 404.9
1078200 405.8
1078210 406.1
1078220 406.1
1078230 406.3
1078240 406.4
1078250 406.4
1078260 406.6
1078270 406.7
1078280 406.7
1078290 406.8
1078300 406.8
1078310 406.8
1078320 406.8
1078330 407.0
1078340 407.0
1078350 407.3
1078360 407.4
1078370 407.5
1078380 407.5
1078390 407.2
1078400 407.2
1078410 407.2
1078420 407.2
1078430 407.2
1078440 407.2
1078450 407.2
1078460 407.3
1078470 407.3
1078480 407.4
1078490 407.4
1078500 407.4
1078510 407.5
1078520 407.5
1078530 407.5
1078540 407.5
1078550 407.8
1078560 407.8
1078570 407.6
1078580 407.5
1078590 407.5
1078600 407.7
1078610 407.8
1078620 407.8
1078630 407.7
1078640 407.6
1078650 407.6
1078660 407.6
1078670 407.7
1078680 407.8
1078690 407.8
1078700 408.0
1078710 408.1
1078720 408.1
1078730 408.1
1078740 408.2
1078750 408.2
1078760 408.4
1078770 408.5
1078780 408.5
1078790 408.5
1078800 408.6
1078810 408.6
1078820 408.7
1078830 408.9
1078840 408.9
1078850 408.9
1078860 409.0
1078870 409.0
1078880 409.0
1078890 409.0
1078900 409.0
1078910 409.2
1078920 408.7
1078930 408.7
1078940 409.6
1078950 409.6
1078960 409.6
1078970 409.4
1078980 409.3
1078990 409.3
1079000 409.4
1079010 409.4
1079020 409.4
1079030 409.4
1079040 409.3
1079050 409.4
1079060 409.4
1079070 409.5
1079080 409.6
1079090 409.6
1079100 409.7
1079110 409.7
1079120 409.7
1079130 409.7
1079140 409.8
1079150 409.8
1079160 409.8
1079170 409.8
1079180 409.8
1079190 409.9
1079200 410.0
1079210 410.0
1079220 410.0
1079230 410.1
1079240 410.1
1079250 410.2
1079260 410.3
1079270 410.3
1079280 410.3
1079290 410.4
1079300 410.4
1079310 410.5
1079320 410.6
1079330 410.6
1079340 410.6
1079350 410.6
1079360 410.6
1079370 410.6
1079380 410.6
1079390 410.7
1079400 410.7
1079410 410.8
1079420 410.7
1079430 410.7
1079440 410.9
1079450 411.0
1079460 411.0
1079470 410.9
1079480 411.0
1079490 411.0
1079500 411.1
1079510 411.2
1079520 411.2
1079530 411.3
1079540 411.4
1079550 411.4
1079560 411.4
1079570 411.5
1079580 411.5
1079590 411.6
1079600 411.7
1079610 411.7
1079620 411.7
1079630 411.8
1079640 411.8
1079650 411.8
1079660 411.9
1079670 412.0
1079680 412.0
1079690 412.0
1079700 412.0
1079710 412.0
1079720 412.2
1079730 412.2
1079740 412.2
1079750 412.3
1079760 412.4
1079770 412.4
1079780 412.5
1079790 412.6
1079800 412.6
1079810 412.7
1079820 412.9
1079830 412.9
1079840 413.0
1079850 413.1
1079860 413.1
1079870 413.0
1079880 412.9
1079890 412.9
1079900 412.9
1079910 412.8
1079920 412.8
1079930 412.7
1079940 412.6
1079950 412.6
1079960 412.6
1079970 412.6
1079980 412.6
1079990 412.6
