1073870 405.2
1073880 405.2
1073890 406.9
1073900 407.7
1073910 407.7
1073920 407.4
1073930 409.9
1073940 409.9
1073950 410.3
1073960 407.5
1073970 407.5
1073980 406.6
1073990 406.5
1074000 406.5
1074010 406.4
1074020 406.4
1074030 406.4
1074040 406.4
1074050 406.4
1074060 406.4
1074070 406.4
1074080 406.3
1074090 406.3
1074100 406.3
1074110 406.3
1074120 406.2
1074130 406.2
1074140 406.2
1074150 406.1
1074160 406.1
1074170 406.1
1074180 405.9
1074190 405.9
1074200 405.5
1074210 405.2
1074220 405.2
1074230 405.1
1074240 405.4
1074250 405.4
1074260 407.7
1074270 404.9
1074280 404.9
1074290 402.5
1074300 402.5
1074310 402.5
1074320 402.4
1074330 402.7
1074340 402.7
1074350 402.7
1074360 402.8
1074370 405.9
1074380 405.9
1074390 407.9
1074400 406.5
1074410 406.5
1074420 406.1
1074430 406.2
1074440 406.2
1074450 406.3
1074460 406.4
1074470 406.4
1074480 406.4
1074490 406.4
1074500 406.4
1074510 406.4
1074520 406.4
1074530 406.4
1074540 406.4
1074550 406.3
1074560 406.3
1074570 406.6
1074580 409.3
1074590 409.3
1074600 409.2
1074610 406.7
1074620 406.7
1074630 405.7
1074640 405.0
1074650 405.0
1074660 405.1
1074670 404.8
1074680 404.8
1074690 404.6
1074700 404.6
1074710 404.7
1074720 404.7
1074730 404.7
1074740 404.8
1074750 404.8
1074760 404.7
1074770 404.5
1074780 404.5
1074790 404.4
1074800 404.3
1074810 404.3
1074820 404.5
1074830 404.3
1074840 404.3
1074850 404.0
1074860 403.9
1074870 403.9
1074880 404.1
1074890 404.4
1074900 404.4
1074910 404.3
1074920 404.3
1074930 404.3
1074940 404.5
1074950 404.4
1074960 404.4
1074970 404.4
1074980 404.5
1074990 404.5
1075000 404.4
1075010 404.3
1075020 404.3
1075030 404.3
1075040 404.2
1075050 404.2
1075060 404.2
1075070 404.1
1075080 404.1
1075090 404.1
1075100 404.1
1075110 404.0
1075120 404.0
1075130 404.0
1075140 403.9
1075150 403.9
1075160 403.9
1075170 404.1
1075180 404.1
1075190 404.0
1075200 403.8
1075210 403.8
1075220 403.9
1075230 404.0
1075240 404.0
1075250 403.9
1075260 403.9
1075270 403.9
1075280 403.9
1075290 403.9
1075300 403.9
1075310 403.9
1075320 404.1
1075330 404.1
1075340 404.2
1075350 404.1
1075360 404.2
1075370 404.2
1075380 404.4
1075390 404.2
1075400 404.2
1075410 404.0
1075420 404.0
1075430 404.0
1075440 404.2
1075450 404.5
1075460 404.5
1075470 404.6
1075480 404.6
1075490 404.6
1075500 404.7
1075510 404.7
1075520 404.7
1075530 404.5
1075540 404.5
1075550 404.5
1075560 404.7
1075570 404.7
1075580 404.7
1075590 404.6
1075600 404.6
1075610 404.6
1075620 404.6
1075630 404.8
1075640 404.8
1075650 405.1
1075660 405.0
1075670 404.7
1075680 404.7
1075690 404.7
1075700 404.9
1075710 404.9
1075720 404.7
1075730 404.4
1075740 404.4
1075750 404.4
1075760 404.6
1075770 404.6
1075780 404.6
1075790 404.5
1075800 404.5
1075810 404.4
1075820 404.3
1075830 404.3
1075840 404.1
1075850 404.1
1075860 404.0
1075870 403.9
1075880 403.8
1075890 403.8
1075900 403.7
1075910 403.9
1075920 403.9
1075930 403.9
1075940 403.8
1075950 403.8
1075960 403.7
1075970 403.6
1075980 403.6
1075990 403.7
1076000 403.8
1076010 403.5
1076020 403.5
1076030 403.5
1076040 403.6
1076050 403.6
1076060 403.4
1076070 403.4
1076080 403.4
1076090 403.4
1076100 403.4
1076110 403.4
1076120 403.3
1076130 403.3
1076140 403.3
1076150 403.5
1076160 403.7
1076170 403.7
1076180 403.8
1076190 403.7
1076200 403.7
1076210 403.8
1076220 403.8
1076230 403.8
1076240 403.5
1076250 403.3
1076260 403.3
1076270 403.2
1076280 403.3
1076290 403.3
1076300 403.3
1076310 403.3
1076320 403.3
1076330 403.3
1076340 403.2
1076350 403.2
1076360 403.2
1076370 403.1
1076380 403.1
1076390 403.1
1076400 403.3
1076410 403.5
1076420 403.5
1076430 404.4
1076440 405.1
1076450 405.1
1076460 403.7
1076470 403.5
1076480 403.4
1076490 404.0
1076500 404.0
1076510 404.0
1076520 404.2
1076530 404.3
1076540 404.3
1076550 403.4
1076560 403.5
1076570 403.5
1076580 403.5
1076590 403.6
1076600 403.6
1076610 403.5
1076620 403.4
1076630 403.4
1076640 403.5
1076650 403.6
1076660 403.4
1076670 403.4
1076680 403.5
1076690 403.5
1076700 403.5
1076710 403.5
1076720 403.4
1076730 403.4
1076740 403.3
1076750 403.4
1076760 403.4
1076770 403.3
1076780 403.3
1076790 403.4
1076800 403.5
1076810 403.4
1076820 403.4
1076830 403.3
1076840 403.3
1076850 403.3
1076860 403.3
1076870 403.4
1076880 403.4
1076890 403.3
1076900 403.3
1076910 403.3
1076920 403.2
1076930 403.2
1076940 403.2
1076950 403.2
1076960 403.3
1076970 403.3
1076980 403.3
1076990 403.3
1077000 403.2
1077010 403.2
1077020 403.3
1077030 403.4
1077040 403.4
1077050 403.4
1077060 403.3
1077070 403.3
1077080 403.2
1077090 403.2
1077100 403.2
1077110 403.3
1077120 403.1
1077130 403.1
1077140 402.9
1077150 402.7
1077160 402.7
1077170 401.9
1077180 402.2
1077190 402.2
1077200 402.4
1077210 402.6
1077220 402.6
1077230 402.6
1077240 402.5
1077250 402.5
1077260 402.8
1077270 402.9
1077280 402.9
1077290 402.9
1077300 402.9
1077310 403.0
1077320 403.0
1077330 403.2
1077340 403.3
1077350 403.3
1077360 403.3
1077370 403.3
1077380 403.3
1077390 403.2
1077400 403.3
1077410 403.3
1077420 403.3
1077430 403.3
1077440 403.3
1077450 403.3
1077460 403.3
1077470 403.3
1077480 403.5
1077490 403.4
1077500 403.4
1077510 403.3
1077520 403.3
1077530 403.3
1077540 403.4
1077550 403.3
1077560 403.3
1077570 403.3
1077580 403.2
1077590 403.2
1077600 403.3
1077610 403.3
1077620 403.3
1077630 403.3
1077640 403.6
1077650 403.6
1077660 403.6
1077670 403.4
1077680 403.3
1077690 403.3
1077700 403.3
1077710 403.3
1077720 403.3
1077730 403.4
1077740 403.4
1077750 403.4
1077760 403.4
1077770 403.5
1077780 403.5
1077790 403.5
1077800 403.6
1077810 403.6
1077820 403.6
1077830 403.7
1077840 403.7
1077850 403.8
1077860 403.9
1077870 403.9
1077880 403.9
1077890 403.9
1077900 403.9
1077910 404.0
1077920 404.0
1077930 404.0
1077940 404.1
1077950 404.2
1077960 404.2
1077970 404.2
1077980 404.3
1077990 404.3
1078000 404.3
1078010 404.4
1078020 404.5
1078030 404.5
1078040 404.8
1078050 404.6
1078060 404.6
1078070 404.6
1078080 404.6
1078090 404.6
1078100 404.7
1078110 404.8
1078120 404.8
1078130 405.4
1078140 406.0
1078150 406.0
1078160 404.3
1078170 402.1
1078180 402.1
1078190 402.8
1078200 403.6
1078210 403.6
1078220 405.2
1078230 405.7
1078240 405.7
1078250 405.9
1078260 406.0
1078270 406.0
1078280 406.1
1078290 406.1
1078300 406.2
1078310 406.2
1078320 406.3
1078330 406.4
1078340 406.4
1078350 406.5
1078360 406.4
1078370 406.4
1078380 406.5
1078390 406.6
1078400 406.6
1078410 406.7
1078420 406.7
1078430 406.7
1078440 406.6
1078450 406.6
1078460 406.6
1078470 406.7
1078480 406.8
1078490 406.8
1078500 406.9
1078510 406.9
1078520 406.9
1078530 407.0
1078540 407.0
1078550 407.0
1078560 407.0
1078570 407.0
1078580 407.0
1078590 407.0
1078600 407.1
1078610 407.2
1078620 407.2
1078630 407.3
1078640 407.4
1078650 407.4
1078660 407.5
1078670 407.5
1078680 407.5
1078690 407.6
1078700 407.6
1078710 407.6
1078720 407.7
1078730 408.2
1078740 408.2
1078750 408.2
1078760 408.2
1078770 408.2
1078780 407.9
1078790 407.7
1078800 407.7
1078810 407.7
1078820 407.7
1078830 407.7
1078840 407.8
1078850 407.7
1078860 407.7
1078870 407.6
1078880 407.5
1078890 407.5
1078900 407.6
1078910 407.6
1078920 407.6
1078930 407.6
1078940 407.4
1078950 407.3
1078960 407.3
1078970 407.3
1078980 407.3
1078990 407.4
1079000 407.4
1079010 407.4
1079020 407.4
1079030 407.4
1079040 407.3
1079050 407.3
1079060 407.3
1079070 407.3
1079080 407.3
1079090 407.2
1079100 407.1
1079110 407.1
1079120 407.3
1079130 407.3
1079140 407.3
1079150 407.0
1079160 408.1
1079170 408.1
1079180 408.1
1079190 408.1
1079200 408.1
1079210 408.2
1079220 408.3
1079230 408.3
1079240 408.4
1079250 408.5
1079260 408.6
1079270 408.6
1079280 408.7
1079290 408.8
1079300 408.9
1079310 409.0
1079320 409.1
1079330 409.1
1079340 409.2
1079350 409.3
1079360 409.3
1079370 409.2
1079380 409.6
1079390 409.6
1079400 409.3
1079410 409.5
1079420 409.5
1079430 409.6
1079440 409.5
1079450 409.5
1079460 409.3
1079470 409.4
1079480 409.4
1079490 409.5
1079500 409.5
1079510 409.5
1079520 409.3
1079530 409.1
1079540 409.1
1079550 409.0
1079560 409.0
1079570 409.0
1079580 409.1
1079590 409.2
1079600 409.1
1079610 409.1
1079620 409.3
1079630 409.2
1079640 409.2
1079650 409.5
1079660 409.7
1079670 409.7
1079680 409.8
1079690 409.9
1079700 409.9
1079710 409.9
1079720 410.2
1079730 410.2
1079740 410.2
1079750 410.3
1079760 410.3
1079770 410.4
1079780 410.4
1079790 410.4
1079800 410.4
1079810 410.4
1079820 410.4
1079830 410.5
1079840 410.6
1079850 410.6
1079860 410.8
1079870 410.8
1079880 410.8
1079890 410.9
1079900 410.9
1079910 410.9
1079920 410.9
1079930 411.0
1079940 411.1
1079950 411.1
1079960 410.9
1079970 410.9
1079980 410.9
1079990 411.0
