1073850 404.7
1073860 404.7
1073870 405.4
1073880 406.8
1073890 406.8
1073900 407.5
1073910 407.6
1073920 407.6
1073930 409.8
1073940 409.7
1073950 409.7
1073960 406.9
1073970 406.5
1073980 406.5
1073990 406.4
1074000 406.4
1074010 406.4
1074020 406.4
1074030 406.4
1074040 406.4
1074050 406.5
1074060 406.4
1074070 406.4
1074080 406.4
1074090 406.3
1074100 406.3
1074110 406.3
1074120 406.2
1074130 406.2
1074140 406.2
1074150 406.2
1074160 406.1
1074170 406.1
1074180 405.8
1074190 405.3
1074200 405.3
1074210 405.1
1074220 405.0
1074230 405.0
1074240 406.1
1074250 407.2
1074260 407.2
1074270 404.7
1074280 402.6
1074290 402.6
1074300 402.4
1074310 402.5
1074320 402.5
1074330 402.4
1074340 402.4
1074350 402.4
1074360 403.6
1074370 407.1
1074380 407.1
1074390 407.8
1074400 406.3
1074410 406.3
1074420 406.2
1074430 406.2
1074440 406.2
1074450 406.2
1074460 406.2
1074470 406.3
1074480 406.3
1074490 406.3
1074500 406.3
1074510 406.3
1074520 406.3
1074530 406.3
1074540 406.3
1074550 406.4
1074560 408.9
1074570 408.9
1074580 409.4
1074590 406.5
1074600 406.5
1074610 405.2
1074620 405.1
1074630 405.1
1074640 405.1
1074650 405.1
1074660 405.1
1074670 404.8
1074680 404.5
1074690 404.5
1074700 405.4
1074710 406.1
1074720 406.1
1074730 405.6
1074740 404.6
1074750 404.6
1074760 404.2
1074770 404.1
1074780 404.1
1074790 404.2
1074800 404.0
1074810 404.0
1074820 404.0
1074830 404.0
1074840 403.8
1074850 403.8
1074860 403.8
1074870 403.7
1074880 403.7
1074890 403.7
1074900 403.8
1074910 403.8
1074920 404.0
1074930 404.1
1074940 404.1
1074950 404.0
1074960 403.9
1074970 403.9
1074980 403.9
1074990 403.9
1075000 403.9
1075010 403.9
1075020 403.9
1075030 403.9
1075040 403.9
1075050 403.2
1075060 403.2
1075070 403.0
1075080 402.9
1075090 402.9
1075100 402.9
1075110 402.9
1075120 402.9
1075130 402.9
1075140 402.8
1075150 402.9
1075160 402.9
1075170 403.1
1075180 403.0
1075190 403.0
1075200 403.0
1075210 403.3
1075220 403.3
1075230 403.9
1075240 403.9
1075250 403.9
1075260 404.0
1075270 404.2
1075280 404.2
1075290 403.9
1075300 404.2
1075310 404.2
1075320 404.2
1075330 404.2
1075340 404.2
1075350 404.5
1075360 404.7
1075370 404.7
1075380 404.6
1075390 404.4
1075400 404.4
1075410 404.5
1075420 404.5
1075430 404.5
1075440 404.6
1075450 404.8
1075460 404.8
1075470 404.8
1075480 404.8
1075490 405.0
1075500 405.0
1075510 404.9
1075520 405.0
1075530 405.0
1075540 405.0
1075550 405.0
1075560 405.0
1075570 404.7
1075580 404.3
1075590 404.3
1075600 404.1
1075610 403.9
1075620 403.9
1075630 404.3
1075640 404.6
1075650 404.6
1075660 404.7
1075670 404.9
1075680 404.9
1075690 404.9
1075700 404.8
1075710 404.8
1075720 404.8
1075730 404.7
1075740 404.7
1075750 404.7
1075760 404.9
1075770 404.6
1075780 404.6
1075790 404.5
1075800 404.5
1075810 404.5
1075820 404.5
1075830 404.5
1075840 404.5
1075850 404.6
1075860 404.4
1075870 404.4
1075880 404.0
1075890 403.0
1075900 403.0
1075910 403.8
1075920 403.7
1075930 403.7
1075940 403.8
1075950 403.8
1075960 403.8
1075970 403.7
1075980 403.7
1075990 403.7
1076000 403.9
1076010 404.1
1076020 404.1
1076030 403.7
1076040 403.8
1076050 403.8
1076060 403.9
1076070 403.9
1076080 404.0
1076090 403.7
1076100 403.5
1076110 403.5
1076120 403.5
1076130 403.4
1076140 403.4
1076150 403.4
1076160 403.4
1076170 403.8
1076180 403.8
1076190 403.7
1076200 403.4
1076210 403.4
1076220 403.3
1076230 403.2
1076240 403.2
1076250 403.3
1076260 403.2
1076270 403.2
1076280 403.5
1076290 403.6
1076300 403.6
1076310 404.1
1076320 404.1
1076330 404.1
1076340 404.0
1076350 404.0
1076360 404.0
1076370 403.3
1076380 403.2
1076390 403.2
1076400 403.1
1076410 403.1
1076420 403.1
1076430 403.2
1076440 403.0
1076450 403.0
1076460 403.0
1076470 403.2
1076480 403.5
1076490 403.5
1076500 404.0
1076510 405.3
1076520 405.3
1076530 405.1
1076540 404.2
1076550 404.2
1076560 403.6
1076570 403.6
1076580 403.6
1076590 403.6
1076600 403.6
1076610 403.6
1076620 403.7
1076630 403.7
1076640 403.7
1076650 403.6
1076660 403.4
1076670 403.4
1076680 403.5
1076690 403.8
1076700 403.8
1076710 403.9
1076720 403.6
1076730 403.6
1076740 403.4
1076750 403.3
1076760 403.3
1076770 403.3
1076780 403.3
1076790 403.3
1076800 403.3
1076810 403.4
1076820 403.4
1076830 403.4
1076840 403.3
1076850 403.3
1076860 403.3
1076870 403.3
1076880 403.3
1076890 403.3
1076900 403.3
1076910 403.2
1076920 403.2
1076930 403.2
1076940 403.2
1076950 403.2
1076960 403.2
1076970 403.3
1076980 403.3
1076990 403.4
1077000 403.5
1077010 403.5
1077020 403.3
1077030 403.4
1077040 403.4
1077050 403.4
1077060 403.4
1077070 403.4
1077080 403.3
1077090 403.2
1077100 403.1
1077110 403.1
1077120 403.0
1077130 402.7
1077140 402.7
1077150 402.3
1077160 402.0
1077170 402.0
1077180 401.7
1077190 402.3
1077200 402.3
1077210 402.5
1077220 402.6
1077230 402.6
1077240 402.7
1077250 402.6
1077260 402.6
1077270 402.8
1077280 402.9
1077290 402.9
1077300 403.0
1077310 403.0
1077320 403.0
1077330 403.2
1077340 403.3
1077350 403.3
1077360 403.3
1077370 403.3
1077380 403.3
1077390 403.2
1077400 403.2
1077410 403.3
1077420 403.3
1077430 403.4
1077440 403.3
1077450 403.3
1077460 403.4
1077470 403.4
1077480 403.4
1077490 403.5
1077500 403.5
1077510 403.5
1077520 403.4
1077530 403.4
1077540 403.4
1077550 403.6
1077560 403.7
1077570 403.7
1077580 403.7
1077590 403.9
1077600 403.9
1077610 403.9
1077620 403.9
1077630 403.9
1077640 403.9
1077650 403.9
1077660 403.9
1077670 403.7
1077680 403.6
1077690 403.6
1077700 403.6
1077710 403.6
1077720 403.6
1077730 403.5
1077740 403.5
1077750 403.6
1077760 403.6
1077770 403.7
1077780 403.5
1077790 403.5
1077800 403.5
1077810 403.6
1077820 403.6
1077830 403.7
1077840 403.7
1077850 403.7
1077860 403.8
1077870 403.9
1077880 403.9
1077890 403.9
1077900 403.9
1077910 403.9
1077920 404.0
1077930 404.0
1077940 404.0
1077950 404.0
1077960 404.1
1077970 404.1
1077980 404.2
1077990 404.2
1078000 404.2
1078010 404.2
1078020 404.3
1078030 404.3
1078040 404.3
1078050 404.2
1078060 404.2
1078070 404.2
1078080 404.4
1078090 404.6
1078100 404.6
1078110 404.8
1078120 405.3
1078130 405.3
1078140 405.7
1078150 405.7
1078160 405.7
1078170 403.5
1078180 402.2
1078190 402.2
1078200 403.0
1078210 403.9
1078220 403.9
1078230 405.3
1078240 405.6
1078250 405.6
1078260 405.8
1078270 405.9
1078280 405.9
1078290 405.9
1078300 406.0
1078310 406.0
1078320 406.0
1078330 406.0
1078340 406.0
1078350 406.2
1078360 406.4
1078370 406.4
1078380 406.4
1078390 406.4
1078400 406.5
1078410 406.5
1078420 406.5
1078430 406.5
1078440 406.5
1078450 406.5
1078460 406.6
1078470 406.6
1078480 406.7
1078490 406.8
1078500 406.8
1078510 406.8
1078520 406.8
1078530 406.8
1078540 406.8
1078550 406.8
1078560 406.8
1078570 406.9
1078580 407.1
1078590 407.3
1078600 407.3
1078610 407.3
1078620 407.3
1078630 407.4
1078640 407.5
1078650 407.5
1078660 407.6
1078670 407.6
1078680 407.6
1078690 407.6
1078700 407.6
1078710 407.6
1078720 407.6
1078730 407.7
1078740 407.9
1078750 407.9
1078760 407.8
1078770 407.4
1078780 407.4
1078790 407.4
1078800 407.5
1078810 407.5
1078820 407.6
1078830 407.5
1078840 407.5
1078850 407.5
1078860 407.6
1078870 407.6
1078880 407.6
1078890 407.6
1078900 407.7
1078910 407.7
1078920 407.4
1078930 407.4
1078940 407.2
1078950 407.2
1078960 407.2
1078970 407.1
1078980 407.1
1078990 407.1
1079000 407.1
1079010 407.1
1079020 407.1
1079030 407.1
1079040 407.0
1079050 407.0
1079060 407.0
1079070 407.0
1079080 407.0
1079090 407.0
1079100 406.9
1079110 406.9
1079120 406.9
1079130 407.0
1079140 406.6
1079150 406.6
1079160 407.3
1079170 407.9
1079180 407.9
1079190 407.9
1079200 408.0
1079210 408.0
1079220 408.2
1079230 408.3
1079240 408.3
1079250 408.4
1079260 408.4
1079270 408.4
1079280 408.5
1079290 408.5
1079300 408.5
1079310 408.6
1079320 408.8
1079330 408.8
1079340 408.9
1079350 409.0
1079360 409.0
1079370 409.1
1079380 409.2
1079390 409.2
1079400 409.2
1079410 409.3
1079420 409.2
1079430 409.2
1079440 409.1
1079450 409.0
1079460 409.0
1079470 408.8
1079480 408.8
1079490 408.8
1079500 408.8
1079510 408.7
1079520 408.7
1079530 408.8
1079540 408.9
1079550 408.9
1079560 409.1
1079570 409.2
1079580 409.2
1079590 409.4
1079600 409.5
1079610 409.5
1079620 409.6
1079630 409.7
1079640 409.7
1079650 409.8
1079660 410.0
1079670 410.0
1079680 410.0
1079690 410.1
1079700 410.2
1079710 410.2
1079720 410.2
1079730 410.3
1079740 410.3
1079750 410.4
1079760 410.4
1079770 410.4
1079780 410.5
1079790 410.5
1079800 410.5
1079810 410.6
1079820 410.7
1079830 410.7
1079840 410.6
1079850 410.7
1079860 410.7
1079870 410.7
1079880 410.7
1079890 410.7
1079900 410.7
1079910 410.8
1079920 410.8
1079930 410.8
1079940 410.9
1079950 410.9
1079960 410.8
1079970 410.7
1079980 410.7
1079990 410.7
