1073820 404.5
1073830 404.5
1073840 407.3
1073850 407.1
1073860 407.1
1073870 407.9
1073880 407.5
1073890 407.4
1073900 409.2
1073910 410.0
1073920 410.0
1073930 407.5
1073940 406.4
1073950 406.4
1073960 406.2
1073970 406.3
1073980 406.3
1073990 406.3
1074000 406.3
1074010 406.3
1074020 406.3
1074030 406.3
1074040 406.2
1074050 406.2
1074060 406.1
1074070 406.1
1074080 406.1
1074090 406.2
1074100 406.2
1074110 406.2
1074120 406.1
1074130 405.6
1074140 405.6
1074150 405.1
1074160 404.8
1074170 404.8
1074180 404.8
1074190 406.0
1074200 405.7
1074210 407.0
1074220 404.2
1074230 404.2
1074240 402.3
1074250 402.2
1074260 402.2
1074270 402.2
1074280 402.2
1074290 402.2
1074300 402.2
1074310 402.9
1074320 406.6
1074330 406.6
1074340 407.3
1074350 406.0
1074360 406.0
1074370 405.8
1074380 406.0
1074390 406.0
1074400 406.0
1074410 406.1
1074420 406.1
1074430 406.1
1074440 406.4
1074450 406.4
1074460 408.6
1074470 409.7
1074480 409.7
1074490 406.9
1074500 405.0
1074510 405.1
1074520 405.0
1074530 405.1
1074540 405.1
1074550 405.2
1074560 405.3
1074570 405.3
1074580 405.2
1074590 405.1
1074600 405.1
1074610 405.0
1074620 404.9
1074630 404.8
1074640 404.8
1074650 404.7
1074660 404.7
1074670 404.7
1074680 404.6
1074690 404.6
1074700 404.6
1074710 404.6
1074720 404.5
1074730 404.5
1074740 404.5
1074750 404.5
1074760 404.5
1074770 404.2
1074780 404.5
1074790 404.5
1074800 404.8
1074810 404.4
1074820 404.5
1074830 404.2
1074840 404.2
1074850 404.2
1074860 404.3
1074870 404.2
1074880 404.2
1074890 404.1
1074900 404.0
1074910 404.0
1074920 404.0
1074930 404.1
1074940 404.7
1074950 404.7
1074960 404.4
1074970 404.2
1074980 404.2
1074990 403.9
1075000 404.0
1075010 404.0
1075020 404.3
1075030 404.5
1075040 404.5
1075050 404.5
1075060 404.7
1075070 404.7
1075080 404.7
1075090 404.9
1075100 404.9
1075110 405.1
1075120 404.9
1075130 404.9
1075140 405.1
1075150 405.2
1075160 405.2
1075170 405.4
1075180 405.1
1075190 405.1
1075200 405.0
1075210 406.0
1075220 406.0
1075230 405.5
1075240 405.1
1075250 405.1
1075260 405.3
1075270 405.4
1075280 405.3
1075290 405.3
1075300 405.1
1075310 405.0
1075320 405.0
1075330 405.1
1075340 405.2
1075350 405.2
1075360 405.3
1075370 405.3
1075380 405.3
1075390 405.3
1075400 405.2
1075410 405.2
1075420 405.2
1075430 405.2
1075440 405.2
1075450 405.1
1075460 404.8
1075470 404.8
1075480 404.8
1075490 404.8
1075500 404.8
1075510 404.7
1075520 404.8
1075530 404.8
1075540 404.8
1075550 405.0
1075560 405.0
1075570 405.0
1075580 405.0
1075590 405.0
1075600 405.0
1075610 404.8
1075620 404.6
1075630 404.6
1075640 404.6
1075650 404.4
1075660 404.4
1075670 404.4
1075680 404.2
1075690 404.2
1075700 404.2
1075710 404.1
1075720 404.1
1075730 403.9
1075740 403.7
1075750 403.7
1075760 403.7
1075770 404.0
1075780 404.0
1075790 404.0
1075800 403.8
1075810 403.8
1075820 403.8
1075830 403.8
1075840 403.8
1075850 403.8
1075860 403.7
1075870 403.7
1075880 403.6
1075890 403.6
1075900 403.6
1075910 403.7
1075920 403.9
1075930 404.2
1075940 404.2
1075950 404.2
1075960 403.7
1075970 403.7
1075980 402.6
1075990 403.4
1076000 403.4
1076010 403.7
1076020 403.7
1076030 403.7
1076040 403.8
1076050 404.1
1076060 404.1
1076070 404.1
1076080 404.1
1076090 404.1
1076100 403.9
1076110 404.0
1076120 404.0
1076130 403.7
1076140 403.7
1076150 403.7
1076160 403.8
1076170 403.8
1076180 403.8
1076190 403.7
1076200 403.8
1076210 403.8
1076220 403.7
1076230 403.7
1076240 403.7
1076250 403.7
1076260 403.7
1076270 403.5
1076280 403.5
1076290 403.6
1076300 403.5
1076310 403.5
1076320 403.5
1076330 403.5
1076340 403.5
1076350 403.5
1076360 403.5
1076370 403.5
1076380 403.3
1076390 403.2
1076400 403.2
1076410 403.1
1076420 402.9
1076430 402.9
1076440 402.8
1076450 402.9
1076460 402.9
1076470 403.0
1076480 403.1
1076490 403.1
1076500 403.2
1076510 403.3
1076520 403.3
1076530 403.4
1076540 403.5
1076550 403.5
1076560 403.6
1076570 403.7
1076580 403.5
1076590 403.5
1076600 403.7
1076610 403.7
1076620 403.7
1076630 403.6
1076640 404.2
1076650 404.2
1076660 403.9
1076670 403.6
1076680 403.6
1076690 403.6
1076700 403.5
1076710 403.5
1076720 403.5
1076730 403.6
1076740 403.6
1076750 404.3
1076760 404.2
1076770 404.2
1076780 404.0
1076790 404.0
1076800 404.0
1076810 403.7
1076820 403.6
1076830 403.6
1076840 403.6
1076850 403.7
1076860 403.7
1076870 403.7
1076880 403.6
1076890 403.6
1076900 403.6
1076910 403.6
1076920 403.5
1076930 403.5
1076940 403.5
1076950 403.5
1076960 403.5
1076970 403.5
1076980 403.5
1076990 403.5
1077000 403.5
1077010 403.6
1077020 403.6
1077030 403.5
1077040 403.5
1077050 403.5
1077060 403.5
1077070 403.4
1077080 403.4
1077090 403.4
1077100 403.4
1077110 403.4
1077120 403.4
1077130 403.4
1077140 403.4
1077150 403.5
1077160 403.4
1077170 403.4
1077180 403.5
1077190 403.4
1077200 403.4
1077210 403.4
1077220 403.3
1077230 403.3
1077240 403.0
1077250 402.6
1077260 402.3
1077270 402.3
1077280 402.0
1077290 402.3
1077300 402.3
1077310 402.9
1077320 402.9
1077330 402.9
1077340 403.1
1077350 403.2
1077360 403.2
1077370 403.2
1077380 403.2
1077390 403.2
1077400 403.3
1077410 403.3
1077420 403.3
1077430 403.4
1077440 403.4
1077450 403.4
1077460 403.4
1077470 403.5
1077480 403.5
1077490 403.5
1077500 403.5
1077510 403.5
1077520 403.7
1077530 403.7
1077540 403.7
1077550 403.5
1077560 403.5
1077570 403.5
1077580 403.5
1077590 403.5
1077600 403.5
1077610 403.5
1077620 403.5
1077630 403.4
1077640 403.5
1077650 403.5
1077660 403.4
1077670 403.4
1077680 403.4
1077690 403.4
1077700 403.4
1077710 403.4
1077720 403.4
1077730 403.4
1077740 403.4
1077750 403.4
1077760 403.4
1077770 403.4
1077780 403.4
1077790 403.4
1077800 403.5
1077810 403.4
1077820 403.4
1077830 403.2
1077840 403.2
1077850 403.2
1077860 403.1
1077870 403.1
1077880 403.1
1077890 403.0
1077900 403.0
1077910 403.1
1077920 403.1
1077930 403.3
1077940 403.4
1077950 403.4
1077960 403.5
1077970 403.6
1077980 403.6
1077990 403.6
1078000 403.6
1078010 403.6
1078020 403.6
1078030 403.6
1078040 403.6
1078050 403.4
1078060 403.4
1078070 403.4
1078080 403.4
1078090 403.5
1078100 403.5
1078110 403.7
1078120 404.2
1078130 404.2
1078140 404.5
1078150 404.6
1078160 404.6
1078170 404.6
1078180 404.9
1078190 404.9
1078200 404.6
1078210 402.4
1078220 402.4
1078230 402.4
1078240 403.3
1078250 404.2
1078260 404.3
1078270 404.6
1078280 404.9
1078290 404.9
1078300 405.2
1078310 405.4
1078320 405.4
1078330 405.6
1078340 405.7
1078350 405.7
1078360 405.9
1078370 406.0
1078380 406.0
1078390 406.0
1078400 406.0
1078410 406.0
1078420 406.1
1078430 406.1
1078440 406.1
1078450 406.1
1078460 406.1
1078470 406.1
1078480 406.2
1078490 406.1
1078500 406.1
1078510 406.1
1078520 406.2
1078530 406.2
1078540 406.3
1078550 406.4
1078560 406.5
1078570 406.5
1078580 406.6
1078590 406.6
1078600 406.6
1078610 406.6
1078620 406.7
1078630 406.7
1078640 406.7
1078650 406.7
1078660 406.7
1078670 406.7
1078680 406.8
1078690 406.8
1078700 406.8
1078710 406.8
1078720 406.8
1078730 406.7
1078740 406.8
1078750 406.8
1078760 406.7
1078770 406.6
1078780 406.6
1078790 406.5
1078800 406.5
1078810 406.5
1078820 406.7
1078830 406.7
1078840 406.7
1078850 406.7
1078860 406.8
1078870 406.8
1078880 406.8
1078890 407.0
1078900 407.0
1078910 407.0
1078920 407.0
1078930 407.1
1078940 407.1
1078950 407.1
1078960 407.1
1078970 407.1
1078980 407.2
1078990 407.2
1079000 407.2
1079010 407.2
1079020 407.3
1079030 407.3
1079040 407.3
1079050 407.4
1079060 407.4
1079070 407.3
1079080 407.4
1079090 407.4
1079100 407.4
1079110 407.3
1079120 407.3
1079130 407.3
1079140 407.3
1079150 407.3
1079160 407.5
1079170 407.1
1079180 407.1
1079190 407.0
1079200 408.0
1079210 408.3
1079220 408.3
1079230 408.6
1079240 408.7
1079250 408.7
1079260 408.8
1079270 408.9
1079280 408.9
1079290 408.9
1079300 408.9
1079310 408.9
1079320 408.9
1079330 408.9
1079340 408.9
1079350 408.9
1079360 408.9
1079370 408.9
1079380 408.9
1079390 409.0
1079400 409.0
1079410 409.0
1079420 409.1
1079430 409.1
1079440 409.2
1079450 409.2
1079460 409.2
1079470 409.1
1079480 409.1
1079490 409.1
1079500 409.0
1079510 408.9
1079520 409.0
1079530 408.8
1079540 408.9
1079550 409.0
1079560 409.0
1079570 409.0
1079580 409.2
1079590 409.2
1079600 409.3
1079610 409.4
1079620 409.4
1079630 409.4
1079640 409.3
1079650 409.3
1079660 409.3
1079670 409.2
1079680 409.2
1079690 409.2
1079700 409.1
1079710 409.1
1079720 409.2
1079730 409.2
1079740 409.2
1079750 409.3
1079760 409.4
1079770 409.4
1079780 409.5
1079790 409.5
1079800 409.5
1079810 409.5
1079820 409.6
1079830 409.6
1079840 409.8
1079850 409.9
1079860 409.9
1079870 409.9
1079880 409.8
1079890 409.9
1079900 409.9
1079910 410.0
1079920 410.0
1079930 410.0
1079940 409.9
1079950 409.8
1079960 409.8
1079970 409.9
1079980 409.9
1079990 409.9
