1073610 403.8
1073620 403.9
1073630 403.9
1073640 403.9
1073650 403.9
1073660 403.9
1073670 404.1
1073680 404.2
1073690 404.2
1073700 404.3
1073710 404.5
1073720 404.5
1073730 405.1
1073740 405.8
1073750 405.8
1073760 409.2
1073770 408.0
1073780 408.0
1073790 407.0
1073800 407.4
1073810 409.9
1073820 409.9
1073830 410.4
1073840 407.3
1073850 407.3
1073860 405.5
1073870 405.4
1073880 405.4
1073890 405.3
1073900 405.1
1073910 405.1
1073920 404.9
1073930 404.6
1073940 404.6
1073950 404.4
1073960 404.3
1073970 404.3
1073980 404.5
1073990 406.0
1074000 406.0
1074010 405.9
1074020 403.1
1074030 403.1
1074040 401.7
1074050 401.6
1074060 401.6
1074070 401.7
1074080 401.7
1074090 401.7
1074100 401.8
1074110 402.1
1074120 402.1
1074130 403.6
1074140 406.8
1074150 406.0
1074160 406.0
1074170 405.5
1074180 405.5
1074190 405.5
1074200 405.6
1074210 405.6
1074220 405.6
1074230 405.8
1074240 407.1
1074250 407.1
1074260 409.3
1074270 407.3
1074280 407.3
1074290 405.8
1074300 405.7
1074310 405.7
1074320 405.5
1074330 405.5
1074340 405.5
1074350 405.5
1074360 405.4
1074370 405.4
1074380 405.6
1074390 405.2
1074400 405.3
1074410 404.8
1074420 404.1
1074430 404.1
1074440 403.8
1074450 403.7
1074460 403.7
1074470 403.7
1074480 404.0
1074490 404.0
1074500 404.0
1074510 403.8
1074520 403.6
1074530 403.6
1074540 403.5
1074550 403.7
1074560 403.7
1074570 403.8
1074580 403.6
1074590 403.6
1074600 403.8
1074610 403.8
1074620 403.8
1074630 403.6
1074640 403.5
1074650 403.5
1074660 403.8
1074670 404.1
1074680 404.1
1074690 403.8
1074700 403.8
1074710 403.6
1074720 403.6
1074730 403.6
1074740 403.6
1074750 404.0
1074760 404.9
1074770 404.9
1074780 404.4
1074790 403.9
1074800 403.6
1074810 403.6
1074820 403.5
1074830 403.5
1074840 403.5
1074850 403.6
1074860 403.6
1074870 403.6
1074880 403.7
1074890 403.8
1074900 403.8
1074910 403.7
1074920 403.6
1074930 403.6
1074940 403.4
1074950 403.3
1074960 403.3
1074970 403.2
1074980 403.1
1074990 403.1
1075000 403.2
1075010 403.3
1075020 403.8
1075030 403.7
1075040 403.1
1075050 403.1
1075060 403.3
1075070 403.7
1075080 403.7
1075090 403.7
1075100 403.8
1075110 403.8
1075120 403.7
1075130 403.7
1075140 403.7
1075150 403.7
1075160 403.7
1075170 404.1
1075180 404.1
1075190 404.4
1075200 404.2
1075210 404.2
1075220 404.5
1075230 404.6
1075240 404.6
1075250 404.5
1075260 404.3
1075270 404.3
1075280 404.4
1075290 404.4
1075300 404.4
1075310 404.8
1075320 404.8
1075330 404.5
1075340 404.6
1075350 404.7
1075360 404.7
1075370 404.6
1075380 404.6
1075390 404.6
1075400 404.6
1075410 404.4
1075420 404.4
1075430 404.4
1075440 404.4
1075450 404.3
1075460 404.3
1075470 404.3
1075480 404.4
1075490 404.4
1075500 404.4
1075510 404.2
1075520 404.2
1075530 404.0
1075540 403.9
1075550 403.9
1075560 404.0
1075570 404.3
1075580 404.3
1075590 404.5
1075600 404.6
1075610 404.6
1075620 404.5
1075630 404.2
1075640 404.0
1075650 403.9
1075660 404.0
1075670 404.0
1075680 404.0
1075690 404.0
1075700 404.0
1075710 403.9
1075720 403.9
1075730 403.9
1075740 403.9
1075750 403.7
1075760 403.7
1075770 403.9
1075780 403.9
1075790 403.8
1075800 403.8
1075810 403.6
1075820 403.5
1075830 403.5
1075840 403.2
1075850 403.2
1075860 403.2
1075870 403.3
1075880 403.5
1075890 403.5
1075900 403.6
1075910 403.8
1075920 403.8
1075930 403.8
1075940 403.7
1075950 403.7
1075960 403.6
1075970 403.6
1075980 403.6
1075990 403.3
1076000 403.2
1076010 403.2
1076020 403.3
1076030 403.5
1076040 403.5
1076050 403.5
1076060 403.2
1076070 403.2
1076080 403.2
1076090 403.1
1076100 403.1
1076110 403.1
1076120 403.1
1076130 403.0
1076140 403.0
1076150 402.3
1076160 402.7
1076170 402.7
1076180 403.0
1076190 403.0
1076200 403.0
1076210 403.0
1076220 403.2
1076230 403.2
1076240 403.3
1076250 403.4
1076260 403.4
1076270 403.2
1076280 403.1
1076290 403.1
1076300 402.9
1076310 402.9
1076320 402.9
1076330 403.1
1076340 403.2
1076350 403.2
1076360 403.3
1076370 403.4
1076380 403.4
1076390 403.3
1076400 403.3
1076410 403.3
1076420 404.3
1076430 403.7
1076440 403.9
1076450 403.9
1076460 403.9
1076470 403.4
1076480 403.4
1076490 403.1
1076500 403.1
1076510 403.1
1076520 403.1
1076530 403.0
1076540 403.0
1076550 403.0
1076560 404.0
1076570 404.0
1076580 403.9
1076590 403.2
1076600 403.2
1076610 403.1
1076620 403.1
1076630 403.1
1076640 403.1
1076650 403.1
1076660 403.1
1076670 403.0
1076680 403.0
1076690 403.0
1076700 403.4
1076710 403.6
1076720 403.6
1076730 403.6
1076740 403.7
1076750 403.7
1076760 403.3
1076770 403.1
1076780 403.1
1076790 403.1
1076800 403.3
1076810 404.1
1076820 404.1
1076830 403.3
1076840 403.4
1076850 403.4
1076860 403.3
1076870 403.0
1076880 403.0
1076890 402.9
1076900 402.7
1076910 402.7
1076920 402.9
1076930 402.7
1076940 402.7
1076950 402.8
1076960 402.7
1076970 402.7
1076980 402.6
1076990 402.8
1077000 402.8
1077010 402.6
1077020 402.6
1077030 402.6
1077040 402.6
1077050 402.6
1077060 402.6
1077070 402.7
1077080 402.9
1077090 402.9
1077100 402.9
1077110 402.9
1077120 402.8
1077130 402.8
1077140 402.7
1077150 402.4
1077160 402.4
1077170 402.7
1077180 402.7
1077190 402.7
1077200 402.6
1077210 402.8
1077220 402.8
1077230 402.7
1077240 403.0
1077250 403.0
1077260 403.1
1077270 403.0
1077280 403.0
1077290 403.1
1077300 403.1
1077310 403.1
1077320 403.0
1077330 402.7
1077340 402.7
1077350 401.3
1077360 401.7
1077370 401.7
1077380 402.1
1077390 402.3
1077400 402.3
1077410 402.3
1077420 402.4
1077430 402.4
1077440 402.4
1077450 402.4
1077460 402.3
1077470 402.3
1077480 402.3
1077490 402.3
1077500 402.3
1077510 402.4
1077520 402.4
1077530 402.4
1077540 402.4
1077550 402.5
1077560 402.5
1077570 402.5
1077580 402.5
1077590 402.5
1077600 402.5
1077610 402.6
1077620 402.6
1077630 402.6
1077640 402.6
1077650 402.6
1077660 402.6
1077670 402.7
1077680 402.7
1077690 402.7
1077700 402.5
1077710 402.5
1077720 402.5
1077730 402.5
1077740 402.5
1077750 402.6
1077760 402.6
1077770 402.6
1077780 402.6
1077790 402.6
1077800 402.6
1077810 402.6
1077820 402.6
1077830 402.8
1077840 402.8
1077850 402.7
1077860 402.7
1077870 402.7
1077880 402.7
1077890 402.7
1077900 402.7
1077910 402.7
1077920 402.7
1077930 402.7
1077940 402.7
1077950 402.7
1077960 402.7
1077970 402.8
1077980 403.0
1077990 403.0
1078000 402.7
1078010 402.6
1078020 402.6
1078030 402.6
1078040 402.6
1078050 402.6
1078060 402.7
1078070 402.9
1078080 403.2
1078090 403.2
1078100 403.4
1078110 403.6
1078120 403.6
1078130 403.7
1078140 404.3
1078150 404.4
1078160 404.6
1078170 404.6
1078180 404.6
1078190 404.7
1078200 404.8
1078210 404.8
1078220 405.0
1078230 405.2
1078240 405.2
1078250 405.3
1078260 405.3
1078270 405.3
1078280 405.5
1078290 405.7
1078300 405.7
1078310 405.8
1078320 405.4
1078330 405.4
1078340 405.3
1078350 405.3
1078360 405.3
1078370 405.5
1078380 406.3
1078390 406.3
1078400 406.5
1078410 406.1
1078420 405.2
1078430 405.2
1078440 403.6
1078450 402.7
1078460 402.1
1078470 401.6
1078480 402.7
1078490 402.7
1078500 404.0
1078510 404.6
1078520 404.6
1078530 404.8
1078540 404.9
1078550 404.9
1078560 405.1
1078570 405.1
1078580 405.1
1078590 404.8
1078600 404.9
1078610 404.9
1078620 405.1
1078630 405.2
1078640 405.2
1078650 405.3
1078660 405.4
1078670 405.4
1078680 405.4
1078690 405.6
1078700 405.6
1078710 405.7
1078720 405.8
1078730 405.8
1078740 405.8
1078750 405.9
1078760 406.0
1078770 406.0
1078780 406.5
1078790 406.7
1078800 406.7
1078810 407.0
1078820 407.1
1078830 407.1
1078840 407.0
1078850 407.0
1078860 407.0
1078870 406.9
1078880 406.8
1078890 406.8
1078900 406.3
1078910 406.1
1078920 406.1
1078930 406.1
1078940 406.2
1078950 406.2
1078960 406.2
1078970 406.3
1078980 406.3
1078990 406.3
1079000 406.3
1079010 406.3
1079020 406.3
1079030 406.3
1079040 406.3
1079050 406.4
1079060 406.4
1079070 406.4
1079080 406.4
1079090 406.4
1079100 406.4
1079110 406.4
1079120 406.4
1079130 406.5
1079140 406.5
1079150 406.5
1079160 406.5
1079170 406.5
1079180 406.5
1079190 406.5
1079200 406.5
1079210 406.5
1079220 406.4
1079230 406.4
1079240 406.0
1079250 406.0
1079260 406.0
1079270 406.8
1079280 406.8
1079290 406.8
1079300 406.9
1079310 407.0
1079320 407.0
1079330 407.0
1079340 407.2
1079350 407.2
1079360 407.3
1079370 407.4
1079380 407.4
1079390 407.5
1079400 407.5
1079410 407.5
1079420 407.5
1079430 407.6
1079440 407.6
1079450 407.6
1079460 407.7
1079470 407.8
1079480 407.8
1079490 407.9
1079500 407.9
1079510 407.9
1079520 407.9
1079530 408.0
1079540 408.0
1079550 408.0
1079560 408.1
1079570 408.1
1079580 408.2
1079590 408.0
1079600 408.0
1079610 408.0
1079620 408.1
1079630 408.1
1079640 408.1
1079650 408.3
1079660 408.3
1079670 408.4
1079680 408.5
1079690 408.5
1079700 408.6
1079710 408.6
1079720 408.6
1079730 408.7
1079740 408.8
1079750 408.9
1079760 408.9
1079770 408.9
1079780 408.9
1079790 408.9
1079800 409.0
1079810 409.1
1079820 409.1
1079830 409.1
1079840 409.2
1079850 409.2
1079860 409.3
1079870 409.3
1079880 409.3
1079890 409.3
1079900 409.4
1079910 409.4
1079920 409.4
1079930 409.3
1079940 409.3
1079950 409.2
1079960 409.1
1079970 409.1
1079980 409.1
1079990 409.0
