1073590 404.2
1073600 404.2
1073610 404.1
1073620 404.0
1073630 404.0
1073640 403.9
1073650 403.8
1073660 403.8
1073670 403.8
1073680 404.0
1073690 404.0
1073700 404.1
1073710 404.1
1073720 404.2
1073730 404.2
1073740 406.9
1073750 409.1
1073760 409.1
1073770 406.8
1073780 407.1
1073790 407.1
1073800 407.4
1073810 408.6
1073820 408.6
1073830 408.6
1073840 405.9
1073850 405.9
1073860 405.4
1073870 405.3
1073880 405.3
1073890 405.2
1073900 405.0
1073910 405.0
1073920 404.8
1073930 404.5
1073940 404.5
1073950 404.4
1073960 404.3
1073970 404.3
1073980 405.5
1073990 406.6
1074000 406.6
1074010 404.0
1074020 401.9
1074030 401.6
1074040 401.6
1074050 401.6
1074060 401.6
1074070 401.6
1074080 401.7
1074090 401.7
1074100 401.7
1074110 402.4
1074120 405.7
1074130 405.7
1074140 406.5
1074150 405.4
1074160 405.4
1074170 405.5
1074180 405.5
1074190 405.5
1074200 405.6
1074210 405.7
1074220 405.7
1074230 406.2
1074240 408.8
1074250 408.8
1074260 408.6
1074270 406.2
1074280 406.2
1074290 405.4
1074300 405.4
1074310 405.4
1074320 405.4
1074330 405.3
1074340 405.3
1074350 405.3
1074360 405.7
1074370 405.7
1074380 405.7
1074390 404.8
1074400 404.3
1074410 404.3
1074420 404.0
1074430 403.8
1074440 403.8
1074450 403.7
1074460 403.7
1074470 403.7
1074480 403.6
1074490 403.6
1074500 403.6
1074510 403.4
1074520 403.4
1074530 403.4
1074540 403.5
1074550 403.7
1074560 403.7
1074570 404.2
1074580 403.8
1074590 403.8
1074600 403.6
1074610 403.8
1074620 403.8
1074630 403.7
1074640 403.6
1074650 403.6
1074660 403.7
1074670 403.6
1074680 403.6
1074690 403.5
1074700 403.6
1074710 403.8
1074720 403.8
1074730 403.8
1074740 403.8
1074750 403.8
1074760 403.6
1074770 403.6
1074780 403.6
1074790 403.6
1074800 403.7
1074810 403.7
1074820 403.7
1074830 403.6
1074840 403.6
1074850 403.5
1074860 403.5
1074870 403.5
1074880 403.7
1074890 403.6
1074900 403.6
1074910 403.5
1074920 403.4
1074930 403.4
1074940 403.3
1074950 403.4
1074960 403.4
1074970 403.4
1074980 403.5
1074990 403.5
1075000 403.5
1075010 403.6
1075020 403.3
1075030 403.1
1075040 403.2
1075050 403.3
1075060 403.3
1075070 403.4
1075080 403.4
1075090 403.4
1075100 403.5
1075110 403.5
1075120 403.5
1075130 403.5
1075140 403.5
1075150 403.5
1075160 403.6
1075170 403.7
1075180 403.7
1075190 404.0
1075200 404.4
1075210 404.4
1075220 404.5
1075230 404.6
1075240 404.6
1075250 404.6
1075260 404.5
1075270 404.5
1075280 404.5
1075290 405.1
1075300 405.1
1075310 406.0
1075320 405.3
1075330 405.3
1075340 404.5
1075350 404.4
1075360 404.4
1075370 404.4
1075380 404.3
1075390 404.4
1075400 404.4
1075410 404.8
1075420 404.7
1075430 404.7
1075440 404.3
1075450 404.1
1075460 404.1
1075470 404.1
1075480 404.2
1075490 404.2
1075500 404.1
1075510 404.0
1075520 404.0
1075530 403.8
1075540 403.8
1075550 403.8
1075560 403.9
1075570 404.1
1075580 404.1
1075590 404.4
1075600 404.4
1075610 404.4
1075620 404.3
1075630 404.4
1075640 404.4
1075650 404.0
1075660 404.2
1075670 404.2
1075680 404.1
1075690 404.1
1075700 403.8
1075710 403.8
1075720 403.6
1075730 403.8
1075740 403.8
1075750 403.9
1075760 403.7
1075770 403.7
1075780 403.6
1075790 403.5
1075800 403.5
1075810 403.6
1075820 403.5
1075830 403.5
1075840 403.1
1075850 403.5
1075860 403.5
1075870 403.8
1075880 403.8
1075890 403.8
1075900 403.9
1075910 403.9
1075920 403.9
1075930 403.8
1075940 403.8
1075950 403.8
1075960 403.7
1075970 403.4
1075980 403.4
1075990 403.4
1076000 403.5
1076010 403.5
1076020 403.5
1076030 403.5
1076040 403.3
1076050 403.3
1076060 403.1
1076070 403.1
1076080 403.1
1076090 403.1
1076100 403.1
1076110 403.1
1076120 403.2
1076130 403.1
1076140 403.1
1076150 402.9
1076160 402.3
1076170 402.3
1076180 402.9
1076190 402.9
1076200 402.9
1076210 402.8
1076220 402.8
1076230 402.8
1076240 402.9
1076250 403.1
1076260 403.1
1076270 403.2
1076280 403.2
1076290 403.2
1076300 403.0
1076310 403.0
1076320 403.0
1076330 403.1
1076340 403.3
1076350 403.3
1076360 403.3
1076370 403.6
1076380 403.5
1076390 403.5
1076400 403.3
1076410 403.5
1076420 403.5
1076430 404.0
1076440 404.1
1076450 404.1
1076460 403.7
1076470 403.4
1076480 403.4
1076490 403.2
1076500 403.2
1076510 403.2
1076520 403.3
1076530 403.0
1076540 403.0
1076550 402.9
1076560 403.2
1076570 403.2
1076580 403.3
1076590 403.2
1076600 403.2
1076610 403.0
1076620 403.0
1076630 403.0
1076640 403.0
1076650 403.0
1076660 403.0
1076670 403.0
1076680 403.0
1076690 403.2
1076700 403.2
1076710 404.4
1076720 403.5
1076730 403.5
1076740 403.5
1076750 403.2
1076760 403.2
1076770 403.0
1076780 403.1
1076790 403.1
1076800 403.1
1076810 403.3
1076820 403.3
1076830 403.4
1076840 403.1
1076850 403.1
1076860 403.0
1076870 403.0
1076880 403.0
1076890 403.0
1076900 402.7
1076910 402.7
1076920 402.8
1076930 402.8
1076940 402.8
1076950 402.9
1076960 402.9
1076970 402.9
1076980 402.8
1076990 402.6
1077000 402.5
1077010 402.5
1077020 402.4
1077030 402.4
1077040 402.4
1077050 402.4
1077060 402.4
1077070 402.4
1077080 402.6
1077090 402.7
1077100 402.7
1077110 402.6
1077120 402.6
1077130 402.6
1077140 402.6
1077150 402.5
1077160 402.5
1077170 402.6
1077180 402.7
1077190 402.7
1077200 402.6
1077210 402.7
1077220 402.7
1077230 402.6
1077240 402.9
1077250 402.9
1077260 403.1
1077270 403.0
1077280 403.0
1077290 403.2
1077300 403.1
1077310 403.1
1077320 403.3
1077330 403.0
1077340 401.7
1077350 401.7
1077360 401.4
1077370 402.5
1077380 402.5
1077390 402.6
1077400 402.4
1077410 402.4
1077420 402.4
1077430 402.5
1077440 402.5
1077450 402.6
1077460 402.1
1077470 402.1
1077480 402.2
1077490 402.2
1077500 402.2
1077510 402.2
1077520 402.4
1077530 402.4
1077540 402.5
1077550 402.5
1077560 402.5
1077570 402.6
1077580 402.6
1077590 402.6
1077600 402.5
1077610 402.6
1077620 402.6
1077630 402.6
1077640 402.7
1077650 402.7
1077660 402.7
1077670 402.7
1077680 402.7
1077690 402.7
1077700 402.7
1077710 402.6
1077720 402.6
1077730 402.6
1077740 402.6
1077750 402.6
1077760 402.6
1077770 402.6
1077780 402.6
1077790 402.6
1077800 402.6
1077810 402.6
1077820 402.6
1077830 402.6
1077840 402.6
1077850 402.7
1077860 402.7
1077870 402.7
1077880 402.6
1077890 402.6
1077900 402.6
1077910 402.6
1077920 402.6
1077930 402.6
1077940 402.6
1077950 402.6
1077960 402.6
1077970 402.6
1077980 402.7
1077990 402.7
1078000 402.7
1078010 402.8
1078020 402.8
1078030 402.8
1078040 402.8
1078050 402.8
1078060 402.8
1078070 402.9
1078080 403.2
1078090 403.2
1078100 403.5
1078110 403.6
1078120 403.6
1078130 404.1
1078140 404.8
1078150 404.8
1078160 405.1
1078170 406.1
1078180 406.1
1078190 406.1
1078200 405.4
1078210 405.4
1078220 405.4
1078230 405.5
1078240 405.5
1078250 405.7
1078260 405.7
1078270 405.7
1078280 405.7
1078290 405.8
1078300 405.8
1078310 405.1
1078320 404.7
1078330 404.5
1078340 404.5
1078350 404.5
1078360 404.4
1078370 404.4
1078380 404.4
1078390 404.5
1078400 404.5
1078410 404.5
1078420 404.5
1078430 404.5
1078440 404.6
1078450 404.3
1078460 404.3
1078470 402.4
1078480 401.7
1078490 401.7
1078500 402.3
1078510 403.2
1078520 403.2
1078530 404.3
1078540 404.7
1078550 404.7
1078560 405.0
1078570 404.9
1078580 404.9
1078590 404.8
1078600 404.9
1078610 404.9
1078620 405.0
1078630 405.0
1078640 405.1
1078650 405.1
1078660 405.2
1078670 405.2
1078680 405.2
1078690 405.4
1078700 405.5
1078710 405.5
1078720 405.6
1078730 405.7
1078740 405.7
1078750 405.8
1078760 405.8
1078770 405.8
1078780 406.3
1078790 406.7
1078800 406.7
1078810 406.9
1078820 407.1
1078830 407.1
1078840 407.1
1078850 407.0
1078860 407.0
1078870 406.8
1078880 406.4
1078890 406.4
1078900 406.2
1078910 406.0
1078920 406.0
1078930 406.1
1078940 406.1
1078950 406.1
1078960 406.2
1078970 406.2
1078980 406.2
1078990 406.2
1079000 406.2
1079010 406.2
1079020 406.2
1079030 406.2
1079040 406.3
1079050 406.3
1079060 406.4
1079070 406.4
1079080 406.4
1079090 406.4
1079100 406.5
1079110 406.5
1079120 406.5
1079130 406.5
1079140 406.5
1079150 406.4
1079160 406.5
1079170 406.5
1079180 406.5
1079190 406.5
1079200 406.5
1079210 406.5
1079220 406.5
1079230 406.5
1079240 406.3
1079250 405.5
1079260 405.5
1079270 406.8
1079280 406.8
1079290 406.8
1079300 406.7
1079310 406.8
1079320 406.9
1079330 406.9
1079340 407.0
1079350 407.2
1079360 407.2
1079370 407.4
1079380 407.5
1079390 407.5
1079400 407.7
1079410 407.6
1079420 407.6
1079430 407.6
1079440 407.8
1079450 407.8
1079460 407.9
1079470 408.0
1079480 408.0
1079490 408.1
1079500 408.2
1079510 408.2
1079520 408.2
1079530 408.1
1079540 408.1
1079550 408.1
1079560 408.0
1079570 408.0
1079580 408.2
1079590 408.0
1079600 408.0
1079610 408.1
1079620 408.2
1079630 408.3
1079640 408.3
1079650 408.3
1079660 408.4
1079670 408.4
1079680 408.5
1079690 408.6
1079700 408.6
1079710 408.6
1079720 408.7
1079730 408.6
1079740 408.7
1079750 408.8
1079760 408.8
1079770 408.9
1079780 409.1
1079790 409.1
1079800 409.1
1079810 409.2
1079820 409.2
1079830 409.2
1079840 409.2
1079850 409.2
1079860 409.3
1079870 409.3
1079880 409.3
1079890 409.3
1079900 409.3
1079910 409.3
1079920 409.3
1079930 409.2
1079940 409.2
1079950 409.1
1079960 409.0
1079970 409.0
1079980 409.0
1079990 408.8
