1073250 403.5
1073260 403.5
1073270 403.5
1073280 403.4
1073290 403.4
1073300 403.3
1073310 403.2
1073320 403.2
1073330 403.3
1073340 403.3
1073350 403.3
1073360 403.6
1073370 403.9
1073380 403.9
1073390 403.8
1073400 403.9
1073410 404.8
1073420 404.8
1073430 404.8
1073440 403.8
1073450 403.8
1073460 403.5
1073470 404.3
1073480 404.3
1073490 408.7
1073500 409.2
1073510 409.2
1073520 406.8
1073530 404.9
1073540 404.9
1073550 404.5
1073560 404.5
1073570 404.5
1073580 404.3
1073590 404.1
1073600 404.1
1073610 403.8
1073620 403.8
1073630 403.8
1073640 405.5
1073650 405.4
1073660 405.4
1073670 402.7
1073680 401.1
1073690 401.1
1073700 401.1
1073710 401.1
1073720 401.1
1073730 401.1
1073740 401.1
1073750 401.6
1073760 401.6
1073770 403.4
1073780 405.9
1073790 405.9
1073800 404.9
1073810 404.8
1073820 404.8
1073830 405.0
1073840 405.1
1073850 405.1
1073860 405.2
1073870 405.2
1073880 405.2
1073890 405.2
1073900 405.2
1073910 405.2
1073920 405.2
1073930 405.2
1073940 405.2
1073950 405.2
1073960 405.8
1073970 405.8
1073980 408.8
1073990 409.3
1074000 409.3
1074010 406.8
1074020 406.7
1074030 406.7
1074040 406.3
1074050 405.4
1074060 405.0
1074070 405.0
1074080 405.0
1074090 404.9
1074100 404.9
1074110 404.6
1074120 404.2
1074130 404.2
1074140 404.2
1074150 405.0
1074160 405.0
1074170 405.8
1074180 405.9
1074190 405.9
1074200 405.8
1074210 405.8
1074220 405.8
1074230 405.6
1074240 404.5
1074250 404.5
1074260 403.7
1074270 403.6
1074280 403.6
1074290 403.5
1074300 403.5
1074310 403.5
1074320 403.4
1074330 402.9
1074340 402.9
1074350 402.9
1074360 403.0
1074370 403.0
1074380 403.0
1074390 403.1
1074400 403.0
1074410 403.0
1074420 402.9
1074430 402.9
1074440 402.9
1074450 402.8
1074460 402.8
1074470 402.8
1074480 402.6
1074490 402.5
1074500 402.5
1074510 402.4
1074520 402.6
1074530 402.6
1074540 402.9
1074550 403.0
1074560 403.0
1074570 403.1
1074580 403.2
1074590 403.2
1074600 403.2
1074610 403.0
1074620 403.0
1074630 402.9
1074640 403.0
1074650 403.0
1074660 403.3
1074670 403.2
1074680 403.2
1074690 402.9
1074700 402.9
1074710 402.9
1074720 402.9
1074730 402.8
1074740 402.7
1074750 402.7
1074760 402.6
1074770 402.7
1074780 402.7
1074790 402.6
1074800 402.7
1074810 402.7
1074820 402.5
1074830 402.4
1074840 402.4
1074850 402.4
1074860 402.4
1074870 402.4
1074880 402.5
1074890 402.8
1074900 402.8
1074910 403.0
1074920 403.1
1074930 403.1
1074940 403.1
1074950 402.7
1074960 402.7
1074970 402.7
1074980 402.7
1074990 402.7
1075000 402.7
1075010 402.7
1075020 402.7
1075030 402.8
1075040 402.7
1075050 402.7
1075060 402.7
1075070 402.8
1075080 402.7
1075090 402.7
1075100 402.6
1075110 402.7
1075120 402.7
1075130 402.7
1075140 402.7
1075150 402.7
1075160 402.6
1075170 402.6
1075180 402.6
1075190 402.7
1075200 402.6
1075210 402.6
1075220 402.7
1075230 402.9
1075240 402.9
1075250 403.0
1075260 403.2
1075270 403.2
1075280 403.4
1075290 403.4
1075300 403.4
1075310 403.5
1075320 403.6
1075330 403.6
1075340 403.7
1075350 403.7
1075360 403.7
1075370 403.4
1075380 403.4
1075390 403.4
1075400 403.4
1075410 403.7
1075420 403.9
1075430 403.9
1075440 404.0
1075450 403.8
1075460 403.8
1075470 403.6
1075480 403.7
1075490 403.7
1075500 403.6
1075510 403.5
1075520 403.5
1075530 403.6
1075540 403.4
1075550 403.4
1075560 403.3
1075570 403.5
1075580 403.5
1075590 403.5
1075600 403.4
1075610 403.4
1075620 403.7
1075630 403.8
1075640 403.8
1075650 403.8
1075660 403.4
1075670 403.4
1075680 403.6
1075690 403.5
1075700 403.5
1075710 403.5
1075720 403.4
1075730 403.5
1075740 403.5
1075750 403.4
1075760 403.4
1075770 403.4
1075780 403.4
1075790 403.4
1075800 403.4
1075810 403.5
1075820 403.5
1075830 403.5
1075840 403.5
1075850 403.6
1075860 403.6
1075870 403.5
1075880 403.3
1075890 403.3
1075900 403.4
1075910 403.5
1075920 403.5
1075930 403.4
1075940 403.3
1075950 403.3
1075960 403.2
1075970 403.2
1075980 403.2
1075990 403.3
1076000 403.6
1076010 403.6
1076020 403.5
1076030 403.3
1076040 403.2
1076050 403.2
1076060 403.2
1076070 403.1
1076080 403.1
1076090 403.0
1076100 402.9
1076110 402.9
1076120 403.0
1076130 402.9
1076140 402.9
1076150 403.0
1076160 403.0
1076170 403.0
1076180 403.0
1076190 402.9
1076200 402.9
1076210 402.9
1076220 403.0
1076230 403.0
1076240 403.2
1076250 403.2
1076260 403.2
1076270 403.1
1076280 402.8
1076290 402.8
1076300 402.7
1076310 402.7
1076320 402.7
1076330 402.7
1076340 402.7
1076350 402.7
1076360 402.7
1076370 402.7
1076380 402.7
1076390 402.7
1076400 402.8
1076410 402.8
1076420 402.8
1076430 402.8
1076440 402.9
1076450 402.9
1076460 403.0
1076470 402.8
1076480 402.8
1076490 402.8
1076500 402.8
1076510 402.8
1076520 402.8
1076530 402.7
1076540 402.7
1076550 402.6
1076560 402.6
1076570 402.6
1076580 402.7
1076590 402.8
1076600 402.8
1076610 403.1
1076620 403.1
1076630 403.1
1076640 403.0
1076650 403.0
1076660 403.0
1076670 403.1
1076680 403.0
1076690 403.0
1076700 403.2
1076710 403.0
1076720 402.3
1076730 402.3
1076740 402.3
1076750 402.8
1076760 402.8
1076770 402.6
1076780 402.7
1076790 402.7
1076800 402.7
1076810 402.6
1076820 402.6
1076830 402.8
1076840 403.5
1076850 403.5
1076860 403.3
1076870 403.0
1076880 403.0
1076890 402.8
1076900 402.9
1076910 402.9
1076920 402.8
1076930 402.9
1076940 402.9
1076950 402.9
1076960 403.0
1076970 403.0
1076980 402.9
1076990 402.8
1077000 402.8
1077010 403.1
1077020 402.9
1077030 402.9
1077040 402.7
1077050 402.9
1077060 402.9
1077070 402.9
1077080 402.7
1077090 402.7
1077100 402.7
1077110 402.7
1077120 402.6
1077130 402.7
1077140 402.7
1077150 402.8
1077160 402.8
1077170 402.8
1077180 402.8
1077190 402.8
1077200 402.7
1077210 402.7
1077220 402.7
1077230 402.7
1077240 402.7
1077250 402.7
1077260 402.7
1077270 402.7
1077280 402.7
1077290 402.7
1077300 403.1
1077310 403.1
1077320 403.3
1077330 403.1
1077340 403.1
1077350 403.0
1077360 402.6
1077370 402.4
1077380 402.4
1077390 402.3
1077400 402.3
1077410 402.3
1077420 402.3
1077430 402.2
1077440 402.2
1077450 402.4
1077460 402.3
1077470 402.3
1077480 401.3
1077490 401.3
1077500 401.3
1077510 401.7
1077520 401.6
1077530 401.6
1077540 401.7
1077550 401.6
1077560 401.6
1077570 401.5
1077580 401.5
1077590 401.5
1077600 401.6
1077610 401.5
1077620 401.5
1077630 401.6
1077640 401.5
1077650 401.5
1077660 401.4
1077670 401.5
1077680 401.5
1077690 401.7
1077700 401.8
1077710 401.9
1077720 401.9
1077730 401.9
1077740 401.8
1077750 401.8
1077760 401.9
1077770 401.9
1077780 401.9
1077790 401.6
1077800 401.6
1077810 401.6
1077820 401.6
1077830 401.6
1077840 401.6
1077850 401.6
1077860 401.8
1077870 401.8
1077880 401.8
1077890 401.6
1077900 401.6
1077910 401.6
1077920 401.5
1077930 401.5
1077940 401.4
1077950 401.4
1077960 401.4
1077970 401.3
1077980 401.3
1077990 401.3
1078000 401.2
1078010 401.2
1078020 401.2
1078030 401.2
1078040 401.1
1078050 401.1
1078060 401.1
1078070 401.2
1078080 401.2
1078090 401.2
1078100 401.1
1078110 401.1
1078120 401.1
1078130 401.2
1078140 401.1
1078150 401.1
1078160 401.2
1078170 401.2
1078180 401.2
1078190 401.4
1078200 401.6
1078210 401.6
1078220 401.6
1078230 402.0
1078240 402.0
1078250 402.2
1078260 402.3
1078270 402.3
1078280 402.3
1078290 402.2
1078300 402.2
1078310 402.1
1078320 401.9
1078330 401.9
1078340 401.9
1078350 401.8
1078360 401.8
1078370 401.8
1078380 401.8
1078390 401.5
1078400 401.5
1078410 401.4
1078420 401.4
1078430 401.4
1078440 401.4
1078450 401.4
1078460 401.4
1078470 401.5
1078480 401.5
1078490 401.5
1078500 401.7
1078510 401.9
1078520 401.9
1078530 402.1
1078540 402.4
1078550 402.4
1078560 402.6
1078570 402.7
1078580 402.7
1078590 402.7
1078600 402.7
1078610 402.7
1078620 402.7
1078630 402.8
1078640 402.8
1078650 402.8
1078660 402.8
1078670 402.8
1078680 402.9
1078690 402.9
1078700 403.2
1078710 403.2
1078720 403.2
1078730 403.2
1078740 403.2
1078750 403.2
1078760 403.3
1078770 403.3
1078780 403.3
1078790 403.3
1078800 403.3
1078810 403.2
1078820 403.1
1078830 403.1
1078840 403.1
1078850 403.0
1078860 403.0
1078870 403.1
1078880 403.1
1078890 403.1
1078900 403.2
1078910 403.3
1078920 403.3
1078930 403.2
1078940 403.2
1078950 403.2
1078960 403.3
1078970 403.4
1078980 403.4
1078990 403.5
1079000 403.5
1079010 403.5
1079020 403.5
1079030 403.5
1079040 403.6
1079050 403.6
1079060 403.7
1079070 403.7
1079080 403.7
1079090 403.8
1079100 403.8
1079110 403.8
1079120 403.9
1079130 403.9
1079140 403.9
1079150 403.8
1079160 403.8
1079170 403.8
1079180 403.8
1079190 403.9
1079200 403.9
1079210 404.5
1079220 403.2
1079230 403.2
1079240 401.4
1079250 401.7
1079260 401.7
1079270 402.4
1079280 403.2
1079290 403.2
1079300 403.7
1079310 403.6
1079320 403.6
1079330 404.4
1079340 404.9
1079350 404.9
1079360 405.1
1079370 405.2
1079380 405.2
1079390 405.2
1079400 405.3
1079410 405.4
1079420 405.4
1079430 405.6
1079440 405.7
1079450 405.7
1079460 405.9
1079470 405.9
1079480 405.9
1079490 405.8
1079500 405.5
1079510 405.5
1079520 405.3
1079530 405.2
1079540 405.2
1079550 405.1
1079560 405.1
1079570 405.1
1079580 405.1
1079590 405.1
1079600 405.1
1079610 405.1
1079620 405.0
1079630 405.0
1079640 404.9
1079650 404.7
1079660 404.7
1079670 404.7
1079680 404.7
1079690 404.8
1079700 404.8
1079710 404.9
1079720 405.0
1079730 405.0
1079740 405.0
1079750 405.1
1079760 405.1
1079770 405.2
1079780 405.2
1079790 405.2
1079800 405.2
1079810 405.3
1079820 405.3
1079830 405.3
1079840 405.4
1079850 405.4
1079860 405.4
1079870 405.4
1079880 405.4
1079890 405.4
1079900 405.4
1079910 405.4
1079920 405.4
1079930 405.4
1079940 405.4
1079950 405.5
1079960 405.5
1079970 405.5
1079980 405.4
1079990 405.3
