1073180 403.3
1073190 404.0
1073200 404.0
1073210 404.9
1073220 405.0
1073230 405.0
1073240 404.0
1073250 399.6
1073260 399.6
1073270 398.9
1073280 402.7
1073290 402.7
1073300 403.6
1073310 403.3
1073320 403.3
1073330 403.1
1073340 403.3
1073350 403.3
1073360 404.1
1073370 404.9
1073380 404.9
1073390 404.8
1073400 404.6
1073410 407.7
1073420 407.7
1073430 407.8
1073440 405.1
1073450 405.1
1073460 404.8
1073470 404.4
1073480 404.4
1073490 404.1
1073500 403.8
1073510 403.8
1073520 403.6
1073530 403.4
1073540 403.4
1073550 403.9
1073560 406.0
1073570 406.0
1073580 403.5
1073590 401.5
1073600 401.5
1073610 401.2
1073620 401.2
1073630 401.2
1073640 401.3
1073650 401.1
1073660 401.1
1073670 401.3
1073680 402.6
1073690 402.6
1073700 405.8
1073710 404.5
1073720 404.5
1073730 404.6
1073740 404.8
1073750 405.1
1073760 405.1
1073770 405.3
1073780 405.3
1073790 405.3
1073800 405.2
1073810 405.1
1073820 405.1
1073830 405.0
1073840 404.9
1073850 404.9
1073860 404.8
1073870 404.9
1073880 404.9
1073890 407.1
1073900 409.2
1073910 409.2
1073920 407.4
1073930 405.3
1073940 405.3
1073950 403.7
1073960 403.5
1073970 403.5
1073980 404.2
1073990 403.2
1074000 403.2
1074010 402.9
1074020 403.0
1074030 403.0
1074040 402.9
1074050 402.8
1074060 402.7
1074070 402.7
1074080 402.7
1074090 402.4
1074100 402.4
1074110 402.2
1074120 402.2
1074130 402.2
1074140 402.4
1074150 402.6
1074160 402.6
1074170 402.4
1074180 402.5
1074190 402.5
1074200 402.4
1074210 402.7
1074220 402.7
1074230 402.9
1074240 402.4
1074250 402.4
1074260 402.4
1074270 402.5
1074280 402.5
1074290 402.6
1074300 402.7
1074310 402.7
1074320 402.6
1074330 402.6
1074340 402.6
1074350 402.8
1074360 403.0
1074370 403.0
1074380 403.2
1074390 402.9
1074400 403.0
1074410 403.0
1074420 403.1
1074430 404.2
1074440 404.2
1074450 404.3
1074460 402.6
1074470 402.6
1074480 402.8
1074490 403.0
1074500 403.0
1074510 402.9
1074520 402.9
1074530 402.9
1074540 402.6
1074550 402.5
1074560 402.5
1074570 402.6
1074580 402.7
1074590 402.7
1074600 402.9
1074610 402.7
1074620 402.7
1074630 402.9
1074640 403.0
1074650 403.0
1074660 403.1
1074670 403.1
1074680 403.1
1074690 402.9
1074700 402.9
1074710 402.9
1074720 402.7
1074730 402.7
1074740 402.6
1074750 402.6
1074760 402.5
1074770 402.7
1074780 402.7
1074790 402.8
1074800 402.8
1074810 402.8
1074820 402.4
1074830 402.3
1074840 402.3
1074850 402.4
1074860 402.5
1074870 402.5
1074880 402.4
1074890 402.6
1074900 402.6
1074910 402.6
1074920 402.5
1074930 402.5
1074940 402.5
1074950 402.6
1074960 402.6
1074970 402.6
1074980 402.7
1074990 402.7
1075000 402.6
1075010 402.7
1075020 402.7
1075030 403.0
1075040 403.2
1075050 403.2
1075060 403.1
1075070 403.0
1075080 402.9
1075090 402.9
1075100 402.8
1075110 402.9
1075120 402.9
1075130 402.8
1075140 402.8
1075150 402.8
1075160 403.0
1075170 403.0
1075180 403.0
1075190 403.2
1075200 403.3
1075210 403.3
1075220 403.4
1075230 403.3
1075240 403.3
1075250 403.6
1075260 403.5
1075270 403.5
1075280 403.4
1075290 403.5
1075300 403.5
1075310 403.4
1075320 403.4
1075330 403.4
1075340 403.4
1075350 403.3
1075360 403.3
1075370 403.2
1075380 403.2
1075390 403.1
1075400 403.1
1075410 403.2
1075420 403.2
1075430 403.2
1075440 403.2
1075450 403.2
1075460 403.2
1075470 403.5
1075480 403.6
1075490 403.6
1075500 403.3
1075510 403.2
1075520 403.2
1075530 403.1
1075540 403.2
1075550 403.2
1075560 403.3
1075570 403.2
1075580 403.2
1075590 403.1
1075600 403.1
1075610 403.1
1075620 403.2
1075630 403.3
1075640 403.3
1075650 403.4
1075660 403.5
1075670 403.5
1075680 403.5
1075690 403.4
1075700 403.4
1075710 403.6
1075720 403.7
1075730 403.8
1075740 403.8
1075750 403.8
1075760 403.7
1075770 403.7
1075780 403.7
1075790 403.8
1075800 403.8
1075810 403.5
1075820 403.2
1075830 403.2
1075840 403.0
1075850 402.8
1075860 402.8
1075870 402.8
1075880 402.8
1075890 402.8
1075900 402.7
1075910 402.7
1075920 402.7
1075930 402.7
1075940 402.7
1075950 402.7
1075960 402.7
1075970 402.8
1075980 402.8
1075990 402.9
1076000 402.9
1076010 402.9
1076020 402.9
1076030 402.8
1076040 402.8
1076050 402.8
1076060 403.3
1076070 403.4
1076080 403.4
1076090 403.3
1076100 403.3
1076110 403.3
1076120 403.4
1076130 403.2
1076140 403.2
1076150 403.0
1076160 402.9
1076170 402.5
1076180 402.5
1076190 402.6
1076200 402.6
1076210 402.7
1076220 402.6
1076230 402.6
1076240 402.7
1076250 402.7
1076260 402.7
1076270 402.7
1076280 402.7
1076290 402.7
1076300 402.8
1076310 402.8
1076320 402.8
1076330 402.7
1076340 402.6
1076350 402.6
1076360 402.7
1076370 403.4
1076380 403.4
1076390 403.5
1076400 402.9
1076410 402.5
1076420 402.5
1076430 402.5
1076440 402.6
1076450 402.6
1076460 402.6
1076470 402.8
1076480 402.9
1076490 402.7
1076500 402.8
1076510 402.8
1076520 402.7
1076530 402.7
1076540 402.7
1076550 402.8
1076560 402.9
1076570 402.9
1076580 403.3
1076590 403.6
1076600 403.6
1076610 403.7
1076620 403.6
1076630 403.6
1076640 402.9
1076650 402.5
1076660 402.5
1076670 402.6
1076680 402.6
1076690 402.6
1076700 402.5
1076710 402.5
1076720 402.3
1076730 402.3
1076740 402.2
1076750 402.7
1076760 402.7
1076770 402.9
1076780 402.9
1076790 403.0
1076800 402.8
1076810 402.7
1076820 402.7
1076830 402.8
1076840 402.9
1076850 402.9
1076860 402.8
1076870 402.9
1076880 402.9
1076890 402.9
1076900 402.3
1076910 402.3
1076920 402.5
1076930 402.8
1076940 402.8
1076950 402.7
1076960 402.5
1076970 402.5
1076980 402.3
1076990 402.2
1077000 402.2
1077010 401.8
1077020 401.8
1077030 401.8
1077040 401.8
1077050 401.7
1077060 401.8
1077070 401.8
1077080 401.8
1077090 401.8
1077100 401.8
1077110 401.9
1077120 402.2
1077130 402.2
1077140 402.1
1077150 402.0
1077160 402.0
1077170 401.9
1077180 401.9
1077190 401.9
1077200 401.9
1077210 401.9
1077220 401.9
1077230 401.9
1077240 401.8
1077250 401.8
1077260 401.7
1077270 401.5
1077280 401.5
1077290 401.5
1077300 401.7
1077310 401.7
1077320 401.7
1077330 401.6
1077340 401.6
1077350 401.7
1077360 401.8
1077370 401.8
1077380 401.8
1077390 401.8
1077400 401.8
1077410 401.8
1077420 401.8
1077430 401.8
1077440 401.8
1077450 401.8
1077460 401.7
1077470 401.7
1077480 401.6
1077490 401.5
1077500 401.5
1077510 401.3
1077520 400.8
1077530 400.8
1077540 400.5
1077550 401.0
1077560 401.0
1077570 401.4
1077580 401.5
1077590 401.5
1077600 401.4
1077610 401.3
1077620 401.3
1077630 401.2
1077640 401.1
1077650 401.1
1077660 401.1
1077670 400.9
1077680 400.9
1077690 400.8
1077700 401.1
1077710 401.1
1077720 401.4
1077730 400.9
1077740 401.0
1077750 401.0
1077760 400.9
1077770 401.0
1077780 401.0
1077790 401.2
1077800 401.4
1077810 401.4
1077820 401.5
1077830 401.7
1077840 401.7
1077850 401.7
1077860 401.7
1077870 401.7
1077880 401.7
1077890 401.9
1077900 401.9
1077910 401.8
1077920 401.5
1077930 401.5
1077940 401.4
1077950 401.4
1077960 401.4
1077970 401.6
1077980 401.4
1077990 401.4
1078000 401.4
1078010 401.1
1078020 401.1
1078030 400.8
1078040 400.9
1078050 401.0
1078060 401.0
1078070 401.1
1078080 401.2
1078090 401.2
1078100 401.3
1078110 401.3
1078120 401.3
1078130 401.3
1078140 401.3
1078150 401.3
1078160 401.3
1078170 401.2
1078180 401.2
1078190 401.2
1078200 401.1
1078210 401.1
1078220 400.9
1078230 401.0
1078240 401.0
1078250 401.1
1078260 401.3
1078270 401.3
1078280 401.3
1078290 401.3
1078300 401.3
1078310 401.3
1078320 401.3
1078330 401.3
1078340 401.4
1078350 401.4
1078360 401.7
1078370 401.6
1078380 401.7
1078390 401.5
1078400 401.5
1078410 401.8
1078420 401.8
1078430 401.8
1078440 402.0
1078450 402.0
1078460 402.0
1078470 402.3
1078480 402.3
1078490 402.3
1078500 401.9
1078510 401.9
1078520 401.9
1078530 401.9
1078540 402.2
1078550 402.2
1078560 402.2
1078570 402.2
1078580 402.2
1078590 402.2
1078600 402.1
1078610 402.1
1078620 402.0
1078630 402.3
1078640 402.3
1078650 402.4
1078660 402.5
1078670 402.5
1078680 402.5
1078690 402.6
1078700 402.6
1078710 402.5
1078720 402.5
1078730 402.6
1078740 402.6
1078750 402.5
1078760 402.6
1078770 402.6
1078780 402.5
1078790 402.4
1078800 402.4
1078810 402.5
1078820 402.4
1078830 402.4
1078840 402.5
1078850 402.5
1078860 402.5
1078870 402.6
1078880 402.7
1078890 402.7
1078900 402.7
1078910 402.6
1078920 402.6
1078930 402.7
1078940 402.7
1078950 402.7
1078960 402.7
1078970 402.7
1078980 402.7
1078990 402.7
1079000 402.7
1079010 402.7
1079020 402.8
1079030 402.8
1079040 402.8
1079050 402.6
1079060 402.6
1079070 402.6
1079080 402.6
1079090 402.7
1079100 402.7
1079110 402.7
1079120 402.8
1079130 402.9
1079140 402.9
1079150 402.9
1079160 402.9
1079170 402.9
1079180 402.8
1079190 402.9
1079200 402.9
1079210 403.0
1079220 403.1
1079230 403.1
1079240 403.3
1079250 403.3
1079260 403.3
1079270 403.4
1079280 403.6
1079290 403.6
1079300 403.7
1079310 403.9
1079320 403.9
1079330 404.4
1079340 404.7
1079350 404.7
1079360 403.0
1079370 401.1
1079380 401.8
1079390 401.8
1079400 402.7
1079410 403.9
1079420 403.9
1079430 404.6
1079440 404.9
1079450 404.9
1079460 405.1
1079470 405.3
1079480 405.3
1079490 405.4
1079500 405.3
1079510 405.3
1079520 405.2
1079530 405.1
1079540 405.1
1079550 405.0
1079560 404.9
1079570 404.9
1079580 404.8
1079590 404.7
1079600 404.7
1079610 404.7
1079620 404.5
1079630 404.5
1079640 404.4
1079650 404.3
1079660 404.3
1079670 404.2
1079680 404.0
1079690 404.0
1079700 404.0
1079710 404.2
1079720 404.3
1079730 404.3
1079740 404.5
1079750 404.6
1079760 404.6
1079770 404.6
1079780 404.6
1079790 404.6
1079800 404.7
1079810 404.7
1079820 404.7
1079830 404.7
1079840 404.7
1079850 404.7
1079860 404.6
1079870 404.6
1079880 404.6
1079890 404.4
1079900 404.3
1079910 404.3
1079920 404.3
1079930 404.4
1079940 404.2
1079950 404.4
1079960 404.5
1079970 404.5
1079980 404.6
1079990 404.8
