1073680 467.1
1073690 467.1
1073700 464.9
1073710 462.8
1073720 462.8
1073730 460.4
1073740 457.6
1073750 457.6
1073760 454.0
1073770 450.8
1073780 450.8
1073790 448.5
1073800 446.7
1073810 446.7
1073820 445.5
1073830 444.1
1073840 444.1
1073850 441.3
1073860 437.3
1073870 437.3
1073880 438.1
1073890 437.3
1073900 429.8
1073910 429.8
1073920 421.1
1073930 413.0
1073940 406.9
1073950 405.6
1073960 404.7
1073970 404.7
1073980 403.2
1073990 400.6
1074000 400.6
1074010 398.7
1074020 399.4
1074030 399.4
1074040 402.5
1074050 406.1
1074060 406.1
1074070 407.6
1074080 408.2
1074090 408.2
1074100 407.9
1074110 406.0
1074120 406.0
1074130 403.3
1074140 402.6
1074150 402.6
1074160 402.5
1074170 402.4
1074180 402.4
1074190 402.4
1074200 402.4
1074210 402.4
1074220 402.4
1074230 404.0
1074240 404.7
1074250 403.0
1074260 401.2
1074270 400.2
1074280 400.2
1074290 400.1
1074300 400.1
1074310 400.1
1074320 400.1
1074330 400.0
1074340 400.0
1074350 399.9
1074360 400.0
1074370 400.0
1074380 401.3
1074390 405.0
1074400 405.0
1074410 405.3
1074420 404.3
1074430 404.3
1074440 402.9
1074450 402.9
1074460 402.9
1074470 403.0
1074480 403.2
1074490 403.2
1074500 403.4
1074510 403.5
1074520 403.5
1074530 403.8
1074540 404.7
1074550 404.7
1074560 407.5
1074570 405.3
1074580 403.9
1074590 403.9
1074600 403.8
1074610 403.6
1074620 403.6
1074630 403.5
1074640 403.7
1074650 403.7
1074660 403.8
1074670 403.7
1074680 403.7
1074690 404.1
1074700 404.2
1074710 404.2
1074720 403.6
1074730 403.3
1074740 403.3
1074750 403.3
1074760 403.4
1074770 403.4
1074780 403.6
1074790 403.4
1074800 403.4
1074810 403.1
1074820 402.9
1074830 402.9
1074840 402.8
1074850 403.4
1074860 403.4
1074870 402.6
1074880 402.5
1074890 402.5
1074900 402.6
1074910 402.4
1074920 402.5
1074930 402.5
1074940 402.5
1074950 402.6
1074960 402.6
1074970 402.6
1074980 402.3
1074990 402.3
1075000 402.2
1075010 402.2
1075020 402.2
1075030 402.2
1075040 402.2
1075050 402.2
1075060 402.0
1075070 401.8
1075080 401.8
1075090 401.7
1075100 401.6
1075110 401.6
1075120 401.6
1075130 401.6
1075140 401.6
1075150 401.7
1075160 401.9
1075170 401.9
1075180 401.9
1075190 402.4
1075200 402.4
1075210 402.6
1075220 402.6
1075230 402.5
1075240 402.5
1075250 402.6
1075260 402.7
1075270 402.7
1075280 402.4
1075290 402.2
1075300 402.2
1075310 402.3
1075320 402.4
1075330 402.4
1075340 402.5
1075350 402.5
1075360 402.5
1075370 402.5
1075380 402.3
1075390 402.3
1075400 402.5
1075410 402.5
1075420 402.5
1075430 402.5
1075440 402.4
1075450 402.4
1075460 402.2
1075470 402.1
1075480 402.1
1075490 402.2
1075500 402.2
1075510 402.2
1075520 402.2
1075530 402.1
1075540 402.1
1075550 402.1
1075560 402.1
1075570 402.0
1075580 402.0
1075590 402.0
1075600 401.9
1075610 401.9
1075620 401.8
1075630 401.8
1075640 401.8
1075650 402.1
1075660 402.6
1075670 402.6
1075680 403.1
1075690 403.1
1075700 403.1
1075710 402.2
1075720 402.2
1075730 402.2
1075740 402.1
1075750 402.1
1075760 402.1
1075770 402.1
1075780 402.1
1075790 402.1
1075800 402.1
1075810 402.2
1075820 402.2
1075830 402.2
1075840 402.2
1075850 402.2
1075860 402.1
1075870 402.2
1075880 402.2
1075890 402.4
1075900 402.3
1075910 402.0
1075920 402.0
1075930 401.8
1075940 402.0
1075950 402.0
1075960 402.1
1075970 402.2
1075980 402.2
1075990 402.9
1076000 403.1
1076010 403.1
1076020 402.3
1076030 402.5
1076040 402.5
1076050 402.8
1076060 402.5
1076070 402.5
1076080 402.2
1076090 402.3
1076100 402.3
1076110 402.3
1076120 402.1
1076130 402.1
1076140 401.9
1076150 401.8
1076160 401.8
1076170 402.3
1076180 403.1
1076190 403.1
1076200 403.3
1076210 402.9
1076220 402.9
1076230 402.5
1076240 402.5
1076250 402.3
1076260 402.3
1076270 401.8
1076280 401.7
1076290 401.7
1076300 401.6
1076310 401.6
1076320 401.6
1076330 401.5
1076340 401.5
1076350 401.5
1076360 401.5
1076370 401.4
1076380 401.4
1076390 401.5
1076400 401.5
1076410 401.5
1076420 401.5
1076430 401.4
1076440 401.3
1076450 401.2
1076460 401.2
1076470 401.2
1076480 401.2
1076490 401.3
1076500 401.3
1076510 401.3
1076520 401.2
1076530 401.2
1076540 401.3
1076550 401.5
1076560 401.5
1076570 401.4
1076580 401.4
1076590 401.3
1076600 401.3
1076610 401.2
1076620 401.3
1076630 401.3
1076640 401.4
1076650 401.3
1076660 401.3
1076670 401.2
1076680 401.2
1076690 401.2
1076700 401.2
1076710 401.1
1076720 401.1
1076730 400.8
1076740 400.7
1076750 400.6
1076760 401.0
1076770 400.8
1076780 400.8
1076790 400.7
1076800 400.6
1076810 400.6
1076820 400.6
1076830 400.7
1076840 400.7
1076850 400.7
1076860 400.7
1076870 400.7
1076880 400.6
1076890 400.7
1076900 400.7
1076910 400.7
1076920 400.7
1076930 400.5
1076940 400.5
1076950 400.3
1076960 400.2
1076970 400.2
1076980 400.2
1076990 400.2
1077000 400.2
1077010 400.2
1077020 400.2
1077030 400.2
1077040 400.2
1077050 400.1
1077060 400.0
1077070 400.1
1077080 400.1
1077090 400.1
1077100 400.0
1077110 400.2
1077120 400.2
1077130 400.3
1077140 400.3
1077150 400.3
1077160 399.9
1077170 399.8
1077180 399.8
1077190 400.2
1077200 400.2
1077210 400.2
1077220 400.2
1077230 400.1
1077240 400.1
1077250 400.1
1077260 400.0
1077270 400.0
1077280 400.0
1077290 400.0
1077300 400.0
1077310 400.0
1077320 400.1
1077330 400.0
1077340 400.0
1077350 400.0
1077360 400.4
1077370 400.4
1077380 400.3
1077390 400.0
1077400 400.0
1077410 399.8
1077420 399.7
1077430 399.7
1077440 399.7
1077450 399.7
1077460 399.7
1077470 399.6
1077480 399.5
1077490 399.5
1077500 399.5
1077510 399.6
1077520 399.6
1077530 399.5
1077540 399.5
1077550 399.5
1077560 399.5
1077570 399.5
1077580 399.5
1077590 399.4
1077600 399.4
1077610 399.5
1077620 399.5
1077630 399.4
1077640 399.4
1077650 399.4
1077660 399.4
1077670 399.5
1077680 399.5
1077690 399.7
1077700 399.7
1077710 399.7
1077720 399.8
1077730 399.8
1077740 399.8
1077750 399.8
1077760 399.9
1077770 399.9
1077780 399.9
1077790 399.9
1077800 399.9
1077810 399.9
1077820 399.9
1077830 399.9
1077840 399.9
1077850 399.9
1077860 399.9
1077870 400.0
1077880 400.0
1077890 400.0
1077900 400.0
1077910 400.2
1077920 400.2
1077930 400.1
1077940 399.7
1077950 399.7
1077960 399.7
1077970 399.7
1077980 399.6
1077990 399.6
1078000 399.4
1078010 399.6
1078020 399.6
1078030 399.9
1078040 399.7
1078050 399.7
1078060 399.7
1078070 399.8
1078080 399.8
1078090 399.8
1078100 399.8
1078110 399.8
1078120 399.8
1078130 399.8
1078140 399.8
1078150 399.9
1078160 399.9
1078170 399.9
1078180 400.0
1078190 400.2
1078200 400.2
1078210 400.4
1078220 400.0
1078230 400.0
1078240 400.0
1078250 399.9
1078260 399.9
1078270 399.9
1078280 399.9
1078290 399.8
1078300 399.8
1078310 399.8
1078320 399.8
1078330 399.8
1078340 399.8
1078350 399.7
1078360 399.7
1078370 399.6
1078380 399.7
1078390 399.7
1078400 399.8
1078410 399.9
1078420 399.9
1078430 399.9
1078440 399.9
1078450 399.9
1078460 400.0
1078470 399.9
1078480 399.9
1078490 399.8
1078500 399.8
1078510 399.8
1078520 399.9
1078530 399.8
1078540 399.8
1078550 399.8
1078560 399.8
1078570 399.8
1078580 399.9
1078590 399.8
1078600 399.8
1078610 399.8
1078620 399.8
1078630 399.9
1078640 399.9
1078650 400.0
1078660 400.0
1078670 400.0
1078680 399.9
1078690 400.0
1078700 400.0
1078710 400.0
1078720 400.0
1078730 400.0
1078740 400.1
1078750 400.3
1078760 400.3
1078770 400.3
1078780 400.3
1078790 400.3
1078800 400.4
1078810 400.3
1078820 400.3
1078830 400.2
1078840 400.2
1078850 400.2
1078860 400.2
1078870 400.2
1078880 400.2
1078890 400.2
1078900 400.3
1078910 400.3
1078920 400.5
1078930 400.6
1078940 400.5
1078950 400.5
1078960 400.4
1078970 400.4
1078980 400.4
1078990 400.5
1079000 400.5
1079010 400.5
1079020 400.6
1079030 401.0
1079040 401.0
1079050 401.3
1079060 401.0
1079070 401.0
1079080 400.9
1079090 401.0
1079100 401.0
1079110 401.2
1079120 401.2
1079130 401.2
1079140 401.3
1079150 401.5
1079160 401.5
1079170 401.2
1079180 401.0
1079190 401.0
1079200 400.9
1079210 400.9
1079220 400.9
1079230 400.9
1079240 400.9
1079250 400.9
1079260 400.9
1079270 400.9
1079280 401.0
1079290 401.0
1079300 401.0
1079310 400.9
1079320 400.9
1079330 400.9
1079340 400.9
1079350 400.9
1079360 401.0
1079370 400.9
1079380 400.9
1079390 400.9
1079400 400.9
1079410 400.9
1079420 400.9
1079430 401.4
1079440 401.4
1079450 403.1
1079460 404.6
1079470 404.6
1079480 402.1
1079490 400.4
1079500 400.4
1079510 401.4
1079520 401.9
1079530 401.9
1079540 402.1
1079550 402.3
1079560 402.3
1079570 402.4
1079580 402.4
1079590 402.4
1079600 402.3
1079610 402.3
1079620 402.3
1079630 402.3
1079640 402.5
1079650 402.6
1079660 402.6
1079670 402.6
1079680 402.7
1079690 402.7
1079700 402.7
1079710 402.7
1079720 402.7
1079730 402.7
1079740 402.6
1079750 402.6
1079760 402.7
1079770 402.8
1079780 402.8
1079790 402.8
1079800 403.0
1079810 403.0
1079820 403.0
1079830 403.1
1079840 403.1
1079850 403.2
1079860 403.2
1079870 403.2
1079880 403.2
1079890 403.3
1079900 403.3
1079910 403.3
1079920 403.3
1079930 403.3
1079940 403.3
1079950 403.3
1079960 403.3
1079970 403.3
1079980 403.3
1079990 403.2
