1073500 434.1
1073510 434.1
1073520 433.8
1073530 432.9
1073540 432.9
1073550 430.9
1073560 428.7
1073570 428.7
1073580 426.8
1073590 424.7
1073600 422.3
1073610 422.3
1073620 420.3
1073630 418.2
1073640 418.2
1073650 415.9
1073660 413.1
1073670 413.1
1073680 406.0
1073690 405.7
1073700 405.7
1073710 405.4
1073720 404.7
1073730 404.7
1073740 403.1
1073750 400.8
1073760 400.8
1073770 398.9
1073780 399.5
1073790 399.5
1073800 401.8
1073810 405.3
1073820 405.3
1073830 406.7
1073840 407.7
1073850 407.7
1073860 408.8
1073870 408.9
1073880 408.9
1073890 407.2
1073900 404.0
1073910 404.0
1073920 402.9
1073930 402.8
1073940 402.7
1073950 402.7
1073960 402.6
1073970 402.7
1073980 402.7
1073990 404.5
1074000 405.2
1074010 405.2
1074020 403.5
1074030 401.5
1074040 401.5
1074050 400.5
1074060 400.4
1074070 400.4
1074080 400.4
1074090 400.4
1074100 400.4
1074110 400.4
1074120 400.4
1074130 400.4
1074140 400.3
1074150 400.5
1074160 400.5
1074170 401.6
1074180 404.8
1074190 404.8
1074200 405.5
1074210 404.7
1074220 404.7
1074230 403.4
1074240 403.3
1074250 403.3
1074260 403.4
1074270 403.6
1074280 403.6
1074290 403.6
1074300 403.8
1074310 404.5
1074320 404.5
1074330 406.6
1074340 407.6
1074350 407.6
1074360 405.8
1074370 404.1
1074380 404.1
1074390 403.9
1074400 403.9
1074410 403.9
1074420 403.8
1074430 403.8
1074440 403.8
1074450 403.9
1074460 404.0
1074470 404.0
1074480 403.7
1074490 403.6
1074500 403.6
1074510 403.6
1074520 403.4
1074530 403.4
1074540 403.4
1074550 403.6
1074560 403.6
1074570 403.4
1074580 403.2
1074590 403.2
1074600 403.2
1074610 402.9
1074620 403.2
1074630 403.2
1074640 403.9
1074650 403.2
1074660 403.2
1074670 402.6
1074680 402.3
1074690 402.3
1074700 402.5
1074710 402.5
1074720 402.5
1074730 402.2
1074740 402.0
1074750 402.0
1074760 402.0
1074770 402.0
1074780 402.0
1074790 402.7
1074800 403.0
1074810 403.0
1074820 402.7
1074830 402.5
1074840 402.5
1074850 402.5
1074860 402.3
1074870 402.3
1074880 402.0
1074890 402.0
1074900 402.0
1074910 402.0
1074920 401.8
1074930 401.8
1074940 401.8
1074950 401.8
1074960 401.9
1074970 401.9
1074980 401.9
1074990 401.8
1075000 401.8
1075010 401.7
1075020 401.6
1075030 401.6
1075040 401.6
1075050 401.7
1075060 401.7
1075070 401.9
1075080 402.0
1075090 402.0
1075100 402.5
1075110 403.0
1075120 403.0
1075130 403.0
1075140 403.0
1075150 403.0
1075160 402.9
1075170 402.9
1075180 402.9
1075190 402.8
1075200 402.7
1075210 402.7
1075220 402.8
1075230 402.8
1075240 402.8
1075250 402.7
1075260 402.8
1075270 402.7
1075280 402.7
1075290 402.4
1075300 402.5
1075310 402.5
1075320 402.5
1075330 402.5
1075340 402.5
1075350 402.5
1075360 402.6
1075370 402.6
1075380 402.6
1075390 402.5
1075400 402.5
1075410 402.4
1075420 402.5
1075430 402.5
1075440 402.7
1075450 402.6
1075460 402.6
1075470 402.5
1075480 402.6
1075490 402.6
1075500 402.5
1075510 402.3
1075520 402.3
1075530 402.1
1075540 402.1
1075550 402.2
1075560 402.3
1075570 402.4
1075580 402.4
1075590 402.2
1075600 402.2
1075610 402.4
1075620 402.4
1075630 402.5
1075640 402.4
1075650 402.4
1075660 402.4
1075670 402.3
1075680 402.3
1075690 402.3
1075700 402.6
1075710 402.6
1075720 402.7
1075730 402.7
1075740 402.7
1075750 402.5
1075760 402.5
1075770 402.5
1075780 402.5
1075790 402.6
1075800 402.6
1075810 402.5
1075820 402.4
1075830 402.4
1075840 402.3
1075850 402.2
1075860 402.0
1075870 401.9
1075880 401.9
1075890 401.9
1075900 401.9
1075910 402.2
1075920 402.2
1075930 402.2
1075940 402.3
1075950 402.4
1075960 402.4
1075970 402.3
1075980 402.3
1075990 402.3
1076000 402.0
1076010 401.9
1076020 401.9
1076030 401.8
1076040 401.8
1076050 401.8
1076060 401.8
1076070 401.8
1076080 401.8
1076090 401.9
1076100 401.9
1076110 401.9
1076120 402.0
1076130 402.0
1076140 402.0
1076150 402.0
1076160 401.8
1076170 401.8
1076180 401.6
1076190 401.6
1076200 401.6
1076210 401.6
1076220 401.6
1076230 401.6
1076240 401.7
1076250 401.7
1076260 401.7
1076270 401.6
1076280 401.6
1076290 401.5
1076300 401.5
1076310 401.3
1076320 400.7
1076330 400.7
1076340 401.2
1076350 401.8
1076360 401.8
1076370 402.1
1076380 402.2
1076390 402.2
1076400 402.4
1076410 402.5
1076420 402.5
1076430 401.9
1076440 401.7
1076450 401.7
1076460 401.5
1076470 401.6
1076480 401.6
1076490 401.5
1076500 401.5
1076510 401.5
1076520 401.5
1076530 401.4
1076540 401.4
1076550 401.3
1076560 401.2
1076570 401.2
1076580 401.1
1076590 401.2
1076600 401.2
1076610 401.3
1076620 401.4
1076630 401.5
1076640 401.5
1076650 401.6
1076660 401.7
1076670 401.7
1076680 401.6
1076690 401.4
1076700 401.4
1076710 401.3
1076720 401.3
1076730 401.3
1076740 401.1
1076750 401.1
1076760 401.1
1076770 401.0
1076780 401.0
1076790 401.0
1076800 400.9
1076810 401.0
1076820 401.0
1076830 400.9
1076840 400.7
1076850 400.7
1076860 401.0
1076870 400.9
1076880 400.9
1076890 400.7
1076900 400.7
1076910 400.7
1076920 400.7
1076930 400.7
1076940 400.7
1076950 400.8
1076960 400.7
1076970 400.6
1076980 400.6
1076990 400.5
1077000 400.6
1077010 400.6
1077020 400.7
1077030 400.9
1077040 400.9
1077050 400.8
1077060 400.7
1077070 400.7
1077080 400.7
1077090 400.7
1077100 400.7
1077110 400.5
1077120 400.5
1077130 400.5
1077140 400.4
1077150 400.4
1077160 400.4
1077170 400.4
1077180 400.4
1077190 400.4
1077200 400.3
1077210 400.2
1077220 400.2
1077230 400.2
1077240 400.3
1077250 400.3
1077260 400.4
1077270 400.3
1077280 400.3
1077290 400.2
1077300 400.1
1077310 399.8
1077320 399.8
1077330 400.2
1077340 400.4
1077350 400.4
1077360 400.4
1077370 400.4
1077380 400.4
1077390 400.5
1077400 400.5
1077410 400.5
1077420 400.5
1077430 400.8
1077440 400.8
1077450 400.6
1077460 400.3
1077470 400.3
1077480 400.3
1077490 400.3
1077500 400.3
1077510 400.2
1077520 400.2
1077530 400.2
1077540 400.1
1077550 400.0
1077560 400.0
1077570 400.1
1077580 400.1
1077590 400.1
1077600 400.2
1077610 400.2
1077620 400.2
1077630 400.2
1077640 400.1
1077650 399.8
1077660 399.8
1077670 399.6
1077680 399.9
1077690 399.9
1077700 400.0
1077710 400.0
1077720 400.0
1077730 400.1
1077740 400.1
1077750 400.1
1077760 400.1
1077770 400.1
1077780 400.1
1077790 400.3
1077800 400.3
1077810 400.3
1077820 400.4
1077830 400.4
1077840 400.4
1077850 400.4
1077860 400.4
1077870 400.4
1077880 400.5
1077890 400.1
1077900 400.1
1077910 400.0
1077920 400.1
1077930 400.1
1077940 400.1
1077950 400.0
1077960 399.9
1077970 399.9
1077980 399.9
1077990 399.7
1078000 399.7
1078010 399.5
1078020 399.6
1078030 399.6
1078040 399.6
1078050 399.8
1078060 399.8
1078070 399.9
1078080 399.9
1078090 399.9
1078100 400.0
1078110 400.0
1078120 400.0
1078130 400.0
1078140 400.1
1078150 400.1
1078160 400.2
1078170 400.2
1078180 400.2
1078190 400.3
1078200 400.5
1078210 400.5
1078220 400.8
1078230 400.3
1078240 400.3
1078250 400.2
1078260 400.2
1078270 400.2
1078280 400.2
1078290 400.2
1078300 400.0
1078310 400.0
1078320 400.0
1078330 400.1
1078340 400.1
1078350 400.1
1078360 400.1
1078370 399.9
1078380 399.9
1078390 399.8
1078400 399.8
1078410 399.9
1078420 400.2
1078430 400.2
1078440 400.2
1078450 400.4
1078460 400.4
1078470 400.4
1078480 400.3
1078490 400.3
1078500 400.2
1078510 400.2
1078520 400.2
1078530 400.2
1078540 400.2
1078550 400.2
1078560 400.2
1078570 400.2
1078580 400.2
1078590 400.3
1078600 400.3
1078610 400.3
1078620 400.3
1078630 400.3
1078640 400.4
1078650 400.4
1078660 400.4
1078670 400.4
1078680 400.4
1078690 400.6
1078700 400.6
1078710 400.6
1078720 400.6
1078730 400.7
1078740 400.7
1078750 400.7
1078760 400.9
1078770 400.9
1078780 401.1
1078790 401.0
1078800 401.0
1078810 401.0
1078820 400.9
1078830 400.9
1078840 400.7
1078850 400.8
1078860 400.8
1078870 401.0
1078880 401.1
1078890 401.1
1078900 401.2
1078910 401.4
1078920 401.4
1078930 401.0
1078940 400.9
1078950 400.9
1078960 401.0
1078970 401.1
1078980 401.1
1078990 401.1
1079000 401.2
1079010 401.2
1079020 401.2
1079030 401.3
1079040 401.2
1079050 401.2
1079060 401.1
1079070 401.1
1079080 401.1
1079090 401.1
1079100 401.1
1079110 401.1
1079120 401.2
1079130 401.5
1079140 401.5
1079150 401.4
1079160 401.1
1079170 401.1
1079180 400.8
1079190 400.8
1079200 400.8
1079210 400.8
1079220 400.8
1079230 400.8
1079240 400.7
1079250 400.7
1079260 400.7
1079270 400.7
1079280 400.6
1079290 400.6
1079300 400.6
1079310 400.8
1079320 400.7
1079330 400.7
1079340 400.7
1079350 400.7
1079360 400.7
1079370 400.8
1079380 400.8
1079390 400.8
1079400 400.8
1079410 400.8
1079420 400.8
1079430 400.9
1079440 402.0
1079450 402.0
1079460 404.1
1079470 403.3
1079480 403.3
1079490 400.7
1079500 401.2
1079510 401.2
1079520 401.8
1079530 402.2
1079540 402.2
1079550 402.3
1079560 402.3
1079570 402.3
1079580 402.4
1079590 402.4
1079600 402.4
1079610 402.5
1079620 402.7
1079630 402.5
1079640 402.6
1079650 402.8
1079660 402.8
1079670 402.8
1079680 402.9
1079690 402.9
1079700 402.9
1079710 402.7
1079720 402.6
1079730 402.6
1079740 402.5
1079750 402.5
1079760 402.5
1079770 402.6
1079780 402.6
1079790 402.6
1079800 402.6
1079810 402.7
1079820 402.7
1079830 402.8
1079840 402.8
1079850 402.8
1079860 402.8
1079870 403.1
1079880 403.1
1079890 403.2
1079900 403.4
1079910 403.4
1079920 403.4
1079930 403.4
1079940 403.4
1079950 403.4
1079960 403.4
1079970 403.5
1079980 403.5
1079990 403.5
