1074480 401.7
1074490 401.7
1074500 401.4
1074510 401.6
1074520 401.6
1074530 401.5
1074540 401.5
1074550 401.8
1074560 401.8
1074570 401.8
1074580 401.4
1074590 401.4
1074600 401.2
1074610 401.5
1074620 401.5
1074630 401.6
1074640 401.7
1074650 401.7
1074660 401.1
1074670 401.1
1074680 401.1
1074690 401.4
1074700 402.0
1074710 402.0
1074720 403.1
1074730 404.3
1074740 404.3
1074750 405.5
1074760 404.1
1074770 404.1
1074780 401.0
1074790 398.3
1074800 398.3
1074810 400.0
1074820 404.2
1074830 404.2
1074840 406.3
1074850 406.5
1074860 406.5
1074870 406.6
1074880 407.2
1074890 405.7
1074900 405.7
1074910 404.2
1074920 403.3
1074930 403.3
1074940 403.6
1074950 402.6
1074960 402.6
1074970 401.8
1074980 401.5
1074990 401.5
1075000 401.5
1075010 401.3
1075020 401.3
1075030 400.9
1075040 400.8
1075050 400.8
1075060 401.8
1075070 402.1
1075080 402.1
1075090 401.6
1075100 402.7
1075110 402.7
1075120 404.2
1075130 403.7
1075140 403.7
1075150 401.0
1075160 399.4
1075170 399.4
1075180 399.1
1075190 399.2
1075200 399.2
1075210 399.2
1075220 399.2
1075230 399.2
1075240 399.2
1075250 399.4
1075260 399.9
1075270 399.9
1075280 400.6
1075290 403.0
1075300 403.0
1075310 402.9
1075320 402.2
1075330 402.2
1075340 402.1
1075350 402.1
1075360 402.1
1075370 402.1
1075380 402.3
1075390 402.3
1075400 402.8
1075410 403.3
1075420 403.3
1075430 404.4
1075440 406.1
1075450 406.1
1075460 405.9
1075470 404.0
1075480 404.0
1075490 403.7
1075500 403.8
1075510 403.8
1075520 403.8
1075530 403.9
1075540 403.9
1075550 403.9
1075560 403.7
1075570 403.0
1075580 403.0
1075590 402.9
1075600 402.5
1075610 402.5
1075620 402.4
1075630 402.1
1075640 402.1
1075650 402.2
1075660 402.1
1075670 402.1
1075680 402.0
1075690 402.0
1075700 402.0
1075710 402.0
1075720 402.0
1075730 402.0
1075740 402.0
1075750 402.1
1075760 402.1
1075770 402.1
1075780 402.2
1075790 402.2
1075800 402.3
1075810 402.5
1075820 402.5
1075830 402.8
1075840 403.2
1075850 403.2
1075860 403.2
1075870 403.2
1075880 403.2
1075890 402.5
1075900 401.6
1075910 401.6
1075920 401.6
1075930 401.3
1075940 401.4
1075950 401.4
1075960 401.3
1075970 401.4
1075980 401.4
1075990 401.6
1076000 401.7
1076010 401.7
1076020 402.1
1076030 402.6
1076040 402.6
1076050 402.6
1076060 401.7
1076070 401.7
1076080 401.5
1076090 401.6
1076100 401.6
1076110 401.5
1076120 401.4
1076130 401.4
1076140 400.9
1076150 400.4
1076160 400.4
1076170 400.8
1076180 400.9
1076190 400.9
1076200 401.0
1076210 400.9
1076220 400.9
1076230 400.9
1076240 400.8
1076250 400.7
1076260 400.7
1076270 400.7
1076280 400.6
1076290 400.6
1076300 400.6
1076310 400.5
1076320 400.5
1076330 400.4
1076340 400.4
1076350 400.4
1076360 400.3
1076370 400.3
1076380 400.3
1076390 400.3
1076400 400.3
1076410 400.3
1076420 400.3
1076430 400.4
1076440 400.4
1076450 400.1
1076460 400.0
1076470 400.0
1076480 399.9
1076490 399.9
1076500 399.9
1076510 400.0
1076520 400.0
1076530 400.0
1076540 399.9
1076550 399.8
1076560 399.9
1076570 399.3
1076580 399.4
1076590 399.8
1076600 399.8
1076610 399.9
1076620 399.9
1076630 399.9
1076640 399.8
1076650 399.7
1076660 399.7
1076670 399.7
1076680 399.7
1076690 399.7
1076700 399.7
1076710 399.7
1076720 399.7
1076730 399.7
1076740 399.7
1076750 399.7
1076760 399.7
1076770 399.7
1076780 399.7
1076790 399.7
1076800 399.6
1076810 399.6
1076820 399.6
1076830 399.9
1076840 399.9
1076850 400.4
1076860 399.8
1076870 400.0
1076880 399.6
1076890 399.5
1076900 399.5
1076910 399.5
1076920 399.5
1076930 399.5
1076940 399.5
1076950 399.5
1076960 399.5
1076970 399.5
1076980 399.4
1076990 399.4
1077000 399.4
1077010 399.4
1077020 399.4
1077030 399.4
1077040 399.3
1077050 399.3
1077060 399.3
1077070 399.3
1077080 399.2
1077090 399.2
1077100 399.2
1077110 399.3
1077120 399.3
1077130 399.2
1077140 399.2
1077150 399.2
1077160 399.3
1077170 399.3
1077180 399.3
1077190 399.3
1077200 399.3
1077210 399.3
1077220 399.2
1077230 399.3
1077240 399.3
1077250 399.3
1077260 399.2
1077270 399.3
1077280 399.3
1077290 399.3
1077300 399.4
1077310 399.4
1077320 399.4
1077330 399.3
1077340 399.3
1077350 399.2
1077360 399.3
1077370 399.3
1077380 399.4
1077390 399.3
1077400 399.3
1077410 399.3
1077420 399.4
1077430 399.4
1077440 399.4
1077450 399.4
1077460 399.4
1077470 399.5
1077480 399.4
1077490 399.4
1077500 399.4
1077510 399.4
1077520 399.4
1077530 399.3
1077540 399.5
1077550 399.5
1077560 399.4
1077570 399.4
1077580 399.4
1077590 399.4
1077600 399.4
1077610 399.4
1077620 399.4
1077630 399.4
1077640 399.4
1077650 399.4
1077660 399.4
1077670 399.4
1077680 399.4
1077690 399.4
1077700 399.4
1077710 399.4
1077720 399.3
1077730 399.2
1077740 399.2
1077750 399.2
1077760 399.2
1077770 399.2
1077780 399.2
1077790 399.2
1077800 399.2
1077810 399.3
1077820 399.3
1077830 399.3
1077840 399.4
1077850 399.5
1077860 399.5
1077870 399.7
1077880 399.7
1077890 399.7
1077900 399.7
1077910 399.8
1077920 399.8
1077930 400.0
1077940 400.1
1077950 400.1
1077960 400.1
1077970 400.2
1077980 400.2
1077990 400.2
1078000 400.1
1078010 400.1
1078020 400.1
1078030 399.9
1078040 399.8
1078050 399.8
1078060 399.6
1078070 399.6
1078080 399.6
1078090 399.5
1078100 399.4
1078110 399.4
1078120 399.3
1078130 399.2
1078140 399.2
1078150 399.2
1078160 399.3
1078170 399.3
1078180 399.3
1078190 399.2
1078200 399.2
1078210 399.2
1078220 399.2
1078230 399.2
1078240 399.2
1078250 399.2
1078260 399.2
1078270 399.3
1078280 399.3
1078290 399.3
1078300 399.3
1078310 399.2
1078320 399.2
1078330 399.2
1078340 399.2
1078350 399.2
1078360 399.2
1078370 399.3
1078380 399.3
1078390 399.3
1078400 399.3
1078410 399.6
1078420 399.6
1078430 399.6
1078440 399.5
1078450 399.5
1078460 399.5
1078470 399.5
1078480 399.5
1078490 399.4
1078500 399.8
1078510 399.8
1078520 399.9
1078530 399.5
1078540 399.5
1078550 399.2
1078560 399.2
1078570 399.2
1078580 399.1
1078590 399.0
1078600 399.0
1078610 399.0
1078620 399.1
1078630 399.0
1078640 399.0
1078650 399.1
1078660 399.1
1078670 399.1
1078680 399.1
1078690 399.1
1078700 399.1
1078710 399.0
1078720 399.0
1078730 399.0
1078740 398.9
1078750 398.9
1078760 399.0
1078770 399.0
1078780 399.1
1078790 399.1
1078800 399.2
1078810 399.2
1078820 399.2
1078830 399.2
1078840 399.2
1078850 399.2
1078860 399.2
1078870 399.2
1078880 399.2
1078890 399.1
1078900 399.1
1078910 399.1
1078920 399.1
1078930 399.0
1078940 399.0
1078950 399.0
1078960 399.0
1078970 399.0
1078980 399.0
1078990 399.1
1079000 399.0
1079010 399.0
1079020 398.9
1079030 399.0
1079040 399.0
1079050 399.2
1079060 399.3
1079070 399.1
1079080 399.2
1079090 399.3
1079100 399.3
1079110 399.3
1079120 399.4
1079130 399.4
1079140 399.5
1079150 399.5
1079160 399.5
1079170 399.5
1079180 399.6
1079190 399.6
1079200 399.6
1079210 399.6
1079220 399.6
1079230 399.7
1079240 399.7
1079250 399.7
1079260 399.8
1079270 399.8
1079280 399.8
1079290 399.9
1079300 399.9
1079310 400.0
1079320 400.0
1079330 400.2
1079340 400.9
1079350 400.9
1079360 402.2
1079370 403.9
1079380 403.9
1079390 403.3
1079400 400.6
1079410 400.6
1079420 400.5
1079430 401.1
1079440 401.1
1079450 401.5
1079460 401.8
1079470 401.8
1079480 402.0
1079490 402.3
1079500 402.3
1079510 402.6
1079520 402.6
1079530 402.6
1079540 402.7
1079550 402.8
1079560 402.8
1079570 402.7
1079580 402.3
1079590 402.3
1079600 402.6
1079610 404.1
1079620 404.1
1079630 403.5
1079640 402.5
1079650 402.4
1079660 402.4
1079670 401.4
1079680 399.6
1079690 399.6
1079700 399.6
1079710 400.2
1079720 400.2
1079730 401.5
1079740 402.1
1079750 402.1
1079760 403.5
1079770 404.7
1079780 404.7
1079790 404.9
1079800 404.8
1079810 404.8
1079820 404.8
1079830 404.5
1079840 404.5
1079850 404.0
1079860 403.7
1079870 403.7
1079880 404.0
1079890 404.1
1079900 404.1
1079910 403.6
1079920 403.3
1079930 403.3
1079940 403.1
1079950 403.1
1079960 403.1
1079970 403.2
1079980 403.2
1079990 403.2
