1074160 402.8
1074170 402.8
1074180 402.7
1074190 402.5
1074200 402.5
1074210 402.3
1074220 402.1
1074230 402.1
1074240 402.2
1074250 402.8
1074260 402.8
1074270 402.6
1074280 402.3
1074290 402.3
1074300 402.3
1074310 403.8
1074320 403.8
1074330 403.1
1074340 402.2
1074350 402.2
1074360 402.4
1074370 402.4
1074380 402.4
1074390 402.6
1074400 404.1
1074410 404.1
1074420 404.9
1074430 404.5
1074440 402.7
1074450 402.7
1074460 401.0
1074470 399.0
1074480 399.0
1074490 399.1
1074500 401.1
1074510 401.1
1074520 403.5
1074530 406.5
1074540 406.5
1074550 407.5
1074560 406.2
1074570 403.1
1074580 402.2
1074590 402.0
1074600 402.0
1074610 401.9
1074620 401.8
1074630 401.8
1074640 401.8
1074650 403.4
1074660 403.4
1074670 404.5
1074680 403.1
1074690 403.1
1074700 400.8
1074710 399.5
1074720 399.5
1074730 399.4
1074740 399.4
1074750 399.4
1074760 399.4
1074770 399.4
1074780 399.4
1074790 399.4
1074800 399.4
1074810 399.8
1074820 399.8
1074830 401.6
1074840 403.9
1074850 403.9
1074860 404.1
1074870 402.8
1074880 402.6
1074890 402.7
1074900 402.9
1074910 402.9
1074920 403.0
1074930 403.1
1074940 403.1
1074950 403.5
1074960 404.4
1074970 404.4
1074980 405.7
1074990 407.3
1075000 407.3
1075010 406.3
1075020 404.2
1075030 404.2
1075040 404.0
1075050 403.9
1075060 403.9
1075070 403.4
1075080 403.1
1075090 403.1
1075100 403.0
1075110 403.0
1075120 403.0
1075130 403.0
1075140 402.9
1075150 403.0
1075160 403.0
1075170 403.2
1075180 403.2
1075190 403.3
1075200 402.9
1075210 402.9
1075220 402.9
1075230 403.0
1075240 403.2
1075250 403.2
1075260 403.2
1075270 403.0
1075280 403.0
1075290 403.0
1075300 403.1
1075310 403.1
1075320 403.1
1075330 402.8
1075340 402.8
1075350 402.7
1075360 402.5
1075370 402.5
1075380 402.7
1075390 402.4
1075400 402.4
1075410 402.2
1075420 402.5
1075430 402.6
1075440 402.6
1075450 402.8
1075460 402.6
1075470 402.6
1075480 402.5
1075490 402.8
1075500 402.8
1075510 403.5
1075520 402.8
1075530 402.8
1075540 402.4
1075550 402.4
1075560 402.4
1075570 402.2
1075580 402.1
1075590 402.1
1075600 402.2
1075610 403.0
1075620 403.0
1075630 404.2
1075640 402.9
1075650 402.9
1075660 402.0
1075670 401.9
1075680 401.9
1075690 401.9
1075700 401.8
1075710 401.8
1075720 401.8
1075730 401.8
1075740 401.8
1075750 401.8
1075760 401.9
1075770 402.0
1075780 402.0
1075790 402.1
1075800 402.0
1075810 402.0
1075820 401.5
1075830 401.6
1075840 401.6
1075850 401.7
1075860 401.8
1075870 401.8
1075880 401.9
1075890 401.9
1075900 401.9
1075910 402.0
1075920 401.9
1075930 401.9
1075940 402.0
1075950 402.1
1075960 402.1
1075970 402.2
1075980 402.2
1075990 402.2
1076000 402.0
1076010 401.8
1076020 401.8
1076030 401.9
1076040 402.0
1076050 402.0
1076060 401.9
1076070 401.6
1076080 401.6
1076090 401.6
1076100 401.5
1076110 401.5
1076120 401.5
1076130 401.6
1076140 401.7
1076150 401.7
1076160 401.5
1076170 401.5
1076180 401.5
1076190 401.5
1076200 401.5
1076210 401.5
1076220 401.5
1076230 401.5
1076240 401.5
1076250 401.3
1076260 401.3
1076270 401.3
1076280 401.4
1076290 401.5
1076300 401.5
1076310 401.6
1076320 401.5
1076330 401.5
1076340 401.4
1076350 401.4
1076360 401.4
1076370 401.4
1076380 401.4
1076390 401.4
1076400 401.4
1076410 401.3
1076420 401.3
1076430 401.1
1076440 401.1
1076450 401.2
1076460 401.2
1076470 401.0
1076480 401.0
1076490 401.0
1076500 401.0
1076510 401.0
1076520 401.0
1076530 400.9
1076540 400.9
1076550 400.9
1076560 400.9
1076570 400.9
1076580 400.9
1076590 400.9
1076600 400.9
1076610 400.9
1076620 400.7
1076630 400.4
1076640 400.4
1076650 400.6
1076660 400.3
1076670 400.3
1076680 400.4
1076690 400.5
1076700 400.5
1076710 400.4
1076720 400.5
1076730 400.5
1076740 400.6
1076750 400.4
1076760 400.2
1076770 400.1
1076780 400.4
1076790 400.5
1076800 400.5
1076810 400.4
1076820 400.2
1076830 400.2
1076840 400.3
1076850 401.0
1076860 401.0
1076870 400.4
1076880 400.1
1076890 400.1
1076900 400.4
1076910 400.4
1076920 400.4
1076930 400.0
1076940 399.8
1076950 399.8
1076960 399.8
1076970 399.7
1076980 399.7
1076990 399.7
1077000 399.7
1077010 399.7
1077020 399.6
1077030 399.6
1077040 399.6
1077050 399.6
1077060 399.6
1077070 399.6
1077080 399.6
1077090 399.6
1077100 399.6
1077110 399.6
1077120 399.6
1077130 399.6
1077140 399.6
1077150 399.5
1077160 399.6
1077170 399.6
1077180 399.5
1077190 399.6
1077200 399.6
1077210 399.6
1077220 399.6
1077230 399.6
1077240 399.6
1077250 399.6
1077260 399.6
1077270 399.6
1077280 399.5
1077290 399.5
1077300 399.5
1077310 399.5
1077320 399.5
1077330 399.5
1077340 399.5
1077350 399.5
1077360 399.5
1077370 399.5
1077380 399.5
1077390 399.5
1077400 399.5
1077410 399.5
1077420 399.6
1077430 399.6
1077440 399.6
1077450 399.6
1077460 399.7
1077470 399.6
1077480 399.6
1077490 399.6
1077500 399.6
1077510 399.6
1077520 399.6
1077530 399.6
1077540 399.6
1077550 399.5
1077560 399.5
1077570 399.5
1077580 399.5
1077590 399.5
1077600 399.5
1077610 399.5
1077620 399.6
1077630 399.6
1077640 399.5
1077650 399.5
1077660 399.5
1077670 399.5
1077680 399.5
1077690 399.5
1077700 399.5
1077710 399.5
1077720 399.5
1077730 399.4
1077740 399.3
1077750 399.3
1077760 399.3
1077770 399.4
1077780 399.4
1077790 399.4
1077800 399.5
1077810 399.6
1077820 399.6
1077830 399.6
1077840 399.6
1077850 399.6
1077860 399.7
1077870 399.6
1077880 399.6
1077890 399.5
1077900 399.5
1077910 399.5
1077920 399.6
1077930 399.5
1077940 399.5
1077950 399.5
1077960 399.6
1077970 399.6
1077980 399.6
1077990 399.6
1078000 399.6
1078010 399.6
1078020 399.7
1078030 399.7
1078040 399.7
1078050 399.8
1078060 399.8
1078070 399.8
1078080 400.0
1078090 400.0
1078100 400.0
1078110 400.1
1078120 400.1
1078130 400.1
1078140 400.0
1078150 400.0
1078160 400.0
1078170 400.0
1078180 400.0
1078190 400.0
1078200 399.9
1078210 399.9
1078220 399.9
1078230 399.9
1078240 399.8
1078250 399.8
1078260 399.8
1078270 399.8
1078280 399.8
1078290 399.8
1078300 399.9
1078310 399.9
1078320 399.9
1078330 399.9
1078340 399.9
1078350 399.9
1078360 399.9
1078370 399.9
1078380 399.8
1078390 399.8
1078400 399.8
1078410 399.8
1078420 399.8
1078430 399.8
1078440 399.9
1078450 400.0
1078460 400.0
1078470 400.0
1078480 400.0
1078490 400.1
1078500 400.1
1078510 400.1
1078520 400.2
1078530 400.2
1078540 400.2
1078550 400.1
1078560 400.1
1078570 400.1
1078580 400.0
1078590 400.0
1078600 400.0
1078610 400.1
1078620 400.1
1078630 400.2
1078640 400.1
1078650 400.1
1078660 400.0
1078670 400.0
1078680 400.0
1078690 400.0
1078700 399.9
1078710 399.9
1078720 399.7
1078730 399.8
1078740 399.8
1078750 399.9
1078760 399.9
1078770 399.9
1078780 399.9
1078790 399.9
1078800 399.9
1078810 400.0
1078820 400.1
1078830 400.2
1078840 400.2
1078850 400.2
1078860 400.3
1078870 400.3
1078880 400.4
1078890 400.3
1078900 400.3
1078910 400.1
1078920 400.2
1078930 400.2
1078940 400.2
1078950 400.0
1078960 400.0
1078970 400.0
1078980 400.1
1078990 400.1
1079000 400.2
1079010 400.3
1079020 400.3
1079030 400.2
1079040 400.4
1079050 400.4
1079060 400.5
1079070 400.4
1079080 400.4
1079090 400.2
1079100 400.1
1079110 400.1
1079120 400.0
1079130 400.1
1079140 400.1
1079150 400.0
1079160 400.1
1079170 399.9
1079180 399.9
1079190 400.0
1079200 400.1
1079210 400.1
1079220 400.2
1079230 400.2
1079240 400.2
1079250 400.3
1079260 400.2
1079270 400.3
1079280 400.3
1079290 400.2
1079300 400.2
1079310 400.2
1079320 400.2
1079330 400.2
1079340 400.6
1079350 401.2
1079360 401.2
1079370 400.6
1079380 400.4
1079390 400.4
1079400 400.8
1079410 401.0
1079420 401.0
1079430 401.4
1079440 402.0
1079450 402.0
1079460 403.7
1079470 403.7
1079480 403.7
1079490 401.4
1079500 400.4
1079510 401.4
1079520 401.4
1079530 401.7
1079540 401.9
1079550 401.9
1079560 402.0
1079570 402.1
1079580 402.1
1079590 402.1
1079600 402.1
1079610 402.1
1079620 402.0
1079630 402.0
1079640 402.0
1079650 402.0
1079660 401.9
1079670 401.9
1079680 401.8
1079690 401.9
1079700 401.9
1079710 402.0
1079720 402.0
1079730 402.0
1079740 402.1
1079750 402.0
1079760 402.0
1079770 402.0
1079780 401.9
1079790 401.9
1079800 401.8
1079810 401.9
1079820 401.9
1079830 401.9
1079840 401.7
1079850 401.8
1079860 401.8
1079870 401.9
1079880 402.0
1079890 402.0
1079900 402.0
1079910 402.1
1079920 402.1
1079930 402.2
1079940 402.2
1079950 402.2
1079960 402.2
1079970 402.2
1079980 402.2
1079990 402.3
