1074360 402.1
1074370 401.9
1074380 401.9
1074390 401.8
1074400 401.9
1074410 401.9
1074420 401.9
1074430 401.7
1074440 401.7
1074450 401.7
1074460 401.7
1074470 401.7
1074480 402.8
1074490 402.7
1074500 402.7
1074510 401.7
1074520 401.4
1074530 401.4
1074540 401.5
1074550 401.7
1074560 401.7
1074570 401.9
1074580 402.0
1074590 402.0
1074600 402.4
1074610 403.1
1074620 403.1
1074630 403.7
1074640 404.0
1074650 404.0
1074660 403.4
1074670 401.7
1074680 399.2
1074690 399.2
1074700 398.8
1074710 401.8
1074720 401.8
1074730 405.0
1074740 407.2
1074750 407.2
1074760 405.3
1074770 403.0
1074780 403.0
1074790 402.0
1074800 401.9
1074810 401.9
1074820 401.8
1074830 401.7
1074840 401.7
1074850 401.6
1074860 401.5
1074870 401.5
1074880 401.7
1074890 403.5
1074900 403.5
1074910 404.3
1074920 402.4
1074930 402.4
1074940 399.3
1074950 399.3
1074960 399.3
1074970 399.2
1074980 399.2
1074990 399.2
1075000 399.2
1075010 399.2
1075020 399.4
1075030 399.4
1075040 400.4
1075050 402.3
1075060 402.3
1075070 404.2
1075080 403.9
1075090 403.9
1075100 402.7
1075110 402.4
1075120 402.4
1075130 402.4
1075140 402.5
1075150 402.5
1075160 403.5
1075170 404.7
1075180 404.7
1075190 404.4
1075200 406.0
1075210 406.0
1075220 406.8
1075230 406.8
1075240 406.8
1075250 406.5
1075260 406.4
1075270 406.4
1075280 406.5
1075290 406.6
1075300 406.6
1075310 406.1
1075320 405.7
1075330 405.5
1075340 405.5
1075350 405.1
1075360 404.0
1075370 404.0
1075380 403.2
1075390 403.0
1075400 403.0
1075410 403.2
1075420 403.7
1075430 403.7
1075440 404.0
1075450 403.9
1075460 403.9
1075470 404.1
1075480 403.7
1075490 403.7
1075500 403.2
1075510 403.0
1075520 403.0
1075530 402.9
1075540 401.6
1075550 401.6
1075560 402.0
1075570 402.2
1075580 402.2
1075590 402.2
1075600 402.1
1075610 402.1
1075620 401.7
1075630 401.7
1075640 401.7
1075650 401.7
1075660 401.7
1075670 401.8
1075680 401.8
1075690 401.9
1075700 401.9
1075710 401.9
1075720 401.6
1075730 401.6
1075740 401.6
1075750 401.6
1075760 401.6
1075770 401.6
1075780 401.6
1075790 401.4
1075800 401.4
1075810 401.1
1075820 399.0
1075830 399.0
1075840 401.6
1075850 403.0
1075860 403.0
1075870 403.4
1075880 403.5
1075890 403.5
1075900 403.0
1075910 402.2
1075920 402.2
1075930 402.1
1075940 401.7
1075950 401.7
1075960 401.5
1075970 401.8
1075980 401.8
1075990 402.2
1076000 402.1
1076010 402.0
1076020 402.0
1076030 401.9
1076040 401.4
1076050 401.4
1076060 401.3
1076070 401.4
1076080 401.4
1076090 401.5
1076100 401.6
1076110 401.6
1076120 401.5
1076130 401.5
1076140 401.5
1076150 401.4
1076160 401.2
1076170 401.2
1076180 401.1
1076190 401.2
1076200 401.2
1076210 401.3
1076220 401.2
1076230 401.2
1076240 401.1
1076250 401.1
1076260 401.1
1076270 401.0
1076280 401.1
1076290 401.1
1076300 401.0
1076310 401.1
1076320 401.1
1076330 401.1
1076340 401.1
1076350 401.0
1076360 401.0
1076370 401.0
1076380 401.0
1076390 401.0
1076400 401.1
1076410 401.0
1076420 401.0
1076430 401.1
1076440 401.0
1076450 401.0
1076460 400.9
1076470 400.6
1076480 400.6
1076490 400.7
1076500 400.5
1076510 400.5
1076520 400.4
1076530 400.4
1076540 400.4
1076550 400.4
1076560 400.4
1076570 400.4
1076580 400.4
1076590 400.4
1076600 400.4
1076610 400.3
1076620 400.3
1076630 400.3
1076640 400.7
1076650 400.1
1076660 400.1
1076670 398.7
1076680 399.7
1076690 399.7
1076700 399.7
1076710 400.1
1076720 400.4
1076730 400.4
1076740 400.2
1076750 400.3
1076760 400.3
1076770 400.3
1076780 400.2
1076790 400.2
1076800 400.2
1076810 400.1
1076820 399.8
1076830 399.8
1076840 399.7
1076850 399.7
1076860 399.8
1076870 399.7
1076880 399.7
1076890 399.7
1076900 399.6
1076910 399.6
1076920 399.5
1076930 399.5
1076940 399.5
1076950 399.5
1076960 399.4
1076970 399.4
1076980 399.6
1076990 399.5
1077000 399.5
1077010 399.6
1077020 399.5
1077030 399.5
1077040 399.5
1077050 399.6
1077060 399.6
1077070 399.6
1077080 399.6
1077090 399.6
1077100 399.6
1077110 399.6
1077120 399.6
1077130 399.6
1077140 399.5
1077150 399.4
1077160 399.4
1077170 399.4
1077180 399.4
1077190 399.4
1077200 399.4
1077210 399.4
1077220 399.4
1077230 399.4
1077240 399.4
1077250 399.4
1077260 399.4
1077270 399.4
1077280 399.4
1077290 399.4
1077300 399.5
1077310 399.5
1077320 399.5
1077330 399.5
1077340 399.5
1077350 399.5
1077360 399.4
1077370 399.4
1077380 399.4
1077390 399.4
1077400 399.4
1077410 399.4
1077420 399.4
1077430 399.4
1077440 399.4
1077450 399.4
1077460 399.3
1077470 399.3
1077480 399.3
1077490 399.3
1077500 399.3
1077510 399.3
1077520 399.4
1077530 399.4
1077540 399.4
1077550 399.4
1077560 399.4
1077570 399.3
1077580 399.3
1077590 399.3
1077600 399.4
1077610 399.3
1077620 399.3
1077630 399.3
1077640 399.2
1077650 399.2
1077660 399.3
1077670 399.3
1077680 399.3
1077690 399.3
1077700 399.3
1077710 399.2
1077720 399.2
1077730 399.3
1077740 399.2
1077750 399.2
1077760 399.2
1077770 399.2
1077780 399.2
1077790 399.2
1077800 399.3
1077810 399.3
1077820 399.5
1077830 399.8
1077840 399.8
1077850 399.9
1077860 400.0
1077870 400.0
1077880 400.0
1077890 399.9
1077900 399.9
1077910 399.9
1077920 399.7
1077930 399.7
1077940 399.7
1077950 399.8
1077960 399.8
1077970 399.8
1077980 399.7
1077990 399.7
1078000 399.5
1078010 399.3
1078020 399.3
1078030 399.1
1078040 399.1
1078050 399.1
1078060 399.1
1078070 399.1
1078080 399.1
1078090 399.1
1078100 399.2
1078110 399.2
1078120 399.2
1078130 399.2
1078140 399.2
1078150 399.2
1078160 399.2
1078170 399.3
1078180 399.3
1078190 399.2
1078200 399.2
1078210 399.2
1078220 399.2
1078230 399.2
1078240 399.2
1078250 399.2
1078260 399.2
1078270 399.2
1078280 399.2
1078290 399.2
1078300 399.2
1078310 399.3
1078320 399.3
1078330 399.3
1078340 399.3
1078350 399.5
1078360 399.5
1078370 399.6
1078380 399.7
1078390 399.7
1078400 399.7
1078410 399.8
1078420 399.8
1078430 399.8
1078440 399.8
1078450 399.8
1078460 399.8
1078470 399.8
1078480 399.8
1078490 399.8
1078500 399.6
1078510 399.5
1078520 399.5
1078530 399.5
1078540 399.5
1078550 399.5
1078560 399.5
1078570 399.4
1078580 399.4
1078590 399.5
1078600 399.6
1078610 399.6
1078620 399.6
1078630 399.6
1078640 399.6
1078650 399.7
1078660 399.7
1078670 399.7
1078680 399.8
1078690 399.8
1078700 399.8
1078710 399.8
1078720 399.8
1078730 399.9
1078740 399.9
1078750 400.0
1078760 400.0
1078770 400.0
1078780 399.8
1078790 399.6
1078800 399.6
1078810 399.7
1078820 399.7
1078830 399.7
1078840 399.7
1078850 399.8
1078860 399.8
1078870 399.9
1078880 400.0
1078890 400.0
1078900 399.9
1078910 399.9
1078920 399.9
1078930 399.9
1078940 400.0
1078950 400.0
1078960 400.0
1078970 400.0
1078980 400.0
1078990 400.1
1079000 400.1
1079010 400.2
1079020 400.1
1079030 400.1
1079040 400.1
1079050 400.1
1079060 400.1
1079070 400.1
1079080 400.1
1079090 400.0
1079100 400.0
1079110 400.0
1079120 400.1
1079130 400.1
1079140 400.1
1079150 400.1
1079160 400.1
1079170 400.1
1079180 400.1
1079190 400.2
1079200 400.2
1079210 400.2
1079220 400.3
1079230 400.3
1079240 400.3
1079250 400.3
1079260 400.3
1079270 400.4
1079280 400.3
1079290 400.3
1079300 400.4
1079310 400.5
1079320 400.5
1079330 400.4
1079340 400.6
1079350 400.6
1079360 400.8
1079370 400.9
1079380 400.9
1079390 400.9
1079400 401.0
1079410 401.1
1079420 401.1
1079430 401.5
1079440 403.7
1079450 403.7
1079460 403.3
1079470 401.0
1079480 401.0
1079490 400.2
1079500 401.1
1079510 401.1
1079520 401.7
1079530 401.8
1079540 401.8
1079550 401.8
1079560 401.8
1079570 401.8
1079580 401.7
1079590 401.7
1079600 401.7
1079610 401.9
1079620 402.0
1079630 402.0
1079640 401.8
1079650 401.8
1079660 401.8
1079670 401.8
1079680 401.8
1079690 401.8
1079700 401.8
1079710 402.0
1079720 402.0
1079730 402.2
1079740 402.0
1079750 402.0
1079760 402.0
1079770 402.1
1079780 402.1
1079790 402.1
1079800 402.1
1079810 402.1
1079820 402.1
1079830 402.1
1079840 402.1
1079850 402.1
1079860 402.1
1079870 402.0
1079880 402.0
1079890 402.0
1079900 401.8
1079910 401.8
1079920 401.9
1079930 402.4
1079940 402.4
1079950 403.1
1079960 401.9
1079970 401.9
1079980 402.1
1079990 402.5
