1074510 403.7
1074520 404.0
1074530 404.0
1074540 404.7
1074550 405.4
1074560 405.4
1074570 405.0
1074580 405.6
1074590 405.6
1074600 402.0
1074610 400.5
1074620 400.5
1074630 399.9
1074640 400.1
1074650 400.1
1074660 400.6
1074670 401.4
1074680 401.6
1074690 401.6
1074700 401.7
1074710 401.7
1074720 401.7
1074730 401.8
1074740 401.7
1074750 401.7
1074760 401.7
1074770 401.6
1074780 401.6
1074790 401.5
1074800 401.5
1074810 401.5
1074820 402.0
1074830 402.9
1074840 402.9
1074850 403.1
1074860 400.4
1074870 400.4
1074880 398.3
1074890 401.2
1074900 401.2
1074910 403.0
1074920 403.4
1074930 403.4
1074940 403.0
1074950 402.8
1074960 402.8
1074970 403.0
1074980 403.1
1074990 403.1
1075000 403.2
1075010 403.3
1075020 403.4
1075030 403.4
1075040 403.6
1075050 403.5
1075060 403.5
1075070 403.5
1075080 403.6
1075090 403.6
1075100 403.7
1075110 403.1
1075120 403.1
1075130 400.7
1075140 400.5
1075150 400.5
1075160 400.6
1075170 400.4
1075180 400.4
1075190 400.2
1075200 400.8
1075210 400.8
1075220 402.4
1075230 404.9
1075240 404.9
1075250 406.3
1075260 405.1
1075270 405.1
1075280 402.8
1075290 401.9
1075300 401.9
1075310 401.8
1075320 401.6
1075330 401.6
1075340 401.6
1075350 401.5
1075360 401.5
1075370 401.5
1075380 401.4
1075390 401.4
1075400 401.4
1075410 401.3
1075420 401.2
1075430 401.2
1075440 401.1
1075450 401.1
1075460 401.1
1075470 401.4
1075480 403.3
1075490 403.3
1075500 403.8
1075510 400.1
1075520 400.1
1075530 399.2
1075540 399.1
1075550 399.1
1075560 399.1
1075570 399.1
1075580 399.1
1075590 399.1
1075600 399.1
1075610 399.1
1075620 399.1
1075630 400.2
1075640 400.2
1075650 403.0
1075660 404.0
1075670 404.0
1075680 402.7
1075690 401.9
1075700 402.0
1075710 402.0
1075720 402.0
1075730 402.0
1075740 402.0
1075750 402.1
1075760 402.4
1075770 402.4
1075780 404.0
1075790 406.1
1075800 406.1
1075810 406.7
1075820 406.4
1075830 406.4
1075840 406.4
1075850 406.2
1075860 406.2
1075870 405.7
1075880 404.9
1075890 404.9
1075900 404.2
1075910 402.5
1075920 402.5
1075930 402.8
1075940 403.0
1075950 403.0
1075960 402.7
1075970 402.5
1075980 402.5
1075990 402.3
1076000 402.2
1076010 402.2
1076020 402.3
1076030 402.4
1076040 402.1
1076050 402.1
1076060 401.4
1076070 401.1
1076080 401.1
1076090 401.3
1076100 401.1
1076110 401.1
1076120 401.2
1076130 401.6
1076140 401.6
1076150 402.2
1076160 402.1
1076170 402.1
1076180 401.5
1076190 401.0
1076200 401.0
1076210 400.9
1076220 400.8
1076230 400.8
1076240 400.7
1076250 400.7
1076260 400.7
1076270 400.5
1076280 400.5
1076290 400.5
1076300 400.4
1076310 400.5
1076320 400.5
1076330 400.3
1076340 399.6
1076350 399.6
1076360 400.1
1076370 400.2
1076380 400.0
1076390 400.0
1076400 399.9
1076410 399.9
1076420 399.9
1076430 399.9
1076440 399.7
1076450 399.7
1076460 399.6
1076470 399.6
1076480 399.6
1076490 399.5
1076500 399.4
1076510 399.4
1076520 399.3
1076530 398.9
1076540 398.9
1076550 399.3
1076560 399.5
1076570 399.5
1076580 399.5
1076590 399.5
1076600 399.5
1076610 399.6
1076620 399.6
1076630 399.6
1076640 399.6
1076650 399.6
1076660 399.6
1076670 399.6
1076680 399.6
1076690 399.6
1076700 399.6
1076710 399.7
1076720 399.8
1076730 399.8
1076740 400.1
1076750 399.7
1076760 399.8
1076770 399.4
1076780 399.3
1076790 399.3
1076800 399.3
1076810 399.3
1076820 399.3
1076830 399.3
1076840 399.2
1076850 399.2
1076860 399.3
1076870 399.2
1076880 399.2
1076890 399.2
1076900 399.2
1076910 399.2
1076920 399.1
1076930 399.1
1076940 399.1
1076950 399.1
1076960 399.0
1076970 399.0
1076980 399.1
1076990 399.1
1077000 399.1
1077010 399.0
1077020 399.0
1077030 399.0
1077040 399.0
1077050 399.0
1077060 399.0
1077070 399.0
1077080 399.0
1077090 399.0
1077100 399.0
1077110 399.0
1077120 399.1
1077130 399.1
1077140 399.1
1077150 399.1
1077160 399.1
1077170 399.1
1077180 399.1
1077190 399.1
1077200 399.2
1077210 399.2
1077220 399.2
1077230 399.2
1077240 399.3
1077250 399.3
1077260 399.3
1077270 399.4
1077280 399.4
1077290 399.4
1077300 399.4
1077310 399.4
1077320 399.4
1077330 399.3
1077340 399.3
1077350 399.2
1077360 399.2
1077370 399.2
1077380 399.1
1077390 399.0
1077400 399.0
1077410 399.0
1077420 398.9
1077430 399.0
1077440 399.0
1077450 399.0
1077460 399.0
1077470 399.0
1077480 399.0
1077490 399.1
1077500 399.1
1077510 399.1
1077520 399.1
1077530 399.1
1077540 399.1
1077550 399.1
1077560 399.1
1077570 399.0
1077580 399.0
1077590 399.0
1077600 399.0
1077610 399.0
1077620 399.0
1077630 399.1
1077640 399.5
1077650 399.5
1077660 399.6
1077670 399.6
1077680 399.6
1077690 399.6
1077700 399.5
1077710 399.5
1077720 399.4
1077730 399.5
1077740 399.4
1077750 399.4
1077760 399.5
1077770 399.5
1077780 399.5
1077790 399.5
1077800 399.6
1077810 399.6
1077820 399.6
1077830 399.5
1077840 399.5
1077850 399.5
1077860 399.5
1077870 399.5
1077880 399.5
1077890 399.5
1077900 399.5
1077910 399.6
1077920 399.7
1077930 399.7
1077940 399.7
1077950 399.6
1077960 399.6
1077970 399.5
1077980 399.4
1077990 399.4
1078000 399.5
1078010 399.5
1078020 399.5
1078030 399.4
1078040 399.4
1078050 399.4
1078060 399.4
1078070 399.3
1078080 399.2
1078090 399.2
1078100 399.0
1078110 398.9
1078120 398.9
1078130 398.9
1078140 398.8
1078150 398.8
1078160 398.9
1078170 398.9
1078180 398.9
1078190 399.0
1078200 399.1
1078210 399.1
1078220 399.1
1078230 399.3
1078240 399.3
1078250 399.5
1078260 399.5
1078270 399.5
1078280 399.3
1078290 399.2
1078300 399.2
1078310 399.2
1078320 399.1
1078330 399.1
1078340 399.1
1078350 399.1
1078360 399.1
1078370 399.1
1078380 399.0
1078390 399.0
1078400 399.0
1078410 398.9
1078420 398.9
1078430 398.9
1078440 398.8
1078450 398.8
1078460 398.8
1078470 398.8
1078480 398.8
1078490 398.8
1078500 398.7
1078510 398.7
1078520 398.7
1078530 398.7
1078540 398.7
1078550 398.7
1078560 398.7
1078570 398.7
1078580 398.7
1078590 398.9
1078600 399.0
1078610 399.0
1078620 399.1
1078630 399.2
1078640 399.3
1078650 399.3
1078660 399.4
1078670 399.4
1078680 399.4
1078690 399.5
1078700 399.5
1078710 399.6
1078720 399.6
1078730 399.6
1078740 399.6
1078750 399.6
1078760 399.7
1078770 399.7
1078780 399.7
1078790 399.6
1078800 399.6
1078810 399.8
1078820 399.8
1078830 399.8
1078840 400.0
1078850 400.1
1078860 400.1
1078870 400.2
1078880 400.2
1078890 400.2
1078900 400.1
1078910 400.3
1078920 400.3
1078930 400.5
1078940 400.6
1078950 400.6
1078960 400.7
1078970 400.8
1078980 400.8
1078990 400.9
1079000 401.0
1079010 401.0
1079020 401.1
1079030 401.3
1079040 401.3
1079050 401.5
1079060 401.8
1079070 401.8
1079080 402.1
1079090 402.7
1079100 403.9
1079110 403.9
1079120 403.2
1079130 401.0
1079140 401.0
1079150 398.8
1079160 398.8
1079170 398.8
1079180 399.1
1079190 399.9
1079200 399.9
1079210 400.8
1079220 401.2
1079230 401.2
1079240 401.7
1079250 402.8
1079260 402.8
1079270 402.0
1079280 403.3
1079290 403.3
1079300 404.2
1079310 404.2
1079320 404.2
1079330 404.1
1079340 403.8
1079350 403.8
1079360 403.5
1079370 403.3
1079380 403.3
1079390 402.9
1079400 402.5
1079410 402.5
1079420 402.3
1079430 402.3
1079440 402.2
1079450 402.2
1079460 402.2
1079470 402.2
1079480 402.2
1079490 402.2
1079500 402.1
1079510 402.1
1079520 402.1
1079530 402.0
1079540 402.0
1079550 402.0
1079560 402.0
1079570 402.0
1079580 402.0
1079590 402.0
1079600 402.0
1079610 402.0
1079620 402.1
1079630 402.1
1079640 402.2
1079650 402.2
1079660 402.2
1079670 402.2
1079680 402.2
1079690 402.2
1079700 402.2
1079710 402.2
1079720 402.2
1079730 402.1
1079740 402.1
1079750 402.1
1079760 402.0
1079770 401.9
1079780 401.9
1079790 401.9
1079800 401.9
1079810 401.9
1079820 401.9
1079830 401.8
1079840 401.8
1079850 401.8
1079860 401.8
1079870 401.9
1079880 401.9
1079890 402.0
1079900 402.0
1079910 402.0
1079920 402.2
1079930 402.4
1079940 402.4
1079950 402.5
1079960 402.5
1079970 402.5
1079980 402.5
1079990 402.5
