1074490 404.5
1074500 404.5
1074510 403.9
1074520 402.6
1074530 401.5
1074540 401.5
1074550 401.2
1074560 401.2
1074570 401.2
1074580 400.9
1074590 400.2
1074600 400.2
1074610 400.1
1074620 400.3
1074630 400.3
1074640 400.8
1074650 401.5
1074660 401.5
1074670 401.5
1074680 401.4
1074690 401.4
1074700 401.5
1074710 401.5
1074720 401.5
1074730 401.4
1074740 401.4
1074750 401.4
1074760 401.4
1074770 401.4
1074780 401.4
1074790 401.4
1074800 401.5
1074810 401.5
1074820 401.9
1074830 402.8
1074840 402.8
1074850 402.9
1074860 400.2
1074870 398.2
1074880 398.2
1074890 401.1
1074900 402.7
1074910 402.7
1074920 402.9
1074930 403.0
1074940 403.0
1074950 402.9
1074960 402.8
1074970 402.8
1074980 402.7
1074990 402.8
1075000 402.9
1075010 403.0
1075020 403.0
1075030 403.0
1075040 403.1
1075050 403.2
1075060 403.2
1075070 403.3
1075080 403.5
1075090 403.5
1075100 403.8
1075110 402.5
1075120 402.5
1075130 398.9
1075140 398.3
1075150 398.3
1075160 398.3
1075170 398.6
1075180 398.6
1075190 400.2
1075200 400.4
1075210 400.3
1075220 400.3
1075230 400.5
1075240 400.5
1075250 400.5
1075260 400.7
1075270 401.7
1075280 401.7
1075290 403.9
1075300 406.2
1075310 405.8
1075320 403.3
1075330 402.0
1075340 402.0
1075350 401.7
1075360 401.6
1075370 401.6
1075380 401.6
1075390 401.5
1075400 401.5
1075410 401.4
1075420 401.3
1075430 401.3
1075440 401.2
1075450 401.2
1075460 401.2
1075470 401.1
1075480 401.1
1075490 401.1
1075500 401.0
1075510 401.1
1075520 401.1
1075530 403.1
1075540 403.8
1075550 401.9
1075560 401.9
1075570 399.9
1075580 399.1
1075590 399.1
1075600 399.1
1075610 399.1
1075620 399.1
1075630 399.1
1075640 399.1
1075650 399.1
1075660 399.2
1075670 400.3
1075680 400.3
1075690 403.2
1075700 403.7
1075710 403.7
1075720 402.5
1075730 401.8
1075740 401.8
1075750 401.9
1075760 401.8
1075770 401.8
1075780 401.9
1075790 402.1
1075800 402.1
1075810 402.7
1075820 404.4
1075830 404.4
1075840 406.2
1075850 406.2
1075860 406.2
1075870 405.1
1075880 404.5
1075890 403.3
1075900 403.3
1075910 401.7
1075920 401.5
1075930 401.5
1075940 400.8
1075950 400.7
1075960 400.7
1075970 400.4
1075980 400.5
1075990 400.5
1076000 401.2
1076010 401.7
1076020 401.7
1076030 401.8
1076040 401.8
1076050 401.8
1076060 401.7
1076070 401.3
1076080 401.3
1076090 400.8
1076100 400.9
1076110 400.9
1076120 401.2
1076130 401.2
1076140 401.2
1076150 401.3
1076160 401.8
1076170 401.8
1076180 401.9
1076190 401.6
1076200 401.6
1076210 401.0
1076220 400.6
1076230 400.6
1076240 400.6
1076250 400.7
1076260 400.6
1076270 400.6
1076280 400.4
1076290 400.3
1076300 400.3
1076310 400.6
1076320 400.9
1076330 400.9
1076340 401.0
1076350 400.3
1076360 400.3
1076370 399.8
1076380 400.3
1076390 400.3
1076400 400.2
1076410 400.1
1076420 400.1
1076430 400.1
1076440 400.1
1076450 400.1
1076460 399.9
1076470 399.8
1076480 399.8
1076490 399.5
1076500 398.9
1076510 398.9
1076520 399.4
1076530 399.6
1076540 399.6
1076550 399.7
1076560 399.5
1076570 399.5
1076580 399.5
1076590 399.5
1076600 399.5
1076610 399.5
1076620 399.5
1076630 399.5
1076640 399.5
1076650 399.5
1076660 399.5
1076670 399.5
1076680 399.4
1076690 399.5
1076700 399.5
1076710 399.6
1076720 400.0
1076730 400.0
1076740 399.8
1076750 399.4
1076760 399.4
1076770 399.3
1076780 399.2
1076790 399.2
1076800 399.2
1076810 399.2
1076820 399.2
1076830 399.1
1076840 399.2
1076850 399.2
1076860 399.2
1076870 399.2
1076880 399.2
1076890 399.1
1076900 399.1
1076910 399.1
1076920 399.1
1076930 399.1
1076940 399.0
1076950 399.0
1076960 398.9
1076970 399.1
1076980 399.1
1076990 399.1
1077000 399.1
1077010 399.1
1077020 399.0
1077030 399.1
1077040 399.1
1077050 399.1
1077060 399.1
1077070 399.1
1077080 399.1
1077090 399.1
1077100 399.1
1077110 399.1
1077120 399.2
1077130 399.2
1077140 399.2
1077150 399.2
1077160 399.2
1077170 399.3
1077180 399.3
1077190 399.2
1077200 399.3
1077210 399.2
1077220 399.2
1077230 399.3
1077240 399.4
1077250 399.4
1077260 399.4
1077270 399.5
1077280 399.4
1077290 399.4
1077300 399.5
1077310 399.3
1077320 399.3
1077330 399.2
1077340 399.2
1077350 399.2
1077360 399.1
1077370 399.1
1077380 399.1
1077390 399.1
1077400 399.1
1077410 399.1
1077420 399.1
1077430 399.1
1077440 399.1
1077450 399.1
1077460 399.1
1077470 399.1
1077480 399.1
1077490 399.2
1077500 399.1
1077510 399.2
1077520 399.1
1077530 399.1
1077540 399.1
1077550 399.1
1077560 399.1
1077570 399.0
1077580 399.1
1077590 399.1
1077600 399.1
1077610 399.3
1077620 399.6
1077630 399.6
1077640 399.7
1077650 399.7
1077660 399.7
1077670 399.6
1077680 399.5
1077690 399.5
1077700 399.6
1077710 399.6
1077720 399.6
1077730 399.6
1077740 399.7
1077750 399.7
1077760 399.6
1077770 399.6
1077780 399.6
1077790 399.6
1077800 399.6
1077810 399.6
1077820 399.5
1077830 399.6
1077840 399.6
1077850 399.5
1077860 399.5
1077870 399.5
1077880 399.6
1077890 399.6
1077900 399.6
1077910 399.6
1077920 399.6
1077930 399.6
1077940 399.6
1077950 399.5
1077960 399.5
1077970 399.5
1077980 399.5
1077990 399.5
1078000 399.5
1078010 399.4
1078020 399.2
1078030 399.2
1078040 398.9
1078050 398.7
1078060 398.7
1078070 398.7
1078080 398.7
1078090 398.7
1078100 398.7
1078110 398.7
1078120 398.7
1078130 398.8
1078140 398.8
1078150 398.8
1078160 398.9
1078170 398.9
1078180 398.9
1078190 399.0
1078200 399.1
1078210 399.1
1078220 399.1
1078230 399.3
1078240 399.3
1078250 399.5
1078260 399.4
1078270 399.2
1078280 399.2
1078290 399.1
1078300 399.1
1078310 399.1
1078320 399.1
1078330 399.0
1078340 399.0
1078350 399.0
1078360 398.9
1078370 398.9
1078380 398.8
1078390 398.8
1078400 398.8
1078410 398.8
1078420 398.8
1078430 398.8
1078440 398.8
1078450 398.7
1078460 398.7
1078470 398.7
1078480 398.7
1078490 398.7
1078500 398.6
1078510 398.6
1078520 398.6
1078530 398.6
1078540 398.6
1078550 398.6
1078560 398.7
1078570 398.7
1078580 398.7
1078590 398.7
1078600 398.8
1078610 399.0
1078620 399.0
1078630 399.2
1078640 399.4
1078650 399.4
1078660 399.4
1078670 399.4
1078680 399.4
1078690 399.5
1078700 399.6
1078710 399.6
1078720 399.7
1078730 399.8
1078740 399.8
1078750 399.9
1078760 399.9
1078770 399.9
1078780 400.0
1078790 400.1
1078800 400.1
1078810 400.1
1078820 400.5
1078830 400.5
1078840 400.5
1078850 400.5
1078860 400.5
1078870 400.6
1078880 400.7
1078890 400.7
1078900 401.0
1078910 400.9
1078920 400.9
1078930 400.9
1078940 401.1
1078950 401.1
1078960 401.1
1078970 401.1
1078980 401.4
1078990 401.4
1079000 401.7
1079010 402.0
1079020 402.0
1079030 402.8
1079040 403.5
1079050 403.5
1079060 402.8
1079070 403.2
1079080 403.2
1079090 401.8
1079100 399.7
1079110 399.7
1079120 398.8
1079130 400.1
1079140 400.1
1079150 400.9
1079160 401.4
1079170 401.4
1079180 402.2
1079190 403.8
1079200 403.8
1079210 404.2
1079220 404.1
1079230 404.1
1079240 403.8
1079250 403.5
1079260 403.5
1079270 403.2
1079280 402.9
1079290 402.7
1079300 402.7
1079310 402.6
1079320 402.5
1079330 402.5
1079340 402.6
1079350 402.6
1079360 402.6
1079370 402.6
1079380 402.7
1079390 402.8
1079400 402.6
1079410 402.4
1079420 402.4
1079430 402.2
1079440 402.1
1079450 402.1
1079460 402.1
1079470 402.0
1079480 402.0
1079490 401.9
1079500 401.9
1079510 401.9
1079520 402.0
1079530 401.8
1079540 401.8
1079550 401.8
1079560 401.8
1079570 401.8
1079580 401.9
1079590 402.0
1079600 402.0
1079610 402.1
1079620 402.1
1079630 402.1
1079640 402.1
1079650 402.2
1079660 402.2
1079670 402.2
1079680 402.2
1079690 402.1
1079700 402.2
1079710 402.2
1079720 402.1
1079730 402.1
1079740 402.0
1079750 401.8
1079760 401.8
1079770 401.7
1079780 401.7
1079790 401.7
1079800 401.8
1079810 401.7
1079820 401.7
1079830 401.7
1079840 401.8
1079850 401.8
1079860 402.0
1079870 402.2
1079880 402.2
1079890 402.3
1079900 402.3
1079910 402.3
1079920 402.4
1079930 402.4
1079940 402.4
1079950 402.4
1079960 402.2
1079970 402.1
1079980 402.1
1079990 402.0
