1074520 401.4
1074530 401.4
1074540 401.4
1074550 401.4
1074560 401.4
1074570 401.5
1074580 402.9
1074590 402.9
1074600 404.8
1074610 401.1
1074620 401.1
1074630 400.3
1074640 399.8
1074650 399.8
1074660 400.0
1074670 404.8
1074680 404.8
1074690 406.0
1074700 405.8
1074710 405.8
1074720 404.8
1074730 403.0
1074740 403.0
1074750 401.9
1074760 401.9
1074770 402.9
1074780 401.9
1074790 401.9
1074800 401.9
1074810 402.5
1074820 403.8
1074830 403.8
1074840 403.9
1074850 402.4
1074860 398.6
1074870 398.6
1074880 398.9
1074890 402.5
1074900 402.5
1074910 403.5
1074920 403.8
1074930 403.8
1074940 402.7
1074950 402.7
1074960 402.7
1074970 402.9
1074980 402.9
1074990 402.9
1075000 403.0
1075010 403.1
1075020 403.1
1075030 403.2
1075040 403.4
1075050 403.4
1075060 403.4
1075070 403.6
1075080 403.8
1075090 403.7
1075100 403.5
1075110 403.5
1075120 401.5
1075130 400.9
1075140 400.9
1075150 400.9
1075160 401.6
1075170 401.6
1075180 403.3
1075190 405.7
1075200 406.4
1075210 406.4
1075220 404.4
1075230 402.6
1075240 402.6
1075250 402.1
1075260 401.9
1075270 401.9
1075280 401.8
1075290 401.6
1075300 401.6
1075310 401.6
1075320 401.5
1075330 401.5
1075340 401.4
1075350 401.3
1075360 401.3
1075370 401.3
1075380 401.2
1075390 401.1
1075400 401.0
1075410 401.7
1075420 401.7
1075430 403.7
1075440 403.6
1075450 403.6
1075460 401.9
1075470 399.8
1075480 399.8
1075490 399.1
1075500 399.2
1075510 399.2
1075520 399.1
1075530 399.1
1075540 399.1
1075550 399.1
1075560 399.1
1075570 399.7
1075580 399.7
1075590 400.3
1075600 402.9
1075610 402.9
1075620 403.9
1075630 402.4
1075640 402.4
1075650 401.9
1075660 402.0
1075670 402.0
1075680 402.0
1075690 402.0
1075700 402.1
1075710 402.6
1075720 403.9
1075730 403.9
1075740 405.5
1075750 406.2
1075760 406.2
1075770 405.5
1075780 405.2
1075790 405.2
1075800 405.0
1075810 403.4
1075820 403.4
1075830 404.0
1075840 405.7
1075850 405.7
1075860 405.5
1075870 405.2
1075880 404.7
1075890 404.7
1075900 403.8
1075910 403.0
1075920 403.0
1075930 402.6
1075940 402.4
1075950 402.4
1075960 402.3
1075970 402.2
1075980 402.2
1075990 401.9
1076000 401.9
1076010 401.9
1076020 401.8
1076030 402.0
1076040 402.0
1076050 401.9
1076060 401.8
1076070 401.8
1076080 402.1
1076090 402.0
1076100 402.0
1076110 401.6
1076120 401.7
1076130 401.7
1076140 402.2
1076150 402.1
1076160 402.1
1076170 401.5
1076180 400.9
1076190 400.9
1076200 400.8
1076210 400.7
1076220 400.7
1076230 400.7
1076240 400.5
1076250 400.5
1076260 400.5
1076270 400.5
1076280 400.4
1076290 400.4
1076300 400.3
1076310 399.7
1076320 399.7
1076330 400.2
1076340 400.2
1076350 400.2
1076360 400.2
1076370 400.2
1076380 400.2
1076390 400.2
1076400 400.0
1076410 400.0
1076420 399.9
1076430 399.9
1076440 399.9
1076450 399.8
1076460 399.8
1076470 399.8
1076480 399.8
1076490 399.7
1076500 399.7
1076510 399.7
1076520 399.6
1076530 399.6
1076540 399.6
1076550 398.8
1076560 399.6
1076570 399.6
1076580 399.8
1076590 399.8
1076600 399.8
1076610 399.9
1076620 399.9
1076630 399.9
1076640 400.0
1076650 399.9
1076660 399.9
1076670 399.8
1076680 399.9
1076690 399.9
1076700 399.9
1076710 399.9
1076720 399.9
1076730 399.9
1076740 399.9
1076750 399.9
1076760 400.2
1076770 399.7
1076780 399.7
1076790 399.4
1076800 399.4
1076810 399.4
1076820 399.3
1076830 399.3
1076840 399.3
1076850 399.3
1076860 399.3
1076870 399.3
1076880 399.3
1076890 399.3
1076900 399.3
1076910 399.3
1076920 399.2
1076930 399.2
1076940 399.2
1076950 399.2
1076960 399.2
1076970 399.2
1076980 399.2
1076990 399.2
1077000 399.2
1077010 399.1
1077020 399.1
1077030 399.1
1077040 399.2
1077050 399.1
1077060 399.1
1077070 399.0
1077080 399.0
1077090 399.0
1077100 399.0
1077110 399.0
1077120 399.0
1077130 399.0
1077140 399.0
1077150 399.0
1077160 399.0
1077170 399.0
1077180 399.0
1077190 399.0
1077200 399.1
1077210 399.1
1077220 399.1
1077230 399.1
1077240 399.1
1077250 399.1
1077260 399.2
1077270 399.1
1077280 399.1
1077290 399.1
1077300 399.2
1077310 399.2
1077320 399.2
1077330 399.2
1077340 399.2
1077350 399.3
1077360 399.1
1077370 399.1
1077380 399.0
1077390 399.0
1077400 399.0
1077410 398.9
1077420 398.9
1077430 398.9
1077440 398.9
1077450 399.0
1077460 399.0
1077470 399.0
1077480 398.9
1077490 398.9
1077500 398.9
1077510 399.0
1077520 399.0
1077530 399.0
1077540 399.0
1077550 399.0
1077560 399.0
1077570 399.0
1077580 398.9
1077590 398.9
1077600 399.0
1077610 398.9
1077620 398.9
1077630 399.0
1077640 399.0
1077650 399.0
1077660 399.1
1077670 399.3
1077680 399.3
1077690 399.4
1077700 399.4
1077710 399.4
1077720 399.3
1077730 399.2
1077740 399.2
1077750 399.3
1077760 399.4
1077770 399.4
1077780 399.4
1077790 399.5
1077800 399.5
1077810 399.4
1077820 399.4
1077830 399.4
1077840 399.4
1077850 399.5
1077860 399.5
1077870 399.5
1077880 399.4
1077890 399.4
1077900 399.4
1077910 399.4
1077920 399.3
1077930 399.3
1077940 399.4
1077950 399.5
1077960 399.5
1077970 399.6
1077980 399.5
1077990 399.5
1078000 399.4
1078010 399.4
1078020 399.4
1078030 399.3
1078040 399.3
1078050 399.3
1078060 399.4
1078070 399.4
1078080 399.4
1078090 399.4
1078100 399.4
1078110 399.4
1078120 399.3
1078130 399.2
1078140 399.2
1078150 399.0
1078160 398.9
1078170 398.9
1078180 398.9
1078190 398.9
1078200 398.9
1078210 398.9
1078220 399.0
1078230 399.0
1078240 399.2
1078250 399.4
1078260 399.5
1078270 399.5
1078280 399.4
1078290 399.3
1078300 399.3
1078310 399.2
1078320 399.2
1078330 399.2
1078340 399.2
1078350 399.2
1078360 399.2
1078370 399.3
1078380 399.2
1078390 399.2
1078400 399.2
1078410 399.1
1078420 399.1
1078430 399.1
1078440 399.0
1078450 399.0
1078460 398.9
1078470 398.9
1078480 398.9
1078490 398.8
1078500 398.8
1078510 398.8
1078520 398.8
1078530 398.8
1078540 398.8
1078550 398.8
1078560 398.8
1078570 398.8
1078580 398.8
1078590 398.7
1078600 398.7
1078610 398.7
1078620 398.7
1078630 398.7
1078640 398.7
1078650 398.7
1078660 398.7
1078670 398.7
1078680 399.2
1078690 399.2
1078700 399.2
1078710 399.1
1078720 399.2
1078730 399.2
1078740 399.3
1078750 399.4
1078760 399.4
1078770 399.6
1078780 399.6
1078790 399.6
1078800 399.6
1078810 399.6
1078820 399.6
1078830 399.7
1078840 399.9
1078850 399.9
1078860 400.0
1078870 400.0
1078880 400.0
1078890 399.9
1078900 399.8
1078910 399.8
1078920 399.8
1078930 399.8
1078940 399.9
1078950 399.9
1078960 399.9
1078970 400.0
1078980 400.0
1078990 400.1
1079000 400.3
1079010 400.3
1079020 400.4
1079030 400.5
1079040 400.5
1079050 400.6
1079060 400.8
1079070 400.8
1079080 401.0
1079090 401.1
1079100 401.1
1079110 401.4
1079120 401.9
1079130 401.9
1079140 403.3
1079150 403.7
1079160 403.7
1079170 403.5
1079180 401.1
1079190 401.1
1079200 399.9
1079210 400.6
1079220 400.6
1079230 401.6
1079240 402.2
1079250 401.4
1079260 401.4
1079270 399.8
1079280 399.6
1079290 399.6
1079300 400.4
1079310 401.0
1079320 401.0
1079330 401.3
1079340 402.0
1079350 402.0
1079360 403.3
1079370 404.1
1079380 404.1
1079390 404.1
1079400 403.9
1079410 403.9
1079420 403.6
1079430 403.1
1079440 403.1
1079450 402.8
1079460 402.5
1079470 402.9
1079480 402.6
1079490 402.5
1079500 402.5
1079510 402.5
1079520 402.5
1079530 402.5
1079540 402.4
1079550 402.4
1079560 402.4
1079570 402.3
1079580 402.3
1079590 402.3
1079600 402.3
1079610 402.2
1079620 402.2
1079630 402.2
1079640 402.2
1079650 402.1
1079660 402.1
1079670 402.2
1079680 402.2
1079690 402.2
1079700 402.2
1079710 402.2
1079720 402.2
1079730 402.1
1079740 402.2
1079750 402.2
1079760 402.1
1079770 402.0
1079780 402.1
1079790 402.1
1079800 402.1
1079810 402.1
1079820 402.0
1079830 402.0
1079840 402.0
1079850 402.0
1079860 401.9
1079870 401.9
1079880 401.8
1079890 401.8
1079900 401.8
1079910 401.9
1079920 401.9
1079930 402.0
1079940 402.0
1079950 402.1
1079960 402.3
1079970 402.3
1079980 402.4
1079990 402.5
