1074450 401.4
1074460 401.4
1074470 401.4
1074480 401.4
1074490 401.4
1074500 401.4
1074510 401.4
1074520 401.4
1074530 401.4
1074540 401.5
1074550 401.5
1074560 401.6
1074570 401.6
1074580 401.6
1074590 401.8
1074600 401.8
1074610 401.8
1074620 401.7
1074630 401.7
1074640 401.7
1074650 401.7
1074660 401.7
1074670 401.7
1074680 401.9
1074690 402.1
1074700 402.1
1074710 403.3
1074720 405.1
1074730 405.1
1074740 405.4
1074750 403.4
1074760 403.4
1074770 399.0
1074780 398.9
1074790 402.9
1074800 402.9
1074810 405.9
1074820 407.4
1074830 407.4
1074840 407.3
1074850 404.8
1074860 404.8
1074870 402.9
1074880 402.5
1074890 402.5
1074900 402.3
1074910 402.2
1074920 402.2
1074930 402.1
1074940 402.0
1074950 402.0
1074960 401.8
1074970 401.7
1074980 401.7
1074990 401.7
1075000 402.5
1075010 402.5
1075020 402.3
1075030 402.4
1075040 402.4
1075050 402.3
1075060 399.7
1075070 399.7
1075080 401.5
1075090 400.7
1075100 400.7
1075110 399.3
1075120 399.2
1075130 399.2
1075140 399.2
1075150 399.1
1075160 399.2
1075170 399.2
1075180 399.3
1075190 399.5
1075200 399.5
1075210 400.8
1075220 403.6
1075230 403.6
1075240 404.1
1075250 402.5
1075260 402.5
1075270 402.1
1075280 402.2
1075290 402.2
1075300 402.2
1075310 402.3
1075320 402.3
1075330 402.6
1075340 403.2
1075350 403.2
1075360 403.9
1075370 405.6
1075380 405.6
1075390 406.5
1075400 403.6
1075410 403.6
1075420 403.1
1075430 403.1
1075440 403.1
1075450 403.4
1075460 403.7
1075470 403.7
1075480 403.7
1075490 403.6
1075500 403.7
1075510 403.7
1075520 403.8
1075530 404.0
1075540 404.0
1075550 404.0
1075560 404.0
1075570 404.0
1075580 404.0
1075590 403.0
1075600 403.0
1075610 402.7
1075620 402.6
1075630 402.6
1075640 402.3
1075650 402.3
1075660 402.3
1075670 402.4
1075680 402.3
1075690 402.3
1075700 402.0
1075710 401.4
1075720 401.4
1075730 401.8
1075740 401.8
1075750 401.8
1075760 401.9
1075770 401.9
1075780 401.9
1075790 401.8
1075800 402.0
1075810 401.7
1075820 401.7
1075830 401.9
1075840 402.5
1075850 402.5
1075860 402.6
1075870 402.7
1075880 402.7
1075890 402.7
1075900 402.5
1075910 402.5
1075920 402.4
1075930 402.1
1075940 402.1
1075950 401.8
1075960 401.8
1075970 401.8
1075980 402.0
1075990 402.4
1076000 402.4
1076010 402.9
1076020 402.0
1076030 402.0
1076040 401.8
1076050 401.9
1076060 401.9
1076070 401.9
1076080 401.9
1076090 401.9
1076100 401.8
1076110 401.7
1076120 401.7
1076130 401.6
1076140 401.7
1076150 401.8
1076160 401.8
1076170 402.0
1076180 401.9
1076190 401.9
1076200 401.8
1076210 401.2
1076220 401.2
1076230 401.3
1076240 401.1
1076250 401.1
1076260 401.1
1076270 400.9
1076280 400.9
1076290 400.8
1076300 400.9
1076310 400.9
1076320 401.0
1076330 401.4
1076340 401.1
1076350 401.2
1076360 400.9
1076370 400.9
1076380 401.1
1076390 401.1
1076400 401.1
1076410 400.4
1076420 400.2
1076430 400.2
1076440 400.1
1076450 400.2
1076460 400.2
1076470 400.3
1076480 400.7
1076490 400.9
1076500 400.9
1076510 400.9
1076520 400.8
1076530 400.8
1076540 400.5
1076550 400.2
1076560 400.2
1076570 399.9
1076580 399.9
1076590 399.9
1076600 399.1
1076610 399.9
1076620 399.9
1076630 399.9
1076640 399.9
1076650 400.0
1076660 400.0
1076670 399.8
1076680 399.8
1076690 399.7
1076700 399.6
1076710 399.6
1076720 399.6
1076730 399.6
1076740 399.6
1076750 399.6
1076760 399.6
1076770 399.6
1076780 399.6
1076790 399.6
1076800 399.6
1076810 399.6
1076820 399.6
1076830 399.6
1076840 399.6
1076850 399.8
1076860 400.4
1076870 400.4
1076880 400.1
1076890 399.8
1076900 399.8
1076910 399.7
1076920 399.7
1076930 399.7
1076940 399.7
1076950 399.7
1076960 399.7
1076970 399.6
1076980 399.6
1076990 399.6
1077000 399.6
1077010 399.6
1077020 399.6
1077030 399.5
1077040 399.5
1077050 399.5
1077060 399.5
1077070 399.4
1077080 399.4
1077090 399.3
1077100 399.3
1077110 399.3
1077120 399.3
1077130 399.3
1077140 399.3
1077150 399.3
1077160 399.4
1077170 399.4
1077180 399.4
1077190 399.4
1077200 399.4
1077210 399.4
1077220 399.4
1077230 399.3
1077240 399.3
1077250 399.3
1077260 399.3
1077270 399.3
1077280 399.3
1077290 399.3
1077300 399.3
1077310 399.3
1077320 399.3
1077330 399.3
1077340 399.4
1077350 399.4
1077360 399.4
1077370 399.4
1077380 399.4
1077390 399.4
1077400 399.4
1077410 399.5
1077420 399.5
1077430 399.5
1077440 399.5
1077450 399.5
1077460 399.6
1077470 399.7
1077480 399.7
1077490 399.8
1077500 399.9
1077510 400.0
1077520 400.0
1077530 400.1
1077540 400.2
1077550 400.2
1077560 400.3
1077570 400.3
1077580 400.3
1077590 399.8
1077600 399.7
1077610 399.7
1077620 399.8
1077630 399.7
1077640 399.7
1077650 399.6
1077660 399.6
1077670 399.6
1077680 399.5
1077690 399.4
1077700 399.4
1077710 399.4
1077720 399.5
1077730 399.5
1077740 399.6
1077750 399.9
1077760 399.9
1077770 400.0
1077780 400.0
1077790 400.0
1077800 400.0
1077810 399.9
1077820 399.9
1077830 399.8
1077840 399.7
1077850 399.7
1077860 399.7
1077870 399.9
1077880 399.9
1077890 399.9
1077900 399.9
1077910 399.8
1077920 399.8
1077930 399.6
1077940 399.4
1077950 399.4
1077960 399.3
1077970 399.3
1077980 399.3
1077990 399.2
1078000 399.3
1078010 399.3
1078020 399.3
1078030 399.2
1078040 399.2
1078050 399.3
1078060 399.3
1078070 399.3
1078080 399.3
1078090 399.4
1078100 399.4
1078110 399.4
1078120 399.3
1078130 399.3
1078140 399.3
1078150 399.2
1078160 399.2
1078170 399.2
1078180 399.2
1078190 399.2
1078200 399.2
1078210 399.2
1078220 399.2
1078230 399.2
1078240 399.2
1078250 399.2
1078260 399.2
1078270 399.2
1078280 399.2
1078290 399.2
1078300 399.2
1078310 399.2
1078320 399.2
1078330 399.2
1078340 399.2
1078350 399.2
1078360 399.2
1078370 399.2
1078380 399.2
1078390 399.2
1078400 399.2
1078410 399.2
1078420 399.2
1078430 399.2
1078440 399.2
1078450 399.4
1078460 399.4
1078470 399.4
1078480 399.2
1078490 399.2
1078500 399.2
1078510 399.2
1078520 399.2
1078530 399.1
1078540 399.1
1078550 399.2
1078560 399.4
1078570 399.4
1078580 399.8
1078590 399.8
1078600 399.8
1078610 399.4
1078620 399.1
1078630 399.1
1078640 399.1
1078650 399.1
1078660 399.1
1078670 399.1
1078680 399.2
1078690 399.2
1078700 399.2
1078710 399.3
1078720 399.3
1078730 399.4
1078740 399.3
1078750 399.3
1078760 399.3
1078770 399.3
1078780 399.3
1078790 399.3
1078800 399.2
1078810 399.2
1078820 399.2
1078830 399.1
1078840 399.1
1078850 399.2
1078860 399.2
1078870 399.2
1078880 399.2
1078890 399.2
1078900 399.2
1078910 399.2
1078920 399.2
1078930 399.3
1078940 399.3
1078950 399.3
1078960 399.3
1078970 399.3
1078980 399.3
1078990 399.2
1079000 399.2
1079010 399.2
1079020 399.2
1079030 399.2
1079040 399.2
1079050 399.2
1079060 399.2
1079070 399.2
1079080 399.1
1079090 399.1
1079100 399.0
1079110 399.0
1079120 399.0
1079130 399.2
1079140 399.3
1079150 399.3
1079160 399.2
1079170 399.3
1079180 399.3
1079190 399.4
1079200 399.4
1079210 399.5
1079220 399.5
1079230 399.5
1079240 399.6
1079250 399.6
1079260 399.6
1079270 399.7
1079280 399.7
1079290 399.7
1079300 399.8
1079310 399.8
1079320 400.0
1079330 400.0
1079340 400.0
1079350 400.2
1079360 400.4
1079370 400.4
1079380 400.9
1079390 402.7
1079400 402.7
1079410 403.6
1079420 401.5
1079430 401.5
1079440 400.3
1079450 400.9
1079460 400.9
1079470 401.4
1079480 401.7
1079490 401.7
1079500 402.3
1079510 402.6
1079520 402.7
1079530 402.7
1079540 402.7
1079550 402.6
1079560 402.6
1079570 402.5
1079580 402.2
1079590 402.2
1079600 402.1
1079610 402.2
1079620 402.2
1079630 402.1
1079640 402.0
1079650 402.0
1079660 402.4
1079670 403.8
1079680 403.8
1079690 403.4
1079700 402.7
1079710 402.7
1079720 402.6
1079730 402.4
1079740 402.4
1079750 400.8
1079760 399.8
1079770 399.8
1079780 400.3
1079790 400.0
1079800 400.0
1079810 401.2
1079820 401.9
1079830 401.9
1079840 402.1
1079850 402.6
1079860 404.1
1079870 404.1
1079880 404.9
1079890 405.0
1079900 405.0
1079910 404.9
1079920 404.8
1079930 404.8
1079940 404.5
1079950 404.4
1079960 404.4
1079970 404.2
1079980 404.1
1079990 404.1
