1073750 402.0
1073760 402.0
1073770 401.9
1073780 401.9
1073790 401.9
1073800 402.0
1073810 402.1
1073820 402.2
1073830 402.2
1073840 401.7
1073850 401.4
1073860 401.4
1073870 400.9
1073880 401.0
1073890 401.0
1073900 401.1
1073910 401.0
1073920 401.0
1073930 401.3
1073940 401.0
1073950 401.0
1073960 401.0
1073970 401.0
1073980 401.0
1073990 401.0
1074000 401.0
1074010 401.0
1074020 401.0
1074030 401.1
1074040 401.1
1074050 403.4
1074060 401.0
1074070 401.0
1074080 401.0
1074090 401.0
1074100 401.0
1074110 401.0
1074120 401.0
1074130 401.0
1074140 401.0
1074150 401.0
1074160 400.9
1074170 400.9
1074180 400.8
1074190 400.8
1074200 400.8
1074210 400.8
1074220 400.9
1074230 400.9
1074240 401.5
1074250 401.2
1074260 401.2
1074270 401.5
1074280 402.2
1074290 402.2
1074300 403.3
1074310 404.6
1074320 404.6
1074330 406.3
1074340 407.3
1074350 407.3
1074360 407.6
1074370 406.7
1074380 406.7
1074390 403.0
1074400 401.5
1074410 401.5
1074420 401.8
1074430 401.8
1074440 401.8
1074450 402.0
1074460 402.2
1074470 402.2
1074480 402.1
1074490 402.2
1074500 402.2
1074510 402.2
1074520 402.2
1074530 402.2
1074540 402.2
1074550 402.4
1074560 402.0
1074570 402.0
1074580 402.1
1074590 402.7
1074600 402.7
1074610 403.0
1074620 403.0
1074630 403.0
1074640 403.1
1074650 403.1
1074660 403.1
1074670 403.1
1074680 403.1
1074690 403.1
1074700 403.0
1074710 402.4
1074720 402.4
1074730 402.1
1074740 400.1
1074750 400.1
1074760 398.3
1074770 400.4
1074780 400.4
1074790 404.1
1074800 406.2
1074810 406.2
1074820 404.3
1074830 403.0
1074840 403.0
1074850 403.0
1074860 403.0
1074870 403.0
1074880 403.0
1074890 403.1
1074900 403.0
1074910 403.0
1074920 402.3
1074930 401.0
1074940 401.0
1074950 399.6
1074960 398.4
1074970 398.4
1074980 398.3
1074990 398.3
1075000 398.3
1075010 398.3
1075020 398.3
1075030 398.3
1075040 398.3
1075050 398.3
1075060 398.3
1075070 398.3
1075080 398.3
1075090 398.3
1075100 398.3
1075110 398.4
1075120 398.4
1075130 399.5
1075140 400.3
1075150 400.3
1075160 398.9
1075170 398.3
1075180 398.3
1075190 398.3
1075200 398.3
1075210 398.3
1075220 398.3
1075230 398.3
1075240 398.3
1075250 398.3
1075260 398.3
1075270 398.3
1075280 398.3
1075290 398.3
1075300 398.3
1075310 398.3
1075320 399.3
1075330 400.3
1075340 400.3
1075350 400.9
1075360 401.5
1075370 401.5
1075380 402.8
1075390 403.8
1075400 403.8
1075410 405.1
1075420 405.5
1075430 405.5
1075440 405.3
1075450 405.2
1075460 405.2
1075470 405.0
1075480 404.4
1075490 404.6
1075500 404.4
1075510 403.5
1075520 403.2
1075530 403.2
1075540 403.3
1075550 403.5
1075560 403.5
1075570 405.5
1075580 406.4
1075590 406.4
1075600 404.5
1075610 402.1
1075620 402.1
1075630 401.5
1075640 401.4
1075650 401.4
1075660 401.3
1075670 401.2
1075680 401.2
1075690 401.1
1075700 401.0
1075710 401.0
1075720 400.9
1075730 400.8
1075740 400.8
1075750 400.7
1075760 400.6
1075770 400.6
1075780 401.6
1075790 403.5
1075800 403.0
1075810 399.9
1075820 398.6
1075830 398.6
1075840 398.6
1075850 398.5
1075860 398.5
1075870 398.5
1075880 398.5
1075890 398.6
1075900 398.6
1075910 399.0
1075920 401.6
1075930 401.6
1075940 402.9
1075950 401.6
1075960 401.6
1075970 401.1
1075980 401.2
1075990 401.2
1076000 401.2
1076010 401.3
1076020 401.3
1076030 401.5
1076040 402.4
1076050 402.4
1076060 405.2
1076070 404.8
1076080 404.8
1076090 401.9
1076100 401.5
1076110 401.5
1076120 401.3
1076130 401.2
1076140 401.2
1076150 400.7
1076160 400.7
1076170 400.7
1076180 400.6
1076190 400.5
1076200 400.5
1076210 400.5
1076220 400.5
1076230 400.5
1076240 400.5
1076250 400.7
1076260 400.8
1076270 400.8
1076280 401.0
1076290 401.1
1076300 401.1
1076310 400.4
1076320 399.9
1076330 399.9
1076340 400.0
1076350 399.9
1076360 399.9
1076370 399.8
1076380 399.9
1076390 399.9
1076400 399.9
1076410 399.7
1076420 399.7
1076430 399.8
1076440 398.1
1076450 398.1
1076460 399.1
1076470 399.5
1076480 399.5
1076490 399.6
1076500 399.6
1076510 399.6
1076520 399.6
1076530 399.6
1076540 399.6
1076550 399.6
1076560 399.6
1076570 399.6
1076580 399.6
1076590 399.6
1076600 399.6
1076610 399.6
1076620 399.6
1076630 399.8
1076640 399.8
1076650 399.6
1076660 399.2
1076670 399.2
1076680 399.2
1076690 399.1
1076700 399.1
1076710 399.1
1076720 399.1
1076730 399.1
1076740 399.1
1076750 399.1
1076760 399.1
1076770 399.1
1076780 399.1
1076790 399.1
1076800 399.1
1076810 399.0
1076820 399.0
1076830 399.0
1076840 399.0
1076850 399.0
1076860 399.0
1076870 398.8
1076880 399.0
1076890 399.0
1076900 399.0
1076910 399.0
1076920 399.0
1076930 399.0
1076940 399.0
1076950 399.0
1076960 399.0
1076970 398.9
1076980 398.9
1076990 399.0
1077000 398.9
1077010 398.9
1077020 398.9
1077030 399.0
1077040 399.0
1077050 399.0
1077060 399.2
1077070 399.2
1077080 399.4
1077090 399.0
1077100 399.0
1077110 399.0
1077120 399.0
1077130 399.0
1077140 398.9
1077150 399.0
1077160 399.0
1077170 398.9
1077180 398.8
1077190 398.8
1077200 398.9
1077210 398.9
1077220 398.9
1077230 398.9
1077240 399.0
1077250 399.0
1077260 399.0
1077270 399.1
1077280 399.1
1077290 399.1
1077300 399.1
1077310 399.1
1077320 399.1
1077330 399.0
1077340 399.0
1077350 399.0
1077360 399.1
1077370 399.1
1077380 399.1
1077390 399.1
1077400 399.0
1077410 399.0
1077420 399.0
1077430 399.2
1077440 399.2
1077450 399.8
1077460 399.3
1077470 399.3
1077480 399.0
1077490 398.9
1077500 398.9
1077510 398.9
1077520 398.9
1077530 398.9
1077540 398.9
1077550 398.9
1077560 398.9
1077570 398.9
1077580 398.8
1077590 398.8
1077600 398.8
1077610 399.1
1077620 399.0
1077630 399.0
1077640 398.9
1077650 398.9
1077660 398.9
1077670 398.8
1077680 398.9
1077690 398.9
1077700 399.0
1077710 399.0
1077720 399.0
1077730 398.9
1077740 398.8
1077750 398.8
1077760 398.8
1077770 398.8
1077780 398.8
1077790 398.8
1077800 398.7
1077810 398.7
1077820 398.7
1077830 398.6
1077840 398.6
1077850 398.6
1077860 398.5
1077870 398.5
1077880 398.5
1077890 398.5
1077900 398.6
1077910 398.6
1077920 398.6
1077930 398.6
1077940 398.6
1077950 398.6
1077960 398.6
1077970 398.6
1077980 398.6
1077990 398.6
1078000 398.7
1078010 398.6
1078020 398.6
1078030 398.6
1078040 398.6
1078050 398.5
1078060 398.5
1078070 398.5
1078080 398.5
1078090 398.5
1078100 398.5
1078110 398.5
1078120 398.5
1078130 398.6
1078140 398.6
1078150 398.6
1078160 398.7
1078170 398.8
1078180 398.8
1078190 398.8
1078200 398.8
1078210 398.8
1078220 398.8
1078230 399.0
1078240 399.1
1078250 399.1
1078260 399.2
1078270 399.2
1078280 399.2
1078290 399.5
1078300 399.8
1078310 399.6
1078320 399.8
1078330 399.9
1078340 399.9
1078350 400.2
1078360 400.7
1078370 400.7
1078380 400.8
1078390 400.9
1078400 400.9
1078410 401.0
1078420 401.1
1078430 401.1
1078440 401.2
1078450 401.1
1078460 401.1
1078470 401.2
1078480 401.2
1078490 401.2
1078500 401.2
1078510 401.5
1078520 401.5
1078530 401.8
1078540 402.3
1078550 402.3
1078560 402.7
1078570 403.2
1078580 403.2
1078590 403.2
1078600 402.0
1078610 400.7
1078620 400.7
1078630 401.0
1078640 399.5
1078650 399.5
1078660 398.3
1078670 399.0
1078680 399.0
1078690 400.8
1078700 402.4
1078710 402.4
1078720 403.6
1078730 403.9
1078740 403.9
1078750 403.6
1078760 403.3
1078770 403.3
1078780 402.8
1078790 402.4
1078800 402.4
1078810 402.0
1078820 401.7
1078830 401.7
1078840 401.5
1078850 401.5
1078860 401.5
1078870 401.5
1078880 401.5
1078890 401.5
1078900 401.5
1078910 401.5
1078920 401.4
1078930 401.4
1078940 401.5
1078950 401.5
1078960 401.5
1078970 401.5
1078980 401.6
1078990 401.6
1079000 401.6
1079010 401.6
1079020 401.6
1079030 401.6
1079040 401.6
1079050 401.6
1079060 401.6
1079070 401.6
1079080 401.6
1079090 401.6
1079100 401.5
1079110 401.5
1079120 401.4
1079130 401.3
1079140 401.3
1079150 401.3
1079160 401.4
1079170 401.4
1079180 401.5
1079190 401.6
1079200 401.6
1079210 401.6
1079220 401.7
1079230 401.7
1079240 401.6
1079250 401.7
1079260 401.7
1079270 401.7
1079280 401.7
1079290 401.7
1079300 401.7
1079310 401.7
1079320 401.5
1079330 401.5
1079340 401.5
1079350 401.4
1079360 401.4
1079370 401.5
1079380 401.6
1079390 401.6
1079400 401.6
1079410 401.6
1079420 401.6
1079430 401.6
1079440 401.6
1079450 401.6
1079460 401.6
1079470 401.6
1079480 401.6
1079490 401.6
1079500 401.6
1079510 401.6
1079520 401.6
1079530 401.6
1079540 401.6
1079550 401.6
1079560 401.7
1079570 401.7
1079580 401.7
1079590 401.7
1079600 401.7
1079610 401.7
1079620 401.7
1079630 401.7
1079640 401.7
1079650 401.7
1079660 401.6
1079670 401.6
1079680 401.6
1079690 401.5
1079700 401.5
1079710 401.6
1079720 401.7
1079730 401.7
1079740 401.8
1079750 401.9
1079760 401.9
1079770 401.9
1079780 402.0
1079790 402.0
1079800 402.0
1079810 402.0
1079820 402.0
1079830 402.0
1079840 402.0
1079850 402.0
1079860 402.0
1079870 402.1
1079880 402.1
1079890 402.2
1079900 402.2
1079910 402.2
1079920 402.2
1079930 402.2
1079940 402.2
1079950 402.2
1079960 402.2
1079970 402.2
1079980 402.2
1079990 402.2
