1070690 403.1
1070700 403.1
1070710 403.2
1070720 403.4
1070730 403.4
1070740 403.5
1070750 403.5
1070760 403.5
1070770 403.3
1070780 403.0
1070790 403.0
1070800 402.8
1070810 401.8
1070820 401.8
1070830 401.2
1070840 401.3
1070850 401.3
1070860 401.5
1070870 401.1
1070880 401.1
1070890 401.0
1070900 400.9
1070910 401.1
1070920 401.1
1070930 401.1
1070940 401.0
1070950 401.0
1070960 401.0
1070970 401.0
1070980 401.0
1070990 401.0
1071000 401.1
1071010 401.1
1071020 401.1
1071030 401.1
1071040 401.1
1071050 401.0
1071060 400.6
1071070 400.6
1071080 401.0
1071090 400.9
1071100 400.9
1071110 400.4
1071120 399.8
1071130 399.8
1071140 399.5
1071150 399.9
1071160 399.9
1071170 400.9
1071180 402.2
1071190 402.2
1071200 402.6
1071210 402.8
1071220 402.8
1071230 402.9
1071240 402.7
1071250 401.9
1071260 401.9
1071270 400.9
1071280 402.5
1071290 402.5
1071300 401.9
1071310 400.7
1071320 400.7
1071330 400.1
1071340 399.7
1071350 399.7
1071360 399.7
1071370 399.7
1071380 399.7
1071390 399.7
1071400 399.8
1071410 399.8
1071420 399.9
1071430 400.0
1071440 400.0
1071450 400.2
1071460 400.3
1071470 400.3
1071480 400.3
1071490 400.3
1071500 400.3
1071510 400.2
1071520 400.3
1071530 400.3
1071540 400.3
1071550 400.3
1071560 400.3
1071570 400.3
1071580 400.3
1071590 400.3
1071600 400.3
1071610 400.4
1071620 400.4
1071630 400.4
1071640 400.4
1071650 400.4
1071660 400.4
1071670 400.4
1071680 400.4
1071690 400.4
1071700 400.3
1071710 400.3
1071720 400.3
1071730 400.2
1071740 400.2
1071750 400.2
1071760 400.1
1071770 400.0
1071780 400.0
1071790 400.0
1071800 399.9
1071810 399.9
1071820 399.9
1071830 399.8
1071840 399.8
1071850 399.7
1071860 399.6
1071870 399.6
1071880 399.6
1071890 399.5
1071900 400.4
1071910 400.4
1071920 400.3
1071930 400.3
1071940 400.3
1071950 400.2
1071960 400.1
1071970 400.1
1071980 400.0
1071990 400.0
1072000 400.0
1072010 399.9
1072020 399.7
1072030 399.7
1072040 399.6
1072050 399.3
1072060 399.3
1072070 399.0
1072080 398.7
1072090 398.7
1072100 398.4
1072110 398.1
1072120 398.1
1072130 397.8
1072140 397.2
1072150 397.2
1072160 397.0
1072170 396.9
1072180 396.9
1072190 396.8
1072200 396.8
1072210 399.0
1072220 398.3
1072230 398.0
1072240 398.0
1072250 397.8
1072260 397.6
1072270 397.4
1072280 397.4
1072290 397.3
1072300 397.2
1072310 397.2
1072320 397.2
1072330 397.1
1072340 397.1
1072350 397.0
1072360 397.0
1072370 397.0
1072380 396.9
1072390 397.1
1072400 397.1
1072410 397.0
1072420 397.0
1072430 397.0
1072440 397.1
1072450 397.0
1072460 397.0
1072470 397.0
1072480 397.0
1072490 397.0
1072500 397.0
1072510 397.1
1072520 397.3
1072530 397.2
1072540 397.2
1072550 397.2
1072560 397.1
1072570 397.1
1072580 397.1
1072590 397.1
1072600 397.1
1072610 397.2
1072620 397.2
1072630 397.2
1072640 397.2
1072650 397.2
1072660 397.4
1072670 397.6
1072680 397.6
1072690 397.7
1072700 397.8
1072710 397.8
1072720 397.8
1072730 398.2
1072740 398.2
1072750 398.2
1072760 398.5
1072770 398.5
1072780 398.7
1072790 398.6
1072800 398.6
1072810 398.9
1072820 399.1
1072830 397.3
1072840 397.4
1072850 397.5
1072860 397.5
1072870 397.4
1072880 397.7
1072890 397.7
1072900 397.6
1072910 397.7
1072920 397.7
1072930 397.9
1072940 398.2
1072950 398.4
1072960 398.4
1072970 398.6
1072980 398.9
1072990 398.9
1073000 399.3
1073010 399.6
1073020 399.6
1073030 400.0
1073040 400.9
1073050 400.9
1073060 401.5
1073070 400.0
1073080 400.0
1073090 399.2
1073100 399.4
1073110 399.4
1073120 399.5
1073130 399.6
1073140 399.4
1073150 399.5
1073160 399.6
1073170 399.6
1073180 399.7
1073190 399.5
1073200 399.5
1073210 399.7
1073220 399.6
1073230 399.6
1073240 399.7
1073250 399.8
1073260 399.8
1073270 399.8
1073280 399.7
1073290 399.7
1073300 399.4
1073310 399.3
1073320 399.1
1073330 399.1
1073340 399.1
1073350 399.1
1073360 399.1
1073370 399.2
1073380 399.3
1073390 399.3
1073400 399.4
1073410 399.4
1073420 399.4
1073430 399.4
1073440 399.6
1073450 399.3
1073460 399.5
1073470 399.7
1073480 399.7
1073490 399.8
1073500 400.2
1073510 400.2
1073520 399.9
1073530 400.1
1073540 400.1
1073550 400.3
1073560 400.0
1073570 400.0
1073580 400.0
1073590 400.0
1073600 400.0
1073610 400.1
1073620 400.3
1073630 400.3
1073640 400.4
1073650 400.5
1073660 400.7
1073670 400.7
1073680 401.0
1073690 401.4
1073700 401.4
1073710 402.0
1073720 402.1
1073730 402.1
1073740 402.1
1073750 402.3
1073760 401.3
1073770 401.9
1073780 402.2
1073790 402.2
1073800 402.2
1073810 402.1
1073820 402.1
1073830 402.3
1073840 402.8
1073850 402.8
1073860 402.2
1073870 402.0
1073880 402.0
1073890 402.1
1073900 402.1
1073910 402.1
1073920 402.0
1073930 401.9
1073940 401.9
1073950 401.8
1073960 402.0
1073970 402.0
1073980 402.0
1073990 401.8
1074000 401.7
1074010 401.7
1074020 401.6
1074030 401.8
1074040 401.8
1074050 401.9
1074060 402.2
1074070 401.9
1074080 401.9
1074090 401.9
1074100 401.9
1074110 402.0
1074120 402.2
1074130 402.2
1074140 402.8
1074150 403.8
1074160 403.8
1074170 404.6
1074180 405.0
1074190 405.0
1074200 404.9
1074210 404.7
1074220 404.7
1074230 404.4
1074240 403.8
1074250 403.8
1074260 403.5
1074270 403.3
1074280 403.3
1074290 402.5
1074300 401.9
1074310 401.9
1074320 401.9
1074330 401.9
1074340 401.9
1074350 401.9
1074360 401.9
1074370 402.0
1074380 402.1
1074390 402.0
1074400 401.9
1074410 401.9
1074420 401.7
1074430 401.9
1074440 401.9
1074450 402.4
1074460 402.7
1074470 402.7
1074480 402.4
1074490 402.6
1074500 402.6
1074510 402.5
1074520 402.4
1074530 402.4
1074540 402.5
1074550 402.7
1074560 402.7
1074570 402.7
1074580 402.5
1074590 402.5
1074600 402.2
1074610 402.3
1074620 402.3
1074630 402.0
1074640 401.8
1074650 401.8
1074660 402.1
1074670 402.0
1074680 401.9
1074690 402.0
1074700 402.0
1074710 401.9
1074720 401.9
1074730 401.9
1074740 402.5
1074750 402.5
1074760 402.6
1074770 402.3
1074780 402.3
1074790 401.6
1074800 401.4
1074810 401.4
1074820 401.4
1074830 401.4
1074840 401.4
1074850 401.4
1074860 401.3
1074870 401.3
1074880 401.3
1074890 401.3
1074900 401.3
1074910 401.3
1074920 401.3
1074930 401.3
1074940 401.2
1074950 401.2
1074960 401.2
1074970 401.2
1074980 401.2
1074990 401.2
1075000 401.1
1075010 401.1
1075020 401.2
1075030 401.2
1075040 401.2
1075050 401.2
1075060 401.2
1075070 401.2
1075080 401.1
1075090 401.1
1075100 401.0
1075110 401.0
1075120 401.0
1075130 401.0
1075140 401.0
1075150 401.0
1075160 401.0
1075170 401.0
1075180 401.0
1075190 401.0
1075200 401.1
1075210 401.1
1075220 401.1
1075230 401.1
1075240 401.1
1075250 401.0
1075260 401.0
1075270 401.0
1075280 401.0
1075290 401.0
1075300 401.0
1075310 401.0
1075320 401.0
1075330 401.0
1075340 401.7
1075350 401.9
1075360 401.7
1075370 401.7
1075380 401.4
1075390 401.4
1075400 401.4
1075410 401.4
1075420 401.3
1075430 401.3
1075440 401.3
1075450 401.1
1075460 401.1
1075470 400.6
1075480 400.7
1075490 400.7
1075500 400.7
1075510 400.5
1075520 400.5
1075530 400.5
1075540 400.7
1075550 400.7
1075560 401.2
1075570 401.3
1075580 401.3
1075590 400.9
1075600 400.6
1075610 400.6
1075620 400.7
1075630 400.7
1075640 400.7
1075650 400.9
1075660 400.8
1075670 400.8
1075680 400.9
1075690 400.9
1075700 400.8
1075710 400.8
1075720 400.7
1075730 400.8
1075740 400.8
1075750 400.9
1075760 400.9
1075770 400.9
1075780 400.9
1075790 401.0
1075800 401.0
1075810 401.0
1075820 400.9
1075830 400.9
1075840 400.8
1075850 400.8
1075860 400.8
1075870 400.7
1075880 401.0
1075890 401.0
1075900 403.7
1075910 405.3
1075920 405.3
1075930 402.9
1075940 401.3
1075950 401.3
1075960 400.9
1075970 400.8
1075980 400.8
1075990 400.6
1076000 400.5
1076010 400.5
1076020 400.5
1076030 400.4
1076040 400.4
1076050 400.4
1076060 400.1
1076070 401.6
1076080 401.6
1076090 403.1
1076100 400.2
1076110 400.2
1076120 398.4
1076130 398.3
1076140 398.3
1076150 398.1
1076160 398.0
1076170 398.0
1076180 398.1
1076190 398.4
1076200 398.4
1076210 402.1
1076220 403.3
1076230 403.3
1076240 402.6
1076250 401.5
1076260 401.5
1076270 401.5
1076280 401.4
1076290 401.4
1076300 401.6
1076310 403.6
1076320 403.6
1076330 405.3
1076340 402.5
1076350 402.5
1076360 400.8
1076370 401.2
1076380 401.3
1076390 401.3
1076400 401.3
1076410 401.2
1076420 401.2
1076430 401.1
1076440 401.0
1076450 401.0
1076460 399.9
1076470 400.6
1076480 400.6
1076490 399.5
1076500 399.1
1076510 399.1
1076520 399.0
1076530 398.1
1076540 398.1
1076550 398.7
1076560 398.9
1076570 398.7
1076580 398.6
1076590 398.6
1076600 398.6
1076610 398.6
1076620 398.5
1076630 398.5
1076640 398.5
1076650 398.4
1076660 398.4
1076670 398.5
1076680 398.5
1076690 398.5
1076700 398.6
1076710 398.6
1076720 398.6
1076730 398.6
1076740 398.5
1076750 398.7
1076760 398.7
1076770 398.6
1076780 398.5
1076790 398.5
1076800 398.5
1076810 398.5
1076820 398.5
1076830 398.6
1076840 398.6
1076850 398.6
1076860 398.6
1076870 398.7
1076880 398.7
1076890 398.8
1076900 398.8
1076910 398.8
1076920 398.8
1076930 398.7
1076940 398.7
1076950 398.7
1076960 398.6
1076970 398.6
1076980 398.7
1076990 398.6
1077000 398.6
1077010 398.5
1077020 398.6
1077030 398.6
1077040 398.5
1077050 398.8
1077060 398.8
1077070 398.8
1077080 398.5
1077090 398.5
1077100 398.5
1077110 398.5
1077120 398.4
1077130 398.4
1077140 398.4
1077150 398.4
1077160 398.4
1077170 398.4
1077180 398.3
1077190 398.4
1077200 398.4
1077210 398.4
1077220 398.4
1077230 398.4
1077240 398.4
1077250 398.4
1077260 398.4
1077270 398.4
1077280 398.4
1077290 398.4
1077300 398.4
1077310 398.4
1077320 398.3
1077330 398.3
1077340 398.3
1077350 398.3
1077360 398.4
1077370 398.4
1077380 398.4
1077390 398.9
1077400 398.9
1077410 398.6
1077420 398.7
1077430 398.7
1077440 398.7
1077450 398.7
1077460 398.7
1077470 398.7
1077480 398.8
1077490 398.8
1077500 398.8
1077510 398.8
1077520 398.8
1077530 398.8
1077540 398.9
1077550 398.9
1077560 398.9
1077570 399.0
1077580 399.0
1077590 399.0
1077600 399.1
1077610 399.3
1077620 399.3
1077630 399.3
1077640 399.4
1077650 399.4
1077660 399.7
1077670 399.7
1077680 399.7
1077690 399.9
1077700 400.0
1077710 400.0
1077720 400.1
1077730 400.1
1077740 400.1
1077750 400.1
1077760 400.2
1077770 400.3
1077780 400.3
1077790 400.2
1077800 400.1
1077810 400.1
1077820 400.2
1077830 400.3
1077840 400.3
1077850 400.4
1077860 400.5
1077870 400.5
1077880 400.6
1077890 400.7
1077900 400.7
1077910 400.8
1077920 400.9
1077930 400.9
1077940 401.0
1077950 401.1
1077960 401.1
1077970 401.2
1077980 401.2
1077990 401.2
1078000 401.4
1078010 402.1
1078020 402.1
1078030 402.9
1078040 402.0
1078050 402.0
1078060 400.6
1078070 399.0
1078080 399.0
1078090 398.5
1078100 400.2
1078110 401.6
1078120 401.6
1078130 403.1
1078140 403.1
1078150 403.1
1078160 402.6
1078170 401.3
1078180 401.3
1078190 400.8
1078200 400.6
1078210 400.6
1078220 400.6
1078230 400.5
1078240 400.5
1078250 400.4
1078260 400.4
1078270 400.4
1078280 400.3
1078290 400.3
1078300 400.3
1078310 400.3
1078320 400.3
1078330 400.3
1078340 400.2
1078350 400.2
1078360 400.2
1078370 400.1
1078380 400.1
1078390 400.1
1078400 400.0
1078410 400.0
1078420 400.0
1078430 399.9
1078440 399.9
1078450 399.9
1078460 399.9
1078470 399.9
1078480 400.1
1078490 400.1
1078500 400.0
1078510 400.1
1078520 400.1
1078530 400.1
1078540 400.0
1078550 400.0
1078560 400.2
1078570 400.3
1078580 400.3
1078590 400.3
1078600 400.3
1078610 400.3
1078620 400.2
1078630 400.1
1078640 400.1
1078650 400.2
1078660 400.4
1078670 400.4
1078680 400.4
1078690 400.3
1078700 400.3
1078710 400.4
1078720 400.5
1078730 400.5
1078740 400.0
1078750 399.8
1078760 399.8
1078770 399.8
1078780 399.8
1078790 399.8
1078800 399.8
1078810 399.9
1078820 400.0
1078830 400.0
1078840 400.0
1078850 400.0
1078860 400.0
1078870 400.0
1078880 400.0
1078890 400.0
1078900 400.0
1078910 400.0
1078920 400.0
1078930 400.0
1078940 399.9
1078950 399.9
1078960 399.9
1078970 399.8
1078980 399.8
1078990 399.8
1079000 399.8
1079010 399.8
1079020 399.8
1079030 399.8
1079040 399.8
1079050 399.8
1079060 399.8
1079070 399.8
1079080 399.7
1079090 399.7
1079100 399.7
1079110 399.7
1079120 399.8
1079130 399.8
1079140 399.8
1079150 399.8
1079160 399.8
1079170 399.8
1079180 399.9
1079190 400.1
1079200 400.1
1079210 400.3
1079220 400.5
1079230 400.5
1079240 400.6
1079250 400.7
1079260 400.7
1079270 400.9
1079280 401.0
1079290 401.0
1079300 401.0
1079310 401.0
1079320 401.0
1079330 401.0
1079340 401.0
1079350 401.0
1079360 400.9
1079370 400.7
1079380 400.7
1079390 400.7
1079400 400.6
1079410 400.6
1079420 400.9
1079430 401.1
1079440 401.1
1079450 401.1
1079460 401.2
1079470 401.2
1079480 401.2
1079490 401.0
1079500 401.0
1079510 401.0
1079520 400.9
1079530 400.8
1079540 400.8
1079550 400.6
1079560 400.5
1079570 400.5
1079580 400.5
1079590 400.6
1079600 400.6
1079610 401.0
1079620 401.0
1079630 401.0
1079640 400.9
1079650 400.8
1079660 400.8
1079670 401.0
1079680 401.1
1079690 401.1
1079700 400.8
1079710 400.6
1079720 400.6
1079730 400.5
1079740 400.6
1079750 400.6
1079760 400.6
1079770 400.5
1079780 400.5
1079790 400.3
1079800 400.3
1079810 400.3
1079820 400.3
1079830 400.3
1079840 400.3
1079850 400.3
1079860 400.3
1079870 400.4
1079880 400.4
1079890 400.3
1079900 400.3
1079910 400.3
1079920 400.2
1079930 400.2
1079940 400.2
1079950 400.2
1079960 400.2
1079970 400.2
1079980 400.1
1079990 400.1
