1068040 460.2
1068050 460.2
1068060 461.0
1068070 459.4
1068080 459.4
1068090 458.3
1068100 457.9
1068110 457.9
1068120 457.3
1068130 456.3
1068140 461.6
1068150 460.9
1068160 457.9
1068170 457.9
1068180 454.4
1068190 451.6
1068200 451.6
1068210 449.9
1068220 449.1
1068230 449.1
1068240 449.6
1068250 448.6
1068260 448.6
1068270 445.9
1068280 443.2
1068290 443.2
1068300 440.3
1068310 437.2
1068320 437.2
1068330 434.0
1068340 431.6
1068350 431.6
1068360 429.1
1068370 427.0
1068380 425.5
1068390 425.5
1068400 424.2
1068410 422.7
1068420 422.7
1068430 421.2
1068440 419.5
1068450 421.7
1068460 419.9
1068470 418.8
1068480 418.8
1068490 418.2
1068500 417.5
1068510 417.5
1068520 416.3
1068530 415.0
1068540 415.0
1068550 414.3
1068560 413.6
1068570 413.6
1068580 411.6
1068590 410.6
1068600 410.6
1068610 410.5
1068620 409.5
1068630 409.5
1068640 408.9
1068650 408.2
1068660 408.2
1068670 409.6
1068680 408.4
1068690 408.4
1068700 407.5
1068710 406.5
1068720 405.7
1068730 405.7
1068740 405.4
1068750 405.1
1068760 406.8
1068770 406.3
1068780 405.6
1068790 405.6
1068800 405.4
1068810 404.2
1068820 404.2
1068830 403.6
1068840 403.8
1068850 403.8
1068860 403.1
1068870 402.1
1068880 402.1
1068890 401.6
1068900 401.2
1068910 401.2
1068920 400.9
1068930 400.4
1068940 400.4
1068950 400.6
1068960 401.7
1068970 401.7
1068980 402.6
1068990 402.9
1069000 402.9
1069010 402.6
1069020 400.9
1069030 400.9
1069040 400.8
1069050 400.1
1069060 400.1
1069070 402.0
1069080 400.6
1069090 399.9
1069100 399.9
1069110 399.4
1069120 399.5
1069130 399.5
1069140 399.5
1069150 399.6
1069160 399.6
1069170 399.7
1069180 399.9
1069190 399.9
1069200 399.6
1069210 399.5
1069220 399.5
1069230 399.8
1069240 399.6
1069250 399.6
1069260 399.5
1069270 399.3
1069280 399.3
1069290 399.1
1069300 399.2
1069310 399.2
1069320 399.2
1069330 399.1
1069340 399.1
1069350 399.1
1070220 399.9
1070230 399.9
1070240 399.9
1070250 399.9
1070260 399.9
1070270 399.9
1070280 400.0
1070290 402.4
1070300 402.4
1070310 403.1
1070320 400.3
1070330 400.3
1070340 400.0
1070350 400.0
1070360 400.0
1070370 400.1
1070380 400.4
1070390 400.4
1070400 400.7
1070410 400.7
1070420 400.7
1070430 400.7
1070440 400.7
1070450 400.9
1070460 400.9
1070470 400.9
1070480 401.0
1070490 401.0
1070500 401.2
1070510 401.4
1070520 401.4
1070530 401.4
1070540 401.4
1070550 401.4
1070560 401.4
1070570 401.5
1070580 401.5
1070590 401.4
1070600 401.5
1070610 401.4
1070620 401.4
1070630 398.9
1070640 398.9
1070650 395.9
1070660 395.8
1070670 395.8
1070680 395.9
1070690 396.0
1070700 396.0
1070710 397.1
1070720 398.2
1070730 398.2
1070740 396.6
1070750 395.6
1070760 395.6
1070770 397.4
1070780 398.1
1070790 398.6
1070800 398.6
1070810 398.8
1070820 399.0
1070830 399.0
1070840 399.0
1070850 398.9
1070860 398.9
1070870 398.9
1070880 398.8
1070890 398.8
1070900 399.9
1070910 402.1
1070920 402.1
1070930 402.2
1070940 401.9
1070950 401.9
1070960 401.4
1070970 401.4
1070980 401.4
1070990 402.5
1071000 403.2
1071010 403.2
1071020 403.0
1071030 402.4
1071040 402.4
1071050 401.7
1071060 401.2
1071070 401.2
1071080 401.2
1071090 401.2
1071100 401.2
1071110 401.2
1071120 401.1
1071130 401.1
1071140 401.9
1071150 401.6
1071160 401.2
1071170 401.2
1071180 401.2
1071190 401.4
1071200 401.4
1071210 401.1
1071220 401.1
1071230 401.1
1071240 401.3
1071250 400.9
1071260 400.9
1071270 400.8
1071280 401.2
1071290 401.2
1071300 401.2
1071310 400.4
1071320 400.4
1071330 400.2
1071340 400.2
1071350 400.2
1071360 400.2
1071370 400.2
1071380 400.2
1071390 400.1
1071400 400.3
1071410 400.3
1071420 401.0
1071430 400.6
1071440 400.6
1071450 400.1
1071460 400.0
1071470 400.0
1071480 400.0
1071490 401.1
1071500 400.9
1071510 400.9
1071520 400.0
1071530 399.9
1071540 399.9
1071550 400.0
1071560 400.1
1071570 400.1
1071580 400.3
1071590 400.6
1071600 400.6
1071610 400.7
1071620 400.4
1071630 400.4
1071640 400.3
1071650 400.5
1071660 400.5
1071670 400.1
1071680 400.3
1071690 400.3
1071700 400.4
1071710 400.4
1071720 400.4
1071730 400.7
1071740 400.6
1071750 400.6
1071760 400.4
1071770 400.3
1071780 400.3
1071790 400.4
1071800 400.5
1071810 400.5
1071820 400.4
1071830 400.4
1071840 400.7
1071850 400.7
1071860 400.9
1071870 401.1
1071880 401.1
1071890 401.0
1071900 401.0
1071910 401.0
1071920 400.8
1071930 400.6
1071940 400.6
1071950 400.5
1071960 400.4
1071970 400.4
1071980 400.5
1071990 400.6
1072000 400.6
1072010 400.6
1072020 400.6
1072030 400.6
1072040 400.6
1072050 400.5
1072060 400.5
1072070 400.4
1072080 400.6
1072090 400.6
1072100 400.8
1072110 400.9
1072120 400.9
1072130 400.9
1072140 400.8
1072150 401.3
1072160 400.9
1072170 400.9
1072180 401.5
1072190 401.5
1072200 401.7
1072210 401.0
1072220 401.0
1072230 401.0
1072240 401.1
1072250 401.1
1072260 401.2
1072270 401.3
1072280 401.3
1072290 401.3
1072300 401.4
1072310 401.4
1072320 401.3
1072330 401.2
1072340 401.2
1072350 401.0
1072360 400.9
1072370 400.9
1072380 401.0
1072390 401.0
1072400 401.0
1072410 401.0
1072420 401.0
1072430 401.0
1072440 401.0
1072450 401.0
1072460 400.9
1072470 401.0
1072480 400.9
1072490 400.9
1072500 400.8
1072510 400.9
1072520 401.4
1072530 401.4
1072540 402.1
1072550 401.4
1072560 401.4
1072570 400.9
1072580 400.6
1072590 400.6
1072600 400.6
1072610 400.6
1072620 400.6
1072630 400.6
1072640 400.8
1072650 400.8
1072660 400.8
1072670 401.0
1072680 401.0
1072690 401.1
1072700 401.2
1072710 401.2
1072720 401.1
1072730 401.0
1072740 401.0
1072750 401.1
1072760 401.6
1072770 401.7
1072780 401.6
1072790 401.7
1072800 401.7
1072810 401.9
1072820 402.1
1072830 402.1
1072840 401.3
1072850 401.5
1072860 401.7
1072870 401.7
1072880 401.4
1072890 400.3
1072900 400.3
1072910 401.5
1072920 401.8
1072930 401.8
1072940 401.8
1072950 401.8
1072960 401.8
1072970 401.9
1072980 401.8
1072990 401.8
1073000 401.9
1073010 401.8
1073020 401.8
1073030 401.6
1073040 401.6
1073050 401.6
1073060 401.6
1073070 401.3
1073080 401.2
1073090 401.2
1073100 401.2
1073110 401.2
1073120 401.3
1073130 401.1
1073140 401.1
1073150 401.3
1073160 401.5
1073170 401.5
1073180 401.4
1073190 401.3
1073200 401.3
1073210 401.0
1073220 400.8
1073230 400.8
1073240 400.8
1073250 400.9
1073260 400.9
1073270 400.9
1073280 400.9
1073290 400.7
1073300 400.7
1073310 400.6
1073320 400.6
1073330 400.6
1073340 400.8
1073350 400.7
1073360 400.7
1073370 400.6
1073380 400.7
1073390 400.9
1073400 400.8
1073410 400.9
1073420 400.9
1073430 400.9
1073440 401.0
1073450 401.0
1073460 401.0
1073470 401.2
1073480 401.2
1073490 401.1
1073500 401.0
1073510 401.0
1073520 401.0
1073530 401.1
1073540 401.1
1073550 401.2
1073560 401.5
1073570 401.5
1073580 401.5
1073590 401.4
1073600 401.3
1073610 401.3
1073620 401.3
1073630 401.2
1073640 401.2
1073650 400.9
1073660 400.7
1073670 400.7
1073680 400.7
1073690 400.6
1073700 400.9
1073710 401.0
1073720 400.9
1073730 400.9
1073740 400.8
1073750 400.9
1073760 400.9
1073770 400.9
1073780 401.0
1073790 401.0
1073800 400.8
1073810 400.6
1073820 400.6
1073830 400.5
1073840 400.5
1073850 400.5
1073860 400.5
1073870 400.4
1073880 400.4
1073890 400.5
1073900 400.4
1073910 400.4
1073920 400.4
1073930 400.6
1073940 400.5
1073950 400.5
1073960 400.5
1073970 400.7
1073980 400.7
1073990 400.8
1074000 400.6
1074010 400.6
1074020 400.6
1074030 400.6
1074040 400.6
1074050 400.6
1074060 401.7
1074070 401.7
1074080 401.6
1074090 400.6
1074100 400.6
1074110 400.4
1074120 400.5
1074130 400.5
1074140 400.5
1074150 400.7
1074160 400.7
1074170 400.7
1074180 400.7
1074190 400.7
1074200 400.7
1074210 401.0
1074220 401.0
1074230 401.2
1074240 401.1
1074250 401.1
1074260 401.1
1074270 401.2
1074280 401.5
1074290 401.5
1074300 401.5
1074310 401.0
1074320 401.0
1074330 400.8
1074340 400.8
1074350 400.8
1074360 400.7
1074370 400.6
1074380 400.6
1074390 400.6
1074400 400.9
1074410 400.9
1074420 400.8
1074430 401.1
1074440 401.1
1074450 401.4
1074460 401.3
1074470 401.3
1074480 400.8
1074490 400.5
1074500 400.5
1074510 400.6
1074520 400.4
1074530 400.4
1074540 400.2
1074550 400.3
1074560 400.3
1074570 400.7
1074580 401.1
1074590 401.0
1074600 401.0
1074610 400.7
1074620 400.8
1074630 400.8
1074640 400.8
1074650 400.8
1074660 400.8
1074670 400.9
1074680 400.9
1074690 400.9
1074700 400.8
1074710 400.9
1074720 400.9
1074730 400.7
1074740 400.7
1074750 400.7
1074760 400.8
1074770 400.7
1074780 400.7
1074790 400.6
1074800 400.6
1074810 400.6
1074820 400.7
1074830 400.7
1074840 400.7
1074850 400.7
1074860 400.8
1074870 400.8
1074880 400.7
1074890 401.2
1074900 401.2
1074910 401.3
1074920 400.9
1074930 400.8
1074940 400.8
1074950 400.8
1074960 400.8
1074970 400.8
1074980 400.8
1074990 400.9
1075000 400.9
1075010 400.9
1075020 401.1
1075030 401.1
1075040 400.9
1075050 400.6
1075060 400.6
1075070 400.7
1075080 400.9
1075090 400.9
1075100 401.1
1075110 401.0
1075120 401.0
1075130 401.6
1075140 401.8
1075150 401.8
1075160 401.6
1075170 400.9
1075180 400.9
1075190 400.9
1075200 400.8
1075210 400.8
1075220 400.7
1075230 400.7
1075240 400.7
1075250 400.7
1075260 400.7
1075270 400.7
1075280 400.6
1075290 400.4
1075300 400.3
1075310 400.3
1075320 400.2
1075330 400.4
1075340 400.4
1075350 400.6
1075360 401.0
1075370 401.0
1075380 401.1
1075390 400.9
1075400 400.9
1075410 400.9
1075420 400.9
1075430 400.9
1075440 400.8
1075450 400.7
1075460 400.7
1075470 400.7
1075480 400.7
1075490 400.7
1075500 400.7
1075510 400.6
1075520 400.6
1075530 400.6
1075540 400.6
1075550 400.6
1075560 400.7
1075570 400.9
1075580 400.9
1075590 400.7
1075600 400.5
1075610 400.5
1075620 399.6
1075630 399.3
1075640 399.4
1075650 399.4
1075660 399.4
1075670 399.3
1075680 399.3
1075690 399.5
1075700 400.2
1075710 400.2
1075720 399.3
1075730 399.3
1075740 399.3
1075750 399.3
1075760 399.3
1075770 399.3
1075780 399.5
1075790 399.4
1075800 399.4
1075810 399.7
1075820 399.9
1075830 399.9
1075840 399.9
1075850 399.9
1075860 399.9
1075870 399.9
1075880 399.9
1075890 399.9
1075900 399.9
1075910 399.9
1075920 399.9
1075930 399.9
1075940 399.9
1075950 399.9
1075960 399.9
1075970 399.9
1075980 399.8
1075990 399.8
1076000 399.8
1076010 399.8
1076020 399.8
1076030 399.7
1076040 399.7
1076050 399.7
1076060 400.5
1076070 404.1
1076080 404.1
1076090 404.1
1076100 401.3
1076110 401.3
1076120 400.6
1076130 400.5
1076140 400.5
1076150 400.4
1076160 400.3
1076170 400.3
1076180 400.2
1076190 400.1
1076200 400.1
1076210 399.9
1076220 399.9
1076230 399.9
1076240 400.6
1076250 402.9
1076260 402.9
1076270 400.9
1076280 398.1
1076290 398.1
1076300 398.0
1076310 398.0
1076320 398.0
1076330 398.0
1076340 398.0
1076350 399.7
1076360 399.7
1076370 402.8
1076380 402.5
1076390 402.5
1076400 400.8
1076410 401.0
1076420 401.0
1076430 401.1
1076440 401.0
1076450 401.0
1076460 401.9
1076470 404.6
1076480 404.6
1076490 403.5
1076500 400.9
1076510 400.8
1076520 400.1
1076530 400.3
1076540 400.3
1076550 400.8
1076560 400.9
1076570 400.9
1076580 401.0
1076590 401.0
1076600 401.0
1076610 400.9
1076620 400.7
1076630 400.7
1076640 400.3
1076650 399.8
1076660 399.5
1076670 399.5
1076680 400.1
1076690 400.0
1076700 400.0
1076710 399.9
1076720 399.7
1076730 399.7
1076740 397.9
1076750 398.2
1076760 398.2
1076770 399.0
1076780 399.1
1076790 399.1
1076800 399.2
1076810 399.3
1076820 399.3
1076830 399.3
1076840 399.0
1076850 399.0
1076860 398.8
1076870 398.9
1076880 398.9
1076890 399.5
1076900 400.5
1076910 400.5
1076920 401.3
1076930 402.7
1076940 402.7
1076950 403.3
1076960 401.0
1076970 401.0
1076980 400.1
1076990 400.5
1077000 400.4
1077010 400.4
1077020 400.4
1077030 400.4
1077040 400.4
1077050 400.6
1077060 400.5
1077070 400.5
1077080 400.4
1077090 400.4
1077100 400.4
1077110 400.9
1077120 402.6
1077130 402.6
1077140 400.4
1077150 399.8
1077160 399.8
1077170 399.8
1077180 400.0
1077190 400.0
1077200 401.9
1077210 406.3
1077220 406.3
1077230 410.7
1077240 414.2
1077250 414.2
1077260 416.6
1077270 419.1
1077280 419.1
1077290 420.9
1077300 422.3
1077310 422.3
1077320 424.4
1077330 428.8
1077340 432.9
1077350 432.9
1077360 433.6
1077370 433.3
1077380 433.3
1077390 429.8
1077400 425.5
1077410 425.5
1077420 424.3
1077430 425.8
1077440 425.8
1077450 426.5
1077460 426.7
1077470 426.7
1077480 426.9
1077490 426.8
1077500 426.8
1077510 427.3
1077520 426.7
1077530 426.7
1077540 423.5
1077550 419.7
1077560 419.7
1077570 416.4
1077580 414.4
1077590 414.4
1077600 412.2
1077610 409.3
1077620 409.3
1077630 407.6
1077640 404.5
1077650 404.5
1077660 401.5
1077670 399.5
1077680 399.5
1077690 397.2
1077700 398.7
1077710 400.5
1077720 400.5
1077730 401.9
1077740 400.8
1077750 400.8
1077760 399.8
1077770 399.8
1077780 399.8
1077790 399.7
1077800 399.5
1077810 399.5
1077820 399.4
1077830 399.4
1077840 399.4
1077850 399.3
1077860 399.3
1077870 399.3
1077880 399.3
1077890 399.3
1077900 399.3
1077910 399.3
1077920 399.4
1077930 399.4
1077940 399.3
1077950 399.3
1077960 399.3
1077970 399.3
1077980 399.3
1077990 399.3
1078000 399.3
1078010 399.3
1078020 399.3
1078030 399.0
1078040 399.1
1078050 399.2
1078060 399.2
1078070 399.1
1078080 399.3
1078090 399.3
1078100 399.4
1078110 399.3
1078120 399.3
1078130 399.3
1078140 399.2
1078150 399.2
1078160 399.2
1078170 399.2
1078180 399.2
1078190 399.2
1078200 399.2
1078210 399.2
1078220 399.2
1078230 399.1
1078240 399.1
1078250 399.2
1078260 399.2
1078270 399.2
1078280 399.1
1078290 399.2
1078300 399.2
1078310 399.2
1078320 399.0
1078330 399.0
1078340 398.9
1078350 399.0
1078360 399.0
1078370 399.0
1078380 399.1
1078390 399.1
1078400 399.0
1078410 399.0
1078420 398.9
1078430 398.9
1078440 399.2
1078450 399.4
1078460 399.4
1078470 399.4
1078480 399.3
1078490 399.3
1078500 399.5
1078510 399.5
1078520 399.5
1078530 399.4
1078540 399.3
1078550 399.3
1078560 399.5
1078570 399.6
1078580 399.6
1078590 399.6
1078600 399.5
1078610 399.5
1078620 399.5
1078630 399.6
1078640 399.6
1078650 399.5
1078660 399.5
1078670 399.5
1078680 399.5
1078690 399.5
1078700 399.5
1078710 399.4
1078720 399.5
1078730 399.6
1078740 399.6
1078750 399.5
1078760 399.5
1078770 399.5
1078780 399.6
1078790 399.6
1078800 399.6
1078810 399.6
1078820 399.6
1078830 399.6
1078840 399.6
1078850 399.6
1078860 399.6
1078870 399.5
1078880 399.5
1078890 399.5
1078900 399.5
1078910 399.5
1078920 399.5
1078930 399.7
1078940 399.7
1078950 399.7
1078960 399.7
1078970 399.7
1078980 399.7
1078990 399.7
1079000 399.7
1079010 399.7
1079020 399.7
1079030 400.0
1079040 400.0
1079050 400.1
1079060 400.0
1079070 399.8
1079080 399.8
1079090 399.8
1079100 399.9
1079110 399.9
1079120 399.9
1079130 399.8
1079140 399.8
1079150 400.1
1079160 400.3
1079170 400.3
1079180 400.3
1079190 399.9
1079200 399.9
1079210 400.2
1079220 400.2
1079230 400.2
1079240 400.0
1079250 399.9
1079260 399.9
1079270 399.9
1079280 400.0
1079290 400.0
1079300 399.9
1079310 399.9
1079320 399.9
1079330 400.0
1079340 400.5
1079350 400.5
1079360 400.6
1079370 400.3
1079380 400.3
1079390 400.2
1079400 400.1
1079410 400.0
1079420 400.0
1079430 400.0
1079440 400.0
1079450 400.0
1079460 400.0
1079470 400.1
1079480 400.1
1079490 400.1
1079500 400.1
1079510 400.1
1079520 400.1
1079530 400.1
1079540 400.1
1079550 400.1
1079560 400.0
1079570 400.0
1079580 399.8
1079590 399.8
1079600 399.8
1079610 399.8
1079620 399.7
1079630 399.7
1079640 399.5
1079650 399.5
1079660 399.7
1079670 399.6
1079680 399.5
1079690 399.5
1079700 399.4
1079710 399.6
1079720 399.6
1079730 399.8
1079740 399.9
1079750 399.7
1079760 399.7
1079770 399.6
1079780 399.5
1079790 399.5
1079800 399.7
1079810 399.8
1079820 399.8
1079830 399.7
1079840 399.5
1079850 399.5
1079860 399.5
1079870 399.5
1079880 399.5
1079890 399.5
1079900 399.4
1079910 399.4
1079920 399.3
1079930 399.3
1079940 399.3
1079950 399.3
1079960 399.3
1079970 399.3
1079980 399.3
1079990 399.3
