1070470 400.7
1070480 400.7
1070490 400.5
1070500 400.2
1070510 400.2
1070520 400.2
1070530 400.1
1070540 400.1
1070550 400.2
1070560 400.2
1070570 400.2
1070580 400.2
1070590 400.3
1070600 400.3
1070610 400.3
1070620 400.2
1070630 400.2
1070640 400.2
1070650 400.4
1070660 400.4
1070670 400.5
1070680 400.6
1070690 400.6
1070700 400.6
1070710 400.6
1070720 400.6
1070730 400.6
1070740 400.7
1070750 400.7
1070760 400.7
1070770 400.8
1070780 400.9
1070790 400.9
1070800 401.1
1070810 401.1
1070820 401.1
1070830 401.1
1070840 401.2
1070850 401.2
1070860 401.3
1070870 401.2
1070880 401.2
1070890 400.9
1070900 400.7
1070910 400.7
1070920 400.1
1070930 399.0
1070940 399.0
1070950 398.3
1070960 398.2
1070970 398.2
1070980 398.2
1070990 398.5
1071000 398.5
1071010 398.1
1071020 396.2
1071030 396.0
1071040 396.0
1071050 396.2
1071060 397.5
1071070 397.5
1071080 397.7
1071090 396.5
1071100 396.5
1071110 395.7
1071120 395.5
1071130 395.5
1071140 395.6
1071150 395.9
1071160 395.9
1071170 397.7
1071180 398.9
1071190 398.9
1071200 399.1
1071210 399.5
1071220 399.5
1071230 399.5
1071240 399.3
1071250 399.3
1071260 400.0
1071270 400.9
1071280 400.9
1071290 401.6
1071300 402.0
1071310 402.0
1071320 402.3
1071330 402.5
1071340 402.2
1071350 402.5
1071360 402.4
1071370 401.9
1071380 401.9
1071390 401.0
1071400 402.2
1071410 402.2
1071420 402.2
1071430 402.5
1071440 402.5
1071450 402.4
1071460 402.3
1071470 402.3
1071480 402.4
1071490 402.3
1071500 402.3
1071510 402.0
1071520 401.6
1071530 401.6
1071540 401.6
1071550 401.7
1071560 401.7
1071570 401.7
1071580 402.2
1071590 402.2
1071600 402.7
1071610 403.2
1071620 403.2
1071630 403.8
1071640 404.0
1071650 402.2
1071660 402.8
1071670 403.3
1071680 403.3
1071690 403.5
1071700 403.7
1071710 403.8
1071720 403.8
1071730 403.8
1071740 403.5
1071750 403.5
1071760 403.4
1071770 403.4
1071780 403.4
1071790 403.4
1071800 403.3
1071810 403.3
1071820 403.2
1071830 403.0
1071840 403.0
1071850 402.9
1071860 402.7
1071870 402.7
1071880 402.5
1071890 402.6
1071900 402.6
1071910 402.8
1071920 402.3
1071930 402.3
1071940 401.6
1071950 401.4
1071960 402.9
1071970 402.8
1071980 402.6
1071990 402.6
1072000 402.4
1072010 402.2
1072020 402.2
1072030 402.1
1072040 401.9
1072050 401.9
1072060 401.8
1072070 401.7
1072080 401.6
1072090 401.6
1072100 401.4
1072110 401.3
1072120 401.3
1072130 401.3
1072140 401.4
1072150 401.4
1072160 401.6
1072170 401.5
1072180 401.5
1072190 401.5
1072200 401.4
1072210 401.4
1072220 401.3
1072230 401.4
1072240 401.4
1072250 401.4
1072260 401.4
1072270 401.5
1072280 401.4
1072290 401.4
1072300 401.4
1072310 401.4
1072320 401.7
1072330 401.7
1072340 401.9
1072350 401.9
1072360 401.9
1072370 401.9
1072380 401.9
1072390 401.9
1072400 401.9
1072410 401.9
1072420 401.9
1072430 401.9
1072440 401.9
1072450 401.9
1072460 401.9
1072470 401.8
1072480 401.7
1072490 401.7
1072500 401.9
1072510 401.9
1072520 401.9
1072530 401.8
1072540 401.5
1072550 401.5
1072560 401.5
1072570 401.3
1072580 402.1
1072590 401.0
1072600 401.2
1072610 401.2
1072620 401.3
1072630 401.3
1072640 401.3
1072650 401.1
1072660 401.3
1072670 401.3
1072680 401.2
1072690 401.7
1072700 401.7
1072710 401.9
1072720 402.3
1072730 402.3
1072740 402.0
1072750 401.4
1072760 401.6
1072770 401.6
1072780 401.6
1072790 401.6
1072800 401.6
1072810 401.7
1072820 401.8
1072830 401.8
1072840 401.8
1072850 401.7
1072860 401.7
1072870 401.8
1072880 402.0
1072890 402.0
1072900 402.1
1072910 402.1
1072920 402.1
1072930 402.5
1072940 402.5
1072950 402.5
1072960 402.4
1072970 402.1
1072980 402.1
1072990 402.1
1073000 401.9
1073010 401.9
1073020 401.7
1073030 401.9
1073040 401.9
1073050 402.6
1073060 403.6
1073070 403.6
1073080 403.6
1073090 403.4
1073100 403.0
1073110 403.0
1073120 402.7
1073130 402.0
1073140 402.0
1073150 402.0
1073160 402.0
1073170 402.0
1073180 401.8
1073190 401.6
1073200 401.4
1073210 401.2
1073220 401.5
1073230 401.5
1073240 401.6
1073250 401.5
1073260 401.5
1073270 401.8
1073280 402.0
1073290 402.0
1073300 401.7
1073310 401.5
1073320 401.5
1073330 401.5
1073340 401.6
1073350 401.6
1073360 401.7
1073370 401.6
1073380 401.6
1073390 401.5
1073400 401.5
1073410 401.5
1073420 401.3
1073430 401.4
1073440 401.5
1073450 401.5
1073460 401.7
1073470 401.9
1073480 401.9
1073490 401.7
1073500 401.6
1073510 401.5
1073520 401.4
1073530 401.4
1073540 401.4
1073550 401.5
1073560 401.6
1073570 401.6
1073580 401.9
1073590 402.0
1073600 402.0
1073610 401.7
1073620 402.4
1073630 402.4
1073640 401.6
1073650 401.9
1073660 401.9
1073670 401.8
1073680 401.7
1073690 401.7
1073700 401.8
1073710 401.7
1073720 401.7
1073730 401.7
1073740 401.8
1073750 401.8
1073760 401.7
1073770 401.8
1073780 402.1
1073790 402.1
1073800 402.2
1073810 402.0
1073820 401.7
1073830 401.9
1073840 402.0
1073850 402.0
1073860 401.9
1073870 401.4
1073880 401.4
1073890 401.2
1073900 401.2
1073910 401.2
1073920 401.2
1073930 401.3
1073940 401.3
1073950 401.3
1073960 401.4
1073970 401.4
1073980 401.2
1073990 401.2
1074000 401.2
1074010 401.2
1074020 401.4
1074030 401.4
1074040 401.7
1074050 402.1
1074060 402.1
1074070 402.2
1074080 402.2
1074090 402.2
1074100 401.7
1074110 401.6
1074120 401.6
1074130 401.6
1074140 401.6
1074150 401.6
1074160 401.6
1074170 401.6
1074180 401.6
1074190 401.6
1074200 401.5
1074210 401.5
1074220 401.5
1074230 401.5
1074240 401.5
1074250 401.5
1074260 401.6
1074270 401.5
1074280 401.5
1074290 401.4
1074300 401.5
1074310 401.5
1074320 401.6
1074330 401.6
1074340 401.6
1074350 401.7
1074360 401.8
1074370 401.8
1074380 401.9
1074390 402.1
1074400 402.1
1074410 402.2
1074420 402.2
1074430 402.2
1074440 402.4
1074450 402.0
1074460 402.0
1074470 401.6
1074480 402.1
1074490 402.2
1074500 402.2
1074510 402.6
1074520 402.6
1074530 402.6
1074540 402.5
1074550 402.2
1074560 402.2
1074570 401.9
1074580 401.6
1074590 401.6
1074600 401.4
1074610 402.3
1074620 402.3
1074630 402.7
1074640 402.4
1074650 402.4
1074660 402.2
1074670 401.8
1074680 401.8
1074690 401.4
1074700 401.4
1074710 401.4
1074720 401.5
1074730 401.3
1074740 401.3
1074750 401.2
1074760 400.8
1074770 400.8
1074780 400.9
1074790 401.2
1074800 401.2
1074810 401.4
1074820 401.4
1074830 401.2
1074840 401.2
1074850 400.9
1074860 400.7
1074870 400.7
1074880 400.6
1074890 400.5
1074900 400.5
1074910 400.5
1074920 400.6
1074930 400.6
1074940 400.6
1074950 400.7
1074960 400.7
1074970 400.7
1074980 400.7
1074990 400.7
1075000 400.7
1075010 401.0
1075020 401.0
1075030 401.3
1075040 400.9
1075050 400.9
1075060 400.5
1075070 400.7
1075080 400.7
1075090 400.8
1075100 401.0
1075110 401.0
1075120 400.8
1075130 400.5
1075140 400.5
1075150 400.4
1075160 400.6
1075170 400.6
1075180 400.6
1075190 400.3
1075200 400.3
1075210 400.3
1075220 400.4
1075230 400.7
1075240 400.7
1075250 400.9
1075260 401.1
1075270 401.1
1075280 401.1
1075290 400.7
1075300 400.7
1075310 400.6
1075320 400.6
1075330 400.6
1075340 400.6
1075350 400.6
1075360 400.6
1075370 400.9
1075380 401.2
1075390 401.2
1075400 401.2
1075410 401.2
1075420 401.2
1075430 401.4
1075440 401.0
1075450 401.0
1075460 401.1
1075470 401.2
1075480 401.2
1075490 401.1
1075500 400.9
1075510 400.8
1075520 400.8
1075530 401.2
1075540 401.2
1075550 401.2
1075560 400.8
1075570 400.6
1075580 400.6
1075590 400.6
1075600 400.7
1075610 400.7
1075620 400.7
1075630 400.7
1075640 400.7
1075650 400.6
1075660 400.6
1075670 400.6
1075680 400.5
1075690 400.6
1075700 400.6
1075710 400.5
1075720 400.6
1075730 400.6
1075740 400.8
1075750 400.8
1075760 400.8
1075770 400.8
1075780 400.8
1075790 400.8
1075800 400.8
1075810 400.9
1075820 400.9
1075830 401.0
1075840 400.8
1075850 400.9
1075860 400.9
1075870 401.0
1075880 401.1
1075890 401.1
1075900 401.1
1075910 401.1
1075920 401.1
1075930 401.5
1075940 401.7
1075950 401.7
1075960 401.1
1075970 401.2
1075980 401.2
1075990 403.5
1076000 405.1
1076010 404.2
1076020 401.8
1076030 400.9
1076040 400.9
1076050 400.8
1076060 400.7
1076070 400.7
1076080 400.6
1076090 400.5
1076100 400.5
1076110 400.4
1076120 400.3
1076130 400.3
1076140 400.3
1076150 400.1
1076160 400.1
1076170 401.8
1076180 402.8
1076190 399.9
1076200 399.9
1076210 398.1
1076220 398.0
1076230 398.0
1076240 398.0
1076250 397.9
1076260 397.9
1076270 398.0
1076280 399.4
1076290 399.4
1076300 403.0
1076310 403.2
1076320 402.9
1076330 401.2
1076340 401.3
1076350 401.3
1076360 401.3
1076370 401.3
1076380 401.3
1076390 402.2
1076400 404.8
1076410 404.8
1076420 403.7
1076430 401.3
1076440 401.3
1076450 400.9
1076460 401.0
1076470 401.0
1076480 401.0
1076490 401.1
1076500 401.1
1076510 401.1
1076520 401.1
1076530 400.8
1076540 400.8
1076550 400.4
1076560 400.5
1076570 400.5
1076580 400.0
1076590 399.7
1076600 399.7
1076610 398.8
1076620 397.8
1076630 398.1
1076640 399.1
1076650 399.2
1076660 399.2
1076670 399.3
1076680 399.1
1076690 399.1
1076700 399.0
1076710 398.9
1076720 398.9
1076730 398.9
1076740 398.8
1076750 398.8
1076760 398.9
1076770 399.0
1076780 399.0
1076790 399.0
1076800 398.8
1076810 398.8
1076820 398.6
1076830 398.6
1076840 398.6
1076850 398.5
1076860 398.5
1076870 398.8
1076880 398.8
1076890 399.1
1076900 398.9
1076910 398.9
1076920 398.9
1076930 398.9
1076940 398.8
1076950 398.9
1076960 399.0
1076970 399.0
1076980 399.1
1076990 398.9
1077000 398.9
1077010 398.9
1077020 398.9
1077030 398.9
1077040 398.8
1077050 398.7
1077060 398.7
1077070 398.7
1077080 398.6
1077090 398.6
1077100 398.6
1077110 398.6
1077120 398.6
1077130 398.5
1077140 398.5
1077150 398.5
1077160 398.6
1077170 398.6
1077180 398.6
1077190 398.6
1077200 398.5
1077210 398.5
1077220 398.5
1077230 398.5
1077240 398.5
1077250 398.5
1077260 398.5
1077270 398.5
1077280 398.5
1077290 398.5
1077300 398.6
1077310 398.6
1077320 398.7
1077330 398.7
1077340 398.7
1077350 398.7
1077360 398.7
1077370 398.7
1077380 398.8
1077390 398.8
1077400 398.8
1077410 398.9
1077420 399.0
1077430 399.0
1077440 399.4
1077450 399.5
1077460 399.5
1077470 399.7
1077480 400.8
1077490 400.8
1077500 401.4
1077510 402.0
1077520 402.0
1077530 401.7
1077540 400.5
1077550 400.5
1077560 400.3
1077570 400.7
1077580 401.1
1077590 401.1
1077600 400.6
1077610 400.6
1077620 400.6
1077630 400.7
1077640 400.6
1077650 400.6
1077660 400.6
1077670 400.8
1077680 400.8
1077690 401.1
1077700 401.3
1077710 401.3
1077720 401.1
1077730 401.3
1077740 401.3
1077750 401.4
1077760 401.9
1077770 401.9
1077780 402.4
1077790 402.2
1077800 402.2
1077810 400.5
1077820 398.4
1077830 398.4
1077840 397.7
1077850 399.9
1077860 399.9
1077870 401.6
1077880 402.7
1077890 402.1
1077900 402.6
1077910 401.4
1077920 400.3
1077930 400.3
1077940 400.2
1077950 400.1
1077960 400.1
1077970 400.1
1077980 400.2
1077990 400.2
1078000 400.2
1078010 400.1
1078020 400.1
1078030 400.0
1078040 399.9
1078050 399.9
1078060 399.8
1078070 399.9
1078080 399.9
1078090 399.8
1078100 399.8
1078110 399.8
1078120 399.8
1078130 399.7
1078140 399.7
1078150 399.8
1078160 399.9
1078170 399.9
1078180 400.0
1078190 399.9
1078200 399.9
1078210 399.9
1078220 399.8
1078230 399.8
1078240 399.7
1078250 399.8
1078260 399.9
1078270 399.9
1078280 399.9
1078290 399.9
1078300 399.9
1078310 399.8
1078320 399.6
1078330 399.6
1078340 399.6
1078350 399.6
1078360 399.6
1078370 399.6
1078380 399.7
1078390 399.7
1078400 399.8
1078410 399.7
1078420 399.7
1078430 399.6
1078440 399.6
1078450 399.6
1078460 399.5
1078470 399.7
1078480 399.7
1078490 399.7
1078500 399.7
1078510 399.5
1078520 399.6
1078530 399.5
1078540 399.5
1078550 399.5
1078560 399.6
1078570 399.6
1078580 399.5
1078590 399.5
1078600 399.6
1078610 399.6
1078620 399.6
1078630 399.5
1078640 399.5
1078650 399.5
1078660 399.6
1078670 399.6
1078680 399.5
1078690 399.5
1078700 399.5
1078710 399.6
1078720 399.5
1078730 399.5
1078740 399.5
1078750 399.7
1078760 399.7
1078770 399.8
1078780 399.5
1078790 399.5
1078800 399.4
1078810 399.4
1078820 399.4
1078830 399.5
1078840 399.7
1078850 399.7
1078860 399.7
1078870 399.5
1078880 399.5
1078890 399.5
1078900 399.6
1078910 399.6
1078920 399.8
1078930 399.7
1078940 399.8
1078950 399.8
1078960 399.8
1078970 400.1
1078980 400.1
1078990 400.1
1079000 399.9
1079010 399.9
1079020 399.9
1079030 400.1
1079040 400.1
1079050 400.1
1079060 400.1
1079070 400.1
1079080 400.1
1079090 400.1
1079100 400.1
1079110 400.0
1079120 399.7
1079130 399.7
1079140 399.6
1079150 399.5
1079160 399.5
1079170 399.4
1079180 399.5
1079190 399.5
1079200 399.6
1079210 399.5
1079220 399.5
1079230 399.6
1079240 399.7
1079250 399.7
1079260 399.7
1079270 399.6
1079280 399.7
1079290 399.7
1079300 399.8
1079310 399.9
1079320 399.9
1079330 400.0
1079340 400.1
1079350 400.1
1079360 400.1
1079370 400.0
1079380 400.0
1079390 400.0
1079400 400.3
1079410 400.3
1079420 400.3
1079430 400.4
1079440 400.4
1079450 400.4
1079460 400.5
1079470 400.5
1079480 400.5
1079490 400.7
1079500 400.7
1079510 400.8
1079520 400.7
1079530 400.7
1079540 400.9
1079550 400.9
1079560 400.9
1079570 400.8
1079580 400.6
1079590 400.6
1079600 400.3
1079610 400.1
1079620 400.0
1079630 400.0
1079640 400.2
1079650 400.4
1079660 400.4
1079670 400.6
1079680 400.5
1079690 400.5
1079700 400.4
1079710 400.2
1079720 400.2
1079730 400.2
1079740 400.1
1079750 400.1
1079760 400.1
1079770 400.1
1079780 400.1
1079790 400.2
1079800 400.2
1079810 400.2
1079820 400.2
1079830 400.1
1079840 400.1
1079850 400.2
1079860 400.1
1079870 400.1
1079880 400.0
1079890 399.7
1079900 399.7
1079910 399.5
1079920 399.5
1079930 399.5
1079940 399.5
1079950 399.4
1079960 399.3
1079970 399.3
1079980 399.3
1079990 399.3
