1067750 433.3
1067760 433.3
1067770 430.1
1067780 425.1
1067790 425.1
1067800 420.2
1067810 417.9
1067820 416.8
1067830 416.8
1067840 415.3
1067850 413.9
1067860 413.9
1067870 414.3
1067880 416.2
1067890 416.2
1067900 417.9
1067910 417.9
1067920 417.9
1067930 417.0
1067940 415.8
1067950 415.8
1067960 414.7
1067970 412.5
1067980 412.5
1067990 411.3
1068000 410.0
1068010 410.0
1068020 408.6
1068030 406.2
1068040 406.2
1068050 403.6
1068060 403.0
1068070 403.0
1068080 403.0
1068090 402.6
1068100 402.6
1068110 401.6
1068120 401.1
1068130 401.1
1068140 400.9
1068150 400.8
1068160 400.5
1068170 400.5
1068180 400.5
1068190 400.7
1068200 400.7
1068210 400.5
1068220 400.8
1068230 400.8
1068240 401.1
1068250 401.1
1068260 401.1
1068270 400.6
1068280 400.0
1068290 400.0
1068300 399.7
1068310 399.6
1068320 399.6
1068330 399.6
1068340 399.6
1068350 399.6
1068360 400.0
1068370 400.9
1068380 400.9
1068390 400.9
1068400 399.4
1068410 399.4
1068420 398.1
1068430 397.5
1068440 397.5
1068450 397.3
1068460 396.5
1068470 396.5
1068480 396.1
1068490 395.4
1068500 395.2
1068510 396.5
1068520 395.9
1068530 395.2
1068540 395.2
1068550 395.1
1068560 395.2
1068570 395.2
1068580 395.5
1068590 395.7
1068600 395.7
1068610 396.4
1068620 397.0
1068630 397.0
1068640 397.5
1068650 397.5
1068660 397.5
1068670 397.4
1068680 397.5
1068690 397.5
1068700 397.5
1068710 397.8
1068720 397.8
1068730 398.1
1068740 398.2
1068750 398.2
1068760 398.2
1068770 398.2
1068780 398.2
1068790 398.2
1068800 398.1
1068810 398.1
1068820 396.6
1068830 395.3
1068840 395.3
1068850 395.2
1068860 395.2
1068870 395.3
1068880 395.3
1068890 395.3
1068900 395.4
1068910 395.4
1068920 396.1
1068930 397.1
1068940 397.1
1068950 397.2
1068960 396.4
1068970 396.4
1068980 395.9
1068990 395.7
1069000 395.7
1069010 396.6
1069020 397.2
1069030 397.2
1069040 396.7
1069050 395.6
1069060 395.6
1069070 395.4
1069080 395.4
1069090 395.4
1069100 395.4
1069110 395.5
1069120 395.5
1069130 396.4
1069140 396.9
1069150 396.9
1069160 396.8
1069170 396.7
1069180 396.7
1069190 397.1
1069200 397.2
1069210 397.4
1069220 397.4
1069230 398.2
1069240 399.4
1069250 399.4
1069260 400.7
1069270 401.0
1069280 401.0
1069290 401.2
1069300 400.4
1069310 400.4
1069320 399.9
1069330 399.5
1069340 399.5
1069350 399.3
1069360 399.2
1069370 399.2
1069380 399.2
1069390 399.2
1069400 399.2
1069410 399.2
1069420 399.2
1069430 399.2
1069440 399.2
1069450 399.2
1069460 399.2
1069470 399.2
1069480 399.1
1069490 399.1
1069500 399.1
1069510 399.1
1069520 399.1
1069530 399.2
1069540 399.2
1069550 399.2
1069560 399.2
1070070 400.1
1070080 400.1
1070090 400.2
1070100 400.3
1070110 400.3
1070120 400.3
1070130 400.3
1070140 400.3
1070150 400.4
1070160 400.4
1070170 400.4
1070180 400.4
1070190 400.6
1070200 400.6
1070210 400.5
1070220 400.6
1070230 400.9
1070240 400.9
1070250 400.8
1070260 400.8
1070270 400.8
1070280 400.9
1070290 401.0
1070300 401.0
1070310 401.1
1070320 401.3
1070330 401.3
1070340 401.5
1070350 401.7
1070360 401.7
1070370 401.8
1070380 402.0
1070390 402.0
1070400 402.0
1070410 402.0
1070420 402.0
1070430 400.4
1070440 396.3
1070450 396.3
1070460 395.9
1070470 395.7
1070480 395.7
1070490 395.7
1070500 395.9
1070510 395.9
1070520 398.3
1070530 398.6
1070540 398.6
1070550 396.0
1070560 395.3
1070570 395.3
1070580 396.2
1070590 397.5
1070600 398.1
1070610 398.1
1070620 398.2
1070630 398.5
1070640 398.5
1070650 398.9
1070660 399.0
1070670 398.7
1070680 399.9
1070690 402.1
1070700 402.1
1070710 402.1
1070720 402.1
1070730 402.1
1070740 402.2
1070750 402.2
1070760 402.2
1070770 401.6
1070780 401.4
1070790 401.4
1070800 403.0
1070810 403.1
1070820 403.1
1070830 401.8
1070840 401.0
1070850 401.0
1070860 400.9
1070870 400.8
1070880 400.8
1070890 400.7
1070900 400.7
1070910 400.7
1070920 400.8
1070930 401.0
1070940 401.0
1070950 401.0
1070960 401.1
1070970 401.1
1070980 401.1
1070990 401.0
1071000 400.6
1071010 400.6
1071020 400.5
1071030 400.7
1071040 400.7
1071050 400.7
1071060 400.8
1071070 400.8
1071080 400.7
1071090 400.7
1071100 400.7
1071110 400.8
1071120 400.9
1071130 400.9
1071140 401.1
1071150 401.3
1071160 401.3
1071170 401.2
1071180 400.9
1071190 400.9
1071200 400.9
1071210 400.6
1071220 400.6
1071230 400.2
1071240 400.2
1071250 400.2
1071260 400.1
1071270 400.3
1071280 400.3
1071290 401.4
1071300 400.3
1071310 400.5
1071320 400.5
1071330 400.2
1071340 400.2
1071350 400.2
1071360 400.2
1071370 400.1
1071380 400.1
1071390 400.1
1071400 400.1
1071410 400.1
1071420 400.2
1071430 401.1
1071440 401.1
1071450 400.9
1071460 400.1
1071470 400.1
1071480 400.0
1071490 399.7
1071500 399.7
1071510 399.6
1071520 399.7
1071530 399.7
1071540 399.9
1071550 400.0
1071560 400.0
1071570 400.1
1071580 399.9
1071590 399.9
1071600 399.9
1071610 400.4
1071620 400.9
1071630 400.9
1071640 400.6
1071650 400.3
1071660 400.3
1071670 400.1
1071680 400.4
1071690 400.4
1071700 400.5
1071710 400.8
1071720 400.8
1071730 401.3
1071740 400.3
1071750 400.3
1071760 400.3
1071770 400.6
1071780 400.6
1071790 400.6
1071800 400.6
1071810 400.6
1071820 400.7
1071830 400.6
1071840 400.6
1071850 400.4
1071860 400.4
1071870 400.4
1071880 400.3
1071890 400.5
1071900 400.5
1071910 400.6
1071920 401.0
1071930 401.0
1071940 400.8
1071950 400.6
1071960 400.6
1071970 400.6
1071980 400.6
1071990 400.5
1072000 400.5
1072010 400.7
1072020 401.0
1072030 401.0
1072040 401.2
1072050 400.9
1072060 400.9
1072070 400.8
1072080 400.9
1072090 400.9
1072100 400.9
1072110 400.8
1072120 400.8
1072130 400.9
1072140 400.8
1072150 400.8
1072160 400.9
1072170 401.0
1072180 401.0
1072190 400.9
1072200 400.8
1072210 400.8
1072220 400.8
1072230 401.1
1072240 401.1
1072250 401.3
1072260 401.0
1072270 401.0
1072280 400.9
1072290 400.9
1072300 400.9
1072310 400.9
1072320 401.0
1072330 402.2
1072340 402.2
1072350 402.0
1072360 400.8
1072370 400.8
1072380 400.5
1072390 400.6
1072400 400.6
1072410 400.7
1072420 400.8
1072430 400.8
1072440 400.7
1072450 400.6
1072460 400.6
1072470 400.6
1072480 401.1
1072490 401.1
1072500 400.9
1072510 400.7
1072520 400.7
1072530 400.6
1072540 400.7
1072550 400.7
1072560 400.5
1072570 400.5
1072580 400.5
1072590 400.4
1072600 400.3
1072610 400.3
1072620 400.5
1072630 400.7
1072640 400.7
1072650 400.7
1072660 400.7
1072670 400.6
1072680 400.6
1072690 400.7
1072700 400.6
1072710 400.6
1072720 400.5
1072730 400.7
1072740 400.7
1072750 400.6
1072760 400.7
1072770 400.7
1072780 400.7
1072790 400.7
1072800 400.7
1072810 401.4
1072820 401.7
1072830 401.7
1072840 401.0
1072850 401.1
1072860 401.1
1072870 401.9
1072880 401.9
1072890 401.9
1072900 401.3
1072910 401.5
1072920 401.5
1072930 401.5
1072940 401.3
1072950 401.3
1072960 401.2
1072970 401.1
1072980 401.1
1072990 401.0
1073000 401.0
1073010 401.0
1073020 401.0
1073030 401.0
1073040 401.0
1073050 401.0
1073060 401.6
1073070 402.6
1073080 402.6
1073090 401.8
1073100 401.4
1073110 401.4
1073120 400.9
1073130 400.8
1073140 400.8
1073150 400.7
1073160 400.7
1073170 400.7
1073180 401.0
1073190 401.3
1073200 401.3
1073210 401.3
1073220 401.3
1073230 401.3
1073240 401.4
1073250 401.3
1073260 401.3
1073270 401.2
1073280 401.2
1073290 401.2
1073300 401.2
1073310 401.0
1073320 401.0
1073330 401.0
1073340 400.7
1073350 400.7
1073360 400.7
1073370 401.3
1073380 401.0
1073390 401.0
1073400 401.0
1073410 401.1
1073420 401.1
1073430 401.0
1073440 400.8
1073450 400.8
1073460 400.7
1073470 400.9
1073480 400.9
1073490 400.9
1073500 400.6
1073510 400.6
1073520 400.7
1073530 400.8
1073540 400.8
1073550 400.7
1073560 401.4
1073570 401.4
1073580 402.3
1073590 402.4
1073600 402.4
1073610 401.3
1073620 400.5
1073630 400.5
1073640 400.5
1073650 400.4
1073660 400.4
1073670 400.5
1073680 400.4
1073690 400.4
1073700 400.4
1073710 400.4
1073720 400.4
1073730 400.4
1073740 400.5
1073750 400.6
1073760 400.6
1073770 400.8
1073780 400.8
1073790 400.8
1073800 400.7
1073810 400.9
1073820 400.9
1073830 400.8
1073840 400.5
1073850 400.5
1073860 400.6
1073870 401.6
1073880 401.6
1073890 401.4
1073900 401.0
1073910 401.0
1073920 400.8
1073930 400.9
1073940 400.9
1073950 400.9
1073960 400.9
1073970 400.9
1073980 400.9
1073990 401.1
1074000 401.1
1074010 400.8
1074020 400.6
1074030 400.6
1074040 400.7
1074050 400.7
1074060 400.6
1074070 400.6
1074080 400.6
1074090 400.6
1074100 400.6
1074110 401.1
1074120 401.8
1074130 401.8
1074140 401.7
1074150 401.2
1074160 401.2
1074170 400.8
1074180 400.7
1074190 400.7
1074200 400.7
1074210 400.8
1074220 400.8
1074230 400.9
1074240 401.3
1074250 401.3
1074260 400.7
1074270 400.3
1074280 400.3
1074290 400.0
1074300 399.9
1074310 399.9
1074320 400.4
1074330 401.0
1074340 401.0
1074350 401.2
1074360 401.2
1074370 401.2
1074380 401.2
1074390 401.1
1074400 401.5
1074410 401.5
1074420 401.4
1074430 401.4
1074440 401.4
1074450 401.4
1074460 401.4
1074470 401.4
1074480 401.4
1074490 401.4
1074500 401.4
1074510 401.3
1074520 401.2
1074530 401.2
1074540 400.9
1074550 400.9
1074560 400.9
1074570 400.9
1074580 401.0
1074590 401.0
1074600 401.2
1074610 401.2
1074620 401.2
1074630 401.2
1074640 401.2
1074650 401.2
1074660 401.1
1074670 401.1
1074680 401.1
1074690 401.0
1074700 401.0
1074710 401.0
1074720 401.0
1074730 400.7
1074740 400.7
1074750 400.7
1074760 400.6
1074770 400.7
1074780 400.7
1074790 400.7
1074800 400.7
1074810 400.7
1074820 400.7
1074830 401.0
1074840 401.0
1074850 401.1
1074860 401.1
1074870 401.1
1074880 401.1
1074890 401.0
1074900 401.0
1074910 401.1
1074920 401.2
1074930 401.2
1074940 401.3
1074950 401.3
1074960 401.3
1074970 401.3
1074980 401.5
1074990 401.5
1075000 401.5
1075010 401.5
1075020 401.5
1075030 401.6
1075040 401.7
1075050 401.7
1075060 401.6
1075070 401.4
1075080 401.0
1075090 401.0
1075100 400.9
1075110 400.9
1075120 400.9
1075130 400.8
1075140 400.9
1075150 400.9
1075160 400.8
1075170 401.0
1075180 401.0
1075190 401.5
1075200 401.1
1075210 401.1
1075220 401.0
1075230 401.0
1075240 401.0
1075250 400.8
1075260 400.7
1075270 400.7
1075280 400.7
1075290 400.6
1075300 400.6
1075310 400.6
1075320 400.5
1075330 400.5
1075340 400.3
1075350 400.2
1075360 400.2
1075370 400.2
1075380 400.2
1075390 400.2
1075400 400.1
1075410 400.2
1075420 400.1
1075430 400.1
1075440 400.0
1075450 399.9
1075460 399.9
1075470 399.4
1075480 399.1
1075490 399.1
1075500 398.9
1075510 398.9
1075520 398.9
1075530 398.9
1075540 398.9
1075550 398.9
1075560 398.9
1075570 398.9
1075580 398.9
1075590 398.8
1075600 398.8
1075610 398.8
1075620 398.7
1075630 398.8
1075640 399.6
1075650 399.5
1075660 399.9
1075670 399.9
1075680 400.0
1075690 399.5
1075700 399.5
1075710 398.8
1075720 398.7
1075730 398.7
1075740 398.8
1075750 398.8
1075760 398.8
1075770 398.8
1075780 398.8
1075790 398.8
1075800 398.8
1075810 398.8
1075820 398.7
1075830 398.7
1075840 398.8
1075850 398.8
1075860 398.8
1075870 398.7
1075880 398.7
1075890 398.7
1075900 398.7
1075910 398.7
1075920 398.7
1075930 398.7
1075940 398.8
1075950 398.7
1075960 398.6
1075970 398.5
1075980 398.5
1075990 399.3
1076000 399.9
1076010 399.9
1076020 399.0
1076030 399.3
1076040 399.3
1076050 399.5
1076060 399.5
1076070 399.5
1076080 399.8
1076090 402.5
1076100 402.5
1076110 404.5
1076120 401.4
1076130 400.5
1076140 400.5
1076150 400.5
1076160 400.3
1076170 400.3
1076180 400.1
1076190 400.0
1076200 400.0
1076210 399.9
1076220 399.7
1076230 399.7
1076240 399.7
1076250 399.2
1076260 399.4
1076270 402.6
1076280 402.6
1076290 402.6
1076300 398.0
1076310 397.9
1076320 397.9
1076330 397.8
1076340 397.8
1076350 397.8
1076360 397.9
1076370 398.4
1076380 398.4
1076390 402.7
1076400 402.7
1076410 402.7
1076420 400.6
1076430 400.8
1076440 400.8
1076450 400.8
1076460 400.9
1076470 401.5
1076480 401.5
1076490 404.3
1076500 403.4
1076510 403.4
1076520 400.6
1076530 399.5
1076540 399.5
1076550 399.2
1076560 399.2
1076570 399.2
1076580 399.2
1076590 399.2
1076600 399.2
1076610 399.2
1076620 399.2
1076630 399.2
1076640 399.1
1076650 399.1
1076660 399.1
1076670 399.1
1076680 399.1
1076690 399.1
1076700 399.1
1076710 399.1
1076720 399.1
1076730 399.1
1076740 399.1
1076750 399.1
1076760 399.1
1076770 400.5
1076780 400.5
1076790 400.2
1076800 400.1
1076810 399.4
1076820 399.4
1076830 397.6
1076840 398.8
1076850 398.8
1076860 399.1
1076870 398.9
1076880 398.9
1076890 398.9
1076900 398.9
1076910 398.9
1076920 399.0
1076930 399.0
1076940 399.0
1076950 399.0
1076960 399.0
1076970 399.0
1076980 398.9
1076990 399.0
1077000 399.0
1077010 399.1
1077020 399.1
1077030 399.1
1077040 399.2
1077050 399.2
1077060 399.2
1077070 399.3
1077080 399.4
1077090 399.4
1077100 399.3
1077110 399.2
1077120 399.2
1077130 400.6
1077140 401.1
1077150 402.8
1077160 402.8
1077170 405.2
1077180 403.3
1077190 403.3
1077200 400.8
1077210 401.0
1077220 401.0
1077230 401.1
1077240 401.0
1077250 401.0
1077260 401.1
1077270 401.4
1077280 401.4
1077290 401.1
1077300 401.0
1077310 401.0
1077320 401.2
1077330 401.3
1077340 401.3
1077350 401.4
1077360 401.6
1077370 401.6
1077380 401.7
1077390 401.8
1077400 401.8
1077410 401.4
1077420 401.2
1077430 401.2
1077440 401.2
1077450 401.0
1077460 401.0
1077470 401.1
1077480 401.0
1077490 401.0
1077500 401.0
1077510 400.9
1077520 400.8
1077530 400.8
1077540 400.9
1077550 401.0
1077560 401.0
1077570 401.0
1077580 401.0
1077590 401.0
1077600 401.0
1077610 400.9
1077620 400.9
1077630 401.0
1077640 400.9
1077650 400.9
1077660 401.0
1077670 401.9
1077680 401.9
1077690 401.2
1077700 399.2
1077710 399.2
1077720 397.2
1077730 399.0
1077740 399.0
1077750 400.7
1077760 401.8
1077770 401.8
1077780 400.6
1077790 399.8
1077800 399.8
1077810 399.5
1077820 399.3
1077830 399.3
1077840 399.2
1077850 399.2
1077860 399.0
1077870 399.0
1077880 399.1
1077890 399.1
1077900 399.1
1077910 399.1
1077920 399.0
1077930 399.0
1077940 399.0
1077950 399.0
1077960 399.0
1077970 399.0
1077980 399.0
1077990 399.0
1078000 399.0
1078010 399.1
1078020 399.1
1078030 399.1
1078040 399.1
1078050 399.1
1078060 399.2
1078070 399.0
1078080 399.0
1078090 399.2
1078100 399.4
1078110 399.4
1078120 399.4
1078130 399.3
1078140 399.3
1078150 399.2
1078160 399.3
1078170 399.3
1078180 399.3
1078190 399.3
1078200 399.2
1078210 399.2
1078220 399.0
1078230 399.1
1078240 399.1
1078250 399.2
1078260 399.2
1078270 399.2
1078280 399.2
1078290 399.2
1078300 399.2
1078310 399.0
1078320 399.0
1078330 399.0
1078340 399.2
1078350 399.1
1078360 399.1
1078370 399.0
1078380 398.9
1078390 398.9
1078400 399.0
1078410 399.0
1078420 399.0
1078430 399.0
1078440 399.1
1078450 399.1
1078460 399.1
1078470 399.2
1078480 399.2
1078490 399.2
1078500 399.2
1078510 399.2
1078520 399.2
1078530 399.1
1078540 399.1
1078550 399.1
1078560 399.0
1078570 399.1
1078580 399.1
1078590 399.1
1078600 399.1
1078610 399.1
1078620 399.1
1078630 399.1
1078640 399.1
1078650 399.1
1078660 399.2
1078670 399.2
1078680 399.1
1078690 399.1
1078700 399.1
1078710 399.1
1078720 399.0
1078730 399.0
1078740 398.9
1078750 398.9
1078760 398.9
1078770 399.0
1078780 399.0
1078790 399.0
1078800 399.3
1078810 399.3
1078820 399.3
1078830 399.3
1078840 399.3
1078850 399.3
1078860 399.2
1078870 399.2
1078880 399.2
1078890 399.2
1078900 399.3
1078910 399.4
1078920 399.4
1078930 399.5
1078940 399.5
1078950 399.5
1078960 399.4
1078970 399.3
1078980 399.3
1078990 399.4
1079000 399.4
1079010 399.4
1079020 399.3
1079030 399.3
1079040 399.3
1079050 399.3
1079060 399.4
1079070 399.4
1079080 399.4
1079090 399.7
1079100 399.7
1079110 399.7
1079120 399.7
1079130 399.7
1079140 399.5
1079150 399.3
1079160 399.3
1079170 399.3
1079180 399.3
1079190 399.3
1079200 399.3
1079210 399.3
1079220 399.3
1079230 399.3
1079240 399.3
1079250 399.3
1079260 399.3
1079270 399.2
1079280 399.2
1079290 399.2
1079300 399.3
1079310 399.5
1079320 399.5
1079330 399.6
1079340 399.5
1079350 399.5
1079360 399.5
1079370 399.6
1079380 399.6
1079390 399.6
1079400 399.6
1079410 399.5
1079420 399.5
1079430 399.5
1079440 399.5
1079450 399.4
1079460 399.3
1079470 399.3
1079480 399.4
1079490 399.2
1079500 399.2
1079510 398.9
1079520 399.2
1079530 399.2
1079540 399.3
1079550 399.3
1079560 399.3
1079570 399.3
1079580 399.3
1079590 399.4
1079600 399.4
1079610 399.7
1079620 400.3
1079630 400.3
1079640 399.8
1079650 399.4
1079660 399.4
1079670 399.3
1079680 399.3
1079690 399.3
1079700 399.3
1079710 399.2
1079720 399.3
1079730 399.2
1079740 399.2
1079750 399.2
1079760 399.4
1079770 399.5
1079780 399.5
1079790 399.5
1079800 399.4
1079810 399.4
1079820 399.2
1079830 399.1
1079840 399.1
1079850 399.3
1079860 399.4
1079870 399.4
1079880 399.5
1079890 399.4
1079900 399.4
1079910 399.1
1079920 399.2
1079930 399.4
1079940 399.4
1079950 399.5
1079960 399.5
1079970 399.5
1079980 399.3
1079990 399.7
