1068140 469.0
1068150 468.7
1068160 468.7
1068170 466.6
1068180 462.8
1068190 457.9
1068200 457.9
1068210 456.8
1068220 456.2
1068230 456.2
1068240 459.0
1068250 456.1
1068260 456.1
1068270 452.0
1068280 447.9
1068290 447.9
1068300 445.4
1068310 442.9
1068320 442.9
1068330 440.8
1068340 439.3
1068350 439.3
1068360 436.3
1068370 433.4
1068380 433.4
1068390 431.6
1068400 430.0
1068410 430.0
1068420 428.9
1068430 427.9
1068440 427.9
1068450 426.3
1068460 425.1
1068470 425.1
1068480 424.1
1068490 422.4
1068500 422.4
1068510 419.9
1068520 417.9
1068530 415.3
1068540 415.4
1068550 415.7
1068560 414.4
1068570 414.4
1068580 412.6
1068590 412.7
1068600 412.7
1068610 413.5
1068620 413.9
1068630 413.9
1068640 414.9
1068650 415.7
1068660 415.7
1068670 415.7
1068680 414.4
1068690 414.4
1068700 413.2
1068710 412.4
1068720 412.4
1068730 411.8
1068740 411.0
1068750 411.0
1068760 410.5
1068770 410.2
1068780 410.2
1068790 410.3
1068800 410.2
1068810 410.2
1068820 409.3
1068830 408.2
1068840 408.2
1068850 411.4
1068860 408.0
1068870 405.3
1068880 405.3
1068890 404.8
1068900 404.0
1068910 404.0
1068920 402.5
1068930 401.2
1068940 401.2
1068950 400.9
1068960 400.9
1068970 400.9
1068980 400.8
1068990 400.6
1069000 400.6
1069010 400.5
1069020 400.4
1069030 400.4
1069040 400.3
1069050 400.3
1069060 400.3
1069070 400.4
1069080 400.5
1069090 400.5
1069100 400.9
1069110 401.3
1069120 401.3
1069130 401.9
1069140 402.3
1069150 402.3
1069160 400.7
1069170 401.2
1069180 401.2
1069190 401.6
1069200 402.0
1069210 402.2
1069220 402.2
1069230 402.1
1069240 401.7
1069250 401.7
1069260 401.0
1069270 400.3
1069280 400.3
1070240 400.1
1070250 400.0
1070260 400.0
1070270 400.0
1070280 401.5
1070290 402.4
1070300 402.4
1070310 401.5
1070320 400.1
1070330 400.1
1070340 399.9
1070350 400.0
1070360 400.0
1070370 400.1
1070380 400.1
1070390 400.1
1070400 400.2
1070410 400.3
1070420 400.3
1070430 400.6
1070440 400.6
1070450 400.6
1070460 400.6
1070470 400.7
1070480 400.7
1070490 400.9
1070500 400.9
1070510 400.9
1070520 401.0
1070530 401.1
1070540 401.1
1070550 401.3
1070560 401.4
1070570 401.4
1070580 401.5
1070590 401.4
1070600 401.3
1070610 401.3
1070620 401.5
1070630 401.6
1070640 401.6
1070650 399.2
1070660 396.1
1070670 396.1
1070680 396.1
1070690 396.0
1070700 396.1
1070710 396.0
1070720 395.9
1070730 395.9
1070740 397.1
1070750 398.2
1070760 398.2
1070770 396.3
1070780 396.2
1070790 396.2
1070800 397.7
1070810 398.4
1070820 398.4
1070830 398.5
1070840 398.7
1070850 398.7
1070860 398.9
1070870 398.9
1070880 398.9
1070890 398.8
1070900 398.7
1070910 398.7
1070920 400.3
1070930 401.7
1070940 401.7
1070950 401.7
1070960 401.6
1070970 401.9
1070980 401.9
1070990 402.1
1071000 401.7
1071010 400.9
1071020 400.9
1071030 402.1
1071040 402.1
1071050 403.3
1071060 403.1
1071070 403.1
1071080 402.0
1071090 401.5
1071100 401.5
1071110 401.4
1071120 401.5
1071130 401.5
1071140 401.4
1071150 401.4
1071160 401.4
1071170 401.3
1071180 401.3
1071190 401.3
1071200 401.1
1071210 401.0
1071220 401.0
1071230 401.0
1071240 400.9
1071250 400.9
1071260 400.8
1071270 400.6
1071280 400.7
1071290 400.7
1071300 400.5
1071310 400.2
1071320 400.3
1071330 400.3
1071340 400.7
1071350 400.7
1071360 400.5
1071370 400.5
1071380 400.5
1071390 401.1
1071400 401.3
1071410 401.3
1071420 401.1
1071430 401.1
1071440 401.1
1071450 400.8
1071460 400.3
1071470 400.3
1071480 400.1
1071490 400.0
1071500 400.0
1071510 399.9
1071520 399.9
1071530 399.9
1071540 400.1
1071550 400.1
1071560 400.1
1071570 400.1
1071580 400.3
1071590 400.3
1071600 400.6
1071610 400.5
1071620 400.3
1071630 400.1
1071640 400.0
1071650 400.0
1071660 400.0
1071670 400.0
1071680 400.3
1071690 400.3
1071700 400.3
1071710 400.0
1071720 400.0
1071730 400.2
1071740 400.5
1071750 400.5
1071760 400.5
1071770 400.5
1071780 400.5
1071790 400.5
1071800 400.6
1071810 400.6
1071820 400.7
1071830 400.7
1071840 400.7
1071850 400.7
1071860 400.6
1071870 400.6
1071880 401.0
1071890 400.9
1071900 400.9
1071910 400.8
1071920 401.0
1071930 401.0
1071940 400.3
1071950 400.4
1071960 400.3
1071970 400.3
1071980 400.4
1071990 400.6
1072000 400.6
1072010 400.5
1072020 400.5
1072030 400.5
1072040 400.9
1072050 401.1
1072060 401.1
1072070 401.1
1072080 400.9
1072090 400.9
1072100 401.0
1072110 401.2
1072120 401.2
1072130 401.1
1072140 401.2
1072150 401.2
1072160 400.8
1072170 400.8
1072180 400.8
1072190 400.8
1072200 400.8
1072210 400.8
1072220 400.9
1072230 401.2
1072240 401.2
1072250 401.2
1072260 401.1
1072270 401.1
1072280 401.2
1072290 401.3
1072300 401.3
1072310 401.2
1072320 401.2
1072330 401.2
1072340 401.2
1072350 401.2
1072360 401.1
1072370 401.1
1072380 401.1
1072390 401.1
1072400 401.1
1072410 401.2
1072420 401.2
1072430 401.2
1072440 401.1
1072450 401.2
1072460 401.2
1072470 401.3
1072480 401.3
1072490 401.3
1072500 401.2
1072510 401.3
1072520 401.3
1072530 401.4
1072540 401.2
1072550 401.2
1072560 401.2
1072570 401.2
1072580 401.2
1072590 400.8
1072600 400.7
1072610 400.7
1072620 400.7
1072630 400.7
1072640 400.7
1072650 400.8
1072660 400.8
1072670 400.8
1072680 400.8
1072690 400.9
1072700 401.0
1072710 401.0
1072720 401.0
1072730 400.9
1072740 400.9
1072750 401.6
1072760 401.6
1072770 401.6
1072780 401.8
1072790 401.7
1072800 401.7
1072810 401.5
1072820 401.3
1072830 401.3
1072840 401.6
1072850 401.9
1072860 401.9
1072870 401.9
1072880 401.9
1072890 401.9
1072900 401.9
1072910 401.9
1072920 401.9
1072930 402.0
1072940 401.9
1072950 401.9
1072960 401.8
1072970 402.1
1072980 402.1
1072990 402.0
1073000 401.8
1073010 401.8
1073020 401.8
1073030 401.6
1073040 401.5
1073050 401.5
1073060 401.4
1073070 401.2
1073080 401.2
1073090 401.2
1073100 401.2
1073110 401.2
1073120 401.2
1073130 401.2
1073140 401.2
1073150 401.2
1073160 401.4
1073170 401.4
1073180 401.7
1073190 401.8
1073200 401.8
1073210 401.6
1073220 401.3
1073230 401.3
1073240 401.0
1073250 400.8
1073260 400.8
1073270 400.7
1073280 401.0
1073290 401.0
1073300 401.2
1073310 401.1
1073320 401.1
1073330 400.9
1073340 400.8
1073350 400.8
1073360 400.8
1073370 401.4
1073380 402.1
1073390 402.1
1073400 401.3
1073410 401.3
1073420 401.3
1073430 401.2
1073440 401.0
1073450 401.0
1073460 401.0
1073470 401.1
1073480 401.1
1073490 401.3
1073500 401.4
1073510 401.4
1073520 401.3
1073530 401.1
1073540 401.1
1073550 401.2
1073560 401.2
1073570 401.2
1073580 401.3
1073590 401.4
1073600 401.4
1073610 401.4
1073620 401.2
1073630 401.2
1073640 401.3
1073650 402.1
1073660 402.1
1073670 400.8
1073680 400.8
1073690 401.0
1073700 401.0
1073710 401.2
1073720 400.8
1073730 400.8
1073740 400.8
1073750 400.9
1073760 400.9
1073770 400.9
1073780 401.0
1073790 401.0
1073800 400.8
1073810 400.9
1073820 400.9
1073830 400.8
1073840 400.6
1073850 400.6
1073860 400.5
1073870 400.5
1073880 400.5
1073890 400.6
1073900 400.5
1073910 400.5
1073920 400.6
1073930 400.7
1073940 400.7
1073950 400.7
1073960 401.1
1073970 401.1
1073980 401.4
1073990 401.3
1074000 401.3
1074010 400.8
1074020 400.7
1074030 400.5
1074040 400.5
1074050 400.4
1074060 400.7
1074070 400.7
1074080 401.3
1074090 401.0
1074100 401.0
1074110 401.2
1074120 401.1
1074130 401.1
1074140 401.1
1074150 401.0
1074160 401.0
1074170 401.2
1074180 401.2
1074190 401.2
1074200 401.3
1074210 401.5
1074220 401.5
1074230 401.6
1074240 401.8
1074250 401.8
1074260 401.3
1074270 401.0
1074280 401.0
1074290 401.0
1074300 400.9
1074310 400.9
1074320 400.9
1074330 401.6
1074340 401.6
1074350 400.9
1074360 400.6
1074370 400.9
1074380 400.9
1074390 400.9
1074400 400.5
1074410 400.5
1074420 400.8
1074430 400.9
1074440 400.9
1074450 400.8
1074460 400.7
1074470 400.7
1074480 401.8
1074490 401.1
1074500 401.1
1074510 400.6
1074520 400.4
1074530 400.4
1074540 400.4
1074550 400.4
1074560 400.4
1074570 400.5
1074580 400.4
1074590 400.4
1074600 400.4
1074610 400.7
1074620 400.7
1074630 402.1
1074640 401.5
1074650 401.5
1074660 400.7
1074670 400.3
1074680 400.3
1074690 400.5
1074700 400.8
1074710 400.8
1074720 400.9
1074730 400.7
1074740 400.9
1074750 400.9
1074760 400.9
1074770 400.8
1074780 400.8
1074790 400.7
1074800 400.5
1074810 400.5
1074820 400.6
1074830 400.7
1074840 400.7
1074850 401.1
1074860 401.2
1074870 401.2
1074880 401.1
1074890 401.4
1074900 401.4
1074910 401.3
1074920 400.9
1074930 400.9
1074940 400.9
1074950 400.9
1074960 400.9
1074970 400.9
1074980 401.0
1074990 401.0
1075000 400.9
1075010 400.9
1075020 400.9
1075030 400.9
1075040 400.6
1075050 400.6
1075060 400.6
1075070 400.8
1075080 401.1
1075090 401.1
1075100 401.3
1075110 401.2
1075120 401.2
1075130 400.8
1075140 400.6
1075150 400.6
1075160 401.0
1075170 401.5
1075180 401.5
1075190 401.0
1075200 400.9
1075210 400.9
1075220 400.9
1075230 400.9
1075240 400.9
1075250 400.8
1075260 400.7
1075270 400.7
1075280 400.7
1075290 400.6
1075300 400.6
1075310 400.5
1075320 400.4
1075330 400.4
1075340 400.3
1075350 400.4
1075360 400.5
1075370 400.5
1075380 400.7
1075390 400.7
1075400 400.9
1075410 401.0
1075420 401.0
1075430 401.0
1075440 400.9
1075450 400.8
1075460 400.8
1075470 400.8
1075480 400.7
1075490 400.7
1075500 400.7
1075510 401.1
1075520 401.1
1075530 401.0
1075540 401.1
1075550 401.1
1075560 401.2
1075570 402.3
1075580 402.3
1075590 401.9
1075600 401.0
1075610 401.0
1075620 400.6
1075630 400.0
1075640 400.0
1075650 399.7
1075660 399.8
1075670 399.3
1075680 399.3
1075690 399.6
1075700 399.6
1075710 400.1
1075720 399.3
1075730 399.3
1075740 399.3
1075750 399.3
1075760 399.3
1075770 399.3
1075780 399.3
1075790 399.3
1075800 399.3
1075810 399.3
1075820 399.5
1075830 399.5
1075840 400.0
1075850 400.0
1075860 400.0
1075870 400.0
1075880 399.9
1075890 399.9
1075900 399.9
1075910 400.0
1075920 400.0
1075930 400.0
1075940 400.0
1075950 400.0
1075960 400.0
1075970 399.9
1075980 399.9
1075990 399.9
1076000 399.9
1076010 399.9
1076020 399.8
1076030 399.8
1076040 399.8
1076050 400.0
1076060 402.6
1076070 402.6
1076080 404.9
1076090 402.2
1076100 400.8
1076110 400.8
1076120 400.6
1076130 400.5
1076140 400.5
1076150 400.4
1076160 400.3
1076170 400.3
1076180 400.2
1076190 400.1
1076200 400.1
1076210 399.9
1076220 399.7
1076230 399.7
1076240 401.6
1076250 402.4
1076260 402.4
1076270 399.3
1076280 398.0
1076290 398.0
1076300 398.0
1076310 398.0
1076320 398.0
1076330 398.0
1076340 398.3
1076350 398.3
1076360 402.0
1076370 403.0
1076380 403.0
1076390 401.3
1076400 400.9
1076410 400.9
1076420 401.1
1076430 401.1
1076440 401.3
1076450 401.3
1076460 403.4
1076470 404.8
1076480 404.8
1076490 401.6
1076500 400.8
1076510 400.8
1076520 400.2
1076530 400.3
1076540 400.3
1076550 400.8
1076560 400.9
1076570 400.9
1076580 400.9
1076590 400.6
1076600 400.6
1076610 400.1
1076620 400.4
1076630 400.4
1076640 400.3
1076650 399.8
1076660 399.8
1076670 400.3
1076680 400.1
1076690 400.1
1076700 400.1
1076710 399.4
1076720 399.4
1076730 397.7
1076740 398.3
1076750 398.3
1076760 399.0
1076770 399.1
1076780 399.1
1076790 399.1
1076800 399.1
1076810 399.1
1076820 399.1
1076830 399.0
1076840 398.9
1076850 398.9
1076860 399.7
1076870 401.5
1076880 401.5
1076890 401.0
1076900 401.9
1076910 401.9
1076920 403.7
1076930 402.3
1076940 402.3
1076950 401.9
1076960 403.0
1076970 403.0
1076980 401.5
1076990 400.6
1077000 400.6
1077010 400.6
1077020 400.5
1077030 400.5
1077040 400.4
1077050 400.9
1077060 400.9
1077070 402.6
1077080 401.7
1077090 401.7
1077100 401.1
1077110 399.9
1077120 399.9
1077130 399.4
1077140 399.2
1077150 399.2
1077160 399.2
1077170 399.3
1077180 399.3
1077190 399.3
1077200 399.7
1077210 403.8
1077220 403.8
1077230 407.8
1077240 413.4
1077250 413.4
1077260 417.8
1077270 421.7
1077280 421.7
1077290 425.7
1077300 431.2
1077310 431.2
1077320 433.8
1077330 434.0
1077340 434.0
1077350 434.1
1077360 434.1
1077370 434.1
1077380 433.9
1077390 433.6
1077400 433.6
1077410 430.8
1077420 428.3
1077430 428.3
1077440 424.6
1077450 424.1
1077460 424.1
1077470 424.4
1077480 425.0
1077490 426.3
1077500 426.3
1077510 426.9
1077520 426.6
1077530 426.6
1077540 427.2
1077550 426.2
1077560 426.2
1077570 421.4
1077580 416.0
1077590 416.0
1077600 411.3
1077610 410.5
1077620 410.5
1077630 409.1
1077640 404.9
1077650 404.9
1077660 402.0
1077670 400.0
1077680 400.0
1077690 397.6
1077700 398.1
1077710 398.1
1077720 400.3
1077730 402.1
1077740 402.1
1077750 401.5
1077760 400.3
1077770 400.3
1077780 400.0
1077790 399.8
1077800 399.8
1077810 399.7
1077820 399.6
1077830 399.4
1077840 399.4
1077850 399.4
1077860 399.4
1077870 399.4
1077880 399.3
1077890 399.3
1077900 399.3
1077910 399.3
1077920 399.3
1077930 399.3
1077940 399.3
1077950 399.3
1077960 399.3
1077970 399.3
1077980 399.3
1077990 399.3
1078000 399.2
1078010 399.1
1078020 399.1
1078030 399.1
1078040 399.2
1078050 399.2
1078060 399.3
1078070 399.2
1078080 399.2
1078090 399.3
1078100 399.3
1078110 399.3
1078120 399.3
1078130 399.2
1078140 399.2
1078150 399.2
1078160 399.2
1078170 399.1
1078180 399.1
1078190 399.2
1078200 399.2
1078210 399.2
1078220 399.2
1078230 399.1
1078240 399.1
1078250 399.1
1078260 399.1
1078270 399.1
1078280 399.1
1078290 399.1
1078300 399.1
1078310 398.9
1078320 398.9
1078330 398.9
1078340 399.0
1078350 399.0
1078360 399.0
1078370 399.0
1078380 399.0
1078390 399.0
1078400 399.0
1078410 398.9
1078420 398.9
1078430 399.2
1078440 399.4
1078450 399.4
1078460 399.4
1078470 399.3
1078480 399.3
1078490 399.5
1078500 399.4
1078510 399.2
1078520 399.2
1078530 399.4
1078540 399.5
1078550 399.5
1078560 399.6
1078570 399.5
1078580 399.5
1078590 399.5
1078600 399.6
1078610 399.6
1078620 399.5
1078630 399.5
1078640 399.5
1078650 399.5
1078660 399.5
1078670 399.5
1078680 399.4
1078690 399.5
1078700 399.5
1078710 399.5
1078720 399.6
1078730 399.6
1078740 399.5
1078750 399.5
1078760 399.5
1078770 399.6
1078780 399.6
1078790 399.6
1078800 399.6
1078810 399.6
1078820 399.6
1078830 399.6
1078840 399.6
1078850 399.5
1078860 399.5
1078870 399.6
1078880 399.6
1078890 399.6
1078900 399.7
1078910 399.7
1078920 399.7
1078930 399.7
1078940 399.7
1078950 399.7
1078960 399.7
1078970 399.7
1078980 399.7
1078990 399.7
1079000 399.9
1079010 399.9
1079020 400.1
1079030 400.1
1079040 400.1
1079050 399.9
1079060 399.8
1079070 399.8
1079080 399.8
1079090 399.8
1079100 399.8
1079110 399.7
1079120 400.0
1079130 400.0
1079140 400.1
1079150 400.2
1079160 400.2
1079170 400.1
1079180 400.4
1079190 400.4
1079200 400.5
1079210 400.6
1079220 400.6
1079230 400.6
1079240 400.4
1079250 400.2
1079260 400.2
1079270 400.0
1079280 400.1
1079290 400.1
1079300 400.2
1079310 400.5
1079320 400.5
1079330 400.5
1079340 400.4
1079350 400.4
1079360 400.4
1079370 400.4
1079380 400.4
1079390 400.4
1079400 400.4
1079410 400.4
1079420 400.2
1079430 400.2
1079440 400.2
1079450 400.2
1079460 400.1
1079470 400.1
1079480 400.2
1079490 400.3
1079500 400.3
1079510 400.4
1079520 400.5
1079530 400.5
1079540 400.5
1079550 400.3
1079560 400.1
1079570 400.1
1079580 399.9
1079590 399.8
1079600 399.8
1079610 399.7
1079620 399.8
1079630 399.8
1079640 399.8
1079650 399.8
1079660 399.8
1079670 399.8
1079680 399.7
1079690 399.7
1079700 399.7
1079710 399.5
1079720 399.5
1079730 399.4
1079740 399.6
1079750 399.5
1079760 399.7
1079770 399.8
1079780 399.8
1079790 399.6
1079800 399.5
1079810 399.5
1079820 399.6
1079830 399.9
1079840 399.9
1079850 399.9
1079860 399.8
1079870 399.8
1079880 399.7
1079890 399.5
1079900 399.4
1079910 399.4
1079920 399.4
1079930 399.4
1079940 399.4
1079950 399.4
1079960 399.3
1079970 399.3
1079980 399.4
1079990 399.5
