1068300 462.8
1068310 462.8
1068320 459.0
1068330 455.5
1068340 455.5
1068350 452.4
1068360 449.3
1068370 449.3
1068380 447.7
1068390 447.9
1068400 447.9
1068410 448.0
1068420 450.5
1068430 448.2
1068440 448.2
1068450 445.1
1068460 441.1
1068470 441.1
1068480 434.4
1068490 426.4
1068500 426.4
1068510 420.4
1068520 421.1
1068530 421.1
1068540 427.7
1068550 431.3
1068560 431.3
1068570 430.9
1068580 430.3
1068590 430.3
1068600 431.5
1068610 432.2
1068620 432.2
1068630 432.5
1068640 432.5
1068650 432.5
1068660 432.0
1068670 431.9
1068680 431.9
1068690 431.6
1068700 430.7
1068710 430.7
1068720 429.3
1068730 434.4
1068740 434.4
1068750 435.5
1068760 435.9
1068770 435.9
1068780 435.0
1068790 432.4
1068800 430.7
1068810 430.7
1068820 427.3
1068830 422.6
1068840 422.6
1068850 419.1
1068860 417.0
1068870 417.0
1068880 416.4
1068890 415.4
1068900 415.4
1068910 413.4
1068920 410.5
1068930 410.5
1068940 407.8
1068950 404.3
1068960 404.3
1068970 400.3
1068980 399.3
1068990 399.3
1069000 399.2
1069010 399.2
1069020 399.2
1069030 399.2
1069040 399.1
1069050 399.1
1069060 399.1
1069070 399.1
1069080 399.1
1069090 399.0
1069100 399.0
1069110 399.0
1069120 398.9
1069130 398.8
1069140 398.9
1069150 398.9
1069160 399.8
1069170 399.9
1069180 399.9
1070300 400.3
1070310 400.4
1070320 400.4
1070330 400.6
1070340 400.7
1070350 400.7
1070360 400.8
1070370 400.8
1070380 400.8
1070390 400.7
1070400 400.6
1070410 400.6
1070420 400.4
1070430 400.2
1070440 400.2
1070450 400.1
1070460 400.2
1070470 400.2
1070480 400.4
1070490 400.6
1070500 400.6
1070510 400.6
1070520 400.5
1070530 400.4
1070540 400.4
1070550 400.3
1070560 400.4
1070570 400.4
1070580 400.4
1070590 400.4
1070600 400.4
1070610 400.5
1070620 400.7
1070630 400.7
1070640 400.9
1070650 401.1
1070660 401.1
1070670 401.3
1070680 401.5
1070690 401.5
1070700 401.2
1070710 399.1
1070720 399.1
1070730 396.2
1070740 395.7
1070750 395.7
1070760 395.8
1070770 395.8
1070780 395.8
1070790 396.9
1070800 398.2
1070810 398.2
1070820 396.8
1070830 395.4
1070840 395.4
1070850 397.0
1070860 398.5
1070870 398.7
1070880 398.7
1070890 398.6
1070900 398.6
1070910 398.6
1070920 398.6
1070930 398.6
1070940 398.6
1070950 398.4
1070960 400.0
1070970 400.0
1070980 400.7
1070990 401.6
1071000 401.6
1071010 401.8
1071020 402.0
1071030 402.0
1071040 402.1
1071050 401.9
1071060 401.9
1071070 401.9
1071080 401.6
1071090 401.6
1071100 401.8
1071110 402.9
1071120 402.9
1071130 403.6
1071140 403.0
1071150 403.0
1071160 402.1
1071170 402.3
1071180 402.3
1071190 402.6
1071200 402.7
1071210 401.9
1071220 401.9
1071230 401.2
1071240 401.1
1071250 401.1
1071260 401.0
1071270 400.8
1071280 400.8
1071290 400.8
1071300 400.7
1071310 400.7
1071320 400.7
1071330 400.6
1071340 400.6
1071350 400.5
1071360 400.5
1071370 400.5
1071380 400.4
1071390 400.4
1071400 400.4
1071410 400.3
1071420 400.7
1071430 400.7
1071440 400.8
1071450 401.7
1071460 401.7
1071470 401.5
1071480 400.4
1071490 400.4
1071500 400.2
1071510 400.2
1071520 400.2
1071530 400.3
1071540 400.2
1071550 400.2
1071560 400.2
1071570 400.4
1071580 400.5
1071590 400.5
1071600 400.5
1071610 400.3
1071620 400.3
1071630 400.1
1071640 400.1
1071650 400.1
1071660 400.1
1071670 400.1
1071680 400.1
1071690 400.1
1071700 400.1
1071710 400.1
1071720 400.4
1071730 400.5
1071740 400.5
1071750 400.2
1071760 400.2
1071770 400.2
1071780 399.9
1071790 399.8
1071800 399.8
1071810 399.9
1071820 400.0
1071830 400.0
1071840 400.2
1071850 400.2
1071860 400.2
1071870 400.3
1071880 400.6
1071890 400.8
1071900 400.8
1071910 400.6
1071920 400.7
1071930 400.7
1071940 400.6
1071950 400.7
1071960 400.7
1071970 400.7
1071980 400.7
1071990 400.7
1072000 400.6
1072010 400.5
1072020 400.5
1072030 400.5
1072040 400.8
1072050 400.8
1072060 400.7
1072070 400.7
1072080 400.7
1072090 400.6
1072100 400.8
1072110 400.8
1072120 400.7
1072130 400.7
1072140 400.7
1072150 400.7
1072160 400.7
1072170 400.7
1072180 400.7
1072190 401.4
1072200 401.4
1072210 401.7
1072220 401.1
1072230 400.8
1072240 400.8
1072250 401.0
1072260 401.3
1072270 401.3
1072280 401.4
1072290 401.3
1072300 401.3
1072310 401.1
1072320 401.1
1072330 401.1
1072340 401.2
1072350 401.2
1072360 401.2
1072370 401.3
1072380 401.3
1072390 401.3
1072400 401.3
1072410 401.3
1072420 401.3
1072430 401.3
1072440 401.4
1072450 401.4
1072460 401.4
1072470 401.4
1072480 401.4
1072490 401.7
1072500 401.6
1072510 401.6
1072520 401.6
1072530 401.5
1072540 401.5
1072550 401.4
1072560 401.3
1072570 401.3
1072580 401.3
1072590 401.3
1072600 401.2
1072610 401.2
1072620 401.2
1072630 401.0
1072640 401.0
1072650 401.0
1072660 401.3
1072670 401.3
1072680 401.4
1072690 401.4
1072700 401.4
1072710 401.4
1072720 401.2
1072730 401.2
1072740 401.2
1072750 401.2
1072760 401.2
1072770 401.2
1072780 401.3
1072790 401.3
1072800 401.4
1072810 401.4
1072820 401.4
1072830 401.4
1072840 401.5
1072850 401.5
1072860 401.6
1072870 401.7
1072880 401.7
1072890 402.0
1072900 402.0
1072910 402.0
1072920 401.9
1072930 402.2
1072940 402.3
1072950 402.3
1072960 402.6
1072970 402.6
1072980 402.6
1072990 402.6
1073000 402.2
1073010 402.2
1073020 402.1
1073030 402.1
1073040 402.1
1073050 401.8
1073060 401.7
1073070 401.7
1073080 401.7
1073090 401.7
1073100 401.7
1073110 401.7
1073120 401.9
1073130 401.9
1073140 401.9
1073150 401.8
1073160 401.8
1073170 401.8
1073180 401.8
1073190 401.8
1073200 401.6
1073210 401.6
1073220 401.6
1073230 401.5
1073240 401.6
1073250 401.6
1073260 401.6
1073270 401.4
1073280 401.4
1073290 401.4
1073300 401.2
1073310 401.1
1073320 401.1
1073330 401.5
1073340 401.5
1073350 401.5
1073360 401.8
1073370 401.4
1073380 401.4
1073390 401.5
1073400 401.8
1073410 401.8
1073420 401.9
1073430 401.9
1073440 401.9
1073450 401.8
1073460 401.9
1073470 401.9
1073480 401.8
1073490 401.7
1073500 401.7
1073510 401.9
1073520 401.9
1073530 401.9
1073540 401.9
1073550 401.7
1073560 401.7
1073570 401.8
1073580 401.7
1073590 401.7
1073600 401.6
1073610 401.4
1073620 401.3
1073630 401.3
1073640 401.5
1073650 401.5
1073660 401.5
1073670 401.6
1073680 401.8
1073690 401.8
1073700 401.8
1073710 401.8
1073720 401.8
1073730 401.7
1073740 401.4
1073750 401.4
1073760 401.4
1073770 401.3
1073780 401.3
1073790 401.4
1073800 401.5
1073810 401.5
1073820 401.5
1073830 401.7
1073840 401.7
1073850 401.6
1073860 401.3
1073870 401.3
1073880 401.4
1073890 401.5
1073900 401.5
1073910 401.5
1073920 401.4
1073930 401.4
1073940 401.4
1073950 401.4
1073960 401.4
1073970 401.4
1073980 401.4
1073990 400.7
1074000 400.7
1074010 400.8
1074020 400.9
1074030 400.9
1074040 400.7
1074050 400.5
1074060 400.5
1074070 400.7
1074080 400.9
1074090 400.9
1074100 400.9
1074110 401.2
1074120 401.2
1074130 401.1
1074140 401.0
1074150 401.0
1074160 401.0
1074170 401.0
1074180 401.0
1074190 401.1
1074200 401.2
1074210 401.2
1074220 401.0
1074230 401.0
1074240 401.0
1074250 401.2
1074260 401.3
1074270 401.3
1074280 401.3
1074290 401.2
1074300 401.3
1074310 401.3
1074320 401.4
1074330 401.4
1074340 401.4
1074350 401.4
1074360 401.3
1074370 401.3
1074380 401.2
1074390 400.9
1074400 400.9
1074410 400.9
1074420 400.9
1074430 400.9
1074440 400.6
1074450 400.5
1074460 400.5
1074470 400.6
1074480 400.5
1074490 400.5
1074500 400.6
1074510 400.6
1074520 400.6
1074530 400.6
1074540 400.6
1074550 400.6
1074560 400.6
1074570 400.6
1074580 400.6
1074590 400.6
1074600 400.6
1074610 400.6
1074620 400.6
1074630 400.6
1074640 400.6
1074650 400.6
1074660 400.6
1074670 400.6
1074680 400.6
1074690 400.8
1074700 400.8
1074710 400.8
1074720 400.7
1074730 401.5
1074740 401.5
1074750 401.8
1074760 401.2
1074770 401.2
1074780 400.6
1074790 400.5
1074800 400.5
1074810 400.4
1074820 400.4
1074830 400.4
1074840 400.4
1074850 400.4
1074860 400.4
1074870 400.3
1074880 400.4
1074890 400.4
1074900 400.4
1074910 400.6
1074920 400.9
1074930 401.0
1074940 400.8
1074950 400.8
1074960 400.6
1074970 400.6
1074980 400.5
1074990 400.5
1075000 400.6
1075010 400.8
1075020 400.8
1075030 401.1
1075040 401.1
1075050 401.1
1075060 401.1
1075070 401.1
1075080 401.1
1075090 401.0
1075100 401.0
1075110 401.0
1075120 401.0
1075130 400.9
1075140 400.9
1075150 400.9
1075160 400.8
1075170 400.8
1075180 400.8
1075190 401.2
1075200 401.2
1075210 401.4
1075220 401.0
1075230 400.7
1075240 400.6
1075250 400.8
1075260 400.8
1075270 401.0
1075280 401.1
1075290 401.1
1075300 401.1
1075310 401.0
1075320 401.0
1075330 400.9
1075340 400.9
1075350 400.8
1075360 400.8
1075370 400.7
1075380 400.6
1075390 400.6
1075400 400.7
1075410 401.0
1075420 401.0
1075430 401.0
1075440 401.0
1075450 401.0
1075460 401.0
1075470 401.2
1075480 401.2
1075490 401.4
1075500 401.5
1075510 401.5
1075520 401.2
1075530 401.2
1075540 401.2
1075550 401.1
1075560 401.3
1075570 401.3
1075580 401.3
1075590 401.4
1075600 401.4
1075610 401.1
1075620 401.1
1075630 401.1
1075640 401.5
1075650 401.1
1075660 401.1
1075670 401.1
1075680 401.2
1075690 400.9
1075700 400.9
1075710 400.2
1075720 399.4
1075730 399.4
1075740 399.3
1075750 399.4
1075760 399.4
1075770 399.4
1075780 399.4
1075790 399.4
1075800 399.4
1075810 399.3
1075820 399.3
1075830 399.3
1075840 399.3
1075850 399.3
1075860 399.4
1075870 400.1
1075880 400.1
1075890 400.2
1075900 400.2
1075910 400.2
1075920 400.3
1075930 400.2
1075940 400.2
1075950 400.2
1075960 400.2
1075970 400.2
1075980 400.1
1075990 400.1
1076000 400.1
1076010 400.0
1076020 400.0
1076030 400.2
1076040 400.2
1076050 403.0
1076060 405.1
1076070 405.1
1076080 402.0
1076090 400.8
1076100 400.8
1076110 400.7
1076120 400.5
1076130 400.5
1076140 400.4
1076150 400.3
1076160 400.3
1076170 400.3
1076180 400.1
1076190 400.1
1076200 400.0
1076210 399.7
1076220 399.7
1076230 402.5
1076240 402.6
1076250 402.6
1076260 399.5
1076270 398.0
1076280 398.0
1076290 398.0
1076300 397.9
1076310 397.9
1076320 398.0
1076330 398.1
1076340 398.1
1076350 401.7
1076360 403.0
1076370 401.9
1076380 401.9
1076390 401.0
1076400 401.1
1076410 401.1
1076420 401.2
1076430 401.3
1076440 401.3
1076450 403.1
1076460 405.1
1076470 405.1
1076480 401.2
1076490 401.1
1076500 401.1
1076510 401.2
1076520 401.0
1076530 401.0
1076540 401.0
1076550 401.1
1076560 401.1
1076570 401.1
1076580 401.1
1076590 401.1
1076600 400.9
1076610 400.6
1076620 400.6
1076630 400.1
1076640 400.2
1076650 400.2
1076660 400.0
1076670 399.9
1076680 399.9
1076690 399.5
1076700 397.8
1076710 398.3
1076720 398.3
1076730 399.0
1076740 399.1
1076750 399.1
1076760 399.3
1076770 399.3
1076780 399.3
1076790 399.3
1076800 399.4
1076810 399.4
1076820 399.4
1076830 399.4
1076840 399.4
1076850 399.4
1076860 399.4
1076870 399.4
1076880 399.3
1076890 399.2
1076900 399.2
1076910 399.1
1076920 399.1
1076930 399.1
1076940 399.3
1076950 400.2
1076960 400.2
1076970 401.1
1076980 402.1
1076990 402.1
1077000 401.8
1077010 400.1
1077020 400.1
1077030 399.4
1077040 399.2
1077050 399.2
1077060 399.2
1077070 399.3
1077080 399.2
1077090 399.2
1077100 399.1
1077110 399.1
1077120 399.1
1077130 398.5
1077140 398.5
1077150 398.5
1077160 398.6
1077170 398.6
1077180 398.6
1077190 398.8
1077200 398.8
1077210 398.8
1077220 399.0
1077230 401.0
1077240 401.0
1077250 404.4
1077260 411.0
1077270 411.0
1077280 415.6
1077290 419.4
1077300 419.4
1077310 423.4
1077320 428.2
1077330 428.2
1077340 429.3
1077350 428.4
1077360 428.4
1077370 427.8
1077380 427.5
1077390 427.5
1077400 427.5
1077410 428.2
1077420 424.7
1077430 424.7
1077440 426.6
1077450 428.8
1077460 428.8
1077470 430.8
1077480 429.1
1077490 429.1
1077500 425.5
1077510 426.2
1077520 426.2
1077530 427.6
1077540 428.8
1077550 428.8
1077560 429.3
1077570 424.1
1077580 424.1
1077590 419.0
1077600 413.8
1077610 413.8
1077620 411.0
1077630 408.4
1077640 408.4
1077650 403.4
1077660 401.9
1077670 401.9
1077680 401.6
1077690 399.4
1077700 399.4
1077710 397.3
1077720 399.1
1077730 399.1
1077740 400.4
1077750 402.2
1077760 401.6
1077770 401.6
1077780 400.4
1077790 400.1
1077800 400.1
1077810 400.0
1077820 399.9
1077830 399.9
1077840 399.8
1077850 399.7
1077860 399.7
1077870 399.5
1077880 399.5
1077890 399.5
1077900 399.4
1077910 399.4
1077920 399.4
1077930 399.4
1077940 399.4
1077950 399.4
1077960 399.4
1077970 399.3
1077980 399.3
1077990 399.3
1078000 399.2
1078010 399.2
1078020 399.0
1078030 399.1
1078040 399.1
1078050 399.2
1078060 399.2
1078070 399.2
1078080 399.1
1078090 399.1
1078100 399.2
1078110 399.2
1078120 399.2
1078130 399.1
1078140 399.1
1078150 399.1
1078160 399.2
1078170 399.2
1078180 399.2
1078190 399.2
1078200 399.2
1078210 399.2
1078220 399.1
1078230 399.1
1078240 399.1
1078250 399.1
1078260 399.1
1078270 399.1
1078280 399.1
1078290 399.1
1078300 398.9
1078310 398.9
1078320 398.9
1078330 399.0
1078340 399.0
1078350 399.0
1078360 399.0
1078370 399.0
1078380 399.0
1078390 399.0
1078400 399.1
1078410 399.1
1078420 399.1
1078430 399.1
1078440 399.3
1078450 399.3
1078460 399.4
1078470 399.3
1078480 399.3
1078490 399.3
1078500 399.4
1078510 399.4
1078520 399.5
1078530 399.5
1078540 399.5
1078550 399.5
1078560 399.5
1078570 399.5
1078580 399.6
1078590 399.5
1078600 399.5
1078610 399.5
1078620 399.5
1078630 399.5
1078640 399.4
1078650 399.4
1078660 399.4
1078670 399.5
1078680 399.5
1078690 399.5
1078700 399.5
1078710 399.6
1078720 399.6
1078730 399.6
1078740 399.6
1078750 399.6
1078760 399.6
1078770 399.6
1078780 399.5
1078790 399.5
1078800 399.5
1078810 399.5
1078820 399.5
1078830 399.6
1078840 399.6
1078850 399.6
1078860 399.6
1078870 399.7
1078880 399.7
1078890 399.6
1078900 399.7
1078910 399.7
1078920 399.6
1078930 399.6
1078940 399.6
1078950 399.5
1078960 399.6
1078970 399.6
1078980 399.6
1078990 399.6
1079000 399.6
1079010 399.7
1079020 399.6
1079030 399.6
1079040 399.6
1079050 399.8
1079060 399.8
1079070 399.9
1079080 399.9
1079090 399.9
1079100 399.9
1079110 400.1
1079120 400.2
1079130 400.2
1079140 400.2
1079150 400.2
1079160 400.2
1079170 400.3
1079180 400.5
1079190 400.5
1079200 400.5
1079210 400.4
1079220 400.4
1079230 400.4
1079240 400.7
1079250 400.7
1079260 400.7
1079270 400.5
1079280 400.5
1079290 400.2
1079300 400.1
1079310 400.2
1079320 400.1
1079330 399.9
1079340 399.9
1079350 399.8
1079360 400.2
1079370 400.2
1079380 400.3
1079390 400.3
1079400 400.3
1079410 400.2
1079420 400.2
1079430 400.2
1079440 400.3
1079450 400.4
1079460 400.5
1079470 400.5
1079480 400.5
1079490 400.6
1079500 400.6
1079510 400.6
1079520 400.5
1079530 400.5
1079540 400.5
1079550 400.5
1079560 400.5
1079570 400.4
1079580 400.4
1079590 400.4
1079600 400.4
1079610 400.3
1079620 400.3
1079630 400.2
1079640 400.0
1079650 400.0
1079660 399.9
1079670 399.8
1079680 399.8
1079690 399.8
1079700 399.8
1079710 399.8
1079720 399.7
1079730 399.6
1079740 399.6
1079750 399.5
1079760 399.4
1079770 399.4
1079780 399.5
1079790 399.6
1079800 399.6
1079810 399.6
1079820 399.4
1079830 399.4
1079840 399.4
1079850 399.6
1079860 399.6
1079870 399.6
1079880 399.7
1079890 399.7
1079900 399.7
1079910 399.5
1079920 399.5
1079930 399.5
1079940 399.5
1079950 399.5
1079960 399.5
1079970 399.5
1079980 399.6
1079990 399.6
