1067910 452.3
1067920 453.0
1067930 453.0
1067940 452.5
1067950 449.8
1067960 449.8
1067970 444.0
1067980 437.5
1067990 437.5
1068000 435.2
1068010 433.5
1068020 433.5
1068030 431.2
1068040 430.6
1068050 429.6
1068060 434.2
1068070 434.1
1068080 433.0
1068090 433.0
1068100 431.9
1068110 432.0
1068120 432.0
1068130 431.9
1068140 430.2
1068150 430.2
1068160 426.6
1068170 423.3
1068180 423.3
1068190 422.6
1068200 422.3
1068210 422.3
1068220 421.4
1068230 420.4
1068240 420.4
1068250 419.0
1068260 418.3
1068270 418.3
1068280 417.3
1068290 417.2
1068300 417.2
1068310 417.2
1068320 417.0
1068330 417.0
1068340 416.7
1068350 416.4
1068360 416.4
1068370 421.3
1068380 418.7
1068390 415.1
1068400 415.1
1068410 413.2
1068420 411.2
1068430 411.2
1068440 409.1
1068450 407.8
1068460 407.8
1068470 406.4
1068480 406.7
1068490 406.7
1068500 406.7
1068510 406.1
1068520 406.1
1068530 405.9
1068540 405.6
1068550 405.6
1068560 404.2
1068570 402.9
1068580 402.9
1068590 402.7
1068600 402.2
1068610 402.2
1068620 401.9
1068630 402.0
1068640 402.0
1068650 401.9
1068660 401.8
1068670 401.8
1068680 401.8
1068690 401.8
1068700 401.8
1068710 401.8
1068720 402.0
1068730 402.2
1068740 402.2
1068750 402.2
1068760 401.6
1068770 401.6
1068780 401.0
1068790 400.5
1068800 400.5
1068810 400.2
1068820 400.2
1068830 400.2
1068840 400.3
1068850 400.3
1068860 400.3
1068870 400.3
1068880 400.4
1068890 400.4
1068900 400.4
1068910 400.4
1068920 400.4
1068930 400.4
1068940 400.3
1068950 400.3
1068960 400.3
1068970 400.2
1068980 400.2
1068990 400.2
1069000 400.2
1069010 400.2
1069020 400.2
1069030 400.2
1069040 400.2
1069050 400.2
1069060 400.2
1069070 400.2
1069080 400.2
1069090 400.2
1069100 400.1
1069110 400.1
1069120 400.1
1069130 400.3
1069140 400.3
1069150 400.9
1069160 400.8
1069170 400.8
1069180 400.8
1069190 400.9
1069200 400.9
1069210 401.0
1069220 401.1
1069230 401.1
1069240 400.2
1069250 398.8
1069260 398.8
1069270 400.2
1069280 400.5
1069290 399.5
1069300 399.4
1069310 399.3
1069320 399.3
1069330 399.3
1069340 399.3
1069350 399.3
1069360 399.2
1069370 399.2
1069380 399.2
1069390 399.1
1069400 399.1
1069410 399.1
1069420 399.2
1069430 399.3
1070150 399.7
1070160 399.7
1070170 399.8
1070180 399.9
1070190 399.9
1070200 399.8
1070210 399.8
1070220 399.9
1070230 399.8
1070240 399.8
1070250 399.8
1070260 400.3
1070270 401.1
1070280 401.1
1070290 400.6
1070300 400.2
1070310 400.2
1070320 400.3
1070330 400.6
1070340 400.6
1070350 400.6
1070360 400.5
1070370 400.5
1070380 400.5
1070390 400.7
1070400 400.7
1070410 401.0
1070420 401.2
1070430 401.2
1070440 401.3
1070450 401.4
1070460 401.5
1070470 401.5
1070480 401.7
1070490 401.8
1070500 401.8
1070510 401.6
1070520 401.4
1070530 401.2
1070540 401.1
1070550 399.6
1070560 399.6
1070570 396.4
1070580 395.8
1070590 395.8
1070600 395.9
1070610 396.0
1070620 396.0
1070630 397.4
1070640 398.2
1070650 398.2
1070660 397.4
1070670 395.5
1070680 395.5
1070690 395.7
1070700 397.4
1070710 397.4
1070720 398.7
1070730 399.4
1070740 399.4
1070750 399.7
1070760 399.9
1070770 399.9
1070780 400.0
1070790 400.5
1070800 401.9
1070810 401.9
1070820 402.4
1070830 402.6
1070840 402.5
1070850 402.2
1070860 401.9
1070870 401.9
1070880 401.9
1070890 401.6
1070900 401.6
1070910 402.2
1070920 403.2
1070930 403.2
1070940 402.8
1070950 401.9
1070960 401.9
1070970 401.6
1070980 401.9
1070990 401.9
1071000 401.3
1071010 401.7
1071020 401.7
1071030 401.7
1071040 402.0
1071050 402.0
1071060 401.7
1071070 401.7
1071080 401.7
1071090 401.8
1071100 401.2
1071110 401.2
1071120 400.9
1071130 400.9
1071140 401.1
1071150 401.2
1071160 401.1
1071170 400.8
1071180 400.8
1071190 400.6
1071200 400.6
1071210 400.6
1071220 400.7
1071230 400.9
1071240 400.9
1071250 401.0
1071260 401.5
1071270 401.5
1071280 401.5
1071290 400.5
1071300 400.5
1071310 400.0
1071320 399.8
1071330 399.8
1071340 400.1
1071350 400.1
1071360 400.1
1071370 400.2
1071380 400.3
1071390 400.3
1071400 400.3
1071410 400.1
1071420 400.1
1071430 400.1
1071440 399.9
1071450 399.9
1071460 399.9
1071470 400.0
1071480 400.0
1071490 400.5
1071500 400.6
1071510 400.6
1071520 400.6
1071530 400.2
1071540 400.2
1071550 400.2
1071560 400.2
1071570 400.3
1071580 400.3
1071590 399.9
1071600 399.8
1071610 399.8
1071620 399.9
1071630 399.9
1071640 399.9
1071650 400.4
1071660 400.5
1071670 400.5
1071680 400.5
1071690 400.2
1071700 400.2
1071710 400.3
1071720 400.4
1071730 400.4
1071740 400.5
1071750 400.4
1071760 400.4
1071770 400.4
1071780 400.4
1071790 400.4
1071800 400.4
1071810 400.3
1071820 400.3
1071830 400.3
1071840 400.4
1071850 400.4
1071860 400.4
1071870 400.4
1071880 400.4
1071890 400.4
1071900 400.5
1071910 400.6
1071920 400.6
1071930 400.7
1071940 400.6
1071950 400.6
1071960 400.7
1071970 401.0
1071980 401.0
1071990 401.0
1072000 401.1
1072010 401.1
1072020 400.8
1072030 401.1
1072040 401.1
1072050 401.0
1072060 400.7
1072070 400.7
1072080 400.9
1072090 400.6
1072100 400.6
1072110 400.7
1072120 400.7
1072130 400.7
1072140 400.9
1072150 401.2
1072160 401.2
1072170 401.3
1072180 401.1
1072190 401.1
1072200 401.1
1072210 400.9
1072220 400.5
1072230 400.5
1072240 400.4
1072250 400.7
1072260 400.7
1072270 401.3
1072280 401.5
1072290 401.5
1072300 400.9
1072310 400.8
1072320 400.8
1072330 400.8
1072340 401.0
1072350 401.0
1072360 401.0
1072370 401.1
1072380 401.0
1072390 401.1
1072400 401.0
1072410 401.0
1072420 400.9
1072430 401.0
1072440 401.0
1072450 400.8
1072460 400.9
1072470 400.9
1072480 401.0
1072490 401.3
1072500 401.3
1072510 401.5
1072520 401.4
1072530 401.4
1072540 401.4
1072550 401.4
1072560 401.4
1072570 401.4
1072580 401.3
1072590 401.3
1072600 401.3
1072610 401.3
1072620 401.1
1072630 401.1
1072640 401.1
1072650 401.1
1072660 401.1
1072670 401.1
1072680 401.1
1072690 401.1
1072700 401.0
1072710 401.1
1072720 401.1
1072730 401.6
1072740 401.1
1072750 401.1
1072760 401.3
1072770 402.2
1072780 402.2
1072790 402.1
1072800 401.5
1072810 401.5
1072820 401.8
1072830 401.8
1072840 401.8
1072850 401.9
1072860 401.8
1072870 401.8
1072880 401.6
1072890 401.5
1072900 401.5
1072910 401.5
1072920 401.5
1072930 401.3
1072940 401.3
1072950 401.3
1072960 401.3
1072970 401.3
1072980 401.3
1072990 401.3
1073000 401.4
1073010 401.4
1073020 401.3
1073030 401.3
1073040 401.2
1073050 401.3
1073060 401.3
1073070 401.6
1073080 401.7
1073090 401.7
1073100 401.6
1073110 401.1
1073120 401.1
1073130 401.3
1073140 401.3
1073150 401.3
1073160 401.4
1073170 401.4
1073180 401.4
1073190 401.6
1073200 401.7
1073210 401.7
1073220 401.5
1073230 401.0
1073240 400.9
1073250 400.9
1073260 401.0
1073270 401.1
1073280 401.1
1073290 401.1
1073300 401.2
1073310 401.6
1073320 401.1
1073330 401.2
1073340 401.2
1073350 401.7
1073360 401.3
1073370 401.3
1073380 401.0
1073390 401.2
1073400 401.2
1073410 401.3
1073420 401.3
1073430 401.3
1073440 400.8
1073450 400.6
1073460 400.6
1073470 400.5
1073480 400.7
1073490 400.7
1073500 401.1
1073510 401.4
1073520 401.4
1073530 401.4
1073540 400.9
1073550 400.9
1073560 400.7
1073570 401.2
1073580 401.3
1073590 401.3
1073600 401.3
1073610 401.0
1073620 401.1
1073630 401.3
1073640 401.1
1073650 401.1
1073660 401.0
1073670 400.9
1073680 400.9
1073690 401.0
1073700 401.2
1073710 401.2
1073720 401.2
1073730 401.0
1073740 401.0
1073750 400.9
1073760 401.0
1073770 401.0
1073780 401.0
1073790 400.9
1073800 400.9
1073810 401.3
1073820 401.6
1073830 401.6
1073840 401.5
1073850 401.2
1073860 401.2
1073870 401.0
1073880 401.0
1073890 401.0
1073900 400.9
1073910 401.4
1073920 401.1
1073930 401.1
1073940 401.0
1073950 400.9
1073960 400.9
1073970 400.8
1073980 400.7
1073990 400.7
1074000 400.7
1074010 400.8
1074020 400.8
1074030 400.7
1074040 400.7
1074050 400.7
1074060 400.7
1074070 400.7
1074080 400.7
1074090 400.7
1074100 400.8
1074110 400.8
1074120 400.8
1074130 400.9
1074140 400.9
1074150 400.9
1074160 400.9
1074170 400.9
1074180 400.9
1074190 400.8
1074200 400.8
1074210 401.3
1074220 401.5
1074230 401.5
1074240 401.3
1074250 401.8
1074260 402.0
1074270 402.0
1074280 401.6
1074290 401.3
1074300 401.3
1074310 401.3
1074320 401.3
1074330 401.3
1074340 401.5
1074350 401.3
1074360 401.3
1074370 401.3
1074380 401.1
1074390 401.1
1074400 400.9
1074410 400.7
1074420 400.7
1074430 400.6
1074440 400.7
1074450 400.7
1074460 400.8
1074470 400.7
1074480 400.7
1074490 400.3
1074500 400.5
1074510 400.5
1074520 400.6
1074530 400.7
1074540 400.7
1074550 400.9
1074560 401.0
1074570 401.0
1074580 401.1
1074590 401.6
1074600 401.5
1074610 401.5
1074620 400.9
1074630 400.7
1074640 400.7
1074650 400.7
1074660 400.9
1074670 400.9
1074680 400.8
1074690 400.8
1074700 400.8
1074710 400.9
1074720 401.0
1074730 401.0
1074740 401.0
1074750 401.0
1074760 401.0
1074770 401.1
1074780 401.2
1074790 401.2
1074800 400.8
1074810 400.7
1074820 400.7
1074830 400.7
1074840 400.6
1074850 400.6
1074860 400.6
1074870 400.8
1074880 400.8
1074890 400.7
1074900 400.6
1074910 400.6
1074920 400.4
1074930 400.3
1074940 400.3
1074950 400.3
1074960 400.4
1074970 400.5
1074980 400.5
1074990 399.3
1075000 400.0
1075010 400.0
1075020 401.7
1075030 402.0
1075040 402.0
1075050 401.4
1075060 400.7
1075070 400.7
1075080 401.1
1075090 401.5
1075100 401.5
1075110 401.4
1075120 401.1
1075130 401.1
1075140 400.8
1075150 400.7
1075160 400.7
1075170 400.6
1075180 400.7
1075190 400.7
1075200 400.5
1075210 400.3
1075220 400.3
1075230 400.3
1075240 400.5
1075250 400.5
1075260 400.7
1075270 400.9
1075280 400.9
1075290 400.9
1075300 400.9
1075310 400.9
1075320 400.9
1075330 400.8
1075340 400.7
1075350 400.7
1075360 400.7
1075370 400.7
1075380 400.7
1075390 400.7
1075400 400.7
1075410 400.7
1075420 400.6
1075430 400.5
1075440 400.5
1075450 400.5
1075460 400.5
1075470 400.5
1075480 400.4
1075490 400.4
1075500 400.4
1075510 400.3
1075520 400.3
1075530 400.3
1075540 400.2
1075550 400.3
1075560 400.3
1075570 400.3
1075580 400.2
1075590 400.2
1075600 400.2
1075610 400.2
1075620 400.2
1075630 400.2
1075640 400.1
1075650 400.1
1075660 400.1
1075670 400.1
1075680 400.0
1075690 400.0
1075700 400.0
1075710 400.2
1075720 400.2
1075730 400.2
1075740 399.7
1075750 399.7
1075760 398.9
1075770 398.8
1075780 398.8
1075790 398.8
1075800 398.9
1075810 399.7
1075820 399.7
1075830 399.6
1075840 399.6
1075850 399.6
1075860 399.7
1075870 399.7
1075880 399.7
1075890 399.7
1075900 399.7
1075910 399.6
1075920 399.6
1075930 399.6
1075940 399.6
1075950 399.6
1075960 399.6
1075970 399.6
1075980 399.6
1075990 399.5
1076000 399.5
1076010 399.5
1076020 399.5
1076030 399.5
1076040 399.5
1076050 399.5
1076060 399.5
1076070 400.1
1076080 403.5
1076090 403.5
1076100 404.3
1076110 401.2
1076120 401.0
1076130 400.6
1076140 400.5
1076150 400.5
1076160 400.3
1076170 400.2
1076180 400.2
1076190 400.2
1076200 400.1
1076210 400.1
1076220 399.8
1076230 399.8
1076240 399.8
1076250 400.0
1076260 402.8
1076270 402.8
1076280 401.9
1076290 398.2
1076300 398.2
1076310 398.0
1076320 398.0
1076330 398.0
1076340 398.0
1076350 398.0
1076360 399.3
1076370 399.3
1076380 402.7
1076390 402.4
1076400 402.4
1076410 400.8
1076420 400.9
1076430 400.9
1076440 401.0
1076450 401.0
1076460 401.0
1076470 402.0
1076480 404.9
1076490 404.9
1076500 402.5
1076510 400.9
1076520 400.9
1076530 400.4
1076540 400.3
1076550 400.3
1076560 400.8
1076570 401.0
1076580 401.0
1076590 401.0
1076600 401.0
1076610 401.0
1076620 400.9
1076630 400.9
1076640 400.9
1076650 400.7
1076660 400.5
1076670 400.4
1076680 400.4
1076690 399.7
1076700 399.3
1076710 399.3
1076720 400.4
1076730 400.0
1076740 400.0
1076750 400.0
1076760 398.5
1076770 398.5
1076780 397.8
1076790 399.1
1076800 399.1
1076810 399.0
1076820 398.8
1076830 398.8
1076840 398.8
1076850 398.8
1076860 398.8
1076870 398.9
1076880 398.9
1076890 398.9
1076900 398.9
1076910 399.0
1076920 399.0
1076930 399.0
1076940 398.9
1076950 398.9
1076960 398.9
1076970 399.1
1076980 399.1
1076990 399.8
1077000 400.5
1077010 400.5
1077020 401.1
1077030 401.2
1077040 400.5
1077050 400.5
1077060 403.1
1077070 402.5
1077080 402.5
1077090 400.9
1077100 402.9
1077110 402.9
1077120 401.8
1077130 402.7
1077140 402.7
1077150 401.5
1077160 401.3
1077170 401.3
1077180 401.2
1077190 401.3
1077200 401.3
1077210 401.4
1077220 401.0
1077230 401.0
1077240 400.8
1077250 400.7
1077260 400.7
1077270 401.0
1077280 401.3
1077290 401.3
1077300 401.5
1077310 403.2
1077320 403.2
1077330 403.4
1077340 405.8
1077350 405.8
1077360 408.3
1077370 413.9
1077380 415.4
1077390 415.4
1077400 415.8
1077410 414.9
1077420 414.9
1077430 416.2
1077440 418.1
1077450 418.1
1077460 419.1
1077470 419.9
1077480 419.9
1077490 420.3
1077500 420.3
1077510 420.3
1077520 418.6
1077530 416.3
1077540 416.3
1077550 413.9
1077560 413.7
1077570 413.7
1077580 412.7
1077590 411.0
1077600 411.0
1077610 408.4
1077620 405.8
1077630 405.8
1077640 404.7
1077650 401.9
1077660 401.9
1077670 400.1
1077680 397.8
1077690 397.4
1077700 397.9
1077710 400.1
1077720 401.8
1077730 401.8
1077740 401.0
1077750 399.8
1077760 399.8
1077770 399.6
1077780 399.5
1077790 399.5
1077800 399.4
1077810 399.4
1077820 399.4
1077830 399.4
1077840 399.4
1077850 399.4
1077860 399.4
1077870 399.4
1077880 399.4
1077890 399.3
1077900 399.3
1077910 399.3
1077920 399.2
1077930 399.2
1077940 399.2
1077950 399.2
1077960 399.1
1077970 399.1
1077980 399.1
1077990 399.1
1078000 399.1
1078010 399.2
1078020 399.4
1078030 399.4
1078040 399.0
1078050 398.8
1078060 398.9
1078070 398.9
1078080 399.0
1078090 399.2
1078100 399.2
1078110 399.3
1078120 399.3
1078130 399.3
1078140 399.1
1078150 399.1
1078160 399.1
1078170 399.2
1078180 399.1
1078190 399.1
1078200 399.1
1078210 399.2
1078220 399.2
1078230 399.2
1078240 399.1
1078250 399.1
1078260 399.1
1078270 399.2
1078280 399.2
1078290 399.1
1078300 399.1
1078310 399.1
1078320 399.1
1078330 399.1
1078340 399.1
1078350 398.9
1078360 398.9
1078370 398.9
1078380 399.1
1078390 399.1
1078400 399.1
1078410 399.1
1078420 399.0
1078430 398.9
1078440 398.9
1078450 398.9
1078460 398.8
1078470 398.8
1078480 399.1
1078490 399.4
1078500 399.4
1078510 399.4
1078520 399.2
1078530 399.2
1078540 399.2
1078550 399.3
1078560 399.3
1078570 399.3
1078580 399.3
1078590 399.3
1078600 399.4
1078610 399.4
1078620 399.4
1078630 399.5
1078640 399.5
1078650 399.5
1078660 399.5
1078670 399.5
1078680 399.5
1078690 399.5
1078700 399.4
1078710 399.4
1078720 399.4
1078730 399.4
1078740 399.3
1078750 399.3
1078760 399.3
1078770 399.4
1078780 399.4
1078790 399.4
1078800 399.4
1078810 399.4
1078820 399.4
1078830 399.5
1078840 399.5
1078850 399.6
1078860 399.7
1078870 399.7
1078880 399.5
1078890 399.6
1078900 399.6
1078910 399.7
1078920 399.4
1078930 399.4
1078940 399.6
1078950 399.7
1078960 399.7
1078970 399.5
1078980 399.5
1078990 399.5
1079000 399.6
1079010 399.6
1079020 399.6
1079030 399.5
1079040 399.5
1079050 399.5
1079060 399.6
1079070 399.5
1079080 399.6
1079090 399.6
1079100 399.6
1079110 399.8
1079120 399.8
1079130 399.9
1079140 400.0
1079150 400.0
1079160 399.9
1079170 400.0
1079180 400.0
1079190 400.0
1079200 400.0
1079210 400.0
1079220 400.1
1079230 400.1
1079240 400.1
1079250 400.0
1079260 400.0
1079270 400.0
1079280 399.9
1079290 399.8
1079300 399.8
1079310 399.7
1079320 399.8
1079330 399.8
1079340 399.8
1079350 399.8
1079360 399.8
1079370 399.9
1079380 399.8
1079390 399.8
1079400 399.9
1079410 400.0
1079420 400.0
1079430 399.9
1079440 400.3
1079450 400.6
1079460 400.6
1079470 400.3
1079480 399.9
1079490 399.9
1079500 399.7
1079510 399.6
1079520 399.6
1079530 399.5
1079540 399.4
1079550 399.4
1079560 399.3
1079570 399.3
1079580 399.3
1079590 399.5
1079600 399.6
1079610 399.6
1079620 399.7
1079630 399.7
1079640 399.7
1079650 399.7
1079660 399.6
1079670 399.6
1079680 399.6
1079690 399.7
1079700 399.7
1079710 399.6
1079720 399.5
1079730 399.5
1079740 399.4
1079750 399.4
1079760 399.4
1079770 399.5
1079780 399.5
1079790 399.5
1079800 399.5
1079810 399.5
1079820 399.4
1079830 399.4
1079840 399.4
1079850 399.3
1079860 399.3
1079870 399.2
1079880 399.1
1079890 399.1
1079900 399.1
1079910 399.1
1079920 399.1
1079930 399.1
1079940 399.1
1079950 399.1
1079960 399.1
1079970 399.1
1079980 399.1
1079990 399.1
