1067260 398.9
1067270 399.0
1067280 399.0
1067290 399.0
1067300 399.1
1067310 399.1
1067320 399.2
1067330 399.2
1067340 399.2
1067350 399.2
1067360 399.3
1067370 399.3
1067380 399.2
1067390 399.3
1067400 399.3
1067410 399.8
1067420 401.3
1067430 401.3
1067440 400.6
1067450 399.9
1067460 399.9
1067470 399.9
1067480 399.9
1067490 399.6
1067500 399.6
1067510 399.7
1067520 399.8
1067530 399.8
1067540 400.0
1067550 400.0
1067560 400.0
1067570 400.4
1067580 400.2
1067590 400.2
1067600 399.7
1067610 399.4
1067620 399.4
1067630 399.1
1067640 399.2
1067650 399.2
1067660 400.3
1067670 399.2
1067680 399.2
1067690 396.0
1067700 395.1
1067710 395.1
1067720 395.1
1067730 395.1
1067740 395.1
1067750 395.9
1067760 398.1
1067770 398.1
1067780 398.2
1067790 398.3
1067800 398.3
1067810 398.5
1067820 398.6
1067830 398.7
1067840 398.7
1067850 399.3
1067860 399.5
1067870 399.5
1067880 399.2
1067890 399.1
1067900 399.1
1067910 399.0
1067920 398.9
1067930 398.9
1067940 399.0
1067950 398.9
1067960 398.9
1067970 398.8
1067980 398.7
1067990 398.7
1068000 398.5
1068010 398.3
1068020 398.3
1068030 398.3
1068040 398.3
1068050 398.3
1068060 398.4
1068070 398.3
1068080 398.3
1068090 398.1
1068100 398.1
1068110 398.1
1068120 398.2
1068130 398.4
1068140 398.4
1068150 398.4
1068160 398.3
1068170 398.3
1068180 398.3
1068190 398.2
1068200 398.1
1068210 398.1
1068220 398.2
1068230 398.0
1068240 398.0
1068250 398.0
1068260 398.0
1068270 398.0
1068280 398.0
1068290 397.9
1068300 397.9
1068310 397.9
1068320 397.9
1068330 397.9
1068340 397.9
1068350 398.1
1068360 398.1
1068370 398.2
1068380 398.2
1068390 398.2
1068400 398.1
1068410 398.2
1068420 398.2
1068430 398.3
1068440 398.2
1068450 398.2
1068460 398.2
1068470 398.4
1068480 398.4
1068490 398.7
1068500 398.6
1068510 398.6
1068520 398.6
1068530 400.0
1068540 399.7
1068550 399.7
1068560 398.5
1068570 398.6
1068580 398.6
1068590 398.6
1068600 398.4
1068610 398.4
1068620 398.4
1068630 398.2
1068640 398.2
1068650 398.3
1068660 398.3
1068670 398.3
1068680 398.2
1068690 398.4
1068700 398.4
1068710 398.4
1068720 398.3
1068730 398.3
1068740 398.4
1068750 398.6
1068760 398.6
1068770 398.6
1068780 398.7
1068790 398.7
1068800 398.9
1068810 399.0
1068820 399.0
1068830 399.0
1068840 398.7
1068850 398.7
1068860 398.9
1068870 399.1
1068880 399.0
1068890 399.0
1068900 399.0
1068910 398.9
1068920 398.9
1068930 398.7
1068940 398.9
1068950 398.9
1068960 399.0
1068970 398.7
1068980 398.7
1068990 398.7
1069000 398.7
1069010 398.7
1069020 398.9
1069030 399.1
1069040 399.1
1069050 399.0
1069060 398.6
1069070 398.6
1069080 398.9
1069090 399.2
1069100 399.2
1069110 399.5
1069120 399.1
1069130 399.1
1069140 398.9
1069150 399.9
1069160 399.9
1069170 399.4
1069180 399.4
1069190 399.4
1069200 401.6
1069210 402.1
1069220 402.1
1069230 401.0
1069240 403.6
1069250 404.0
1069260 404.0
1069270 403.5
1069280 400.0
1069290 400.0
1069300 396.5
1069310 396.3
1069320 396.3
1069330 396.1
1069340 397.0
1069350 397.0
1069360 395.8
1069370 395.1
1069380 395.1
1069390 396.4
1069400 397.1
1069410 397.1
1069420 396.9
1069430 397.4
1069440 397.4
1069450 399.3
1069460 400.9
1069470 400.9
1069480 400.8
1069490 400.8
1069500 400.8
1069510 400.9
1069520 400.5
1069530 400.5
1069540 400.4
1069550 400.2
1069560 400.2
1069570 399.9
1069580 396.8
1069590 395.2
1069600 395.2
1069610 395.1
1069620 395.2
1069630 395.2
1069640 395.2
1069650 395.2
1069660 395.2
1069670 395.2
1069680 395.2
1069690 395.2
1069700 395.2
1069710 395.2
1069720 395.2
1069730 395.2
1069740 395.1
1069750 395.1
1069760 395.1
1069770 395.1
1069780 395.1
1069790 395.1
1069800 395.2
1069810 395.2
1069820 395.2
1069830 395.2
1069840 395.2
1069850 395.2
1069860 395.2
1069870 395.2
1069880 395.1
1069890 395.2
1069900 395.2
1069910 395.2
1069920 395.2
1069930 395.2
1069940 395.2
1069950 395.2
1069960 395.2
1069970 395.2
1069980 395.2
1069990 395.2
1070000 395.2
1070010 395.3
1070020 396.9
1070030 396.9
1070040 398.0
1070050 397.7
1070060 397.7
1070070 395.7
1070080 395.3
1070090 395.3
1070100 397.1
1070110 398.4
1070120 398.4
1070130 398.4
1070140 398.4
1070150 398.4
1070160 398.4
1070170 398.4
1070180 398.4
1070190 398.6
1070200 400.8
1070210 400.8
1070220 401.2
1070230 400.7
1070240 400.7
1070250 400.4
1070260 400.5
1070270 401.9
1070280 401.9
1070290 402.3
1070300 401.7
1070310 401.7
1070320 400.7
1070330 400.5
1070340 400.5
1070350 400.4
1070360 400.2
1070370 400.2
1070380 400.2
1070390 400.2
1070400 400.2
1070410 400.2
1070420 400.2
1070430 400.2
1070440 400.2
1070450 400.2
1070460 400.2
1070470 400.2
1070480 400.2
1070490 400.2
1070500 400.1
1070510 400.2
1070520 400.2
1070530 400.3
1070540 400.5
1070550 400.5
1070560 400.5
1070570 400.1
1070580 400.1
1070590 400.0
1070600 399.9
1070610 399.9
1070620 399.9
1070630 400.2
1070640 400.3
1070650 400.3
1070660 400.0
1070670 399.7
1070680 399.7
1070690 399.7
1070700 399.6
1070710 399.6
1070720 399.5
1070730 399.4
1070740 399.4
1070750 399.4
1070760 399.5
1070770 399.5
1070780 399.5
1070790 399.8
1070800 399.8
1070810 400.0
1070820 400.1
1070830 400.1
1070840 399.8
1070850 399.4
1070860 399.4
1070870 399.4
1070880 399.4
1070890 399.4
1070900 399.9
1070910 399.9
1070920 399.9
1070930 399.8
1070940 399.7
1070950 399.7
1070960 399.6
1070970 399.6
1070980 399.6
1070990 399.6
1071000 399.6
1071010 399.8
1071020 399.8
1071030 400.1
1071040 400.3
1071050 400.3
1071060 400.3
1071070 400.4
1071080 400.4
1071090 400.1
1071100 400.1
1071110 400.1
1071120 400.1
1071130 400.3
1071140 400.3
1071150 400.6
1071160 400.7
1071170 400.7
1071180 400.7
1071190 400.4
1071200 400.4
1071210 399.9
1071220 400.0
1071230 400.0
1071240 399.9
1071250 400.0
1071260 400.0
1071270 400.0
1071280 400.2
1071290 400.2
1071300 400.2
1071310 400.1
1071320 399.9
1071330 399.9
1071340 400.1
1071350 400.1
1071360 400.1
1071370 400.0
1071380 400.1
1071390 400.1
1071400 400.1
1071410 400.1
1071420 400.1
1071430 400.1
1071440 400.0
1071450 400.0
1071460 399.9
1071470 400.0
1071480 400.0
1071490 400.2
1071500 400.2
1071510 400.2
1071520 400.2
1071530 400.1
1071540 400.1
1071550 399.9
1071560 400.3
1071570 400.3
1071580 400.3
1071590 400.4
1071600 400.4
1071610 400.2
1071620 400.2
1071630 400.2
1071640 400.3
1071650 400.2
1071660 400.2
1071670 399.6
1071680 399.8
1071690 400.0
1071700 400.0
1071710 400.1
1071720 399.9
1071730 399.9
1071740 399.7
1071750 399.6
1071760 399.6
1071770 399.7
1071780 399.7
1071790 399.7
1071800 399.7
1071810 399.7
1071820 399.7
1071830 399.9
1071840 400.3
1071850 400.3
1071860 400.3
1071870 400.4
1071880 400.4
1071890 400.8
1071900 400.8
1071910 400.8
1071920 399.9
1071930 399.7
1071940 399.7
1071950 399.8
1071960 399.7
1071970 399.7
1071980 399.8
1071990 400.0
1072000 400.0
1072010 400.6
1072020 400.6
1072030 400.2
1072040 400.2
1072050 400.2
1072060 400.2
1072070 400.2
1072080 400.1
1072090 400.3
1072100 400.3
1072110 400.4
1072120 400.2
1072130 400.2
1072140 399.9
1072150 399.8
1072160 399.8
1072170 399.7
1072180 399.6
1072190 399.6
1072200 399.7
1072210 399.7
1072220 399.7
1072230 399.6
1072240 399.6
1072250 399.6
1072260 399.5
1072270 399.5
1072280 399.5
1072290 399.5
1072300 399.6
1072310 399.6
1072320 399.6
1072330 399.7
1072340 399.7
1072350 399.6
1072360 399.5
1072370 399.4
1072380 399.4
1072390 399.5
1072400 399.5
1072410 399.5
1072420 399.5
1072430 399.4
1072440 399.4
1072450 399.5
1072460 399.4
1072470 399.4
1072480 399.4
1072490 399.2
1072500 399.2
1072510 399.4
1072520 399.4
1072530 399.4
1072540 399.2
1072550 399.3
1072560 399.3
1072570 399.2
1072580 399.4
1072590 399.4
1072600 399.3
1072610 399.3
1072620 399.3
1072630 399.4
1072640 399.2
1072650 399.2
1072660 399.2
1072670 399.3
1072680 399.3
1072690 399.4
1072700 399.2
1072710 399.2
1072720 399.2
1072730 399.2
1072740 399.2
1072750 399.2
1072760 399.1
1072770 399.1
1072780 399.1
1072790 399.1
1072800 399.1
1072810 399.1
1072820 399.2
1072830 399.1
1072840 399.1
1072850 399.1
1072860 399.1
1072870 399.1
1072880 399.1
1072890 399.1
1072900 399.1
1072910 399.1
1072920 399.1
1072930 399.1
1072940 399.1
1072950 399.1
1072960 399.1
1072970 399.1
1072980 399.2
1072990 399.2
1073000 399.1
1073010 399.1
1073020 399.1
1073030 399.2
1073040 399.2
1073050 399.2
1073060 399.4
1073070 399.4
1073080 399.3
1073090 399.3
1073100 399.3
1073110 399.5
1073120 399.5
1073130 399.6
1073140 399.6
1073150 399.6
1073160 400.0
1073170 400.0
1073180 400.0
1073190 400.1
1073200 400.1
1073210 400.1
1073220 400.3
1073230 400.7
1073240 400.7
1073250 400.0
1073260 399.5
1073270 399.5
1073280 399.4
1073290 399.4
1073300 399.4
1073310 399.5
1073320 399.5
1073330 399.5
1073340 399.5
1073350 399.6
1073360 399.6
1073370 399.6
1073380 399.5
1073390 399.5
1073400 399.4
1073410 399.3
1073420 399.5
1073430 399.5
1073440 399.7
1073450 399.7
1073460 399.7
1073470 399.6
1073480 399.5
1073490 399.5
1073500 399.5
1073510 399.5
1073520 399.5
1073530 399.4
1073540 399.6
1073550 399.6
1073560 399.7
1073570 399.7
1073580 399.7
1073590 399.8
1073600 400.0
1073610 400.0
1073620 400.0
1073630 400.0
1073640 400.0
1073650 400.0
1073660 399.9
1073670 399.9
1073680 399.5
1073690 399.5
1073700 399.5
1073710 399.5
1073720 399.6
1073730 399.6
1073740 399.6
1073750 399.6
1073760 399.5
1073770 399.5
1073780 399.4
1073790 399.4
1073800 399.4
1073810 399.4
1073820 399.5
1073830 399.5
1073840 399.5
1073850 399.5
1073860 399.5
1073870 399.5
1073880 399.5
1073890 399.5
1073900 399.5
1073910 399.5
1073920 399.5
1073930 399.4
1073940 399.5
1073950 399.5
1073960 399.4
1073970 399.5
1073980 399.5
1073990 399.5
1074000 399.4
1074010 399.5
1074020 399.3
1074030 399.3
1074040 399.3
1074050 399.3
1074060 399.2
1074070 399.2
1074080 399.3
1074090 399.3
1074100 399.3
1074110 399.2
1074120 399.2
1074130 399.2
1074140 399.2
1074150 399.2
1074160 399.3
1074170 399.3
1074180 399.5
1074190 399.6
1074200 399.6
1074210 399.3
1074220 399.4
1074230 399.4
1074240 399.4
1074250 399.4
1074260 399.4
1074270 399.4
1074280 399.4
1074290 399.4
1074300 399.4
1074310 399.4
1074320 399.4
1074330 399.3
1074340 399.3
1074350 399.3
1074360 399.3
1074370 399.2
1074380 399.2
1074390 399.1
1074400 399.1
1074410 399.1
1074420 399.1
1074430 399.1
1074440 399.1
1074450 399.1
1074460 399.1
1074470 399.0
1074480 399.0
1074490 399.0
1074500 399.0
1074510 399.0
1074520 399.0
1074530 398.9
1074540 398.9
1074550 399.0
1074560 399.0
1074570 399.0
1074580 399.1
1074590 399.2
1074600 399.2
1074610 399.1
1074620 399.1
1074630 399.1
1074640 399.1
1074650 399.1
1074660 399.1
1074670 399.1
1074680 399.1
1074690 399.1
1074700 399.1
1074710 399.1
1074720 399.1
1074730 399.1
1074740 399.1
1074750 399.1
1074760 399.1
1074770 399.1
1074780 399.1
1074790 399.1
1074800 399.0
1074810 399.0
1074820 399.0
1074830 398.9
1074840 398.9
1074850 398.9
1074860 398.9
1074870 398.8
1074880 398.8
1074890 398.8
1074900 398.8
1074910 398.8
1074920 398.7
1074930 398.8
1074940 398.8
1074950 398.5
1074960 398.5
1074970 398.5
1074980 398.9
1074990 399.6
1075000 399.6
1075010 400.4
1075020 399.4
1075030 399.4
1075040 399.3
1075050 399.2
1075060 399.2
1075070 399.0
1075080 399.0
1075090 399.0
1075100 399.0
1075110 399.0
1075120 399.0
1075130 398.9
1075140 398.9
1075150 398.7
1075160 398.7
1075170 398.6
1075180 399.1
1075190 399.1
1075200 399.2
1075210 398.7
1075220 398.7
1075230 398.3
1075240 398.7
1075250 398.7
1075260 398.9
1075270 399.2
1075280 399.2
1075290 399.3
1075300 399.2
1075310 399.2
1075320 399.1
1075330 399.2
1075340 399.2
1075350 399.0
1075360 399.0
1075370 399.0
1075380 399.0
1075390 399.4
1075400 399.4
1075410 400.4
1075420 400.0
1075430 400.0
1075440 399.0
1075450 398.8
1075460 398.8
1075470 398.5
1075480 398.5
1075490 398.5
1075500 398.6
1075510 398.7
1075520 398.7
1075530 398.7
1075540 398.5
1075550 397.6
1075560 397.6
1075570 398.5
1075580 398.8
1075590 398.8
1075600 398.7
1075610 398.5
1075620 398.5
1075630 398.8
1075640 398.8
1075650 398.8
1075660 398.7
1075670 398.8
1075680 398.8
1075690 398.8
1075700 398.8
1075710 398.8
1075720 398.8
1075730 398.8
1075740 398.8
1075750 398.7
1075760 398.8
1075770 398.8
1075780 398.8
1075790 398.7
1075800 398.7
1075810 398.8
1075820 398.8
1075830 398.8
1075840 398.8
1075850 398.8
1075860 398.8
1075870 398.8
1075880 398.8
1075890 398.8
1075900 398.8
1075910 398.8
1075920 398.8
1075930 398.8
1075940 398.9
1075950 398.9
1075960 398.9
1075970 399.5
1075980 399.4
1075990 399.4
1076000 399.6
1076010 399.2
1076020 399.2
1076030 399.2
1076040 399.1
1076050 399.1
1076060 399.1
1076070 399.0
1076080 399.0
1076090 398.9
1076100 398.8
1076110 398.8
1076120 399.2
1076130 402.3
1076140 402.3
1076150 403.6
1076160 400.6
1076170 400.6
1076180 399.9
1076190 399.8
1076200 399.7
1076210 399.7
1076220 399.6
1076230 399.5
1076240 399.5
1076250 399.4
1076260 399.1
1076270 399.1
1076280 399.0
1076290 399.3
1076300 399.3
1076310 401.9
1076320 400.4
1076330 400.4
1076340 397.2
1076350 397.0
1076360 397.0
1076370 397.0
1076380 396.9
1076390 396.9
1076400 396.9
1076410 398.6
1076420 398.6
1076430 402.3
1076440 401.7
1076450 401.7
1076460 400.1
1076470 400.0
1076480 400.0
1076490 400.0
1076500 400.1
1076510 400.1
1076520 400.5
1076530 402.9
1076540 402.9
1076550 403.1
1076560 400.4
1076570 400.1
1076580 400.1
1076590 400.4
1076600 400.8
1076610 400.8
1076620 400.8
1076630 400.8
1076640 400.8
1076650 400.7
1076660 400.7
1076670 400.7
1076680 400.8
1076690 400.8
1076700 400.8
1076710 400.9
1076720 401.0
1076730 401.0
1076740 400.9
1076750 400.7
1076760 400.7
1076770 399.3
1076780 397.2
1076790 397.2
1076800 398.7
1076810 398.9
1076820 398.8
1076830 398.8
1076840 398.8
1076850 398.8
1076860 398.8
1076870 398.9
1076880 398.9
1076890 398.9
1076900 398.9
1076910 398.9
1076920 398.9
1076930 398.9
1076940 399.0
1076950 399.0
1076960 399.1
1076970 399.2
1076980 399.2
1076990 399.1
1077000 399.1
1077010 399.1
1077020 399.1
1077030 399.1
1077040 399.1
1077050 399.1
1077060 399.1
1077070 399.1
1077080 398.8
1077090 399.6
1077100 399.6
1077110 401.1
1077120 401.6
1077130 400.7
1077140 399.6
1077150 399.4
1077160 399.4
1077170 399.2
1077180 399.3
1077190 399.3
1077200 399.3
1077210 399.4
1077220 399.4
1077230 399.4
1077240 399.4
1077250 399.5
1077260 399.5
1077270 399.5
1077280 399.6
1077290 399.6
1077300 399.7
1077310 399.8
1077320 399.8
1077330 399.9
1077340 400.0
1077350 400.0
1077360 400.2
1077370 400.3
1077380 400.3
1077390 400.8
1077400 401.6
1077410 401.6
1077420 400.8
1077430 399.1
1077440 399.1
1077450 398.7
1077460 396.3
1077470 396.3
1077480 397.1
1077490 399.1
1077500 399.1
1077510 401.1
1077520 401.7
1077530 401.7
1077540 400.6
1077550 400.2
1077560 400.2
1077570 400.0
1077580 399.8
1077590 399.7
1077600 399.7
1077610 399.6
1077620 399.6
1077630 399.6
1077640 399.6
1077650 399.5
1077660 399.5
1077670 399.3
1077680 399.2
1077690 399.2
1077700 399.2
1077710 399.1
1077720 399.1
1077730 399.1
1077740 399.1
1077750 399.1
1077760 399.1
1077770 399.1
1077780 399.1
1077790 399.0
1077800 399.0
1077810 399.0
1077820 398.9
1077830 398.9
1077840 398.9
1077850 398.8
1077860 398.8
1077870 398.8
1077880 398.7
1077890 398.7
1077900 398.7
1077910 398.8
1077920 398.9
1077930 398.9
1077940 398.9
1077950 398.7
1077960 398.7
1077970 398.7
1077980 398.4
1077990 398.0
1078000 398.0
1078010 397.9
1078020 397.8
1078030 397.8
1078040 397.9
1078050 397.9
1078060 397.9
1078070 397.9
1078080 397.8
1078090 397.8
1078100 397.8
1078110 397.9
1078120 397.9
1078130 398.0
1078140 397.9
1078150 397.9
1078160 397.9
1078170 397.9
1078180 397.9
1078190 398.0
1078200 397.9
1078210 397.9
1078220 397.9
1078230 397.9
1078240 397.9
1078250 398.0
1078260 397.9
1078270 397.9
1078280 397.9
1078290 398.0
1078300 398.1
1078310 398.1
1078320 398.0
1078330 397.9
1078340 397.9
1078350 398.0
1078360 397.9
1078370 397.9
1078380 397.8
1078390 397.8
1078400 397.8
1078410 397.9
1078420 398.0
1078430 398.0
1078440 398.0
1078450 398.1
1078460 398.1
1078470 398.1
1078480 397.9
1078490 397.9
1078500 397.8
1078510 397.8
1078520 397.8
1078530 397.9
1078540 397.8
1078550 397.8
1078560 397.8
1078570 397.8
1078580 397.8
1078590 397.8
1078600 397.8
1078610 397.8
1078620 397.8
1078630 397.8
1078640 397.8
1078650 397.8
1078660 397.8
1078670 397.8
1078680 397.8
1078690 397.8
1078700 397.8
1078710 397.8
1078720 397.9
1078730 397.9
1078740 397.9
1078750 397.8
1078760 397.7
1078770 397.7
1078780 397.7
1078790 397.7
1078800 397.7
1078810 397.7
1078820 397.6
1078830 397.6
1078840 397.7
1078850 397.7
1078860 397.7
1078870 398.1
1078880 398.0
1078890 398.0
1078900 397.6
1078910 397.6
1078920 397.6
1078930 397.6
1078940 397.6
1078950 397.6
1078960 397.7
1078970 397.7
1078980 397.7
1078990 397.7
1079000 397.7
1079010 397.7
1079020 397.6
1079030 397.7
1079040 397.8
1079050 397.8
1079060 397.7
1079070 397.6
1079080 397.6
1079090 397.6
1079100 397.6
1079110 397.6
1079120 397.6
1079130 397.6
1079140 397.6
1079150 397.6
1079160 397.7
1079170 397.7
1079180 397.9
1079190 397.8
1079200 397.8
1079210 397.7
1079220 397.7
1079230 397.7
1079240 397.6
1079250 397.7
1079260 397.7
1079270 397.6
1079280 397.6
1079290 397.6
1079300 397.7
1079310 397.8
1079320 397.8
1079330 397.8
1079340 397.8
1079350 397.9
1079360 397.9
1079370 397.9
1079380 398.0
1079390 398.0
1079400 398.0
1079410 398.0
1079420 398.0
1079430 398.0
1079440 398.1
1079450 398.1
1079460 398.1
1079470 398.1
1079480 398.1
1079490 398.2
1079500 398.6
1079510 398.6
1079520 398.5
1079530 398.5
1079540 398.5
1079550 398.5
1079560 398.5
1079570 398.5
1079580 398.7
1079590 398.8
1079600 398.8
1079610 398.9
1079620 398.9
1079630 398.9
1079640 398.8
1079650 398.6
1079660 398.6
1079670 398.6
1079680 398.6
1079690 398.7
1079700 398.7
1079710 398.7
1079720 398.7
1079730 398.7
1079740 398.8
1079750 398.8
1079760 398.8
1079770 398.8
1079780 398.9
1079790 398.9
1079800 399.1
1079810 399.1
1079820 399.1
1079830 399.2
1079840 399.3
1079850 399.3
1079860 399.2
1079870 399.2
1079880 399.2
1079890 399.2
1079900 399.2
1079910 399.2
1079920 399.3
1079930 399.6
1079940 399.6
1079950 399.9
1079960 399.9
1079970 399.9
1079980 399.8
1079990 399.8
