1066930 398.2
1066940 399.7
1066950 399.7
1066960 401.1
1066970 399.7
1066980 399.1
1066990 399.1
1067000 398.6
1067010 399.1
1067020 399.1
1067030 398.8
1067040 398.9
1067050 398.9
1067060 398.9
1067070 398.9
1067080 398.9
1067090 399.1
1067100 399.1
1067110 399.1
1067120 399.0
1067130 399.1
1067140 399.1
1067150 399.3
1067160 399.4
1067170 399.4
1067180 399.2
1067190 399.0
1067200 399.0
1067210 398.9
1067220 398.9
1067230 398.9
1067240 399.1
1067250 399.2
1067260 399.2
1067270 399.2
1067280 399.3
1067290 399.3
1067300 399.1
1067310 398.5
1067320 398.5
1067330 398.8
1067340 399.5
1067350 399.7
1067360 399.7
1067370 397.0
1067380 395.2
1067390 395.2
1067400 395.1
1067410 395.1
1067420 395.1
1067430 395.7
1067440 397.2
1067450 397.2
1067460 397.4
1067470 396.5
1067480 396.5
1067490 396.6
1067500 399.0
1067510 399.0
1067520 399.4
1067530 398.9
1067540 398.9
1067550 398.4
1067560 398.3
1067570 398.3
1067580 398.3
1067590 398.4
1067600 398.4
1067610 398.2
1067620 398.1
1067630 398.1
1067640 398.0
1067650 398.0
1067660 398.0
1067670 397.9
1067680 397.9
1067690 397.8
1067700 397.8
1067710 397.9
1067720 397.8
1067730 397.8
1067740 397.7
1067750 397.6
1067760 397.6
1067770 397.7
1067780 397.7
1067790 397.7
1067800 397.6
1067810 397.7
1067820 397.7
1067830 397.5
1067840 397.5
1067850 397.5
1067860 397.5
1067870 397.6
1067880 397.6
1067890 397.9
1067900 398.0
1067910 398.0
1067920 398.0
1067930 398.0
1067940 398.0
1067950 398.0
1067960 398.0
1067970 398.0
1067980 398.0
1067990 398.0
1068000 398.0
1068010 397.7
1068020 397.5
1068030 397.5
1068040 397.4
1068050 397.4
1068060 397.6
1068070 397.6
1068080 398.0
1068090 398.1
1068100 398.1
1068110 398.1
1068120 397.7
1068130 397.7
1068140 397.6
1068150 397.7
1068160 397.7
1068170 397.7
1068180 397.6
1068190 397.6
1068200 397.5
1068210 397.6
1068220 397.6
1068230 397.5
1068240 397.6
1068250 397.6
1068260 397.8
1068270 397.9
1068280 397.9
1068290 398.1
1068300 398.3
1068310 398.3
1068320 398.1
1068330 397.8
1068340 397.8
1068350 397.6
1068360 397.4
1068370 397.4
1068380 397.4
1068390 397.4
1068400 397.4
1068410 397.4
1068420 397.4
1068430 397.5
1068440 397.5
1068450 397.6
1068460 397.5
1068470 397.5
1068480 397.5
1068490 397.6
1068500 397.6
1068510 397.5
1068520 397.6
1068530 397.6
1068540 397.6
1068550 397.5
1068560 397.5
1068570 397.5
1068580 397.5
1068590 397.5
1068600 397.5
1068610 397.6
1068620 397.6
1068630 397.6
1068640 397.7
1068650 397.7
1068660 397.7
1068670 397.8
1068680 397.8
1068690 397.8
1068700 397.8
1068710 397.8
1068720 397.8
1068730 397.9
1068740 398.1
1068750 398.1
1068760 398.1
1068770 398.1
1068780 398.1
1068790 398.1
1068800 398.1
1068810 398.1
1068820 398.1
1068830 398.1
1068840 398.1
1068850 398.1
1068860 398.1
1068870 398.1
1068880 398.1
1068890 398.1
1068900 398.1
1068910 398.1
1068920 398.1
1068930 398.1
1068940 398.1
1068950 398.1
1068960 398.1
1068970 398.3
1068980 398.3
1068990 398.3
1069000 398.3
1069010 398.4
1069020 398.4
1069030 398.4
1069040 398.5
1069050 398.5
1069060 398.6
1069070 398.6
1069080 398.6
1069090 398.6
1069100 398.7
1069110 398.7
1069120 398.7
1069130 398.6
1069140 398.7
1069150 398.7
1069160 398.7
1069170 398.7
1069180 398.7
1069190 398.7
1069200 398.7
1069210 398.7
1069220 398.7
1069230 398.5
1069240 398.5
1069250 398.8
1069260 400.4
1069270 400.4
1069280 402.4
1069290 402.0
1069300 402.0
1069310 401.0
1069320 401.4
1069330 401.4
1069340 401.3
1069350 401.5
1069360 401.5
1069370 401.4
1069380 401.4
1069390 401.4
1069400 401.1
1069410 401.1
1069420 401.1
1069430 400.8
1069440 399.8
1069450 400.2
1069460 400.2
1069470 401.0
1069480 401.1
1069490 401.1
1069500 401.0
1069510 400.8
1069520 400.8
1069530 400.9
1069540 400.8
1069550 400.8
1069560 400.9
1069570 401.1
1069580 401.1
1069590 401.2
1069600 401.3
1069610 401.3
1069620 401.3
1069630 401.2
1069640 401.2
1069650 401.2
1069660 401.2
1069670 401.2
1069680 401.2
1069690 401.3
1069700 401.3
1069710 401.3
1069720 400.9
1069730 400.9
1069740 400.9
1069750 400.9
1069760 400.9
1069770 400.9
1069780 400.8
1069790 400.8
1069800 400.8
1069810 400.8
1069820 400.9
1069830 400.9
1069840 400.9
1069850 400.9
1069860 400.9
1069870 400.9
1069880 400.6
1069890 400.6
1069900 400.6
1069910 400.9
1069920 400.9
1069930 401.0
1069940 400.8
1069950 400.8
1069960 400.4
1069970 400.4
1069980 400.4
1069990 400.3
1070000 400.3
1070010 400.3
1070020 400.4
1070030 400.5
1070040 400.5
1070050 400.6
1070060 400.5
1070070 400.5
1070080 400.5
1070090 400.4
1070100 400.4
1070110 400.4
1070120 400.3
1070130 400.3
1070140 400.3
1070150 400.5
1070160 400.5
1070170 400.5
1070180 400.2
1070190 400.1
1070200 400.1
1070210 400.1
1070220 399.9
1070230 399.9
1070240 399.8
1070250 399.7
1070260 399.7
1070270 399.8
1070280 399.7
1070290 399.7
1070300 399.7
1070310 399.7
1070320 399.7
1070330 399.6
1070340 399.6
1070350 399.6
1070360 399.5
1070370 399.5
1070380 399.5
1070390 399.4
1070400 399.3
1070410 399.3
1070420 399.1
1070430 399.1
1070440 399.1
1070450 399.2
1070460 399.2
1070470 399.2
1070480 399.2
1070490 399.2
1070500 399.2
1070510 399.2
1070520 399.2
1070530 399.2
1070540 399.2
1070550 399.3
1070560 399.2
1070570 399.2
1070580 399.3
1070590 399.4
1070600 399.4
1070610 399.3
1070620 399.2
1070630 399.2
1070640 399.1
1070650 399.1
1070660 399.1
1070670 399.1
1070680 399.1
1070690 399.1
1070700 399.1
1070710 399.1
1070720 399.1
1070730 399.1
1070740 399.0
1070750 399.0
1070760 399.1
1070770 399.0
1070780 399.0
1070790 399.1
1070800 399.1
1070810 399.1
1070820 399.2
1070830 399.2
1070840 399.2
1070850 399.2
1070860 399.2
1070870 399.3
1070880 399.3
1070890 399.3
1070900 399.3
1070910 399.3
1070920 399.4
1070930 399.4
1070940 399.4
1070950 399.2
1070960 399.0
1070970 399.0
1070980 399.0
1070990 399.0
1071000 399.0
1071010 398.9
1071020 398.9
1071030 398.9
1071040 398.9
1071050 398.8
1071060 398.8
1071070 398.8
1071080 398.7
1071090 398.7
1071100 398.7
1071110 398.6
1071120 398.6
1071130 398.5
1071140 398.6
1071150 398.6
1071160 399.0
1071170 399.6
1071180 399.6
1071190 399.6
1071200 399.6
1071210 399.6
1071220 399.6
1071230 399.6
1071240 399.5
1071250 399.5
1071260 399.4
1071270 399.7
1071280 399.7
1071290 399.8
1071300 399.9
1071310 399.9
1071320 400.9
1071330 401.5
1071340 401.5
1071350 400.8
1071360 399.7
1071370 399.7
1071380 399.5
1071390 399.4
1071400 399.4
1071410 399.3
1071420 399.4
1071430 399.4
1071440 400.0
1071450 400.1
1071460 400.1
1071470 399.8
1071480 399.2
1071490 399.2
1071500 399.0
1071510 398.9
1071520 398.9
1071530 398.9
1071540 398.7
1071550 398.7
1071560 398.7
1071570 398.8
1071580 398.6
1071590 398.6
1071600 398.7
1071610 398.9
1071620 398.9
1071630 398.6
1071640 398.6
1071650 398.6
1071660 398.7
1071670 398.7
1071680 398.7
1071690 398.7
1071700 398.7
1071710 398.7
1071720 398.6
1071730 398.5
1071740 398.5
1071750 398.6
1071760 398.5
1071770 398.5
1071780 398.5
1071790 398.5
1071800 398.5
1071810 398.6
1071820 398.7
1071830 398.7
1071840 398.7
1071850 398.6
1071860 398.6
1071870 398.7
1071880 398.7
1071890 398.7
1071900 398.7
1071910 398.9
1071920 398.9
1071930 398.9
1071940 398.9
1071950 398.8
1071960 398.8
1071970 398.8
1071980 398.8
1071990 398.8
1072000 398.8
1072010 398.8
1072020 398.8
1072030 398.8
1072040 398.8
1072050 398.8
1072060 398.8
1072070 398.8
1072080 398.8
1072090 398.8
1072100 398.8
1072110 398.8
1072120 398.8
1072130 398.8
1072140 398.8
1072150 398.8
1072160 398.8
1072170 398.8
1072180 398.8
1072190 398.8
1072200 398.8
1072210 398.7
1072220 398.9
1072230 398.9
1072240 398.9
1072250 398.9
1072260 398.9
1072270 398.9
1072280 398.9
1072290 399.0
1072300 399.0
1072310 399.0
1072320 399.0
1072330 399.0
1072340 398.5
1072350 398.1
1072360 398.1
1072370 398.8
1072380 398.8
1072390 398.8
1072400 398.7
1072410 398.7
1072420 398.7
1072430 398.6
1072440 398.7
1072450 398.7
1072460 398.7
1072470 398.7
1072480 398.7
1072490 398.6
1072500 398.6
1072510 398.6
1072520 398.5
1072530 398.3
1072540 398.3
1072550 398.3
1072560 398.0
1072570 398.0
1072580 398.0
1072590 398.0
1072600 398.0
1072610 398.0
1072620 398.0
1072630 397.9
1072640 397.9
1072650 397.9
1072660 397.9
1072670 397.9
1072680 397.9
1072690 397.9
1072700 397.9
1072710 397.9
1072720 397.9
1072730 397.9
1072740 397.9
1072750 397.9
1072760 397.9
1072770 398.1
1072780 397.9
1072790 397.9
1072800 397.9
1072810 397.9
1072820 397.9
1072830 397.9
1072840 397.9
1072850 397.9
1072860 397.9
1072870 397.9
1072880 397.9
1072890 397.9
1072900 397.9
1072910 397.9
1072920 398.0
1072930 397.9
1072940 397.9
1072950 398.0
1072960 398.0
1072970 398.0
1072980 398.0
1072990 398.0
1073000 398.0
1073010 398.0
1073020 398.1
1073030 398.0
1073040 398.0
1073050 398.0
1073060 398.0
1073070 398.0
1073080 398.0
1073090 398.2
1073100 398.2
1073110 397.9
1073120 397.9
1073130 397.9
1073140 397.8
1073150 397.8
1073160 397.8
1073170 397.8
1073180 397.8
1073190 397.8
1073200 397.9
1073210 397.9
1073220 397.9
1073230 397.8
1073240 397.8
1073250 397.8
1073260 397.8
1073270 397.8
1073280 397.8
1073290 397.8
1073300 397.8
1073310 397.9
1073320 397.9
1073330 397.8
1073340 397.8
1073350 397.8
1073360 397.9
1073370 397.9
1073380 397.9
1073390 397.9
1073400 397.9
1073410 397.9
1073420 397.8
1073430 397.8
1073440 397.8
1073450 398.2
1073460 398.1
1073470 398.1
1073480 397.9
1073490 397.9
1073500 397.9
1073510 397.9
1073520 397.9
1073530 397.9
1073540 397.9
1073550 397.9
1073560 397.9
1073570 397.9
1073580 397.9
1073590 397.9
1073600 397.9
1073610 397.8
1073620 397.8
1073630 397.9
1073640 398.0
1073650 397.9
1073660 397.9
1073670 397.9
1073680 397.9
1073690 397.9
1073700 397.9
1073710 397.9
1073720 397.9
1073730 397.9
1073740 397.9
1073750 397.9
1073760 397.9
1073770 398.0
1073780 398.0
1073790 398.0
1073800 397.9
1073810 397.9
1073820 397.9
1073830 397.9
1073840 397.9
1073850 397.8
1073860 398.0
1073870 398.0
1073880 398.0
1073890 398.0
1073900 398.0
1073910 397.9
1073920 397.9
1073930 397.9
1073940 397.8
1073950 397.7
1073960 397.7
1073970 397.7
1073980 397.7
1073990 397.7
1074000 397.8
1074010 397.9
1074020 397.9
1074030 397.9
1074040 397.9
1074050 397.8
1074060 397.8
1074070 397.9
1074080 397.9
1074090 397.9
1074100 397.9
1074110 397.9
1074120 397.9
1074130 397.9
1074140 397.9
1074150 397.9
1074160 397.9
1074170 397.9
1074180 397.9
1074190 397.8
1074200 397.8
1074210 397.8
1074220 397.9
1074230 397.9
1074240 397.9
1074250 397.9
1074260 397.9
1074270 397.9
1074280 397.9
1074290 397.9
1074300 397.9
1074310 397.9
1074320 397.9
1074330 397.9
1074340 397.9
1074350 397.9
1074360 397.9
1074370 397.9
1074380 397.8
1074390 397.8
1074400 397.8
1074410 397.8
1074420 397.9
1074430 397.9
1074440 397.9
1074450 397.9
1074460 397.9
1074470 397.9
1074480 397.8
1074490 397.8
1074500 397.8
1074510 397.8
1074520 397.8
1074530 397.8
1074540 397.8
1074550 397.8
1074560 397.7
1074570 397.7
1074580 397.7
1074590 397.7
1074600 397.6
1074610 397.6
1074620 397.8
1074630 398.2
1074640 398.2
1074650 398.2
1074660 397.9
1074670 397.9
1074680 397.9
1074690 398.1
1074700 398.3
1074710 398.3
1074720 398.5
1074730 398.0
1074740 398.0
1074750 397.9
1074760 398.1
1074770 398.1
1074780 397.9
1074790 397.6
1074800 397.6
1074810 397.4
1074820 397.4
1074830 397.4
1074840 397.4
1074850 397.5
1074860 397.5
1074870 397.6
1074880 397.7
1074890 397.7
1074900 397.7
1074910 397.6
1074920 397.6
1074930 397.7
1074940 397.9
1074950 397.9
1074960 398.0
1074970 398.0
1074980 398.0
1074990 398.0
1075000 397.9
1075010 398.3
1075020 398.1
1075030 397.9
1075040 397.9
1075050 397.8
1075060 397.8
1075070 397.8
1075080 397.8
1075090 397.8
1075100 397.7
1075110 397.7
1075120 397.7
1075130 397.6
1075140 397.6
1075150 397.6
1075160 397.7
1075170 397.7
1075180 397.6
1075190 397.6
1075200 397.6
1075210 397.6
1075220 397.7
1075230 397.7
1075240 397.8
1075250 397.9
1075260 397.9
1075270 397.9
1075280 398.0
1075290 398.0
1075300 398.1
1075310 397.9
1075320 397.9
1075330 398.2
1075340 398.4
1075350 398.4
1075360 398.1
1075370 398.5
1075380 398.5
1075390 399.2
1075400 399.4
1075410 399.1
1075420 399.1
1075430 397.9
1075440 397.3
1075450 397.3
1075460 398.4
1075470 398.6
1075480 398.6
1075490 398.6
1075500 398.4
1075510 398.4
1075520 398.3
1075530 398.1
1075540 398.1
1075550 397.9
1075560 397.8
1075570 397.8
1075580 397.7
1075590 397.6
1075600 397.6
1075610 397.6
1075620 397.6
1075630 397.6
1075640 397.5
1075650 397.5
1075660 397.5
1075670 397.5
1075680 397.5
1075690 397.5
1075700 397.5
1075710 397.5
1075720 397.5
1075730 397.5
1075740 397.4
1075750 397.4
1075760 397.4
1075770 397.5
1075780 397.6
1075790 397.6
1075800 397.4
1075810 397.4
1075820 397.4
1075830 397.4
1075840 397.4
1075850 397.4
1075860 397.4
1075870 397.5
1075880 397.5
1075890 397.5
1075900 397.4
1075910 397.4
1075920 397.5
1075930 397.5
1075940 397.5
1075950 397.5
1075960 397.5
1075970 397.5
1075980 397.5
1075990 397.6
1076000 397.6
1076010 397.6
1076020 397.6
1076030 397.6
1076040 397.6
1076050 397.6
1076060 397.6
1076070 397.6
1076080 397.6
1076090 397.6
1076100 397.6
1076110 397.8
1076120 398.4
1076130 398.4
1076140 398.6
1076150 400.8
1076160 400.8
1076170 403.3
1076180 400.8
1076190 400.8
1076200 399.2
1076210 399.1
1076220 399.1
1076230 399.2
1076240 399.1
1076250 399.1
1076260 399.0
1076270 398.9
1076280 398.9
1076290 398.6
1076300 398.5
1076310 398.5
1076320 398.3
1076330 400.7
1076340 400.7
1076350 400.2
1076360 397.3
1076370 397.3
1076380 396.8
1076390 396.9
1076400 396.9
1076410 397.0
1076420 397.1
1076430 397.1
1076440 397.1
1076450 400.2
1076460 401.8
1076470 401.8
1076480 400.2
1076490 399.5
1076500 399.5
1076510 399.6
1076520 399.6
1076530 399.6
1076540 399.8
1076550 402.3
1076560 402.3
1076570 402.8
1076580 399.8
1076590 399.8
1076600 399.5
1076610 399.3
1076620 399.3
1076630 399.0
1076640 398.4
1076650 398.4
1076660 398.4
1076670 398.4
1076680 398.4
1076690 398.5
1076700 398.5
1076710 398.5
1076720 398.5
1076730 398.5
1076740 398.5
1076750 398.5
1076760 398.4
1076770 398.4
1076780 398.4
1076790 398.2
1076800 398.2
1076810 397.0
1076820 397.6
1076830 398.7
1076840 398.7
1076850 400.3
1076860 401.5
1076870 401.5
1076880 400.8
1076890 398.8
1076900 398.8
1076910 397.5
1076920 395.4
1076930 395.4
1076940 396.9
1076950 398.2
1076960 398.2
1076970 400.3
1076980 399.6
1076990 399.6
1077000 399.0
1077010 399.3
1077020 399.3
1077030 399.3
1077040 399.3
1077050 399.3
1077060 399.1
1077070 399.1
1077080 399.1
1077090 399.4
1077100 399.5
1077110 399.5
1077120 399.4
1077130 399.4
1077140 399.4
1077150 399.3
1077160 399.3
1077170 399.2
1077180 399.2
1077190 398.9
1077200 399.0
1077210 398.5
1077220 399.1
1077230 399.4
1077240 399.4
1077250 399.4
1077260 399.3
1077270 399.3
1077280 399.4
1077290 399.6
1077300 399.6
1077310 399.6
1077320 399.2
1077330 399.2
1077340 399.2
1077350 400.0
1077360 400.0
1077370 398.8
1077380 398.5
1077390 398.5
1077400 398.4
1077410 398.4
1077420 398.4
1077430 398.4
1077440 398.4
1077450 398.4
1077460 398.4
1077470 398.4
1077480 398.4
1077490 398.4
1077500 398.4
1077510 398.4
1077520 398.5
1077530 398.5
1077540 398.4
1077550 398.4
1077560 398.4
1077570 398.3
1077580 398.3
1077590 398.2
1077600 398.2
1077610 398.2
1077620 398.1
1077630 398.4
1077640 398.4
1077650 398.2
1077660 397.9
1077670 397.9
1077680 398.0
1077690 398.1
1077700 398.1
1077710 398.1
1077720 398.1
1077730 398.1
1077740 398.1
1077750 398.2
1077760 398.2
1077770 398.1
1077780 398.1
1077790 398.1
1077800 398.1
1077810 398.1
1077820 398.1
1077830 397.9
1077840 398.0
1077850 398.0
1077860 398.0
1077870 398.0
1077880 398.2
1077890 398.2
1077900 398.0
1077910 397.5
1077920 397.5
1077930 397.5
1077940 397.6
1077950 397.6
1077960 397.8
1077970 398.0
1077980 398.0
1077990 398.0
1078000 398.0
1078010 398.0
1078020 398.0
1078030 398.0
1078040 398.0
1078050 397.6
1078060 397.5
1078070 397.5
1078080 397.5
1078090 397.5
1078100 397.5
1078110 397.5
1078120 397.5
1078130 397.5
1078140 397.5
1078150 397.5
1078160 397.5
1078170 397.7
1078180 397.9
1078190 397.9
1078200 397.7
1078210 397.5
1078220 397.5
1078230 397.5
1078240 397.4
1078250 397.3
1078260 397.3
1078270 397.4
1078280 397.4
1078290 397.4
1078300 397.4
1078310 397.4
1078320 397.4
1078330 397.5
1078340 397.7
1078350 397.7
1078360 397.6
1078370 397.5
1078380 397.5
1078390 397.4
1078400 397.5
1078410 397.5
1078420 398.4
1078430 398.5
1078440 398.5
1078450 398.4
1078460 398.5
1078470 398.5
1078480 398.5
1078490 397.8
1078500 397.8
1078510 397.6
1078520 397.7
1078530 397.7
1078540 397.9
1078550 397.8
1078560 397.5
1078570 397.5
1078580 397.4
1078590 397.4
1078600 397.4
1078610 397.5
1078620 397.5
1078630 397.5
1078640 397.5
1078650 397.5
1078660 397.5
1078670 397.6
1078680 397.6
1078690 397.6
1078700 397.6
1078710 397.6
1078720 397.6
1078730 397.6
1078740 397.5
1078750 397.5
1078760 397.5
1078770 397.5
1078780 397.6
1078790 397.6
1078800 397.7
1078810 397.7
1078820 397.8
1078830 397.6
1078840 397.6
1078850 397.6
1078860 397.6
1078870 397.6
1078880 397.7
1078890 397.7
1078900 397.7
1078910 397.8
1078920 397.8
1078930 397.8
1078940 397.8
1078950 397.7
1078960 397.6
1078970 397.6
1078980 397.7
1078990 397.7
1079000 397.7
1079010 397.6
1079020 397.8
1079030 397.8
1079040 397.8
1079050 397.7
1079060 397.7
1079070 397.8
1079080 397.8
1079090 397.8
1079100 397.8
1079110 397.9
1079120 397.9
1079130 397.9
1079140 397.9
1079150 397.9
1079160 398.0
1079170 398.1
1079180 398.1
1079190 398.0
1079200 397.9
1079210 397.9
1079220 398.0
1079230 398.0
1079240 398.0
1079250 397.9
1079260 397.9
1079270 398.0
1079280 398.0
1079290 398.2
1079300 398.1
1079310 398.1
1079320 398.2
1079330 398.1
1079340 398.1
1079350 398.2
1079360 398.2
1079370 398.2
1079380 398.3
1079390 398.3
1079400 398.3
1079410 398.3
1079420 398.6
1079430 398.6
1079440 398.4
1079450 398.2
1079460 398.2
1079470 398.2
1079480 398.2
1079490 398.2
1079500 398.2
1079510 398.3
1079520 398.3
1079530 398.4
1079540 398.4
1079550 398.4
1079560 398.3
1079570 398.3
1079580 398.3
1079590 398.4
1079600 398.4
1079610 398.5
1079620 398.5
1079630 398.5
1079640 398.4
1079650 398.4
1079660 398.4
1079670 398.4
1079680 398.4
1079690 398.5
1079700 398.6
1079710 398.6
1079720 398.6
1079730 398.6
1079740 398.6
1079750 398.7
1079760 398.8
1079770 398.8
1079780 398.9
1079790 399.0
1079800 399.0
1079810 399.1
1079820 399.2
1079830 399.2
1079840 399.3
1079850 399.3
1079860 399.3
1079870 399.5
1079880 399.6
1079890 399.6
1079900 399.6
1079910 399.7
1079920 399.7
1079930 399.7
1079940 399.8
1079950 399.8
1079960 400.1
1079970 399.8
1079980 399.7
1079990 399.7
