1067010 399.6
1067020 399.6
1067030 399.6
1067040 399.6
1067050 399.6
1067060 399.6
1067070 399.7
1067080 399.8
1067090 399.8
1067100 399.8
1067110 399.7
1067120 399.7
1067130 400.6
1067140 399.7
1067150 399.7
1067160 398.9
1067170 399.1
1067180 399.1
1067190 399.1
1067200 399.2
1067210 399.2
1067220 399.4
1067230 399.6
1067240 399.6
1067250 399.7
1067260 399.6
1067270 399.3
1067280 399.3
1067290 399.2
1067300 399.0
1067310 399.0
1067320 399.0
1067330 399.0
1067340 399.0
1067350 399.0
1067360 399.0
1067370 399.0
1067380 399.0
1067390 399.0
1067400 399.0
1067410 399.3
1067420 400.5
1067430 400.5
1067440 397.6
1067450 396.1
1067460 396.1
1067470 395.1
1067480 395.1
1067490 395.1
1067500 395.3
1067510 397.2
1067520 397.2
1067530 397.9
1067540 397.8
1067550 398.0
1067560 397.7
1067570 398.3
1067580 398.3
1067590 399.6
1067600 399.7
1067610 399.4
1067620 399.4
1067630 399.1
1067640 399.1
1067650 399.1
1067660 398.9
1067670 399.0
1067680 399.0
1067690 399.0
1067700 398.8
1067710 398.8
1067720 399.1
1067730 398.5
1067740 398.5
1067750 397.8
1067760 397.7
1067770 397.7
1067780 397.7
1067790 397.7
1067800 397.7
1067810 397.9
1067820 398.1
1067830 398.1
1067840 398.0
1067850 397.8
1067860 397.6
1067870 397.7
1067880 398.0
1067890 398.0
1067900 398.3
1067910 398.3
1067920 398.3
1067930 397.9
1067940 398.0
1067950 398.2
1067960 398.2
1067970 398.3
1067980 399.4
1067990 399.4
1068000 398.6
1068010 397.8
1068020 397.8
1068030 398.0
1068040 398.5
1068050 398.5
1068060 398.1
1068070 398.0
1068080 398.0
1068090 398.1
1068100 398.1
1068110 398.1
1068120 398.0
1068130 397.7
1068140 397.7
1068150 397.7
1068160 397.7
1068170 397.7
1068180 397.7
1068190 397.7
1068200 397.7
1068210 397.7
1068220 397.7
1068230 397.7
1068240 397.8
1068250 397.8
1068260 397.8
1068270 397.9
1068280 397.8
1068290 397.8
1068300 397.8
1068310 397.7
1068320 397.7
1068330 397.7
1068340 397.8
1068350 398.0
1068360 398.0
1068370 398.2
1068380 398.1
1068390 398.1
1068400 398.0
1068410 397.8
1068420 397.8
1068430 397.7
1068440 397.8
1068450 397.8
1068460 398.1
1068470 398.2
1068480 398.2
1068490 398.3
1068500 398.3
1068510 398.3
1068520 398.4
1068530 398.5
1068540 398.5
1068550 397.7
1068560 397.7
1068570 397.7
1068580 397.7
1068590 397.7
1068600 397.7
1068610 397.7
1068620 397.7
1068630 397.7
1068640 397.7
1068650 397.7
1068660 397.7
1068670 397.7
1068680 397.7
1068690 397.7
1068700 397.7
1068710 397.9
1068720 398.2
1068730 398.2
1068740 398.1
1068750 398.0
1068760 398.0
1068770 398.2
1068780 398.1
1068790 398.1
1068800 398.1
1068810 398.1
1068820 398.1
1068830 398.1
1068840 398.0
1068850 398.0
1068860 398.0
1068870 398.0
1068880 398.0
1068890 398.1
1068900 398.1
1068910 398.1
1068920 398.1
1068930 398.1
1068940 398.1
1068950 398.1
1068960 398.1
1068970 398.1
1068980 398.1
1068990 398.1
1069000 398.1
1069010 398.1
1069020 398.5
1069030 398.6
1069040 398.6
1069050 398.6
1069060 398.7
1069070 398.7
1069080 398.8
1069090 398.7
1069100 398.7
1069110 398.8
1069120 398.9
1069130 398.9
1069140 398.9
1069150 398.8
1069160 398.8
1069170 398.9
1069180 398.9
1069190 398.9
1069200 398.9
1069210 398.9
1069220 398.9
1069230 398.9
1069240 399.0
1069250 399.0
1069260 399.0
1069270 399.0
1069280 399.0
1069290 399.0
1069300 399.5
1069310 399.5
1069320 401.6
1069330 402.2
1069340 402.2
1069350 402.2
1069360 401.3
1069370 399.7
1069380 399.7
1069390 399.5
1069400 399.4
1069410 399.4
1069420 399.4
1069430 399.4
1069440 399.4
1069450 399.6
1069460 399.7
1069470 399.7
1069480 399.4
1069490 399.2
1069500 399.2
1069510 399.1
1069520 399.2
1069530 399.2
1069540 399.3
1069550 399.8
1069560 399.8
1069570 401.4
1069580 401.8
1069590 401.8
1069600 401.7
1069610 401.7
1069620 401.7
1069630 401.6
1069640 401.5
1069650 401.5
1069660 401.5
1069670 401.6
1069680 401.6
1069690 401.6
1069700 401.8
1069710 401.9
1069720 401.9
1069730 402.0
1069740 401.8
1069750 401.8
1069760 401.6
1069770 401.7
1069780 401.7
1069790 401.8
1069800 401.9
1069810 401.9
1069820 402.1
1069830 402.2
1069840 402.2
1069850 402.2
1069860 402.2
1069870 402.2
1069880 402.2
1069890 402.0
1069900 402.0
1069910 401.9
1069920 401.8
1069930 401.8
1069940 401.9
1069950 402.2
1069960 402.2
1069970 402.4
1069980 402.6
1069990 402.6
1070000 402.9
1070010 402.7
1070020 402.7
1070030 402.2
1070040 400.7
1070050 400.4
1070060 400.4
1070070 400.3
1070080 400.2
1070090 400.2
1070100 400.1
1070110 400.1
1070120 400.1
1070130 400.1
1070140 400.2
1070150 400.2
1070160 400.1
1070170 400.0
1070180 400.0
1070190 400.1
1070200 400.4
1070210 400.4
1070220 400.5
1070230 400.3
1070240 400.3
1070250 400.4
1070260 400.2
1070270 400.2
1070280 400.1
1070290 400.1
1070300 400.1
1070310 400.0
1070320 400.0
1070330 400.0
1070340 399.9
1070350 399.8
1070360 399.8
1070370 399.7
1070380 399.7
1070390 399.7
1070400 399.7
1070410 399.7
1070420 399.7
1070430 399.7
1070440 399.6
1070450 399.5
1070460 399.5
1070470 399.4
1070480 399.4
1070490 399.4
1070500 399.4
1070510 399.4
1070520 399.4
1070530 399.4
1070540 399.4
1070550 399.4
1070560 399.4
1070570 399.4
1070580 399.4
1070590 399.4
1070600 399.4
1070610 399.4
1070620 399.5
1070630 399.5
1070640 399.5
1070650 399.5
1070660 399.4
1070670 399.4
1070680 399.3
1070690 399.2
1070700 399.2
1070710 399.2
1070720 399.1
1070730 399.1
1070740 399.0
1070750 398.9
1070760 398.7
1070770 398.7
1070780 399.0
1070790 399.1
1070800 399.1
1070810 399.1
1070820 399.1
1070830 399.1
1070840 399.2
1070850 399.2
1070860 399.2
1070870 399.2
1070880 399.2
1070890 399.2
1070900 399.2
1070910 399.3
1070920 399.3
1070930 399.2
1070940 399.1
1070950 399.1
1070960 399.0
1070970 399.0
1070980 399.0
1070990 399.0
1071000 399.0
1071010 399.0
1071020 399.0
1071030 399.0
1071040 399.0
1071050 399.0
1071060 399.0
1071070 399.0
1071080 399.0
1071090 399.0
1071100 399.0
1071110 399.0
1071120 399.8
1071130 400.0
1071140 400.0
1071150 399.8
1071160 399.6
1071170 399.6
1071180 399.4
1071190 399.3
1071200 399.3
1071210 399.3
1071220 399.4
1071230 399.4
1071240 399.9
1071250 399.8
1071260 399.8
1071270 400.5
1071280 400.4
1071290 400.4
1071300 399.9
1071310 400.0
1071320 400.0
1071330 400.0
1071340 400.1
1071350 400.1
1071360 399.9
1071370 399.7
1071380 399.7
1071390 399.9
1071400 400.1
1071410 400.1
1071420 400.3
1071430 400.5
1071440 400.5
1071450 401.1
1071460 400.8
1071470 400.2
1071480 400.2
1071490 400.1
1071500 400.6
1071510 400.6
1071520 400.8
1071530 400.3
1071540 400.3
1071550 399.5
1071560 399.5
1071570 399.5
1071580 399.5
1071590 399.7
1071600 399.7
1071610 399.7
1071620 399.4
1071630 399.4
1071640 399.4
1071650 399.4
1071660 399.4
1071670 399.5
1071680 399.6
1071690 399.6
1071700 399.5
1071710 399.3
1071720 399.3
1071730 399.2
1071740 399.2
1071750 399.2
1071760 399.2
1071770 399.2
1071780 399.2
1071790 399.2
1071800 399.2
1071810 399.2
1071820 399.2
1071830 399.2
1071840 399.1
1071850 399.1
1071860 399.2
1071870 399.2
1071880 399.2
1071890 399.1
1071900 399.1
1071910 399.1
1071920 399.1
1071930 399.2
1071940 399.2
1071950 399.2
1071960 399.1
1071970 399.1
1071980 399.0
1071990 399.0
1072000 399.0
1072010 399.0
1072020 399.1
1072030 399.1
1072040 399.1
1072050 399.1
1072060 399.1
1072070 399.1
1072080 399.0
1072090 399.0
1072100 399.0
1072110 399.0
1072120 399.0
1072130 398.9
1072140 398.9
1072150 398.9
1072160 398.9
1072170 399.0
1072180 399.1
1072190 399.1
1072200 399.1
1072210 399.0
1072220 399.0
1072230 399.0
1072240 398.9
1072250 398.9
1072260 398.9
1072270 398.8
1072280 398.8
1072290 398.8
1072300 398.8
1072310 398.8
1072320 398.7
1072330 398.6
1072340 398.6
1072350 398.6
1072360 398.6
1072370 398.6
1072380 398.7
1072390 398.6
1072400 398.6
1072410 397.9
1072420 398.4
1072430 398.4
1072440 398.5
1072450 398.4
1072460 398.4
1072470 398.3
1072480 398.3
1072490 398.3
1072500 398.3
1072510 398.3
1072520 398.2
1072530 398.2
1072540 398.2
1072550 398.2
1072560 398.2
1072570 398.2
1072580 398.1
1072590 398.1
1072600 398.1
1072610 398.1
1072620 398.1
1072630 398.1
1072640 398.1
1072650 398.1
1072660 398.1
1072670 398.0
1072680 398.0
1072690 398.0
1072700 398.0
1072710 398.0
1072720 397.9
1072730 397.9
1072740 397.9
1072750 397.9
1072760 397.9
1072770 397.9
1072780 397.9
1072790 397.9
1072800 397.9
1072810 397.8
1072820 397.9
1072830 397.9
1072840 398.0
1072850 398.0
1072860 397.9
1072870 397.9
1072880 397.9
1072890 397.9
1072900 397.9
1072910 397.9
1072920 397.8
1072930 397.8
1072940 397.8
1072950 397.7
1072960 397.7
1072970 397.7
1072980 397.7
1072990 397.7
1073000 397.8
1073010 397.8
1073020 397.8
1073030 397.8
1073040 397.8
1073050 397.8
1073060 397.8
1073070 397.8
1073080 397.8
1073090 397.8
1073100 397.8
1073110 397.8
1073120 397.8
1073130 397.8
1073140 397.8
1073150 397.9
1073160 397.8
1073170 397.8
1073180 397.8
1073190 397.9
1073200 397.9
1073210 397.9
1073220 397.9
1073230 398.0
1073240 398.0
1073250 398.0
1073260 398.0
1073270 398.0
1073280 398.0
1073290 398.0
1073300 398.0
1073310 398.0
1073320 398.0
1073330 398.0
1073340 398.0
1073350 398.0
1073360 398.0
1073370 398.0
1073380 398.1
1073390 398.1
1073400 398.4
1073410 398.3
1073420 398.3
1073430 398.2
1073440 398.2
1073450 398.2
1073460 398.2
1073470 398.2
1073480 398.2
1073490 398.1
1073500 398.1
1073510 398.1
1073520 398.2
1073530 398.1
1073540 398.1
1073550 398.1
1073560 398.1
1073570 398.1
1073580 398.1
1073590 398.1
1073600 398.2
1073610 398.2
1073620 398.1
1073630 398.2
1073640 398.2
1073650 398.2
1073660 398.2
1073670 398.2
1073680 398.2
1073690 398.2
1073700 398.2
1073710 398.2
1073720 398.3
1073730 398.3
1073740 398.2
1073750 398.3
1073760 398.3
1073770 398.3
1073780 398.3
1073790 398.3
1073800 398.3
1073810 398.3
1073820 398.3
1073830 398.3
1073840 398.3
1073850 398.3
1073860 398.3
1073870 398.3
1073880 398.3
1073890 398.3
1073900 398.3
1073910 398.3
1073920 398.3
1073930 398.2
1073940 398.2
1073950 398.2
1073960 398.2
1073970 398.2
1073980 398.2
1073990 398.2
1074000 398.1
1074010 398.1
1074020 398.1
1074030 398.2
1074040 398.2
1074050 398.2
1074060 398.2
1074070 398.2
1074080 398.2
1074090 398.2
1074100 398.2
1074110 398.2
1074120 398.2
1074130 398.2
1074140 398.2
1074150 398.2
1074160 398.2
1074170 398.2
1074180 398.2
1074190 398.2
1074200 398.2
1074210 398.2
1074220 398.2
1074230 398.2
1074240 398.2
1074250 398.2
1074260 398.2
1074270 398.2
1074280 398.2
1074290 398.2
1074300 398.3
1074310 398.3
1074320 398.3
1074330 398.2
1074340 398.2
1074350 398.3
1074360 398.2
1074370 398.2
1074380 398.2
1074390 398.1
1074400 398.1
1074410 398.1
1074420 398.1
1074430 398.1
1074440 398.1
1074450 398.1
1074460 398.1
1074470 398.1
1074480 398.1
1074490 398.0
1074500 398.0
1074510 398.0
1074520 398.0
1074530 398.0
1074540 397.9
1074550 398.0
1074560 398.0
1074570 397.9
1074580 397.9
1074590 397.9
1074600 397.9
1074610 397.9
1074620 397.8
1074630 397.8
1074640 397.7
1074650 397.7
1074660 397.8
1074670 397.9
1074680 397.8
1074690 397.8
1074700 397.8
1074710 397.8
1074720 397.8
1074730 397.8
1074740 397.8
1074750 397.8
1074760 398.1
1074770 398.1
1074780 398.1
1074790 398.1
1074800 398.2
1074810 398.2
1074820 398.1
1074830 397.8
1074840 397.8
1074850 397.7
1074860 397.7
1074870 397.7
1074880 397.8
1074890 397.8
1074900 397.8
1074910 398.0
1074920 397.8
1074930 397.8
1074940 397.8
1074950 397.9
1074960 397.9
1074970 398.0
1074980 398.0
1074990 397.9
1075000 397.9
1075010 398.1
1075020 398.1
1075030 398.1
1075040 397.9
1075050 398.0
1075060 398.0
1075070 397.9
1075080 397.8
1075090 397.8
1075100 397.8
1075110 397.8
1075120 397.8
1075130 397.8
1075140 397.8
1075150 397.8
1075160 398.0
1075170 398.1
1075180 398.1
1075190 398.2
1075200 398.1
1075210 398.1
1075220 398.0
1075230 398.0
1075240 398.0
1075250 398.0
1075260 398.3
1075270 398.3
1075280 398.6
1075290 399.2
1075300 399.2
1075310 399.6
1075320 399.3
1075330 399.1
1075340 399.1
1075350 399.0
1075360 397.8
1075370 397.8
1075380 397.6
1075390 397.2
1075400 397.2
1075410 398.7
1075420 398.8
1075430 398.8
1075440 398.6
1075450 398.4
1075460 398.4
1075470 398.2
1075480 398.3
1075490 398.3
1075500 398.2
1075510 398.0
1075520 398.0
1075530 398.0
1075540 397.9
1075550 397.9
1075560 397.7
1075570 397.9
1075580 397.9
1075590 398.0
1075600 398.1
1075610 398.1
1075620 398.0
1075630 397.7
1075640 397.7
1075650 397.7
1075660 397.6
1075670 397.6
1075680 397.6
1075690 397.6
1075700 397.9
1075710 397.9
1075720 397.8
1075730 397.9
1075740 397.9
1075750 397.9
1075760 398.3
1075770 398.3
1075780 398.2
1075790 398.3
1075800 398.3
1075810 398.3
1075820 398.3
1075830 398.3
1075840 398.2
1075850 398.2
1075860 398.2
1075870 398.2
1075880 398.1
1075890 398.1
1075900 398.0
1075910 398.0
1075920 398.0
1075930 397.9
1075940 397.9
1075950 397.9
1075960 398.0
1075970 397.9
1075980 397.9
1075990 398.0
1076000 398.1
1076010 398.1
1076020 398.1
1076030 398.2
1076040 398.3
1076050 398.3
1076060 397.9
1076070 398.0
1076080 398.0
1076090 398.0
1076100 397.9
1076110 397.9
1076120 398.1
1076130 398.5
1076140 398.5
1076150 401.2
1076160 403.6
1076170 403.6
1076180 400.9
1076190 399.4
1076200 399.4
1076210 399.3
1076220 399.3
1076230 399.3
1076240 399.2
1076250 399.0
1076260 399.0
1076270 398.9
1076280 398.8
1076290 398.8
1076300 398.7
1076310 398.3
1076320 398.3
1076330 401.2
1076340 401.1
1076350 401.1
1076360 397.9
1076370 397.1
1076380 397.2
1076390 397.2
1076400 397.2
1076410 397.1
1076420 397.1
1076430 397.2
1076440 399.5
1076450 399.5
1076460 401.8
1076470 399.8
1076480 399.8
1076490 399.7
1076500 399.7
1076510 399.7
1076520 399.7
1076530 399.9
1076540 400.0
1076550 402.5
1076560 402.8
1076570 402.8
1076580 400.1
1076590 399.7
1076600 399.7
1076610 399.4
1076620 399.3
1076630 399.3
1076640 399.3
1076650 399.3
1076660 399.3
1076670 399.3
1076680 399.3
1076690 399.3
1076700 399.4
1076710 399.4
1076720 399.5
1076730 399.5
1076740 399.4
1076750 399.3
1076760 399.3
1076770 399.2
1076780 399.0
1076790 399.0
1076800 397.2
1076810 397.6
1076820 397.6
1076830 398.9
1076840 400.4
1076850 400.9
1076860 401.4
1076870 401.0
1076880 401.0
1076890 400.9
1076900 400.1
1076910 400.1
1076920 397.8
1076930 396.9
1076940 396.9
1076950 395.7
1076960 397.6
1076970 397.6
1076980 399.1
1076990 400.9
1077000 400.9
1077010 399.9
1077020 399.7
1077030 399.7
1077040 399.6
1077050 399.5
1077060 399.5
1077070 399.5
1077080 399.5
1077090 399.6
1077100 399.6
1077110 399.5
1077120 399.5
1077130 399.5
1077140 399.3
1077150 399.2
1077160 399.4
1077170 399.5
1077180 399.6
1077190 399.6
1077200 399.5
1077210 399.5
1077220 399.5
1077230 399.6
1077240 399.7
1077250 399.7
1077260 399.7
1077270 399.7
1077280 399.7
1077290 400.5
1077300 400.8
1077310 400.8
1077320 399.0
1077330 398.6
1077340 398.6
1077350 398.5
1077360 398.4
1077370 398.4
1077380 398.4
1077390 398.3
1077400 398.3
1077410 398.4
1077420 398.3
1077430 398.3
1077440 398.3
1077450 398.4
1077460 398.4
1077470 398.4
1077480 398.6
1077490 398.6
1077500 398.6
1077510 398.7
1077520 398.8
1077530 398.8
1077540 398.9
1077550 398.6
1077560 398.6
1077570 398.5
1077580 398.2
1077590 398.2
1077600 399.0
1077610 400.4
1077620 400.4
1077630 399.1
1077640 398.8
1077650 398.8
1077660 398.6
1077670 398.5
1077680 398.5
1077690 398.3
1077700 398.2
1077710 398.2
1077720 398.2
1077730 398.2
1077740 398.2
1077750 398.1
1077760 398.1
1077770 398.1
1077780 398.1
1077790 398.0
1077800 398.1
1077810 398.1
1077820 398.2
1077830 398.5
1077840 398.5
1077850 398.5
1077860 398.1
1077870 398.1
1077880 398.0
1077890 398.0
1077900 398.0
1077910 398.1
1077920 398.2
1077930 398.2
1077940 398.3
1077950 398.0
1077960 398.0
1077970 397.7
1077980 397.6
1077990 397.6
1078000 397.5
1078010 397.9
1078020 397.9
1078030 397.9
1078040 398.1
1078050 398.1
1078060 398.0
1078070 397.8
1078080 397.8
1078090 397.7
1078100 397.5
1078110 397.5
1078120 397.5
1078130 397.4
1078140 397.4
1078150 397.4
1078160 397.5
1078170 397.4
1078180 397.4
1078190 397.6
1078200 397.7
1078210 397.7
1078220 397.7
1078230 397.5
1078240 397.5
1078250 397.5
1078260 397.4
1078270 397.4
1078280 397.4
1078290 397.4
1078300 397.4
1078310 397.4
1078320 397.3
1078330 397.3
1078340 397.3
1078350 397.3
1078360 397.3
1078370 397.3
1078380 397.4
1078390 397.4
1078400 397.4
1078410 397.4
1078420 397.4
1078430 397.4
1078440 397.4
1078450 397.4
1078460 397.4
1078470 397.4
1078480 397.4
1078490 397.4
1078500 397.4
1078510 397.4
1078520 397.4
1078530 397.5
1078540 397.5
1078550 397.5
1078560 397.5
1078570 397.5
1078580 397.5
1078590 397.6
1078600 397.6
1078610 397.6
1078620 397.5
1078630 397.5
1078640 397.5
1078650 397.6
1078660 397.6
1078670 397.6
1078680 397.6
1078690 397.8
1078700 397.8
1078710 398.0
1078720 398.3
1078730 398.2
1078740 397.8
1078750 397.8
1078760 397.8
1078770 397.7
1078780 397.6
1078790 397.6
1078800 397.5
1078810 397.5
1078820 397.5
1078830 397.5
1078840 397.6
1078850 397.5
1078860 397.5
1078870 397.5
1078880 397.6
1078890 397.6
1078900 397.6
1078910 397.7
1078920 397.7
1078930 397.6
1078940 397.7
1078950 397.7
1078960 397.8
1078970 397.8
1078980 397.8
1078990 397.8
1079000 397.8
1079010 397.8
1079020 397.7
1079030 397.8
1079040 397.8
1079050 397.6
1079060 397.6
1079070 397.6
1079080 397.6
1079090 397.6
1079100 397.6
1079110 397.7
1079120 397.8
1079130 397.8
1079140 397.9
1079150 398.0
1079160 398.0
1079170 398.0
1079180 398.0
1079190 398.0
1079200 398.0
1079210 398.0
1079220 398.1
1079230 398.1
1079240 398.3
1079250 398.2
1079260 398.2
1079270 398.2
1079280 398.3
1079290 398.3
1079300 398.2
1079310 398.2
1079320 398.2
1079330 398.2
1079340 398.3
1079350 398.3
1079360 398.3
1079370 398.3
1079380 398.3
1079390 398.5
1079400 398.3
1079410 398.3
1079420 398.3
1079430 398.2
1079440 398.2
1079450 398.3
1079460 398.3
1079470 398.3
1079480 398.2
1079490 398.2
1079500 398.2
1079510 398.2
1079520 398.3
1079530 398.4
1079540 398.4
1079550 398.8
1079560 399.2
1079570 399.2
1079580 399.1
1079590 398.7
1079600 398.7
1079610 398.6
1079620 398.6
1079630 398.6
1079640 398.6
1079650 398.6
1079660 398.6
1079670 398.6
1079680 398.7
1079690 398.7
1079700 398.7
1079710 398.7
1079720 398.7
1079730 398.7
1079740 398.9
1079750 398.9
1079760 399.0
1079770 399.1
1079780 399.1
1079790 399.2
1079800 399.2
1079810 399.2
1079820 399.4
1079830 399.6
1079840 399.6
1079850 399.8
1079860 399.9
1079870 399.9
1079880 399.9
1079890 399.8
1079900 399.9
1079910 399.9
1079920 400.2
1079930 400.1
1079940 400.1
1079950 400.0
1079960 399.9
1079970 399.9
1079980 399.8
1079990 399.8
