1067140 398.8
1067150 398.8
1067160 398.7
1067170 398.6
1067180 398.6
1067190 398.7
1067200 398.9
1067210 399.3
1067220 399.3
1067230 399.3
1067240 399.0
1067250 399.0
1067260 399.1
1067270 398.7
1067280 398.7
1067290 398.3
1067300 397.6
1067310 397.6
1067320 398.8
1067330 399.6
1067340 399.6
1067350 399.5
1067360 399.7
1067370 399.7
1067380 400.0
1067390 400.2
1067400 400.2
1067410 400.2
1067420 400.0
1067430 400.0
1067440 400.0
1067450 400.0
1067460 400.0
1067470 399.9
1067480 399.8
1067490 399.8
1067500 399.2
1067510 399.1
1067520 399.1
1067530 399.3
1067540 400.4
1067550 397.6
1067560 397.6
1067570 395.3
1067580 395.1
1067590 395.1
1067600 395.1
1067610 395.1
1067620 395.1
1067630 396.4
1067640 398.0
1067650 398.0
1067660 397.0
1067670 395.2
1067680 395.2
1067690 396.2
1067700 398.9
1067710 398.9
1067720 399.6
1067730 399.3
1067740 399.3
1067750 398.7
1067760 398.5
1067770 398.5
1067780 398.5
1067790 398.6
1067800 398.6
1067810 398.7
1067820 398.3
1067830 398.3
1067840 398.1
1067850 398.1
1067860 398.1
1067870 398.1
1067880 398.0
1067890 398.0
1067900 398.0
1067910 398.0
1067920 398.1
1067930 398.1
1067940 397.9
1067950 397.9
1067960 397.9
1067970 398.0
1067980 398.0
1067990 398.0
1068000 397.9
1068010 398.0
1068020 398.0
1068030 398.2
1068040 398.2
1068050 398.2
1068060 398.2
1068070 398.3
1068080 398.3
1068090 398.2
1068100 397.9
1068110 397.9
1068120 397.8
1068130 397.9
1068140 397.9
1068150 397.9
1068160 398.0
1068170 398.0
1068180 397.9
1068190 397.9
1068200 397.9
1068210 397.9
1068220 397.9
1068230 397.9
1068240 398.0
1068250 398.0
1068260 397.8
1068270 397.8
1068280 397.7
1068290 397.7
1068300 398.0
1068310 398.1
1068320 398.1
1068330 398.1
1068340 398.2
1068350 398.3
1068360 398.3
1068370 398.8
1068380 397.8
1068390 397.8
1068400 397.8
1068410 398.0
1068420 398.0
1068430 398.2
1068440 398.3
1068450 398.3
1068460 398.4
1068470 398.5
1068480 398.5
1068490 398.6
1068500 398.8
1068510 398.8
1068520 398.8
1068530 398.8
1068540 398.8
1068550 398.6
1068560 398.3
1068570 398.3
1068580 398.3
1068590 398.2
1068600 398.3
1068610 398.2
1068620 398.4
1068630 398.4
1068640 398.4
1068650 398.6
1068660 398.6
1068670 398.6
1068680 398.7
1068690 398.7
1068700 398.7
1068710 398.7
1068720 398.6
1068730 398.6
1068740 398.6
1068750 398.6
1068760 398.6
1068770 398.4
1068780 398.5
1068790 398.5
1068800 398.5
1068810 398.5
1068820 398.5
1068830 398.5
1068840 398.4
1068850 398.4
1068860 398.4
1068870 398.4
1068880 398.4
1068890 398.4
1068900 398.3
1068910 398.3
1068920 398.2
1068930 398.0
1068940 398.0
1068950 398.0
1068960 398.1
1068970 398.1
1068980 398.1
1068990 398.1
1069000 398.2
1069010 398.2
1069020 398.2
1069030 398.2
1069040 398.2
1069050 398.3
1069060 398.4
1069070 398.4
1069080 398.6
1069090 398.7
1069100 398.7
1069110 398.7
1069120 398.7
1069130 398.7
1069140 398.7
1069150 398.7
1069160 398.7
1069170 398.7
1069180 398.7
1069190 398.7
1069200 398.8
1069210 398.7
1069220 398.7
1069230 398.7
1069240 398.6
1069250 398.6
1069260 398.5
1069270 398.9
1069280 398.9
1069290 401.2
1069300 402.2
1069310 402.0
1069320 402.0
1069330 399.6
1069340 397.1
1069350 397.1
1069360 397.2
1069370 397.0
1069380 397.0
1069390 395.3
1069400 395.2
1069410 395.2
1069420 395.7
1069430 397.2
1069440 397.2
1069450 398.7
1069460 399.4
1069470 399.4
1069480 399.6
1069490 399.6
1069500 399.6
1069510 399.8
1069520 399.9
1069530 401.0
1069540 401.5
1069550 401.7
1069560 401.7
1069570 401.6
1069580 401.7
1069590 401.7
1069600 401.3
1069610 398.1
1069620 398.1
1069630 395.3
1069640 395.2
1069650 395.2
1069660 395.2
1069670 395.2
1069680 395.2
1069690 395.2
1069700 395.2
1069710 395.2
1069720 395.2
1069730 395.2
1069740 395.2
1069750 395.2
1069760 395.2
1069770 395.2
1069780 395.2
1069790 395.2
1069800 395.4
1069810 395.4
1069820 397.3
1069830 397.7
1069840 395.9
1069850 397.5
1069860 397.7
1069870 397.7
1069880 396.8
1069890 395.2
1069900 395.2
1069910 395.6
1069920 397.4
1069930 397.4
1069940 398.3
1069950 398.9
1069960 398.9
1069970 399.1
1069980 399.2
1069990 399.2
1070000 399.2
1070010 399.1
1070020 398.8
1070030 398.8
1070040 398.9
1070050 399.2
1070060 399.2
1070070 400.5
1070080 401.4
1070090 401.4
1070100 401.6
1070110 401.5
1070120 401.5
1070130 401.5
1070140 402.3
1070150 401.9
1070160 402.3
1070170 400.9
1070180 400.9
1070190 400.5
1070200 400.5
1070210 400.5
1070220 400.5
1070230 400.4
1070240 400.4
1070250 400.5
1070260 400.5
1070270 400.5
1070280 400.5
1070290 400.5
1070300 400.5
1070310 400.4
1070320 400.4
1070330 400.4
1070340 400.2
1070350 400.1
1070360 400.2
1070370 400.2
1070380 400.2
1070390 400.4
1070400 400.4
1070410 400.3
1070420 400.1
1070430 400.1
1070440 400.1
1070450 400.0
1070460 400.0
1070470 400.0
1070480 399.9
1070490 399.9
1070500 399.8
1070510 399.7
1070520 399.7
1070530 399.7
1070540 399.7
1070550 399.7
1070560 399.6
1070570 399.7
1070580 399.7
1070590 399.6
1070600 399.5
1070610 399.5
1070620 399.5
1070630 399.5
1070640 399.5
1070650 399.4
1070660 399.5
1070670 399.5
1070680 399.5
1070690 399.4
1070700 399.4
1070710 399.4
1070720 399.4
1070730 399.4
1070740 399.4
1070750 399.4
1070760 399.4
1070770 399.5
1070780 399.4
1070790 399.4
1070800 399.4
1070810 399.4
1070820 399.4
1070830 399.4
1070840 399.5
1070850 399.7
1070860 399.7
1070870 399.8
1070880 399.7
1070890 399.7
1070900 399.8
1070910 399.7
1070920 399.7
1070930 399.7
1070940 399.6
1070950 399.6
1070960 399.5
1070970 399.4
1070980 399.4
1070990 400.0
1071000 401.0
1071010 401.0
1071020 400.7
1071030 400.7
1071040 400.2
1071050 400.2
1071060 400.0
1071070 400.1
1071080 399.9
1071090 399.8
1071100 400.1
1071110 400.1
1071120 400.3
1071130 400.0
1071140 400.0
1071150 399.7
1071160 399.7
1071170 399.7
1071180 399.6
1071190 399.3
1071200 399.3
1071210 399.2
1071220 399.6
1071230 399.6
1071240 399.7
1071250 400.3
1071260 400.3
1071270 400.3
1071280 400.1
1071290 400.1
1071300 399.9
1071310 400.1
1071320 400.1
1071330 400.3
1071340 400.2
1071350 400.2
1071360 400.1
1071370 400.0
1071380 400.3
1071390 400.2
1071400 400.3
1071410 400.6
1071420 400.6
1071430 400.5
1071440 400.5
1071450 400.5
1071460 400.5
1071470 400.7
1071480 400.7
1071490 400.7
1071500 400.6
1071510 400.6
1071520 400.3
1071530 400.3
1071540 400.3
1071550 400.9
1071560 399.9
1071570 399.9
1071580 400.3
1071590 400.2
1071600 400.2
1071610 400.0
1071620 399.9
1071630 399.9
1071640 399.7
1071650 399.6
1071660 399.6
1071670 399.8
1071680 400.0
1071690 400.0
1071700 400.0
1071710 400.0
1071720 400.0
1071730 400.0
1071740 399.8
1071750 399.7
1071760 399.7
1071770 400.3
1071780 400.1
1071790 400.1
1071800 399.9
1071810 399.8
1071820 399.8
1071830 399.8
1071840 400.0
1071850 400.0
1071860 400.0
1071870 399.9
1071880 399.9
1071890 399.7
1071900 399.7
1071910 399.7
1071920 400.0
1071930 400.0
1071940 400.0
1071950 399.9
1071960 400.0
1071970 400.0
1071980 400.3
1071990 399.4
1072000 399.5
1072010 399.4
1072020 399.3
1072030 399.3
1072040 399.3
1072050 399.4
1072060 399.4
1072070 399.4
1072080 399.4
1072090 399.3
1072100 399.3
1072110 399.1
1072120 399.1
1072130 399.1
1072140 399.2
1072150 399.2
1072160 399.2
1072170 399.1
1072180 399.2
1072190 399.2
1072200 399.3
1072210 399.4
1072220 399.4
1072230 399.2
1072240 399.0
1072250 399.0
1072260 398.9
1072270 399.0
1072280 399.0
1072290 399.0
1072300 399.0
1072310 399.1
1072320 399.1
1072330 398.8
1072340 398.8
1072350 398.7
1072360 398.7
1072370 398.7
1072380 398.8
1072390 398.8
1072400 398.8
1072410 398.8
1072420 398.8
1072430 398.8
1072440 398.7
1072450 398.6
1072460 398.6
1072470 398.6
1072480 398.6
1072490 398.6
1072500 398.6
1072510 398.6
1072520 398.4
1072530 398.4
1072540 398.1
1072550 398.6
1072560 398.6
1072570 398.6
1072580 398.5
1072590 398.5
1072600 398.5
1072610 398.5
1072620 398.5
1072630 398.5
1072640 398.5
1072650 398.5
1072660 398.4
1072670 398.4
1072680 398.4
1072690 398.3
1072700 398.3
1072710 398.3
1072720 398.3
1072730 398.3
1072740 398.3
1072750 398.3
1072760 398.3
1072770 398.3
1072780 398.3
1072790 398.3
1072800 398.3
1072810 398.3
1072820 398.3
1072830 398.3
1072840 398.3
1072850 398.3
1072860 398.3
1072870 398.3
1072880 398.3
1072890 398.3
1072900 398.3
1072910 398.3
1072920 398.3
1072930 398.4
1072940 398.3
1072950 398.3
1072960 398.3
1072970 398.5
1072980 398.6
1072990 398.6
1073000 398.3
1073010 398.4
1073020 398.4
1073030 398.4
1073040 398.4
1073050 398.4
1073060 398.4
1073070 398.4
1073080 398.4
1073090 398.3
1073100 398.4
1073110 398.4
1073120 398.4
1073130 398.5
1073140 398.5
1073150 398.5
1073160 398.5
1073170 398.5
1073180 398.5
1073190 398.5
1073200 398.4
1073210 398.4
1073220 398.3
1073230 398.4
1073240 398.4
1073250 398.4
1073260 398.4
1073270 398.4
1073280 398.5
1073290 398.4
1073300 398.4
1073310 398.4
1073320 398.4
1073330 398.4
1073340 398.5
1073350 398.6
1073360 398.6
1073370 398.8
1073380 398.7
1073390 398.7
1073400 398.7
1073410 398.7
1073420 398.7
1073430 398.7
1073440 398.7
1073450 398.7
1073460 398.8
1073470 398.8
1073480 398.8
1073490 398.8
1073500 398.8
1073510 398.8
1073520 398.8
1073530 398.8
1073540 398.8
1073550 398.8
1073560 398.8
1073570 398.8
1073580 398.8
1073590 398.8
1073600 398.8
1073610 398.8
1073620 398.8
1073630 398.8
1073640 398.8
1073650 398.8
1073660 398.8
1073670 398.8
1073680 398.8
1073690 398.8
1073700 398.8
1073710 398.8
1073720 398.8
1073730 398.8
1073740 398.8
1073750 398.8
1073760 398.8
1073770 398.8
1073780 398.8
1073790 398.8
1073800 398.8
1073810 398.8
1073820 398.8
1073830 398.8
1073840 398.8
1073850 398.7
1073860 398.7
1073870 398.8
1073880 398.8
1073890 398.8
1073900 398.8
1073910 398.8
1073920 398.8
1073930 398.8
1073940 398.8
1073950 398.8
1073960 398.7
1073970 398.6
1073980 398.6
1073990 398.6
1074000 398.6
1074010 398.6
1074020 398.6
1074030 398.6
1074040 398.6
1074050 398.6
1074060 398.6
1074070 398.6
1074080 398.6
1074090 398.6
1074100 398.6
1074110 398.6
1074120 398.7
1074130 398.7
1074140 398.7
1074150 398.7
1074160 398.7
1074170 398.8
1074180 398.8
1074190 398.8
1074200 398.8
1074210 398.7
1074220 398.6
1074230 398.6
1074240 398.7
1074250 398.7
1074260 398.7
1074270 398.7
1074280 398.6
1074290 398.6
1074300 398.6
1074310 398.5
1074320 398.5
1074330 398.6
1074340 398.7
1074350 398.7
1074360 398.6
1074370 398.6
1074380 398.6
1074390 398.6
1074400 398.6
1074410 398.6
1074420 398.6
1074430 398.5
1074440 398.5
1074450 398.5
1074460 398.4
1074470 398.4
1074480 398.4
1074490 398.4
1074500 398.4
1074510 398.4
1074520 398.4
1074530 398.3
1074540 398.3
1074550 398.3
1074560 398.2
1074570 398.2
1074580 398.2
1074590 398.1
1074600 398.1
1074610 398.1
1074620 398.2
1074630 398.2
1074640 398.3
1074650 398.4
1074660 398.4
1074670 398.6
1074680 398.6
1074690 398.6
1074700 398.7
1074710 398.5
1074720 398.5
1074730 398.5
1074740 398.5
1074750 398.5
1074760 398.4
1074770 398.4
1074780 398.4
1074790 398.7
1074800 398.5
1074810 398.5
1074820 398.3
1074830 398.5
1074840 398.5
1074850 398.9
1074860 398.8
1074870 398.8
1074880 398.7
1074890 399.4
1074900 399.6
1074910 399.6
1074920 399.2
1074930 398.7
1074940 398.7
1074950 398.6
1074960 398.4
1074970 398.4
1074980 398.5
1074990 399.8
1075000 399.8
1075010 399.6
1075020 398.8
1075030 398.8
1075040 398.5
1075050 398.6
1075060 398.6
1075070 398.5
1075080 398.5
1075090 398.5
1075100 398.4
1075110 398.4
1075120 398.4
1075130 398.3
1075140 398.3
1075150 398.3
1075160 398.3
1075170 398.4
1075180 398.4
1075190 398.4
1075200 398.3
1075210 398.3
1075220 398.3
1075230 398.2
1075240 398.9
1075250 398.9
1075260 398.8
1075270 398.3
1075280 398.3
1075290 398.3
1075300 398.4
1075310 398.4
1075320 398.4
1075330 398.5
1075340 398.5
1075350 398.6
1075360 398.8
1075370 398.8
1075380 398.9
1075390 397.8
1075400 397.8
1075410 398.6
1075420 398.9
1075430 399.1
1075440 398.1
1075450 397.0
1075460 397.0
1075470 396.8
1075480 397.4
1075490 397.4
1075500 398.8
1075510 399.0
1075520 399.0
1075530 399.1
1075540 399.0
1075550 399.0
1075560 399.0
1075570 399.1
1075580 398.7
1075590 398.7
1075600 398.4
1075610 398.4
1075620 398.4
1075630 398.4
1075640 398.3
1075650 398.3
1075660 398.2
1075670 398.2
1075680 398.2
1075690 398.2
1075700 398.2
1075710 398.2
1075720 398.2
1075730 398.5
1075740 398.6
1075750 398.7
1075760 398.7
1075770 398.7
1075780 398.2
1075790 398.1
1075800 398.1
1075810 398.1
1075820 398.3
1075830 398.3
1075840 398.5
1075850 399.1
1075860 399.1
1075870 398.5
1075880 398.5
1075890 398.5
1075900 398.7
1075910 398.5
1075920 398.5
1075930 398.6
1075940 398.6
1075950 398.5
1075960 398.5
1075970 398.4
1075980 398.3
1075990 398.3
1076000 398.3
1076010 398.3
1076020 398.3
1076030 398.4
1076040 398.3
1076050 398.5
1076060 398.5
1076070 398.4
1076080 398.4
1076090 398.4
1076100 398.3
1076110 398.3
1076120 398.5
1076130 400.1
1076140 400.1
1076150 403.5
1076160 402.1
1076170 402.1
1076180 399.9
1076190 399.7
1076200 399.7
1076210 399.6
1076220 399.5
1076230 399.5
1076240 399.4
1076250 399.3
1076260 399.3
1076270 399.0
1076280 398.8
1076290 398.6
1076300 398.6
1076310 399.5
1076320 401.8
1076330 401.8
1076340 398.7
1076350 397.2
1076360 397.2
1076370 397.2
1076380 397.2
1076390 397.2
1076400 397.1
1076410 397.1
1076420 397.1
1076430 399.8
1076440 401.8
1076450 401.8
1076460 400.2
1076470 399.8
1076480 399.8
1076490 399.8
1076500 399.9
1076510 399.9
1076520 400.2
1076530 401.8
1076540 401.8
1076550 403.8
1076560 401.3
1076570 401.3
1076580 400.2
1076590 400.1
1076600 400.1
1076610 400.3
1076620 400.3
1076630 400.3
1076640 400.3
1076650 400.0
1076660 399.8
1076670 399.8
1076680 399.7
1076690 399.8
1076700 399.8
1076710 399.8
1076720 399.8
1076730 399.8
1076740 399.8
1076750 399.8
1076760 399.8
1076770 399.9
1076780 398.8
1076790 398.8
1076800 397.6
1076810 399.7
1076820 399.7
1076830 400.0
1076840 399.8
1076850 399.8
1076860 399.9
1076870 399.9
1076880 399.9
1076890 399.8
1076900 401.9
1076910 401.9
1076920 402.6
1076930 402.6
1076940 402.6
1076950 402.9
1076960 403.1
1076970 403.1
1076980 403.2
1076990 402.9
1077000 402.6
1077010 402.6
1077020 402.5
1077030 402.2
1077040 402.2
1077050 401.6
1077060 401.1
1077070 401.1
1077080 399.4
1077090 398.1
1077100 398.1
1077110 395.9
1077120 395.5
1077130 395.5
1077140 397.3
1077150 398.5
1077160 398.5
1077170 399.5
1077180 401.1
1077190 401.1
1077200 401.6
1077210 402.1
1077220 402.1
1077230 401.5
1077240 399.6
1077250 399.6
1077260 399.4
1077270 399.3
1077280 399.3
1077290 399.3
1077300 399.3
1077310 399.3
1077320 399.3
1077330 399.3
1077340 399.2
1077350 399.2
1077360 399.2
1077370 399.2
1077380 399.2
1077390 399.2
1077400 399.3
1077410 399.3
1077420 399.7
1077430 400.4
1077440 400.4
1077450 399.8
1077460 399.5
1077470 399.5
1077480 399.5
1077490 399.5
1077500 399.5
1077510 399.6
1077520 399.6
1077530 399.6
1077540 399.7
1077550 399.8
1077560 399.8
1077570 399.9
1077580 400.0
1077590 400.0
1077600 400.1
1077610 400.2
1077620 400.2
1077630 400.2
1077640 400.2
1077650 400.2
1077660 400.2
1077670 400.1
1077680 400.0
1077690 400.0
1077700 399.9
1077710 399.7
1077720 399.7
1077730 399.5
1077740 399.1
1077750 399.1
1077760 398.5
1077770 398.6
1077780 398.6
1077790 398.5
1077800 398.4
1077810 398.4
1077820 398.4
1077830 398.4
1077840 398.4
1077850 398.4
1077860 398.3
1077870 398.3
1077880 398.3
1077890 398.3
1077900 398.3
1077910 398.2
1077920 398.2
1077930 398.2
1077940 398.1
1077950 398.1
1077960 398.1
1077970 398.0
1077980 398.0
1077990 398.0
1078000 397.9
1078010 397.8
1078020 397.9
1078030 397.9
1078040 397.9
1078050 397.9
1078060 397.9
1078070 397.9
1078080 397.9
1078090 397.9
1078100 397.9
1078110 398.0
1078120 398.0
1078130 398.2
1078140 398.5
1078150 398.5
1078160 398.7
1078170 398.3
1078180 398.3
1078190 397.7
1078200 397.6
1078210 397.6
1078220 397.6
1078230 397.7
1078240 397.7
1078250 397.7
1078260 398.0
1078270 398.0
1078280 398.2
1078290 398.3
1078300 398.3
1078310 398.2
1078320 397.8
1078330 397.8
1078340 397.6
1078350 397.6
1078360 397.6
1078370 397.4
1078380 397.5
1078390 397.5
1078400 397.5
1078410 397.5
1078420 397.5
1078430 397.5
1078440 397.6
1078450 397.7
1078460 397.7
1078470 397.7
1078480 397.6
1078490 397.6
1078500 397.5
1078510 397.6
1078520 397.6
1078530 397.7
1078540 397.8
1078550 397.8
1078560 397.7
1078570 397.6
1078580 397.6
1078590 397.6
1078600 397.6
1078610 397.6
1078620 397.7
1078630 397.6
1078640 397.6
1078650 397.5
1078660 397.6
1078670 397.6
1078680 397.7
1078690 397.7
1078700 397.7
1078710 397.6
1078720 397.7
1078730 397.7
1078740 397.7
1078750 397.8
1078760 397.7
1078770 397.7
1078780 397.6
1078790 397.6
1078800 397.6
1078810 397.8
1078820 397.8
1078830 397.8
1078840 397.9
1078850 397.8
1078860 397.8
1078870 397.6
1078880 397.6
1078890 397.6
1078900 397.6
1078910 397.6
1078920 397.6
1078930 397.5
1078940 397.5
1078950 397.5
1078960 397.5
1078970 397.5
1078980 397.5
1078990 397.5
1079000 397.4
1079010 397.4
1079020 397.5
1079030 397.6
1079040 397.6
1079050 397.6
1079060 397.6
1079070 397.6
1079080 397.6
1079090 397.7
1079100 397.7
1079110 397.7
1079120 397.7
1079130 397.7
1079140 397.7
1079150 397.8
1079160 397.8
1079170 397.8
1079180 397.8
1079190 397.9
1079200 397.9
1079210 397.9
1079220 397.9
1079230 397.9
1079240 398.0
1079250 398.0
1079260 398.0
1079270 397.9
1079280 397.9
1079290 397.9
1079300 398.0
1079310 398.0
1079320 398.0
1079330 398.1
1079340 398.2
1079350 398.2
1079360 398.3
1079370 398.2
1079380 398.2
1079390 398.3
1079400 398.3
1079410 398.3
1079420 398.3
1079430 398.3
1079440 398.5
1079450 398.5
1079460 398.6
1079470 398.6
1079480 398.6
1079490 398.6
1079500 398.5
1079510 398.5
1079520 398.5
1079530 398.6
1079540 398.6
1079550 398.5
1079560 398.6
1079570 398.6
1079580 398.6
1079590 398.7
1079600 398.7
1079610 398.8
1079620 398.9
1079630 398.9
1079640 398.8
1079650 398.8
1079660 398.8
1079670 399.1
1079680 399.1
1079690 399.1
1079700 398.8
1079710 398.9
1079720 398.9
1079730 399.0
1079740 398.9
1079750 398.9
1079760 398.9
1079770 399.0
1079780 399.1
1079790 399.1
1079800 399.3
1079810 399.3
1079820 399.2
1079830 399.1
1079840 399.1
1079850 399.1
1079860 399.2
1079870 399.4
1079880 399.4
1079890 399.5
1079900 399.5
1079910 399.5
1079920 399.5
1079930 399.6
1079940 399.6
1079950 399.7
1079960 399.7
1079970 399.7
1079980 399.7
1079990 399.7
