1066860 397.6
1066870 397.6
1066880 397.6
1066890 397.6
1066900 397.7
1066910 397.7
1066920 398.2
1066930 398.9
1066940 398.9
1066950 398.7
1066960 398.6
1066970 398.6
1066980 398.5
1066990 398.7
1067000 398.7
1067010 399.1
1067020 399.1
1067030 399.1
1067040 398.9
1067050 398.8
1067060 398.8
1067070 398.9
1067080 399.0
1067090 398.8
1067100 398.8
1067110 398.8
1067120 398.7
1067130 398.7
1067140 398.7
1067150 398.7
1067160 398.7
1067170 398.5
1067180 398.5
1067190 398.5
1067200 398.6
1067210 398.8
1067220 398.8
1067230 398.7
1067240 398.5
1067250 398.5
1067260 398.5
1067270 400.6
1067280 400.6
1067290 398.3
1067300 396.5
1067310 396.5
1067320 395.1
1067330 395.1
1067340 395.1
1067350 395.1
1067360 395.9
1067370 395.9
1067380 397.1
1067390 396.7
1067400 396.7
1067410 397.0
1067420 397.4
1067430 398.3
1067440 398.3
1067450 399.6
1067460 399.8
1067470 399.8
1067480 399.1
1067490 399.0
1067500 399.0
1067510 398.7
1067520 398.4
1067530 398.4
1067540 398.3
1067550 398.1
1067560 398.1
1067570 398.0
1067580 398.0
1067590 398.0
1067600 397.9
1067610 397.9
1067620 397.9
1067630 397.8
1067640 397.8
1067650 397.8
1067660 397.7
1067670 397.8
1067680 397.8
1067690 397.7
1067700 397.6
1067710 397.6
1067720 397.4
1067730 397.4
1067740 397.4
1067750 397.5
1067760 397.9
1067770 397.9
1067780 397.9
1067790 398.0
1067800 398.0
1067810 398.0
1067820 398.1
1067830 398.0
1067840 398.0
1067850 397.9
1067860 397.7
1067870 397.7
1067880 397.7
1067890 398.1
1067900 398.1
1067910 398.1
1067920 397.9
1067930 397.9
1067940 398.0
1067950 398.0
1067960 398.0
1067970 398.0
1067980 398.5
1067990 398.5
1068000 399.1
1068010 398.0
1068020 398.0
1068030 397.8
1068040 397.8
1068050 397.8
1068060 397.7
1068070 397.4
1068080 397.4
1068090 397.3
1068100 397.2
1068110 397.2
1068120 397.1
1068130 397.1
1068140 397.0
1068150 397.0
1068160 397.0
1068170 397.0
1068180 397.0
1068190 397.0
1068200 397.0
1068210 397.0
1068220 397.0
1068230 397.1
1068240 397.1
1068250 397.1
1068260 397.2
1068270 397.2
1068280 397.2
1068290 397.2
1068300 397.2
1068310 397.2
1068320 397.2
1068330 397.2
1068340 397.2
1068350 397.3
1068360 397.3
1068370 397.4
1068380 397.4
1068390 397.4
1068400 397.4
1068410 397.4
1068420 397.4
1068430 397.4
1068440 397.4
1068450 397.4
1068460 397.4
1068470 397.3
1068480 397.4
1068490 397.4
1068500 397.4
1068510 397.4
1068520 397.4
1068530 397.5
1068540 397.5
1068550 397.5
1068560 397.5
1068570 397.5
1068580 397.5
1068590 397.6
1068600 397.6
1068610 397.6
1068620 397.6
1068630 397.7
1068640 397.7
1068650 397.7
1068660 397.7
1068670 397.7
1068680 397.8
1068690 397.9
1068700 397.9
1068710 398.0
1068720 398.0
1068730 398.0
1068740 397.9
1068750 397.9
1068760 397.9
1068770 398.0
1068780 398.0
1068790 398.0
1068800 398.0
1068810 398.1
1068820 398.1
1068830 398.1
1068840 398.1
1068850 398.1
1068860 398.1
1068870 398.1
1068880 398.0
1068890 398.0
1068900 398.1
1068910 398.1
1068920 398.1
1068930 398.2
1068940 398.2
1068950 398.2
1068960 398.2
1068970 398.3
1068980 398.3
1068990 398.3
1069000 398.3
1069010 398.3
1069020 398.4
1069030 398.4
1069040 398.4
1069050 398.4
1069060 398.5
1069070 398.5
1069080 398.5
1069090 398.5
1069100 398.5
1069110 398.6
1069120 398.6
1069130 398.6
1069140 398.7
1069150 398.7
1069160 398.7
1069170 398.9
1069180 398.9
1069190 398.9
1069200 398.9
1069210 398.9
1069220 398.9
1069230 398.9
1069240 398.9
1069250 399.0
1069260 399.0
1069270 399.4
1069280 401.6
1069290 401.6
1069300 402.1
1069310 400.6
1069320 400.6
1069330 400.5
1069340 401.0
1069350 401.0
1069360 400.8
1069370 400.7
1069380 400.7
1069390 400.7
1069400 400.9
1069410 400.9
1069420 401.2
1069430 400.9
1069440 400.9
1069450 401.2
1069460 401.2
1069470 401.2
1069480 401.1
1069490 401.0
1069500 401.0
1069510 401.0
1069520 400.9
1069530 400.9
1069540 400.9
1069550 400.9
1069560 401.0
1069570 401.0
1069580 402.2
1069590 401.0
1069600 401.0
1069610 400.8
1069620 400.8
1069630 400.8
1069640 400.8
1069650 400.8
1069660 400.8
1069670 400.8
1069680 400.6
1069690 400.6
1069700 400.6
1069710 400.6
1069720 400.6
1069730 400.6
1069740 400.4
1069750 400.4
1069760 400.3
1069770 400.0
1069780 400.3
1069790 400.1
1069800 400.0
1069810 400.0
1069820 400.1
1069830 400.5
1069840 400.5
1069850 400.8
1069860 400.7
1069870 400.7
1069880 400.4
1069890 400.4
1069900 400.6
1069910 400.6
1069920 400.6
1069930 400.5
1069940 400.5
1069950 400.5
1069960 400.4
1069970 400.4
1069980 400.4
1069990 400.4
1070000 400.4
1070010 400.2
1070020 400.1
1070030 400.1
1070040 400.0
1070050 400.1
1070060 400.1
1070070 400.1
1070080 400.0
1070090 400.1
1070100 400.0
1070110 399.8
1070120 399.8
1070130 399.8
1070140 399.8
1070150 399.8
1070160 399.7
1070170 399.6
1070180 399.6
1070190 399.6
1070200 399.5
1070210 399.5
1070220 399.5
1070230 399.4
1070240 399.4
1070250 399.4
1070260 399.4
1070270 399.3
1070280 399.3
1070290 399.3
1070300 399.2
1070310 399.2
1070320 399.1
1070330 399.1
1070340 399.1
1070350 399.0
1070360 398.9
1070370 398.9
1070380 398.8
1070390 399.0
1070400 399.0
1070410 399.2
1070420 399.1
1070430 399.1
1070440 399.1
1070450 399.1
1070460 399.1
1070470 399.0
1070480 399.0
1070490 399.0
1070500 399.0
1070510 399.1
1070520 399.1
1070530 399.0
1070540 399.1
1070550 399.1
1070560 399.0
1070570 399.2
1070580 399.0
1070590 399.0
1070600 399.0
1070610 398.9
1070620 398.9
1070630 398.9
1070640 398.9
1070650 398.9
1070660 398.8
1070670 398.8
1070680 398.8
1070690 398.8
1070700 398.8
1070710 398.9
1070720 398.8
1070730 398.8
1070740 398.8
1070750 398.8
1070760 398.8
1070770 398.8
1070780 398.8
1070790 398.8
1070800 398.8
1070810 398.8
1070820 398.8
1070830 398.8
1070840 398.9
1070850 398.8
1070860 398.8
1070870 398.8
1070880 398.9
1070890 398.9
1070900 399.1
1070910 399.2
1070920 399.2
1070930 399.4
1070940 398.9
1070950 398.8
1070960 398.8
1070970 398.8
1070980 398.8
1070990 398.8
1071000 398.9
1071010 398.9
1071020 398.9
1071030 398.9
1071040 398.8
1071050 398.8
1071060 398.4
1071070 398.1
1071080 398.1
1071090 398.0
1071100 398.1
1071110 398.1
1071120 399.8
1071130 400.1
1071140 400.1
1071150 400.2
1071160 400.7
1071170 400.7
1071180 400.6
1071190 400.2
1071200 400.2
1071210 399.8
1071220 399.7
1071230 399.7
1071240 399.6
1071250 400.0
1071260 400.0
1071270 399.9
1071280 399.6
1071290 399.5
1071300 399.5
1071310 399.4
1071320 399.4
1071330 399.4
1071340 399.3
1071350 399.3
1071360 399.3
1071370 399.3
1071380 399.2
1071390 399.2
1071400 399.2
1071410 399.3
1071420 399.3
1071430 399.5
1071440 399.5
1071450 399.5
1071460 399.5
1071470 399.1
1071480 399.1
1071490 399.4
1071500 399.8
1071510 399.8
1071520 399.9
1071530 399.9
1071540 399.9
1071550 399.4
1071560 399.4
1071570 399.4
1071580 399.3
1071590 399.1
1071600 399.1
1071610 399.0
1071620 398.7
1071630 398.7
1071640 398.5
1071650 398.5
1071660 398.4
1071670 398.4
1071680 398.4
1071690 398.4
1071700 398.4
1071710 398.3
1071720 398.3
1071730 398.3
1071740 398.3
1071750 398.2
1071760 398.2
1071770 398.2
1071780 398.2
1071790 398.2
1071800 398.2
1071810 398.2
1071820 398.2
1071830 398.2
1071840 398.3
1071850 398.3
1071860 398.3
1071870 398.2
1071880 398.2
1071890 398.1
1071900 398.1
1071910 398.1
1071920 398.0
1071930 398.0
1071940 398.0
1071950 398.0
1071960 397.9
1071970 397.9
1071980 397.9
1071990 397.9
1072000 397.7
1072010 397.7
1072020 397.7
1072030 397.8
1072040 397.8
1072050 397.7
1072060 397.6
1072070 397.6
1072080 397.5
1072090 397.6
1072100 397.6
1072110 397.8
1072120 398.0
1072130 398.0
1072140 398.4
1072150 398.5
1072160 398.5
1072170 398.5
1072180 398.5
1072190 398.5
1072200 398.5
1072210 398.5
1072220 398.5
1072230 398.7
1072240 398.6
1072250 398.6
1072260 398.7
1072270 398.7
1072280 398.7
1072290 398.4
1072300 397.4
1072310 397.4
1072320 398.3
1072330 398.3
1072340 398.4
1072350 398.4
1072360 398.5
1072370 398.4
1072380 398.4
1072390 398.4
1072400 398.4
1072410 398.4
1072420 398.4
1072430 398.4
1072440 398.4
1072450 398.5
1072460 398.5
1072470 398.5
1072480 398.6
1072490 398.6
1072500 398.6
1072510 398.6
1072520 398.6
1072530 398.6
1072540 398.6
1072550 398.6
1072560 398.6
1072570 398.6
1072580 398.5
1072590 398.5
1072600 398.5
1072610 398.4
1072620 398.4
1072630 398.5
1072640 398.5
1072650 398.5
1072660 398.4
1072670 398.3
1072680 398.3
1072690 398.2
1072700 398.2
1072710 398.1
1072720 398.1
1072730 398.2
1072740 398.2
1072750 398.2
1072760 397.8
1072770 397.8
1072780 397.8
1072790 397.8
1072800 397.8
1072810 397.8
1072820 397.8
1072830 397.8
1072840 397.8
1072850 397.8
1072860 397.8
1072870 397.8
1072880 397.8
1072890 397.8
1072900 397.8
1072910 397.9
1072920 397.9
1072930 397.9
1072940 397.9
1072950 397.9
1072960 397.9
1072970 397.9
1072980 397.9
1072990 397.9
1073000 397.9
1073010 397.9
1073020 397.9
1073030 397.9
1073040 398.1
1073050 398.0
1073060 398.0
1073070 398.0
1073080 398.0
1073090 398.0
1073100 398.0
1073110 398.0
1073120 398.0
1073130 398.0
1073140 398.0
1073150 398.0
1073160 398.0
1073170 398.0
1073180 398.0
1073190 397.9
1073200 397.9
1073210 397.9
1073220 397.9
1073230 397.8
1073240 397.8
1073250 397.8
1073260 397.8
1073270 397.8
1073280 397.8
1073290 397.7
1073300 397.7
1073310 397.7
1073320 397.7
1073330 397.7
1073340 397.7
1073350 397.6
1073360 397.6
1073370 397.6
1073380 397.3
1073390 397.3
1073400 397.4
1073410 397.5
1073420 397.5
1073430 397.5
1073440 397.6
1073450 397.6
1073460 397.6
1073470 397.7
1073480 397.8
1073490 397.8
1073500 398.1
1073510 397.9
1073520 397.9
1073530 397.7
1073540 397.6
1073550 397.6
1073560 397.6
1073570 397.6
1073580 397.6
1073590 397.6
1073600 397.6
1073610 397.6
1073620 397.6
1073630 397.6
1073640 397.6
1073650 397.6
1073660 397.7
1073670 397.7
1073680 397.6
1073690 397.6
1073700 397.6
1073710 397.7
1073720 397.7
1073730 397.7
1073740 397.6
1073750 397.6
1073760 397.6
1073770 397.6
1073780 397.6
1073790 397.6
1073800 397.6
1073810 397.6
1073820 397.8
1073830 397.8
1073840 397.8
1073850 397.7
1073860 397.7
1073870 397.7
1073880 397.8
1073890 397.8
1073900 397.8
1073910 397.7
1073920 397.7
1073930 397.7
1073940 397.7
1073950 397.7
1073960 397.7
1073970 397.7
1073980 397.7
1073990 397.7
1074000 397.8
1074010 397.8
1074020 397.7
1074030 397.7
1074040 397.7
1074050 397.6
1074060 397.6
1074070 397.6
1074080 397.6
1074090 397.6
1074100 397.6
1074110 397.6
1074120 397.6
1074130 397.6
1074140 397.6
1074150 397.5
1074160 397.5
1074170 397.5
1074180 397.7
1074190 397.7
1074200 397.7
1074210 397.7
1074220 397.7
1074230 397.7
1074240 397.7
1074250 397.6
1074260 397.6
1074270 397.6
1074280 397.5
1074290 397.5
1074300 397.6
1074310 397.5
1074320 397.5
1074330 397.4
1074340 397.5
1074350 397.5
1074360 397.5
1074370 397.5
1074380 397.5
1074390 397.5
1074400 397.5
1074410 397.5
1074420 397.5
1074430 397.5
1074440 397.5
1074450 397.5
1074460 397.4
1074470 397.5
1074480 397.5
1074490 397.5
1074500 397.4
1074510 397.4
1074520 397.4
1074530 397.4
1074540 397.4
1074550 397.3
1074560 397.4
1074570 397.4
1074580 397.6
1074590 397.4
1074600 397.4
1074610 397.3
1074620 397.2
1074630 397.2
1074640 397.1
1074650 397.2
1074660 397.2
1074670 397.3
1074680 397.4
1074690 397.4
1074700 397.4
1074710 397.4
1074720 397.4
1074730 397.4
1074740 397.4
1074750 397.4
1074760 397.5
1074770 397.6
1074780 397.6
1074790 397.7
1074800 398.1
1074810 398.3
1074820 398.3
1074830 398.2
1074840 398.0
1074850 398.0
1074860 398.0
1074870 397.9
1074880 397.9
1074890 397.8
1074900 397.7
1074910 397.7
1074920 397.6
1074930 397.7
1074940 397.7
1074950 397.5
1074960 397.4
1074970 397.4
1074980 397.5
1074990 397.5
1075000 397.5
1075010 397.5
1075020 397.5
1075030 397.5
1075040 397.4
1075050 397.4
1075060 397.5
1075070 397.6
1075080 397.6
1075090 397.6
1075100 397.8
1075110 397.9
1075120 397.9
1075130 397.8
1075140 397.7
1075150 397.7
1075160 397.7
1075170 397.7
1075180 397.9
1075190 397.9
1075200 397.8
1075210 397.6
1075220 397.6
1075230 397.5
1075240 397.5
1075250 397.5
1075260 397.6
1075270 397.7
1075280 397.7
1075290 398.0
1075300 398.2
1075310 398.2
1075320 398.6
1075330 398.5
1075340 398.5
1075350 398.2
1075360 397.8
1075370 397.9
1075380 397.9
1075390 397.8
1075400 397.8
1075410 397.8
1075420 397.8
1075430 397.8
1075440 398.0
1075450 399.2
1075460 399.2
1075470 399.6
1075480 399.2
1075490 399.2
1075500 399.1
1075510 399.1
1075520 398.9
1075530 398.9
1075540 397.4
1075550 397.9
1075560 397.9
1075570 398.7
1075580 398.5
1075590 398.5
1075600 398.3
1075610 398.3
1075620 398.3
1075630 398.3
1075640 398.0
1075650 398.0
1075660 397.7
1075670 397.7
1075680 397.3
1075690 397.3
1075700 397.5
1075710 397.5
1075720 397.8
1075730 397.6
1075740 397.6
1075750 397.6
1075760 397.7
1075770 397.7
1075780 397.6
1075790 397.7
1075800 397.7
1075810 397.7
1075820 397.7
1075830 397.7
1075840 397.5
1075850 397.4
1075860 397.3
1075870 397.3
1075880 397.3
1075890 397.2
1075900 397.2
1075910 397.2
1075920 397.3
1075930 397.3
1075940 397.3
1075950 397.3
1075960 397.3
1075970 397.3
1075980 397.4
1075990 397.4
1076000 397.3
1076010 397.4
1076020 397.4
1076030 397.3
1076040 397.4
1076050 397.4
1076060 397.4
1076070 397.4
1076080 397.4
1076090 397.7
1076100 398.0
1076110 398.0
1076120 398.2
1076130 398.4
1076140 398.4
1076150 398.6
1076160 400.7
1076170 400.7
1076180 403.3
1076190 401.0
1076200 399.1
1076210 399.1
1076220 399.0
1076230 399.0
1076240 399.0
1076250 398.9
1076260 398.8
1076270 398.8
1076280 398.7
1076290 398.4
1076300 398.4
1076310 398.2
1076320 397.9
1076330 397.9
1076340 400.4
1076350 400.4
1076360 400.4
1076370 397.2
1076380 396.6
1076390 396.6
1076400 396.5
1076410 396.6
1076420 396.6
1076430 396.6
1076440 396.7
1076450 396.7
1076460 399.1
1076470 401.8
1076480 401.8
1076490 400.1
1076500 399.4
1076510 399.4
1076520 399.4
1076530 399.4
1076540 399.4
1076550 399.5
1076560 402.0
1076570 402.7
1076580 402.7
1076590 399.8
1076600 399.4
1076610 399.4
1076620 399.4
1076630 399.5
1076640 399.5
1076650 399.4
1076660 399.3
1076670 399.3
1076680 399.5
1076690 399.4
1076700 399.4
1076710 399.3
1076720 399.2
1076730 399.2
1076740 399.2
1076750 398.9
1076760 398.9
1076770 398.7
1076780 398.4
1076790 398.4
1076800 398.5
1076810 396.9
1076820 396.9
1076830 397.2
1076840 399.1
1076850 399.1
1076860 400.8
1076870 401.6
1076880 401.6
1076890 400.6
1076900 399.5
1076910 397.7
1076920 397.7
1076930 395.7
1076940 396.2
1076950 396.2
1076960 397.8
1076970 399.9
1076980 399.9
1076990 399.4
1077000 398.8
1077010 398.8
1077020 399.0
1077030 399.1
1077040 399.1
1077050 399.0
1077060 398.7
1077070 398.7
1077080 398.5
1077090 398.5
1077100 398.5
1077110 398.5
1077120 398.6
1077130 398.6
1077140 398.5
1077150 398.6
1077160 398.6
1077170 398.6
1077180 398.2
1077190 398.2
1077200 398.1
1077210 398.3
1077220 398.3
1077230 398.7
1077240 398.9
1077250 399.1
1077260 400.5
1077270 400.2
1077280 400.1
1077290 400.1
1077300 399.1
1077310 398.9
1077320 398.9
1077330 399.2
1077340 399.3
1077350 399.3
1077360 399.2
1077370 398.9
1077380 398.9
1077390 398.3
1077400 399.5
1077410 399.5
1077420 399.0
1077430 398.0
1077440 398.0
1077450 398.1
1077460 398.0
1077470 398.0
1077480 397.9
1077490 397.9
1077500 397.9
1077510 398.1
1077520 398.2
1077530 398.2
1077540 398.1
1077550 398.1
1077560 398.1
1077570 398.1
1077580 398.1
1077590 398.1
1077600 398.1
1077610 397.9
1077620 398.0
1077630 398.0
1077640 398.0
1077650 398.0
1077660 398.0
1077670 398.0
1077680 398.0
1077690 398.0
1077700 398.1
1077710 398.2
1077720 398.2
1077730 398.2
1077740 398.4
1077750 398.4
1077760 398.4
1077770 398.1
1077780 398.1
1077790 398.0
1077800 397.9
1077810 397.9
1077820 397.8
1077830 397.7
1077840 397.7
1077850 397.5
1077860 397.5
1077870 397.5
1077880 397.5
1077890 397.6
1077900 397.6
1077910 397.9
1077920 398.0
1077930 398.0
1077940 397.9
1077950 397.9
1077960 397.8
1077970 397.8
1077980 397.7
1077990 397.6
1078000 397.6
1078010 397.6
1078020 397.6
1078030 397.6
1078040 397.6
1078050 397.8
1078060 397.8
1078070 398.1
1078080 398.2
1078090 398.2
1078100 398.2
1078110 398.1
1078120 398.1
1078130 398.0
1078140 398.0
1078150 398.0
1078160 398.0
1078170 397.9
1078180 397.9
1078190 397.8
1078200 397.4
1078210 397.4
1078220 397.1
1078230 397.0
1078240 397.0
1078250 397.1
1078260 397.1
1078270 397.1
1078280 397.2
1078290 397.5
1078300 397.5
1078310 398.5
1078320 398.5
1078330 398.6
1078340 398.6
1078350 398.8
1078360 399.0
1078370 399.0
1078380 399.1
1078390 398.8
1078400 398.8
1078410 398.7
1078420 398.6
1078430 398.6
1078440 398.6
1078450 398.5
1078460 398.5
1078470 398.4
1078480 398.4
1078490 398.4
1078500 398.4
1078510 398.5
1078520 398.5
1078530 398.6
1078540 398.6
1078550 398.6
1078560 398.6
1078570 398.7
1078580 398.7
1078590 398.7
1078600 398.4
1078610 398.4
1078620 398.3
1078630 398.4
1078640 398.4
1078650 398.7
1078660 399.2
1078670 399.0
1078680 399.0
1078690 398.9
1078700 398.5
1078710 398.5
1078720 398.2
1078730 397.9
1078740 397.9
1078750 397.8
1078760 397.9
1078770 397.9
1078780 397.7
1078790 397.8
1078800 397.8
1078810 398.0
1078820 398.0
1078830 398.0
1078840 398.1
1078850 398.1
1078860 398.1
1078870 397.8
1078880 397.6
1078890 397.6
1078900 397.6
1078910 397.6
1078920 397.6
1078930 397.7
1078940 397.7
1078950 397.7
1078960 397.8
1078970 397.9
1078980 397.9
1078990 398.0
1079000 397.9
1079010 397.9
1079020 397.9
1079030 397.9
1079040 397.9
1079050 397.9
1079060 397.8
1079070 397.8
1079080 397.8
1079090 398.0
1079100 398.1
1079110 398.1
1079120 398.0
1079130 397.9
1079140 397.9
1079150 398.0
1079160 398.2
1079170 398.2
1079180 398.2
1079190 398.4
1079200 398.4
1079210 398.5
1079220 398.4
1079230 398.4
1079240 398.2
1079250 398.1
1079260 398.1
1079270 398.2
1079280 398.2
1079290 398.2
1079300 398.1
1079310 398.1
1079320 398.1
1079330 398.2
1079340 398.2
1079350 398.2
1079360 398.2
1079370 398.1
1079380 398.2
1079390 398.2
1079400 398.2
1079410 398.3
1079420 398.3
1079430 398.3
1079440 398.3
1079450 398.3
1079460 398.4
1079470 398.4
1079480 398.4
1079490 398.5
1079500 398.6
1079510 398.6
1079520 398.6
1079530 398.7
1079540 398.7
1079550 398.7
1079560 398.7
1079570 398.7
1079580 398.7
1079590 398.8
1079600 398.8
1079610 398.8
1079620 398.9
1079630 398.9
1079640 399.0
1079650 399.0
1079660 399.0
1079670 399.1
1079680 399.1
1079690 399.1
1079700 399.2
1079710 399.3
1079720 399.3
1079730 399.3
1079740 399.3
1079750 399.3
1079760 399.2
1079770 399.3
1079780 399.4
1079790 399.4
1079800 399.4
1079810 399.3
1079820 399.3
1079830 399.3
1079840 399.3
1079850 399.3
1079860 399.4
1079870 399.6
1079880 399.6
1079890 400.1
1079900 401.4
1079910 401.4
1079920 402.2
1079930 402.0
1079940 402.0
1079950 400.9
1079960 399.8
1079970 399.8
1079980 399.8
1079990 399.7
