1067160 396.9
1067170 397.0
1067180 397.0
1067190 398.2
1067200 399.1
1067210 399.1
1067220 399.4
1067230 399.5
1067240 399.5
1067250 399.4
1067260 399.3
1067270 399.3
1067280 399.4
1067290 399.3
1067300 399.3
1067310 399.6
1067320 399.7
1067330 399.7
1067340 399.7
1067350 399.7
1067360 399.7
1067370 399.7
1067380 399.6
1067390 399.6
1067400 399.6
1067410 399.8
1067420 400.0
1067430 400.0
1067440 400.1
1067450 400.0
1067460 400.0
1067470 399.9
1067480 399.9
1067490 399.9
1067500 399.9
1067510 399.6
1067520 399.6
1067530 399.1
1067540 399.1
1067550 399.1
1067560 400.3
1067570 398.9
1067580 398.9
1067590 395.8
1067600 395.1
1067610 395.1
1067620 395.1
1067630 395.1
1067640 395.1
1067650 395.8
1067660 397.5
1067670 397.5
1067680 398.0
1067690 396.7
1067700 396.7
1067710 395.6
1067720 397.9
1067730 397.9
1067740 399.4
1067750 399.5
1067760 399.1
1067770 399.1
1067780 399.0
1067790 399.5
1067800 399.5
1067810 399.6
1067820 398.8
1067830 398.8
1067840 398.4
1067850 398.3
1067860 398.3
1067870 398.3
1067880 398.3
1067890 398.3
1067900 398.2
1067910 398.2
1067920 398.2
1067930 398.2
1067940 398.2
1067950 398.2
1067960 398.2
1067970 398.3
1067980 398.2
1067990 398.2
1068000 398.2
1068010 398.2
1068020 398.3
1068030 398.8
1068040 398.8
1068050 398.4
1068060 398.1
1068070 398.1
1068080 398.1
1068090 398.1
1068100 397.9
1068110 397.9
1068120 397.8
1068130 397.7
1068140 397.7
1068150 397.7
1068160 397.7
1068170 397.7
1068180 397.8
1068190 397.8
1068200 397.8
1068210 397.9
1068220 398.0
1068230 398.0
1068240 398.1
1068250 398.1
1068260 398.1
1068270 397.9
1068280 397.9
1068290 397.9
1068300 397.8
1068310 398.0
1068320 398.0
1068330 398.4
1068340 398.4
1068350 398.4
1068360 398.3
1068370 397.9
1068380 397.9
1068390 397.7
1068400 397.8
1068410 397.8
1068420 398.0
1068430 398.2
1068440 397.9
1068450 397.9
1068460 398.5
1068470 398.5
1068480 398.5
1068490 398.3
1068500 398.4
1068510 398.4
1068520 398.4
1068530 398.3
1068540 398.3
1068550 398.8
1068560 398.9
1068570 398.9
1068580 398.4
1068590 398.3
1068600 398.3
1068610 398.5
1068620 398.6
1068630 398.6
1068640 398.5
1068650 398.5
1068660 398.5
1068670 398.5
1068680 398.5
1068690 398.5
1068700 398.6
1068710 398.6
1068720 398.6
1068730 398.6
1068740 398.6
1068750 398.6
1068760 398.7
1068770 398.6
1068780 398.6
1068790 398.4
1068800 398.4
1068810 398.4
1068820 398.4
1068830 398.5
1068840 398.5
1068850 398.5
1068860 398.4
1068870 398.4
1068880 398.4
1068890 398.4
1068900 398.4
1068910 398.4
1068920 398.4
1068930 398.5
1068940 398.5
1068950 398.5
1068960 398.6
1068970 398.6
1068980 398.6
1068990 398.6
1069000 398.6
1069010 398.8
1069020 398.6
1069030 398.6
1069040 398.0
1069050 397.5
1069060 397.5
1069070 397.2
1069080 396.9
1069090 396.9
1069100 396.7
1069110 396.5
1069120 396.5
1069130 396.1
1069140 396.1
1069150 396.3
1069160 396.3
1069170 396.6
1069180 397.3
1069190 397.3
1069200 398.3
1069210 399.3
1069220 399.3
1069230 399.7
1069240 400.1
1069250 400.1
1069260 400.8
1069270 401.7
1069280 401.7
1069290 402.4
1069300 401.2
1069310 401.2
1069320 399.5
1069330 397.0
1069340 397.0
1069350 396.6
1069360 395.1
1069370 395.1
1069380 395.3
1069390 396.9
1069400 396.9
1069410 397.1
1069420 398.0
1069430 398.0
1069440 399.4
1069450 399.8
1069460 399.8
1069470 400.0
1069480 400.2
1069490 401.2
1069500 401.2
1069510 401.2
1069520 401.0
1069530 401.0
1069540 401.1
1069550 401.3
1069560 401.3
1069570 401.3
1069580 401.5
1069590 401.5
1069600 399.4
1069610 395.3
1069620 395.3
1069630 395.2
1069640 395.2
1069650 395.2
1069660 395.2
1069670 395.2
1069680 395.2
1069690 395.2
1069700 395.2
1069710 395.2
1069720 395.2
1069730 395.2
1069740 395.2
1069750 395.2
1069760 395.2
1069770 395.2
1069780 395.2
1069790 395.2
1069800 395.2
1069810 395.2
1069820 395.2
1069830 395.2
1069840 395.2
1069850 395.2
1069860 395.2
1069870 395.2
1069880 395.2
1069890 395.6
1069900 395.6
1069910 397.1
1069920 397.5
1069930 397.5
1069940 396.5
1069950 395.2
1069960 395.2
1069970 396.4
1069980 398.2
1069990 398.2
1070000 398.9
1070010 399.1
1070020 399.1
1070030 399.0
1070040 399.1
1070050 399.1
1070060 398.9
1070070 398.7
1070080 398.7
1070090 398.6
1070100 399.4
1070110 399.4
1070120 401.0
1070130 400.7
1070140 401.1
1070150 400.8
1070160 400.8
1070170 400.8
1070180 402.2
1070190 402.0
1070200 400.6
1070210 400.6
1070220 400.5
1070230 400.3
1070240 400.3
1070250 400.3
1070260 400.3
1070270 400.3
1070280 400.2
1070290 400.2
1070300 400.2
1070310 400.3
1070320 400.3
1070330 400.3
1070340 400.2
1070350 400.3
1070360 400.3
1070370 400.3
1070380 400.2
1070390 400.2
1070400 400.2
1070410 400.3
1070420 400.3
1070430 400.4
1070440 400.4
1070450 400.4
1070460 400.2
1070470 400.1
1070480 400.1
1070490 400.1
1070500 400.0
1070510 400.0
1070520 400.0
1070530 399.9
1070540 399.8
1070550 399.8
1070560 399.7
1070570 399.6
1070580 399.6
1070590 399.5
1070600 399.5
1070610 399.5
1070620 399.4
1070630 399.4
1070640 399.4
1070650 399.4
1070660 399.8
1070670 399.8
1070680 399.8
1070690 399.8
1070700 399.8
1070710 399.8
1070720 399.8
1070730 399.8
1070740 399.6
1070750 400.0
1070760 400.0
1070770 399.9
1070780 399.9
1070790 399.9
1070800 399.9
1070810 399.9
1070820 399.9
1070830 399.7
1070840 399.5
1070850 399.5
1070860 399.6
1070870 400.3
1070880 400.3
1070890 400.5
1070900 400.0
1070910 399.6
1070920 399.6
1070930 399.4
1070940 399.3
1070950 399.3
1070960 399.4
1070970 400.3
1070980 400.3
1070990 400.2
1071000 400.1
1071010 400.1
1071020 400.1
1071030 400.1
1071040 400.1
1071050 400.0
1071060 400.4
1071070 400.4
1071080 400.3
1071090 400.1
1071100 400.1
1071110 399.7
1071120 399.6
1071130 399.6
1071140 399.6
1071150 399.6
1071160 399.6
1071170 399.5
1071180 399.6
1071190 399.6
1071200 399.6
1071210 399.7
1071220 399.7
1071230 399.7
1071240 399.6
1071250 399.4
1071260 399.4
1071270 399.2
1071280 399.2
1071290 399.2
1071300 399.6
1071310 399.9
1071320 399.9
1071330 400.2
1071340 400.3
1071350 400.3
1071360 400.4
1071370 400.6
1071380 400.6
1071390 400.3
1071400 400.3
1071410 400.3
1071420 400.5
1071430 400.6
1071440 400.6
1071450 400.9
1071460 400.9
1071470 400.9
1071480 401.1
1071490 400.7
1071500 400.7
1071510 400.0
1071520 399.5
1071530 399.5
1071540 399.3
1071550 399.5
1071560 399.5
1071570 399.5
1071580 399.5
1071590 399.6
1071600 399.6
1071610 399.6
1071620 399.9
1071630 399.9
1071640 399.8
1071650 399.9
1071660 399.9
1071670 400.1
1071680 400.0
1071690 400.0
1071700 400.0
1071710 399.8
1071720 399.8
1071730 399.9
1071740 399.9
1071750 399.9
1071760 399.7
1071770 399.7
1071780 399.7
1071790 399.7
1071800 399.7
1071810 399.7
1071820 399.8
1071830 399.4
1071840 399.4
1071850 399.4
1071860 399.4
1071870 399.4
1071880 400.1
1071890 400.5
1071900 400.5
1071910 399.8
1071920 399.7
1071930 399.7
1071940 399.5
1071950 399.5
1071960 399.8
1071970 399.8
1071980 400.4
1071990 399.8
1072000 399.8
1072010 399.5
1072020 399.5
1072030 399.5
1072040 399.4
1072050 399.3
1072060 399.3
1072070 399.4
1072080 399.4
1072090 399.4
1072100 399.4
1072110 399.2
1072120 399.2
1072130 399.2
1072140 399.2
1072150 399.2
1072160 399.3
1072170 399.3
1072180 399.3
1072190 399.3
1072200 399.3
1072210 399.3
1072220 399.3
1072230 399.1
1072240 399.1
1072250 399.1
1072260 399.0
1072270 399.0
1072280 399.1
1072290 399.2
1072300 399.1
1072310 399.1
1072320 399.0
1072330 399.0
1072340 399.0
1072350 399.0
1072360 399.0
1072370 399.0
1072380 398.9
1072390 398.9
1072400 398.9
1072410 398.8
1072420 398.7
1072430 398.7
1072440 398.7
1072450 398.7
1072460 398.7
1072470 398.7
1072480 398.7
1072490 398.7
1072500 398.7
1072510 398.7
1072520 398.7
1072530 398.7
1072540 398.7
1072550 398.7
1072560 398.4
1072570 398.3
1072580 398.3
1072590 398.7
1072600 398.7
1072610 398.7
1072620 398.7
1072630 398.6
1072640 398.6
1072650 398.6
1072660 398.6
1072670 398.6
1072680 398.6
1072690 398.6
1072700 398.5
1072710 398.5
1072720 398.5
1072730 398.5
1072740 398.5
1072750 398.4
1072760 398.4
1072770 398.4
1072780 398.4
1072790 398.4
1072800 398.4
1072810 398.4
1072820 398.4
1072830 398.4
1072840 398.4
1072850 398.4
1072860 398.4
1072870 398.4
1072880 398.4
1072890 398.4
1072900 398.4
1072910 398.4
1072920 398.4
1072930 398.4
1072940 398.5
1072950 398.5
1072960 398.4
1072970 398.4
1072980 398.4
1072990 398.7
1073000 398.7
1073010 398.4
1073020 398.4
1073030 398.4
1073040 398.4
1073050 398.4
1073060 398.4
1073070 398.4
1073080 398.4
1073090 398.4
1073100 398.5
1073110 398.5
1073120 398.5
1073130 398.5
1073140 398.5
1073150 398.5
1073160 398.5
1073170 398.5
1073180 398.5
1073190 398.6
1073200 398.6
1073210 398.6
1073220 398.6
1073230 398.6
1073240 398.6
1073250 398.7
1073260 398.7
1073270 398.7
1073280 398.7
1073290 398.7
1073300 398.7
1073310 398.7
1073320 398.7
1073330 398.8
1073340 398.8
1073350 398.8
1073360 398.8
1073370 399.0
1073380 398.9
1073390 398.9
1073400 398.8
1073410 398.8
1073420 398.8
1073430 398.9
1073440 398.9
1073450 398.9
1073460 398.9
1073470 398.9
1073480 398.9
1073490 398.9
1073500 398.9
1073510 398.9
1073520 398.9
1073530 398.9
1073540 398.9
1073550 398.9
1073560 398.9
1073570 398.9
1073580 398.9
1073590 398.9
1073600 398.9
1073610 398.9
1073620 398.9
1073630 398.9
1073640 399.0
1073650 398.9
1073660 398.9
1073670 398.9
1073680 398.9
1073690 398.9
1073700 398.9
1073710 398.9
1073720 398.9
1073730 398.9
1073740 399.0
1073750 398.9
1073760 398.9
1073770 398.9
1073780 398.9
1073790 398.9
1073800 398.9
1073810 399.0
1073820 399.0
1073830 398.9
1073840 398.8
1073850 398.9
1073860 398.9
1073870 398.9
1073880 398.9
1073890 398.9
1073900 399.0
1073910 399.0
1073920 399.0
1073930 399.0
1073940 399.0
1073950 398.9
1073960 398.7
1073970 398.7
1073980 398.8
1073990 398.8
1074000 398.8
1074010 398.7
1074020 398.7
1074030 398.7
1074040 398.7
1074050 398.7
1074060 398.7
1074070 398.7
1074080 398.7
1074090 398.7
1074100 398.7
1074110 398.8
1074120 398.7
1074130 398.7
1074140 398.7
1074150 398.8
1074160 398.8
1074170 398.9
1074180 399.0
1074190 399.0
1074200 398.9
1074210 398.8
1074220 398.8
1074230 398.7
1074240 398.8
1074250 398.8
1074260 398.7
1074270 398.7
1074280 398.7
1074290 398.7
1074300 398.7
1074310 398.7
1074320 398.7
1074330 398.7
1074340 398.7
1074350 398.8
1074360 398.8
1074370 398.8
1074380 398.8
1074390 398.8
1074400 398.8
1074410 398.8
1074420 398.7
1074430 398.7
1074440 398.7
1074450 398.7
1074460 398.7
1074470 398.7
1074480 398.7
1074490 398.7
1074500 398.7
1074510 398.7
1074520 398.6
1074530 398.6
1074540 398.5
1074550 398.4
1074560 398.4
1074570 398.4
1074580 398.3
1074590 398.3
1074600 398.3
1074610 398.3
1074620 398.3
1074630 398.2
1074640 398.3
1074650 398.3
1074660 398.3
1074670 398.4
1074680 398.4
1074690 398.4
1074700 398.4
1074710 398.4
1074720 398.3
1074730 398.4
1074740 398.5
1074750 398.5
1074760 398.7
1074770 398.7
1074780 398.7
1074790 398.7
1074800 398.8
1074810 398.8
1074820 399.3
1074830 398.9
1074840 398.9
1074850 398.7
1074860 398.6
1074870 398.6
1074880 398.8
1074890 398.7
1074900 398.7
1074910 398.6
1074920 398.8
1074930 398.8
1074940 398.4
1074950 398.4
1074960 398.4
1074970 398.4
1074980 398.5
1074990 398.5
1075000 398.7
1075010 399.4
1075020 399.4
1075030 399.9
1075040 399.3
1075050 399.3
1075060 398.5
1075070 398.6
1075080 398.6
1075090 398.6
1075100 398.8
1075110 398.9
1075120 398.9
1075130 398.8
1075140 398.7
1075150 398.7
1075160 398.8
1075170 398.9
1075180 398.9
1075190 398.8
1075200 398.6
1075210 398.6
1075220 398.5
1075230 399.0
1075240 399.0
1075250 398.7
1075260 398.4
1075270 398.4
1075280 398.6
1075290 398.6
1075300 398.6
1075310 398.6
1075320 398.8
1075330 398.8
1075340 398.6
1075350 397.9
1075360 397.9
1075370 398.4
1075380 398.8
1075390 398.8
1075400 398.9
1075410 399.1
1075420 399.1
1075430 399.1
1075440 399.0
1075450 398.7
1075460 398.7
1075470 397.7
1075480 397.3
1075490 397.3
1075500 396.8
1075510 399.1
1075520 399.1
1075530 400.0
1075540 399.6
1075550 399.6
1075560 399.2
1075570 399.0
1075580 399.0
1075590 398.9
1075600 398.8
1075610 398.8
1075620 398.7
1075630 398.6
1075640 398.6
1075650 398.6
1075660 398.5
1075670 398.5
1075680 398.6
1075690 398.4
1075700 398.4
1075710 398.4
1075720 398.5
1075730 398.5
1075740 398.4
1075750 398.5
1075760 398.5
1075770 398.4
1075780 398.4
1075790 398.4
1075800 398.4
1075810 398.8
1075820 399.0
1075830 399.0
1075840 399.1
1075850 399.0
1075860 399.0
1075870 398.9
1075880 398.7
1075890 398.7
1075900 399.0
1075910 399.0
1075920 399.0
1075930 399.1
1075940 399.0
1075950 399.0
1075960 399.0
1075970 399.0
1075980 399.0
1075990 399.1
1076000 399.2
1076010 399.2
1076020 399.3
1076030 399.4
1076040 399.4
1076050 399.4
1076060 399.1
1076070 399.1
1076080 398.9
1076090 398.7
1076100 398.7
1076110 398.7
1076120 399.0
1076130 401.1
1076140 401.1
1076150 403.7
1076160 401.1
1076170 401.1
1076180 399.9
1076190 399.7
1076200 399.7
1076210 399.7
1076220 399.6
1076230 399.6
1076240 399.4
1076250 399.3
1076260 399.3
1076270 399.0
1076280 398.8
1076290 398.8
1076300 398.2
1076310 400.7
1076320 400.7
1076330 401.2
1076340 397.6
1076350 397.5
1076360 397.1
1076370 396.9
1076380 396.9
1076390 397.0
1076400 397.1
1076410 397.1
1076420 397.4
1076430 401.0
1076440 401.0
1076450 401.5
1076460 400.0
1076470 400.0
1076480 399.9
1076490 400.0
1076500 400.1
1076510 400.1
1076520 400.7
1076530 403.1
1076540 403.1
1076550 403.3
1076560 400.8
1076570 400.8
1076580 400.3
1076590 400.0
1076600 400.0
1076610 399.8
1076620 399.6
1076630 399.6
1076640 399.6
1076650 399.5
1076660 399.6
1076670 399.6
1076680 399.5
1076690 399.5
1076700 399.5
1076710 399.4
1076720 399.4
1076730 399.5
1076740 399.5
1076750 399.5
1076760 399.6
1076770 399.6
1076780 399.6
1076790 397.6
1076800 398.4
1076810 398.4
1076820 399.8
1076830 400.3
1076840 400.1
1076850 400.1
1076860 399.8
1076870 399.7
1076880 399.7
1076890 399.6
1076900 399.0
1076910 399.0
1076920 399.2
1076930 400.1
1076940 400.1
1076950 400.7
1076960 400.2
1076970 400.2
1076980 399.6
1076990 400.0
1077000 400.0
1077010 400.2
1077020 400.1
1077030 400.1
1077040 400.2
1077050 400.4
1077060 400.4
1077070 400.4
1077080 400.6
1077090 400.6
1077100 401.0
1077110 401.4
1077120 401.4
1077130 401.2
1077140 400.3
1077150 400.3
1077160 398.9
1077170 397.5
1077180 396.1
1077190 396.1
1077200 395.8
1077210 397.3
1077220 397.3
1077230 398.9
1077240 400.6
1077250 400.6
1077260 401.4
1077270 401.0
1077280 401.0
1077290 401.2
1077300 400.4
1077310 400.4
1077320 400.0
1077330 399.8
1077340 399.8
1077350 399.7
1077360 399.5
1077370 399.5
1077380 399.4
1077390 399.4
1077400 399.4
1077410 399.3
1077420 399.3
1077430 399.3
1077440 399.3
1077450 399.3
1077460 399.3
1077470 399.3
1077480 400.2
1077490 400.2
1077500 400.4
1077510 399.8
1077520 399.7
1077530 399.7
1077540 399.9
1077550 400.4
1077560 400.4
1077570 401.1
1077580 401.2
1077590 401.2
1077600 400.5
1077610 400.1
1077620 400.1
1077630 399.8
1077640 399.5
1077650 399.5
1077660 399.2
1077670 398.9
1077680 398.9
1077690 398.8
1077700 398.8
1077710 398.8
1077720 398.8
1077730 398.8
1077740 398.8
1077750 398.7
1077760 398.8
1077770 398.8
1077780 398.9
1077790 398.6
1077800 398.6
1077810 398.5
1077820 398.5
1077830 398.5
1077840 398.4
1077850 398.4
1077860 398.4
1077870 398.4
1077880 398.3
1077890 398.3
1077900 398.3
1077910 398.2
1077920 398.2
1077930 398.2
1077940 398.1
1077950 398.1
1077960 398.1
1077970 398.0
1077980 398.0
1077990 398.0
1078000 398.0
1078010 398.0
1078020 398.0
1078030 398.0
1078040 397.9
1078050 397.9
1078060 397.9
1078070 397.9
1078080 397.9
1078090 397.9
1078100 397.9
1078110 397.9
1078120 397.9
1078130 397.9
1078140 397.9
1078150 397.9
1078160 397.9
1078170 397.9
1078180 398.0
1078190 398.1
1078200 398.1
1078210 398.5
1078220 398.7
1078230 398.2
1078240 398.2
1078250 397.7
1078260 397.6
1078270 397.6
1078280 397.6
1078290 397.7
1078300 397.7
1078310 397.9
1078320 398.0
1078330 398.0
1078340 397.9
1078350 397.8
1078360 397.8
1078370 397.7
1078380 397.7
1078390 397.7
1078400 397.5
1078410 397.5
1078420 397.5
1078430 397.5
1078440 397.5
1078450 397.5
1078460 397.6
1078470 397.6
1078480 397.6
1078490 397.7
1078500 397.8
1078510 397.8
1078520 397.7
1078530 397.6
1078540 397.6
1078550 397.6
1078560 397.7
1078570 397.7
1078580 397.7
1078590 397.7
1078600 397.7
1078610 397.7
1078620 397.7
1078630 397.6
1078640 397.6
1078650 397.8
1078660 397.7
1078670 397.7
1078680 397.6
1078690 397.7
1078700 397.7
1078710 397.8
1078720 397.8
1078730 397.8
1078740 397.8
1078750 397.8
1078760 397.8
1078770 397.8
1078780 397.9
1078790 397.9
1078800 397.9
1078810 397.8
1078820 397.8
1078830 397.8
1078840 397.7
1078850 397.7
1078860 397.7
1078870 397.7
1078880 397.7
1078890 397.8
1078900 397.7
1078910 397.7
1078920 397.6
1078930 397.6
1078940 397.6
1078950 397.6
1078960 397.6
1078970 397.5
1078980 397.5
1078990 397.5
1079000 397.6
1079010 397.6
1079020 397.5
1079030 397.5
1079040 397.5
1079050 397.5
1079060 397.6
1079070 397.6
1079080 397.6
1079090 397.7
1079100 397.7
1079110 397.7
1079120 397.6
1079130 397.6
1079140 397.7
1079150 397.7
1079160 397.7
1079170 397.8
1079180 397.9
1079190 397.9
1079200 397.9
1079210 397.9
1079220 397.9
1079230 397.8
1079240 397.9
1079250 397.9
1079260 397.8
1079270 397.9
1079280 397.9
1079290 397.9
1079300 398.0
1079310 398.2
1079320 398.2
1079330 398.1
1079340 398.2
1079350 398.2
1079360 398.2
1079370 398.2
1079380 398.2
1079390 398.2
1079400 398.3
1079410 398.3
1079420 398.4
1079430 398.5
1079440 398.5
1079450 398.5
1079460 398.6
1079470 398.6
1079480 398.5
1079490 398.5
1079500 398.5
1079510 398.6
1079520 398.6
1079530 398.6
1079540 398.6
1079550 398.6
1079560 398.6
1079570 398.7
1079580 398.7
1079590 398.7
1079600 398.7
1079610 398.7
1079620 398.6
1079630 398.6
1079640 399.0
1079650 399.2
1079660 399.2
1079670 399.3
1079680 399.3
1079690 399.3
1079700 399.1
1079710 399.4
1079720 399.4
1079730 399.6
1079740 399.3
1079750 399.3
1079760 399.1
1079770 399.1
1079780 399.1
1079790 399.2
1079800 399.2
1079810 399.3
1079820 399.4
1079830 399.2
1079840 399.2
1079850 399.2
1079860 399.3
1079870 399.3
1079880 399.4
1079890 399.4
1079900 399.4
1079910 399.5
1079920 399.6
1079930 399.6
1079940 399.6
1079950 399.6
1079960 399.6
1079970 399.6
1079980 399.6
1079990 399.7
