1066540 399.3
1066550 399.3
1066560 398.8
1066570 398.7
1066580 398.7
1066590 398.8
1066600 398.8
1066610 398.8
1066620 398.9
1066630 398.7
1066640 398.7
1066650 398.5
1066660 398.5
1066670 398.5
1066680 398.5
1066690 398.7
1066700 399.1
1066710 399.1
1066720 399.6
1066730 399.4
1066740 399.4
1066750 399.4
1066760 399.4
1066770 399.4
1066780 398.7
1066790 398.7
1066800 398.7
1066810 398.7
1066820 398.8
1066830 398.8
1066840 398.9
1066850 399.0
1066860 399.0
1066870 399.1
1066880 399.1
1066890 399.1
1066900 399.5
1066910 399.9
1066920 399.9
1066930 400.0
1066940 399.8
1066950 399.8
1066960 397.8
1066970 396.9
1066980 396.9
1066990 396.3
1067000 395.3
1067010 395.3
1067020 395.2
1067030 395.1
1067040 395.1
1067050 395.3
1067060 397.3
1067070 398.2
1067080 398.2
1067090 397.1
1067100 396.1
1067110 396.1
1067120 395.6
1067130 395.6
1067140 395.6
1067150 395.8
1067160 398.2
1067170 398.2
1067180 399.1
1067190 399.3
1067200 399.3
1067210 398.7
1067220 398.0
1067230 398.0
1067240 398.3
1067250 398.0
1067260 398.0
1067270 397.7
1067280 397.4
1067290 397.4
1067300 397.5
1067310 397.4
1067320 397.4
1067330 397.2
1067340 397.1
1067350 397.1
1067360 397.1
1067370 397.0
1067380 397.0
1067390 397.0
1067400 397.0
1067410 397.0
1067420 397.0
1067430 397.0
1067440 397.0
1067450 397.0
1067460 396.9
1067470 396.9
1067480 396.9
1067490 396.8
1067500 396.8
1067510 396.8
1067520 396.9
1067530 396.8
1067540 396.8
1067550 396.8
1067560 396.8
1067570 396.8
1067580 396.9
1067590 397.0
1067600 397.0
1067610 397.2
1067620 397.4
1067630 397.4
1067640 397.4
1067650 397.3
1067660 397.3
1067670 397.1
1067680 397.2
1067690 397.2
1067700 397.2
1067710 397.1
1067720 397.1
1067730 396.9
1067740 396.9
1067750 396.9
1067760 397.0
1067770 397.0
1067780 397.0
1067790 397.0
1067800 397.0
1067810 397.1
1067820 397.1
1067830 397.2
1067840 397.2
1067850 397.2
1067860 397.1
1067870 397.2
1067880 397.2
1067890 397.2
1067900 397.2
1067910 397.2
1067920 397.2
1067930 397.2
1067940 397.2
1067950 397.2
1067960 397.3
1067970 397.3
1067980 397.3
1067990 397.4
1068000 397.4
1068010 397.4
1068020 397.4
1068030 397.4
1068040 397.4
1068050 397.4
1068060 397.4
1068070 397.2
1068080 397.1
1068090 397.1
1068100 397.1
1068110 397.1
1068120 397.1
1068130 397.1
1068140 397.2
1068150 397.2
1068160 397.2
1068170 397.1
1068180 397.1
1068190 397.1
1068200 397.1
1068210 397.1
1068220 397.1
1068230 397.1
1068240 397.1
1068250 397.1
1068260 397.1
1068270 397.1
1068280 397.1
1068290 397.2
1068300 397.2
1068310 397.2
1068320 397.2
1068330 397.2
1068340 397.2
1068350 397.2
1068360 397.2
1068370 397.2
1068380 397.2
1068390 397.2
1068400 397.2
1068410 397.2
1068420 397.4
1068430 397.4
1068440 397.3
1068450 397.2
1068460 397.2
1068470 397.3
1068480 397.3
1068490 397.3
1068500 397.3
1068510 397.3
1068520 397.3
1068530 397.3
1068540 397.3
1068550 397.3
1068560 397.3
1068570 397.3
1068580 397.3
1068590 397.3
1068600 397.3
1068610 397.3
1068620 397.3
1068630 397.4
1068640 397.4
1068650 397.4
1068660 397.4
1068670 397.4
1068680 397.4
1068690 397.4
1068700 397.4
1068710 397.4
1068720 397.5
1068730 397.5
1068740 397.5
1068750 397.5
1068760 397.5
1068770 397.5
1068780 397.5
1068790 397.5
1068800 397.5
1068810 397.5
1068820 397.6
1068830 397.6
1068840 397.6
1068850 397.6
1068860 397.6
1068870 397.6
1068880 397.7
1068890 397.7
1068900 397.7
1068910 397.6
1068920 397.5
1068930 397.5
1068940 397.6
1068950 397.6
1068960 397.6
1068970 397.6
1068980 397.7
1068990 397.7
1069000 397.8
1069010 397.8
1069020 397.9
1069030 398.0
1069040 398.1
1069050 398.1
1069060 398.1
1069070 398.0
1069080 398.0
1069090 398.0
1069100 398.0
1069110 398.0
1069120 398.1
1069130 398.1
1069140 398.1
1069150 398.1
1069160 398.1
1069170 398.1
1069180 398.2
1069190 398.4
1069200 398.4
1069210 398.4
1069220 398.4
1069230 398.4
1069240 398.4
1069250 398.7
1069260 399.0
1069270 399.0
1069280 399.0
1069290 398.9
1069300 398.9
1069310 398.9
1069320 398.7
1069330 398.8
1069340 398.6
1069350 398.5
1069360 398.5
1069370 398.5
1069380 398.5
1069390 398.5
1069400 398.5
1069410 398.4
1069420 398.4
1069430 398.4
1069440 398.6
1069450 398.6
1069460 398.6
1069470 398.8
1069480 398.8
1069490 398.7
1069500 398.6
1069510 398.6
1069520 398.6
1069530 398.7
1069540 398.7
1069550 398.7
1069560 398.7
1069570 398.8
1069580 398.8
1069590 398.7
1069600 398.8
1069610 398.8
1069620 398.7
1069630 398.7
1069640 398.7
1069650 398.8
1069660 398.8
1069670 398.8
1069680 398.8
1069690 398.9
1069700 398.9
1069710 398.9
1069720 398.9
1069730 398.9
1069740 399.1
1069750 399.1
1069760 399.1
1069770 398.8
1069780 398.9
1069790 398.9
1069800 398.9
1069810 398.8
1069820 398.8
1069830 398.8
1069840 398.8
1069850 398.8
1069860 399.0
1069870 399.0
1069880 398.9
1069890 398.9
1069900 398.9
1069910 398.9
1069920 398.9
1069930 398.9
1069940 398.9
1069950 399.0
1069960 399.0
1069970 399.0
1069980 399.0
1069990 399.0
1070000 399.0
1070010 399.0
1070020 399.0
1070030 399.0
1070040 399.0
1070050 399.0
1070060 399.0
1070070 399.0
1070080 399.0
1070090 399.0
1070100 399.0
1070110 399.0
1070120 398.9
1070130 398.9
1070140 398.9
1070150 398.9
1070160 398.9
1070170 398.8
1070180 398.8
1070190 398.8
1070200 398.7
1070210 398.8
1070220 398.8
1070230 398.8
1070240 398.8
1070250 398.6
1070260 398.7
1070270 398.8
1070280 398.8
1070290 398.8
1070300 398.9
1070310 398.6
1070320 398.6
1070330 398.6
1070340 398.6
1070350 398.6
1070360 398.5
1070370 398.4
1070380 398.4
1070390 398.2
1070400 398.2
1070410 398.2
1070420 398.1
1070430 398.1
1070440 398.1
1070450 398.1
1070460 398.1
1070470 398.1
1070480 398.1
1070490 398.2
1070500 398.2
1070510 398.3
1070520 398.4
1070530 398.4
1070540 398.3
1070550 398.3
1070560 398.3
1070570 398.4
1070580 398.3
1070590 398.3
1070600 398.3
1070610 398.3
1070620 398.4
1070630 398.4
1070640 398.6
1070650 398.6
1070660 398.6
1070670 398.6
1070680 398.7
1070690 398.7
1070700 398.7
1070710 398.6
1070720 398.6
1070730 398.6
1070740 398.4
1070750 398.4
1070760 398.4
1070770 398.3
1070780 398.3
1070790 398.4
1070800 398.4
1070810 398.4
1070820 398.3
1070830 398.3
1070840 398.3
1070850 398.3
1070860 398.2
1070870 398.2
1070880 398.2
1070890 398.3
1070900 398.3
1070910 398.3
1070920 398.3
1070930 398.3
1070940 398.5
1070950 398.5
1070960 398.5
1070970 398.5
1070980 398.3
1070990 398.2
1071000 398.2
1071010 398.1
1071020 398.1
1071030 398.1
1071040 398.1
1071050 398.1
1071060 398.1
1071070 398.1
1071080 398.0
1071090 398.0
1071100 398.0
1071110 398.0
1071120 398.0
1071130 398.0
1071140 398.0
1071150 398.0
1071160 397.9
1071170 397.9
1071180 398.0
1071190 398.0
1071200 398.0
1071210 398.0
1071220 398.1
1071230 398.1
1071240 398.1
1071250 398.2
1071260 398.2
1071270 398.2
1071280 398.1
1071290 398.1
1071300 398.1
1071310 398.1
1071320 397.9
1071330 397.9
1071340 397.9
1071350 397.9
1071360 397.9
1071370 397.9
1071380 397.9
1071390 397.8
1071400 397.8
1071410 397.7
1071420 397.7
1071430 397.7
1071440 397.8
1071450 397.8
1071460 397.8
1071470 397.7
1071480 397.7
1071490 397.8
1071500 397.8
1071510 397.7
1071520 397.7
1071530 397.7
1071540 397.7
1071550 397.7
1071560 397.7
1071570 397.7
1071580 397.7
1071590 397.7
1071600 397.7
1071610 397.7
1071620 397.8
1071630 397.8
1071640 397.8
1071650 397.8
1071660 397.8
1071670 397.8
1071680 397.8
1071690 397.9
1071700 397.8
1071710 397.8
1071720 397.8
1071730 397.8
1071740 397.8
1071750 397.8
1071760 397.8
1071770 397.8
1071780 397.8
1071790 397.8
1071800 397.8
1071810 397.9
1071820 397.9
1071830 397.9
1071840 397.9
1071850 398.0
1071860 398.0
1071870 397.8
1071880 397.8
1071890 397.8
1071900 397.8
1071910 397.8
1071920 397.8
1071930 397.8
1071940 397.9
1071950 397.9
1071960 397.9
1071970 397.9
1071980 397.9
1071990 397.9
1072000 398.0
1072010 398.0
1072020 398.0
1072030 397.9
1072040 397.9
1072050 397.9
1072060 397.9
1072070 397.9
1072080 397.9
1072090 397.9
1072100 398.0
1072110 398.0
1072120 398.0
1072130 398.0
1072140 398.0
1072150 398.1
1072160 398.1
1072170 398.1
1072180 398.1
1072190 398.3
1072200 398.3
1072210 398.1
1072220 398.1
1072230 398.1
1072240 398.1
1072250 398.0
1072260 398.0
1072270 398.2
1072280 398.2
1072290 398.2
1072300 398.2
1072310 398.2
1072320 398.2
1072330 398.2
1072340 398.2
1072350 398.2
1072360 398.2
1072370 398.3
1072380 398.3
1072390 398.3
1072400 398.1
1072410 398.1
1072420 397.7
1072430 397.6
1072440 397.7
1072450 397.7
1072460 397.5
1072470 397.2
1072480 397.2
1072490 397.1
1072500 397.1
1072510 397.1
1072520 397.2
1072530 397.2
1072540 397.2
1072550 397.2
1072560 397.7
1072570 397.7
1072580 397.1
1072590 397.2
1072600 397.2
1072610 397.1
1072620 397.2
1072630 397.2
1072640 397.2
1072650 397.2
1072660 397.2
1072670 397.1
1072680 397.1
1072690 397.1
1072700 397.0
1072710 396.9
1072720 396.7
1072730 396.7
1072740 396.8
1072750 396.7
1072760 396.7
1072770 396.3
1072780 395.3
1072790 395.3
1072800 395.7
1072810 396.1
1072820 396.1
1072830 396.6
1072840 396.6
1072850 396.6
1072860 396.7
1072870 397.3
1072880 397.3
1072890 397.8
1072900 397.9
1072910 397.9
1072920 397.8
1072930 397.8
1072940 397.8
1072950 397.7
1072960 397.6
1072970 397.6
1072980 397.6
1072990 397.5
1073000 397.5
1073010 397.5
1073020 397.4
1073030 397.4
1073040 397.4
1073050 397.4
1073060 397.4
1073070 397.4
1073080 397.3
1073090 397.3
1073100 397.3
1073110 397.3
1073120 397.3
1073130 397.3
1073140 397.6
1073150 397.5
1073160 397.5
1073170 397.5
1073180 397.4
1073190 397.4
1073200 397.4
1073210 397.4
1073220 397.4
1073230 397.4
1073240 397.4
1073250 397.4
1073260 397.4
1073270 397.4
1073280 397.4
1073290 397.3
1073300 397.3
1073310 397.3
1073320 397.3
1073330 397.2
1073340 397.2
1073350 397.2
1073360 397.1
1073370 397.1
1073380 397.2
1073390 397.3
1073400 397.3
1073410 397.3
1073420 397.3
1073430 397.3
1073440 397.3
1073450 397.2
1073460 397.2
1073470 397.2
1073480 397.2
1073490 397.1
1073500 397.1
1073510 397.1
1073520 397.1
1073530 397.1
1073540 397.1
1073550 397.1
1073560 397.1
1073570 397.1
1073580 397.1
1073590 397.1
1073600 397.2
1073610 397.2
1073620 397.2
1073630 397.4
1073640 397.3
1073650 397.3
1073660 397.1
1073670 397.1
1073680 397.1
1073690 397.1
1073700 397.2
1073710 397.2
1073720 397.2
1073730 397.1
1073740 397.1
1073750 397.0
1073760 396.7
1073770 396.6
1073780 396.6
1073790 396.8
1073800 397.3
1073810 397.3
1073820 397.4
1073830 397.3
1073840 397.3
1073850 397.4
1073860 397.4
1073870 397.4
1073880 397.4
1073890 397.4
1073900 397.4
1073910 397.2
1073920 397.3
1073930 397.3
1073940 397.3
1073950 397.3
1073960 397.3
1073970 397.3
1073980 397.2
1073990 397.2
1074000 397.1
1074010 397.1
1074020 397.1
1074030 397.1
1074040 397.2
1074050 397.2
1074060 397.2
1074070 397.1
1074080 397.1
1074090 397.2
1074100 397.2
1074110 397.2
1074120 397.2
1074130 397.3
1074140 397.2
1074150 397.2
1074160 397.2
1074170 397.2
1074180 397.2
1074190 397.3
1074200 397.3
1074210 397.3
1074220 397.2
1074230 397.2
1074240 397.2
1074250 397.2
1074260 397.2
1074270 397.2
1074280 397.2
1074290 397.2
1074300 397.2
1074310 397.1
1074320 397.1
1074330 397.1
1074340 397.1
1074350 397.1
1074360 397.1
1074370 397.1
1074380 397.1
1074390 397.1
1074400 397.0
1074410 397.0
1074420 397.0
1074430 397.0
1074440 397.1
1074450 397.1
1074460 397.2
1074470 397.2
1074480 397.1
1074490 397.1
1074500 397.2
1074510 397.1
1074520 397.1
1074530 397.2
1074540 397.1
1074550 397.1
1074560 397.0
1074570 396.9
1074580 396.9
1074590 396.8
1074600 396.9
1074610 396.9
1074620 396.8
1074630 396.9
1074640 396.9
1074650 396.9
1074660 396.9
1074670 396.9
1074680 396.8
1074690 396.8
1074700 396.8
1074710 396.9
1074720 397.1
1074730 397.1
1074740 397.0
1074750 396.9
1074760 396.9
1074770 396.9
1074780 396.9
1074790 396.9
1074800 396.9
1074810 396.8
1074820 396.8
1074830 396.8
1074840 396.9
1074850 396.9
1074860 396.9
1074870 396.9
1074880 396.9
1074890 396.9
1074900 396.8
1074910 396.8
1074920 396.8
1074930 396.7
1074940 396.7
1074950 396.7
1074960 396.6
1074970 396.5
1074980 396.5
1074990 396.8
1075000 396.8
1075010 396.8
1075020 396.5
1075030 396.5
1075040 396.5
1075050 396.5
1075060 396.7
1075070 396.7
1075080 396.8
1075090 396.9
1075100 396.9
1075110 397.3
1075120 398.1
1075130 398.1
1075140 397.9
1075150 397.9
1075160 397.9
1075170 397.8
1075180 397.8
1075190 397.5
1075200 397.5
1075210 396.9
1075220 396.8
1075230 396.8
1075240 396.9
1075250 397.2
1075260 397.2
1075270 397.7
1075280 397.4
1075290 397.4
1075300 397.2
1075310 397.2
1075320 397.2
1075330 397.2
1075340 397.1
1075350 397.1
1075360 397.0
1075370 397.0
1075380 397.0
1075390 397.0
1075400 397.1
1075410 397.1
1075420 397.2
1075430 397.5
1075440 397.5
1075450 397.6
1075460 397.4
1075470 397.4
1075480 397.2
1075490 397.2
1075500 397.2
1075510 397.2
1075520 397.4
1075530 397.3
1075540 397.5
1075550 397.7
1075560 398.1
1075570 398.1
1075580 397.9
1075590 398.1
1075600 398.1
1075610 398.1
1075620 398.0
1075630 398.0
1075640 398.0
1075650 398.0
1075660 398.0
1075670 398.1
1075680 398.0
1075690 398.0
1075700 398.0
1075710 398.1
1075720 398.1
1075730 398.1
1075740 398.3
1075750 398.3
1075760 398.5
1075770 398.5
1075780 398.5
1075790 398.4
1075800 398.3
1075810 398.3
1075820 398.1
1075830 398.0
1075840 398.0
1075850 397.6
1075860 398.4
1075870 398.4
1075880 398.6
1075890 398.7
1075900 398.7
1075910 398.7
1075920 398.5
1075930 398.7
1075940 398.7
1075950 398.9
1075960 399.3
1075970 399.3
1075980 399.5
1075990 399.4
1076000 399.4
1076010 398.9
1076020 398.2
1076030 398.2
1076040 397.8
1076050 397.3
1076060 397.3
1076070 397.4
1076080 397.8
1076090 397.8
1076100 397.8
1076110 397.7
1076120 397.7
1076130 398.0
1076140 398.0
1076150 398.0
1076160 398.4
1076170 399.4
1076180 399.4
1076190 402.2
1076200 403.0
1076210 403.0
1076220 400.7
1076230 398.3
1076240 398.3
1076250 397.6
1076260 397.7
1076270 397.5
1076280 397.5
1076290 397.4
1076300 397.5
1076310 397.5
1076320 397.2
1076330 397.2
1076340 397.2
1076350 397.3
1076360 399.5
1076370 399.5
1076380 400.1
1076390 397.0
1076400 397.0
1076410 397.2
1076420 396.8
1076430 396.8
1076440 396.5
1076450 396.3
1076460 396.3
1076470 396.5
1076480 398.3
1076490 398.3
1076500 400.9
1076510 398.5
1076520 398.5
1076530 398.7
1076540 398.9
1076550 398.9
1076560 398.9
1076570 399.2
1076580 399.2
1076590 401.6
1076600 402.9
1076610 402.5
1076620 402.5
1076630 399.6
1076640 398.4
1076650 398.4
1076660 398.2
1076670 397.9
1076680 397.9
1076690 397.4
1076700 397.3
1076710 397.3
1076720 397.3
1076730 397.2
1076740 397.2
1076750 397.0
1076760 397.0
1076770 397.0
1076780 397.0
1076790 397.0
1076800 397.0
1076810 397.1
1076820 397.1
1076830 397.1
1076840 396.6
1076850 396.4
1076860 396.4
1076870 397.1
1076880 397.2
1076890 397.2
1076900 398.6
1076910 400.0
1076920 400.0
1076930 398.5
1076940 396.8
1076950 395.4
1076960 395.4
1076970 395.7
1076980 397.3
1076990 397.3
1077000 399.3
1077010 400.4
1077020 400.4
1077030 398.4
1077040 397.1
1077050 397.1
1077060 397.5
1077070 397.7
1077080 397.7
1077090 397.6
1077100 397.7
1077110 397.7
1077120 397.7
1077130 397.8
1077140 397.8
1077150 397.7
1077160 397.8
1077170 397.8
1077180 398.1
1077190 398.7
1077200 398.7
1077210 399.3
1077220 398.9
1077230 398.9
1077240 398.2
1077250 398.1
1077260 398.1
1077270 398.3
1077280 398.4
1077290 398.4
1077300 398.3
1077310 398.2
1077320 398.1
1077330 398.1
1077340 398.0
1077350 398.0
1077360 398.0
1077370 398.2
1077380 398.1
1077390 398.1
1077400 398.0
1077410 398.1
1077420 398.1
1077430 398.0
1077440 397.8
1077450 397.8
1077460 397.6
1077470 398.2
1077480 398.2
1077490 398.4
1077500 398.2
1077510 398.2
1077520 398.1
1077530 398.1
1077540 398.1
1077550 398.0
1077560 398.2
1077570 398.2
1077580 398.2
1077590 398.3
1077600 398.3
1077610 398.3
1077620 398.2
1077630 398.2
1077640 398.1
1077650 398.3
1077660 398.5
1077670 398.5
1077680 398.5
1077690 398.2
1077700 398.2
1077710 397.8
1077720 398.1
1077730 398.5
1077740 398.0
1077750 397.9
1077760 397.9
1077770 397.9
1077780 398.0
1077790 398.0
1077800 398.1
1077810 398.1
1077820 398.1
1077830 398.0
1077840 397.8
1077850 397.8
1077860 397.7
1077870 397.6
1077880 397.6
1077890 397.6
1077900 397.7
1077910 397.7
1077920 397.7
1077930 397.7
1077940 397.7
1077950 398.1
1077960 398.1
1077970 398.1
1077980 398.1
1077990 398.2
1078000 398.2
1078010 398.2
1078020 398.5
1078030 398.4
1078040 398.6
1078050 398.0
1078060 397.5
1078070 397.5
1078080 397.3
1078090 397.4
1078100 397.4
1078110 397.5
1078120 397.9
1078130 397.9
1078140 398.1
1078150 398.1
1078160 398.1
1078170 398.4
1078180 398.8
1078190 398.8
1078200 398.7
1078210 398.2
1078220 398.2
1078230 398.3
1078240 398.2
1078250 398.2
1078260 398.1
1078270 397.7
1078280 397.7
1078290 397.6
1078300 397.6
1078310 397.6
1078320 397.7
1078330 398.2
1078340 398.2
1078350 398.4
1078360 398.5
1078370 398.3
1078380 398.3
1078390 397.8
1078400 397.8
1078410 397.8
1078420 398.0
1078430 398.1
1078440 398.1
1078450 398.1
1078460 398.1
1078470 398.1
1078480 397.9
1078490 397.8
1078500 397.8
1078510 397.8
1078520 397.8
1078530 397.8
1078540 397.5
1078550 397.5
1078560 397.5
1078570 397.8
1078580 397.7
1078590 397.7
1078600 397.6
1078610 397.6
1078620 397.6
1078630 397.6
1078640 397.6
1078650 397.6
1078660 397.6
1078670 397.6
1078680 397.6
1078690 397.6
1078700 397.7
1078710 397.7
1078720 397.7
1078730 397.8
1078740 397.8
1078750 397.8
1078760 397.8
1078770 397.8
1078780 397.8
1078790 397.8
1078800 397.8
1078810 397.8
1078820 397.9
1078830 397.9
1078840 397.9
1078850 398.0
1078860 398.1
1078870 398.1
1078880 398.1
1078890 398.3
1078900 398.3
1078910 398.6
1078920 398.6
1078930 398.6
1078940 398.7
1078950 398.7
1078960 398.7
1078970 398.7
1078980 398.7
1078990 398.7
1079000 398.6
1079010 398.3
1079020 398.3
1079030 398.4
1079040 398.6
1079050 398.6
1079060 398.8
1079070 399.1
1079080 399.0
1079090 399.0
1079100 398.9
1079110 398.7
1079120 398.7
1079130 398.9
1079140 399.0
1079150 399.0
1079160 399.1
1079170 399.1
1079180 399.1
1079190 399.3
1079200 399.4
1079210 399.4
1079220 399.4
1079230 399.5
1079240 399.5
1079250 399.5
1079260 399.5
1079270 399.5
1079280 399.6
1079290 399.5
1079300 399.5
1079310 399.4
1079320 399.4
1079330 399.4
1079340 399.3
1079350 399.3
1079360 399.3
1079370 399.2
1079380 399.3
1079390 399.3
1079400 399.3
1079410 399.3
1079420 399.4
1079430 399.4
1079440 399.5
1079450 399.5
1079460 399.5
1079470 399.9
1079480 400.2
1079490 400.2
1079500 400.3
1079510 400.2
1079520 400.2
1079530 400.3
1079540 400.3
1079550 400.3
1079560 400.1
1079570 400.0
1079580 400.0
1079590 400.0
1079600 400.1
1079610 400.1
1079620 400.0
1079630 400.1
1079640 400.1
1079650 400.0
1079660 400.1
1079670 400.1
1079680 400.1
1079690 400.2
1079700 400.2
1079710 400.3
1079720 400.3
1079730 400.3
1079740 400.4
1079750 400.4
1079760 400.4
1079770 400.3
1079780 400.1
1079790 399.6
1079800 399.6
1079810 399.4
1079820 399.4
1079830 399.4
1079840 399.8
1079850 400.0
1079860 400.0
1079870 400.0
1079880 400.2
1079890 400.2
1079900 400.3
1079910 400.5
1079920 400.5
1079930 400.5
1079940 400.3
1079950 400.3
1079960 400.3
1079970 400.4
1079980 400.4
1079990 400.5
