1066370 397.7
1066380 397.7
1066390 397.9
1066400 398.1
1066410 398.1
1066420 398.2
1066430 398.2
1066440 398.2
1066450 397.8
1066460 397.9
1066470 397.9
1066480 397.9
1066490 398.0
1066500 398.0
1066510 398.1
1066520 398.2
1066530 398.2
1066540 398.2
1066550 398.3
1066560 398.3
1066570 398.3
1066580 398.3
1066590 398.3
1066600 398.3
1066610 398.5
1066620 398.5
1066630 398.3
1066640 398.3
1066650 398.3
1066660 398.7
1066670 398.9
1066680 397.4
1066690 397.4
1066700 396.5
1066710 396.4
1066720 396.4
1066730 396.5
1066740 396.8
1066750 396.8
1066760 396.8
1066770 396.9
1066780 396.9
1066790 397.3
1066800 397.0
1066810 397.0
1066820 395.9
1066830 395.1
1066840 395.1
1066850 395.1
1066860 395.1
1066870 395.1
1066880 395.8
1066890 396.7
1066900 396.7
1066910 397.6
1066920 396.9
1066930 396.9
1066940 396.2
1066950 396.0
1066960 396.0
1066970 396.9
1066980 399.1
1066990 399.1
1067000 399.2
1067010 399.2
1067020 399.1
1067030 399.1
1067040 399.0
1067050 398.2
1067060 398.2
1067070 398.1
1067080 398.2
1067090 398.2
1067100 398.2
1067110 398.2
1067120 398.2
1067130 398.1
1067140 397.9
1067150 397.9
1067160 397.7
1067170 397.7
1067180 397.7
1067190 397.7
1067200 397.5
1067210 397.5
1067220 397.3
1067230 397.2
1067240 397.2
1067250 397.2
1067260 397.1
1067270 397.1
1067280 396.9
1067290 396.9
1067300 396.9
1067310 396.9
1067320 396.9
1067330 396.9
1067340 396.9
1067350 396.9
1067360 396.9
1067370 396.9
1067380 397.0
1067390 397.2
1067400 397.2
1067410 397.2
1067420 397.2
1067430 397.2
1067440 397.3
1067450 397.4
1067460 397.4
1067470 397.2
1067480 397.0
1067490 397.0
1067500 397.3
1067510 397.4
1067520 397.4
1067530 397.5
1067540 397.3
1067550 397.3
1067560 397.2
1067570 397.0
1067580 397.0
1067590 396.9
1067600 396.9
1067610 396.9
1067620 396.9
1067630 396.9
1067640 396.9
1067650 396.9
1067660 396.9
1067670 396.9
1067680 396.9
1067690 396.9
1067700 396.9
1067710 397.0
1067720 397.0
1067730 397.0
1067740 397.0
1067750 397.0
1067760 397.0
1067770 397.0
1067780 397.0
1067790 397.1
1067800 397.1
1067810 397.2
1067820 397.3
1067830 397.3
1067840 397.2
1067850 397.3
1067860 397.3
1067870 397.3
1067880 397.3
1067890 397.1
1067900 397.1
1067910 397.0
1067920 397.0
1067930 397.0
1067940 397.0
1067950 397.0
1067960 397.0
1067970 397.0
1067980 397.0
1067990 397.0
1068000 397.0
1068010 397.0
1068020 397.0
1068030 397.0
1068040 397.0
1068050 397.0
1068060 397.0
1068070 397.0
1068080 397.0
1068090 397.0
1068100 396.9
1068110 396.9
1068120 397.0
1068130 396.9
1068140 396.9
1068150 396.9
1068160 396.9
1068170 396.9
1068180 397.0
1068190 397.0
1068200 397.0
1068210 397.0
1068220 396.9
1068230 396.9
1068240 396.9
1068250 396.9
1068260 396.9
1068270 396.9
1068280 396.9
1068290 396.9
1068300 397.1
1068310 396.9
1068320 396.9
1068330 396.8
1068340 396.8
1068350 396.8
1068360 396.8
1068370 396.8
1068380 396.8
1068390 396.8
1068400 396.8
1068410 396.8
1068420 396.8
1068430 396.8
1068440 396.8
1068450 396.8
1068460 396.9
1068470 396.9
1068480 396.9
1068490 396.9
1068500 397.0
1068510 397.0
1068520 397.0
1068530 397.0
1068540 397.0
1068550 397.0
1068560 397.0
1068570 397.0
1068580 397.0
1068590 397.0
1068600 397.0
1068610 397.0
1068620 397.0
1068630 397.0
1068640 397.0
1068650 397.0
1068660 397.0
1068670 397.0
1068680 397.0
1068690 397.0
1068700 397.0
1068710 397.2
1068720 397.2
1068730 397.2
1068740 397.1
1068750 397.1
1068760 397.1
1068770 397.1
1068780 397.1
1068790 397.1
1068800 397.1
1068810 397.2
1068820 397.2
1068830 397.2
1068840 397.2
1068850 397.2
1068860 397.2
1068870 397.2
1068880 397.2
1068890 397.2
1068900 397.3
1068910 397.3
1068920 397.3
1068930 397.3
1068940 397.3
1068950 397.3
1068960 397.4
1068970 397.4
1068980 397.4
1068990 397.4
1069000 397.4
1069010 397.5
1069020 397.6
1069030 397.6
1069040 397.8
1069050 397.9
1069060 397.9
1069070 398.0
1069080 398.0
1069090 398.0
1069100 397.9
1069110 397.9
1069120 397.9
1069130 398.0
1069140 397.9
1069150 397.9
1069160 397.9
1069170 398.0
1069180 398.1
1069190 398.1
1069200 398.1
1069210 398.0
1069220 398.0
1069230 398.1
1069240 397.9
1069250 397.9
1069260 397.6
1069270 397.6
1069280 397.6
1069290 397.7
1069300 397.7
1069310 397.7
1069320 397.7
1069330 397.7
1069340 397.7
1069350 397.6
1069360 397.6
1069370 397.6
1069380 397.6
1069390 397.6
1069400 397.6
1069410 397.6
1069420 397.6
1069430 397.6
1069440 397.6
1069450 397.7
1069460 397.7
1069470 397.7
1069480 397.7
1069490 397.7
1069500 397.6
1069510 397.6
1069520 397.8
1069530 397.8
1069540 398.0
1069550 397.9
1069560 397.9
1069570 397.8
1069580 397.7
1069590 397.7
1069600 397.8
1069610 397.8
1069620 397.8
1069630 397.8
1069640 397.8
1069650 397.8
1069660 397.8
1069670 397.9
1069680 397.9
1069690 397.9
1069700 397.9
1069710 397.9
1069720 397.8
1069730 397.8
1069740 397.8
1069750 397.8
1069760 397.9
1069770 397.9
1069780 397.9
1069790 397.9
1069800 397.9
1069810 397.9
1069820 397.9
1069830 397.9
1069840 397.9
1069850 397.9
1069860 398.0
1069870 398.0
1069880 398.0
1069890 398.0
1069900 398.0
1069910 397.9
1069920 397.9
1069930 397.9
1069940 397.9
1069950 397.9
1069960 397.9
1069970 397.8
1069980 397.8
1069990 397.8
1070000 397.8
1070010 397.8
1070020 397.8
1070030 397.8
1070040 398.0
1070050 398.0
1070060 398.0
1070070 398.0
1070080 398.0
1070090 398.0
1070100 398.0
1070110 398.0
1070120 398.0
1070130 398.0
1070140 398.0
1070150 398.0
1070160 398.0
1070170 398.0
1070180 398.0
1070190 398.0
1070200 398.0
1070210 398.0
1070220 398.0
1070230 398.0
1070240 398.0
1070250 398.0
1070260 397.9
1070270 397.9
1070280 397.7
1070290 397.6
1070300 397.6
1070310 397.6
1070320 397.6
1070330 397.6
1070340 397.7
1070350 398.3
1070360 398.3
1070370 398.5
1070380 397.6
1070390 397.6
1070400 397.6
1070410 397.4
1070420 397.4
1070430 397.3
1070440 397.2
1070450 397.2
1070460 397.1
1070470 397.1
1070480 397.1
1070490 397.2
1070500 397.3
1070510 397.3
1070520 397.3
1070530 397.4
1070540 397.4
1070550 397.5
1070560 397.5
1070570 397.5
1070580 397.5
1070590 397.6
1070600 397.6
1070610 397.6
1070620 397.6
1070630 397.7
1070640 397.7
1070650 397.7
1070660 397.8
1070670 397.8
1070680 397.8
1070690 397.8
1070700 397.8
1070710 397.9
1070720 397.9
1070730 397.9
1070740 397.9
1070750 397.9
1070760 397.9
1070770 397.9
1070780 397.8
1070790 397.8
1070800 397.8
1070810 397.8
1070820 397.8
1070830 397.8
1070840 397.8
1070850 397.8
1070860 397.8
1070870 397.7
1070880 397.7
1070890 397.7
1070900 397.7
1070910 397.7
1070920 397.8
1070930 397.8
1070940 397.8
1070950 397.8
1070960 397.7
1070970 397.7
1070980 397.7
1070990 397.7
1071000 397.7
1071010 397.7
1071020 397.8
1071030 397.7
1071040 397.7
1071050 397.8
1071060 397.8
1071070 397.8
1071080 397.8
1071090 397.8
1071100 397.8
1071110 397.9
1071120 397.8
1071130 397.8
1071140 397.9
1071150 397.8
1071160 397.8
1071170 397.8
1071180 397.8
1071190 397.8
1071200 397.7
1071210 397.7
1071220 397.7
1071230 397.7
1071240 397.8
1071250 397.8
1071260 397.9
1071270 397.7
1071280 397.7
1071290 397.7
1071300 397.8
1071310 397.8
1071320 397.8
1071330 397.7
1071340 397.7
1071350 397.7
1071360 397.7
1071370 397.7
1071380 397.7
1071390 397.7
1071400 397.7
1071410 397.7
1071420 397.7
1071430 397.7
1071440 397.7
1071450 397.7
1071460 397.7
1071470 397.7
1071480 397.8
1071490 397.7
1071500 397.7
1071510 397.7
1071520 397.6
1071530 397.6
1071540 397.6
1071550 397.6
1071560 397.6
1071570 397.5
1071580 397.5
1071590 397.5
1071600 397.5
1071610 397.5
1071620 397.5
1071630 397.5
1071640 397.5
1071650 397.5
1071660 397.5
1071670 397.4
1071680 397.5
1071690 397.5
1071700 397.5
1071710 397.4
1071720 397.4
1071730 397.5
1071740 397.4
1071750 397.4
1071760 397.5
1071770 397.5
1071780 397.5
1071790 397.5
1071800 397.5
1071810 397.5
1071820 397.6
1071830 397.6
1071840 397.6
1071850 397.7
1071860 397.7
1071870 397.7
1071880 397.7
1071890 397.7
1071900 397.7
1071910 397.7
1071920 397.8
1071930 397.8
1071940 397.8
1071950 397.8
1071960 397.8
1071970 397.7
1071980 397.6
1071990 397.6
1072000 397.6
1072010 397.6
1072020 397.6
1072030 397.6
1072040 397.5
1072050 397.6
1072060 397.6
1072070 397.6
1072080 397.6
1072090 397.6
1072100 397.6
1072110 397.6
1072120 397.6
1072130 397.6
1072140 397.6
1072150 397.6
1072160 397.7
1072170 397.7
1072180 397.7
1072190 397.7
1072200 397.7
1072210 397.6
1072220 397.6
1072230 397.6
1072240 397.6
1072250 397.7
1072260 397.7
1072270 397.7
1072280 397.6
1072290 397.7
1072300 397.7
1072310 397.7
1072320 397.7
1072330 397.7
1072340 397.8
1072350 397.8
1072360 397.8
1072370 397.8
1072380 397.8
1072390 397.9
1072400 397.9
1072410 397.9
1072420 398.0
1072430 398.0
1072440 398.0
1072450 398.1
1072460 398.1
1072470 397.9
1072480 397.6
1072490 397.6
1072500 397.2
1072510 397.2
1072520 397.2
1072530 397.2
1072540 397.0
1072550 397.0
1072560 396.9
1072570 396.8
1072580 396.8
1072590 396.9
1072600 396.8
1072610 396.8
1072620 396.8
1072630 396.8
1072640 396.8
1072650 396.8
1072660 396.6
1072670 396.6
1072680 396.2
1072690 395.6
1072700 395.9
1072710 395.9
1072720 395.9
1072730 395.8
1072740 395.8
1072750 396.0
1072760 397.0
1072770 397.0
1072780 397.7
1072790 398.0
1072800 398.0
1072810 397.8
1072820 397.7
1072830 397.8
1072840 397.7
1072850 397.5
1072860 397.5
1072870 397.4
1072880 397.4
1072890 397.4
1072900 397.3
1072910 397.4
1072920 397.4
1072930 397.3
1072940 397.2
1072950 397.2
1072960 397.1
1072970 397.1
1072980 397.1
1072990 397.1
1073000 397.0
1073010 397.0
1073020 397.0
1073030 397.0
1073040 397.0
1073050 397.0
1073060 397.0
1073070 397.0
1073080 397.0
1073090 397.0
1073100 397.1
1073110 397.1
1073120 397.1
1073130 397.0
1073140 397.0
1073150 397.0
1073160 397.0
1073170 397.0
1073180 397.0
1073190 397.0
1073200 397.0
1073210 396.9
1073220 396.8
1073230 396.8
1073240 396.8
1073250 396.8
1073260 396.8
1073270 396.8
1073280 396.9
1073290 396.9
1073300 396.9
1073310 396.9
1073320 396.9
1073330 397.0
1073340 397.0
1073350 397.0
1073360 397.0
1073370 397.0
1073380 397.0
1073390 397.0
1073400 396.8
1073410 396.7
1073420 396.7
1073430 396.7
1073440 396.6
1073450 396.6
1073460 396.6
1073470 396.6
1073480 396.6
1073490 396.7
1073500 396.7
1073510 396.7
1073520 396.7
1073530 396.8
1073540 396.8
1073550 396.8
1073560 396.8
1073570 396.8
1073580 396.9
1073590 397.0
1073600 397.0
1073610 397.0
1073620 397.0
1073630 397.0
1073640 397.1
1073650 397.1
1073660 397.1
1073670 397.1
1073680 397.0
1073690 397.0
1073700 397.0
1073710 397.0
1073720 397.0
1073730 397.1
1073740 397.1
1073750 397.1
1073760 397.2
1073770 397.1
1073780 397.0
1073790 397.0
1073800 396.6
1073810 396.7
1073820 396.7
1073830 397.1
1073840 397.0
1073850 397.0
1073860 396.8
1073870 396.7
1073880 396.7
1073890 396.7
1073900 396.7
1073910 396.7
1073920 396.8
1073930 396.8
1073940 396.8
1073950 396.8
1073960 396.8
1073970 396.8
1073980 396.9
1073990 396.9
1074000 396.9
1074010 396.9
1074020 396.9
1074030 396.9
1074040 396.9
1074050 396.9
1074060 396.9
1074070 396.9
1074080 396.9
1074090 396.9
1074100 396.9
1074110 397.0
1074120 396.9
1074130 396.9
1074140 397.0
1074150 397.0
1074160 397.0
1074170 396.9
1074180 396.9
1074190 396.9
1074200 396.9
1074210 396.9
1074220 396.9
1074230 396.9
1074240 396.9
1074250 396.9
1074260 397.0
1074270 397.0
1074280 397.0
1074290 397.0
1074300 396.9
1074310 396.9
1074320 396.9
1074330 397.0
1074340 397.0
1074350 397.0
1074360 396.9
1074370 396.9
1074380 396.9
1074390 396.9
1074400 396.9
1074410 396.8
1074420 396.7
1074430 396.7
1074440 396.7
1074450 396.8
1074460 396.8
1074470 396.7
1074480 396.7
1074490 396.7
1074500 396.7
1074510 396.7
1074520 396.7
1074530 396.7
1074540 396.7
1074550 396.7
1074560 396.7
1074570 396.7
1074580 396.7
1074590 396.7
1074600 396.7
1074610 396.6
1074620 396.6
1074630 396.6
1074640 396.6
1074650 396.6
1074660 396.6
1074670 396.6
1074680 396.6
1074690 396.6
1074700 396.6
1074710 396.6
1074720 396.7
1074730 396.7
1074740 396.7
1074750 396.7
1074760 396.7
1074770 396.7
1074780 396.7
1074790 396.7
1074800 396.7
1074810 396.7
1074820 396.7
1074830 396.6
1074840 396.6
1074850 396.6
1074860 396.6
1074870 396.6
1074880 396.6
1074890 396.5
1074900 396.5
1074910 396.5
1074920 396.5
1074930 396.5
1074940 396.5
1074950 396.6
1074960 396.6
1074970 396.5
1074980 396.5
1074990 396.5
1075000 396.5
1075010 396.5
1075020 396.5
1075030 396.5
1075040 396.5
1075050 396.5
1075060 396.5
1075070 396.6
1075080 396.6
1075090 396.6
1075100 396.5
1075110 396.5
1075120 396.5
1075130 396.7
1075140 396.7
1075150 396.7
1075160 396.6
1075170 396.6
1075180 396.0
1075190 395.8
1075200 396.5
1075210 396.5
1075220 396.7
1075230 396.7
1075240 396.7
1075250 396.6
1075260 396.7
1075270 396.7
1075280 396.7
1075290 396.7
1075300 396.7
1075310 396.8
1075320 396.8
1075330 396.8
1075340 397.3
1075350 397.7
1075360 397.7
1075370 397.1
1075380 397.2
1075390 397.2
1075400 397.2
1075410 396.9
1075420 396.9
1075430 396.9
1075440 397.4
1075450 397.4
1075460 397.5
1075470 397.5
1075480 397.5
1075490 397.4
1075500 397.3
1075510 397.3
1075520 397.2
1075530 397.2
1075540 397.1
1075550 397.1
1075560 397.1
1075570 397.1
1075580 397.1
1075590 397.3
1075600 397.5
1075610 397.5
1075620 397.5
1075630 397.6
1075640 397.6
1075650 397.8
1075660 397.8
1075670 397.8
1075680 397.9
1075690 397.9
1075700 397.9
1075710 397.7
1075720 397.5
1075730 397.5
1075740 397.6
1075750 397.7
1075760 397.7
1075770 397.8
1075780 398.2
1075790 398.2
1075800 397.9
1075810 397.6
1075820 397.6
1075830 397.2
1075840 396.8
1075850 396.8
1075860 397.9
1075870 398.0
1075880 398.0
1075890 398.0
1075900 397.7
1075910 397.7
1075920 397.7
1075930 397.7
1075940 397.5
1075950 397.5
1075960 397.4
1075970 397.4
1075980 397.4
1075990 397.6
1076000 397.2
1076010 397.2
1076020 397.3
1076030 397.4
1076040 397.4
1076050 396.9
1076060 396.9
1076070 396.9
1076080 397.0
1076090 396.9
1076100 396.9
1076110 397.0
1076120 397.1
1076130 397.1
1076140 397.3
1076150 397.4
1076160 397.4
1076170 397.5
1076180 397.6
1076190 397.6
1076200 398.3
1076210 401.3
1076220 401.3
1076230 402.1
1076240 399.2
1076250 398.0
1076260 398.0
1076270 397.1
1076280 396.9
1076290 396.9
1076300 396.9
1076310 396.9
1076320 396.9
1076330 396.9
1076340 396.8
1076350 396.8
1076360 396.7
1076370 397.3
1076380 397.3
1076390 399.9
1076400 397.2
1076410 397.2
1076420 396.2
1076430 396.2
1076440 396.2
1076450 396.3
1076460 396.3
1076470 396.3
1076480 396.2
1076490 396.4
1076500 396.4
1076510 401.0
1076520 400.2
1076530 400.2
1076540 398.5
1076550 398.4
1076560 398.4
1076570 398.4
1076580 398.6
1076590 398.6
1076600 399.7
1076610 402.7
1076620 401.3
1076630 401.3
1076640 398.0
1076650 397.4
1076660 397.4
1076670 396.9
1076680 396.6
1076690 396.6
1076700 396.6
1076710 396.5
1076720 396.5
1076730 396.5
1076740 396.5
1076750 396.5
1076760 396.7
1076770 396.8
1076780 396.8
1076790 396.8
1076800 396.7
1076810 396.7
1076820 396.7
1076830 396.8
1076840 396.8
1076850 396.6
1076860 395.4
1076870 395.4
1076880 396.6
1076890 396.4
1076900 396.4
1076910 396.6
1076920 397.7
1076930 397.7
1076940 399.0
1076950 396.9
1076960 395.8
1076970 395.8
1076980 394.9
1076990 396.6
1077000 396.6
1077010 397.8
1077020 399.4
1077030 399.4
1077040 397.7
1077050 397.7
1077060 397.7
1077070 397.7
1077080 397.6
1077090 397.6
1077100 396.2
1077110 396.5
1077120 396.5
1077130 397.3
1077140 397.5
1077150 397.5
1077160 397.6
1077170 397.7
1077180 397.7
1077190 397.7
1077200 397.6
1077210 397.6
1077220 397.4
1077230 396.8
1077240 396.8
1077250 396.7
1077260 397.7
1077270 397.7
1077280 397.6
1077290 397.5
1077300 397.6
1077310 397.6
1077320 397.6
1077330 397.5
1077340 397.5
1077350 397.6
1077360 397.5
1077370 397.5
1077380 397.6
1077390 397.6
1077400 397.6
1077410 397.6
1077420 397.6
1077430 397.6
1077440 397.6
1077450 397.8
1077460 397.8
1077470 397.6
1077480 397.5
1077490 397.5
1077500 397.6
1077510 397.7
1077520 397.7
1077530 397.6
1077540 397.6
1077550 397.6
1077560 397.9
1077570 398.1
1077580 398.1
1077590 398.2
1077600 398.2
1077610 398.2
1077620 397.9
1077630 397.5
1077640 397.5
1077650 398.0
1077660 397.7
1077670 397.6
1077680 397.6
1077690 397.8
1077700 397.9
1077710 397.9
1077720 397.9
1077730 398.0
1077740 398.0
1077750 398.2
1077760 398.1
1077770 398.1
1077780 398.2
1077790 398.3
1077800 398.3
1077810 398.7
1077820 398.9
1077830 398.9
1077840 398.7
1077850 398.3
1077860 398.3
1077870 398.1
1077880 398.1
1077890 398.1
1077900 398.1
1077910 398.2
1077920 398.2
1077930 398.1
1077940 398.0
1077950 398.0
1077960 397.8
1077970 397.7
1077980 397.7
1077990 397.6
1078000 397.8
1078010 397.9
1078020 397.9
1078030 397.9
1078040 398.0
1078050 398.0
1078060 397.9
1078070 397.9
1078080 397.9
1078090 398.0
1078100 398.0
1078110 398.0
1078120 398.2
1078130 398.5
1078140 398.5
1078150 398.4
1078160 398.9
1078170 398.9
1078180 398.4
1078190 398.2
1078200 398.2
1078210 398.3
1078220 398.3
1078230 398.3
1078240 398.3
1078250 398.3
1078260 398.3
1078270 398.2
1078280 398.2
1078290 398.2
1078300 398.1
1078310 398.0
1078320 398.0
1078330 398.0
1078340 398.0
1078350 398.0
1078360 398.0
1078370 397.9
1078380 397.9
1078390 397.9
1078400 398.0
1078410 398.0
1078420 398.0
1078430 397.9
1078440 397.9
1078450 397.9
1078460 398.0
1078470 398.1
1078480 398.1
1078490 398.1
1078500 398.2
1078510 398.2
1078520 398.4
1078530 398.4
1078540 398.4
1078550 398.5
1078560 398.6
1078570 398.6
1078580 398.8
1078590 398.9
1078600 398.9
1078610 398.9
1078620 398.9
1078630 398.9
1078640 398.9
1078650 398.9
1078660 398.9
1078670 398.9
1078680 398.8
1078690 398.8
1078700 398.9
1078710 398.1
1078720 398.1
1078730 398.1
1078740 398.4
1078750 398.5
1078760 398.5
1078770 398.4
1078780 398.5
1078790 398.5
1078800 398.6
1078810 398.6
1078820 398.6
1078830 398.7
1078840 398.7
1078850 398.7
1078860 398.7
1078870 398.8
1078880 398.8
1078890 399.2
1078900 399.8
1078910 399.8
1078920 399.7
1078930 399.8
1078940 399.8
1078950 399.5
1078960 399.1
1078970 399.1
1078980 399.1
1078990 399.2
1079000 399.2
1079010 399.1
1079020 399.2
1079030 399.2
1079040 399.2
1079050 399.4
1079060 399.4
1079070 399.6
1079080 399.7
1079090 399.5
1079100 399.5
1079110 399.4
1079120 399.5
1079130 399.5
1079140 399.1
1079150 398.6
1079160 398.6
1079170 398.7
1079180 398.9
1079190 398.9
1079200 399.4
1079210 399.4
1079220 399.4
1079230 399.3
1079240 399.3
1079250 399.3
1079260 399.3
1079270 399.0
1079280 399.0
1079290 398.6
1079300 399.0
1079310 399.0
1079320 399.4
1079330 399.3
1079340 399.3
1079350 399.3
1079360 399.4
1079370 399.4
1079380 399.5
1079390 399.6
1079400 399.7
1079410 399.7
1079420 399.8
1079430 399.7
1079440 399.7
1079450 399.7
1079460 399.8
1079470 399.8
1079480 399.7
1079490 399.6
1079500 399.6
1079510 399.7
1079520 399.8
1079530 399.8
1079540 399.7
1079550 399.7
1079560 399.7
1079570 399.8
1079580 400.0
1079590 400.0
1079600 400.0
1079610 400.0
1079620 400.0
1079630 400.1
1079640 400.1
1079650 400.1
1079660 400.2
1079670 400.3
1079680 400.3
1079690 400.3
1079700 400.4
1079710 400.3
1079720 400.5
1079730 400.6
1079740 400.6
1079750 400.7
1079760 400.7
1079770 400.7
1079780 400.8
1079790 400.9
1079800 400.9
1079810 400.9
1079820 400.8
1079830 400.9
1079840 400.9
1079850 401.1
1079860 401.1
1079870 401.1
1079880 401.1
1079890 401.1
1079900 401.1
1079910 401.1
1079920 401.2
1079930 401.2
1079940 401.3
1079950 401.3
1079960 401.3
1079970 401.3
1079980 401.4
1079990 401.4
