1065810 397.7
1065820 397.7
1065830 397.6
1065840 397.6
1065850 397.6
1065860 397.5
1065870 397.6
1065880 397.6
1065890 397.6
1065900 397.5
1065910 397.5
1065920 397.4
1065930 397.4
1065940 397.4
1065950 397.4
1065960 397.5
1065970 397.5
1065980 397.0
1065990 397.2
1066000 397.2
1066010 397.3
1066020 397.4
1066030 397.6
1066040 397.6
1066050 397.7
1066060 397.8
1066070 397.8
1066080 397.8
1066090 397.8
1066100 397.8
1066110 397.9
1066120 398.0
1066130 398.0
1066140 397.9
1066150 398.0
1066160 398.0
1066170 398.1
1066180 398.4
1066190 398.4
1066200 398.6
1066210 397.5
1066220 397.5
1066230 396.2
1066240 395.8
1066250 395.8
1066260 395.3
1066270 395.1
1066280 395.1
1066290 395.1
1066300 395.1
1066310 395.1
1066320 395.3
1066330 395.8
1066340 395.8
1066350 396.2
1066360 396.5
1066370 396.5
1066380 396.5
1066390 396.6
1066400 396.8
1066410 396.8
1066420 397.2
1066430 396.8
1066440 396.8
1066450 395.4
1066460 395.1
1066470 395.1
1066480 395.2
1066490 395.1
1066500 395.1
1066510 395.2
1066520 395.8
1066530 395.8
1066540 396.5
1066550 397.7
1066560 397.7
1066570 397.4
1066580 395.9
1066590 396.7
1066600 396.2
1066610 398.0
1066620 398.0
1066630 399.1
1066640 398.8
1066650 398.8
1066660 398.3
1066670 398.2
1066680 398.2
1066690 398.1
1066700 398.0
1066710 398.0
1066720 398.0
1066730 397.9
1066740 398.0
1066750 398.0
1066760 397.6
1066770 397.4
1066780 397.4
1066790 397.5
1066800 397.5
1066810 397.5
1066820 397.5
1066830 397.2
1066840 397.2
1066850 397.2
1066860 397.2
1066870 397.2
1066880 397.1
1066890 397.1
1066900 397.1
1066910 397.1
1066920 397.1
1066930 397.1
1066940 397.1
1066950 397.0
1066960 397.0
1066970 397.0
1066980 396.9
1066990 396.9
1067000 397.0
1067010 397.0
1067020 397.0
1067030 397.0
1067040 397.0
1067050 397.0
1067060 397.0
1067070 397.0
1067080 397.0
1067090 396.9
1067100 396.0
1067110 396.5
1067120 396.5
1067130 396.8
1067140 396.8
1067150 396.8
1067160 396.7
1067170 396.5
1067180 396.5
1067190 396.5
1067200 396.5
1067210 396.4
1067220 396.5
1067230 396.4
1067240 396.4
1067250 396.4
1067260 396.5
1067270 396.5
1067280 396.4
1067290 396.4
1067300 396.4
1067310 396.5
1067320 396.5
1067330 396.5
1067340 396.6
1067350 396.6
1067360 396.6
1067370 396.6
1067380 396.5
1067390 396.5
1067400 396.6
1067410 396.6
1067420 396.6
1067430 396.6
1067440 396.6
1067450 396.6
1067460 396.6
1067470 396.7
1067480 396.7
1067490 396.7
1067500 396.7
1067510 396.7
1067520 396.7
1067530 396.7
1067540 396.7
1067550 396.7
1067560 396.7
1067570 396.7
1067580 396.7
1067590 396.7
1067600 396.7
1067610 396.7
1067620 396.8
1067630 396.8
1067640 396.8
1067650 396.8
1067660 396.8
1067670 396.8
1067680 396.9
1067690 396.7
1067700 396.7
1067710 396.7
1067720 396.7
1067730 396.7
1067740 396.7
1067750 396.7
1067760 396.7
1067770 396.8
1067780 396.8
1067790 396.8
1067800 396.8
1067810 396.9
1067820 396.9
1067830 396.9
1067840 396.8
1067850 396.8
1067860 396.8
1067870 396.8
1067880 396.8
1067890 396.8
1067900 396.8
1067910 396.7
1067920 396.7
1067930 396.7
1067940 396.6
1067950 396.6
1067960 396.6
1067970 396.8
1067980 396.8
1067990 396.7
1068000 396.6
1068010 396.6
1068020 396.6
1068030 396.7
1068040 396.7
1068050 396.6
1068060 396.6
1068070 396.6
1068080 396.7
1068090 396.6
1068100 396.6
1068110 396.6
1068120 396.6
1068130 396.6
1068140 396.6
1068150 396.6
1068160 396.6
1068170 396.6
1068180 396.6
1068190 396.6
1068200 396.6
1068210 396.6
1068220 396.6
1068230 396.6
1068240 396.7
1068250 396.7
1068260 396.7
1068270 396.7
1068280 396.7
1068290 396.7
1068300 396.8
1068310 396.8
1068320 396.8
1068330 396.8
1068340 396.8
1068350 396.8
1068360 396.8
1068370 396.8
1068380 396.8
1068390 396.8
1068400 396.9
1068410 396.9
1068420 396.9
1068430 396.9
1068440 396.9
1068450 396.9
1068460 396.9
1068470 396.9
1068480 396.9
1068490 396.9
1068500 396.9
1068510 396.9
1068520 396.8
1068530 396.8
1068540 396.8
1068550 396.9
1068560 396.8
1068570 396.8
1068580 396.8
1068590 396.8
1068600 396.8
1068610 396.8
1068620 396.8
1068630 396.8
1068640 396.9
1068650 396.9
1068660 396.9
1068670 396.9
1068680 397.1
1068690 397.1
1068700 397.1
1068710 397.2
1068720 397.2
1068730 397.3
1068740 397.3
1068750 397.3
1068760 397.4
1068770 397.4
1068780 397.4
1068790 397.3
1068800 397.3
1068810 397.3
1068820 397.2
1068830 397.2
1068840 397.2
1068850 397.1
1068860 397.0
1068870 397.0
1068880 397.0
1068890 397.0
1068900 397.1
1068910 397.1
1068920 397.1
1068930 397.0
1068940 397.0
1068950 397.0
1068960 397.1
1068970 397.1
1068980 397.1
1068990 397.0
1069000 397.0
1069010 396.9
1069020 396.8
1069030 396.8
1069040 396.9
1069050 396.9
1069060 396.9
1069070 396.8
1069080 396.8
1069090 396.8
1069100 396.9
1069110 396.9
1069120 396.9
1069130 396.9
1069140 396.9
1069150 396.9
1069160 396.8
1069170 396.8
1069180 396.8
1069190 396.8
1069200 396.8
1069210 396.8
1069220 396.8
1069230 396.8
1069240 396.8
1069250 396.8
1069260 397.0
1069270 397.2
1069280 397.2
1069290 396.9
1069300 396.8
1069310 396.8
1069320 396.8
1069330 396.8
1069340 396.8
1069350 396.8
1069360 396.9
1069370 396.9
1069380 397.0
1069390 397.1
1069400 397.1
1069410 396.9
1069420 396.8
1069430 396.8
1069440 396.9
1069450 397.0
1069460 397.0
1069470 396.9
1069480 396.9
1069490 396.9
1069500 396.8
1069510 396.8
1069520 396.8
1069530 396.9
1069540 396.9
1069550 396.9
1069560 396.9
1069570 396.9
1069580 396.9
1069590 396.9
1069600 396.9
1069610 396.9
1069620 396.9
1069630 396.9
1069640 396.9
1069650 396.9
1069660 396.9
1069670 396.9
1069680 396.9
1069690 397.0
1069700 397.0
1069710 397.0
1069720 397.1
1069730 397.1
1069740 397.1
1069750 397.1
1069760 397.2
1069770 397.2
1069780 397.3
1069790 397.3
1069800 397.3
1069810 397.4
1069820 397.4
1069830 397.4
1069840 397.4
1069850 397.5
1069860 397.5
1069870 397.5
1069880 397.6
1069890 397.6
1069900 397.7
1069910 397.7
1069920 397.7
1069930 397.6
1069940 397.5
1069950 397.5
1069960 397.3
1069970 397.1
1069980 397.3
1069990 397.3
1070000 397.4
1070010 397.2
1070020 397.2
1070030 397.1
1070040 397.1
1070050 397.1
1070060 397.3
1070070 397.3
1070080 397.3
1070090 397.4
1070100 397.4
1070110 397.4
1070120 397.5
1070130 397.6
1070140 397.6
1070150 397.7
1070160 397.8
1070170 397.8
1070180 397.8
1070190 397.8
1070200 397.8
1070210 398.0
1070220 397.9
1070230 397.9
1070240 397.6
1070250 396.8
1070260 396.8
1070270 395.5
1070280 395.0
1070290 395.0
1070300 394.6
1070310 395.2
1070320 395.9
1070330 395.9
1070340 396.2
1070350 396.2
1070360 396.2
1070370 396.3
1070380 396.3
1070390 396.3
1070400 396.3
1070410 396.3
1070420 396.3
1070430 396.3
1070440 396.3
1070450 396.3
1070460 396.3
1070470 396.3
1070480 396.3
1070490 396.2
1070500 396.2
1070510 396.2
1070520 396.2
1070530 396.2
1070540 396.2
1070550 396.2
1070560 396.2
1070570 396.2
1070580 396.2
1070590 396.2
1070600 396.2
1070610 396.2
1070620 396.2
1070630 396.2
1070640 396.2
1070650 396.3
1070660 396.3
1070670 396.4
1070680 396.3
1070690 396.2
1070700 396.2
1070710 396.4
1070720 396.3
1070730 396.3
1070740 396.3
1070750 396.2
1070760 396.2
1070770 396.2
1070780 396.3
1070790 396.3
1070800 396.5
1070810 397.2
1070820 397.2
1070830 397.8
1070840 397.7
1070850 397.7
1070860 397.4
1070870 396.7
1070880 396.7
1070890 396.1
1070900 397.3
1070910 397.3
1070920 397.3
1070930 397.3
1070940 397.3
1070950 397.2
1070960 397.2
1070970 397.2
1070980 397.0
1070990 396.9
1071000 396.9
1071010 396.9
1071020 396.8
1071030 396.7
1071040 396.7
1071050 396.7
1071060 396.6
1071070 396.6
1071080 396.6
1071090 396.6
1071100 396.6
1071110 396.6
1071120 396.6
1071130 396.6
1071140 396.6
1071150 396.5
1071160 396.5
1071170 396.5
1071180 396.8
1071190 396.8
1071200 397.2
1071210 397.3
1071220 397.3
1071230 397.5
1071240 397.9
1071250 397.9
1071260 397.7
1071270 398.0
1071280 398.0
1071290 397.9
1071300 397.2
1071310 397.2
1071320 398.6
1071330 397.3
1071340 397.3
1071350 397.9
1071360 398.7
1071370 398.7
1071380 397.2
1071390 396.7
1071400 396.7
1071410 396.7
1071420 396.8
1071430 396.8
1071440 396.8
1071450 396.8
1071460 396.8
1071470 396.8
1071480 396.8
1071490 396.9
1071500 396.9
1071510 396.9
1071520 396.8
1071530 396.8
1071540 396.8
1071550 396.9
1071560 396.9
1071570 397.1
1071580 397.2
1071590 397.2
1071600 397.1
1071610 397.0
1071620 397.0
1071630 396.7
1071640 396.7
1071650 396.7
1071660 396.7
1071670 396.6
1071680 396.6
1071690 396.6
1071700 396.5
1071710 396.5
1071720 396.5
1071730 396.5
1071740 396.5
1071750 396.5
1071760 396.5
1071770 396.5
1071780 396.5
1071790 396.5
1071800 396.5
1071810 396.5
1071820 396.5
1071830 396.4
1071840 396.4
1071850 396.4
1071860 396.4
1071870 396.4
1071880 396.4
1071890 396.3
1071900 396.3
1071910 396.4
1071920 396.4
1071930 396.4
1071940 396.4
1071950 396.5
1071960 396.5
1071970 396.5
1071980 396.4
1071990 396.4
1072000 396.4
1072010 396.5
1072020 396.5
1072030 396.5
1072040 396.5
1072050 396.5
1072060 396.5
1072070 396.5
1072080 396.5
1072090 396.5
1072100 396.5
1072110 396.5
1072120 396.5
1072130 396.6
1072140 396.6
1072150 396.6
1072160 396.7
1072170 396.7
1072180 396.7
1072190 396.7
1072200 396.6
1072210 396.6
1072220 396.6
1072230 396.6
1072240 396.6
1072250 396.6
1072260 396.6
1072270 396.6
1072280 396.7
1072290 396.7
1072300 396.7
1072310 396.7
1072320 396.8
1072330 396.8
1072340 396.9
1072350 396.9
1072360 396.9
1072370 396.9
1072380 396.8
1072390 396.8
1072400 396.8
1072410 396.8
1072420 396.8
1072430 396.7
1072440 396.7
1072450 396.6
1072460 396.6
1072470 396.7
1072480 396.7
1072490 396.7
1072500 396.7
1072510 396.7
1072520 396.7
1072530 396.7
1072540 396.6
1072550 396.6
1072560 396.7
1072570 396.6
1072580 396.6
1072590 396.6
1072600 396.6
1072610 396.6
1072620 396.5
1072630 396.6
1072640 396.6
1072650 396.5
1072660 396.6
1072670 396.6
1072680 396.7
1072690 396.6
1072700 396.6
1072710 396.7
1072720 396.7
1072730 396.7
1072740 396.7
1072750 396.8
1072760 396.8
1072770 396.8
1072780 396.8
1072790 396.8
1072800 396.8
1072810 396.8
1072820 396.8
1072830 396.8
1072840 396.8
1072850 396.9
1072860 396.9
1072870 396.9
1072880 396.9
1072890 396.9
1072900 396.9
1072910 396.9
1072920 396.9
1072930 396.9
1072940 397.0
1072950 397.0
1072960 397.0
1072970 397.0
1072980 397.0
1072990 397.0
1073000 397.0
1073010 397.0
1073020 397.2
1073030 397.1
1073040 397.1
1073050 397.2
1073060 397.3
1073070 397.2
1073080 397.2
1073090 397.2
1073100 397.2
1073110 397.2
1073120 397.2
1073130 397.2
1073140 397.2
1073150 397.2
1073160 397.2
1073170 397.2
1073180 397.2
1073190 397.2
1073200 397.2
1073210 397.2
1073220 397.1
1073230 397.1
1073240 397.1
1073250 397.1
1073260 397.1
1073270 397.1
1073280 397.1
1073290 397.1
1073300 397.1
1073310 396.9
1073320 396.9
1073330 397.0
1073340 397.0
1073350 397.0
1073360 397.0
1073370 397.0
1073380 396.9
1073390 396.9
1073400 396.9
1073410 396.9
1073420 396.9
1073430 397.0
1073440 397.0
1073450 396.9
1073460 396.9
1073470 396.9
1073480 396.8
1073490 396.8
1073500 396.8
1073510 396.7
1073520 396.6
1073530 396.7
1073540 396.7
1073550 396.7
1073560 396.7
1073570 396.7
1073580 396.7
1073590 396.7
1073600 396.7
1073610 396.7
1073620 396.7
1073630 396.7
1073640 396.7
1073650 396.7
1073660 396.7
1073670 396.7
1073680 396.7
1073690 396.6
1073700 396.6
1073710 396.5
1073720 396.5
1073730 396.6
1073740 396.7
1073750 396.7
1073760 396.5
1073770 396.4
1073780 396.4
1073790 396.4
1073800 396.4
1073810 396.4
1073820 396.4
1073830 396.4
1073840 396.4
1073850 396.4
1073860 396.4
1073870 396.4
1073880 396.4
1073890 396.3
1073900 396.2
1073910 396.2
1073920 396.1
1073930 396.0
1073940 396.0
1073950 396.0
1073960 396.2
1073970 396.2
1073980 396.4
1073990 396.3
1074000 396.1
1074010 396.2
1074020 396.3
1074030 396.3
1074040 396.3
1074050 396.3
1074060 396.3
1074070 396.4
1074080 396.5
1074090 396.5
1074100 396.5
1074110 396.6
1074120 396.6
1074130 396.6
1074140 396.6
1074150 396.6
1074160 396.6
1074170 396.6
1074180 396.6
1074190 396.5
1074200 396.6
1074210 396.6
1074220 396.6
1074230 396.4
1074240 396.4
1074250 396.4
1074260 396.3
1074270 396.3
1074280 396.3
1074290 396.2
1074300 396.1
1074310 396.1
1074320 396.1
1074330 396.0
1074340 396.0
1074350 396.0
1074360 396.0
1074370 396.0
1074380 396.0
1074390 396.0
1074400 396.0
1074410 396.0
1074420 396.0
1074430 396.0
1074440 396.0
1074450 396.0
1074460 396.0
1074470 395.9
1074480 395.9
1074490 395.9
1074500 396.0
1074510 396.1
1074520 396.1
1074530 396.1
1074540 396.1
1074550 396.1
1074560 396.0
1074570 396.0
1074580 396.0
1074590 396.0
1074600 396.0
1074610 396.0
1074620 396.1
1074630 396.1
1074640 396.1
1074650 396.1
1074660 396.1
1074670 396.1
1074680 396.1
1074690 396.1
1074700 396.1
1074710 396.1
1074720 396.1
1074730 395.9
1074740 395.9
1074750 395.6
1074760 396.1
1074770 396.1
1074780 396.2
1074790 396.5
1074800 396.5
1074810 396.6
1074820 396.6
1074830 396.6
1074840 396.6
1074850 396.5
1074860 396.5
1074870 396.6
1074880 397.4
1074890 397.4
1074900 397.2
1074910 397.1
1074920 397.1
1074930 397.0
1074940 396.9
1074950 396.8
1074960 396.8
1074970 396.7
1074980 396.6
1074990 396.6
1075000 396.7
1075010 396.9
1075020 396.9
1075030 397.2
1075040 397.1
1075050 397.1
1075060 396.9
1075070 396.8
1075080 396.8
1075090 396.9
1075100 396.4
1075110 396.4
1075120 396.2
1075130 396.2
1075140 396.2
1075150 396.2
1075160 396.2
1075170 396.2
1075180 396.2
1075190 396.2
1075200 396.2
1075210 396.3
1075220 396.3
1075230 396.3
1075240 396.3
1075250 396.4
1075260 396.4
1075270 396.3
1075280 396.3
1075290 396.3
1075300 396.5
1075310 396.5
1075320 396.3
1075330 396.3
1075340 396.6
1075350 396.7
1075360 396.7
1075370 396.7
1075380 396.7
1075390 396.7
1075400 396.6
1075410 396.5
1075420 396.5
1075430 396.2
1075440 396.3
1075450 396.3
1075460 396.3
1075470 396.4
1075480 396.4
1075490 396.4
1075500 396.3
1075510 396.3
1075520 396.3
1075530 396.1
1075540 396.1
1075550 396.1
1075560 396.5
1075570 396.5
1075580 396.6
1075590 396.5
1075600 396.5
1075610 396.4
1075620 396.2
1075630 396.2
1075640 395.9
1075650 395.9
1075660 396.0
1075670 396.0
1075680 396.0
1075690 396.0
1075700 396.0
1075710 396.0
1075720 395.8
1075730 395.8
1075740 395.4
1075750 395.9
1075760 395.9
1075770 396.0
1075780 396.4
1075790 396.4
1075800 396.4
1075810 395.7
1075820 395.7
1075830 395.6
1075840 395.7
1075850 395.7
1075860 395.7
1075870 395.8
1075880 395.8
1075890 395.8
1075900 395.8
1075910 395.8
1075920 395.8
1075930 395.8
1075940 395.8
1075950 395.8
1075960 395.8
1075970 395.8
1075980 395.9
1075990 396.1
1076000 396.1
1076010 396.3
1076020 396.4
1076030 396.5
1076040 396.5
1076050 396.2
1076060 396.2
1076070 396.2
1076080 396.4
1076090 396.4
1076100 396.4
1076110 396.3
1076120 396.3
1076130 396.3
1076140 396.2
1076150 396.2
1076160 396.2
1076170 396.6
1076180 397.7
1076190 397.7
1076200 397.7
1076210 397.4
1076220 397.4
1076230 399.3
1076240 402.2
1076250 402.2
1076260 399.3
1076270 397.9
1076280 397.9
1076290 397.3
1076300 396.9
1076310 396.9
1076320 396.7
1076330 396.7
1076340 396.7
1076350 396.7
1076360 396.7
1076370 396.7
1076380 396.7
1076390 396.7
1076400 398.5
1076410 398.5
1076420 398.3
1076430 396.0
1076440 396.0
1076450 395.7
1076460 395.7
1076470 395.7
1076480 395.8
1076490 395.7
1076500 395.9
1076510 395.9
1076520 399.4
1076530 399.4
1076540 400.2
1076550 397.4
1076560 397.4
1076570 396.9
1076580 397.0
1076590 397.0
1076600 397.3
1076610 398.5
1076620 398.5
1076630 401.4
1076640 402.2
1076650 402.2
1076660 398.4
1076670 397.3
1076680 397.3
1076690 396.6
1076700 396.5
1076710 396.5
1076720 396.5
1076730 396.5
1076740 396.5
1076750 396.5
1076760 396.4
1076770 396.6
1076780 396.6
1076790 396.7
1076800 396.6
1076810 396.7
1076820 396.7
1076830 396.6
1076840 396.6
1076850 396.7
1076860 396.7
1076870 396.7
1076880 395.8
1076890 396.2
1076900 396.2
1076910 396.6
1076920 396.6
1076930 396.6
1076940 396.8
1076950 398.8
1076960 398.8
1076970 397.8
1076980 396.4
1076990 396.4
1077000 395.1
1077010 395.7
1077020 395.7
1077030 396.7
1077040 398.7
1077050 398.7
1077060 398.2
1077070 397.7
1077080 397.7
1077090 397.7
1077100 397.7
1077110 397.7
1077120 397.7
1077130 397.7
1077140 397.7
1077150 397.7
1077160 397.7
1077170 397.7
1077180 397.7
1077190 397.7
1077200 397.9
1077210 397.9
1077220 397.6
1077230 397.5
1077240 397.5
1077250 395.9
1077260 397.2
1077270 397.2
1077280 397.7
1077290 398.4
1077300 398.4
1077310 398.4
1077320 398.4
1077330 398.4
1077340 398.3
1077350 398.2
1077360 398.2
1077370 398.0
1077380 398.1
1077390 398.1
1077400 398.4
1077410 398.3
1077420 398.3
1077430 398.3
1077440 398.2
1077450 398.2
1077460 398.2
1077470 398.2
1077480 398.2
1077490 398.2
1077500 398.2
1077510 398.3
1077520 398.3
1077530 398.3
1077540 398.5
1077550 398.5
1077560 398.3
1077570 398.3
1077580 398.3
1077590 398.4
1077600 398.5
1077610 398.5
1077620 398.6
1077630 398.4
1077640 398.4
1077650 398.1
1077660 398.0
1077670 398.0
1077680 398.1
1077690 398.2
1077700 398.2
1077710 398.3
1077720 398.3
1077730 398.3
1077740 398.3
1077750 398.8
1077760 398.8
1077770 398.6
1077780 398.8
1077790 398.9
1077800 398.9
1077810 398.5
1077820 398.1
1077830 398.1
1077840 398.6
1077850 398.6
1077860 398.6
1077870 398.6
1077880 398.4
1077890 398.4
1077900 398.3
1077910 398.2
1077920 398.2
1077930 398.2
1077940 398.1
1077950 398.1
1077960 398.1
1077970 398.0
1077980 398.0
1077990 398.0
1078000 397.9
1078010 397.9
1078020 397.8
1078030 397.8
1078040 397.8
1078050 397.9
1078060 398.1
1078070 398.2
1078080 398.2
1078090 398.1
1078100 398.1
1078110 398.2
1078120 398.1
1078130 398.1
1078140 398.0
1078150 397.8
1078160 398.1
1078170 398.1
1078180 398.0
1078190 397.9
1078200 397.9
1078210 398.1
1078220 398.1
1078230 398.1
1078240 398.0
1078250 398.1
1078260 398.1
1078270 397.9
1078280 397.8
1078290 397.8
1078300 397.9
1078310 398.3
1078320 398.3
1078330 398.0
1078340 398.0
1078350 398.0
1078360 398.1
1078370 398.3
1078380 398.4
1078390 398.6
1078400 398.7
1078410 398.7
1078420 398.6
1078430 398.9
1078440 398.9
1078450 399.1
1078460 399.2
1078470 399.2
1078480 399.1
1078490 398.9
1078500 398.9
1078510 398.7
1078520 398.3
1078530 398.3
1078540 398.3
1078550 398.7
1078560 399.0
1078570 399.0
1078580 399.0
1078590 398.9
1078600 398.9
1078610 398.8
1078620 398.7
1078630 398.7
1078640 398.3
1078650 397.9
1078660 397.9
1078670 397.9
1078680 398.2
1078690 398.2
1078700 398.3
1078710 398.5
1078720 398.5
1078730 398.5
1078740 398.7
1078750 398.7
1078760 399.0
1078770 398.8
1078780 398.8
1078790 398.3
1078800 398.3
1078810 398.3
1078820 398.7
1078830 399.4
1078840 399.4
1078850 399.8
1078860 399.2
1078870 398.6
1078880 398.6
1078890 399.1
1078900 399.5
1078910 399.5
1078920 398.8
1078930 398.8
1078940 398.8
1078950 398.7
1078960 398.8
1078970 398.8
1078980 398.9
1078990 399.3
1079000 399.3
1079010 399.6
1079020 399.5
1079030 399.5
1079040 399.5
1079050 399.6
1079060 399.6
1079070 400.2
1079080 400.1
1079090 400.1
1079100 399.8
1079110 399.4
1079120 399.4
1079130 399.5
1079140 399.5
1079150 399.5
1079160 399.6
1079170 399.7
1079180 399.7
1079190 399.7
1079200 399.8
1079210 399.8
1079220 400.1
1079230 400.1
1079240 400.3
1079250 400.3
1079260 400.3
1079270 400.2
1079280 400.2
1079290 400.3
1079300 400.7
1079310 400.7
1079320 400.7
1079330 400.3
1079340 400.3
1079350 400.4
1079360 400.8
1079370 400.8
1079380 400.8
1079390 400.6
1079400 400.6
1079410 400.4
1079420 400.4
1079430 400.4
1079440 400.4
1079450 400.5
1079460 400.5
1079470 400.5
1079480 400.6
1079490 400.6
1079500 400.7
1079510 400.7
1079520 400.7
1079530 400.8
1079540 401.1
1079550 401.1
1079560 401.1
1079570 400.9
1079580 401.1
1079590 401.1
1079600 401.2
1079610 401.2
1079620 401.2
1079630 401.2
1079640 401.5
1079650 401.5
1079660 401.7
1079670 401.4
1079680 401.4
1079690 401.1
1079700 401.2
1079710 401.2
1079720 401.0
1079730 400.9
1079740 400.9
1079750 401.2
1079760 401.5
1079770 401.5
1079780 401.5
1079790 401.3
1079800 401.3
1079810 401.1
1079820 401.1
1079830 401.1
1079840 400.9
1079850 400.9
1079860 400.9
1079870 401.0
1079880 401.0
1079890 401.0
1079900 401.4
1079910 401.4
1079920 401.4
1079930 401.4
1079940 401.4
1079950 401.5
1079960 401.6
1079970 401.7
1079980 401.8
1079990 401.8
